-.-.-
7.7144,-1.3556,-3.6045,-0.5838,0.0991,-0.0149
7.7287,-0.8574,-2.9770,-0.4261,0.0458,-0.0533
7.8724,-0.9101,-3.0728,-0.3260,-0.0085,-0.0660
8.5143,-0.7832,-3.0513,-0.2610,0.0650,-0.0586
9.3957,-0.5676,-2.6010,-0.0895,0.1630,-0.0842
10.2100,-0.8023,-2.5435,0.0937,0.1694,-0.1236
10.1357,-0.7592,-2.6968,0.0895,0.0479,-0.0916
10.2722,-1.1472,-2.0238,0.0426,-0.1875,-0.1108
9.3813,-1.3029,-2.1507,0.0533,-0.3292,-0.1395
8.4927,-1.1999,-2.6776,0.0618,-0.2535,-0.1704
8.2221,-0.9293,-2.7136,0.1172,-0.1033,-0.1715
8.5646,-0.9700,-2.4693,0.1491,-0.0629,-0.1427
8.6843,-1.0706,-2.5220,0.1566,-0.0458,-0.1385
8.8664,-1.2885,-2.6489,0.1449,-0.0032,-0.1427
9.0292,-1.2598,-2.5794,0.1832,0.0469,-0.1438
9.2328,-1.2334,-2.5938,0.1992,0.0692,-0.1449
9.2759,-1.0610,-2.6130,0.2109,0.0788,-0.1332
9.3406,-0.9820,-2.4285,0.2386,0.0778,-0.1364
9.4747,-1.0059,-2.1986,0.2823,0.0192,-0.1321
9.3765,-0.9460,-2.1411,0.3164,-0.0117,-0.1364
9.2711,-0.9341,-2.0813,0.3633,-0.0320,-0.1353
9.0484,-0.8909,-2.1962,0.3952,0.0213,-0.1427
9.1298,-0.9676,-2.0501,0.4272,0.0469,-0.1023
9.0101,-1.0897,-2.0573,0.4613,0.0820,-0.0980
8.9981,-1.1017,-2.0549,0.4591,0.1545,-0.0863
9.0699,-1.1927,-1.9807,0.4858,0.1886,-0.0778
9.2520,-1.3795,-1.9927,0.4932,0.1971,-0.0746
9.2951,-1.3125,-2.0190,0.4858,0.1875,-0.0671
9.3382,-1.0490,-1.8753,0.5060,0.2035,-0.0714
9.5394,-0.7688,-1.6813,0.5241,0.1481,-0.0426
9.6998,-0.7640,-1.5400,0.5433,0.0767,-0.0266
9.7693,-0.7113,-1.1592,0.5784,0.0277,-0.0202
9.9920,-0.7257,-0.8790,0.6157,-0.0682,-0.0309
10.1022,-0.8023,-0.6275,0.6456,-0.1800,-0.0245
10.0112,-1.1065,-0.4574,0.5880,-0.2429,-0.0298
9.9896,-1.1161,-1.0370,0.5529,-0.3228,-0.0362
10.0926,-1.1137,-2.0573,0.5486,-0.2386,-0.0895
10.1142,-1.9472,-4.6152,0.5177,0.1385,-0.1182
11.6973,-2.9578,-4.8260,0.3004,0.4868,-0.2770
13.6875,-3.0345,-2.7183,0.0991,0.1726,-0.2706
13.0289,-2.4262,-2.3327,-0.0650,-0.5326,-0.1470
9.2759,0.1772,-2.7255,0.0863,-0.4996,0.0479
8.1790,0.2012,-2.5866,0.2194,-0.0692,0.1854
8.0832,0.5413,-2.1819,0.3451,-0.0330,0.2706
7.4844,0.2156,-3.0824,0.4091,-0.0639,0.2940
7.1970,-0.4503,-3.6955,0.3696,0.0692,0.1875
7.3048,-0.3976,-3.5374,0.3590,0.1672,0.0703
8.6197,-0.5724,-3.6189,0.2280,0.1662,-0.0352
9.7693,0.0216,-3.3602,0.1502,0.1747,-0.0085
10.8111,0.1509,-2.7639,0.1236,0.0000,0.0160
10.4734,0.0599,-2.7207,0.1342,-0.1321,0.1907
9.8028,-0.4359,-3.0201,0.0373,-0.1300,0.3111
9.2496,-0.4622,-2.8932,-0.0437,-0.1182,0.3345
8.6939,-0.2227,-3.2979,-0.0991,-0.0426,0.3388
8.6364,-0.1653,-2.9267,-0.1481,0.0181,0.3590
8.6939,0.1820,-2.7519,-0.1651,0.0085,0.3121
8.8496,0.5245,-2.8836,-0.1939,0.0170,0.2855
9.0412,0.4383,-2.7207,-0.2035,0.0586,0.2535
9.0651,0.4119,-2.5603,-0.2109,0.0437,0.2173
9.1490,0.3042,-2.8333,-0.1886,0.0213,0.1736
9.2208,0.2132,-2.8381,-0.2099,0.0383,0.1481
9.3717,0.2132,-2.7255,-0.2280,0.0298,0.1417
9.3358,0.2347,-2.7806,-0.2471,0.0437,0.1459
9.1921,0.3018,-2.7136,-0.2610,0.0426,0.1321
9.1993,0.2970,-2.6034,-0.2855,0.0501,0.1182
9.2759,0.2395,-2.3471,-0.3654,0.0117,0.1353
9.1130,0.1988,-2.3136,-0.3963,0.0107,0.1161
9.0460,0.2275,-2.2106,-0.4410,0.0128,0.0756
8.9909,0.4024,-2.0382,-0.4666,0.0096,0.0426
9.0939,0.5101,-2.1459,-0.4985,0.0298,0.0330
9.1394,0.5700,-2.0980,-0.5348,0.0405,0.0213
9.4723,0.5844,-1.9304,-0.5444,0.0085,0.0085
9.6280,0.4072,-1.8633,-0.5358,0.0053,-0.0117
9.7429,0.5006,-1.8106,-0.5529,-0.0096,-0.0352
9.8651,0.7233,-1.6023,-0.5657,-0.0458,-0.0383
10.0088,0.9772,-1.4586,-0.5902,-0.0810,-0.0245
10.3273,1.2191,-0.9915,-0.6179,-0.1321,-0.0043
10.5405,1.4945,-0.6610,-0.6456,-0.2237,0.0437
10.2387,1.5304,-0.7616,-0.6541,-0.3249,0.1598
9.8675,1.4083,-0.7305,-0.6061,-0.3888,0.1470
9.8555,1.1592,-0.5365,-0.5358,-0.5071,0.1353
9.9106,-0.0527,-0.9628,-0.4964,-0.4165,0.0096
9.4124,0.1700,-2.4908,-0.6413,0.0522,-0.0479
10.5956,1.1041,-3.8895,-0.4772,0.6061,0.0053
11.8482,2.3304,-2.4022,-0.3728,0.6743,0.0309
11.5919,1.2981,-1.7579,-0.1566,0.1214,0.3143
9.5394,0.1269,-1.2670,-0.1875,-0.5156,0.2599
7.3551,0.1245,-3.2644,-0.1044,-0.3984,0.2056
6.8785,-0.8909,-4.4595,-0.1960,0.3153,0.0277
8.7562,-1.2789,-2.7854,-0.1065,0.5987,-0.0501
10.0998,-1.7244,-1.7555,-0.1236,0.0362,-0.0533
9.6040,-1.7843,-3.0968,-0.1364,-0.1278,-0.0490
9.2208,-1.7148,-3.6883,-0.1875,0.0192,-0.0980
9.1538,-1.1544,-3.3003,-0.2344,0.1055,-0.0756
9.3214,-1.2263,-3.1614,-0.1619,0.0607,-0.0895
9.1346,-1.3268,-3.3195,-0.1310,-0.0288,-0.0905
8.9047,-0.9460,-3.3554,-0.1300,0.0202,-0.1129
9.0005,-0.7425,-2.8477,-0.0852,0.1385,-0.1065
9.3454,-0.3736,-2.3974,0.0256,0.1087,-0.1204
9.7765,0.0072,-2.3878,0.1417,0.0522,-0.1033
10.1214,0.0263,-2.0717,0.2802,-0.0778,-0.1076
9.9465,-0.4215,-2.2729,0.3356,-0.2152,-0.1641
9.3142,-0.8694,-2.3783,0.3217,-0.1598,-0.1928
8.9286,-0.9987,-2.2585,0.3270,-0.0352,-0.2301
8.9813,-0.8215,-2.0717,0.3590,0.1150,-0.2621
9.3645,-0.5101,-1.8633,0.4091,0.1715,-0.2812
9.5178,-0.4910,-1.8106,0.4591,0.1630,-0.2748
9.4100,-0.7999,-1.9591,0.4985,0.1076,-0.2748
9.0699,-0.9269,-2.2992,0.5273,0.1534,-0.2887
9.1418,-0.9867,-2.2992,0.5646,0.1896,-0.3068
9.2448,-0.9412,-2.3830,0.6147,0.2194,-0.2929
9.3023,-1.0466,-2.4429,0.6317,0.2866,-0.2866
9.3094,-1.0945,-2.2825,0.6519,0.2908,-0.2812
9.3741,-1.1376,-2.0406,0.6690,0.2759,-0.2663
9.4364,-1.0993,-1.8274,0.6818,0.2141,-0.2674
9.6735,-0.9532,-1.7723,0.6914,0.1289,-0.2503
9.4316,-0.8694,-1.8346,0.6967,0.1076,-0.1960
9.3406,-0.8766,-1.6382,0.7105,0.0554,-0.1672
9.0939,-0.6419,-1.6430,0.6690,0.0682,-0.1310
9.1681,-0.5844,-1.4562,0.6615,0.1076,-0.0778
9.5034,-0.5796,-1.4322,0.7414,0.0756,-0.0692
9.3190,-0.4886,-1.6095,0.7808,0.0426,-0.0447
9.3262,-0.3305,-1.5208,0.7766,0.0256,0.0266
9.5753,-0.2084,-1.3939,0.7819,-0.0192,0.0650
9.8603,-0.5293,-1.4370,0.7947,-0.0224,0.0810
10.0591,-0.8574,-1.1640,0.7915,-0.0597,0.0703
10.2339,-1.0706,-0.8862,0.7723,-0.1502,0.0724
10.2866,-1.4562,-1.0945,0.7276,-0.2035,0.0096

