-.-.-
-8,-253,4,5,75,-3
-6,-260,4,4,77,-1
-3,-258,-1,2,77,0
-9,-256,2,2,77,0
-10,-257,4,2,77,0
-6,-256,2,2,77,0
-8,-256,1,5,75,1
-9,-258,5,7,74,1
-8,-258,5,10,74,0
-6,-256,2,13,73,-1
-11,-253,1,13,73,-1
-7,-255,-1,13,73,-2
-5,-255,0,13,72,-1
-7,-254,6,12,71,-1
-6,-256,4,9,71,-2
-8,-257,2,7,70,0
-8,-258,2,5,71,1
-3,-255,1,5,70,2
-8,-255,0,6,70,0
-8,-257,3,8,68,1
-6,-256,1,10,68,0
-9,-256,5,12,66,-1
-8,-258,0,15,66,-1
-5,-258,5,15,65,-1
-5,-256,-1,14,66,-2
-3,-255,1,12,66,-1
-7,-255,5,12,68,0
-9,-256,6,12,69,0
-8,-254,1,10,70,0
-8,-256,5,8,71,-1
-6,-255,2,5,72,-1
-7,-255,1,2,72,-1
-8,-256,5,0,71,-1
-9,-257,1,1,70,1
-10,-258,4,4,72,-1
-12,-256,1,10,70,-1
-9,-256,4,16,68,-3
-11,-256,4,21,69,-4
-9,-257,2,24,68,-4
-9,-253,2,27,65,-4
-9,-255,9,27,64,-2
-5,-255,2,26,66,-3
-9,-255,1,22,67,-3
-6,-255,4,18,67,-2
-8,-256,5,13,68,-1
-8,-254,5,11,69,-3
-6,-256,0,9,69,-3
-5,-251,7,11,68,-1
-7,-256,4,13,68,-3
-5,-256,7,18,70,-1
-11,-256,6,21,69,0
-8,-256,6,24,69,-2
-10,-253,4,24,68,-2
-6,-258,8,22,69,-2
-5,-256,6,20,69,0
-5,-258,3,18,70,-1
-7,-258,1,16,71,-1
-6,-254,5,15,72,0
-10,-257,4,14,72,1
-6,-259,1,14,74,0
-9,-256,1,16,73,-2
-7,-256,2,17,74,-1
-5,-257,3,19,73,-1
-7,-258,7,21,75,-3
-6,-254,5,23,76,-3
-8,-256,6,23,76,-3
-7,-255,7,21,77,-4
-5,-257,5,19,77,-4
-4,-256,5,16,78,-5
-10,-256,5,13,78,-2
-8,-256,0,10,77,-2
-9,-256,3,9,79,-2
-4,-255,4,8,77,-1
-8,-256,4,10,79,-1
-9,-254,5,11,79,-1
-9,-256,4,13,79,-1
-7,-257,3,14,79,-1
-10,-255,5,14,78,0
-8,-258,8,14,78,0
-11,-256,4,12,78,1
-8,-253,5,9,78,0
-8,-253,9,7,77,1
-6,-255,4,3,77,0
-6,-254,2,0,77,2
-9,-255,5,-3,78,2
-7,-255,8,-4,77,1
-9,-255,4,-5,77,2
-7,-256,7,-7,77,0
-8,-254,7,-8,76,-1
-10,-256,5,-8,78,0
-5,-256,9,-6,77,-1
-10,-257,9,-4,79,0
-10,-258,7,-2,78,0
-9,-254,6,0,79,2
-6,-255,8,1,79,1
-7,-257,9,0,79,1
-8,-254,5,-3,78,2
-7,-257,5,-8,75,2
-11,-255,7,-14,72,-1
-12,-253,9,-20,70,-2
-8,-258,6,-27,70,-1
-11,-253,6,-31,69,-2
-8,-259,4,-33,72,-4
-9,-256,5,-33,74,-2
-10,-253,7,-34,78,-1
-10,-257,4,-32,78,1
-11,-257,9,-31,77,1
-7,-261,6,-30,78,0
-8,-257,8,-31,78,0
-8,-256,8,-34,77,0
-7,-259,3,-37,76,2
-11,-256,6,-42,76,4
-7,-256,5,-44,74,5
-7,-254,3,-44,74,4
-6,-256,4,-39,74,4
-7,-252,4,-34,71,2
-10,-255,4,-27,68,0
-8,-253,4,-21,66,0
-9,-257,7,-19,63,-2
-11,-254,5,-20,61,-2
-11,-255,4,-23,63,-2
-12,-255,7,-25,64,-3
-9,-256,6,-24,65,-3
-11,-257,3,-24,68,-2
-10,-255,9,-25,68,-2
-11,-256,7,-27,68,-1
-8,-257,4,-30,68,0
-9,-255,9,-33,68,2
-7,-253,8,-36,67,0
-8,-254,8,-37,67,1
-9,-256,8,-37,66,1
-3,-255,5,-36,64,0
-11,-255,7,-35,63,2
-6,-256,4,-34,61,2
-6,-257,3,-34,61,2
-11,-259,6,-34,61,1
-10,-256,3,-35,61,2
-8,-258,4,-37,60,4
-12,-255,4,-39,62,2
-8,-258,3,-38,64,5
-10,-254,2,-38,63,4
-7,-257,2,-35,63,3
-8,-257,3,-34,62,3
-11,-258,2,-33,62,2
-13,-254,4,-32,63,2
-9,-257,5,-32,62,2
-6,-253,13,-30,59,2
-8,-256,5,-32,58,1
-8,-260,8,-32,60,0
-12,-257,2,-35,59,3
-8,-256,4,-35,59,1
-6,-258,4,-36,59,1
-10,-253,7,-37,58,3
-9,-254,5,-39,59,5
-8,-254,5,-41,57,6
-6,-257,6,-43,57,6
-7,-259,4,-45,54,6
-10,-254,5,-46,54,4
-11,-254,3,-46,54,4
-10,-253,3,-48,54,4
-7,-257,3,-51,54,4
-9,-257,3,-51,54,5
-9,-253,3,-54,53,6
-5,-257,4,-59,54,3
-2,-259,4,-64,54,4
-8,-254,3,-68,55,2
-9,-252,0,-72,55,3
-7,-254,3,-74,54,1
-9,-255,1,-77,55,0
-10,-254,4,-79,53,-1
-7,-258,2,-80,52,-1
-8,-254,1,-82,50,-1
-9,-254,-1,-83,50,-1
-7,-254,1,-82,52,-1
-8,-253,3,-82,53,1
-9,-254,2,-83,56,1
-10,-256,3,-83,57,0
-4,-256,1,-85,57,0
-9,-255,3,-88,59,2
-6,-256,-1,-89,60,0
-9,-259,0,-90,61,-2
-10,-257,2,-88,62,-2
-10,-260,1,-84,64,-2
-9,-259,2,-79,65,-4
-7,-257,-1,-73,65,-6
-8,-257,3,-66,66,-6
-9,-258,-1,-58,66,-6
-8,-255,5,-52,66,-6
-8,-256,5,-47,66,-6
-6,-257,0,-45,64,-6
-7,-256,2,-44,62,-6
-10,-254,3,-43,63,-5
-8,-256,0,-42,61,-7
-6,-257,-2,-43,60,-5
-6,-259,-1,-45,61,-4
-10,-258,2,-46,62,-3
-6,-257,3,-46,63,-3
-9,-256,0,-49,65,-2
-9,-256,2,-50,64,-1
-7,-256,0,-51,65,1
-10,-257,-2,-50,67,1
-6,-261,3,-50,67,1
-7,-257,-3,-48,69,0
-9,-255,1,-45,68,1
-8,-257,1,-42,70,2
-6,-255,-1,-41,69,0
-8,-253,-2,-39,69,0
-7,-258,0,-39,68,0
-8,-253,1,-40,69,0
-10,-257,1,-40,67,0
-10,-256,0,-40,67,1
-15,-254,-9,-40,69,-1
-9,-256,0,-40,70,-1
-8,-257,-1,-39,72,-3
-9,-259,-4,-38,73,-2
-6,-257,-2,-37,73,-2
-8,-255,0,-36,73,-4
-8,-254,-1,-35,73,-3
-10,-254,1,-35,73,-2
-6,-257,0,-36,74,-2
-8,-256,3,-36,74,-3
-6,-255,0,-39,73,-3
-7,-254,-3,-41,74,-2
-9,-257,-2,-42,73,-2
-8,-259,2,-44,73,0
-5,-255,-1,-45,73,0
-8,-257,-5,-45,72,-1
-12,-256,2,-46,72,-1
-10,-254,-1,-46,73,-1
-9,-257,-1,-45,73,-2
-4,-261,-1,-42,74,-4
-9,-254,-1,-41,75,-5
-8,-257,1,-39,75,-3
-14,-256,-4,-35,76,-4
-8,-258,-6,-25,80,-3
-6,-254,-4,-25,81,-1
-6,-256,1,-29,78,-4
-6,-255,-2,-30,75,-3
-8,-256,-1,-31,72,-3
-9,-254,3,-31,70,-4
-7,-254,-1,-32,68,-5
-8,-257,-2,-36,68,-3
-10,-253,-3,-40,69,-2
-8,-254,-3,-44,71,-2
-6,-257,-3,-48,72,-1
-7,-254,-6,-48,76,1
-7,-259,0,-48,77,4
-9,-258,-8,-47,80,5
-8,-258,-4,-46,82,6
-10,-258,-2,-46,81,5
-10,-258,-3,-49,82,5
-9,-258,-1,-54,80,4
-7,-258,-1,-61,79,2
-9,-259,-4,-71,75,3
-11,-254,0,-77,74,4
-9,-255,-1,-82,70,3
-8,-256,-3,-83,68,0
-9,-256,-5,-80,66,0
-7,-257,-3,-72,67,-2
-8,-254,-2,-62,66,-6
-8,-254,-4,-50,67,-8
-10,-255,-5,-41,67,-10
-10,-257,-5,-34,67,-9
-8,-257,0,-31,69,-7
-10,-256,-1,-26,71,-5
-8,-257,-3,-26,75,-3
-6,-258,-3,-23,79,-2
-8,-258,-5,-24,82,2
-9,-257,-1,-23,82,3
-8,-257,-2,-24,80,2
-4,-255,-1,-24,79,2
-8,-251,-1,-25,76,3
-8,-256,1,-25,73,0
-7,-257,-4,-26,69,-2
-8,-256,0,-28,66,-3
-9,-253,-5,-28,64,-2
-13,-256,5,-28,63,-2
-9,-259,-6,-27,62,-2
-9,-257,-4,-27,63,-1
-10,-257,-4,-25,66,-1
-11,-258,-4,-22,67,0
-7,-261,0,-18,69,0
-7,-259,-3,-11,71,-1
-8,-258,-6,-5,72,1
-9,-258,-4,0,72,0
-9,-257,-3,5,71,-1
-9,-255,-7,7,70,0
-8,-258,-6,7,69,-3
-7,-256,-2,8,68,-2
-7,-256,-2,8,66,-1
-8,-258,0,7,68,0
-10,-256,1,8,68,2
-7,-257,-4,7,66,1
-6,-257,-6,7,67,1
-7,-255,-2,6,66,2
-9,-255,-4,8,68,2
-10,-255,-2,8,67,2
-6,-256,0,9,65,0
-13,-258,-6,10,62,0
-9,-253,1,12,62,0
-9,-255,-2,12,61,1
-8,-256,-3,9,61,-1
-7,-256,-2,5,60,0
-11,-255,0,1,61,-1
-9,-257,-3,-2,60,0
-9,-257,-5,-3,60,0
-4,-253,-4,-4,59,-2
-10,-256,-5,-4,59,-1
-9,-257,-6,-3,58,-2
-6,-258,-3,1,59,-1
-10,-257,-1,4,60,-1
-7,-257,-5,6,61,-1
-11,-257,-1,7,62,-2
-9,-257,-3,8,64,0
-11,-257,1,9,65,1
-5,-253,1,7,63,0
-7,-257,-1,8,62,1
-5,-256,1,7,62,1
-10,-256,-2,7,60,-1
-7,-255,-3,7,60,-1
-6,-257,-2,6,59,-2
-6,-256,1,7,61,-2
-8,-254,-3,7,61,-3
-7,-255,-3,7,62,-4
-7,-257,-3,7,64,-4
-8,-255,-2,8,65,-4
-9,-258,-1,7,66,-5
-4,-255,-4,8,67,-3
-10,-257,-5,9,67,-2
-8,-259,-2,7,68,-3
-7,-260,0,9,68,-4
-8,-255,-2,7,67,-2
-8,-258,-4,9,69,-1
-8,-259,-4,8,68,-2
-11,-256,-1,7,67,-2
-10,-257,0,8,68,-2
-9,-259,-3,9,68,-2
-8,-254,0,11,69,0
-9,-257,-2,12,68,-1
-7,-258,-2,12,68,-1
-11,-257,-1,12,66,-2
-7,-258,-5,11,66,-2
-9,-258,-4,12,66,-2
-11,-257,0,10,65,-2
-10,-254,-2,9,63,-3
-8,-256,-5,10,61,-3
-9,-257,-2,10,59,-3
-9,-257,3,12,56,-3
-11,-254,-2,13,55,-1
-10,-258,0,17,56,-2
-11,-259,2,19,54,-1
-10,-254,-1,20,53,0
-10,-255,1,24,55,1
-9,-253,0,23,52,2
-10,-255,1,22,53,2
-8,-257,-1,21,53,3
-7,-255,3,18,53,2
-9,-253,-1,15,52,3
-7,-258,1,11,51,3
-6,-253,-2,9,51,3
-7,-256,-1,8,52,5
-5,-254,1,7,54,3
-8,-253,-1,5,55,3
-8,-249,2,5,55,0
-6,-255,-2,4,57,0
-9,-256,-2,5,60,-2
-5,-259,-1,6,63,-1
-8,-258,-4,5,65,-1
-4,-257,-1,6,67,-1
-6,-256,-2,6,70,1
-7,-257,-4,5,73,1
-9,-256,-2,3,74,1
-6,-257,0,2,75,-1
-7,-256,1,0,74,-2
-8,-254,-1,-2,73,-4
-7,-254,-2,-4,74,-2
-7,-256,0,-4,76,-5
-8,-256,-4,-4,77,-3
-8,-254,3,-4,81,-1
-8,-256,-3,-4,83,-1
-7,-254,-2,-3,85,0
-5,-258,-2,-1,86,0
-9,-257,-2,-1,86,1
-6,-260,-3,0,86,1
-9,-253,-2,-2,83,0
-12,-254,-2,-6,82,1
-8,-257,-3,-12,80,1
-8,-256,-3,-21,80,3
-10,-256,-4,-28,78,4
-11,-256,-2,-31,78,4
-11,-256,-3,-32,76,3
-11,-256,-4,-29,78,2
-11,-253,-6,-24,78,0
-11,-254,-2,-20,76,-1
-11,-256,-1,-14,75,-2
-11,-256,-2,-12,75,-4
-9,-257,-1,-9,74,-5
-10,-258,-3,-6,74,-6
-9,-257,-5,-4,74,-4
-11,-259,4,0,76,-3
-11,-259,1,6,76,-1
-11,-257,6,15,75,0
-15,-256,5,22,75,2
-9,-257,6,27,71,4
-9,-257,4,30,66,4
-14,-257,5,32,62,4
-8,-261,7,32,56,5
-11,-257,4,32,51,4
-12,-255,2,31,47,4
-12,-252,-2,32,45,4
-8,-256,1,32,42,2
-11,-253,-1,32,40,0
-9,-256,3,33,40,-2
-10,-256,2,34,38,0
-12,-252,3,35,38,0
-7,-253,4,33,37,1
-11,-256,5,31,36,-1
-11,-255,7,29,35,0
-13,-253,-1,26,34,-1
-9,-258,0,21,33,0
-10,-257,4,20,33,-1
-10,-259,1,18,32,-1
-12,-255,4,19,30,-3
-11,-258,-1,20,28,-3
-9,-257,2,24,28,-5
-9,-258,3,29,27,-4
-9,-255,3,33,25,-4
-13,-256,2,36,24,-8
-11,-252,5,41,22,-7
-8,-255,3,43,19,-9
-9,-259,5,44,18,-8
-13,-255,1,43,16,-8
-9,-257,6,42,13,-10
-8,-256,2,40,13,-10
-10,-255,2,41,11,-11
-10,-256,1,40,11,-11
-10,-253,2,40,11,-11
-9,-254,2,41,14,-12
-8,-257,3,43,17,-11
-10,-252,5,44,20,-10
-6,-254,4,44,23,-11
-6,-255,5,43,23,-12
-7,-255,6,40,25,-13
-8,-255,6,37,27,-14
-7,-253,4,34,28,-13
-8,-253,5,32,29,-13
-6,-255,6,32,32,-13
-7,-257,3,33,33,-13
-9,-258,11,38,36,-13
-5,-257,7,42,39,-11
-6,-256,5,46,43,-11
-8,-256,6,48,45,-11
-6,-255,7,50,51,-11
-5,-257,6,51,54,-12
-4,-254,5,50,55,-12
-7,-256,6,48,59,-14
-8,-254,8,46,61,-15
-7,-254,6,43,62,-15
-11,-251,7,42,62,-15
-7,-254,8,40,63,-14
-8,-251,4,39,62,-13
-8,-255,3,38,63,-12
-10,-254,3,37,63,-9
-7,-254,8,36,63,-8
-9,-253,2,35,65,-7
-7,-255,2,33,66,-7
-6,-256,6,31,68,-6
-10,-257,5,28,67,-4
-10,-256,3,28,68,-4
-9,-258,3,26,68,-4
-11,-257,3,25,70,-3
-15,-256,4,26,70,-4
-10,-258,3,28,71,-4
-10,-258,6,32,71,-3
-9,-255,6,35,70,-3
-11,-254,7,37,70,-1
-9,-256,5,38,67,-1
-9,-254,6,39,67,0
-8,-254,4,38,65,1
-10,-254,11,38,66,2
-10,-255,5,36,66,2
-8,-255,5,33,63,0
-11,-255,6,33,63,0
-11,-254,10,34,62,0
-10,-255,9,35,62,1
-10,-256,6,35,62,1
-10,-254,6,35,63,2
-8,-259,8,33,62,2
-11,-256,6,29,64,1
-9,-254,4,27,63,0
-7,-255,6,23,59,-1
-7,-254,6,20,54,-2
-7,-258,4,18,50,-2
-7,-257,7,18,47,-3
-8,-255,2,19,46,-3
-6,-255,6,19,47,-1
-9,-255,9,19,49,-2
-9,-257,3,19,52,-3
-8,-256,10,19,54,-2
-7,-254,7,19,58,-4
-9,-256,9,19,61,-4
-11,-256,4,19,63,-5
-6,-260,9,18,64,-5
-4,-260,7,17,64,-6
-5,-259,5,17,65,-6
-6,-261,5,16,68,-6
-8,-254,7,15,70,-6
-8,-258,3,14,72,-6
-7,-255,9,14,72,-8
-9,-252,7,13,71,-9
-7,-252,6,15,72,-10
-9,-251,9,12,72,-10
-6,-253,7,8,70,-11
-6,-253,7,1,68,-11
-8,-255,5,-5,66,-11
-7,-253,11,-12,61,-9
-9,-257,4,-17,60,-8
-7,-260,8,-19,60,-7
-9,-259,1,-19,60,-9
-12,-258,5,-16,60,-7
-7,-258,8,-12,62,-8
-6,-258,3,-6,65,-8
-8,-257,8,-4,66,-7
-12,-254,6,-3,68,-7
-10,-257,2,-2,67,-6
-6,-256,4,-3,63,-7
-9,-255,1,-4,61,-8
-5,-251,8,-6,57,-9
-10,-251,6,-7,56,-12
-7,-253,2,-11,51,-12
-7,-254,4,-14,50,-12
-8,-254,2,-16,50,-14
-5,-256,5,-17,53,-14
-7,-259,2,-18,57,-14
-9,-256,4,-16,63,-13
-9,-257,4,-12,67,-15
-5,-254,9,-10,72,-16
-5,-258,4,-11,73,-14
-7,-256,5,-15,73,-15
-5,-252,5,-19,69,-17
-7,-255,3,-25,64,-19
-7,-259,3,-34,57,-18
-4,-256,3,-38,53,-17
-9,-254,1,-42,49,-15
-9,-256,4,-42,49,-15
-9,-259,3,-39,51,-13
-9,-257,-1,-34,55,-11
-8,-258,0,-27,59,-13
-9,-259,1,-19,62,-13
-8,-257,4,-12,65,-13
-10,-257,6,-7,68,-14
-7,-257,5,-6,69,-16
-3,-259,6,-8,70,-19
-4,-255,4,-13,71,-22
-2,-253,5,-17,72,-27
-1,-252,2,-21,75,-33
-3,-250,2,-19,70,-39
0,-249,0,-16,69,-43
-2,-253,-1,-16,76,-45
-2,-250,2,-19,84,-45
-7,-250,4,-22,89,-44
-4,-252,1,-25,95,-41
-5,-252,0,-27,99,-37
-7,-252,4,-33,103,-31
-7,-254,3,-38,104,-25
-8,-256,4,-42,103,-19
-9,-255,3,-43,99,-14
-10,-255,5,-41,95,-10
-11,-256,4,-39,92,-2
-11,-256,8,-32,91,2
-13,-257,11,-21,89,8
-11,-259,8,-8,87,10
-12,-259,13,7,85,13
-9,-262,10,23,85,13
-9,-263,11,37,86,14
-9,-261,11,50,81,12
-9,-258,12,60,77,11
-9,-253,12,66,71,7
-12,-254,9,70,64,4
-8,-253,7,71,58,1
-10,-251,12,69,54,-1
-12,-250,9,67,52,-2
-10,-252,13,64,50,0
-12,-251,11,64,47,-4
-10,-254,10,65,45,-3
-11,-253,11,64,44,-3
-11,-253,12,62,44,-2
-8,-254,8,57,42,-2
-6,-254,8,55,38,-2
-10,-250,4,50,36,-1
-4,-254,8,41,35,0
-6,-252,3,30,34,-1
-7,-249,6,19,36,-2
-6,-250,4,7,40,-2
-7,-251,1,-4,45,-2
-3,-252,-1,-12,54,-2
-4,-252,4,-21,64,-3
0,-253,6,-29,74,-3
0,-249,-2,-35,80,-5
0,-249,-1,-43,87,-6
0,-249,-2,-54,94,-6
-2,-251,3,-68,98,-9
-1,-250,0,-84,101,-12
0,-245,1,-101,105,-14
-5,-243,-5,-120,110,-14
-2,-245,-3,-141,114,-14
-3,-244,-1,-162,117,-12
-5,-247,1,-182,118,-13
-5,-243,-1,-199,116,-13
-6,-247,1,-211,114,-14
-7,-246,0,-222,110,-14
-10,-246,1,-233,106,-10
-7,-248,-3,-244,99,-9
-8,-248,-3,-257,93,-9
-9,-250,1,-270,82,-8
-9,-250,2,-280,74,-9
-12,-253,2,-287,65,-11
-11,-252,-1,-290,61,-7
-15,-253,2,-297,61,-1
-14,-251,1,-303,63,8
-12,-251,-1,-304,64,10
-10,-252,2,-305,63,12
-9,-249,0,-304,64,12
-9,-252,9,-299,64,12
-6,-251,8,-295,63,15
-8,-248,7,-292,62,18
-9,-248,10,-289,58,17
-5,-248,8,-290,53,20
-9,-247,5,-295,47,20
-7,-249,2,-304,43,22
-7,-248,1,-319,40,26
-11,-250,-5,-336,36,28
-10,-249,-6,-355,29,27
-13,-253,-6,-372,20,26
-12,-252,-8,-387,11,26
-13,-258,-8,-393,2,25
-17,-257,-12,-390,-7,21
-17,-264,-7,-384,-18,23
-17,-265,-8,-378,-30,25
-14,-267,-8,-370,-42,26
-18,-265,-5,-360,-50,27
-16,-267,-5,-349,-55,30
-13,-262,-13,-335,-56,31
-11,-261,-8,-322,-52,33
-1,-256,-11,-313,-43,31
1,-257,-11,-307,-33,30
5,-253,-14,-304,-18,29
7,-250,-15,-302,-3,31
6,-249,-13,-298,10,33
6,-249,-11,-297,19,30
7,-248,-16,-296,24,30
5,-248,-14,-297,27,31
2,-249,-18,-301,30,35
1,-250,-17,-310,35,44
-3,-245,-15,-324,45,54
-3,-250,-16,-337,54,64
-3,-253,-17,-354,63,77
-11,-252,-12,-369,70,89
-12,-251,-15,-386,77,104
-17,-251,-16,-401,80,117
-14,-254,-16,-417,79,128
-19,-251,-15,-431,75,137
-19,-252,-17,-448,69,144
-22,-248,-19,-463,62,146
-21,-247,-20,-481,54,146
-17,-248,-25,-496,50,142
-17,-246,-24,-506,47,136
-17,-249,-31,-512,52,130
-17,-247,-28,-520,58,126
-18,-248,-28,-531,66,122
-15,-250,-29,-541,75,120
-15,-249,-22,-552,81,119
-13,-249,-27,-563,86,118
-12,-245,-27,-570,90,120
-13,-246,-25,-574,93,119
-10,-247,-24,-578,94,117
-14,-246,-30,-583,94,113
-16,-243,-36,-593,95,106
-8,-241,-29,-607,96,97
-8,-241,-40,-624,99,89
-9,-243,-35,-642,102,78
-8,-244,-38,-658,108,68
-6,-244,-37,-673,117,62
-7,-247,-42,-685,125,58
-7,-248,-44,-700,133,56
-11,-250,-40,-713,141,57
-9,-255,-41,-726,149,60
-6,-254,-53,-731,155,62
-6,-258,-43,-730,160,64
-11,-263,-43,-723,160,62
-9,-260,-43,-708,159,63
-15,-258,-48,-693,156,61
-15,-257,-46,-675,156,61
-15,-260,-51,-659,157,57
-15,-255,-52,-644,161,57
-19,-254,-53,-632,165,54
-15,-257,-57,-625,172,54
-18,-249,-55,-618,181,54
-17,-249,-58,-611,191,56
-15,-252,-57,-605,199,58
-18,-250,-56,-602,205,61
-16,-252,-58,-596,207,63
-15,-250,-56,-588,209,67
-18,-251,-54,-578,212,68
-12,-249,-54,-567,214,70
-12,-249,-56,-557,216,71
-11,-252,-55,-548,222,72
-7,-255,-53,-537,229,71
-7,-254,-54,-528,236,67
-6,-253,-55,-518,242,64
-4,-256,-65,-506,247,59
0,-258,-60,-497,251,54
-1,-256,-63,-487,252,48
-7,-253,-62,-473,251,45
-10,-252,-66,-456,249,44
-8,-253,-65,-438,245,42
-8,-255,-67,-417,242,42
-15,-250,-65,-396,240,38
-15,-252,-68,-377,239,37
-17,-246,-68,-359,243,39
-16,-254,-69,-344,248,42
-16,-246,-69,-331,251,42
-17,-245,-63,-323,251,47
-19,-247,-66,-316,250,55
-16,-243,-63,-309,242,59
-18,-246,-62,-307,233,63
-24,-240,-63,-304,213,63
-29,-240,-66,-297,189,58
-30,-235,-69,-291,166,53
-30,-237,-72,-285,146,50
-34,-231,-70,-279,132,48
-32,-233,-69,-281,129,55
-35,-230,-72,-283,130,57
-32,-234,-68,-290,134,57
-25,-233,-65,-299,141,57
-22,-234,-63,-308,141,52
-14,-231,-60,-319,134,47
-16,-228,-59,-326,129,46
-8,-227,-63,-331,117,50
-6,-230,-61,-344,107,52
-7,-229,-67,-368,102,52
0,-232,-73,-399,101,50
-1,-235,-74,-432,112,51
-2,-237,-74,-459,120,45
-4,-241,-79,-478,133,37
-4,-241,-76,-492,141,27
-7,-245,-79,-502,148,17
-9,-244,-79,-508,153,12
-12,-246,-79,-513,155,9
-17,-245,-76,-516,152,6
-16,-245,-75,-521,147,5
-19,-245,-77,-523,142,7
-24,-246,-68,-524,137,9
-17,-241,-73,-518,134,14
-20,-237,-72,-505,126,19
-19,-236,-74,-486,121,23
-19,-232,-73,-467,114,26
-17,-229,-69,-451,107,25
-21,-226,-72,-437,103,24
-16,-228,-69,-427,101,26
-20,-224,-68,-421,101,28
-18,-227,-71,-415,104,29
-19,-230,-67,-415,109,33
-21,-233,-71,-417,116,35
-18,-238,-69,-419,126,41
-20,-240,-72,-422,132,47
-18,-244,-75,-427,137,54
-19,-242,-85,-430,139,60
-19,-243,-85,-432,137,64
-19,-243,-89,-429,131,69
-18,-241,-88,-419,122,73
-23,-237,-88,-402,109,81
-21,-242,-90,-379,94,89
-22,-238,-92,-350,75,94
-26,-239,-86,-322,57,100
-26,-231,-88,-296,39,106
-27,-236,-88,-277,23,112
-27,-236,-88,-264,11,119
-30,-236,-90,-259,4,126
-29,-236,-94,-261,-3,133
-30,-233,-98,-267,-8,139
-28,-234,-101,-277,-13,144
-25,-231,-103,-289,-18,149
-27,-229,-103,-301,-22,154
-23,-229,-106,-313,-24,154
-27,-224,-104,-324,-22,153
-18,-220,-100,-334,-21,149
-19,-218,-96,-342,-19,141
-19,-217,-96,-347,-17,136
-19,-214,-97,-350,-17,129
-17,-220,-95,-354,-13,122
-17,-218,-99,-363,-5,114
-19,-217,-100,-374,7,107
-19,-219,-102,-387,21,98
-17,-221,-107,-400,35,95
-18,-218,-108,-408,46,91
-15,-218,-107,-413,53,86
-13,-217,-112,-411,56,81
-12,-216,-108,-405,54,81
-14,-215,-106,-395,47,80
-14,-214,-104,-386,40,75
-17,-210,-102,-381,34,71
-18,-209,-101,-381,32,64
-19,-208,-103,-386,28,59
-23,-213,-101,-395,27,56
-25,-211,-100,-406,25,52
-30,-211,-107,-421,25,50
-32,-211,-113,-436,23,48
-33,-215,-112,-452,20,48
-38,-213,-118,-467,15,49
-38,-217,-122,-481,12,51
-39,-218,-122,-493,12,52
-38,-223,-122,-502,11,53
-35,-222,-129,-506,12,57
-29,-228,-128,-502,16,59
-30,-226,-131,-494,22,55
-22,-226,-129,-482,28,48
-15,-226,-124,-467,35,36
-9,-221,-125,-452,41,23
-11,-218,-123,-438,50,9
-9,-218,-118,-431,54,-4
-12,-214,-118,-429,59,-16
-12,-215,-116,-433,66,-25
-11,-213,-117,-438,75,-32
-12,-214,-123,-441,84,-39
-14,-217,-123,-443,93,-41
-14,-216,-129,-444,103,-39
-15,-220,-129,-442,112,-35
-15,-224,-133,-438,123,-32
-17,-224,-134,-429,135,-27
-20,-230,-142,-418,144,-23
-21,-229,-143,-408,149,-17
-22,-234,-144,-398,150,-11
-25,-234,-145,-390,146,-4
-29,-235,-141,-384,139,5
-31,-233,-138,-378,128,14
-32,-231,-135,-369,115,24
-35,-230,-135,-358,106,33
-34,-228,-130,-347,98,44
-32,-227,-125,-332,93,53
-33,-225,-127,-317,92,61
-24,-231,-129,-301,94,71
-22,-223,-127,-288,100,77
-13,-224,-127,-275,111,84
-10,-223,-133,-262,125,90
-7,-222,-131,-250,144,91
-3,-226,-134,-245,165,91
0,-225,-138,-246,191,90
-2,-227,-137,-249,216,87
-2,-231,-143,-251,244,90
-4,-232,-149,-256,275,94
-10,-230,-149,-261,303,103
-12,-233,-152,-270,321,113
-19,-229,-152,-283,328,126
-26,-229,-157,-297,318,139
-33,-226,-157,-308,299,151
-37,-221,-158,-317,266,164
-48,-218,-154,-321,226,171
-54,-211,-153,-321,179,176
-61,-211,-150,-320,129,180
-61,-211,-150,-323,83,184
-62,-210,-145,-326,48,190
-64,-212,-146,-326,24,197
-63,-212,-140,-331,8,208
-58,-216,-138,-341,-4,217
-52,-217,-143,-348,-10,223
-43,-215,-147,-349,-8,226
-37,-217,-147,-340,-4,224
-31,-216,-149,-322,0,217
-28,-221,-149,-298,2,205
-24,-217,-151,-274,7,189
-21,-209,-155,-257,13,170
-18,-206,-154,-247,26,148
-18,-206,-153,-248,40,127
-19,-204,-151,-252,56,109
-22,-200,-155,-260,69,91
-25,-198,-153,-269,81,76
-27,-199,-155,-281,92,65
-33,-202,-154,-290,104,56
-31,-204,-153,-294,115,52
-33,-209,-155,-293,124,46
-34,-209,-153,-286,129,48
-38,-208,-154,-272,132,51
-33,-209,-156,-255,132,54
-34,-213,-163,-232,128,57
-34,-207,-154,-209,122,60
-32,-211,-155,-183,110,64
-32,-211,-159,-155,97,69
-29,-209,-155,-127,82,73
-25,-212,-155,-102,71,79
-28,-210,-155,-77,62,81
-25,-208,-153,-50,59,84
-22,-208,-153,-26,61,87
-21,-206,-157,-1,70,89
-18,-202,-152,25,83,86
-19,-200,-152,55,102,80
-16,-198,-151,88,125,71
-15,-197,-152,126,151,60
-15,-194,-150,170,174,48
-17,-194,-143,225,198,30
-19,-191,-138,291,216,7
-19,-194,-131,368,229,-18
-16,-190,-129,452,237,-46
-16,-188,-121,535,239,-74
-15,-186,-121,609,238,-98
-15,-182,-125,672,227,-117
-14,-183,-127,714,207,-128
-19,-177,-119,733,182,-129
-20,-173,-124,724,160,-124
-25,-169,-121,694,146,-112
-27,-167,-122,651,138,-96
-30,-165,-125,603,140,-80
-36,-163,-125,559,151,-68
-38,-164,-127,527,166,-60
-40,-163,-126,503,181,-56
-44,-163,-129,484,196,-56
-45,-162,-135,472,204,-59
-46,-156,-135,467,207,-67
-47,-155,-138,462,204,-74
-47,-155,-145,452,196,-77
-48,-155,-142,441,183,-75
-48,-161,-140,427,163,-65
-48,-166,-141,412,141,-51
-45,-170,-135,401,114,-32
-42,-176,-138,398,86,-11
-35,-183,-132,398,60,8
-27,-186,-128,397,39,26
-18,-190,-131,402,22,37
-16,-191,-129,415,13,42
-13,-195,-134,433,8,43
-4,-194,-131,457,9,39
-2,-198,-133,481,15,32
-2,-193,-137,499,23,24
-3,-194,-138,516,35,12
-7,-194,-140,529,47,-1
-8,-193,-140,539,61,-13
-10,-195,-143,543,71,-24
-12,-189,-143,548,77,-31
-16,-188,-147,551,76,-37
-19,-188,-145,545,70,-41
-25,-186,-148,534,62,-40
-34,-184,-151,528,50,-39
-37,-186,-155,515,31,-35
-41,-188,-153,482,7,-29
-42,-192,-152,446,-10,-17
-46,-195,-155,405,-21,3
-43,-206,-153,363,-37,23
-35,-212,-149,332,-51,43
-29,-219,-151,319,-63,64
-28,-228,-147,323,-75,81
-34,-235,-151,347,-87,87
-27,-234,-148,386,-92,91
-18,-235,-148,438,-90,90
-17,-233,-150,504,-85,87
-20,-231,-153,569,-74,79
-19,-226,-151,624,-64,77
-19,-217,-149,674,-58,72
-19,-212,-152,714,-61,66
-20,-207,-152,728,-66,60
-23,-199,-154,721,-71,51
-24,-197,-159,701,-76,39
-25,-191,-161,669,-80,30
-29,-189,-163,622,-82,21
-29,-192,-165,568,-83,14
-32,-202,-162,520,-79,10
-28,-210,-162,491,-70,9
-26,-217,-161,484,-56,15
-19,-225,-159,497,-37,19
-15,-230,-160,527,-17,21
-8,-232,-161,570,3,20
-9,-230,-162,617,21,15
-5,-230,-163,655,38,7
-9,-217,-164,685,48,-2
-12,-208,-171,702,56,-11
-13,-208,-170,694,67,-20
-19,-204,-171,672,79,-32
-27,-197,-168,641,87,-38
-33,-201,-163,613,93,-41
-33,-203,-163,595,95,-43
-39,-201,-154,596,91,-38
-33,-203,-154,612,82,-28
-32,-210,-156,638,70,-17
-30,-212,-163,669,50,3
-24,-215,-163,693,31,22
-20,-220,-164,706,16,43
-12,-221,-160,712,8,55
-9,-216,-149,716,12,63
-6,-211,-144,727,24,66
-5,-205,-140,744,37,64
-6,-196,-136,774,51,53
-8,-189,-131,814,65,35
-12,-183,-130,860,77,15
-18,-182,-134,906,89,-3
-26,-179,-132,946,99,-16
-28,-182,-129,978,110,-21
-30,-181,-129,1001,116,-20
-26,-183,-129,1014,117,-11
-21,-186,-123,1027,122,0
-19,-188,-116,1040,122,6
-18,-192,-110,1060,115,9
-18,-198,-110,1090,105,9
-16,-199,-101,1135,86,3
-16,-200,-95,1194,61,3
-16,-197,-97,1261,31,4
-11,-199,-92,1331,2,6
-13,-194,-93,1404,-22,14
-13,-189,-90,1480,-41,25
-18,-188,-92,1565,-57,30
-22,-184,-90,1656,-68,34
-23,-183,-84,1740,-77,35
-28,-178,-77,1817,-81,34
-27,-171,-71,1888,-81,34
-25,-166,-69,1953,-76,26
-25,-168,-56,2016,-74,14
-17,-173,-56,2079,-77,-3
-25,-169,-40,2134,-82,-28
-43,-178,-41,2185,-103,-49
-53,-191,-30,2236,-135,-55
-62,-208,-16,2280,-175,-62
-73,-235,-8,2313,-213,-74
-82,-288,9,2346,-244,-96
-80,-339,20,2391,-265,-143
-83,-385,42,2457,-275,-192
-89,-428,45,2569,-284,-229
-91,-453,59,2701,-307,-247
-93,-482,86,2828,-338,-237
-108,-506,121,2932,-348,-208
-108,-515,157,3041,-310,-158
-103,-508,205,3173,-279,-116
-96,-496,261,3351,-365,-100
-103,-473,277,3614,-506,-101
-110,-460,285,3892,-586,-81
-118,-464,284,4082,-647,-56
-117,-484,275,4161,-714,-61
-116,-512,281,4160,-735,-86
-104,-549,287,4121,-729,-101
-95,-598,296,4108,-720,-100
-75,-608,294,4188,-718,-69
-62,-600,285,4427,-733,-2
-52,-571,278,4644,-760,78
-48,-509,260,4741,-791,152
-56,-444,247,4634,-808,195
-66,-383,240,4294,-803,188
-64,-332,236,3763,-775,147
-33,-282,237,3129,-731,105
0,-251,250,2515,-663,61
36,-231,258,2072,-568,22
63,-210,255,1868,-454,-3
82,-197,238,1894,-342,-29
95,-186,204,2102,-223,-59
104,-181,171,2410,-114,-92
104,-184,131,2748,-33,-117
101,-192,103,3069,27,-135
95,-198,74,3328,86,-142
75,-212,53,3488,158,-165
51,-217,41,3571,230,-214
25,-218,37,3584,296,-252
3,-213,41,3540,356,-267
-24,-212,60,3436,409,-265
-48,-191,78,3300,420,-262
-56,-170,86,3125,404,-253
-59,-140,93,2934,381,-234
-49,-110,90,2752,349,-207
-48,-78,78,2584,309,-174
-39,-46,55,2440,272,-137
-30,-24,35,2331,243,-104
-20,-13,23,2254,226,-84
-13,-13,16,2195,211,-71
-6,-13,22,2146,190,-59
7,-23,37,2115,162,-50
13,-27,46,2088,135,-44
20,-36,66,2052,118,-35
19,-48,86,1993,120,-24
15,-52,104,1905,132,-12
13,-60,121,1782,153,3
11,-66,138,1631,185,22
12,-80,144,1477,221,35
7,-89,149,1350,253,47
8,-98,136,1278,279,60
6,-104,130,1287,302,79
4,-102,118,1368,313,98
2,-108,115,1495,318,117
-1,-105,113,1634,317,133
-8,-101,126,1755,316,155
-18,-93,145,1846,316,179
-24,-85,166,1908,310,205
-32,-83,182,1958,304,227
-35,-82,197,2006,293,249
-55,-76,230,2053,271,272
-60,-72,243,2104,217,317
-59,-60,265,2147,144,360
-51,-53,283,2184,66,390
-25,-41,298,2218,-2,403
0,-24,308,2267,-44,404
8,1,320,2344,-68,385
35,10,318,2450,-85,357
25,20,319,2561,-84,309
24,29,322,2646,-89,262
31,38,327,2700,-85,206
6,48,342,2716,-62,146
4,52,347,2710,-49,110
-6,47,349,2693,-11,91
-25,41,352,2690,42,94
-21,29,346,2723,90,135
-15,20,343,2781,139,189
-14,23,359,2856,172,243
0,32,364,2924,177,294
4,37,364,2954,189,329
12,32,348,2952,205,328
8,29,314,2929,197,275
3,27,283,2896,171,186
-1,27,258,2834,149,94
-7,31,245,2758,127,4
-15,36,235,2706,106,-82
-28,48,218,2687,115,-156
-36,62,224,2657,150,-224
-52,80,232,2607,191,-282
-52,94,237,2534,234,-319
-69,120,252,2439,270,-336
-67,143,250,2313,289,-322
-67,160,245,2146,296,-302
-62,172,242,1959,306,-273
-58,178,235,1763,309,-249
-60,188,243,1589,298,-226
-61,196,251,1430,283,-194
-64,196,255,1282,262,-159
-64,199,256,1131,240,-119
-59,194,254,976,220,-82
-49,188,249,828,218,-75
-52,184,239,713,221,-83
-51,175,235,605,215,-81
-51,165,228,493,189,-94
-45,157,231,384,146,-124
-49,150,211,308,85,-195
-41,147,207,192,44,-261
-37,139,207,75,12,-312
-35,138,198,-12,-22,-356
-31,137,199,-135,-27,-372
-27,133,208,-292,-36,-372
-27,132,214,-458,-44,-374
-31,124,231,-604,-47,-377
-27,120,237,-706,-45,-365
-30,106,240,-765,-40,-349
-31,90,239,-785,-30,-333
-34,75,236,-762,-25,-326
-31,55,230,-709,-27,-324
-35,44,218,-643,-26,-326
-32,28,218,-571,-21,-325
-35,24,212,-493,-18,-329
-28,15,218,-424,-13,-329
-26,19,220,-353,-5,-324
-20,24,219,-282,9,-322
-20,33,219,-211,29,-314
-14,44,219,-146,57,-303
-12,56,224,-94,96,-294
-16,67,227,-47,139,-289
-12,79,226,-8,181,-289
-14,88,228,29,215,-286
-16,87,232,66,238,-278
-20,90,232,107,249,-263
-25,94,230,144,249,-245
-26,94,234,177,242,-226
-29,97,239,203,236,-206
-28,101,243,215,231,-180
-28,98,245,222,228,-153
-22,95,247,223,227,-132
-12,93,253,218,228,-123
-8,88,257,202,229,-121
-2,85,260,180,218,-124
0,76,265,153,197,-131
3,70,268,131,175,-137
5,67,260,115,160,-145
9,66,266,107,164,-151
10,71,262,110,194,-145
15,72,262,124,248,-131
10,78,268,146,316,-113
10,78,268,172,381,-97
11,83,268,197,429,-96
10,83,267,211,455,-111
7,81,262,201,466,-142
9,74,259,173,462,-185
8,70,253,136,458,-239
8,69,252,95,452,-294
8,64,239,48,453,-347
11,53,237,-1,458,-391
5,48,235,-46,462,-423
-5,37,236,-70,461,-435
-16,28,236,-73,454,-421
-25,24,233,-53,444,-393
-36,14,231,-25,441,-361
-47,16,232,12,436,-335
-57,14,233,47,431,-317
-66,16,230,68,419,-308
-79,20,233,69,403,-303
-93,21,229,46,384,-307
-107,25,232,4,359,-313
-122,24,235,-31,323,-318
-129,22,232,-57,284,-318
-137,22,236,-70,250,-311
-138,17,229,-63,217,-288
-141,19,230,-34,192,-251
-131,16,223,12,173,-208
-127,21,214,51,159,-162
-119,24,210,77,143,-113
-111,21,204,93,120,-68
-100,23,203,97,81,-29
-94,25,203,84,33,3
-87,25,203,65,-28,30
-81,22,207,42,-94,54
-76,19,213,15,-157,65
-71,19,208,-5,-212,65
-70,17,221,-13,-255,61
-65,14,226,-12,-284,56
-63,16,228,0,-299,50
-66,18,233,17,-298,45
-68,21,238,35,-292,46
-66,26,242,48,-277,55
-65,23,245,55,-261,65
-68,28,244,52,-244,73
-67,29,248,45,-224,78
-71,29,250,39,-208,86
-74,31,250,35,-194,96
-78,33,245,31,-182,109
-80,33,246,28,-166,122
-75,34,245,20,-148,134
-80,36,242,7,-132,143
-82,39,238,-13,-113,151
-81,41,240,-40,-92,158
-82,38,246,-71,-75,164
-79,39,240,-92,-69,172
-76,38,242,-119,-64,175
-70,36,239,-154,-56,173
-68,39,249,-188,-49,163
-62,33,247,-208,-47,156
-53,29,249,-213,-45,147
-45,31,243,-204,-42,140
-40,32,248,-200,-36,136
-35,29,247,-183,-35,128
-32,31,247,-161,-37,121
-23,31,246,-130,-45,116
-21,32,249,-93,-55,114
-17,35,245,-54,-65,111
-12,36,243,-15,-74,105
-8,38,240,16,-80,99
-2,44,238,36,-81,90
0,46,236,42,-77,79
0,52,238,49,-71,73
0,55,238,53,-64,66
5,56,238,58,-56,64
6,57,235,60,-47,63
3,62,236,57,-37,58
3,65,236,47,-22,53
0,66,236,31,-7,46
-2,64,231,10,6,36
-12,67,235,-11,17,27
-13,61,237,-27,20,22
-19,67,238,-42,17,22
-14,63,238,-54,10,22
-19,64,239,-69,4,19
-18,63,242,-84,-3,11
-20,63,238,-89,-17,9
-16,62,241,-95,-29,7
-17,62,240,-97,-43,6
-17,58,241,-94,-54,5
-11,55,247,-89,-66,4
-11,57,245,-72,-77,6
-9,57,243,-47,-86,8
-13,56,244,-24,-85,12
-13,55,244,-7,-80,12
-16,57,245,12,-72,14
-14,53,247,20,-62,13
-21,55,245,21,-50,10
-20,56,245,17,-35,6
-22,53,248,7,-18,1
-20,53,245,-4,-1,-2
-24,50,246,-12,16,-6
-29,48,246,-19,38,-9
-25,49,246,-27,60,-9
-28,48,246,-31,81,-10
-25,47,252,-34,102,-9
-27,47,249,-34,122,-7
-26,46,250,-32,139,-1
-26,44,247,-25,148,3
-26,43,245,-13,155,7
-30,41,244,-2,157,14
-26,45,246,11,157,17
-27,44,245,24,156,20
-31,44,240,39,157,24
-31,47,239,49,157,26
-32,44,237,52,158,27
-33,43,243,54,159,24
-35,44,239,56,158,20
-36,42,242,60,156,17
-40,43,241,63,152,11
-37,41,237,64,148,5
-38,41,237,63,147,-2
-39,40,238,58,149,-9
-37,39,235,51,152,-15
-42,41,237,33,160,-24
-39,41,238,0,171,-32
-38,39,241,-25,175,-39
-40,40,244,-38,172,-45
-43,43,244,-41,162,-48
-41,36,241,-35,149,-52
-39,37,241,-29,140,-55
-40,37,241,-22,132,-55
-40,37,239,-5,119,-53
-41,38,241,11,106,-52
-41,41,236,25,97,-51
-43,37,240,34,86,-49
-39,36,235,39,76,-46
-40,40,234,41,67,-46
-41,39,238,38,62,-45
-45,44,238,29,60,-47
-43,41,237,21,58,-45
-46,44,237,16,56,-45
-39,43,239,14,51,-42
-44,46,238,9,50,-45
-45,44,241,4,49,-45
-41,44,245,0,48,-41
-40,45,239,1,45,-40
-45,49,242,0,42,-37
-42,48,236,1,37,-32
-44,50,239,-2,36,-29
-41,48,238,-6,36,-22
-41,51,238,-12,36,-18
-39,50,241,-17,36,-9
-40,51,241,-24,36,-7
-39,49,240,-33,35,-1
-41,48,248,-38,35,1
-42,52,241,-48,37,1
-40,50,242,-58,39,-2
-40,53,244,-64,38,-2
-41,51,244,-69,37,0
-41,53,244,-72,35,2
-42,54,248,-73,32,4
-37,53,242,-77,32,5
-39,53,244,-83,30,6
-37,54,245,-89,31,9
-40,54,242,-95,30,11
-37,56,244,-97,28,13
-37,49,240,-99,27,16
-33,52,245,-100,28,17
-33,49,243,-100,27,19
-31,48,245,-101,29,22
-30,49,243,-104,30,22
-32,51,245,-106,31,23
-29,49,241,-108,34,22
-29,49,243,-111,36,20
-29,48,243,-114,37,20
-30,47,243,-116,38,18
-30,45,240,-115,42,16
-29,47,241,-113,46,17
-28,47,242,-110,52,16
-28,45,244,-105,57,17
-31,47,243,-98,60,16
-26,46,242,-89,63,14
-29,44,240,-82,66,13
-28,43,240,-75,66,14
-30,45,241,-70,67,11
-29,49,239,-67,68,10
-30,41,245,-67,70,9
-27,46,236,-71,71,8
-29,46,247,-77,73,8
-30,43,243,-83,73,7
-29,45,243,-87,75,6
-33,46,242,-91,74,5
-30,44,239,-92,76,6
-29,43,249,-91,77,5
-33,42,244,-87,79,5
-30,41,240,-82,80,5
-32,46,242,-77,79,6
-33,46,244,-73,79,4
-33,43,239,-67,80,3
-35,42,243,-65,80,2
-33,43,240,-62,80,4
-37,41,239,-64,78,1
-38,41,240,-67,78,0
-38,44,242,-75,76,1
-38,43,238,-82,73,1
-38,38,242,-89,71,-1
-38,38,240,-94,69,-3
-37,37,241,-95,69,-6
-36,36,241,-93,71,-6
-40,36,241,-88,71,-9
-42,32,242,-83,72,-8
-43,37,240,-75,73,-7
-38,38,241,-70,74,-8
-38,35,241,-64,75,-7
-36,36,240,-61,77,-6
-37,38,238,-58,76,-7
-38,38,240,-56,75,-6
-40,39,240,-55,75,-4
-38,37,241,-57,72,-2
-39,38,242,-58,69,-2
-39,39,240,-60,66,-3
-39,39,241,-61,62,-4
-38,38,241,-63,59,-7
-36,39,244,-64,56,-8
-37,42,241,-65,56,-9
-36,42,240,-68,55,-12
-34,40,242,-73,58,-13
-34,42,243,-77,61,-13
-36,40,242,-83,66,-13
-31,39,242,-90,70,-10
-34,39,242,-94,72,-8
-32,36,242,-97,74,-8
-32,35,241,-97,76,-6
-33,38,242,-96,77,-5
-34,37,242,-93,77,-6
-33,40,242,-91,76,-4
-34,37,243,-88,73,-2
-36,42,243,-85,71,-2
-32,35,240,-84,70,-4
-33,39,243,-83,69,-5
-33,37,241,-83,69,-3
-33,37,240,-81,69,-4
-31,38,240,-76,68,-3
-33,38,243,-70,68,-2
-31,38,242,-63,67,1
-31,39,242,-54,68,2
-33,39,241,-43,66,1
-29,36,239,-32,66,2
-31,35,239,-22,65,2
-34,40,242,-14,63,4
-34,36,240,-9,62,3
-36,39,241,-8,60,3
-36,37,240,-9,62,1
-36,39,249,-15,64,-1
-36,41,244,-26,66,-2
-36,39,240,-39,68,-4
-35,34,243,-53,71,-5
-31,36,242,-64,74,-5
-34,40,241,-71,76,-5
-32,36,242,-74,76,-3
-37,35,245,-71,77,-2
-33,36,243,-67,78,-1
-34,38,242,-63,77,0
-36,34,241,-62,77,2
-33,36,241,-63,76,3
-33,37,242,-65,75,3
-36,38,242,-68,74,4
-34,35,244,-73,74,6
-36,37,243,-73,74,6
-35,41,245,-71,75,8
-32,36,243,-65,76,10
-36,38,244,-58,78,11
-33,36,241,-49,80,11
-35,35,242,-41,83,11
-35,36,239,-32,85,11
-36,36,241,-28,83,9
-34,34,243,-26,81,8
-35,34,239,-29,79,5
-34,38,240,-32,77,3
-36,35,237,-37,73,0
-37,38,242,-44,69,1
-36,34,239,-50,66,-1
-35,35,242,-58,65,0
-34,39,242,-62,63,1
-38,38,241,-66,62,0
-33,36,242,-70,61,3
-36,36,245,-72,61,3
-31,36,245,-74,62,4
-34,38,242,-74,65,4
-35,35,247,-75,68,4
-34,35,240,-73,69,4
-33,32,244,-71,72,4
-36,35,246,-68,74,4
-36,35,237,-64,74,5
-36,37,242,-61,73,2
-35,35,240,-59,71,2
-39,40,238,-57,70,2
-37,36,237,-58,66,1
-35,32,240,-58,63,1
-34,34,244,-57,61,3
-34,37,241,-57,60,2
-35,34,239,-57,59,2
-34,35,240,-58,62,0
-37,37,242,-58,61,1
-36,31,244,-58,60,0
-35,30,241,-56,59,-1
-38,36,242,-55,59,-2
-35,32,244,-53,60,-2
-34,29,243,-49,63,-3
-36,31,240,-44,64,-4
-36,27,238,-38,66,-5
-34,30,241,-30,68,-3
-38,32,240,-25,69,-4
-38,32,241,-18,70,-4
-38,31,243,-16,68,-5
-36,31,240,-14,69,-6
-36,37,243,-17,69,-6
-38,34,242,-25,69,-5
-38,34,241,-34,67,-6
-35,44,243,-45,66,-8
-36,35,242,-55,64,-7
-34,34,243,-65,62,-6
-38,35,241,-70,61,-6
-32,30,245,-73,62,-6
-35,34,245,-74,62,-5
-35,35,240,-71,64,-5
-34,32,240,-66,64,-5
-32,34,240,-59,63,-5
-36,32,239,-49,63,-4
-35,31,243,-42,65,-4
-34,30,239,-35,66,-4
-36,34,237,-30,68,-2
-37,37,237,-30,67,-2
-34,32,240,-31,70,-2
-33,33,244,-36,71,0
-33,34,239,-39,71,1
-33,35,244,-41,72,2
-31,31,238,-41,73,3
-33,32,244,-40,74,3
-34,33,241,-35,74,4
-32,30,241,-26,76,5
-34,30,240,-17,76,7
-35,32,240,-8,79,8
-38,31,240,0,83,10
-38,32,240,6,89,12
-37,31,240,12,96,15
-37,33,240,14,105,17
-38,35,241,13,113,16
-38,33,239,12,122,14
-36,36,243,8,129,10
-35,31,245,2,134,6
-33,34,243,-4,134,3
-30,34,243,-13,132,1
-32,37,244,-21,129,1
-28,31,245,-30,123,-1
-32,34,242,-35,118,1
-29,31,242,-40,114,4
-34,33,244,-41,110,6
-34,34,245,-39,105,7
-32,31,245,-33,102,8
-35,31,243,-26,100,10
-38,28,244,-18,98,7
-36,33,243,-8,94,7
-34,29,240,-2,93,5
-36,30,245,2,89,4
-36,34,243,4,84,2
-37,32,237,1,83,2
-35,29,240,-2,78,1
-37,32,240,-4,74,-1
-34,32,237,-3,70,1
-36,32,236,2,68,1
-35,34,240,12,65,-1
-35,32,238,21,62,-2
-34,33,240,31,63,-5
-35,31,240,41,61,-5
-38,29,240,46,60,-7
-37,32,240,50,61,-8
-38,31,239,49,61,-10
-38,31,240,43,62,-11
-40,33,246,35,63,-13
-40,31,240,23,65,-12
-38,33,244,8,67,-13
-37,33,248,-7,67,-13
-40,32,243,-18,71,-11
-43,33,236,-24,72,-10
-36,29,244,-24,75,-9
-37,32,243,-19,74,-9
-37,30,242,-11,74,-7
-35,31,241,-5,73,-7
-38,33,241,4,69,-5
-33,31,239,8,67,-5
-36,32,242,10,65,-5
-36,36,242,12,65,-3
-37,31,237,14,62,-2
-38,32,240,16,61,-1
-35,34,240,21,60,0
-34,33,240,26,59,2
-37,35,240,31,57,1
-38,35,240,36,56,1
-35,33,241,39,56,2
-37,34,242,42,55,0
-36,37,244,41,55,0
-32,32,240,39,53,0
-34,36,239,35,53,-2
-34,37,238,32,52,-2
-32,37,242,27,52,-3
-29,35,238,22,50,-4
-37,35,242,19,50,-4
-37,37,244,16,51,-4
-37,34,245,13,51,-5
-36,35,240,12,52,-5
-38,35,245,10,54,-6
-37,36,240,8,55,-5
-34,34,247,6,56,-4
-33,35,243,3,58,-5
-35,35,243,3,59,-5
-35,38,242,2,61,-6
-36,34,242,1,62,-8
-37,33,244,3,64,-7
-37,35,243,5,66,-8
-37,32,242,10,66,-9
-35,34,240,11,69,-8
-36,36,242,15,67,-7
-38,32,244,17,67,-7
-38,31,240,18,67,-7
-35,34,238,20,68,-7
-35,36,240,21,69,-8
-35,36,239,22,70,-8
-38,36,240,22,72,-6
-36,38,245,19,75,-5
-35,37,240,15,77,-5
-32,37,240,12,76,-5
-33,35,244,8,76,-4
-35,36,244,4,75,-5
-33,35,242,0,72,-5
-34,33,246,-3,70,-6
-36,35,240,-4,70,-6
-36,34,245,-5,70,-5
-35,33,242,1,70,-4
-40,33,243,10,70,-5
-34,32,239,19,70,-4
-35,31,240,29,69,-2
-35,33,241,35,67,-3
-38,34,240,40,67,-2
-36,36,236,41,64,-1
-36,37,237,37,62,-1
-37,40,239,32,59,-2
-35,40,237,25,58,-4
-38,42,237,17,57,-4
-31,40,243,8,58,-5
-36,39,243,-1,58,-5
-33,37,240,-7,60,-7
-36,38,246,-10,60,-5
-37,37,241,-11,63,-6
-37,39,245,-10,64,-6
-37,34,245,-7,65,-6
-36,34,245,-4,68,-5
-39,35,242,-1,67,-5
-37,34,243,3,67,-6
-38,35,242,4,68,-5
-36,37,240,4,69,-5
-38,38,243,2,68,-5
-37,36,240,1,70,-5
-37,37,241,-2,70,-3
-34,32,240,-3,69,-2
-36,34,244,-3,69,1
-36,37,241,0,68,0
-35,36,242,2,66,0
-36,37,239,7,65,0
-34,35,242,12,65,1
-35,38,243,17,64,-1
-35,33,243,20,63,-1
-33,36,243,23,63,-1
-34,35,240,26,62,-1
-36,35,245,28,63,-2
-37,35,243,28,64,-1
-33,38,245,27,62,-1
-37,37,240,25,61,-1
-37,38,241,21,62,-1
-37,41,243,16,60,-1
-36,38,245,12,58,-3
-35,34,240,6,57,-5
-33,38,245,2,57,-5
-33,40,241,1,57,-4
-34,37,243,0,58,-6
-33,38,242,-3,59,-7
-35,36,247,-2,61,-6
-34,37,244,-3,63,-6
-34,35,244,-5,65,-7
-37,38,242,-7,66,-8
-36,38,241,-11,68,-7
-36,42,244,-17,72,-6
-34,38,241,-26,74,-5
-36,34,248,-33,75,-4
-34,36,243,-38,73,-3
-31,33,245,-36,73,-4
-33,37,239,-33,71,-4
-35,34,240,-28,69,-5
-35,35,241,-24,67,-5
-36,36,239,-18,68,-4
-33,35,241,-16,66,-3
-35,35,243,-14,67,-2
-32,38,238,-13,67,-1
-35,37,243,-13,66,-3
-38,38,240,-14,66,-3
-35,37,240,-12,65,-3
-38,38,240,-10,63,-3
-37,36,240,-7,60,-3
-36,37,238,-1,61,-4
-35,39,241,4,59,-6
-36,38,243,7,60,-6
-37,38,241,10,61,-6
-35,38,240,13,65,-6
-35,35,240,15,65,-4
-33,35,240,18,66,-5
-34,36,240,19,67,-7
-33,37,243,20,69,-7
-37,37,239,19,71,-6
-36,35,241,13,73,-7
-37,37,242,8,76,-7
-36,36,243,-1,79,-9
-37,35,242,-7,80,-8
-34,37,242,-6,80,-6
-33,35,240,-1,80,-4
-34,37,239,5,79,-3
-35,36,242,13,78,-3
-33,36,244,19,77,0
-33,40,239,18,76,0
-35,37,241,16,73,1
-36,37,244,12,68,0
-36,37,240,5,64,-2
-34,39,242,2,62,-3
-34,38,241,-1,62,-2
-36,35,240,-1,62,-2
-35,36,239,2,65,-1
-31,40,244,7,68,-1
-28,39,237,11,71,0
-36,38,242,15,73,0
-36,41,242,17,73,0
-34,38,243,16,73,0
-35,41,242,15,72,-2
-33,41,243,10,71,-1
-35,42,242,5,70,-1
-37,41,242,2,68,0
-32,37,243,-1,67,-1
-36,40,237,-4,68,0
-32,40,242,-6,71,1
-34,41,240,-6,75,1
-38,42,244,-8,82,1
-35,41,243,-9,90,0
-34,41,244,-11,98,-1
-36,41,243,-14,107,-2
-35,40,241,-19,113,-4
-32,40,242,-25,118,-6
-36,40,242,-30,118,-7
-34,39,240,-35,116,-9
-34,38,245,-41,114,-9
-36,38,238,-46,111,-8
-33,25,248,-49,107,-8
-34,38,246,-50,104,-7
-34,35,246,-47,99,-6
-36,34,244,-41,93,-6
-34,33,244,-35,89,-6
-38,33,238,-30,86,-5
-34,36,239,-23,83,-4
-39,37,242,-18,79,-4
-36,34,239,-13,75,-3
-36,34,237,-9,73,0
-38,35,242,-7,73,0
-36,38,238,-4,73,0
-37,40,240,-3,73,-2
-37,41,241,-5,72,0
-34,38,242,-11,74,1
-35,38,243,-14,74,-1
-36,39,240,-18,74,-2
-38,37,242,-19,73,-2
-36,38,240,-19,73,-1
-37,33,239,-15,72,-2
-37,36,236,-9,72,-2
-38,36,239,-2,74,-3
-37,33,236,1,74,-2
-39,39,236,4,77,-3
-39,36,238,2,76,-3
-36,38,240,-5,76,-4
-38,37,243,-10,76,-4
-41,38,241,-19,73,-5
-37,38,239,-24,72,-7
-40,38,239,-30,72,-7
-36,39,242,-33,72,-6
-38,36,244,-35,72,-6
-36,38,240,-36,74,-7
-35,36,245,-34,75,-5
-35,36,240,-32,74,-5
-38,38,240,-29,73,-3
-37,40,244,-26,73,-4
-35,37,240,-22,71,-4
-41,40,242,-17,70,-4
-37,38,238,-14,71,-4
-37,38,241,-12,72,-5
-37,36,243,-10,73,-5
-39,40,244,-9,74,-5
-34,35,243,-10,75,-4
-35,36,241,-13,78,-5
-34,36,243,-14,80,-5
-39,38,240,-13,81,-5
-36,35,241,-9,83,-7
-38,37,242,-3,84,-6
-35,37,240,3,86,-3
-37,38,237,7,88,-3
-35,38,241,10,92,-3
-34,37,240,13,95,-4
-34,40,240,9,101,-2
-37,40,242,5,104,-3
-36,37,242,-1,107,-3
-34,37,241,-10,111,-5
-35,37,241,-16,115,-4
-37,40,242,-22,118,-7
-38,41,242,-24,119,-8
-38,38,240,-25,118,-8
-38,35,241,-28,116,-8
-35,38,242,-29,111,-7
-37,35,239,-26,107,-5
-38,37,240,-23,103,-3
-35,34,243,-19,100,-2
-41,33,235,-14,96,0
-35,36,241,-8,91,2
-36,36,237,-2,88,3
-36,36,238,2,85,2
-38,39,242,4,83,3
-35,35,243,7,80,2
-35,34,241,6,78,3
-40,38,240,4,77,2
-36,39,243,2,74,1
-42,39,241,-1,72,-1
-37,39,239,-3,71,-1
-37,38,241,-7,71,-1
-40,40,243,-9,70,-2
-37,36,243,-11,69,-3
-41,41,246,-14,70,-3
-39,37,244,-17,70,-2
-37,38,242,-22,69,-2
-37,36,243,-23,70,-3
-38,37,238,-23,69,-2
-39,38,242,-23,69,-3
-38,37,240,-23,69,-3
-41,39,245,-19,68,-3
-39,36,239,-19,68,-1
-37,36,241,-17,68,0
-38,37,242,-14,67,0
-38,38,241,-12,66,0
-37,37,239,-12,65,0
-37,38,241,-11,64,0
-37,37,241,-11,62,-1
-36,37,244,-13,60,-1
-38,38,241,-15,58,-4
-38,39,240,-16,59,-3
-40,40,241,-18,57,-3
-37,37,241,-22,57,-5
-37,37,245,-23,59,-5
-38,42,242,-26,59,-4
-37,38,244,-24,58,-4
-36,34,242,-22,59,-2
-38,36,241,-19,60,-1
-35,34,243,-15,60,0
-39,38,243,-9,61,-1
-39,36,242,-5,60,-1
-38,36,236,-1,59,-1
-36,39,248,2,58,-2
-35,37,242,2,59,-3
-39,41,241,1,59,-3
-35,35,240,-3,59,-2
-33,37,240,-8,61,-2
-37,38,242,-11,61,-1
-39,39,239,-11,61,-2
-37,37,241,-10,59,-3
-37,39,241,-8,59,-3
-39,38,239,-3,58,-5
-37,38,238,3,59,-6
-37,37,239,8,59,-4
-37,38,241,13,61,-4
-39,38,240,14,63,-5
-36,36,243,16,66,-4
-37,38,238,18,68,-4
-37,37,239,19,69,-3
-36,37,241,22,70,-2
-38,36,239,24,68,-2
-37,33,240,28,68,-3
-37,38,239,28,67,-5
-38,35,242,28,68,-5
-38,35,240,23,70,-6
-37,38,243,16,73,-7
-41,39,241,12,75,-6
-36,38,243,15,75,-6
-35,38,239,21,74,-4
-37,37,239,28,71,-4
-37,38,239,35,69,-4
-34,35,241,38,68,-3
-39,41,240,36,64,-3
-35,38,241,29,61,-3
-38,40,238,18,56,-3
-35,39,240,8,50,-4
-37,41,242,-3,40,-8
-37,41,241,-8,36,-6
-38,37,243,-8,43,-4
-36,40,242,-2,53,-3
-36,39,243,9,62,-1
-38,39,245,19,70,1
-35,42,243,25,73,1
-35,43,238,26,75,1
-36,42,237,21,75,-2
-41,41,237,8,77,-7
-37,40,238,-4,74,-8
-39,41,238,-11,70,-9
-40,42,241,-10,63,-8
-34,39,237,-6,57,-9
-39,42,239,-6,56,-11
-39,39,242,-5,59,-12
-38,39,244,-2,61,-10
-35,38,243,7,59,-6
-34,37,239,12,60,-5
-35,41,241,11,62,-5
-35,40,239,10,65,-4
-39,42,243,6,66,-3
-38,41,242,5,66,-3
-38,40,238,4,66,-2
-38,39,244,2,66,-3
-37,38,241,3,65,-4
-38,39,240,3,65,-3
-40,40,238,3,64,-4
-35,36,242,2,66,-3
-36,39,242,-1,68,-4
-37,41,238,0,68,-4
-38,38,239,1,68,-4
-33,38,249,2,69,-4
-37,37,244,1,69,-4
-37,39,240,2,71,-4
-37,42,240,3,71,-3
-38,42,242,3,72,-2
-37,39,242,3,74,-4
-39,39,241,5,73,-3
-35,43,244,8,71,0
-38,40,242,8,67,0
-35,38,240,5,64,1
-37,41,244,1,63,0
-35,39,242,-3,60,-1
-38,37,240,-4,59,-4
-39,41,240,-4,57,-3
-38,39,239,0,56,-3
-37,39,237,5,59,-4
-37,39,238,12,61,-6
-38,42,238,18,63,-6
-37,40,243,22,65,-5
-37,43,237,21,69,-5
-36,42,241,11,77,-8
-36,42,236,3,79,-11
-38,44,237,-5,82,-12
-37,43,242,-20,87,-11
-38,42,243,-39,89,-13
-40,41,243,-38,82,-12
-39,41,245,-32,74,-10
-36,40,246,-30,68,-9
-36,43,239,-29,69,-8
-39,39,241,-29,71,-9
-39,43,243,-29,72,-10
-39,43,240,-27,72,-8
-36,39,244,-22,68,-5
-36,40,239,-19,66,-5
-35,42,243,-14,64,-4
-35,41,238,-12,63,-4
-37,41,238,-13,66,-6
-38,41,239,-15,67,-6
-37,44,237,-15,70,-7
-37,43,242,-23,76,-8
-38,41,242,-28,76,-9
-37,40,238,-25,72,-8
-40,39,246,-19,69,-6
-36,39,240,-13,65,-4
-37,41,239,-11,65,-4
-38,37,244,-7,66,-3
-36,41,239,-2,67,-2
-37,41,243,0,70,-1
-36,38,240,2,71,0
-35,41,242,5,70,-1
-37,40,239,7,69,-1
-38,38,240,8,68,-1
-37,42,239,7,67,-1
-35,39,241,5,68,-2
-34,37,240,2,68,-3
-35,43,240,0,66,-5
-37,41,240,-4,66,-4
-39,40,242,-12,68,-4
-38,42,243,-20,72,-5
-38,41,243,-18,71,-5
-36,39,239,-19,71,-6
-37,39,241,-13,67,-5
-36,39,244,-7,65,-3
-36,39,241,-4,62,-4
-36,40,239,-2,63,-5
-37,43,233,-3,64,-4
-36,38,239,-4,64,-3
-35,38,240,-6,65,-4
-35,39,242,-8,67,-4
-36,39,241,-13,69,-4
-38,40,241,-17,71,-2
-35,41,240,-19,70,-4
-38,41,240,-25,73,-3
-38,43,243,-29,74,-4
-37,38,244,-26,73,-3
-36,41,239,-20,68,-4
-38,40,240,-14,67,-4
-37,41,239,-11,66,-2
-36,41,243,-8,65,0
-36,42,238,-6,66,-2
-37,42,242,-5,65,0
-38,40,242,-5,64,-2
-38,42,238,-3,62,-2
-36,44,243,0,58,-4
-37,40,241,3,58,-4
-38,40,241,4,57,-5
-36,40,241,6,57,-6
-37,34,232,6,61,-7
-37,39,240,5,62,-9
-37,39,242,-1,67,-9
-39,36,241,-3,71,-7
-39,39,240,1,73,-7
-37,36,239,12,70,-5
-38,36,242,22,67,-5
-38,41,239,28,67,-4
-34,42,240,33,68,-5
-37,40,240,35,72,-7
-35,40,239,35,75,-7
-39,40,237,35,78,-7
-38,41,238,31,83,-10
-38,43,239,29,88,-10
-39,42,238,30,87,-7
-35,40,237,32,87,-5
-36,42,240,30,87,-6
-38,40,241,31,87,-5
-35,39,240,31,82,-5
-38,43,242,26,81,-5
-38,41,242,18,81,-6
-37,40,239,18,74,-3
-39,40,237,22,70,-2
-39,45,243,22,69,-6
-36,43,240,25,68,-7
-37,45,241,30,67,-4
-36,43,242,29,69,-4
-38,45,242,29,70,-4
-34,46,243,28,73,-4
-38,46,239,22,76,-8
-35,47,240,12,79,-9
-38,42,242,7,78,-9
-38,45,242,5,71,-7
-36,44,240,7,68,-8
-38,45,240,7,64,-7
-37,42,240,3,62,-7
-39,45,243,2,61,-8
-38,41,241,1,60,-8
-37,42,240,1,61,-7
-36,42,244,1,61,-6
-39,42,244,-3,63,-5
-36,46,241,-4,66,-6
-37,43,240,-13,69,-6
-33,41,245,-18,74,-7
-36,41,241,-18,74,-5
-38,44,245,-20,73,-5
-37,40,239,-20,72,-4
-35,43,241,-24,74,-6
-36,41,242,-26,73,-5
-37,43,243,-23,71,-4
-40,42,240,-19,69,-3
-35,38,242,-18,68,-3
-38,43,242,-15,66,-5
-39,44,239,-16,65,-3
-39,43,241,-19,65,-3
-37,42,244,-23,65,-4
-36,40,238,-25,67,-4
-37,41,239,-31,68,-3
-37,44,239,-41,71,-3
-34,43,240,-49,74,-2
-39,43,242,-55,76,-1
-38,43,241,-58,73,-2
-37,41,244,-60,72,1
-36,41,244,-62,67,1
-35,41,247,-62,64,-1
-35,43,240,-60,62,-3
-36,40,241,-54,60,-4
-38,43,241,-51,60,-2
-40,40,244,-45,63,-5
-38,37,242,-37,64,-3
-40,39,243,-31,65,-3
-36,40,239,-28,65,-3
-39,40,240,-28,65,-3
-41,42,240,-30,65,-6
-40,44,240,-34,66,-6
-39,42,241,-41,65,-6
-39,42,245,-49,65,-8
-37,42,241,-58,64,-8
-36,42,243,-64,63,-7
-38,43,243,-69,64,-8
-38,41,240,-73,64,-5
-35,39,246,-73,63,-5
-37,39,239,-74,64,-6
-37,38,242,-72,64,-6
-36,40,244,-69,66,-4
-34,40,240,-66,69,-3
-39,40,241,-64,68,-4
-36,42,250,-60,69,-4
-39,41,240,-55,69,-4
-41,39,242,-55,68,-4
-38,40,241,-54,67,-3
-35,38,240,-54,67,-3
-37,41,240,-55,66,-3
-37,42,240,-58,66,-2
-36,39,242,-60,65,-2
-34,39,243,-61,65,-2
-36,40,244,-62,64,-2
-35,40,242,-61,63,-1
-35,40,241,-60,63,1
-37,41,243,-59,64,0
-36,39,241,-56,63,1
-35,41,239,-53,64,2
-32,38,241,-52,65,2
-38,37,241,-51,65,2
-34,38,242,-51,66,2
-37,39,238,-54,64,1
-37,40,240,-57,64,1
-36,39,239,-59,64,1
-36,40,243,-62,65,2
-34,33,240,-64,65,0
-38,40,242,-67,64,1
-34,37,240,-69,63,1
-38,39,241,-71,62,-1
-36,36,243,-71,62,-3
-36,40,244,-71,63,0
-35,36,240,-70,63,1
-35,36,240,-69,64,2
-37,34,242,-68,64,0
-36,37,242,-67,66,-1
-38,35,243,-66,67,0
-37,36,240,-66,66,0
-37,36,243,-67,66,3
-40,37,241,-66,66,2
-35,37,244,-67,65,4
-39,35,240,-68,63,3
-35,37,241,-68,63,1
-38,37,243,-67,61,2
-36,37,240,-65,62,2
-36,37,241,-64,62,1
-36,39,240,-61,61,3
-38,35,241,-61,61,2
-37,36,239,-62,61,0
-38,36,240,-60,62,1
-36,36,241,-61,63,0
-38,36,242,-60,61,1
-35,36,238,-60,60,3
-38,36,239,-60,59,1
-39,35,242,-60,60,2
-37,36,244,-60,59,2
-38,37,241,-59,60,0
-40,40,243,-56,60,1
-39,35,242,-53,61,0
-37,37,243,-51,60,-1
-35,37,244,-51,62,-1
-35,35,240,-50,63,0
-37,34,240,-50,62,0
-35,35,240,-50,63,-1
-37,34,246,-51,65,0
-35,34,241,-51,65,0
-40,36,242,-49,65,1
-35,35,239,-49,66,2
-38,37,242,-48,66,1
-39,43,239,-47,67,0
-37,32,241,-46,69,1
-40,37,241,-45,70,2
-36,36,237,-45,68,2
-35,35,241,-44,69,1
-37,37,242,-43,69,0
-37,37,240,-44,68,1
-37,35,242,-45,68,2
-36,36,240,-45,66,3
-37,34,241,-45,66,2
-37,33,242,-46,68,1
-35,34,242,-46,69,1
-36,35,240,-45,68,1
-34,32,243,-45,69,0
-37,32,244,-45,70,0
-36,36,242,-44,68,2
-34,30,239,-44,67,3
-37,34,242,-41,67,2
-34,34,242,-40,65,1
-36,32,242,-40,66,2
-36,33,243,-39,68,1
-34,34,243,-40,68,1
-36,35,242,-38,67,3
-35,31,240,-38,69,2
-36,32,241,-40,68,1
-35,33,242,-40,69,2
-38,35,241,-41,67,1
-36,36,239,-40,67,0
-37,32,242,-42,66,1
-37,34,244,-43,67,3
-34,31,246,-43,67,2
-36,34,242,-42,69,1
-36,33,241,-42,70,2
-36,34,242,-40,70,2
-38,32,243,-40,68,4
-38,33,241,-40,67,5
-37,34,241,-40,66,4
-36,35,239,-42,66,3
-37,37,244,-41,65,3
-38,34,240,-41,66,2
-37,34,243,-41,66,3
-35,34,241,-42,65,3
-35,33,243,-41,64,3
-34,34,242,-40,66,3
-39,35,243,-40,66,2
-34,31,240,-41,65,3
-36,34,240,-41,65,0
-37,35,240,-40,65,3
-37,29,240,-37,64,3
-37,35,242,-37,64,3
-36,33,240,-36,62,4
-35,30,239,-35,61,1
-37,35,241,-34,62,0
-35,31,243,-33,63,0
-37,35,240,-35,63,-2
-39,32,243,-36,63,-2
-39,34,243,-38,63,-2
-36,33,240,-42,64,-1
-35,35,242,-49,65,-1
-36,30,239,-55,67,0
-33,32,244,-58,69,0
-35,31,241,-59,71,2
-35,34,243,-56,70,3
-35,31,244,-52,68,5
-37,32,239,-45,68,4
-33,28,242,-38,66,5
-35,35,240,-32,66,3
-38,30,242,-27,65,3
-37,33,242,-25,63,2
-37,31,242,-26,63,0
-39,35,239,-30,63,0
-36,34,245,-36,65,-2
-35,32,242,-42,66,-3
-37,35,243,-43,64,-4
-35,33,244,-42,65,-4
-36,33,242,-40,63,-4
-36,31,244,-33,63,-3
-34,32,243,-23,62,0
-39,34,242,-11,61,2
-36,31,241,-3,64,3
-35,31,242,7,61,3
-35,28,238,12,62,2
-38,30,241,12,65,2
-37,32,241,9,66,-1
-38,32,238,4,68,-2
-38,32,242,-5,69,-5
-38,31,245,-16,71,-6
-38,32,243,-33,73,-7
-37,34,243,-48,78,-5
-38,31,250,-61,81,-5
-35,28,243,-68,87,-5
-36,30,245,-69,88,-4
-33,29,242,-62,89,-4
-36,30,246,-52,90,-4
-35,28,244,-41,86,-4
-36,29,241,-32,83,-2
-33,30,239,-27,79,-2
-37,30,239,-25,75,-1
-35,32,236,-26,71,-1
-36,29,240,-27,67,-1
-36,34,242,-27,65,1
-36,31,240,-21,64,1
-36,33,240,-13,66,5
-34,29,243,-2,65,6
-37,32,241,12,63,5
-34,34,240,22,64,3
-35,33,240,27,64,4
-41,37,241,25,64,2
-37,36,243,22,66,-1
-34,35,243,14,65,-3
-38,34,240,1,63,-4
-35,34,238,-11,62,-4
-36,33,243,-21,62,-5
-38,34,242,-27,61,-4
-35,33,243,-29,61,-4
-36,35,244,-30,62,-4
-33,33,242,-29,63,-3
-35,32,240,-25,65,-2
-36,32,243,-20,68,-2
-36,33,238,-15,70,0
-39,32,241,-10,71,1
-35,32,243,-7,72,2
-34,29,242,-7,74,3
-34,31,241,-7,74,2
-37,29,241,-8,74,1
-37,29,240,-5,74,0
-35,29,241,-3,73,0
-35,32,243,-1,71,-1
-37,30,241,0,70,-1
-36,29,239,-2,69,-3
-38,30,241,-1,67,-3
-40,33,239,-3,68,-4
-37,32,241,-3,67,-4
-37,30,241,0,66,-3
-35,28,241,0,66,-4
-39,31,242,1,68,-2
-33,31,241,3,67,-2
-36,33,240,4,69,-2
-35,30,240,5,68,-2
-36,29,240,3,67,-1
-39,32,244,4,66,-1
-39,32,244,1,65,-1
-37,30,241,-2,65,0
-33,28,241,-4,66,-1
-36,30,240,-4,67,-1
-37,29,241,0,68,-1
-36,30,240,7,68,-1
-39,30,240,17,68,-1
-34,28,236,25,67,1
-35,28,241,31,68,0
-37,28,240,36,68,0
-39,34,242,36,68,-2
-38,33,238,33,68,-4
-37,34,240,25,67,-3
-40,34,239,16,67,-5
-36,33,244,7,68,-5
-37,33,241,-2,67,-4
-35,33,243,-9,69,-4
-37,38,245,-11,68,-3
-38,32,243,-15,68,-3
-35,34,244,-17,68,-2
-36,32,242,-16,69,-2
-37,31,243,-14,65,-3
-33,33,242,-10,64,-3
-37,35,244,-4,62,-3
-36,33,242,1,60,-2
-35,32,239,6,61,-3
-39,35,244,9,62,-3
-35,34,241,10,64,-2
-35,35,242,10,66,0
-38,36,244,8,67,-2
-35,35,245,7,70,-1
-36,34,239,4,73,-1
-37,34,245,4,72,-1
-36,32,241,7,72,0
-40,27,244,10,71,-2
-36,34,243,15,69,-1
-34,31,241,20,70,-1
-36,33,239,25,69,-2
-37,32,240,27,69,-3
-33,31,240,28,70,-2
-38,30,242,29,69,0
-34,31,240,25,68,-1
-35,33,244,25,67,-2
-36,32,242,21,67,-3
-38,32,243,18,67,-2
-37,37,240,16,65,-2
-36,35,242,13,63,-3
-38,33,239,11,64,-4
-37,32,242,11,65,-5
-39,36,241,10,65,-5
-35,32,241,7,65,-6
-36,35,240,6,65,-4
-35,32,242,6,65,-3
-35,35,241,5,65,-2
-35,31,242,4,66,-3
-35,34,242,5,66,-2
-36,34,241,6,66,-2
-36,32,242,6,66,-2
-37,33,242,5,66,-2
-35,33,242,6,64,-1
-34,35,242,7,65,-2
-36,31,242,7,65,-1
-36,34,240,7,65,-1
-36,36,242,10,62,-2
-37,36,243,9,63,-2
-35,33,243,10,63,-1
-39,38,245,10,62,-1
-37,35,242,9,62,-1
-37,33,242,8,62,-2
-38,35,239,7,62,-2
-34,35,244,7,62,-2
-39,37,243,6,62,-1
-38,36,239,4,61,-1
-37,32,241,2,61,-2
-37,35,240,1,61,-4
-37,36,244,-4,62,-3
-36,36,244,-8,62,-5
-34,36,245,-12,63,-4
-34,34,240,-15,65,-3
-35,35,242,-18,68,-1
-36,33,244,-16,68,0
-34,33,244,-12,69,0
-34,35,241,-6,68,1
-36,33,240,0,66,1
-34,36,239,6,64,0
-35,35,240,10,63,0
-35,33,241,15,63,0
-37,36,240,15,62,0
-37,35,238,13,61,0
-35,34,240,11,60,-1
-35,35,242,5,60,-2
-36,36,246,0,60,-2
-32,36,242,-4,59,-2
-36,38,242,-4,57,-5
-34,35,242,0,56,-4
-37,36,240,7,55,-5
-34,34,241,12,55,-5
-36,34,238,17,55,-3
-39,33,240,21,57,-3
-39,31,243,25,59,-4
-38,35,244,27,62,-4
-37,36,241,29,63,-3
-36,36,237,29,65,-3
-36,32,241,32,67,-3
-35,35,243,31,68,-4
-39,34,240,31,72,-3
-38,34,242,27,76,-3
-38,35,241,25,77,-5
-34,33,244,19,81,-6
-33,37,239,13,83,-7
-37,34,242,7,87,-9
-37,34,243,3,89,-8
-35,33,238,4,89,-8
-34,36,240,7,90,-7
-36,34,241,11,89,-7
-35,32,240,17,87,-5
-35,39,238,22,84,-5
-39,38,239,25,78,-6
-38,35,238,23,74,-6
-35,36,238,22,69,-6
-31,35,237,21,65,-6
-40,32,241,22,61,-5
-35,38,239,23,60,-3
-36,40,240,24,60,-3
-35,36,240,24,62,-4
-38,38,244,23,67,-4
-33,38,240,23,69,-5
-35,38,245,23,72,-6
-36,42,246,21,72,-5
-36,37,245,16,71,-6
-37,42,241,13,68,-8
-33,37,243,7,66,-6
-35,36,240,3,66,-10
-36,38,241,-1,66,-9
-35,34,247,-3,65,-8
-35,36,240,-1,65,-6
-38,37,241,1,66,-8
-38,38,240,5,67,-6
-37,40,239,9,67,-5
-32,37,243,12,69,-4
-36,39,241,15,71,-4
-36,37,243,15,73,-4
-33,40,246,14,76,-3
-36,37,242,12,76,-4
-36,34,240,11,77,-4
-36,37,239,8,78,-3
-38,36,240,6,74,-4
-37,34,241,6,73,-3
-38,37,242,3,73,-6
-35,35,247,2,72,-5
-35,35,242,4,71,-2
-36,39,240,6,68,-3
-33,39,241,7,67,-5
-35,38,241,8,68,-5
-36,40,240,10,67,-5
-36,35,242,11,66,-5
-34,37,239,12,67,-4
-35,38,240,11,67,-3
-36,37,242,7,71,-4
-35,38,241,4,74,-4
-35,39,241,5,73,-2
-36,38,240,6,72,-1
-34,38,242,5,70,-1
-36,38,242,-1,70,-1
-36,41,247,-7,71,-4
-36,35,244,-8,67,-3
-36,37,241,-6,64,-3
-34,36,241,-3,61,-3
-35,37,245,3,63,-3
-35,36,240,12,65,-3
-35,34,241,16,67,-3
-38,34,240,22,70,-4
-37,38,239,25,71,-4
-35,39,238,25,72,-6
-35,41,238,19,74,-8
-36,38,237,7,77,-10
-38,41,242,-4,79,-11
-35,41,240,-11,78,-9
-35,39,244,-18,76,-8
-36,40,244,-22,75,-8
-37,37,239,-25,76,-9
-33,38,240,-20,76,-8
-34,37,241,-13,74,-5
-34,37,242,-8,72,-6
-34,38,242,-3,73,-5
-37,39,237,1,71,-6
-37,40,242,3,71,-4
-38,39,242,1,70,-6
-40,40,241,0,70,-6
-37,38,243,-1,68,-6
-35,38,242,-4,67,-5
-37,37,241,-8,67,-6
-35,37,244,-11,67,-6
-35,41,244,-12,67,-4
-35,38,242,-10,66,-4
-37,36,243,-6,66,-4
-35,38,238,-5,67,-4
-35,40,237,-7,74,-4
-35,39,241,-12,79,-5
-37,37,242,-11,79,-4
-37,38,245,-6,75,-2
-37,35,242,0,72,-2
-38,39,243,4,70,-3
-37,38,242,8,67,-3
-35,37,247,10,65,-1
-36,40,242,9,67,-3
-37,41,240,5,68,-3
-39,38,241,4,69,-3
-37,39,239,0,67,-4
-36,39,240,-2,69,-4
-35,38,241,-4,68,-4
-37,37,240,-10,71,-6
-37,37,240,-12,73,-5
-35,37,239,-10,72,-3
-37,36,242,-6,71,-3
-35,38,243,-4,68,-3
-34,38,241,-5,68,-3
-33,39,240,-8,71,-3
-34,40,240,-22,79,-3
-39,39,242,-35,84,-3
-37,35,242,-38,82,-5
-35,38,244,-29,76,-3
-39,38,244,-22,72,-2
-35,34,240,-17,68,-2
-33,36,242,-13,67,-2
-38,35,241,-9,67,-2
-36,39,243,-8,67,-2
-38,38,242,-8,67,-2
-37,39,239,-7,68,-2
-37,43,243,-10,69,-1
-35,37,241,-12,68,-3
-38,40,243,-13,68,-2
-36,39,239,-13,68,-3
-38,38,243,-14,67,-3
-37,39,245,-12,66,-3
-34,38,244,-10,65,-4
-38,38,241,-10,66,-3
-36,35,241,-9,65,-4
-36,38,244,-7,65,-4
-36,38,241,-5,65,-3
-36,36,241,-4,65,-3
-36,36,240,-2,66,-2
-35,39,238,-1,66,-2
-37,39,242,0,68,-3
-37,37,238,-2,70,-3
-35,41,239,-8,74,-3
-40,39,243,-8,73,-2
-38,39,243,-6,72,-3
-36,39,242,-2,68,-3
-38,38,244,1,67,-2
-35,37,242,1,65,-2
-32,38,241,3,64,-2
-37,38,242,4,64,-2
-38,41,238,5,63,-2
-38,39,242,5,64,-2
-38,41,240,4,64,-2
-36,39,240,4,65,-2
-39,38,242,6,65,-3
-34,38,244,8,65,-2
-37,39,245,8,65,-3
-38,39,239,10,64,-3
-34,40,240,8,68,-3
-37,41,242,-4,77,-5
-35,39,241,-15,83,-7
-37,36,242,-17,83,-5
-37,39,245,-14,80,-5
-37,36,246,-10,77,-4
-36,36,243,-3,73,-1
-37,38,244,3,69,-1
-35,37,242,7,69,-1
-36,38,240,8,68,-1
-33,38,244,9,70,-3
-34,40,248,10,70,-3
-35,42,237,12,71,-2
-34,39,238,12,72,-3
-38,41,241,9,73,-3
-37,40,241,8,74,-2
-36,37,243,8,74,-3
-37,42,240,10,73,-4
-36,39,245,12,69,-6
-36,43,240,14,67,-6
-37,40,243,15,67,-8
-39,40,243,18,68,-9
-36,40,239,18,70,-9
-35,40,238,14,75,-10
-36,38,245,9,80,-11
-39,42,242,13,78,-9
-34,39,241,20,75,-7
-35,39,241,24,71,-6
-35,35,240,27,70,-7
-35,36,238,25,70,-6
-35,40,243,23,73,-7
-35,36,237,18,77,-10
-36,40,246,10,86,-12
-37,41,243,8,88,-10
-36,37,242,10,89,-9
-38,37,241,14,88,-8
-33,39,238,19,87,-7
-33,37,237,24,89,-7
-39,43,239,19,97,-11
-37,39,240,19,99,-10
-36,41,236,21,95,-7
-35,40,237,19,92,-7
-37,40,238,12,87,-8
-35,39,238,10,81,-4
-36,37,236,-1,81,-6
-41,42,245,-7,80,-6
-33,41,241,-1,73,-1
-36,39,244,3,71,0
-37,41,243,11,67,1
-36,42,244,19,65,1
-32,46,241,19,67,0
-37,43,243,12,74,-3
-39,45,243,7,77,-6
-36,42,244,6,75,-5
-38,44,239,7,69,-5
-35,42,239,6,64,-6
-40,42,239,2,61,-5
-37,43,238,-4,62,-7
-38,44,240,-12,68,-10
-37,38,244,-12,68,-8
-35,43,241,-10,69,-7
-37,41,237,-12,73,-9
-37,39,241,-9,75,-8
-37,36,245,-4,74,-6
-37,41,239,3,73,-4
-38,40,241,5,72,-3
-35,43,239,5,73,-3
-36,41,243,3,73,-4
-39,42,241,2,72,-5
-38,40,243,1,72,-4
-38,41,237,0,72,-5
-37,40,240,0,73,-5
-38,40,242,1,73,-5
-38,41,244,3,72,-3
-38,40,241,2,73,-2
-37,37,241,1,74,-3
-35,36,243,0,74,-2
-37,43,239,-3,74,-3
-39,41,238,-6,74,-5
-38,40,244,-7,73,-5
-37,38,242,-5,70,-3
-35,42,244,-3,68,-4
-39,41,240,-2,67,-3
-35,39,242,0,65,-2
-34,37,238,2,65,-1
-35,39,241,1,66,-1
-36,43,242,2,64,0
-35,39,242,-1,58,-3
-34,41,242,-8,52,-4
-34,39,239,-9,50,-4
-34,40,238,-1,59,-4
-38,39,240,4,64,-1
-38,37,240,9,67,-2
-37,42,238,11,69,-3
-39,41,237,10,72,-4
-37,41,237,6,74,-5
-39,42,240,0,76,-4
-37,41,241,-6,77,-5
-38,45,241,-7,75,-7
-38,38,242,-12,76,-8
-37,42,241,-14,73,-7
-40,43,244,-15,69,-8
-38,46,243,-10,67,-8
-38,43,243,-9,65,-7
-35,42,241,-9,64,-5
-39,43,236,-10,66,-6
-36,42,237,-17,69,-6
-37,41,244,-24,74,-7
-38,41,240,-26,75,-7
-37,34,251,-25,74,-7
-37,44,240,-23,74,-7
-38,39,244,-18,71,-6
-37,42,241,-10,68,-3
-36,42,243,-4,67,-4
-37,43,240,0,68,-4
-39,46,239,2,68,-5
-35,42,238,2,69,-4
-38,42,240,1,69,-6
-37,42,244,-1,69,-5
-39,42,240,-3,68,-4
-37,42,239,-4,67,-4
-36,39,237,-4,67,-3
-35,40,242,-3,65,-2
-37,42,242,-3,65,-3
-38,42,238,-1,64,-2
-38,43,244,-1,65,-1
-33,40,242,-1,65,-2
-36,43,242,-5,68,-2
-34,42,243,-5,67,-3
-37,41,239,-7,68,-2
-36,41,239,-10,67,-3
-39,44,240,-15,67,-5
-34,41,244,-18,67,-4
-36,41,240,-20,67,-5
-35,40,243,-21,65,-5
-38,44,239,-23,65,-4
-38,44,238,-27,66,-4
-36,42,239,-30,66,-6
-37,44,244,-30,65,-5
-36,39,244,-32,66,-5
-35,39,242,-34,65,-5
-37,39,240,-35,65,-5
-36,38,242,-37,66,-4
-36,40,241,-40,66,-4
-37,37,244,-44,66,-2
-37,40,241,-48,67,-2
-38,42,241,-51,67,-1
-36,39,242,-55,67,-2
-38,42,243,-57,65,-3
-36,41,242,-57,64,-3
-37,41,241,-56,62,-3
-35,41,241,-55,63,-2
-35,39,240,-56,63,-3
-38,42,240,-56,63,-3
-37,43,238,-58,63,-2
-38,39,243,-61,63,-1
-37,41,242,-63,64,-2
-37,42,243,-65,65,-3
-35,40,242,-67,64,-3
-38,40,239,-68,65,-2
-37,40,242,-68,64,-2
-37,37,246,-68,65,-3
-37,39,239,-66,66,-4
-38,38,242,-65,67,-2
-36,40,242,-65,66,-2
-36,37,237,-64,67,-2
-35,44,239,-65,66,-1
-37,40,239,-65,67,-1
-38,40,241,-67,66,-3
-36,39,242,-68,66,-4
-37,40,240,-69,64,-3
-38,42,240,-73,62,-1
-38,39,238,-76,62,-2
-37,38,243,-76,61,-1
-37,37,238,-74,59,-2
-37,37,243,-69,61,-2
-37,37,245,-65,64,-2
-36,37,241,-60,65,-3
-35,37,239,-57,70,-1
-34,38,240,-58,73,-2
-36,39,243,-59,74,-2
-34,38,242,-59,73,-3
-37,37,244,-63,71,-2
-34,37,241,-66,71,-1
-38,38,244,-69,72,-2
-35,37,241,-73,72,-1
-36,37,246,-74,72,-2
-35,33,247,-73,72,-2
-38,37,242,-68,76,-2
-36,33,242,-64,81,-2
-36,36,245,-61,83,-1
-39,37,242,-55,83,1
-37,36,241,-53,81,-1
-37,38,243,-52,76,-1
-36,37,243,-54,73,-1
-37,38,241,-57,70,0
-38,38,241,-60,69,0
-38,38,243,-64,69,2
-34,36,240,-66,69,0
-38,38,243,-67,69,1
-38,36,244,-66,70,-1
-36,36,243,-63,72,0
-37,37,242,-61,72,-1
-38,38,240,-59,72,-1
-36,34,241,-56,71,-1
-35,35,242,-56,72,-2
-37,38,243,-58,74,-2
-35,35,244,-61,74,-1
-32,36,247,-65,74,-2
-38,36,241,-68,74,0
-35,34,246,-71,72,2
-36,33,244,-73,72,1
-37,36,245,-72,71,1
-33,33,243,-70,71,1
-38,36,242,-69,74,2
-36,36,241,-65,75,2
-34,31,242,-60,77,2
-36,35,240,-56,78,3
-39,37,244,-54,79,3
-39,39,244,-52,80,3
-35,35,244,-52,80,4
-38,39,243,-53,79,3
-37,35,240,-53,78,3
-39,34,240,-51,72,0
-38,35,242,-49,71,0
-38,36,243,-45,68,-1
-39,40,242,-44,67,0
-36,35,242,-41,66,1
-36,34,238,-37,69,2
-33,33,241,-34,71,3
-38,33,244,-29,73,3
-36,33,238,-27,74,3
-35,34,239,-26,75,2
-34,32,237,-25,77,1
-41,31,242,-27,76,0
-40,31,242,-29,77,-2
-40,36,243,-35,77,-4
-39,34,242,-42,80,-4
-43,34,242,-50,85,-5
-36,31,242,-57,87,-5
-39,31,244,-60,90,-5
-39,34,243,-60,91,-3
-38,33,241,-56,92,-4
-40,33,239,-49,93,-3
-38,38,239,-42,91,-2
-37,30,241,-38,89,-2
-38,34,239,-38,86,-1
-36,34,242,-38,83,0
-36,34,241,-42,79,0
-36,32,244,-46,76,1
-37,33,237,-47,74,2
-37,35,244,-47,73,2
-36,36,243,-43,71,4
-36,32,242,-36,68,6
-35,34,240,-29,67,6
-36,31,242,-20,66,5
-37,35,242,-15,68,3
-36,34,243,-13,69,3
-37,36,244,-14,70,0
-38,32,242,-22,70,-2
-37,31,240,-29,67,-4
-39,35,245,-39,65,-5
-36,35,242,-46,63,-6
-46,35,245,-53,62,-7
-37,31,242,-57,58,-5
-40,35,245,-57,57,-5
-37,35,238,-56,59,-4
-39,30,240,-54,61,-2
-40,35,245,-53,63,-2
-27,34,243,-49,64,0
-35,35,250,-46,65,2
-35,34,251,-43,66,3
-33,33,243,-40,67,3
-39,27,229,-36,66,3
-38,31,241,-34,67,2
-38,30,239,-30,68,3
-39,33,239,-29,66,3
-40,37,245,-30,67,1
-41,32,240,-29,65,2
-37,32,250,-27,66,0
-39,32,238,-28,65,1
-39,36,241,-29,64,1
-35,30,243,-31,62,1
-19,33,229,-32,61,-2
-35,32,240,-36,62,-3
-37,23,259,-37,64,-1
-29,27,236,-37,65,-1
-44,32,243,-34,64,0
-40,56,230,-31,64,0
-37,30,242,-26,65,2
-37,32,239,-22,62,2
-38,32,239,-19,61,2
-39,31,243,-23,62,3
-34,35,243,-25,62,2
-31,31,233,-29,60,4
-34,31,240,-30,62,3
-37,26,243,-29,59,3
-37,34,240,-25,58,3
-34,25,236,-17,58,3
-43,32,244,-11,59,2
-35,32,241,-10,61,1
-33,32,241,-11,62,1
-41,36,247,-19,65,-1
-39,39,239,-29,66,-3
-37,32,241,-42,67,-4
-40,35,243,-53,67,-5
-40,36,243,-63,67,-5
-37,35,241,-70,64,-5
-30,26,245,-77,66,-6
-38,28,241,-81,65,-4
-27,22,245,-78,64,-4
-35,35,248,-73,65,-4
-34,45,226,-65,65,-2
-38,26,251,-53,64,0
-53,49,242,-41,62,1
-35,35,254,-32,62,0
-42,35,245,-24,64,1
-29,32,237,-17,62,2
-35,24,248,-10,62,1
-32,27,237,-11,61,-1
-42,33,242,-17,64,0
-34,33,244,-22,67,-2
-38,32,242,-23,70,0
-32,36,238,-23,70,2
-34,39,238,-21,68,2
-35,29,251,-28,68,0
-42,36,243,-30,68,1
-36,34,240,-30,65,3
-34,32,247,-29,64,3
-32,40,240,-29,62,4
-31,33,240,-29,61,5
-21,24,248,-28,60,5
-36,37,244,-29,60,4
-30,27,244,-32,58,4
-32,37,249,-33,58,4
-34,29,241,-33,56,3
-32,28,240,-33,55,2
-33,29,242,-32,55,3
-36,25,241,-31,54,2
-38,26,241,-27,52,3
-42,32,241,-25,50,1
-40,32,240,-23,50,1
-34,28,238,-20,52,2
-41,26,240,-20,55,2
-41,34,242,-18,55,2
-37,30,243,-19,55,0
-35,31,249,-21,57,0
-36,31,249,-20,57,0
-35,29,240,-21,57,-1
-45,31,240,-22,61,-1
-34,29,236,-23,63,-1
-37,28,241,-25,65,-1
-35,29,241,-27,68,-1
-37,32,240,-28,70,-1
-33,34,240,-30,70,0
-35,19,247,-28,69,-1
-34,25,243,-25,67,-1
-37,33,243,-24,64,0
-36,32,242,-21,63,-1
-34,32,245,-17,64,0
-36,29,241,-18,65,0
-35,30,240,-18,65,0
-37,31,242,-19,64,-1
-39,29,246,-20,62,0
-36,29,243,-19,60,1
-33,30,241,-17,58,-1
-33,30,243,-15,57,-2
-37,30,240,-16,59,-2
-37,31,241,-19,58,-3
-37,33,239,-17,59,-2
-38,32,239,-17,61,-5
-38,34,243,-19,61,-6
-33,22,241,-22,65,-6
-38,32,241,-26,68,-5
-35,29,242,-26,71,-3
-33,31,244,-26,72,-2
-32,28,240,-25,72,-1
-35,42,243,-23,73,1
-35,29,242,-18,71,1
-36,32,244,-12,69,2
-37,29,240,-8,67,3
-36,28,244,-5,66,2
-39,32,245,-3,64,2
-34,30,241,-3,60,0
-34,29,239,-3,57,-1
-38,31,243,-7,57,0
-37,31,241,-11,61,0
-35,30,242,-13,64,-2
-35,30,240,-16,65,-2
-35,31,242,-16,65,-2
-37,31,241,-9,63,-1
-35,26,242,-1,64,-1
-35,28,240,12,62,0
-35,27,241,26,64,-1
-34,30,242,37,66,0
-35,27,239,45,67,-1
-39,28,240,49,67,1
-36,29,237,54,66,1
-39,31,240,55,65,0
-35,29,239,54,66,-1
-36,30,243,46,70,-1
-38,32,243,35,73,-1
-36,33,243,22,76,-3
-35,30,240,11,78,-3
-34,28,244,0,81,-3
-34,31,244,-10,82,-4
-33,30,241,-18,83,-4
-35,28,242,-22,85,-5
-35,26,242,-19,84,-5
-34,28,243,-11,85,-5
-35,28,240,0,83,-5
-33,27,242,12,79,-4
-37,30,241,22,75,-3
-37,30,242,27,72,-3
-36,26,239,32,69,-3
-37,29,239,32,68,-3
-38,34,236,34,66,-3
-36,32,236,35,67,-1
-37,32,244,37,65,-2
-40,34,241,41,65,-1
-37,31,242,46,66,0
-34,34,239,49,66,0
-35,34,240,50,67,0
-39,35,241,50,68,0
-36,33,239,47,68,0
-40,43,248,40,69,-1
-40,37,242,32,70,-3
-37,35,244,26,71,-2
-35,36,240,18,70,-4
-37,34,242,14,70,-2
-39,34,244,10,70,-3
-37,33,242,9,71,-3
-37,33,243,9,70,-2
-36,32,246,12,70,-1
-36,31,242,15,70,-2
-37,34,239,18,71,-2
-35,33,242,19,70,-2
-35,36,242,20,72,-2
-38,33,240,19,72,-2
-35,31,241,19,72,-2
-35,33,240,20,72,-2
-36,34,243,19,72,-3
-36,34,240,19,72,-2
-36,33,241,20,71,-2
-37,32,240,22,69,-1
-35,31,240,24,68,-1
-36,34,242,27,66,0
-36,32,246,29,64,-2
-37,36,245,30,62,-4
-37,35,242,32,64,-3
-37,31,241,32,64,-3

