-.-.-
15,-219,-113,70,8,-9
12,-220,-110,71,8,-10
14,-224,-115,70,9,-11
13,-223,-116,68,8,-11
13,-220,-112,66,9,-12
12,-220,-102,64,9,-12
13,-220,-116,61,10,-14
10,-221,-119,62,12,-14
15,-220,-114,60,14,-13
12,-219,-113,59,14,-12
15,-223,-115,60,14,-12
13,-217,-114,59,15,-11
14,-220,-111,57,14,-11
15,-223,-112,58,13,-10
13,-218,-118,56,14,-11
19,-223,-116,56,12,-10
8,-222,-108,56,11,-10
16,-221,-112,56,11,-9
17,-222,-110,56,9,-9
14,-219,-108,59,11,-12
15,-220,-113,59,10,-10
18,-221,-112,60,11,-9
13,-221,-112,59,12,-11
16,-224,-116,59,13,-11
12,-224,-113,61,13,-11
18,-222,-110,61,13,-10
10,-223,-107,60,13,-8
15,-220,-112,58,14,-9
13,-220,-112,58,14,-8
12,-219,-112,58,15,-9
15,-221,-116,59,13,-7
12,-218,-111,60,13,-6
16,-224,-111,58,13,-7
15,-222,-110,57,13,-10
14,-221,-116,56,12,-9
14,-222,-110,57,14,-9
16,-223,-112,56,14,-10
15,-223,-101,56,15,-8
15,-224,-113,56,14,-10
14,-222,-113,55,14,-10
15,-219,-113,55,14,-9
15,-224,-112,55,14,-10
15,-224,-115,56,16,-10
15,-221,-111,57,17,-11
13,-219,-111,58,18,-12
14,-222,-107,58,20,-12
16,-220,-112,58,20,-12
11,-218,-113,57,20,-14
18,-224,-111,56,19,-12
10,-221,-108,54,20,-12
12,-223,-111,51,21,-12
13,-220,-114,50,22,-11
13,-221,-107,51,22,-12
16,-222,-111,51,22,-11
13,-224,-110,52,21,-11
12,-221,-113,53,20,-10
14,-222,-112,55,18,-10
7,-220,-109,57,17,-9
15,-219,-112,55,16,-9
8,-216,-117,56,14,-10
15,-222,-110,56,13,-14
13,-220,-112,57,11,-13
15,-223,-115,57,11,-16
13,-220,-113,57,9,-18
15,-223,-114,57,8,-19
12,-223,-115,56,7,-20
11,-220,-113,55,9,-19
12,-223,-115,55,10,-16
14,-225,-112,54,10,-17
11,-223,-119,57,11,-18
10,-225,-111,61,10,-16
15,-223,-112,67,10,-17
15,-219,-115,71,10,-16
13,-223,-116,75,10,-15
15,-220,-112,77,7,-15
17,-219,-115,79,6,-14
14,-218,-115,78,6,-15
16,-222,-111,76,7,-14
15,-216,-112,76,6,-14
16,-217,-115,74,6,-13
16,-224,-112,70,6,-13
20,-220,-115,66,8,-12
14,-221,-113,63,9,-11
12,-221,-109,63,12,-13
13,-223,-107,61,13,-13
13,-221,-110,60,15,-11
14,-219,-110,59,16,-12
16,-222,-111,60,16,-14
16,-221,-110,61,16,-11
16,-222,-111,59,15,-11
13,-221,-111,59,15,-11
14,-219,-108,59,12,-12
17,-228,-108,58,12,-12
16,-222,-111,56,10,-11
16,-224,-113,56,10,-11
14,-224,-112,55,11,-13
15,-220,-112,55,12,-11
15,-221,-108,56,13,-11
17,-222,-111,54,14,-9
16,-219,-105,54,15,-10
13,-219,-107,54,16,-9
16,-224,-110,55,15,-10
15,-223,-108,53,14,-9
17,-219,-107,52,13,-10
12,-217,-107,49,12,-9
14,-220,-113,47,12,-9
15,-222,-115,43,13,-9
16,-220,-112,42,12,-8
13,-222,-111,45,12,-9
15,-223,-114,44,12,-8
14,-226,-114,45,12,-9
15,-222,-114,46,13,-9
12,-219,-110,45,13,-10
21,-225,-113,46,14,-9
15,-222,-110,47,16,-9
15,-224,-116,47,14,-10
16,-220,-113,47,15,-10
14,-221,-114,48,14,-11
16,-222,-109,49,13,-11
15,-220,-112,48,13,-9
15,-222,-111,49,13,-8
16,-221,-109,50,12,-8
17,-224,-111,51,13,-9
15,-224,-112,52,13,-9
18,-223,-113,52,12,-9
13,-220,-113,54,13,-10
12,-222,-112,54,13,-12
15,-218,-113,54,12,-12
12,-219,-113,56,11,-11
16,-222,-112,55,11,-10
11,-219,-113,54,9,-11
16,-222,-112,53,8,-14
15,-216,-110,52,8,-13
13,-221,-111,51,8,-12
13,-219,-111,51,10,-13
11,-219,-108,51,9,-14
13,-221,-111,50,9,-15
16,-221,-112,48,10,-14
15,-220,-110,47,11,-15
15,-219,-113,45,13,-15
13,-219,-113,44,13,-16
16,-220,-109,44,12,-14
16,-225,-113,44,13,-14
18,-225,-115,44,13,-14
12,-221,-114,43,12,-12
12,-220,-112,42,12,-13
13,-225,-110,40,9,-11
17,-224,-114,41,9,-12
14,-222,-111,42,8,-11
14,-219,-109,40,7,-11
16,-219,-110,41,7,-11
16,-221,-110,41,8,-11
13,-220,-113,42,10,-13
14,-225,-112,42,10,-13
15,-222,-112,42,11,-11
12,-217,-115,42,10,-11
16,-225,-110,43,10,-11
14,-220,-108,41,12,-9
16,-225,-113,40,13,-10
14,-223,-109,40,14,-11
14,-220,-114,41,15,-9
15,-220,-117,42,15,-10
13,-222,-110,44,14,-10
15,-223,-114,43,14,-10
15,-223,-112,43,14,-11
17,-225,-110,42,15,-10
15,-220,-112,42,15,-9
14,-220,-117,42,15,-9
14,-223,-117,42,15,-10
16,-222,-111,42,15,-11
13,-221,-112,40,16,-11
15,-220,-106,40,16,-9
13,-219,-112,42,17,-11
17,-222,-111,42,17,-9
14,-222,-112,43,16,-11
12,-216,-115,43,15,-12
16,-219,-109,44,15,-11
16,-219,-111,43,14,-9
10,-219,-117,43,15,-10
10,-223,-119,43,13,-9
12,-220,-111,42,14,-10
15,-223,-114,40,16,-11
14,-222,-113,38,16,-11
18,-222,-111,38,17,-12
14,-224,-118,37,17,-10
10,-222,-108,40,16,-11
12,-221,-116,40,17,-10
14,-221,-110,40,15,-10
13,-220,-116,38,14,-11
16,-224,-116,38,15,-12
17,-223,-110,39,15,-12
15,-223,-113,39,14,-12
13,-222,-112,40,12,-12
12,-218,-110,41,12,-11
12,-222,-113,39,10,-11
12,-222,-112,37,10,-11
12,-223,-118,34,10,-13
14,-222,-112,35,10,-14
16,-222,-112,34,11,-14
13,-224,-113,39,11,-13
11,-220,-119,43,13,-11
17,-223,-117,49,12,-10
14,-220,-112,53,12,-9
15,-223,-114,56,12,-8
16,-219,-109,58,9,-6
13,-222,-113,57,9,-7
14,-220,-112,56,6,-8
16,-220,-112,55,5,-8
16,-218,-114,50,3,-8
16,-223,-114,48,2,-9
12,-219,-114,44,2,-8
13,-219,-118,41,2,-7
16,-223,-114,37,2,-7
14,-223,-112,35,4,-5
14,-222,-109,32,6,-6
13,-218,-109,29,9,-7
15,-222,-112,27,10,-8
14,-222,-112,26,11,-7
15,-222,-110,23,11,-8
13,-220,-110,21,10,-7
18,-224,-106,21,8,-7
16,-222,-109,20,7,-6
17,-224,-115,22,6,-6
17,-218,-110,23,5,-5
13,-220,-111,25,4,-5
16,-223,-110,25,2,-4
14,-222,-111,24,3,-5
12,-221,-108,25,0,-6
14,-222,-110,25,-1,-7
13,-224,-111,27,-2,-6
13,-220,-115,28,-3,-6
12,-221,-111,30,-3,-7
14,-222,-115,33,-3,-8
15,-222,-114,35,-2,-9
17,-219,-113,34,-2,-9
15,-220,-112,33,0,-11
13,-219,-112,32,0,-10
16,-221,-114,30,1,-11
13,-219,-114,27,1,-12
17,-219,-113,26,2,-12
14,-223,-116,26,3,-13
13,-218,-113,27,4,-12
16,-218,-112,27,5,-11
11,-219,-112,30,5,-12
17,-228,-114,32,5,-13
13,-221,-114,33,6,-13
12,-224,-114,35,9,-13
16,-223,-114,37,7,-13
16,-220,-112,38,8,-14
13,-218,-113,39,7,-12
10,-217,-113,40,8,-13
9,-222,-116,40,8,-11
12,-222,-114,39,8,-11
14,-224,-111,39,8,-11
11,-219,-115,40,8,-10
12,-215,-121,39,8,-10
13,-220,-112,41,7,-12
13,-222,-118,43,5,-12
14,-219,-112,42,5,-13
14,-218,-116,42,6,-14
8,-217,-114,41,7,-13
14,-217,-117,39,8,-12
11,-217,-111,37,8,-11
17,-220,-114,36,8,-12
14,-218,-118,34,8,-12
14,-217,-115,31,7,-11
14,-217,-112,28,7,-11
12,-218,-116,27,6,-14
13,-217,-111,27,6,-12
12,-217,-113,25,6,-13
12,-218,-117,24,5,-13
14,-221,-115,21,5,-12
13,-218,-111,17,4,-10
16,-221,-110,15,4,-9
12,-219,-115,16,4,-9
13,-221,-114,18,4,-8
13,-219,-112,21,4,-9
14,-223,-112,22,4,-8
14,-223,-111,23,5,-8
12,-223,-119,25,3,-7
12,-220,-116,27,1,-6
13,-224,-114,29,-1,-6
15,-222,-118,31,0,-6
16,-219,-117,34,-1,-5
14,-222,-114,36,-1,-4
16,-218,-113,40,-3,-6
11,-224,-115,43,-3,-7
16,-222,-113,43,-2,-7
11,-218,-114,41,-1,-5
17,-219,-116,39,-1,-5
16,-221,-112,36,-1,-5
11,-216,-114,32,1,-4
16,-221,-113,31,1,-6
15,-220,-112,29,1,-9
15,-219,-111,27,2,-7
14,-222,-115,28,2,-7
15,-220,-112,29,3,-6
16,-220,-114,28,2,-6
14,-222,-114,30,2,-7
11,-222,-117,31,1,-7
15,-222,-116,31,1,-7
15,-221,-116,32,2,-8
15,-219,-116,33,4,-9
12,-219,-115,34,5,-10
16,-218,-114,35,5,-11
12,-219,-115,36,6,-11
14,-219,-119,36,8,-13
11,-220,-114,36,9,-13
12,-218,-114,35,8,-11
13,-220,-113,34,9,-11
12,-218,-114,32,9,-11
13,-220,-112,33,9,-12
11,-220,-113,29,10,-12
13,-220,-115,29,10,-10
11,-220,-118,29,10,-10
16,-221,-118,29,8,-12
13,-219,-120,30,7,-12
12,-218,-115,31,7,-10
14,-220,-110,31,7,-12
14,-222,-114,31,5,-12
15,-217,-116,31,4,-12
14,-216,-116,29,3,-14
13,-220,-115,27,3,-15
13,-220,-115,24,3,-17
11,-221,-112,25,4,-16
17,-217,-116,27,4,-17
12,-220,-119,26,3,-15
15,-221,-115,26,4,-16
14,-221,-113,24,3,-16
14,-220,-118,22,5,-16
13,-221,-120,19,6,-15
12,-219,-120,19,8,-15
15,-219,-114,19,7,-14
14,-217,-119,18,6,-14
14,-216,-117,17,5,-15
18,-216,-119,16,6,-14
14,-217,-117,15,4,-13
16,-219,-118,11,3,-14
14,-217,-117,9,3,-13
14,-222,-116,4,3,-16
12,-219,-115,1,2,-16
8,-214,-114,-1,2,-16
7,-218,-115,-2,2,-17
12,-218,-111,-4,3,-16
11,-218,-113,-4,5,-16
11,-218,-119,-4,6,-16
12,-220,-114,-3,8,-13
13,-221,-116,-3,9,-15
9,-217,-113,-4,9,-14
12,-220,-114,-2,8,-15
12,-220,-117,1,8,-17
15,-218,-118,3,5,-15
15,-218,-117,7,6,-13
13,-218,-116,10,6,-13
15,-220,-118,13,4,-14
15,-221,-120,17,3,-15
12,-219,-117,19,3,-14
15,-218,-118,20,1,-14
13,-217,-121,20,2,-15
13,-215,-118,22,3,-16
12,-216,-119,20,4,-18
14,-214,-121,19,5,-19
11,-216,-121,17,5,-18
15,-219,-121,12,4,-17
19,-217,-119,9,5,-18
27,-217,-127,8,4,-16
16,-217,-120,7,4,-18
17,-220,-118,4,4,-18
12,-216,-119,3,3,-17
13,-218,-122,2,2,-16
13,-217,-115,1,2,-15
16,-219,-119,1,2,-17
18,-217,-116,2,2,-18
17,-218,-120,2,1,-19
14,-219,-122,3,1,-20
17,-226,-117,5,2,-21
16,-223,-124,11,3,-19
15,-225,-122,23,5,-21
15,-225,-120,36,7,-24
12,-223,-120,53,9,-22
15,-226,-121,71,10,-23
12,-223,-122,85,11,-23
13,-223,-120,96,10,-22
14,-218,-123,103,10,-20
13,-216,-122,104,9,-19
11,-218,-122,103,7,-21
8,-214,-122,98,7,-23
13,-214,-118,90,8,-25
15,-215,-117,81,6,-27
16,-214,-118,71,6,-27
11,-210,-118,64,6,-25
12,-210,-119,58,5,-25
12,-214,-118,53,6,-26
12,-216,-117,48,8,-26
10,-213,-114,44,9,-23
10,-213,-118,38,11,-24
9,-214,-115,34,11,-21
17,-216,-113,29,11,-19
13,-218,-117,25,10,-19
12,-216,-117,22,10,-17
12,-216,-118,20,9,-15
14,-218,-115,19,8,-14
12,-216,-117,17,7,-12
14,-217,-119,13,4,-11
14,-218,-120,9,2,-9
15,-219,-121,4,1,-11
17,-220,-116,1,0,-11
15,-221,-119,-2,-1,-12
12,-216,-118,-2,-2,-13
17,-220,-114,0,-1,-11
16,-217,-118,3,-2,-10
14,-218,-116,4,-3,-12
18,-218,-118,5,-3,-10
15,-218,-113,5,-1,-10
15,-215,-117,5,0,-11
14,-217,-116,4,2,-10
14,-215,-118,4,2,-9
15,-213,-116,4,2,-10
12,-216,-110,3,2,-8
14,-215,-117,0,0,-7
13,-218,-118,-4,-1,-9
13,-214,-120,-8,-3,-9
11,-214,-122,-11,-5,-10
15,-215,-120,-14,-5,-11
10,-215,-118,-16,-7,-14
15,-223,-121,-16,-7,-14
15,-217,-123,-15,-8,-15
14,-221,-119,-14,-9,-16
11,-219,-118,-13,-10,-18
11,-218,-123,-11,-11,-17
18,-220,-120,-11,-11,-19
16,-217,-123,-9,-12,-19
15,-215,-121,-6,-11,-19
14,-216,-116,-6,-10,-17
16,-215,-122,-5,-8,-13
14,-218,-124,-5,-6,-14
16,-214,-120,-8,-5,-10
11,-211,-121,-11,-2,-6
17,-212,-120,-15,-2,-3
16,-211,-120,-22,-1,-2
16,-210,-117,-29,1,1
17,-213,-120,-38,-1,4
15,-212,-119,-47,-1,6
16,-214,-123,-55,0,6
16,-214,-123,-64,0,7
18,-213,-120,-73,1,8
15,-211,-122,-80,2,9
16,-216,-121,-88,4,8
16,-210,-124,-96,5,10
16,-214,-124,-104,6,14
11,-209,-124,-112,6,16
23,-208,-121,-121,7,17
15,-212,-121,-130,8,19
16,-212,-123,-139,9,20
12,-213,-122,-144,10,21
17,-212,-123,-147,13,20
15,-216,-124,-149,15,19
15,-213,-126,-151,18,18
13,-213,-127,-153,18,19
15,-214,-123,-154,19,21
15,-214,-120,-159,20,21
13,-212,-124,-165,19,19
12,-214,-122,-171,18,19
15,-213,-124,-178,20,18
13,-209,-121,-183,21,18
13,-213,-123,-189,20,16
14,-212,-128,-196,19,16
10,-210,-127,-202,16,16
12,-211,-129,-209,14,17
14,-210,-125,-216,11,16
14,-212,-127,-223,8,18
12,-210,-129,-229,4,19
15,-212,-131,-234,1,18
13,-210,-128,-242,-2,17
14,-213,-128,-249,-6,15
12,-213,-130,-257,-8,13
12,-211,-127,-263,-9,10
12,-212,-129,-267,-9,8
10,-216,-134,-269,-10,7
12,-214,-130,-263,-12,7
13,-215,-132,-256,-13,5
9,-214,-140,-241,-13,4
15,-221,-135,-221,-17,3
13,-220,-135,-199,-21,2
14,-213,-135,-171,-27,2
13,-221,-140,-140,-32,2
11,-218,-135,-105,-33,-2
13,-210,-138,-73,-34,-3
12,-211,-135,-51,-33,-6
9,-207,-134,-38,-31,-9
8,-206,-133,-35,-28,-10
7,-204,-129,-38,-24,-14
7,-201,-128,-47,-22,-15
7,-200,-133,-61,-18,-15
9,-203,-134,-75,-17,-17
7,-197,-126,-91,-18,-16
7,-202,-128,-108,-20,-16
8,-202,-130,-127,-22,-14
12,-204,-131,-147,-23,-11
9,-206,-129,-166,-26,-9
12,-209,-128,-184,-28,-6
9,-207,-130,-199,-30,-5
14,-210,-131,-208,-33,-3
13,-209,-126,-214,-36,-1
9,-208,-128,-219,-40,3
11,-209,-134,-225,-46,2
8,-216,-129,-228,-50,2
10,-209,-131,-234,-53,1
11,-211,-133,-238,-56,-1
13,-213,-135,-240,-57,2
12,-210,-132,-240,-58,4
10,-209,-132,-240,-56,6
9,-204,-133,-241,-55,8
9,-207,-134,-240,-54,9
9,-204,-138,-243,-55,11
12,-205,-136,-246,-54,12
14,-206,-136,-249,-55,10
6,-201,-144,-249,-55,10
11,-203,-137,-251,-55,11
10,-201,-136,-255,-55,11
7,-198,-137,-261,-54,11
5,-200,-139,-269,-52,10
7,-199,-142,-278,-50,8
11,-202,-138,-286,-51,6
12,-203,-145,-293,-52,4
14,-197,-144,-301,-55,2
11,-199,-144,-310,-58,0
13,-200,-141,-319,-61,-1
13,-198,-146,-326,-66,-4
14,-199,-142,-330,-70,-5
11,-195,-143,-333,-71,-7
12,-198,-150,-341,-71,-13
13,-200,-142,-348,-71,-17
8,-198,-144,-356,-69,-21
10,-195,-142,-364,-64,-22
9,-197,-148,-376,-62,-24
10,-201,-146,-389,-59,-24
7,-199,-146,-400,-56,-23
12,-204,-144,-406,-55,-22
7,-198,-152,-408,-52,-20
8,-196,-154,-406,-52,-18
7,-196,-153,-399,-52,-15
2,-195,-154,-393,-52,-12
3,-194,-157,-388,-51,-10
4,-197,-156,-380,-50,-11
3,-194,-153,-375,-49,-11
5,-199,-153,-367,-49,-12
3,-197,-152,-363,-51,-12
2,-196,-155,-362,-51,-13
6,-190,-155,-363,-50,-15
7,-193,-155,-364,-52,-18
10,-194,-159,-364,-54,-19
9,-194,-157,-366,-56,-20
9,-193,-158,-369,-58,-21
11,-190,-163,-373,-61,-21
10,-191,-158,-376,-62,-21
12,-187,-161,-379,-63,-22
6,-190,-161,-383,-61,-23
5,-187,-160,-391,-58,-23
3,-185,-167,-403,-56,-23
10,-186,-171,-416,-55,-22
5,-184,-159,-431,-55,-24
3,-184,-158,-448,-52,-25
1,-180,-163,-467,-52,-24
2,-181,-163,-484,-53,-23
2,-184,-164,-501,-58,-23
3,-181,-163,-516,-61,-25
2,-181,-165,-530,-65,-25
5,-185,-161,-543,-69,-28
3,-184,-162,-552,-74,-29
3,-178,-172,-559,-77,-31
4,-180,-165,-566,-79,-29
7,-184,-167,-571,-80,-29
6,-178,-169,-577,-80,-30
7,-178,-169,-585,-79,-29
10,-179,-172,-592,-75,-26
4,-174,-168,-601,-69,-27
4,-176,-173,-612,-65,-24
5,-176,-172,-624,-61,-23
7,-174,-172,-634,-58,-19
7,-173,-174,-644,-55,-17
5,-175,-175,-653,-51,-14
7,-178,-171,-662,-50,-13
10,-177,-172,-666,-47,-11
9,-179,-174,-666,-42,-9
9,-177,-174,-664,-37,-5
9,-177,-180,-661,-33,1
10,-178,-181,-656,-31,4
10,-175,-177,-652,-26,8
11,-176,-174,-649,-22,12
8,-174,-181,-645,-19,15
12,-182,-179,-644,-15,17
9,-174,-184,-644,-11,19
8,-174,-181,-640,-8,22
7,-175,-181,-635,-6,25
10,-180,-182,-628,-6,26
7,-177,-181,-618,-5,25
8,-177,-182,-603,-4,24
5,-176,-185,-585,-3,23
7,-174,-187,-566,-2,22
6,-173,-189,-543,-1,22
6,-169,-189,-522,-2,21
5,-169,-186,-503,-3,21
5,-170,-186,-484,-4,20
3,-163,-192,-467,-5,20
9,-162,-190,-453,-6,21
7,-163,-191,-443,-6,21
8,-163,-191,-433,-4,19
8,-162,-191,-425,-2,17
8,-161,-190,-417,2,15
7,-161,-191,-408,6,14
8,-160,-189,-394,12,12
9,-160,-186,-379,16,12
9,-154,-189,-364,15,15
7,-153,-188,-352,11,17
7,-156,-192,-344,6,19
8,-153,-192,-340,1,16
9,-152,-194,-340,1,15
9,-153,-196,-343,2,11
7,-153,-199,-348,5,4
5,-151,-203,-354,12,2
5,-151,-197,-355,21,-2
9,-152,-198,-356,26,-3
7,-150,-197,-356,30,-3
6,-147,-203,-351,34,1
2,-144,-199,-345,36,1
3,-141,-205,-340,37,-1
4,-144,-199,-336,37,-2
5,-139,-201,-330,33,0
5,-140,-201,-326,28,-2
6,-142,-204,-324,21,-2
4,-138,-201,-324,14,-5
4,-136,-206,-323,8,-7
6,-140,-205,-320,3,-8
3,-139,-210,-315,-1,-7
4,-133,-207,-309,-4,-10
7,-135,-207,-303,-5,-12
5,-133,-211,-298,-7,-13
3,-130,-207,-294,-5,-14
5,-132,-209,-293,-5,-13
6,-129,-213,-293,-5,-9
3,-133,-209,-296,-3,-8
2,-130,-205,-304,-5,-3
5,-128,-212,-309,-2,-3
5,-132,-213,-316,-1,-2
0,-128,-210,-321,-1,-1
0,-130,-211,-324,-2,1
1,-131,-209,-327,0,1
0,-128,-211,-327,0,0
1,-128,-214,-326,1,0
2,-130,-217,-326,2,1
0,-128,-213,-325,4,0
0,-127,-217,-324,2,-1
1,-127,-222,-323,2,-3
0,-127,-217,-319,4,-4
0,-123,-219,-317,4,-3
3,-126,-223,-313,2,-3
7,-125,-219,-306,2,-2
0,-124,-215,-301,2,-2
4,-122,-216,-296,-1,1
5,-123,-217,-294,-3,0
4,-122,-216,-293,-1,-1
4,-117,-216,-293,2,0
11,-124,-216,-293,2,2
5,-124,-220,-290,10,1
4,-117,-215,-288,16,0
7,-118,-217,-287,18,1
9,-123,-218,-288,19,2
7,-123,-222,-289,27,2
5,-119,-220,-291,34,3
6,-121,-221,-294,36,6
6,-125,-221,-296,39,7
3,-118,-223,-299,45,9
4,-117,-221,-305,45,11
4,-118,-220,-310,46,13
3,-117,-222,-320,49,15
1,-112,-224,-325,50,17
2,-116,-220,-333,46,20
3,-118,-228,-340,41,22
-2,-109,-224,-352,35,23
3,-113,-223,-361,28,23
2,-113,-230,-364,20,23
0,-110,-229,-364,12,20
-1,-107,-229,-364,4,19
0,-110,-229,-358,-7,18
1,-113,-230,-357,-15,15
-1,-104,-230,-361,-23,15
1,-104,-224,-362,-30,15
3,-111,-230,-360,-35,15
2,-105,-227,-365,-35,16
2,-105,-224,-368,-33,15
6,-119,-227,-362,-34,17
7,-112,-224,-359,-31,18
3,-105,-225,-357,-26,21
3,-108,-224,-349,-23,26
8,-114,-219,-342,-22,30
4,-108,-220,-343,-14,32
6,-105,-220,-343,-8,35
6,-109,-221,-340,-3,36
5,-111,-220,-340,2,37
4,-102,-219,-344,9,40
4,-103,-220,-346,15,43
6,-105,-223,-347,18,46
1,-97,-228,-350,20,49
2,-97,-223,-353,27,51
1,-100,-220,-345,27,53
0,-100,-225,-334,28,56
0,-101,-217,-329,28,60
1,-101,-220,-318,28,65
0,-102,-217,-305,27,69
0,-104,-222,-294,27,69
1,-105,-219,-282,26,72
0,-106,-219,-267,23,74
1,-109,-210,-250,22,76
3,-110,-218,-231,20,78
1,-104,-217,-210,19,79
0,-103,-214,-192,17,81
2,-103,-216,-180,19,84
4,-101,-213,-167,20,82
4,-105,-215,-158,24,85
3,-102,-220,-151,26,87
4,-102,-214,-142,29,90
4,-99,-217,-133,33,94
9,-101,-223,-124,36,97
3,-97,-215,-111,38,100
4,-97,-217,-99,38,101
3,-93,-222,-86,39,103
3,-93,-223,-74,38,108
1,-93,-218,-63,36,110
2,-94,-217,-55,31,114
4,-96,-223,-50,28,115
3,-91,-223,-43,23,114
7,-92,-224,-34,21,113
4,-90,-227,-25,17,110
6,-89,-226,-21,15,109
6,-97,-227,-17,18,103
3,-94,-228,-21,23,102
3,-85,-230,-28,30,99
5,-82,-236,-42,36,97
5,-79,-237,-61,40,99
2,-73,-234,-83,42,98
1,-77,-238,-104,39,98
8,-76,-235,-115,39,96
6,-75,-233,-116,38,92
4,-72,-238,-109,36,87
10,-78,-235,-102,34,81
6,-75,-236,-95,35,76
2,-79,-237,-92,35,71
5,-78,-242,-93,36,69
0,-80,-238,-95,35,67
3,-82,-234,-96,36,66
4,-82,-242,-96,36,66
0,-83,-244,-94,35,66
2,-85,-240,-93,33,67
2,-84,-239,-94,29,66
6,-87,-240,-95,30,62
4,-85,-240,-93,30,62
5,-86,-239,-89,30,59
5,-82,-240,-82,30,56
9,-85,-235,-75,33,56
4,-82,-241,-68,38,52
5,-81,-237,-60,40,49
3,-86,-242,-54,43,50
4,-82,-237,-53,47,49
6,-85,-242,-53,49,47
0,-81,-238,-51,49,48
4,-85,-232,-50,48,47
2,-86,-236,-49,45,47
6,-87,-235,-49,42,48
5,-86,-237,-49,38,46
3,-84,-235,-52,36,45
4,-87,-238,-52,33,43
0,-87,-237,-54,34,40
0,-86,-235,-60,31,38
1,-87,-236,-66,29,39
3,-89,-238,-71,23,40
3,-90,-231,-71,21,40
1,-86,-235,-67,18,39
8,-90,-230,-66,18,37
3,-86,-235,-65,21,34
-1,-84,-235,-65,28,29
-1,-79,-236,-72,35,29
4,-73,-241,-77,45,29
-1,-96,-232,-81,52,35
-1,-96,-229,-70,51,40
0,-94,-231,-53,47,44
-2,-89,-236,-37,41,47
0,-86,-238,-32,31,49
-2,-93,-232,-32,25,50
-10,-92,-231,-31,17,51
-5,-88,-237,-31,5,47
-1,-83,-239,-29,-4,46
0,-82,-235,-31,-12,43
4,-81,-234,-27,-14,38
3,-78,-231,-17,-10,36
0,-72,-229,-5,-2,31
1,-60,-234,2,13,26
2,-67,-226,-2,34,30
0,-97,-224,-2,46,38
1,-94,-225,18,53,47
2,-71,-230,33,56,53
2,-84,-229,36,57,55
0,-72,-229,30,52,57
4,-96,-228,20,42,63
8,-113,-231,28,30,62
7,-111,-233,40,28,54
1,-92,-234,43,32,47
2,-89,-238,33,39,41
0,-88,-235,14,44,40
0,-78,-230,-11,45,43
4,-75,-236,-27,36,48
4,-76,-224,-24,25,51
4,-75,-228,-11,19,50
1,-75,-229,10,15,46
3,-76,-226,27,22,43
1,-74,-226,39,32,38
0,-77,-227,42,41,33
-1,-77,-230,39,51,30
7,-70,-226,31,58,32
0,-91,-230,25,65,37
-4,-96,-236,33,60,43
0,-90,-237,41,51,45
3,-89,-230,51,37,44
0,-82,-237,56,25,42
0,-81,-236,52,16,34
0,-83,-239,48,10,25
1,-84,-239,50,7,17
0,-83,-237,56,6,12
2,-81,-231,68,8,7
1,-84,-234,82,11,5
0,-80,-233,93,14,2
0,-84,-233,100,17,5
10,-85,-238,107,21,7
-1,-81,-235,116,24,7
0,-84,-235,124,28,6
1,-86,-233,132,33,5
4,-85,-235,135,36,3
0,-86,-235,137,36,3
3,-86,-237,139,37,1
1,-86,-238,140,39,1
1,-86,-240,138,38,0
1,-89,-236,136,36,-1
-1,-84,-236,131,33,-3
-1,-86,-236,130,31,-3
0,-86,-234,129,28,-4
-1,-89,-230,129,26,-4
0,-86,-232,127,21,-5
0,-89,-232,127,17,-4
0,-88,-234,128,12,-5
0,-87,-235,129,7,-5
0,-87,-233,129,3,-6
0,-88,-236,130,1,-9
2,-88,-231,130,0,-10
0,-87,-233,131,0,-13
-2,-90,-236,130,0,-16
0,-89,-236,129,-1,-17
-2,-87,-230,124,-1,-19
1,-88,-234,119,-2,-20
0,-88,-234,114,-2,-21
1,-88,-231,110,-1,-22
2,-87,-231,110,-2,-22
2,-70,-235,108,-8,-20
1,-66,-230,94,-16,-20
9,-102,-232,69,-14,-27
9,-118,-231,77,-5,-34
5,-103,-236,93,9,-45
0,-61,-240,102,28,-52
0,-63,-234,65,56,-53
-6,-83,-225,26,77,-38
-1,-103,-217,35,72,-22
4,-111,-220,79,54,-9
9,-110,-231,117,34,-5
10,-110,-230,134,19,-10
5,-109,-237,126,8,-21
3,-108,-232,98,8,-31
-2,-98,-238,73,13,-38
2,-99,-231,60,18,-41
0,-90,-229,61,20,-38
1,-88,-228,67,17,-35
1,-85,-229,72,14,-30
3,-88,-223,73,12,-26
0,-87,-223,69,12,-26
1,-91,-221,63,15,-25
0,-89,-223,57,17,-26
0,-92,-224,49,20,-27
0,-95,-226,40,22,-29
2,-90,-226,32,22,-28
-2,-97,-233,24,22,-29
1,-95,-229,18,20,-27
3,-95,-232,12,18,-28
6,-96,-228,13,16,-26
2,-96,-226,18,12,-25
1,-93,-228,23,8,-23
1,-94,-227,30,3,-21
5,-95,-228,31,-2,-22
3,-91,-229,29,-5,-25
0,-88,-228,22,-5,-21
1,-91,-228,15,-5,-21
1,-95,-220,12,-2,-22
2,-91,-228,12,1,-22
2,-92,-229,14,1,-21
2,-94,-228,15,6,-21
1,-91,-229,17,10,-22
2,-93,-229,18,10,-24
2,-91,-225,19,11,-27
1,-98,-225,17,12,-27
4,-88,-228,11,11,-30
6,-91,-225,6,13,-29
5,-88,-227,5,13,-28
1,-95,-228,3,14,-28
2,-88,-227,7,16,-30
1,-90,-228,11,18,-27
2,-89,-227,16,19,-26
4,-91,-226,20,20,-25
3,-90,-232,24,19,-25
2,-90,-229,26,18,-24
3,-89,-226,28,16,-21
6,-91,-228,28,10,-20
4,-87,-230,27,7,-20
3,-88,-230,25,2,-19
3,-91,-231,21,-1,-17
0,-88,-230,19,-2,-15
2,-91,-230,18,-1,-14
1,-91,-229,18,1,-12
3,-90,-227,15,3,-13
0,-90,-229,12,6,-9
1,-92,-232,9,7,-10
1,-89,-234,7,10,-9
2,-90,-237,7,15,-6
1,-88,-234,7,18,-6
4,-88,-238,8,21,-4
2,-87,-236,8,22,-4
3,-88,-237,7,23,-1
3,-88,-234,8,22,0
3,-88,-231,5,23,2
3,-82,-232,2,23,4
1,-86,-232,-5,22,3
1,-85,-230,-14,21,6
2,-86,-231,-23,20,8
-1,-81,-233,-33,19,9
-2,-86,-234,-43,20,9
2,-85,-231,-48,20,9
2,-86,-230,-53,19,11
1,-84,-234,-57,18,11
1,-85,-232,-61,17,11
0,-87,-231,-66,14,11
0,-84,-232,-71,14,11
0,-82,-231,-73,14,11
3,-83,-234,-79,13,10
3,-82,-230,-81,14,10
2,-82,-236,-85,14,10
2,-83,-229,-91,16,9
0,-84,-233,-98,16,7
3,-86,-231,-106,18,7
1,-83,-232,-116,17,8
2,-82,-231,-126,16,9
3,-84,-235,-133,15,10
2,-81,-233,-138,12,11
0,-84,-234,-141,9,10
1,-86,-232,-145,5,9
1,-83,-234,-149,1,7
0,-85,-230,-153,-3,3
2,-88,-233,-155,-7,1
1,-85,-238,-156,-9,-1
1,-83,-231,-157,-12,-3
0,-84,-231,-158,-12,-6
2,-86,-229,-158,-13,-7
4,-84,-236,-158,-11,-9
4,-85,-235,-159,-10,-9
4,-85,-233,-159,-9,-9
4,-82,-229,-160,-9,-6
3,-83,-239,-158,-10,-8
6,-80,-235,-157,-10,-8
4,-80,-233,-160,-11,-9
6,-78,-234,-165,-10,-11
4,-80,-230,-172,-8,-10
3,-80,-232,-176,-7,-12
2,-74,-229,-180,-6,-13
3,-79,-231,-183,-3,-14
1,-77,-232,-186,-1,-15
0,-74,-236,-191,1,-16
3,-79,-229,-199,1,-16
4,-81,-233,-208,-1,-16
2,-84,-235,-216,-3,-16
3,-80,-235,-223,-7,-18
1,-80,-231,-224,-11,-24
1,-77,-237,-224,-16,-31
1,-76,-234,-226,-21,-37
1,-74,-236,-231,-27,-42
2,-73,-238,-239,-33,-46
3,-71,-242,-251,-41,-47
4,-75,-237,-260,-47,-48
3,-70,-234,-269,-53,-50
1,-72,-237,-277,-59,-52
2,-67,-235,-284,-64,-54
1,-71,-236,-291,-69,-58
0,-72,-243,-299,-70,-62
0,-68,-245,-309,-70,-68
0,-67,-242,-319,-71,-73
0,-68,-243,-328,-73,-79
2,-67,-242,-332,-74,-83
5,-64,-238,-338,-75,-84
6,-64,-240,-351,-75,-85
1,-61,-242,-369,-75,-85
9,-60,-244,-387,-75,-81
2,-63,-242,-408,-74,-77
1,-59,-243,-422,-74,-71
1,-66,-246,-430,-76,-68
1,-64,-247,-437,-79,-65
2,-63,-247,-443,-82,-65
0,-63,-248,-450,-87,-64
0,-62,-253,-453,-90,-67
0,-64,-255,-455,-95,-68
0,-57,-249,-458,-99,-73
0,-58,-251,-462,-103,-76
-1,-56,-248,-472,-105,-77
0,-49,-249,-482,-107,-78
0,-50,-254,-493,-111,-78
9,-48,-250,-506,-115,-81
3,-54,-248,-515,-120,-84
3,-57,-250,-523,-122,-88
2,-59,-246,-529,-123,-93
6,-59,-248,-529,-121,-98
3,-61,-244,-523,-116,-101
6,-63,-245,-515,-110,-102
4,-63,-244,-505,-104,-100
4,-65,-243,-495,-97,-99
3,-64,-241,-483,-90,-97
3,-62,-241,-474,-84,-94
5,-68,-244,-464,-79,-89
5,-68,-242,-454,-70,-87
1,-68,-241,-445,-63,-84
3,-70,-242,-435,-56,-85
3,-71,-242,-429,-47,-85
1,-66,-240,-423,-37,-87
0,-70,-241,-418,-29,-87
-1,-72,-241,-407,-22,-89
1,-70,-237,-398,-16,-88
1,-74,-240,-390,-14,-88
-1,-76,-234,-379,-17,-87
-4,-71,-237,-369,-20,-86
-3,-71,-237,-359,-23,-86
-2,-74,-240,-352,-29,-88
-4,-75,-238,-344,-40,-89
-1,-73,-237,-335,-54,-88
-1,-72,-235,-327,-65,-89
-8,-67,-236,-318,-72,-92
-2,-68,-236,-310,-79,-96
-7,-68,-236,-302,-83,-99
-9,-70,-235,-298,-87,-97
-5,-66,-236,-293,-91,-94
-6,-67,-237,-284,-94,-94
-6,-66,-236,-278,-96,-92
-8,-69,-231,-273,-98,-91
-6,-71,-238,-272,-97,-90
-4,-73,-235,-275,-94,-89
-3,-73,-237,-277,-89,-88
-6,-72,-240,-275,-81,-90
-6,-73,-239,-270,-73,-89
-6,-72,-237,-266,-67,-86
-6,-77,-236,-266,-60,-83
-7,-78,-238,-267,-55,-80
-7,-73,-238,-268,-52,-78
-5,-75,-240,-266,-52,-78
-8,-75,-234,-260,-58,-80
-7,-78,-236,-253,-66,-81
-8,-77,-237,-246,-78,-83
-12,-75,-236,-232,-92,-88
-12,-73,-240,-221,-107,-95
-13,-71,-247,-211,-121,-104
-12,-71,-237,-204,-132,-115
-15,-66,-246,-201,-140,-124
-12,-70,-241,-203,-146,-130
-15,-65,-240,-207,-152,-132
-9,-67,-236,-214,-159,-135
-12,-65,-236,-226,-167,-136
-11,-66,-240,-240,-176,-137
-13,-65,-242,-258,-185,-141
-10,-66,-240,-272,-196,-143
-11,-67,-237,-284,-205,-146
-10,-67,-237,-294,-213,-150
-13,-66,-237,-302,-222,-155
-11,-67,-239,-315,-231,-162
-15,-61,-237,-331,-240,-168
-16,-64,-230,-349,-251,-174
-20,-65,-233,-368,-259,-179
-22,-64,-229,-384,-265,-182
-20,-65,-228,-396,-270,-183
-19,-68,-225,-405,-275,-184
-21,-66,-224,-413,-283,-184
-20,-71,-221,-422,-288,-183
-21,-67,-223,-431,-296,-185
-24,-70,-218,-439,-308,-186
-21,-67,-224,-440,-320,-188
-29,-69,-230,-437,-332,-194
-26,-63,-229,-435,-345,-201
-25,-59,-220,-434,-357,-206
-21,-58,-218,-434,-368,-214
-24,-56,-218,-439,-379,-221
-24,-56,-213,-449,-390,-223
-22,-54,-212,-463,-403,-225
-24,-51,-209,-476,-413,-227
-24,-51,-212,-495,-428,-224
-27,-50,-209,-518,-440,-218
-23,-57,-201,-546,-455,-214
-26,-49,-203,-581,-472,-207
-27,-49,-206,-624,-488,-200
-30,-48,-205,-669,-500,-191
-28,-48,-204,-712,-509,-182
-25,-50,-206,-749,-516,-174
-30,-47,-202,-776,-518,-164
-24,-52,-200,-800,-524,-154
-28,-50,-196,-815,-525,-144
-29,-47,-199,-829,-528,-131
-25,-48,-197,-839,-531,-117
-34,-49,-201,-844,-532,-103
-30,-43,-199,-844,-529,-84
-35,-44,-202,-842,-523,-62
-34,-37,-205,-838,-515,-37
-33,-37,-212,-832,-502,-10
-32,-27,-214,-828,-485,19
-29,-20,-218,-822,-463,49
-28,-17,-214,-816,-439,84
-23,-8,-216,-811,-413,120
-20,0,-219,-812,-383,158
-25,3,-226,-821,-352,198
-20,12,-237,-838,-324,233
-18,16,-240,-860,-289,266
-13,22,-247,-892,-252,298
-15,27,-245,-930,-215,327
-16,26,-245,-973,-184,350
-16,27,-246,-1012,-158,369
-15,25,-245,-1043,-137,385
-20,16,-247,-1072,-123,396
-17,23,-244,-1097,-108,410
-19,20,-243,-1134,-94,417
-23,16,-249,-1177,-72,411
-28,7,-255,-1220,-45,394
-28,8,-262,-1259,-16,363
-35,8,-268,-1282,10,324
-41,10,-276,-1287,31,287
-55,15,-279,-1274,42,256
-61,20,-289,-1248,44,234
-65,17,-296,-1209,43,224
-63,4,-293,-1168,47,220
-57,-8,-299,-1119,62,225
-57,-13,-299,-1050,84,234
-56,-13,-303,-965,117,260
-63,2,-304,-854,153,316
-59,18,-311,-731,200,392
-53,37,-321,-615,263,478
-51,49,-323,-544,341,562
-43,58,-316,-525,433,624
-40,55,-296,-544,537,656
-40,51,-287,-564,647,661
-41,50,-264,-553,767,651
-39,44,-263,-488,901,641
-44,44,-261,-356,1054,650
-49,40,-268,-191,1219,688
-42,31,-285,-39,1375,744
-38,28,-285,61,1511,797
-30,26,-280,106,1618,845
-25,20,-267,90,1694,864
-29,27,-250,38,1750,861
-33,28,-228,-57,1789,829
-51,32,-213,-173,1802,771
-62,35,-205,-287,1786,701
-72,52,-197,-384,1736,626
-92,57,-188,-470,1661,547
-111,62,-182,-527,1558,456
-116,62,-178,-562,1446,393
-120,55,-171,-571,1333,361
-121,48,-166,-554,1233,359
-111,41,-156,-528,1134,386
-93,31,-140,-506,1066,428
-74,25,-132,-478,1003,498
-62,24,-123,-442,953,575
-46,25,-114,-403,915,655
-34,35,-103,-384,891,744
-23,43,-94,-393,876,816
-5,45,-86,-414,872,875
2,63,-85,-445,892,913
14,77,-100,-490,936,936
35,91,-112,-551,1001,945
47,113,-125,-629,1079,949
62,122,-126,-712,1152,949
75,137,-128,-781,1207,952
91,146,-124,-851,1243,964
107,156,-125,-915,1259,987
117,157,-124,-969,1265,1027
116,164,-125,-1002,1276,1075
123,155,-129,-1011,1303,1126
126,155,-131,-1000,1349,1168
130,150,-130,-964,1405,1202
129,146,-134,-901,1459,1228
130,133,-136,-816,1509,1237
123,125,-134,-712,1559,1229
113,115,-129,-587,1612,1217
117,112,-138,-439,1679,1199
129,112,-138,-284,1758,1184
146,126,-145,-151,1830,1166
159,134,-144,-53,1866,1148
175,146,-159,7,1843,1138
189,159,-175,46,1772,1134
199,164,-193,83,1676,1134
202,182,-211,116,1572,1129
199,189,-225,143,1477,1120
183,189,-227,171,1407,1109
160,184,-213,220,1360,1096
144,182,-208,280,1319,1084
127,175,-197,338,1285,1082
113,174,-194,400,1251,1086
110,179,-197,456,1218,1095
108,179,-196,489,1187,1100
115,184,-197,508,1158,1103
124,183,-193,514,1128,1098
142,179,-190,521,1109,1081
154,173,-188,533,1099,1058
167,164,-190,552,1092,1041
179,152,-195,560,1082,1032
192,145,-199,553,1068,1029
210,143,-207,545,1050,1025
218,136,-222,549,1045,1026
218,140,-219,570,1055,1034
227,131,-219,606,1078,1051
241,131,-218,655,1109,1084
262,148,-220,719,1141,1099
262,161,-223,782,1176,1083
261,156,-224,828,1210,1058
283,160,-241,884,1228,1042
325,209,-243,898,1273,1015
297,213,-263,949,1211,930
271,209,-240,971,1248,878
263,213,-242,895,1324,803
246,212,-243,800,1397,710
234,218,-242,714,1457,616
222,212,-239,615,1533,528
205,208,-243,531,1561,437
194,204,-246,474,1560,359
201,197,-237,396,1545,298
206,187,-238,255,1503,236
195,217,-271,154,1397,180
170,241,-277,223,1229,88
134,223,-264,309,1145,8
122,188,-237,347,1102,-16
116,155,-230,337,1082,-12
125,133,-219,287,1078,-8
128,133,-210,162,1067,-14
128,129,-201,-6,1033,-47
133,123,-195,-160,978,-100
145,105,-195,-282,891,-160
146,89,-189,-383,801,-204
149,85,-185,-467,714,-250
149,74,-180,-528,621,-295
155,63,-166,-563,530,-329
161,70,-163,-567,442,-366
161,71,-160,-548,341,-396
158,63,-161,-490,226,-423
159,65,-155,-449,98,-496
157,75,-165,-419,-25,-567
156,80,-169,-367,-172,-649
163,83,-162,-323,-276,-696
151,87,-163,-268,-337,-731
140,88,-152,-247,-389,-760
143,82,-151,-250,-508,-801
156,87,-155,-236,-617,-821
159,87,-150,-202,-716,-821
174,88,-148,-143,-803,-808
172,84,-149,-95,-891,-801
180,78,-139,-72,-966,-785
193,87,-151,-25,-1035,-776
196,76,-136,-19,-1067,-768
196,66,-116,-28,-1087,-754
215,86,-119,-67,-1123,-748
218,100,-130,-111,-1134,-720
237,119,-140,-142,-1115,-676
240,135,-143,-158,-1064,-642
249,143,-150,-171,-995,-588
258,148,-174,-174,-928,-522
258,157,-169,-185,-831,-452
247,156,-174,-186,-728,-381
261,162,-181,-134,-618,-310
250,136,-172,-67,-505,-240
240,156,-192,45,-431,-193
240,148,-202,143,-372,-174
217,127,-186,240,-309,-134
214,120,-194,396,-265,-86
206,113,-191,517,-221,-62
212,103,-192,638,-163,-14
185,112,-184,705,-99,16
182,123,-179,720,-78,-5
174,122,-178,719,-77,-9
166,150,-174,685,-85,-27
155,137,-166,616,-106,-52
147,147,-173,612,-112,-25
132,163,-169,587,-126,-36
124,155,-171,537,-160,-57
114,160,-172,502,-177,-44
101,174,-181,483,-199,-60
100,175,-182,491,-240,-104
109,167,-176,505,-274,-123
104,162,-178,499,-302,-114
103,154,-182,471,-335,-99
105,148,-186,430,-362,-85
109,134,-183,354,-395,-71
120,107,-189,299,-427,-44
128,85,-186,314,-440,-17
129,79,-194,339,-448,0
129,73,-200,360,-452,13
131,71,-201,383,-447,25
132,78,-208,394,-438,36
128,71,-205,399,-424,45
126,72,-201,404,-403,54
127,70,-206,417,-380,64
129,66,-199,429,-348,75
129,68,-200,438,-313,90
127,69,-198,443,-289,104
124,69,-193,439,-272,115
123,71,-193,438,-258,124
129,66,-194,443,-247,135
124,66,-199,454,-237,151
130,60,-205,468,-230,165
129,65,-201,475,-219,177
130,63,-203,484,-207,191
127,62,-207,496,-188,200
130,59,-215,509,-167,212
131,61,-214,520,-143,220
136,57,-216,529,-116,226
133,58,-215,533,-92,237
132,58,-219,523,-72,243
139,54,-219,514,-51,248
139,52,-217,501,-26,247
138,58,-224,486,-1,246
140,50,-222,466,20,245
137,48,-217,448,43,243
140,54,-227,432,70,235
141,48,-224,418,101,231
142,45,-228,405,126,227
140,51,-229,390,151,221
138,60,-235,375,171,218
146,55,-229,357,187,214
152,38,-219,363,200,226
149,50,-225,354,194,231
137,54,-226,340,191,226
144,45,-231,327,191,218
148,44,-229,311,198,212
147,38,-231,300,207,203
148,34,-228,289,221,187
146,37,-232,275,237,171
142,42,-225,249,251,161
143,42,-221,219,260,159
144,37,-225,205,264,162
145,37,-222,211,263,152
144,37,-218,210,268,145
148,29,-221,206,274,138
139,44,-220,195,278,129
147,38,-215,168,286,121
145,39,-214,167,285,117
146,39,-209,161,281,112
147,40,-213,149,281,99
147,38,-212,134,282,90
146,34,-211,120,281,81
146,34,-210,107,280,71
150,38,-210,90,282,60
142,52,-207,66,286,45
155,36,-208,46,293,37
151,35,-203,42,288,33
153,40,-204,31,284,25
150,42,-202,21,280,18
150,42,-198,13,275,10
151,42,-195,4,266,5
151,43,-192,-7,257,-1
149,43,-193,-16,247,-7
150,41,-192,-26,233,-13
148,45,-191,-35,220,-17
146,45,-191,-41,207,-22
147,43,-192,-45,192,-26
145,45,-188,-51,177,-29
148,41,-187,-55,160,-30
149,41,-189,-57,144,-30
151,43,-185,-59,126,-34
151,43,-184,-58,111,-36
150,45,-186,-58,96,-38
145,45,-186,-56,81,-41
147,41,-189,-52,67,-41
148,49,-188,-49,57,-43
146,45,-192,-46,50,-42
148,48,-191,-43,45,-43
149,45,-192,-41,42,-44
149,45,-194,-39,40,-43
152,45,-192,-36,39,-44
150,46,-190,-35,40,-45
148,44,-192,-33,41,-45
150,48,-194,-32,39,-42
149,47,-192,-30,34,-42
150,48,-193,-29,30,-42
150,47,-195,-26,25,-40
151,48,-193,-26,18,-39
152,49,-192,-23,10,-40
152,47,-196,-19,1,-42
154,49,-195,-14,-5,-40
151,46,-194,-9,-11,-38
151,49,-197,-6,-14,-37
152,49,-196,-1,-17,-36
151,49,-201,5,-20,-34
157,46,-198,9,-22,-34
151,50,-201,13,-23,-33
153,51,-203,16,-25,-33
150,45,-200,19,-26,-32
150,49,-202,19,-28,-32
157,51,-202,16,-29,-32
152,50,-201,14,-29,-33
153,50,-200,11,-28,-34
150,51,-199,10,-27,-31
152,52,-207,13,-27,-30
151,53,-205,19,-27,-27
155,51,-203,26,-26,-24
151,49,-205,36,-26,-20
152,50,-202,46,-28,-19
149,47,-203,56,-31,-16
154,47,-203,63,-34,-15
153,49,-202,68,-37,-15
151,49,-204,69,-40,-15
151,47,-202,68,-41,-16
151,50,-198,64,-38,-19
150,48,-197,59,-37,-20
151,50,-199,52,-36,-21
147,49,-200,48,-36,-20
147,50,-195,46,-36,-22
144,49,-200,44,-36,-22
144,48,-194,47,-39,-22
147,47,-200,50,-41,-19
149,50,-197,52,-43,-18
146,51,-194,55,-44,-17
148,47,-197,57,-42,-19
147,50,-194,61,-41,-17
146,51,-198,61,-38,-15
145,51,-196,60,-32,-14
146,51,-201,60,-28,-14
146,50,-199,57,-23,-15
146,47,-199,53,-19,-15
147,46,-198,51,-17,-16
147,50,-199,49,-15,-15
145,47,-198,47,-13,-16
149,51,-202,48,-13,-18
146,48,-200,48,-13,-15
148,51,-201,51,-12,-15
147,49,-202,53,-11,-15
150,48,-198,55,-9,-12
145,48,-201,56,-5,-10
151,47,-202,56,-1,-10
146,51,-198,57,3,-10
144,48,-200,57,8,-10
147,50,-204,58,13,-9
147,49,-202,58,17,-10
150,49,-200,56,22,-8
149,50,-206,57,24,-9
145,50,-204,53,28,-9
150,50,-205,53,30,-10
150,48,-200,52,33,-10
152,49,-197,52,34,-10
152,47,-201,49,34,-11
146,53,-198,47,34,-11
151,50,-203,48,32,-11
149,48,-203,49,30,-10
153,46,-199,48,28,-11
148,49,-205,50,28,-9
150,51,-203,50,31,-9
150,49,-202,49,33,-10
150,48,-199,47,36,-10
151,48,-197,45,38,-12
150,49,-201,44,39,-12
148,48,-199,43,39,-12
145,46,-203,42,39,-13
151,49,-197,41,38,-12
151,46,-198,41,38,-14
149,48,-201,39,37,-14
151,47,-195,39,35,-14
150,48,-199,39,33,-15
148,49,-198,40,31,-13
150,49,-199,41,27,-11
150,46,-199,41,24,-13
148,54,-199,40,22,-15
151,47,-200,41,19,-15
148,53,-202,38,17,-14
151,49,-199,39,16,-17
149,50,-200,38,15,-15
149,48,-196,39,14,-15
149,51,-200,36,14,-16
150,49,-201,35,16,-17
148,50,-199,34,14,-17
147,48,-199,33,15,-17
150,48,-199,31,15,-17
153,48,-199,31,13,-18
152,47,-197,30,13,-17
144,48,-196,30,11,-17
149,51,-200,30,10,-20
151,47,-195,30,9,-17
151,50,-195,31,7,-17
149,46,-197,31,5,-18
150,50,-195,32,4,-17
150,53,-198,32,1,-17
152,50,-201,32,-2,-20
149,49,-194,33,-5,-19
152,50,-198,32,-9,-17
149,49,-201,33,-9,-17
157,48,-196,32,-9,-17
150,51,-199,34,-9,-18
152,50,-199,34,-8,-17
151,46,-199,35,-8,-17
149,51,-197,36,-8,-19
151,51,-197,36,-8,-17
150,49,-199,36,-8,-17
146,51,-195,35,-10,-18
150,50,-200,35,-11,-19
147,50,-195,34,-13,-19
149,50,-200,33,-14,-20
150,54,-197,33,-15,-19
150,51,-201,36,-17,-20
147,51,-200,38,-17,-17
148,50,-199,40,-17,-16
150,50,-199,40,-18,-16
150,48,-201,41,-15,-18
152,50,-200,42,-15,-18
147,57,-202,41,-15,-18
148,55,-203,41,-15,-18
146,46,-201,37,-15,-17
147,50,-202,41,-17,-16
146,50,-208,42,-15,-16
144,54,-202,42,-14,-17
150,52,-197,39,-13,-17
146,54,-201,38,-13,-18
151,50,-199,40,-12,-17
146,49,-195,44,-13,-16
149,51,-199,46,-11,-17
147,50,-199,47,-11,-14
148,50,-203,47,-10,-15
146,53,-200,45,-10,-15
151,52,-194,44,-9,-16
158,50,-202,42,-8,-16
146,52,-201,40,-9,-16
147,49,-199,41,-8,-16
149,53,-199,39,-7,-18
147,48,-198,40,-6,-16
146,53,-199,44,-6,-16
146,50,-198,45,-4,-17
149,51,-200,42,-1,-17
146,51,-198,39,0,-17
147,52,-202,36,1,-17
146,52,-201,37,2,-18
149,52,-199,38,5,-16
147,55,-201,38,8,-16
149,50,-199,39,8,-15
146,51,-203,39,10,-14
148,52,-202,41,11,-15
145,51,-200,41,13,-16
148,49,-199,41,13,-16
149,52,-201,43,11,-14
145,48,-202,43,11,-14
151,52,-199,44,9,-13
144,51,-199,43,8,-14
149,50,-199,44,8,-13
146,49,-200,42,8,-12
146,51,-199,43,7,-12
146,51,-199,42,7,-11
149,52,-197,42,9,-12
149,48,-202,37,9,-10
148,51,-199,43,10,-9
145,50,-199,47,10,-10
149,52,-200,48,12,-12
144,51,-198,45,13,-13
147,45,-200,44,13,-12
149,52,-202,45,13,-12
152,51,-199,49,16,-10
149,54,-203,51,16,-9
148,49,-200,54,17,-9
149,54,-201,55,17,-9
149,50,-202,54,17,-7
149,51,-201,53,17,-8
147,50,-205,52,15,-9
148,52,-199,51,14,-10
149,52,-203,51,15,-9
150,50,-206,50,13,-10
150,51,-201,51,13,-11
150,53,-199,53,12,-10
149,50,-201,54,11,-10
149,49,-199,55,11,-9
147,51,-200,56,10,-10
150,52,-203,56,11,-9
147,53,-196,54,11,-10
150,48,-205,54,9,-11
144,56,-203,53,9,-10
145,51,-196,53,8,-11
144,49,-202,52,7,-10
145,50,-200,52,6,-11
147,51,-204,52,5,-12
148,49,-200,52,4,-12
147,51,-199,52,2,-12
147,50,-199,54,1,-11
149,50,-203,54,2,-9
150,48,-199,54,3,-9
148,52,-201,54,3,-8
149,51,-198,54,4,-9
146,51,-199,56,5,-10
142,56,-195,55,7,-9
147,49,-202,55,7,-8
146,52,-199,55,9,-8
149,52,-203,54,9,-9
146,53,-199,54,9,-9
146,54,-199,55,10,-6
147,49,-199,60,12,-8
148,53,-196,53,8,-11
149,50,-201,51,5,-11
149,52,-198,52,5,-9
148,50,-202,52,5,-10
146,52,-200,52,4,-9
146,50,-201,54,4,-10
145,52,-199,56,4,-8
147,51,-198,55,5,-7
149,49,-205,56,7,-6
148,49,-204,56,8,-8
147,51,-196,55,10,-8
147,50,-203,53,11,-8
148,49,-204,50,11,-8
148,53,-202,50,13,-8
144,55,-204,48,13,-9
144,48,-196,48,10,-10
148,50,-201,53,8,-10
147,52,-198,54,8,-9
145,53,-200,52,6,-10
148,51,-195,46,6,-12
147,49,-203,43,5,-13
146,52,-199,44,5,-12
143,54,-200,45,5,-11
149,48,-200,47,6,-12
147,54,-203,48,6,-11
147,50,-199,50,7,-11
151,55,-199,50,8,-10
149,51,-201,50,9,-11
149,51,-200,50,9,-11
149,50,-200,50,8,-12
148,48,-201,50,7,-10
149,52,-202,50,8,-11
150,51,-198,51,8,-12
145,51,-204,51,7,-11
148,54,-202,50,8,-10
146,50,-200,52,8,-10
149,51,-203,52,9,-9
143,48,-203,53,7,-10
146,56,-203,60,8,-7
150,48,-198,63,11,-8
147,52,-203,55,9,-9
146,50,-200,51,6,-11
147,49,-201,51,9,-9
145,53,-203,51,8,-10
148,50,-201,53,10,-9
145,52,-201,55,11,-9
146,53,-199,56,10,-11
145,51,-201,54,10,-9
148,51,-202,55,9,-8
148,51,-201,55,9,-10
148,50,-201,55,6,-10
149,53,-200,56,6,-9
146,51,-200,57,6,-10
149,50,-197,57,7,-12
145,52,-198,54,6,-10
146,51,-199,54,8,-10
147,51,-200,54,7,-10
149,50,-197,54,8,-10
149,53,-202,56,9,-9
147,50,-200,56,11,-9
148,50,-201,57,11,-9
145,52,-200,58,12,-10
148,52,-200,57,12,-9
148,53,-205,56,14,-9
146,51,-202,55,15,-11
146,48,-196,51,14,-11
144,51,-199,50,15,-12
145,52,-196,48,15,-13
147,49,-201,48,14,-12
149,48,-197,49,13,-11
149,49,-200,51,11,-10
146,50,-202,53,11,-10
151,48,-197,54,10,-9
148,54,-199,56,11,-9
147,52,-198,56,12,-9
149,51,-202,56,12,-10
146,51,-206,54,12,-10
144,51,-201,52,14,-11
144,52,-203,51,15,-12
145,51,-199,50,15,-10
144,50,-200,48,15,-11
147,53,-205,50,15,-11
148,51,-198,51,14,-10
148,48,-204,52,15,-10
146,52,-205,54,14,-9
147,51,-200,55,13,-8
150,48,-202,55,13,-8
146,48,-202,57,13,-7
151,52,-204,56,13,-10
148,51,-200,54,13,-9
146,53,-195,53,12,-9
148,50,-191,52,10,-11
148,51,-201,49,11,-11
146,49,-200,49,12,-11
146,50,-199,48,10,-11
151,47,-199,47,10,-13
148,51,-200,47,11,-11
146,52,-199,48,10,-13
150,47,-199,49,10,-12
145,49,-201,50,9,-13
147,52,-201,51,10,-12
150,49,-198,51,10,-10
147,53,-207,52,10,-12
147,50,-200,52,9,-11
148,49,-203,52,10,-11
152,47,-201,53,11,-11
147,54,-198,52,11,-11
145,51,-201,52,10,-10
147,52,-199,53,11,-11
149,51,-196,53,11,-10
148,52,-202,54,10,-10
148,51,-197,53,8,-10
146,56,-207,53,7,-10
148,47,-200,53,7,-11
149,53,-200,54,6,-11
144,50,-200,55,6,-12
146,51,-202,55,7,-12
146,51,-196,55,7,-12
145,54,-197,56,8,-10
146,53,-199,57,8,-9
145,52,-200,56,8,-10
144,51,-198,57,8,-10
146,48,-202,57,8,-10
151,48,-199,57,8,-9
147,52,-199,57,8,-8
146,51,-201,57,9,-10
147,51,-198,56,8,-9
149,51,-199,57,8,-9
149,50,-200,56,8,-10
148,49,-199,56,7,-11
147,50,-199,56,7,-9
150,53,-200,57,7,-9
145,55,-199,57,9,-9
143,52,-203,57,9,-10
144,52,-199,56,10,-10
145,49,-197,56,9,-10
147,50,-199,55,10,-9
148,48,-198,53,9,-10
144,54,-200,53,11,-10
148,48,-201,52,13,-10
149,49,-203,52,13,-10
147,52,-202,51,13,-9
145,53,-202,51,15,-9
146,52,-200,52,15,-11
148,52,-202,52,16,-10
144,50,-201,53,14,-11
142,51,-199,53,14,-10
143,58,-203,53,14,-10
146,47,-202,52,14,-9
149,52,-204,53,13,-10
146,53,-203,53,13,-10
148,51,-196,52,13,-11
148,52,-203,51,11,-11
147,48,-201,50,12,-11
148,51,-202,51,13,-11
146,52,-201,51,15,-11
148,54,-200,50,16,-11
146,51,-200,50,15,-9
147,51,-199,51,15,-12
147,50,-202,50,15,-12
151,48,-199,50,16,-10
146,51,-199,49,16,-10
146,52,-199,48,16,-10
146,49,-200,48,16,-11
146,53,-195,47,17,-12
150,51,-199,48,18,-11
146,53,-198,49,18,-10
151,49,-205,49,18,-10
148,47,-198,49,18,-11
149,53,-199,48,16,-10
148,52,-200,48,16,-11
148,49,-201,50,15,-11
151,54,-200,50,13,-10
147,51,-201,51,13,-9
151,48,-199,51,12,-10
147,48,-197,52,12,-10
147,49,-198,53,12,-10
144,50,-206,52,12,-11
153,48,-203,50,13,-11
148,47,-198,50,14,-12
149,48,-202,50,13,-10
147,54,-202,50,14,-11
147,53,-200,51,13,-10
144,53,-201,53,12,-11
145,53,-202,54,11,-10
145,51,-200,54,11,-11
145,51,-204,55,11,-10
144,50,-200,53,10,-12
151,46,-200,53,10,-12
141,50,-193,53,11,-10
147,50,-199,54,10,-11
148,51,-201,54,10,-9
146,51,-197,55,13,-11
148,48,-203,55,12,-9
148,51,-199,55,14,-10
147,49,-197,54,15,-9
149,49,-201,55,16,-8
145,52,-200,54,15,-9
147,50,-201,54,16,-8
143,50,-198,52,16,-9
147,43,-201,52,14,-11
149,51,-197,52,13,-10
147,52,-199,53,12,-10
146,50,-202,53,12,-10
150,50,-199,53,11,-9
149,51,-201,53,11,-8
148,53,-198,55,10,-8
147,49,-204,54,11,-8
148,47,-200,55,11,-8
149,50,-202,55,11,-10
149,57,-203,52,12,-9
144,52,-202,51,13,-10
150,50,-203,48,13,-10
147,52,-202,50,13,-12
146,50,-198,49,12,-12
147,51,-200,49,11,-11
147,51,-200,48,9,-12
145,52,-200,49,9,-12
145,52,-202,49,10,-14
147,51,-200,50,10,-11
147,49,-198,50,10,-13
147,52,-199,48,10,-14
148,63,-205,46,11,-14
147,52,-198,45,14,-14
145,51,-200,46,13,-13
147,50,-200,45,14,-12
148,51,-199,45,13,-13
150,50,-202,47,14,-12
148,50,-202,50,14,-13
143,49,-199,50,12,-12
146,51,-204,51,12,-12
147,50,-201,52,12,-11
148,49,-203,52,11,-11
147,47,-203,51,10,-12
146,49,-201,50,10,-10
147,49,-199,49,10,-10
146,54,-199,47,10,-12
147,54,-198,47,10,-12
146,49,-197,48,9,-13
148,52,-198,47,8,-12
149,55,-198,48,7,-12
147,55,-200,48,6,-12
147,54,-201,49,5,-12
146,52,-197,52,7,-13
140,51,-201,51,6,-11
148,51,-200,51,5,-11
150,54,-200,48,8,-10
145,50,-201,50,8,-11
150,49,-201,53,8,-11
147,51,-196,55,9,-11
145,53,-201,50,9,-13
148,53,-200,45,8,-15
149,49,-203,43,8,-14
147,53,-200,47,7,-15
150,48,-202,50,8,-13
147,44,-198,52,8,-14
148,50,-203,53,6,-12
149,51,-206,55,7,-12
147,52,-202,55,7,-13
146,49,-196,53,7,-13
147,51,-201,55,6,-13
145,50,-201,55,7,-14
150,49,-200,54,7,-12
146,50,-199,54,7,-14
147,50,-200,52,7,-13
152,50,-200,51,6,-14
146,52,-198,49,7,-15
148,50,-199,49,7,-13
149,52,-200,50,7,-13
147,51,-200,52,5,-13
148,50,-202,52,6,-12
144,51,-200,52,6,-12
147,50,-198,53,5,-12
146,52,-202,55,5,-12
147,49,-199,55,5,-12
146,50,-201,54,5,-12
151,51,-206,53,6,-14
143,52,-199,52,8,-13
148,51,-200,50,7,-12
146,52,-198,51,7,-12
147,51,-202,49,8,-13
145,53,-200,48,9,-13
148,50,-201,48,9,-13
144,55,-202,47,10,-12
146,52,-201,48,9,-12
146,50,-202,47,8,-12
147,52,-198,46,8,-12
147,43,-202,48,10,-11
144,51,-201,50,10,-13
145,53,-204,51,10,-14
146,53,-201,52,9,-12
147,50,-205,52,11,-13
145,51,-205,52,10,-13
144,54,-201,50,9,-14
147,51,-203,49,10,-14
147,48,-202,47,10,-14
147,49,-200,47,10,-16
140,51,-199,45,9,-15
146,52,-194,45,9,-14
143,53,-202,45,8,-15
148,53,-199,43,8,-16
147,50,-201,44,8,-16
146,53,-196,40,9,-15
145,46,-202,43,8,-11
148,52,-207,50,8,-13
144,55,-200,49,8,-14
144,54,-198,45,9,-18
145,50,-199,41,9,-17
145,50,-197,41,10,-16
149,49,-211,44,11,-15
149,50,-203,46,11,-13
147,53,-201,49,12,-14
147,51,-201,49,12,-14
149,52,-200,50,11,-14
146,52,-201,51,11,-12
145,50,-199,50,11,-12
147,52,-204,51,12,-12
145,57,-203,49,13,-13
149,50,-202,49,13,-13
148,51,-198,49,13,-12
144,54,-205,48,13,-13
145,52,-202,49,13,-11
148,52,-196,50,13,-12
146,48,-198,49,13,-11
148,51,-200,52,14,-11
147,48,-200,51,13,-11
148,53,-201,52,12,-13
145,51,-201,52,13,-12
147,48,-197,52,12,-11
147,51,-200,52,12,-11
148,52,-195,52,12,-12
147,47,-206,52,12,-11
147,51,-204,52,12,-13
149,51,-203,52,10,-12
147,54,-201,51,10,-11
146,52,-202,51,10,-12
146,53,-202,52,9,-10
148,51,-199,52,11,-10
146,50,-200,53,9,-9
146,52,-201,54,8,-11
144,53,-203,54,8,-12
147,51,-198,54,7,-11
142,53,-203,53,7,-11
147,53,-200,54,7,-11
145,52,-200,54,6,-11
146,53,-200,54,7,-9
143,51,-199,53,7,-10
146,53,-198,53,8,-11
146,49,-200,53,7,-9
145,54,-203,54,8,-11
146,52,-201,52,8,-10
147,48,-205,51,10,-8
142,54,-198,52,10,-8
139,55,-201,52,10,-8
146,53,-200,51,10,-9
145,52,-200,52,10,-8
147,52,-201,53,10,-8
148,49,-203,53,10,-7
149,51,-203,53,9,-7
148,52,-200,54,10,-8
148,52,-199,53,9,-9
148,50,-197,53,9,-9
148,50,-198,52,10,-8
147,45,-202,49,11,-9
146,50,-200,48,11,-10
148,50,-199,47,11,-11
147,54,-199,47,12,-12
148,52,-200,48,12,-12
146,53,-201,48,11,-12
142,51,-198,49,9,-12
142,53,-199,49,9,-11
145,54,-202,50,8,-11
146,49,-198,49,8,-12
147,47,-199,49,8,-11
147,48,-203,48,9,-11
146,51,-200,48,10,-12
145,54,-202,47,11,-12
147,50,-199,49,12,-11
145,50,-201,50,12,-11
149,51,-201,52,13,-10
146,50,-205,54,12,-11
144,52,-200,54,12,-10
145,52,-204,55,12,-9
143,53,-195,54,10,-10
143,54,-198,54,9,-9
142,59,-209,53,9,-10
146,48,-201,51,9,-10
147,51,-198,50,7,-11
143,50,-199,48,7,-11
143,53,-202,48,8,-13
145,51,-197,48,8,-11
144,51,-201,49,8,-11
143,52,-202,50,7,-10
146,54,-198,53,5,-11
144,54,-207,54,6,-10
146,55,-203,56,7,-8
150,50,-196,54,6,-9
144,51,-201,54,7,-8
146,52,-199,55,8,-8
146,51,-200,54,11,-8
150,52,-200,54,11,-9
146,52,-200,54,10,-10
147,52,-200,53,11,-9
147,51,-204,55,12,-8
146,50,-204,56,13,-8
150,49,-201,56,12,-9
148,49,-206,57,11,-8
151,44,-198,57,9,-9
146,52,-197,56,10,-9
145,52,-200,56,10,-10
146,54,-202,56,12,-10
144,49,-199,56,11,-8
143,55,-198,55,11,-10
146,50,-201,56,11,-8
145,54,-201,56,11,-7
148,46,-202,56,10,-8
144,53,-203,56,10,-8
143,53,-202,56,10,-9
149,51,-189,56,9,-8
147,54,-200,57,10,-8
147,49,-202,58,8,-9
142,52,-203,56,9,-9
146,49,-202,57,9,-9
144,50,-204,57,10,-10
146,52,-204,57,10,-10
145,51,-203,56,10,-9
146,53,-203,57,11,-9
145,51,-200,54,11,-7
143,55,-204,55,11,-7
142,53,-204,56,12,-7
144,52,-200,55,11,-9
145,51,-200,55,11,-8
145,52,-199,55,11,-8
143,51,-203,54,10,-10
146,53,-202,53,10,-9
148,52,-200,52,11,-8
145,51,-199,54,11,-8
144,54,-203,51,10,-8
145,53,-203,51,11,-9
146,51,-202,51,10,-9
144,51,-203,51,11,-9
147,49,-202,52,11,-9
144,52,-203,52,12,-10
147,52,-201,53,12,-10
149,49,-197,52,12,-12
147,50,-198,52,12,-10
145,51,-199,51,11,-10
143,51,-203,50,10,-11
149,49,-203,50,10,-11
145,51,-199,48,10,-13
146,50,-200,48,9,-10
148,50,-200,49,9,-10
145,52,-198,49,9,-12
146,54,-200,50,9,-12
147,50,-202,50,9,-12
143,52,-201,52,10,-11
147,50,-200,51,12,-11
147,50,-200,51,13,-10
144,51,-202,50,12,-10
146,49,-201,50,12,-13
145,53,-201,50,13,-10
145,51,-198,49,13,-10
145,51,-200,51,14,-9
145,52,-199,52,13,-11
148,49,-201,52,13,-10
146,50,-200,53,13,-10
145,54,-203,53,12,-9
148,52,-199,54,13,-11
145,50,-202,55,12,-11
148,52,-200,56,11,-11
147,50,-202,56,11,-12
144,54,-202,56,10,-9
143,51,-198,54,12,-9
145,51,-198,54,12,-10
146,54,-199,54,15,-10
143,51,-201,53,13,-9
145,54,-200,55,13,-9
145,49,-203,56,14,-10
146,55,-197,57,13,-10
149,51,-202,57,13,-9
147,50,-205,56,12,-9
146,51,-201,56,14,-10
145,48,-201,55,13,-9
144,52,-200,55,13,-9
145,52,-199,55,15,-8
146,50,-200,54,14,-9
147,45,-203,55,13,-9
148,49,-197,54,14,-9
147,53,-202,54,15,-9
143,53,-198,55,15,-9
148,49,-199,56,15,-10
147,50,-200,56,14,-8
142,54,-202,56,15,-9
146,51,-203,54,14,-10
142,49,-205,54,13,-11
144,49,-198,53,13,-10
143,51,-202,53,13,-9
146,50,-203,53,12,-10
147,51,-202,53,14,-8
146,52,-199,54,14,-9
147,50,-202,54,14,-10
144,49,-200,54,14,-8
148,48,-200,54,15,-8
143,52,-197,54,15,-7
144,54,-197,54,14,-8
146,49,-199,52,15,-10
146,49,-197,51,15,-8
147,51,-204,51,15,-11
145,51,-201,51,14,-9
145,51,-196,53,13,-9
146,53,-202,53,12,-9
146,51,-201,55,14,-10
146,50,-196,54,14,-10
145,59,-205,54,12,-10
144,52,-204,54,12,-9
143,48,-205,54,13,-11
141,53,-211,55,13,-10
147,51,-198,54,12,-9
146,51,-202,56,14,-10
144,51,-201,56,12,-10
146,52,-202,55,9,-9
146,50,-203,56,8,-9
143,50,-205,55,10,-9
146,48,-198,57,10,-8
149,47,-199,55,11,-9
148,52,-202,54,12,-10
145,54,-201,53,11,-10
146,52,-192,51,13,-11
144,52,-198,50,13,-11
148,51,-199,51,11,-11
144,53,-203,52,13,-11
148,50,-197,53,11,-11
147,52,-201,55,11,-10
147,51,-201,54,10,-10
145,50,-202,54,10,-11
148,48,-202,54,10,-11
145,53,-205,52,12,-9
148,49,-202,51,13,-10
147,58,-199,50,12,-12
146,50,-202,50,12,-11
145,50,-201,48,12,-11
148,48,-203,49,13,-10
147,51,-200,51,12,-10
146,49,-201,52,13,-11
148,47,-202,55,13,-9
143,52,-204,55,13,-9
146,51,-203,56,12,-9
143,50,-202,57,13,-8
145,50,-200,54,12,-8
144,46,-201,53,11,-10
148,50,-195,50,13,-11
146,50,-203,49,13,-9
145,52,-199,49,12,-12
144,50,-202,49,12,-11
145,51,-199,49,11,-10
146,51,-198,49,10,-11
145,51,-201,51,10,-11
144,49,-203,52,11,-10
144,53,-198,53,9,-9
146,50,-198,53,10,-9
152,50,-205,54,11,-10
147,53,-200,55,10,-9
146,49,-198,55,11,-11
146,51,-200,55,10,-10
146,53,-202,53,12,-9
149,51,-200,52,10,-9
146,55,-204,51,10,-10
146,47,-203,53,10,-9
143,56,-205,52,11,-9
146,54,-195,53,9,-10
147,48,-203,53,10,-10
146,50,-201,53,8,-10
146,53,-203,55,9,-10
147,49,-198,56,10,-9
147,50,-200,55,10,-8
146,50,-201,56,9,-9
147,50,-201,56,9,-11
145,51,-200,57,10,-11
146,47,-200,56,8,-10
146,51,-202,57,10,-10
145,49,-204,57,9,-10
154,48,-194,57,10,-10
148,51,-203,58,10,-9
147,52,-198,59,10,-10
147,52,-203,58,10,-9
144,51,-206,58,10,-9
148,48,-200,58,10,-9
147,52,-202,59,9,-8
148,50,-198,58,8,-9
144,51,-206,60,9,-9
147,49,-198,60,9,-7
144,51,-201,60,10,-7
142,49,-200,59,10,-8
147,51,-202,58,11,-8
146,48,-198,56,11,-8
147,51,-201,55,12,-9
147,50,-198,53,14,-10
142,54,-199,53,13,-10
146,50,-199,51,13,-11
144,48,-206,51,15,-10
148,51,-201,49,14,-9
145,48,-201,49,14,-10
146,52,-201,49,14,-10
146,49,-200,51,13,-11
145,50,-199,53,13,-10
146,52,-201,54,13,-10
147,49,-199,55,11,-10
147,49,-202,55,12,-10
143,53,-202,54,12,-10
145,49,-199,54,13,-10
144,52,-206,52,11,-10
147,49,-199,52,12,-11
148,51,-202,49,12,-11
144,48,-204,50,12,-11
151,51,-200,49,12,-11
147,51,-202,49,13,-12
144,51,-202,48,13,-12
145,50,-201,49,14,-11
146,51,-201,47,12,-11
146,49,-203,48,14,-10
145,51,-204,48,15,-12
145,46,-203,49,16,-11
148,48,-197,51,15,-11
144,52,-199,51,16,-12
146,50,-202,52,17,-9
147,45,-198,52,17,-10
147,51,-202,52,16,-9
145,50,-198,52,16,-10
147,50,-199,51,17,-9
148,51,-205,51,16,-9
147,53,-206,52,15,-12
145,52,-203,51,16,-12
148,52,-202,52,15,-11
147,49,-205,50,15,-11
148,49,-193,50,14,-12
145,52,-202,50,14,-11
143,54,-208,50,14,-9
143,50,-204,57,16,-9
148,48,-200,56,14,-9
147,48,-205,52,13,-10
149,50,-200,54,13,-9
146,52,-199,54,13,-9
147,52,-202,55,13,-9
145,53,-199,54,12,-8
145,53,-197,54,13,-10
144,50,-201,53,13,-11
145,50,-200,52,14,-12
144,50,-196,52,13,-11
146,52,-198,52,12,-12
144,51,-202,52,13,-13
145,47,-203,53,14,-12
148,49,-200,53,13,-11
149,49,-200,54,15,-10
145,52,-202,55,12,-8
147,51,-201,56,13,-10
150,48,-197,55,12,-11
151,48,-198,55,12,-11
147,52,-203,56,13,-12
147,50,-200,55,12,-10
146,50,-201,55,11,-10
146,50,-200,55,11,-10
146,51,-198,54,11,-11
148,48,-197,51,12,-10
146,51,-201,52,13,-10
145,49,-203,53,14,-11
147,53,-201,54,13,-12
145,51,-201,53,13,-11
146,49,-203,54,13,-10
146,47,-197,54,12,-11
149,50,-200,54,12,-10
146,49,-203,53,13,-10
146,50,-206,54,13,-10
145,51,-199,52,14,-9
147,51,-205,51,14,-9
147,51,-201,52,13,-10
144,50,-204,52,15,-10
147,52,-205,51,15,-10
148,51,-202,52,14,-11
145,51,-201,52,13,-11
144,47,-200,52,13,-12
146,48,-202,51,12,-12
152,49,-203,51,13,-12
145,53,-201,51,13,-12
147,50,-204,51,11,-10
146,52,-200,51,12,-10
148,50,-200,51,10,-10
145,52,-201,51,10,-14
147,50,-208,50,11,-13
147,50,-204,52,11,-11
145,48,-200,52,12,-13
139,51,-204,52,11,-12
147,52,-200,50,11,-12
145,52,-198,51,13,-11
147,51,-203,51,13,-12
146,48,-201,52,13,-11
148,49,-204,52,14,-10
143,53,-201,54,13,-9
144,48,-201,53,12,-9
144,49,-208,54,12,-10
146,52,-200,55,13,-10
147,51,-201,55,13,-10
141,57,-201,56,12,-9
147,53,-199,55,13,-10
146,55,-200,54,13,-8
146,50,-199,54,15,-9
146,49,-201,52,14,-10
144,51,-201,53,15,-9
145,52,-201,53,17,-10
146,51,-200,53,17,-9
143,50,-197,53,15,-11
145,54,-205,54,16,-10
144,49,-198,53,16,-10
145,50,-197,52,15,-9
146,50,-203,53,15,-9
143,52,-198,51,14,-10
149,49,-200,51,14,-10
146,51,-202,51,13,-11
147,49,-200,51,12,-11
145,54,-202,52,10,-11
148,47,-201,53,9,-12
146,52,-200,54,10,-12
146,49,-198,53,10,-12
143,50,-202,51,11,-13
144,50,-199,50,12,-13
147,52,-198,48,12,-13
144,53,-202,48,13,-14
149,50,-201,48,13,-13
147,53,-204,47,13,-13
146,50,-200,49,12,-13
149,50,-199,49,10,-11
147,52,-201,50,9,-11
146,50,-199,51,10,-12
145,51,-200,53,9,-11
144,50,-202,54,7,-12
147,46,-199,53,7,-10
147,52,-197,51,5,-11
146,53,-200,51,5,-11
145,52,-197,50,4,-13
149,51,-203,50,4,-12
147,49,-199,49,4,-12
146,52,-203,47,4,-12
149,49,-201,47,3,-12
150,46,-199,48,4,-12
146,50,-205,50,5,-12
148,52,-201,49,5,-11
147,56,-203,49,5,-12
145,50,-202,49,5,-14
145,54,-201,49,6,-14
147,50,-198,49,5,-12
148,51,-209,50,6,-13
150,51,-201,51,5,-11
144,52,-202,51,6,-11
144,54,-202,51,6,-13
149,48,-203,50,6,-13
142,50,-201,49,5,-12
143,56,-203,49,5,-11
145,48,-203,49,6,-12
146,49,-202,51,6,-13
149,51,-198,51,6,-12
145,52,-204,50,7,-13
145,51,-200,50,7,-12
145,50,-199,50,8,-14
147,49,-204,52,6,-14
146,49,-206,53,6,-15
147,50,-202,51,7,-14
145,50,-201,51,6,-12
144,52,-204,51,6,-13
149,49,-198,51,6,-13
146,51,-202,51,6,-12
146,51,-204,51,5,-12
143,54,-200,51,6,-12
145,50,-199,49,5,-12
146,52,-200,50,6,-14
145,52,-203,49,4,-13
142,52,-205,51,5,-13
147,48,-202,51,6,-13
148,51,-205,51,5,-13
149,50,-196,52,7,-12
146,51,-202,52,7,-13
145,51,-203,53,8,-11
144,51,-202,53,9,-10
145,51,-205,53,10,-10
147,53,-202,51,12,-11
145,51,-200,50,13,-10
147,50,-204,50,12,-10
145,51,-203,48,14,-10
144,47,-203,47,14,-11
145,53,-200,46,13,-12
141,49,-207,46,14,-12
145,51,-202,46,14,-14
144,54,-202,47,14,-13
145,53,-202,47,13,-12
148,49,-201,50,12,-11
145,49,-202,50,12,-12
144,53,-198,50,12,-10
146,50,-201,51,13,-12
144,48,-203,50,12,-12
145,52,-203,48,12,-12
145,52,-198,46,11,-13
137,58,-198,47,12,-14
148,48,-197,45,11,-12
143,50,-203,46,11,-14
146,51,-198,47,11,-14
144,52,-203,47,10,-13
145,52,-202,47,11,-14
147,53,-204,48,10,-14
146,49,-200,48,11,-11
144,49,-203,48,9,-12
143,50,-201,48,9,-11
146,49,-200,48,10,-12
143,55,-200,50,10,-13
145,52,-204,49,9,-13
146,54,-204,49,9,-13
142,50,-203,49,10,-13
148,51,-199,49,10,-12
146,50,-202,48,12,-12
147,49,-202,47,10,-13
145,53,-201,48,11,-13
144,56,-202,48,10,-12
143,54,-199,48,10,-11
140,51,-202,48,9,-10
145,48,-199,54,9,-13
145,54,-200,50,9,-13
146,52,-200,46,7,-13
143,50,-201,42,5,-13
146,52,-204,41,6,-13
147,51,-204,45,8,-14
147,52,-202,48,7,-13
147,49,-204,49,8,-13
147,52,-200,50,8,-12
147,49,-199,53,9,-10
145,53,-205,53,9,-11
145,51,-202,51,9,-13
146,50,-202,51,9,-12
145,53,-202,50,9,-12
147,52,-201,50,10,-12
143,50,-206,49,10,-13
146,52,-206,49,10,-13
146,47,-200,50,8,-12
145,52,-208,49,9,-12
146,51,-198,50,7,-12
146,48,-198,51,7,-11
148,52,-201,51,6,-11
141,50,-209,50,6,-12
147,50,-203,52,6,-12
146,47,-202,50,5,-12
143,53,-202,52,6,-11
144,52,-202,53,8,-11
145,53,-202,51,9,-9
146,53,-203,51,9,-10
144,50,-201,51,11,-12
142,52,-202,53,10,-10
142,51,-204,54,9,-11
143,50,-202,54,9,-9
147,48,-200,53,9,-9
142,53,-201,53,10,-10
146,51,-201,55,11,-10
145,55,-207,54,10,-10
145,51,-203,54,10,-9
144,53,-200,53,11,-8
144,52,-202,53,11,-8
146,48,-201,54,12,-10
148,50,-202,54,12,-10
145,48,-206,54,12,-8
144,53,-201,54,13,-8
144,49,-201,52,13,-8
146,49,-203,52,14,-8
145,51,-202,52,14,-10
147,50,-198,52,14,-10
148,50,-202,51,13,-9
141,52,-199,50,14,-9
143,50,-200,52,13,-10
145,53,-200,51,12,-9
144,53,-200,51,10,-9
141,51,-200,50,10,-9
143,49,-195,51,12,-10
144,54,-205,49,11,-10
146,50,-203,49,12,-11
145,49,-199,48,11,-9
146,51,-201,49,11,-11
149,52,-200,49,11,-10
141,50,-200,49,10,-10
144,51,-200,48,10,-11
144,55,-207,48,11,-12
145,54,-203,50,11,-10
146,50,-205,48,11,-9
141,60,-199,49,11,-11
145,52,-200,49,11,-10
146,49,-201,48,11,-12
145,52,-201,47,11,-11
147,52,-201,47,11,-10
144,53,-203,48,10,-11
149,51,-201,49,11,-12
144,49,-200,51,9,-9
143,52,-204,52,9,-10
147,48,-199,52,9,-11
144,53,-200,53,9,-11
147,51,-197,51,9,-10
145,55,-202,52,10,-12
147,49,-202,51,10,-13
144,50,-203,50,9,-13
144,53,-201,50,10,-13
142,54,-202,50,11,-11
148,52,-201,50,11,-11
146,49,-204,50,12,-10
151,50,-201,50,13,-10
143,51,-202,50,13,-10
145,55,-199,51,12,-11
149,46,-204,53,13,-9
142,51,-202,54,11,-9
145,50,-200,55,10,-9
145,53,-200,55,8,-10
146,49,-200,54,9,-9
145,51,-202,53,7,-11
145,49,-201,54,6,-10
142,52,-201,53,7,-10
146,51,-202,53,8,-10
148,50,-200,54,9,-10
144,52,-202,54,9,-9
152,49,-205,54,11,-10
147,47,-203,54,10,-7
144,52,-204,55,10,-8
145,52,-202,55,11,-8
149,55,-207,55,11,-7
144,50,-200,55,11,-8
147,49,-204,54,12,-8
143,53,-203,54,12,-9
146,50,-206,53,12,-8
147,53,-204,53,14,-11
144,54,-203,52,13,-10
144,55,-202,53,11,-9
144,50,-200,53,11,-9
145,52,-203,52,12,-8
146,51,-200,52,12,-10
148,51,-203,51,12,-10
145,51,-203,52,13,-9
145,48,-198,52,12,-10
145,53,-199,52,13,-9
146,53,-201,52,11,-12
148,50,-204,52,11,-10
147,51,-202,54,11,-10
143,51,-205,53,11,-9
144,49,-205,53,10,-8
144,51,-195,53,11,-10
146,51,-202,54,11,-10
145,50,-202,53,12,-11
144,51,-205,54,13,-9
145,48,-200,54,13,-10
144,54,-199,54,14,-10
145,50,-202,55,13,-9
144,47,-204,54,14,-7
145,50,-202,53,14,-10
143,51,-201,53,15,-9
145,51,-203,53,14,-10
145,53,-202,52,13,-8
146,53,-201,53,14,-8
144,49,-200,54,13,-9
145,51,-203,52,15,-8
143,54,-203,51,15,-8
145,53,-203,52,16,-9
144,48,-205,51,16,-9
148,50,-201,52,15,-8
148,49,-201,52,15,-8
145,50,-200,52,15,-8
147,51,-204,51,16,-9
143,51,-202,50,16,-11
146,50,-203,51,16,-9
143,55,-204,53,15,-11
144,51,-207,54,16,-11
152,53,-203,54,14,-10
146,53,-208,54,14,-10
143,51,-203,53,15,-11
143,54,-205,54,14,-10
143,54,-199,52,15,-10
150,52,-196,51,15,-9
144,52,-205,52,14,-9
148,52,-201,52,15,-11
143,52,-201,53,14,-9
143,51,-200,52,14,-9
147,51,-198,51,14,-10
143,51,-200,50,14,-9
148,49,-200,50,12,-11
146,52,-201,51,13,-11
147,53,-204,51,13,-10
149,48,-204,52,13,-10
146,48,-204,53,12,-10
145,50,-199,53,13,-12
144,50,-196,53,12,-12
147,50,-202,53,13,-10
146,51,-199,53,12,-10
145,50,-204,51,12,-9
145,53,-206,52,13,-10
146,52,-201,53,13,-10
144,51,-204,53,14,-11
147,52,-199,53,14,-9
145,55,-203,52,14,-10
148,51,-201,53,13,-10
149,49,-199,53,13,-10
145,49,-200,53,13,-10
146,52,-203,54,13,-11
145,53,-201,52,13,-10
148,50,-209,52,13,-11
145,49,-203,52,13,-10
144,50,-200,52,12,-10
145,53,-199,52,12,-9
144,50,-196,53,12,-11
149,49,-198,52,12,-12
147,51,-201,52,12,-10
145,50,-202,52,13,-10
146,51,-203,52,13,-10
144,50,-202,53,13,-9
145,51,-200,53,12,-10
146,50,-199,52,13,-10
147,52,-203,53,11,-11
143,48,-201,53,12,-10
145,49,-200,52,14,-12
148,51,-205,51,13,-10
142,56,-204,52,13,-10
144,48,-200,51,13,-11
145,50,-199,51,13,-12
146,48,-200,52,11,-11
143,52,-202,50,12,-10
149,51,-199,51,12,-9
146,49,-201,52,12,-9
144,51,-200,52,10,-9
145,55,-202,53,10,-10
146,49,-203,53,11,-9
144,50,-202,52,11,-9
141,46,-210,52,11,-9
146,52,-201,50,12,-10
144,51,-201,50,12,-9
147,48,-199,50,13,-10
147,50,-202,49,13,-11
145,52,-204,50,13,-12
147,53,-203,50,14,-10
143,51,-204,49,14,-9
148,52,-202,51,13,-11
145,48,-202,51,12,-11
144,50,-205,52,13,-9
147,47,-203,51,12,-10
143,52,-204,52,12,-11
146,51,-206,51,12,-11
144,50,-202,52,12,-10
144,51,-199,53,12,-10
147,50,-205,53,13,-10
145,49,-202,51,13,-10
146,48,-203,50,14,-11
147,52,-201,50,14,-11
145,51,-203,51,13,-12
145,49,-203,49,13,-11
145,51,-199,51,14,-10
144,51,-202,53,12,-8
144,53,-204,55,11,-9
147,49,-206,55,11,-10
144,52,-202,55,11,-10
145,50,-200,55,12,-9
145,50,-206,54,11,-10
143,52,-201,54,12,-10
145,50,-199,52,13,-11
145,53,-204,52,13,-11
143,53,-202,51,13,-11
142,49,-206,52,13,-10
145,53,-201,53,13,-10
144,49,-201,54,13,-10
145,53,-202,54,12,-9
146,54,-203,54,11,-10
144,52,-203,53,13,-9
148,52,-200,52,13,-10
145,51,-203,52,13,-10
144,52,-197,51,13,-12
146,48,-200,51,13,-10
146,54,-198,52,11,-11
148,50,-197,54,11,-12
145,50,-201,54,12,-12
146,48,-198,54,10,-11
144,53,-199,53,13,-11
146,50,-202,52,13,-11
147,52,-207,51,14,-12
144,52,-201,50,14,-11
143,50,-203,50,16,-11
147,50,-201,49,15,-10
147,49,-202,49,15,-10
141,49,-201,50,14,-10
144,52,-202,51,14,-11
144,51,-203,50,14,-10
148,48,-198,51,13,-9
146,51,-200,53,14,-8
148,51,-201,55,12,-9
145,52,-198,55,12,-10
147,47,-201,53,10,-10
145,49,-200,54,10,-10
146,49,-201,52,10,-11
146,52,-203,52,8,-11
141,52,-196,50,8,-11
146,52,-204,49,8,-12
144,52,-201,49,7,-11
147,52,-202,48,8,-10
146,48,-203,50,9,-9
146,50,-201,50,9,-10
144,52,-204,50,8,-11
146,53,-204,50,8,-12
146,52,-205,52,9,-11
144,48,-201,52,9,-10
147,50,-199,52,10,-11
142,52,-202,53,11,-11
145,52,-202,54,11,-9
145,51,-201,53,11,-11
147,51,-205,54,10,-11
146,50,-203,53,10,-11
142,54,-200,53,11,-12
146,51,-204,53,11,-11
147,55,-203,53,10,-10
146,50,-197,53,11,-12
146,50,-204,54,11,-12
143,52,-201,53,11,-12
142,50,-194,52,10,-12
144,52,-206,54,9,-12
146,49,-201,54,9,-12
146,51,-199,53,9,-12
146,48,-203,53,8,-12
145,48,-201,53,9,-10
144,50,-202,53,10,-8
145,51,-203,53,10,-8
144,50,-200,55,11,-8
147,51,-204,56,11,-9
146,50,-202,56,11,-9
140,51,-201,56,12,-8
148,50,-197,57,11,-9
143,53,-204,56,12,-8
147,51,-202,56,13,-10
146,51,-204,54,13,-9
145,51,-203,54,14,-10
146,52,-200,53,15,-10
146,50,-201,52,14,-10
144,50,-207,51,13,-10
145,50,-201,53,14,-9
144,51,-203,53,14,-9
141,45,-199,51,15,-9
145,50,-199,52,15,-10
146,50,-200,51,14,-9
146,53,-205,52,15,-9
145,54,-201,53,15,-10
142,53,-200,52,15,-9
148,52,-201,51,16,-8
143,51,-204,50,16,-10
147,51,-200,51,18,-10
145,51,-207,51,17,-9
145,50,-197,53,17,-10
146,49,-205,53,17,-9
146,52,-202,52,17,-8
143,51,-202,52,17,-11
144,52,-204,52,17,-11
145,50,-205,52,16,-10
145,48,-203,51,17,-10
148,52,-202,50,15,-11
145,49,-197,50,14,-11
143,52,-202,48,13,-11
147,52,-195,49,14,-12
148,50,-199,50,13,-11
145,46,-197,50,12,-11
146,50,-205,50,12,-10
145,50,-200,51,14,-11
146,52,-202,52,14,-10
145,51,-203,52,15,-10
145,52,-204,53,15,-10
146,49,-202,53,15,-9
143,49,-201,54,15,-9
144,53,-203,54,15,-10
146,51,-202,52,15,-8
145,49,-200,52,15,-8
141,49,-212,52,13,-7
144,56,-199,52,12,-10
147,51,-202,51,13,-10
145,50,-203,53,14,-9
145,53,-200,53,12,-10
145,51,-203,52,12,-10
145,52,-202,52,12,-9
146,51,-205,53,12,-9
144,51,-202,53,11,-9
149,49,-202,54,11,-9
144,51,-200,54,11,-10
144,51,-202,54,9,-10
146,51,-202,54,12,-12
147,53,-204,54,11,-12
145,50,-200,55,13,-11
145,51,-203,55,12,-10
143,52,-202,54,14,-11
144,47,-206,54,14,-10
144,54,-199,55,13,-8
144,50,-202,52,14,-9
144,52,-202,52,13,-9
143,52,-205,51,13,-9
150,51,-204,51,12,-9
143,51,-202,52,13,-10
148,49,-200,52,13,-10
144,52,-204,53,11,-10
146,49,-199,53,11,-10
148,51,-203,53,11,-11
146,52,-199,53,10,-10
143,53,-203,54,10,-10
145,49,-203,53,10,-11
147,52,-198,53,11,-9
143,51,-198,54,11,-11
146,52,-201,54,11,-10
144,52,-203,54,12,-9
144,49,-200,53,14,-9
146,48,-204,53,14,-11
145,52,-204,52,15,-10
146,51,-198,52,15,-9
146,51,-201,52,15,-9
146,48,-205,52,14,-9
148,48,-204,52,15,-10
143,49,-197,52,14,-10
146,57,-204,51,14,-10
148,49,-202,51,13,-11
146,53,-200,51,12,-10
147,52,-201,50,12,-10
144,51,-202,51,13,-9
144,52,-201,52,13,-12
147,49,-198,52,12,-10
146,48,-202,52,12,-10
145,49,-206,49,11,-9
143,50,-203,52,13,-9
144,54,-202,52,12,-11
146,56,-205,54,14,-9
143,54,-202,54,13,-9
144,50,-200,53,13,-9
146,50,-204,53,15,-11
144,51,-198,52,15,-10
144,51,-203,53,13,-11
144,51,-203,53,15,-8
148,53,-202,52,15,-8
144,51,-200,52,15,-10
145,49,-204,52,15,-9
149,48,-203,52,14,-10
149,50,-206,53,14,-10
146,50,-201,52,13,-11
145,51,-200,53,13,-11
147,49,-203,53,11,-10
148,48,-202,53,12,-9
145,46,-204,53,12,-9
143,52,-203,52,12,-11
142,53,-204,52,11,-11
147,52,-204,52,11,-10
145,54,-202,52,11,-10
145,48,-204,53,10,-9
144,62,-198,53,11,-11
146,50,-203,52,11,-11
145,53,-205,53,12,-9
147,53,-202,51,12,-10
146,51,-198,51,13,-10
146,50,-201,51,13,-11
146,51,-201,51,13,-8
149,47,-201,52,13,-11
143,50,-202,53,11,-10
146,49,-202,54,10,-11
146,48,-200,55,10,-9
144,50,-202,55,9,-11
145,51,-200,54,9,-11
146,53,-201,52,11,-12
148,51,-202,50,13,-12
144,50,-204,50,12,-12
145,52,-202,48,13,-11
144,52,-201,50,14,-10
148,50,-199,51,13,-11
146,51,-198,51,12,-10
144,50,-201,51,13,-9
142,50,-199,53,13,-10
141,49,-200,53,13,-10
145,51,-201,54,13,-11
145,49,-203,54,13,-10
143,50,-200,53,13,-10
144,54,-200,53,11,-10
144,49,-199,51,9,-9
146,48,-196,52,9,-12
146,47,-203,51,8,-11
144,53,-201,50,7,-11
145,49,-200,50,8,-10
144,50,-202,49,8,-11
145,47,-203,50,9,-11
146,51,-202,51,7,-12
148,50,-205,51,8,-13
146,51,-203,51,9,-11
146,48,-203,50,9,-10
147,50,-204,52,10,-9
145,52,-201,53,11,-11
148,49,-204,52,14,-10
145,54,-202,51,13,-10
151,49,-209,50,14,-11
145,46,-190,51,14,-10
147,52,-200,51,14,-10
148,52,-201,50,14,-10
145,53,-200,51,13,-10
146,52,-200,51,12,-11
148,50,-205,51,11,-12
145,52,-202,53,11,-12
150,51,-202,52,10,-12
146,49,-201,52,10,-11
143,51,-205,52,11,-11
148,53,-202,51,10,-12
144,50,-199,53,10,-12
145,53,-203,53,10,-11
147,51,-201,53,11,-11
145,49,-200,53,11,-12
145,51,-202,52,11,-12
144,51,-200,52,11,-11
145,51,-202,54,10,-12
148,50,-202,53,11,-11
145,51,-205,54,9,-11
143,50,-205,55,9,-11
145,48,-203,53,10,-12
154,55,-196,54,10,-11
148,51,-202,52,11,-10
144,50,-205,52,12,-10
146,55,-199,51,11,-11
143,50,-200,52,11,-11
146,49,-202,52,11,-12
146,49,-201,53,12,-11
149,50,-201,52,13,-12
148,47,-205,52,12,-9
146,52,-203,52,14,-9
145,51,-206,51,14,-10
147,47,-205,50,15,-11
147,54,-201,50,15,-11
149,49,-203,50,16,-10
143,47,-203,49,17,-11
147,50,-198,48,16,-12
145,49,-200,49,16,-12
146,53,-200,49,15,-11
145,54,-199,50,14,-10
145,50,-202,50,14,-11
145,51,-205,52,12,-11
148,49,-200,52,10,-11
152,47,-203,51,11,-11
145,51,-199,50,12,-11
144,53,-204,49,13,-10
148,50,-203,48,14,-11
144,51,-203,48,14,-12
145,50,-199,48,13,-14
145,53,-200,49,13,-12
149,46,-197,48,13,-12
144,50,-204,49,14,-12
146,48,-201,49,12,-13
144,51,-203,49,12,-14
144,50,-199,50,12,-11
145,51,-200,50,12,-10
147,49,-200,50,12,-9
144,52,-199,51,12,-11
146,53,-199,51,13,-12
146,51,-200,51,13,-12
144,50,-200,50,12,-12
147,48,-202,51,12,-10
147,48,-200,51,13,-12
146,51,-203,51,13,-12
150,47,-201,50,13,-11
147,49,-203,51,13,-12
143,51,-202,52,13,-11
145,52,-207,53,13,-10
144,49,-200,53,13,-10
148,51,-200,53,11,-12
144,52,-206,51,11,-11
147,49,-204,51,12,-11
147,50,-202,51,11,-12
146,51,-199,51,12,-12
145,53,-202,50,11,-12
145,50,-199,50,11,-12
147,53,-203,50,11,-11
145,50,-201,49,11,-13
145,52,-202,51,12,-12
146,51,-200,50,11,-11
149,50,-204,50,12,-12
145,53,-202,51,12,-11
144,54,-201,51,11,-11
143,47,-206,52,11,-11
141,52,-204,52,11,-12
145,50,-201,51,10,-11
145,50,-198,51,11,-12
145,51,-205,51,12,-11
146,51,-201,49,12,-13
143,52,-198,49,12,-13
147,49,-203,49,11,-13
151,49,-203,49,10,-11
144,53,-203,49,10,-13
145,53,-202,48,9,-12
145,50,-205,49,10,-11
149,48,-198,50,9,-11
147,48,-203,50,9,-11
139,50,-204,50,9,-12
145,51,-202,51,11,-11

