-.-.-
1.0346,-10.1549,-1.0346,-0.3812,0.0971,-0.0692
1.1113,-9.9250,-1.3412,-0.3448,0.0219,-0.0765
1.1113,-9.5801,-1.6095,-0.3339,-0.0279,-0.0801
0.7664,-9.1586,-1.4179,-0.3290,-0.0983,-0.0741
0.5365,-9.0819,-1.1113,-0.3351,-0.1773,-0.0461
0.8047,-9.7717,-1.0346,-0.4201,-0.2319,-0.0243
0.8814,-10.6914,-2.1076,-0.5233,-0.2246,-0.0425
1.3795,-11.1895,-2.1459,-0.5573,-0.1797,-0.0911
1.4945,-10.9213,-1.9543,-0.3825,-0.0777,-0.1481
1.1113,-10.1166,-1.6478,-0.1190,-0.0085,-0.1469
0.6514,-9.9633,-1.7627,-0.0886,-0.0219,-0.1068
0.2299,-10.1166,-1.7627,-0.1263,-0.0425,-0.0716
0.2682,-10.0399,-1.8777,-0.0898,-0.0413,-0.0571
0.6131,-9.7334,-1.9160,-0.0765,-0.0170,-0.0510
0.9197,-9.6567,-1.7627,-0.0364,0.0109,-0.0498
0.9963,-9.5801,-1.9543,0.0073,0.0425,-0.0316
0.6131,-9.4268,-2.1076,0.0291,0.0911,-0.0036
0.5748,-9.6567,-2.2992,0.0389,0.1372,0.0109
0.2299,-9.5801,-2.2226,0.0376,0.1542,0.0121
0.1150,-9.5034,-2.2609,0.0364,0.1396,0.0134
0.1916,-9.5034,-2.2609,0.0328,0.1214,0.0231
0.2299,-9.5801,-1.9927,0.0340,0.0935,0.0364
0.4215,-9.6567,-2.2226,0.0474,0.0886,0.0498
0.5365,-9.6567,-2.2992,0.0304,0.1105,0.0522
0.6131,-9.5034,-2.3375,0.0243,0.1421,0.0474
0.4215,-9.5034,-2.1843,0.0328,0.1700,0.0425
0.4215,-9.4268,-2.2226,0.0279,0.1833,0.0389
0.3832,-9.6184,-2.1843,0.0121,0.1821,0.0401
0.3832,-9.6950,-2.2609,0.0049,0.1748,0.0474
0.3449,-9.6184,-2.2992,-0.0024,0.1688,0.0510
0.3449,-9.4651,-2.2226,-0.0061,0.1615,0.0449
0.1916,-9.4651,-2.2609,-0.0194,0.1566,0.0304
0.4982,-9.6184,-2.2609,-0.0304,0.1518,0.0243
0.3832,-9.6950,-2.1459,-0.0364,0.1408,0.0279
0.4598,-9.6184,-2.2992,-0.0340,0.1287,0.0340
0.2299,-9.3502,-2.2226,-0.0340,0.1153,0.0364
0.3066,-9.4268,-2.1459,-0.0389,0.0983,0.0352
0.3832,-9.3885,-2.1843,-0.0668,0.0850,0.0304
0.1916,-9.4651,-2.3759,-0.0959,0.0716,0.0255
0.1916,-9.5418,-2.4142,-0.0923,0.0510,0.0170
0.1916,-9.4651,-2.4525,-0.0413,0.0206,0.0085
0.3066,-9.3502,-2.4142,0.0255,-0.0146,0.0134
0.4215,-9.1586,-2.6441,0.0364,-0.0328,0.0194
0.3832,-9.0053,-2.5291,-0.0486,-0.0231,0.0170
0.3832,-8.6987,-2.4142,-0.1287,0.0012,0.0146
0.4598,-8.6987,-2.4908,-0.2222,0.0279,0.0073
0.2299,-8.6604,-2.4525,-0.2987,0.0376,-0.0024
0.0766,-8.8520,-2.6441,-0.3800,0.0498,0.0000
0.2299,-9.0436,-2.6058,-0.4456,0.0692,0.0121
0.3832,-8.8520,-2.7591,-0.4602,0.0862,0.0134
0.3449,-8.7754,-2.7974,-0.4480,0.0850,-0.0024
0.2299,-8.5838,-2.7591,-0.4602,0.0862,-0.0413
0.2299,-8.5454,-2.7974,-0.5172,0.1032,-0.0728
0.5748,-8.7754,-2.7207,-0.5719,0.1408,-0.0874
0.6514,-9.0053,-2.6058,-0.5852,0.1615,-0.0996
0.4982,-8.8903,-2.7207,-0.5512,0.1736,-0.1263
0.4215,-9.0819,-3.2189,-0.5427,0.1761,-0.1493
0.3449,-9.2352,-3.1039,-0.5682,0.1688,-0.1481
0.1916,-9.4268,-3.2189,-0.5621,0.1566,-0.1141
0.3449,-9.3885,-3.3339,-0.5063,0.1481,-0.0862
0.3832,-8.8903,-3.3339,-0.4529,0.1421,-0.1020
0.3832,-8.6987,-3.3722,-0.4650,0.1190,-0.1433
0.3832,-9.1202,-3.4105,-0.5488,0.0959,-0.1688
0.4598,-9.5034,-3.7937,-0.6010,0.0850,-0.1421
0.4598,-9.5034,-3.7554,-0.5670,0.0643,-0.1081
0.8430,-8.9286,-3.8704,-0.4553,0.0559,-0.1178
1.0346,-8.4688,-3.8704,-0.4019,0.0728,-0.1457
1.1113,-8.7370,-3.8704,-0.4614,0.1056,-0.1663
1.1496,-9.4268,-4.1386,-0.5427,0.0983,-0.1530
0.6131,-9.5034,-4.0236,-0.4905,0.0753,-0.1153
0.3449,-8.7370,-3.9087,-0.3460,0.0692,-0.1032
0.4598,-8.2389,-4.2536,-0.2987,0.0801,-0.1287
0.7664,-8.6221,-4.4068,-0.4019,0.0704,-0.1445
0.7281,-9.1202,-4.2919,-0.4723,0.0449,-0.1178
0.6514,-8.9286,-4.5218,-0.4140,0.0049,-0.0911
0.8047,-8.4688,-4.7134,-0.3315,-0.0049,-0.1068
1.0346,-8.5454,-4.8284,-0.3545,0.0170,-0.1348
1.1496,-9.3885,-4.7517,-0.4480,0.0461,-0.1433
1.0730,-9.6567,-5.1349,-0.4444,0.0437,-0.1044
1.1879,-9.0819,-5.0200,-0.3157,0.0364,-0.0862
1.3412,-8.3538,-5.2116,-0.2125,0.0716,-0.1117
1.5711,-8.5071,-5.1349,-0.2756,0.1093,-0.1530
1.3412,-9.1586,-5.0966,-0.4213,0.1287,-0.1809
1.2263,-9.2735,-5.5564,-0.4165,0.1493,-0.1930
1.1113,-9.0053,-5.4798,-0.2902,0.1724,-0.2100
1.2263,-8.6221,-5.4415,-0.2513,0.1663,-0.2185
1.4179,-8.6604,-5.5564,-0.3084,0.1676,-0.2076
1.5328,-8.6987,-5.4032,-0.3570,0.1506,-0.2064
1.7627,-8.5071,-5.6331,-0.3776,0.1008,-0.2283
1.5328,-8.2005,-5.7480,-0.4043,0.0753,-0.2477
1.5328,-8.2772,-5.6714,-0.4772,0.0583,-0.2841
1.3795,-8.3155,-5.3648,-0.5039,0.0304,-0.2999
1.0346,-7.6257,-5.2499,-0.4177,0.0036,-0.2683
1.3029,-7.2809,-5.7480,-0.3691,-0.0425,-0.2489
1.4179,-7.6257,-5.7097,-0.4529,-0.0874,-0.2659
1.6478,-7.8940,-5.8630,-0.5464,-0.1032,-0.2829
1.7627,-7.9323,-5.8247,-0.4905,-0.1008,-0.2817
1.6478,-7.3192,-5.9013,-0.4031,-0.1129,-0.2756
1.6095,-7.2042,-6.2845,-0.4480,-0.0971,-0.2623
1.7627,-7.5874,-6.6294,-0.5658,-0.0704,-0.2598
1.8777,-8.2389,-6.6294,-0.5961,-0.0583,-0.2416
1.8777,-8.2389,-6.4378,-0.4662,-0.0619,-0.2088
1.8011,-7.9323,-6.5145,-0.3145,-0.0267,-0.1967
1.5328,-7.6641,-6.5911,-0.2841,0.0267,-0.1761
1.7244,-8.0089,-6.5528,-0.3011,0.0959,-0.1493
1.6478,-8.0856,-6.4378,-0.2489,0.1445,-0.1275
1.6861,-8.0856,-6.2462,-0.1178,0.1663,-0.1056
1.7244,-7.8173,-6.0929,0.0134,0.1761,-0.0971
1.6478,-7.0126,-6.2845,0.0546,0.2270,-0.0983
1.5328,-7.3575,-6.2845,-0.0340,0.2647,-0.1299
1.4562,-7.4725,-6.2079,-0.0947,0.2768,-0.1518
1.5328,-7.6257,-6.2079,-0.0546,0.2768,-0.1396
1.5328,-7.7790,-6.2845,0.0328,0.2392,-0.1093
1.4562,-7.7024,-6.3995,0.0862,0.1967,-0.0947
1.5328,-7.5874,-6.1313,0.0826,0.1858,-0.0959
1.6478,-7.6641,-6.2845,0.0886,0.1748,-0.0911
1.8011,-7.6641,-6.2462,0.1093,0.1748,-0.0801
1.6861,-7.5108,-6.6677,0.0996,0.1688,-0.0777
1.6095,-7.5491,-6.5911,0.0437,0.1578,-0.0801
1.6095,-7.6641,-6.3612,0.0316,0.1578,-0.0680
1.8777,-7.6641,-6.5145,0.0595,0.1506,-0.0631
2.0310,-7.5491,-6.6677,0.0959,0.1481,-0.0716
1.8011,-7.5491,-6.5911,0.1008,0.1773,-0.0680
1.6478,-7.5874,-6.3995,0.0911,0.1833,-0.0474
1.6095,-7.3958,-6.2079,0.1081,0.1493,-0.0219
1.7244,-7.2425,-6.3612,0.0971,0.1287,-0.0243
1.8011,-7.3192,-6.4378,0.0461,0.1384,-0.0486
1.8011,-7.4341,-6.2462,0.0206,0.1603,-0.0801

