-.-.-
-0.4982,-4.9433,8.5071,-0.0316,0.1918,-0.0109
-0.1150,-5.0200,7.8940,0.0109,0.1627,0.0000
0.0766,-4.5601,7.5874,0.0170,0.1676,-0.0316
-0.1916,-4.2536,7.5108,-0.1785,0.0474,-0.0498
-0.4215,-5.1732,8.4305,-0.2064,-0.0158,-0.0146
-1.1879,-4.8667,8.3155,-0.1761,-0.1275,-0.0304
-1.6095,-4.2152,7.6257,-0.1894,-0.3861,-0.0607
-0.1916,-4.4068,7.4725,-0.2015,-0.4723,-0.0753
0.4215,-5.2499,8.6604,-0.2149,-0.4310,-0.0546
0.3449,-4.7900,8.1239,-0.2380,-0.3339,-0.0316
0.1150,-4.9816,7.5874,-0.2963,-0.3642,-0.0376
0.7281,-5.0966,8.0473,-0.2768,-0.3472,0.0158
0.8047,-5.2116,7.8173,-0.2999,-0.2902,0.0643
0.3832,-5.6714,7.7024,-0.2999,-0.2586,0.0461
0.5748,-5.7480,7.6257,-0.2343,-0.2501,0.0364
0.5748,-5.7097,8.0473,-0.1724,-0.1724,0.0243
1.1496,-5.2882,7.4725,-0.1979,-0.1688,0.0134
0.3832,-5.4798,7.3958,-0.1141,-0.1445,0.0194
0.6898,-5.5564,7.2425,-0.1008,-0.0898,-0.0255
1.3029,-5.7097,7.8173,-0.0522,-0.0328,-0.0728
1.6478,-6.0163,7.8557,-0.0340,-0.0291,-0.0741
0.4598,-5.4798,7.5874,-0.0486,-0.0328,-0.0437
0.2682,-5.6714,7.4341,0.0425,0.0097,-0.0352
1.8777,-5.7480,6.8977,-0.0049,-0.0401,-0.0340
0.9580,-6.0546,7.5491,0.0425,-0.0425,-0.0510
0.8047,-5.8630,7.6641,0.0279,0.0049,-0.0304
0.8430,-5.6331,7.6641,0.0182,0.0522,0.0036
1.5328,-5.8630,7.2042,0.0619,0.0352,0.0304
0.8814,-5.9396,7.1276,0.1166,0.0801,0.0559
0.6131,-5.7480,7.4725,0.1153,0.1457,0.0304
1.0730,-5.8630,7.5874,0.0643,0.0947,0.0024
0.7664,-5.7864,7.1276,0.0534,0.0753,0.0279
0.7281,-5.9780,7.3192,0.1141,0.1251,0.0267
0.7664,-6.0929,7.3575,0.1032,0.1348,0.0206
0.8047,-6.1696,7.3958,0.0947,0.0692,0.0291
0.3066,-6.4761,7.8557,0.1360,0.0304,0.0449
0.4598,-6.0929,7.5108,0.1676,0.0534,0.0401
0.5748,-5.6331,7.3575,0.1870,0.0498,0.0036
0.8047,-5.8630,7.5108,0.2331,0.0886,0.0012
0.7281,-6.0929,7.5108,0.2355,0.1190,0.0061
0.5365,-5.7097,7.5874,0.2222,0.1141,0.0012
0.4215,-5.4032,7.3575,0.2076,0.0971,0.0012
0.8814,-5.3648,7.4341,0.1797,0.0911,0.0291
0.8047,-5.6714,7.5874,0.1918,0.0777,-0.0036
0.7664,-5.4032,7.3958,0.1930,0.0971,-0.0413
0.7664,-5.3265,7.4341,0.2064,0.1202,-0.0461
0.4598,-5.2499,7.8557,0.2295,0.1384,-0.0206
0.2299,-5.5564,7.8557,0.1955,0.0522,-0.0352
0.2682,-5.7097,7.3958,0.1263,0.0182,-0.0352
0.2299,-5.5564,7.6641,0.1081,0.0219,-0.0425
0.3449,-5.4415,7.9706,0.1238,0.0425,-0.0546
0.3449,-5.2499,8.0089,0.1056,0.0571,-0.0619
0.2682,-5.1349,8.0473,0.1044,0.0425,-0.0474
0.3066,-5.3265,7.8173,0.0656,-0.0158,-0.0291
0.4598,-5.0966,7.8173,0.0789,-0.0194,-0.0243
0.4215,-5.0583,8.0473,0.0498,0.0061,-0.0219
0.5365,-5.2116,8.1239,0.0583,0.0134,-0.0158
0.4982,-5.0966,7.6257,0.0437,-0.0073,-0.0267
0.4215,-5.2116,7.6641,0.0498,-0.0073,-0.0425
0.4598,-5.5181,7.7790,0.0559,-0.0097,-0.0522
0.4982,-5.4798,7.7024,0.0850,-0.0036,-0.0498
0.4982,-5.2882,7.5491,0.0874,-0.0024,-0.0364
0.5748,-5.1349,7.6641,0.0959,-0.0182,-0.0316
0.5365,-5.1732,7.7024,0.1044,-0.0206,-0.0389
0.5748,-5.1732,7.8173,0.0838,-0.0146,-0.0425
0.6131,-5.1732,7.6641,0.0643,-0.0206,-0.0376
0.4215,-5.0966,7.8557,0.0546,-0.0279,-0.0401
0.5365,-5.2499,7.8940,0.0340,-0.0291,-0.0364
0.6131,-5.3265,7.8940,0.0437,-0.0255,-0.0279
0.6131,-5.7480,7.9706,0.0571,-0.0425,-0.0316
0.6131,-5.3648,7.6257,0.0583,-0.0109,-0.0146
0.7281,-5.3648,7.7407,0.0789,0.0036,-0.0121
0.5748,-5.4032,7.9323,0.0838,-0.0061,-0.0219
0.6514,-5.2499,7.8557,0.0874,-0.0073,-0.0243
0.6898,-5.2882,7.8173,0.0741,0.0000,-0.0219
0.7664,-5.2116,7.5874,0.0522,0.0097,-0.0170
0.8047,-5.4415,7.6257,0.0631,0.0146,-0.0085
0.6131,-5.2499,7.7407,0.0643,0.0182,-0.0109
0.7281,-5.1349,7.7407,0.0692,0.0243,-0.0085
0.7281,-5.2499,7.8557,0.0753,0.0231,-0.0121
0.5748,-5.0966,7.8557,0.0777,0.0376,-0.0097
0.6131,-5.4032,7.8557,0.0522,0.0352,-0.0036
0.6898,-5.5181,7.6641,0.0643,0.0158,-0.0024
0.5748,-5.2116,7.7407,0.0789,0.0219,0.0012
0.6131,-5.4032,7.8173,0.0947,0.0231,-0.0036
0.5365,-5.1732,7.7407,0.1032,0.0243,-0.0097
0.6131,-5.2499,7.9706,0.1129,0.0255,-0.0049
0.6131,-5.2116,7.8940,0.1032,0.0231,-0.0061
0.6514,-5.1732,7.8173,0.0947,0.0219,-0.0024
0.6898,-5.2499,7.8173,0.1056,0.0170,-0.0036
0.6514,-5.1349,7.8557,0.1178,0.0206,0.0024
0.6131,-5.1349,8.0473,0.0765,0.0219,0.0061
0.6514,-5.2116,7.8173,0.0401,0.0219,0.0012
0.6131,-5.0966,7.7024,0.0595,0.0255,-0.0036
0.5748,-5.2499,8.0473,0.0838,0.0255,-0.0121
0.4982,-5.2882,8.1239,0.0813,0.0243,-0.0073
0.4982,-5.3648,7.6641,0.0461,0.0267,0.0036
0.6131,-5.2499,7.8173,0.0510,0.0279,-0.0061
0.5365,-5.0583,8.0473,0.0971,0.0206,-0.0121
0.4598,-5.2116,7.8557,0.0850,0.0182,-0.0134
0.5748,-5.2882,8.0089,0.0631,0.0194,-0.0109
0.4598,-5.1732,7.8173,0.0607,0.0121,-0.0109
0.4982,-5.1732,7.8557,0.0619,0.0206,-0.0036
0.5365,-5.1349,7.9323,0.0619,0.0121,-0.0121
0.4982,-5.2499,7.8557,0.0741,-0.0012,-0.0170
0.4982,-5.2499,7.8173,0.0643,0.0024,-0.0158
0.4598,-5.1732,8.0089,0.0425,0.0073,-0.0121
0.6514,-5.2116,7.8173,0.0486,0.0134,-0.0121
0.5748,-5.1349,7.7407,0.0680,0.0121,-0.0121
0.4598,-5.1732,7.8940,0.0765,0.0073,-0.0158
0.5748,-5.5181,7.7407,0.0680,0.0097,-0.0073
0.6514,-5.2882,7.7024,0.0474,0.0097,-0.0097
0.5365,-5.1732,7.7024,0.0583,0.0097,-0.0097
0.4982,-5.1732,7.6641,0.0862,0.0097,-0.0085
0.4982,-5.2499,7.8940,0.0959,0.0000,-0.0012
0.6131,-5.3265,7.8940,0.0753,-0.0194,0.0024
0.5748,-5.3265,7.8173,0.0668,-0.0158,0.0036
0.6131,-5.1732,7.5874,0.0813,-0.0049,0.0000
0.7281,-5.3265,7.8557,0.0898,-0.0049,-0.0073
0.5748,-5.2116,7.9706,0.0826,-0.0012,-0.0024
0.4982,-5.2116,7.8940,0.0668,0.0024,-0.0036
0.6514,-5.0966,7.9323,0.0728,0.0036,-0.0073
0.5748,-5.0966,7.8173,0.0692,0.0061,-0.0134
0.6131,-5.1732,7.7407,0.0680,0.0121,-0.0170
0.6131,-5.2499,7.8940,0.0631,0.0134,-0.0194
0.5748,-5.2116,7.7407,0.0449,0.0182,-0.0109
0.6131,-5.1732,8.0089,0.0401,0.0134,-0.0146
0.6131,-5.2499,7.8557,0.0474,0.0049,-0.0170

