-.-.-
-0.8430,-7.0126,-7.1659,-0.6811,0.1117,-0.0765
-0.6131,-7.0126,-7.3575,-0.6399,0.1372,-0.0898
-0.4215,-7.3192,-7.6257,-0.6411,0.2355,-0.1008
-0.3449,-7.2425,-7.9323,-0.6022,0.3254,-0.1348
-0.1533,-7.3192,-8.2772,-0.5124,0.3752,-0.1530
-0.5748,-7.0893,-8.7370,-0.4347,0.4177,-0.1530
-0.5748,-6.8977,-8.3538,-0.4480,0.4432,-0.1190
-0.8047,-6.8210,-8.3921,-0.4772,0.4262,-0.1081
-0.6131,-7.0509,-8.5454,-0.4893,0.3958,-0.1275
-0.4598,-6.8977,-8.5454,-0.4662,0.3570,-0.1263
0.0766,-6.6294,-8.5838,-0.3302,0.3618,-0.1202
0.1916,-6.8977,-8.3921,-0.1736,0.3776,-0.0886
0.3066,-6.7061,-8.0473,-0.1445,0.3934,-0.0813
0.3832,-6.0546,-7.8557,-0.1676,0.4213,-0.0534
0.6131,-5.9780,-7.6257,-0.1979,0.4262,0.0024
0.3449,-6.2462,-7.7407,-0.2623,0.4517,0.0583
0.3449,-6.6294,-7.7790,-0.3084,0.4347,0.0813
0.4598,-6.4378,-8.2389,-0.2319,0.4225,0.1068
0.3449,-6.2079,-7.8940,-0.1445,0.4007,0.1421
0.2299,-6.0546,-7.5874,-0.0996,0.3946,0.1651
-0.0383,-5.5564,-7.6641,-0.1663,0.3958,0.1663
-0.1533,-5.9013,-7.9323,-0.3679,0.4043,0.1263
0.1916,-5.9013,-8.0473,-0.5427,0.4007,0.0643
0.4982,-6.1313,-8.2005,-0.5415,0.4019,0.0291
0.1150,-6.0546,-8.0473,-0.4589,0.3897,-0.0304
0.0000,-5.8247,-7.8557,-0.3812,0.3825,-0.1263
0.4598,-5.2116,-7.5874,-0.4577,0.3934,-0.2720
0.8814,-5.0200,-7.6641,-0.5864,0.4456,-0.4007
0.5748,-4.9050,-7.7790,-0.7431,0.4104,-0.4480
0.5365,-5.5181,-7.7024,-0.7054,0.3727,-0.4905
0.9963,-4.5218,-7.0126,-0.5585,0.3205,-0.4796
1.5328,-4.5984,-6.3995,-0.4687,0.3011,-0.5767
1.9927,-2.9123,-6.0929,-0.5767,0.4128,-0.6593
1.9160,-3.3339,-5.7480,-0.7503,0.6144,-0.6617
1.9160,-3.6404,-4.9433,-0.6969,0.7564,-0.5901
0.6131,-3.6404,-5.6331,-0.4832,0.6799,-0.4128
1.1879,-3.4871,-6.2079,-0.2295,0.7309,-0.2465
1.4562,-3.6404,-5.8247,0.0304,0.7516,-0.1348
2.6058,-3.1423,-6.1313,0.2695,0.9762,0.0437
3.4488,-3.2955,-5.7097,0.3800,1.2506,0.3606
2.4908,-3.9470,-6.3995,0.7418,1.5541,0.5500
2.4525,-4.2152,-6.9360,0.9179,1.8042,0.7200
3.4105,-4.3685,-7.0126,0.9956,1.8661,0.8098
3.6787,-4.1003,-7.1659,1.0357,2.1478,0.7649
3.2189,-4.9050,-6.4761,0.8317,2.4125,0.5901
2.4908,-5.9396,-6.1313,0.6629,2.5048,0.2501
3.6404,-5.3265,-6.2845,0.5221,2.4938,-0.2695
5.5564,-6.6677,-7.5874,0.4650,2.4866,-0.3922
6.8210,-7.7407,-10.6530,0.9883,2.8205,-0.3570
8.8137,-8.0856,-12.0326,1.2457,3.4882,-0.4419
12.6840,-8.6604,-10.2698,1.3453,4.1196,-0.6738
18.0105,-14.2168,-11.5727,1.4072,4.4802,-0.7868
24.2951,-17.1292,-10.8830,1.3878,4.4814,-1.1656
32.4190,-21.1145,-3.8704,2.1126,4.7242,-2.4465
15.6347,-10.7297,-0.9197,3.1373,3.7602,-3.1288
8.0473,-4.8284,-0.0383,2.8132,2.8435,-3.1398
8.8903,-6.5911,-2.5675,2.6784,2.6966,-3.2782
8.4688,-6.6294,-1.5328,2.5934,2.8945,-3.1786
3.1806,-4.2919,1.5328,2.8217,2.8933,-2.4429
-0.7281,2.9123,5.2882,1.7107,1.8382,-1.7314
5.7097,4.7517,5.6714,1.8127,0.8900,-1.7472
9.5418,1.0730,5.5948,1.2214,1.4339,-1.8856
6.7827,-0.2299,5.7480,1.0381,2.1818,-1.6464
6.7061,0.6131,7.5874,1.0733,2.3227,-1.4715
9.2735,1.6478,7.1659,1.0527,2.0495,-1.1777
10.6530,3.4105,8.1622,1.0102,1.5675,-0.5816
8.5454,7.3958,8.8137,0.6374,0.8329,-0.0983
9.1202,4.6368,9.6184,0.1821,-0.2343,0.2865
8.6604,-1.4945,5.3265,-0.2161,-0.9677,0.6738
4.0236,-1.8777,3.1423,-0.2720,-0.4723,0.6690
4.5601,1.5711,3.7554,-0.5075,0.5282,0.4626
4.6368,0.5365,3.4105,-0.4990,0.9167,0.3533
4.6751,0.5365,5.2116,-0.5779,0.9215,0.4881
6.1696,0.6131,6.7061,-0.7503,0.8803,0.5330
6.0929,0.7281,6.5528,-0.8414,0.7540,0.4893
6.7061,-0.4598,6.1313,-0.7953,0.4602,0.4383
8.0856,-1.4562,5.3648,-0.4820,0.1166,0.4201
9.1202,-1.7244,5.2116,-0.2878,-0.2465,0.3703
7.5108,-1.4562,5.2116,-0.1688,-0.3278,0.2732
7.5874,-2.1843,5.2116,-0.1930,-0.2793,0.2513
7.8173,-2.1076,4.9816,-0.2040,-0.2744,0.1748
8.3155,-2.1076,5.1349,-0.1748,-0.3108,0.0522
7.6641,-2.4142,5.2499,-0.0692,-0.4687,-0.0996
7.5108,-2.7591,4.9050,0.0522,-0.6629,-0.1955
7.1659,-2.2226,4.6751,0.1639,-0.7576,-0.2671
7.6257,-1.4945,4.4452,0.1858,-0.7455,-0.2950
7.7790,-1.8394,4.7517,0.1578,-0.8074,-0.3351
7.8557,-2.0310,4.7517,0.1081,-0.9968,-0.3606
8.3538,-2.3759,3.9853,0.2222,-1.2809,-0.3715
8.2772,-1.6095,2.8740,0.3873,-1.4570,-0.3545
9.1586,-1.4179,2.9123,0.5828,-1.3465,-0.2380
8.0089,0.1916,2.7591,0.6799,-1.2056,-0.1663
8.2389,0.6131,2.7974,0.5427,-1.0842,-0.0668
7.6257,1.4562,2.0310,0.3339,-1.1449,-0.0267
7.9323,0.0766,1.8394,0.2598,-1.2882,-0.1323
9.9633,-1.2646,1.0730,0.4031,-1.3307,-0.2015
9.6950,-0.1916,0.0766,0.7066,-0.9106,-0.0219
8.4305,-0.0383,1.2646,0.8317,-0.5634,0.0036
10.4231,1.9160,1.7627,0.6896,-0.8778,0.0583
9.5418,1.5711,1.9543,0.5415,-0.9968,0.0801
9.8483,-0.6131,1.7627,0.2234,-0.9021,-0.1166
10.4614,-2.1843,0.8047,-0.0838,-0.8657,-0.4043
10.0399,-2.1843,-1.3029,0.1615,-0.7078,-0.4942
10.7680,-1.3795,-1.0730,0.5427,-0.4359,-0.4432
10.8063,0.4982,-0.1150,0.5051,-0.2428,-0.2780
9.5801,0.9963,0.3449,0.2902,-0.3472,-0.0546
8.9670,-0.1916,0.1916,0.0668,-0.5500,0.0522
10.1932,-0.5748,-0.8430,-0.1153,-0.5743,0.0971
11.9176,-0.1150,-1.4945,-0.2671,-0.2368,0.1336
12.6457,0.3066,-0.8814,-0.2574,0.0947,0.2368
10.7297,-1.0730,-0.0766,-0.0364,-0.0680,0.1845
9.4651,-2.1459,0.4982,0.0595,-0.1129,0.1663
8.9286,-0.5748,0.9197,0.0461,-0.1785,-0.0073
9.0819,-0.0766,0.4982,-0.2453,-0.0704,-0.0826
9.4651,-0.6898,0.3449,-0.5609,0.1506,-0.0996
9.6567,-1.3029,0.3832,-0.5658,0.1930,-0.1785
10.1932,-1.2646,0.1533,-0.4007,0.2003,-0.2440
10.1549,-1.0346,0.7281,-0.2659,0.1591,-0.2586
10.1932,-0.3066,0.4215,-0.1566,0.0959,-0.2380
10.4998,0.2299,0.3832,-0.1032,0.0777,-0.2149
10.3465,0.3066,0.4982,-0.1627,0.0716,-0.1676
10.3465,0.3066,0.5748,-0.2258,0.0061,-0.1214
10.3082,0.1916,0.8047,-0.2623,-0.0813,-0.0996
10.0399,0.0000,0.7281,-0.2137,-0.1421,-0.0826
10.0016,0.2299,0.5365,-0.0996,-0.1554,-0.1008
9.8866,0.1916,0.3066,0.0170,-0.1554,-0.1081
9.8866,0.3066,0.7664,0.0692,-0.1093,-0.0801
10.5764,0.2299,0.9197,0.0546,-0.1068,-0.0413

