-.-.-
-0.2682,-6.7061,-6.9360,-0.0061,0.0061,-0.0352
-0.1916,-6.7444,-7.0126,-0.0109,0.0073,-0.0340
-0.1916,-6.7827,-7.0509,-0.0170,0.0097,-0.0255
-0.1916,-6.6294,-7.0126,-0.0158,0.0134,-0.0219
-0.2299,-6.7444,-7.1659,-0.0182,0.0146,-0.0182
-0.3066,-6.7444,-7.0126,-0.0158,0.0085,-0.0146
-0.2682,-6.5528,-7.2425,-0.0182,0.0049,-0.0182
-0.2682,-6.5911,-7.2042,-0.0231,-0.0049,-0.0231
-0.3449,-6.5911,-7.2809,-0.0389,-0.0146,-0.0279
-0.4982,-6.4378,-7.0893,-0.0571,-0.0219,-0.0376
-0.3832,-6.4378,-7.2042,-0.0753,-0.0279,-0.0425
-0.2682,-6.4378,-7.1659,-0.0850,-0.0328,-0.0437
-0.4215,-6.3229,-7.3192,-0.0923,-0.0316,-0.0401
-0.4215,-6.2845,-7.3192,-0.0947,-0.0243,-0.0376
-0.1916,-6.2462,-7.2425,-0.1081,-0.0170,-0.0352
-0.1533,-6.2079,-7.4725,-0.1336,-0.0097,-0.0291
-0.1916,-6.3612,-7.3958,-0.1603,-0.0061,-0.0243
-0.3066,-6.2462,-7.3192,-0.1736,-0.0049,-0.0194
-0.3449,-6.2462,-7.3958,-0.1748,-0.0049,-0.0158
-0.2682,-6.0163,-7.6257,-0.1918,0.0000,-0.0109
-0.3066,-5.9396,-7.6641,-0.2052,0.0061,-0.0109
-0.2682,-6.0929,-7.6641,-0.2113,0.0121,-0.0121
-0.3832,-6.0163,-7.6641,-0.2100,0.0085,-0.0170
-0.3832,-5.7097,-7.7024,-0.2185,0.0024,-0.0304
-0.5748,-5.7480,-7.7024,-0.2428,-0.0073,-0.0389
-0.5365,-5.6331,-7.7024,-0.2829,-0.0061,-0.0449
-0.5365,-5.3265,-7.7790,-0.3400,-0.0049,-0.0546
-0.1533,-5.1732,-7.7024,-0.3970,0.0012,-0.0510
-0.2682,-5.2882,-7.5874,-0.4419,-0.0121,-0.0401
-0.4598,-5.1349,-7.8557,-0.5014,-0.0401,-0.0219
-0.3449,-5.2882,-8.0089,-0.5524,-0.0631,-0.0097
-0.4598,-5.1732,-7.8940,-0.5864,-0.0801,-0.0073
-0.7664,-5.1732,-8.1622,-0.6277,-0.0826,0.0012
-0.5365,-4.9050,-8.1239,-0.6993,-0.0874,-0.0024
-0.4982,-4.8667,-8.2389,-0.7297,-0.0971,-0.0121
-0.3449,-4.5601,-8.1239,-0.8038,-0.0680,-0.0097
-0.1150,-4.5601,-8.2389,-0.8778,-0.0413,-0.0146
-0.3449,-4.2536,-8.3538,-0.9531,-0.0206,-0.0279
-0.4598,-4.1003,-8.1239,-1.0223,-0.0012,0.0231
-0.3832,-4.2536,-8.3921,-1.0284,-0.0121,0.0328
-0.2682,-3.9087,-8.2389,-1.0709,-0.0255,0.0607
-0.1916,-3.7171,-8.7754,-1.1546,-0.0522,0.0546
-0.5365,-3.5638,-8.8137,-1.2226,-0.0765,0.0728
-0.8430,-3.9470,-9.1202,-1.2202,-0.0765,0.0182
-0.6514,-3.4488,-9.0436,-1.2287,-0.0595,0.0085
-0.8430,-3.2955,-8.6221,-1.2336,-0.0012,0.0121
0.2299,-2.6058,-8.1239,-1.4169,0.0425,-0.2574
-0.3066,-2.4525,-8.2772,-1.3392,0.0049,0.0109
-0.3066,-2.8740,-8.8520,-1.3526,-0.0716,-0.0510
-0.7281,-2.8357,-8.8903,-1.3550,-0.0279,-0.1748
-0.8430,-2.1076,-9.0436,-1.3283,-0.0376,-0.0206
-0.9197,-2.1843,-9.1969,-1.1158,0.0194,-0.0024
-0.1533,-2.0310,-9.4268,-1.0454,0.0231,0.0109
0.0766,-1.7244,-9.5418,-0.9980,0.0085,-0.0571
0.4215,-0.7664,-9.3885,-1.1425,0.0522,-0.2343
-0.7281,-0.8814,-9.4268,-0.8256,0.0583,-0.0534
-0.8430,-0.8814,-9.6184,-0.7491,0.0255,0.0012
-0.0766,-0.6898,-10.0016,-0.7892,0.0097,-0.0376
-0.0766,0.0766,-9.9633,-0.9628,0.0279,-0.2768
-0.6898,0.6131,-10.0399,-0.7127,0.0340,-0.1008
-0.7281,0.1150,-9.8100,-0.5027,0.0486,-0.1032
-0.6131,0.3832,-9.4268,-0.5269,0.0449,-0.1153
-0.6514,0.4598,-9.5801,-0.4565,0.0498,-0.0826
-0.1533,0.6131,-9.5801,-0.4905,0.0777,-0.0947
-0.2299,0.2299,-9.9250,-0.6156,0.1360,-0.2234
-0.3066,1.7244,-9.6184,-0.6605,0.1166,-0.1117
-0.4982,1.5711,-9.9633,-0.4055,0.0959,-0.0668
-0.3449,1.6861,-10.0016,-0.2635,0.0947,-0.1275
-0.6898,1.7244,-9.8866,-0.0753,0.0668,-0.0935
-0.5748,1.6095,-9.5801,0.1894,0.1020,-0.1251
-0.4598,1.6861,-9.6184,0.3181,0.1068,-0.1081
-0.4215,1.9543,-9.3502,0.3764,0.1202,-0.1117
-0.4598,2.3375,-9.0053,0.3412,0.1214,-0.1226
-0.3449,2.2226,-9.4268,0.2659,0.1542,-0.1360
-0.4215,1.8394,-9.1202,0.2513,0.1639,-0.1506
-0.4598,2.1076,-9.1969,0.2501,0.1542,-0.1991
-0.5365,2.1076,-8.8520,0.2720,0.1129,-0.2440
-0.4982,2.2609,-8.7370,0.3436,0.0850,-0.2878
-0.3066,2.0693,-8.5838,0.4419,0.0741,-0.3230
-0.2299,2.1843,-8.5071,0.5051,0.0996,-0.3387
-0.1916,2.4142,-8.0473,0.5804,0.1263,-0.3460
-0.1533,2.4908,-7.7407,0.6362,0.1251,-0.3509
-0.2299,2.4142,-7.7407,0.6617,0.1214,-0.3582
-0.2682,2.3375,-7.7407,0.6374,0.1433,-0.3582
-0.1533,2.4142,-7.5491,0.6144,0.1712,-0.3436
-0.3832,2.2609,-7.5874,0.5804,0.1761,-0.3448
-0.4215,2.0693,-7.2425,0.6010,0.1651,-0.3849
-0.6898,1.6478,-7.2425,0.6799,0.1882,-0.4626
-0.7664,1.5328,-6.5145,0.8110,0.2647,-0.5063
-0.3066,1.1879,-6.7061,0.9871,0.2902,-0.5160
-0.3832,0.9197,-6.4378,1.0539,0.3120,-0.5087
-0.3832,0.4982,-6.0546,1.1389,0.3205,-0.5136
-0.4215,-0.2682,-6.0163,1.3052,0.3849,-0.5257
-0.4982,-1.0346,-5.7480,1.6002,0.6119,-0.4917
0.0766,-1.8011,-5.2499,2.0058,0.8341,-0.4444
0.2682,-2.3759,-5.2116,2.4089,1.0150,-0.4347
0.4598,-2.9507,-4.3302,2.6796,1.1984,-0.4152
1.3412,-3.4488,-4.2536,2.9601,1.2093,-0.4104
1.6095,-4.0620,-5.5181,3.3013,1.0247,-0.4711
2.2992,-7.0893,-7.5874,3.5684,0.8329,-0.5112
1.3029,-7.6641,-11.7643,3.7772,1.1316,-0.2793
5.5181,-18.2021,-17.0909,4.5470,1.1656,0.3897
18.4704,-34.8332,-35.7145,2.0483,1.0126,0.5646
18.4321,-37.0941,-32.8022,7.1161,1.4266,0.0389
2.6824,-22.0342,-15.6347,16.4310,1.9536,-1.0891
-3.5255,-11.7643,6.8593,16.4941,1.4752,-1.7423
-1.6478,1.7244,8.4688,9.7593,0.3351,-2.1624
-0.7281,4.9816,-3.1806,5.3240,0.1469,-1.4072
-1.5328,-11.7260,-11.6494,7.4075,0.8098,-1.4315
4.2536,-18.3171,-9.2735,8.4553,1.0988,-0.8487
-2.5291,-9.2735,-7.5491,5.8995,1.1243,-0.4589
-3.1423,-6.5145,-1.3412,3.8258,0.7807,-0.7552
7.0126,0.0000,3.7554,3.4069,1.0721,-0.9907
7.7790,6.7827,10.3465,4.9622,1.3343,-0.4152
10.9596,8.4688,18.1255,5.8194,0.8839,-0.4772
11.6877,15.1748,20.7696,3.8403,1.2154,-0.0437
7.9706,14.7150,16.1712,0.4589,-0.0085,1.6063
-1.4945,9.1969,9.9250,-1.7824,-1.4424,1.3635
-4.2536,2.9507,4.4835,-2.3348,-0.8693,0.7686
-3.4488,-4.1769,5.7864,-1.5675,0.9057,0.2052
0.8047,-8.8520,6.6294,-0.5318,1.3368,-0.1773
3.1806,-4.8284,6.1696,-0.8268,0.5561,-0.0413
3.9087,-1.5711,6.9743,-0.6581,-0.2780,0.1930
3.6021,-0.4215,8.4305,-0.3108,-0.5828,0.5731
2.2226,-0.8814,9.9633,0.0437,-0.0413,0.3472
2.2992,-2.2992,11.1129,0.4177,0.3606,0.0631
2.8357,-2.5675,11.3811,0.3655,0.3521,0.0522
3.6404,-3.4105,11.8410,0.4432,0.1603,0.1287

