-.-.-
-0.3832,-9.5034,-0.9963,0.0813,0.0146,-0.0158
-0.2682,-9.5034,-0.8814,0.0911,0.0182,-0.0182
-0.3449,-9.5418,-0.9197,0.1032,0.0170,-0.0158
-0.3832,-9.3885,-1.0346,0.1056,0.0121,-0.0109
-0.4215,-9.4268,-0.9580,0.1044,0.0121,-0.0109
-0.3449,-9.5418,-0.8814,0.1020,0.0061,-0.0194
-0.2299,-9.5418,-0.9963,0.1105,0.0073,-0.0194
-0.3066,-9.4651,-0.8814,0.1275,0.0158,-0.0182
-0.4215,-9.3885,-0.8814,0.1336,0.0097,-0.0158
-0.4215,-9.4268,-0.7664,0.1311,0.0146,-0.0146
-0.3449,-9.4268,-0.7664,0.1129,0.0146,-0.0121
-0.3832,-9.3885,-0.8047,0.0850,0.0158,-0.0097
-0.3832,-9.4268,-0.7281,0.0765,0.0097,-0.0134
-0.2682,-9.5418,-0.8814,0.0813,0.0036,-0.0134
-0.4598,-9.3885,-0.8814,0.0813,0.0012,-0.0121
-0.3449,-9.3885,-0.6898,0.0704,0.0049,-0.0097
-0.2682,-9.4268,-0.6898,0.0668,0.0049,-0.0097
-0.3449,-9.5801,-0.8814,0.0680,0.0061,-0.0085
-0.3832,-9.5801,-0.9197,0.0680,0.0000,-0.0097
-0.3832,-9.4651,-0.9197,0.0826,0.0000,-0.0134
-0.3066,-9.5034,-0.9580,0.0935,0.0024,-0.0182
-0.3449,-9.5034,-0.9963,0.0911,0.0049,-0.0146
-0.3449,-9.5034,-0.8047,0.0813,0.0000,-0.0061
-0.3832,-9.4268,-0.8047,0.0898,-0.0012,-0.0012
-0.3449,-9.4651,-0.7664,0.0996,-0.0012,-0.0024
-0.6131,-9.3502,-0.7664,0.0971,0.0000,0.0036
-0.4598,-9.5418,-0.8047,0.0959,0.0061,0.0000
-0.4215,-9.4651,-0.8047,0.0935,0.0109,-0.0061
-0.3832,-9.5801,-0.7664,0.0911,0.0146,-0.0146
-0.3449,-9.3885,-0.7664,0.0935,0.0146,-0.0158
-0.1916,-9.3885,-0.8047,0.1020,0.0109,-0.0219
-0.2682,-9.5801,-0.6898,0.1044,0.0121,-0.0231
-0.4982,-9.3885,-0.4982,0.0996,0.0219,-0.0231
-0.1533,-9.6184,-0.6898,0.1008,0.0182,-0.0255
-0.2299,-9.8100,-0.9197,0.1093,0.0085,-0.0194
-0.3832,-9.5034,-0.6898,0.1336,0.0109,-0.0121
-0.6131,-9.5418,-0.7664,0.1251,-0.0036,-0.0182
-0.4598,-9.3118,-0.6514,0.1081,-0.0024,-0.0267
-0.4598,-9.2352,-0.5748,0.1093,0.0061,-0.0243
-0.4598,-9.4651,-0.6898,0.1044,0.0194,-0.0170
-0.4215,-9.5418,-0.5365,0.0947,0.0255,-0.0182
-0.1916,-9.6567,-0.5365,0.0911,0.0194,-0.0206
-0.0766,-9.3885,-0.5748,0.0813,0.0036,-0.0170
-0.1150,-9.2735,-0.5748,0.0850,-0.0049,-0.0109
-0.3066,-9.4268,-0.6898,0.0947,-0.0049,-0.0073
-0.1916,-9.5418,-0.6131,0.1081,0.0024,-0.0012
-0.1916,-9.6567,-0.6514,0.1287,0.0000,0.0182
-0.1533,-9.5801,-0.8047,0.1469,-0.0036,0.0376
-0.0766,-9.7717,-0.8047,0.1651,0.0146,0.0486
-0.1916,-9.5418,-0.7281,0.2040,0.0425,0.0413
-0.4598,-9.4651,-0.8047,0.2708,0.0692,0.0510
-0.3832,-9.6184,-0.6898,0.3096,0.0801,0.0522
-0.3066,-9.5418,-0.7281,0.3254,0.0996,0.0595
-0.2682,-9.5418,-0.8047,0.3217,0.1190,0.0583
-0.1916,-9.6950,-0.5748,0.3387,0.1603,0.0304
-0.4598,-9.5801,-0.6131,0.3776,0.1384,0.0267
-0.7664,-9.4651,-0.5365,0.3837,0.0753,0.0971
-0.7664,-9.2735,-0.2682,0.3290,0.0474,0.1700
-0.4598,-9.2735,-0.1533,0.2926,-0.0073,0.2113
-0.1533,-9.3118,0.0000,0.2562,-0.0413,0.2550
-0.2682,-9.5418,0.0383,0.2149,-0.0680,0.2805
-0.2299,-9.5801,0.1916,0.2283,-0.1044,0.2550
-0.4982,-9.5418,0.4215,0.2817,-0.1323,0.2343
-0.6131,-9.6184,0.2682,0.3315,-0.1566,0.2234
-0.6898,-9.6950,0.1533,0.3618,-0.1396,0.2392
-0.6514,-9.6567,-0.0383,0.3897,-0.1287,0.2562
-0.6514,-9.3502,0.0383,0.4249,-0.1311,0.2683
-1.0346,-9.2735,0.3066,0.4687,-0.1591,0.2732
-1.1113,-9.2735,0.4598,0.4772,-0.1299,0.2586
-0.9580,-9.1969,0.4982,0.4031,-0.0510,0.2720
-0.8047,-9.2735,0.4982,0.3242,0.0061,0.2963
-0.8430,-9.3885,0.7281,0.2987,0.0474,0.3533
-0.7664,-9.3118,1.2263,0.3108,0.0134,0.4080
-0.9197,-9.3502,1.2263,0.3339,-0.0935,0.4322
-1.3029,-9.5418,0.8814,0.3290,-0.1773,0.4553
-1.4562,-9.5418,0.6514,0.2902,-0.2283,0.4614
-1.4562,-9.4268,0.6898,0.2525,-0.1845,0.4577
-0.9963,-9.0819,1.1496,0.2841,-0.1578,0.4310
-1.2646,-9.2735,1.1879,0.3084,-0.1700,0.4383
-1.7244,-9.4651,0.9197,0.2635,-0.1761,0.4857
-2.2226,-9.3118,0.5365,0.2513,-0.1845,0.5415
-2.2609,-9.1969,0.9580,0.2756,-0.1967,0.5828
-2.0310,-8.7754,1.1496,0.3570,-0.3375,0.6496
-1.8394,-9.0053,1.6478,0.4080,-0.4189,0.6969
-1.9543,-9.1586,1.7627,0.3837,-0.3315,0.7370
-2.4525,-8.8520,1.6095,0.2550,-0.1578,0.7673
-2.3759,-9.0436,1.4945,0.1384,-0.0971,0.7783
-2.5291,-9.0819,1.4179,0.1530,-0.1190,0.7819
-2.6058,-9.1202,1.4945,0.2562,-0.1251,0.8110
-2.4525,-8.8520,1.3029,0.2671,-0.0583,0.8523
-2.4525,-8.7370,1.4945,0.2210,0.0789,0.8815
-2.4908,-8.7754,1.5711,0.1955,0.1542,0.9167
-2.7591,-9.0053,1.5711,0.2562,0.1761,1.0102
-2.9890,-8.9670,1.1113,0.3181,0.1955,1.1279
-3.1423,-8.5838,0.8047,0.3448,0.2270,1.1984
-3.2572,-8.4688,1.0730,0.3897,0.3363,1.2736
-3.2572,-8.3538,1.8394,0.4723,0.5148,1.3659
-3.4488,-8.3921,1.9927,0.4808,0.6229,1.4752
-3.2189,-9.1586,1.3412,0.4419,0.5549,1.6160
-3.1039,-8.5454,0.8814,0.4614,0.4407,1.6561
-3.1039,-7.5491,1.2646,0.5342,0.5561,1.6391
-3.1423,-7.2042,1.7244,0.3922,0.8013,1.6051
-3.4871,-7.4341,1.6861,0.1141,0.9458,1.5468
-3.7937,-7.3575,1.3795,0.0959,0.9774,1.5869
-3.5255,-7.0893,0.8430,0.2489,0.9094,1.6209
-3.0273,-6.3612,0.3449,0.2914,0.8730,1.6682
-2.9507,-5.8247,0.5748,0.1287,1.0272,1.7896
-4.4452,-4.8284,0.4215,0.0376,1.1583,1.9281
-5.7864,-4.0620,0.0000,0.0741,1.1559,1.9973
-6.2079,-3.9470,0.3449,0.0898,1.1316,1.9378
-6.8977,-3.4488,1.0346,0.4917,1.0697,1.9378
-6.0163,-2.3759,0.7664,0.5112,1.1328,1.9378
-3.2955,-0.5365,-1.3029,0.3242,1.3781,1.9657
-5.0966,0.1916,-0.8430,0.0862,1.6245,1.9038
-5.3648,1.3412,-1.8777,0.1044,1.6124,1.6439
-5.4032,1.0730,-1.3029,-0.5221,1.1364,1.0599
-4.9433,-0.1150,3.1423,-0.7661,-0.1056,0.5925
-3.1039,-0.5365,4.2919,-0.4152,-1.6877,0.3023
-4.6751,1.4179,-6.1313,-0.2987,-3.1143,0.4492
-6.2462,-2.9123,-5.2882,-0.6059,-2.5424,1.1741
-9.3502,-5.0583,1.6861,-0.2161,-1.3040,1.5359
-13.6804,1.6095,1.7244,-1.2178,-1.0709,1.5565
-18.8919,1.4179,1.5328,-1.2409,-2.5218,2.0665
-27.0541,-2.9507,-0.7281,-1.0757,-2.7039,2.6177
-42.3823,-2.2992,2.9123,-0.6350,-2.7063,3.5489
-32.1891,-2.1076,4.7134,-2.4429,-3.3960,3.8379
-17.3974,0.0000,6.0546,-1.2591,-2.0725,2.2389
-10.8830,0.2299,5.1349,-0.5876,-0.1833,1.9645

