-.-.-
-1.4945,1.3029,9.3118,-0.0304,0.0983,-0.0061
-1.4945,1.3029,9.3118,-0.0304,0.0923,-0.0036
-1.4179,1.2646,9.1586,-0.0121,0.0862,-0.0049
-1.4562,1.3029,9.1969,0.0024,0.0789,-0.0049
-1.3412,1.4179,9.3502,-0.0073,0.0789,-0.0036
-1.3412,1.2646,9.2352,-0.0255,0.0862,-0.0036
-1.3412,1.1496,9.3885,-0.0304,0.0874,-0.0061
-1.3029,1.3412,9.2352,-0.0182,0.0813,-0.0049
-1.3412,1.3029,9.1202,-0.0134,0.0801,-0.0036
-1.3795,1.3412,9.2735,-0.0097,0.0862,-0.0073
-1.4179,1.2263,9.1969,-0.0085,0.0838,-0.0097
-1.4179,1.3412,9.2352,-0.0109,0.0850,-0.0109
-1.4562,1.3412,9.3118,-0.0279,0.0911,-0.0109
-1.6095,1.4562,9.3885,-0.0352,0.0947,-0.0085
-1.4945,1.3795,9.4651,-0.0389,0.0911,-0.0036
-1.4179,1.3029,9.4651,-0.0522,0.0874,-0.0012
-1.4562,1.2263,9.2735,-0.0643,0.0850,0.0036
-1.5328,1.2263,9.2735,-0.0449,0.0741,0.0049
-1.3412,1.3795,9.1586,-0.0243,0.0716,0.0036
-1.4562,1.2263,9.1969,-0.0170,0.0753,0.0012
-1.3412,1.1496,9.2352,-0.0085,0.0826,0.0000
-1.4179,1.3412,9.3502,-0.0231,0.0874,-0.0012
-1.3029,1.3029,9.3502,-0.0267,0.0886,-0.0036
-1.5328,1.2263,9.3118,-0.0170,0.0838,-0.0049
-1.4179,1.2646,9.3118,-0.0170,0.0923,-0.0061
-1.3795,1.2646,9.2352,-0.0134,0.0947,-0.0036
-1.4945,1.2646,9.1969,-0.0194,0.0874,-0.0049
-1.4945,1.2263,9.1969,-0.0134,0.0850,-0.0073
-1.4179,1.1113,9.2735,-0.0073,0.0862,-0.0061
-1.4562,1.2646,9.0819,-0.0073,0.0838,-0.0085
-1.4945,1.2646,9.1202,-0.0109,0.0813,-0.0085
-1.4179,1.1879,9.3502,-0.0073,0.0850,-0.0085
-1.4179,1.2646,9.3502,-0.0049,0.0886,-0.0073
-1.5328,1.2263,9.3118,-0.0061,0.0813,-0.0036
-1.4179,1.2263,9.1202,-0.0073,0.0801,-0.0049
-1.3412,1.3029,9.3118,-0.0182,0.0850,-0.0085
-1.3795,1.2263,9.2352,-0.0158,0.0789,-0.0061
-1.4562,1.1496,9.2735,-0.0146,0.0813,-0.0024
-1.3795,1.2646,9.2735,-0.0134,0.0850,-0.0049
-1.4562,1.4179,9.2352,-0.0146,0.0826,-0.0097
-1.4945,1.3412,9.3118,-0.0134,0.0789,-0.0109
-1.4945,1.2646,9.3118,-0.0170,0.0789,-0.0073
-1.4945,1.2646,9.2352,-0.0219,0.0838,-0.0073
-1.4562,1.3412,9.3885,-0.0182,0.0886,-0.0073
-1.4179,1.3412,9.1969,-0.0097,0.0850,-0.0036
-1.3412,1.2263,9.2352,-0.0121,0.0765,0.0000
-1.3795,1.2263,9.2735,-0.0170,0.0728,-0.0012
-1.4562,1.2263,9.2352,-0.0158,0.0801,-0.0036
-1.4562,1.3029,9.2735,-0.0146,0.0862,-0.0061
-1.3412,1.2646,9.1586,-0.0158,0.0813,-0.0049
-1.3412,1.2646,9.1586,-0.0146,0.0789,-0.0061
-1.3795,1.2646,9.2735,-0.0170,0.0874,-0.0061
-1.4562,1.3412,9.1969,-0.0182,0.0850,-0.0085
-1.4562,1.1496,9.3885,-0.0206,0.0801,-0.0036
-1.4179,1.3029,9.1969,-0.0182,0.0801,-0.0049
-1.4179,1.1879,9.2735,-0.0158,0.0826,-0.0049
-1.3795,1.2263,9.2352,-0.0134,0.0813,-0.0061
-1.4179,1.2646,9.2352,-0.0134,0.0777,-0.0049
-1.4562,1.1496,9.3885,-0.0121,0.0765,-0.0049
-1.3795,1.3412,9.2352,-0.0109,0.0801,-0.0049
-1.3795,1.2263,9.2735,-0.0182,0.0862,-0.0036
-1.4179,1.3029,9.3885,-0.0061,0.0826,-0.0036
-1.4179,1.2646,9.3885,-0.0109,0.0874,-0.0049
-1.3412,1.1879,9.2735,-0.0036,0.0898,-0.0061
-1.4945,1.2263,9.2352,-0.0061,0.0874,-0.0049
-1.4179,1.2263,9.1202,-0.0073,0.0813,-0.0036
-1.4562,1.3412,9.3502,-0.0049,0.0777,-0.0036
-1.4562,1.3795,9.2735,-0.0085,0.0813,-0.0024
-1.4945,1.2646,9.1969,-0.0158,0.0826,-0.0049
-1.4945,1.2263,9.1586,-0.0073,0.0850,-0.0061
-1.4179,1.3412,9.1969,-0.0036,0.0886,-0.0073
-1.4562,1.1879,9.2735,-0.0121,0.0874,-0.0073
-1.3412,1.1879,9.3502,-0.0134,0.0874,-0.0061
-1.4945,1.3029,9.2735,-0.0109,0.0826,-0.0049
-1.4562,1.2646,9.1586,0.0000,0.0838,-0.0024
-1.4562,1.3029,9.1969,-0.0049,0.0765,-0.0036
-1.3029,1.2646,9.2352,-0.0097,0.0801,-0.0024
-1.4562,1.4179,9.1202,-0.0109,0.0765,-0.0024
-1.5328,1.0346,9.2735,-0.0182,0.0789,-0.0049
-1.4179,1.2646,9.2735,-0.0182,0.0789,-0.0024
-1.4945,1.3029,9.2735,-0.0206,0.0801,-0.0036
-1.5328,1.3412,9.3502,-0.0194,0.0728,-0.0073
-1.3795,1.2263,9.2735,-0.0291,0.0680,-0.0097
-1.4945,1.3412,9.1586,-0.0449,0.0704,-0.0121
-1.4562,1.3029,9.5418,-0.0559,0.0753,-0.0121
-1.4945,1.3029,9.4651,-0.0401,0.0704,-0.0097
-1.3795,1.3412,9.2735,-0.0243,0.0583,-0.0073
-1.4562,1.2646,9.3118,-0.0255,0.0692,-0.0097
-1.3412,1.2646,9.2352,-0.0231,0.0850,-0.0073
-1.3412,1.3029,9.3118,-0.0243,0.0850,-0.0024
-1.4179,1.1879,9.3885,-0.0291,0.0826,-0.0012
-1.4562,1.1879,9.2352,-0.0231,0.0850,0.0000
-1.3795,1.3029,9.2735,-0.0170,0.0850,-0.0024
-1.3412,1.1879,9.1969,-0.0243,0.0874,0.0000
-1.4179,1.2263,9.3118,-0.0364,0.0911,0.0024
-1.4945,1.3412,9.2735,-0.0389,0.0911,0.0024
-1.4945,1.1113,9.3502,-0.0352,0.0911,0.0024
-1.3795,1.2263,9.3885,-0.0328,0.0947,0.0024
-1.3795,1.1879,9.3885,-0.0255,0.0959,0.0024
-1.4562,1.1496,9.1969,-0.0146,0.0971,-0.0012
-1.3029,1.2263,9.1202,-0.0279,0.0911,-0.0061
-1.3029,1.1879,9.2352,-0.0194,0.0826,-0.0085
-1.4945,1.2263,9.2352,-0.0158,0.0826,-0.0085
-1.5328,1.0730,9.2735,-0.0097,0.0850,-0.0061
-1.3795,1.0730,9.2352,-0.0134,0.0874,-0.0049
-1.3795,1.2263,9.3118,-0.0146,0.0886,-0.0073
-1.4179,1.2646,9.1202,-0.0146,0.0838,-0.0036
-1.3795,1.1496,9.1202,-0.0109,0.0813,-0.0036
-1.4562,1.2646,9.3118,-0.0158,0.0813,-0.0049
-1.5328,1.3029,9.1202,-0.0182,0.0753,-0.0061
-1.5711,1.2646,9.3118,-0.0182,0.0765,-0.0012
-1.4945,1.1113,9.1586,-0.0146,0.0801,-0.0024
-1.4562,1.1496,9.2735,-0.0182,0.0801,-0.0024
-1.4562,1.2646,9.3885,-0.0134,0.0789,-0.0036
-1.3029,1.1879,9.3118,-0.0085,0.0716,-0.0036
-1.3795,1.2263,9.3118,-0.0097,0.0741,-0.0061
-1.4562,1.1496,9.1969,-0.0170,0.0874,-0.0049
-1.3795,1.1113,9.3118,-0.0158,0.0911,-0.0049
-1.4562,1.1496,9.2352,-0.0206,0.0862,-0.0073
-1.3412,1.3412,9.2735,-0.0231,0.0789,-0.0061
-1.3795,1.3412,9.1969,-0.0328,0.0765,-0.0049
-1.3029,1.2646,9.2352,-0.0401,0.0753,-0.0073
-1.3795,1.0346,9.3118,-0.0401,0.0753,-0.0097
-1.4562,1.1879,9.3885,-0.0340,0.0826,-0.0085
-1.3412,1.1113,9.1969,-0.0279,0.0789,-0.0061
-1.4179,1.1496,9.3118,-0.0170,0.0728,-0.0036
-1.4562,1.2263,9.3118,-0.0146,0.0716,-0.0024
-1.3412,1.3029,9.2735,-0.0219,0.0826,-0.0036

