-.-.-
-0.8047,-10.0016,1.6478,0.0036,0.0692,0.0024
-0.7281,-10.0399,1.4945,0.0012,0.0728,0.0000
-0.8430,-10.0016,1.6478,-0.0012,0.0728,0.0024
-0.7664,-9.8866,1.5711,-0.0012,0.0668,0.0049
-0.7664,-9.9633,1.6478,-0.0012,0.0656,0.0036
-0.7664,-10.0016,1.6095,-0.0036,0.0680,0.0036
-0.8430,-9.9250,1.7244,-0.0073,0.0680,0.0036
-0.7281,-9.9633,1.7244,-0.0073,0.0692,0.0049
-0.8047,-10.0399,1.6478,-0.0073,0.0692,0.0085
-0.7281,-10.0016,1.5711,-0.0024,0.0692,0.0085
-0.8047,-9.9250,1.7627,-0.0049,0.0680,0.0073
-0.7281,-9.9633,1.8011,-0.0097,0.0680,0.0049
-0.9197,-9.9250,1.6861,-0.0109,0.0680,0.0061
-0.9580,-10.0016,1.6861,-0.0085,0.0728,0.0085
-0.8814,-10.0782,1.8011,-0.0134,0.0741,0.0073
-0.8430,-10.0399,1.8011,-0.0146,0.0728,0.0085
-0.9197,-10.0016,1.6861,-0.0158,0.0680,0.0049
-0.8814,-10.0782,1.8011,-0.0134,0.0728,0.0061
-0.8430,-10.1166,1.6095,-0.0134,0.0741,0.0049
-0.6898,-9.9633,1.5711,-0.0158,0.0741,0.0024
-0.8047,-10.1549,1.7627,-0.0194,0.0741,0.0036
-0.8430,-10.0016,1.7244,-0.0219,0.0728,0.0036
-0.9197,-9.8483,1.6095,-0.0243,0.0728,0.0036
-0.8814,-10.0399,1.7627,-0.0255,0.0716,0.0036
-0.9197,-10.0782,1.6478,-0.0194,0.0704,0.0024
-0.8430,-9.9250,1.6095,-0.0134,0.0692,0.0012
-0.8047,-10.0016,1.7627,-0.0109,0.0716,0.0024
-0.8047,-10.0399,1.6095,-0.0146,0.0716,0.0000
-0.8047,-10.0399,1.8011,-0.0134,0.0728,0.0012
-0.8814,-9.9633,1.5711,-0.0097,0.0692,-0.0012
-0.8430,-10.0782,1.7627,-0.0036,0.0692,-0.0024
-0.8814,-9.9633,1.8011,-0.0049,0.0716,0.0000
-0.8047,-10.0016,1.6095,-0.0085,0.0716,0.0024
-0.7664,-10.0782,1.6861,-0.0024,0.0680,0.0024
-0.7664,-10.0399,1.6095,0.0109,0.0704,0.0024
-0.9197,-10.0016,1.7244,0.0061,0.0741,0.0024
-0.8047,-10.0782,1.6861,0.0121,0.0704,0.0061
-0.9197,-10.0016,1.8011,0.0121,0.0680,0.0121
-0.8047,-10.0399,1.6478,0.0134,0.0692,0.0109
-0.8047,-10.1166,1.7244,0.0194,0.0741,0.0146
-0.9963,-10.0016,1.6861,0.0328,0.0716,0.0194
-0.8430,-10.0782,1.7627,0.0413,0.0716,0.0206
-0.9197,-10.1166,1.6861,0.0522,0.0704,0.0231
-0.9197,-9.8866,1.8777,0.0619,0.0728,0.0291
-0.8047,-9.9250,1.8394,0.0571,0.0741,0.0328
-0.7281,-10.0016,1.8777,0.0364,0.0741,0.0328
-0.8430,-9.9633,1.7627,0.0352,0.0716,0.0376
-0.7281,-9.9633,1.5711,0.0389,0.0728,0.0352
-0.7664,-10.0782,1.7627,0.0364,0.0765,0.0328
-0.8430,-9.8866,1.6095,0.0364,0.0753,0.0304
-0.9197,-9.9633,1.7244,0.0389,0.0704,0.0376
-0.9197,-10.0016,1.8777,0.0474,0.0704,0.0401
-0.9963,-10.0016,1.8011,0.0607,0.0728,0.0425
-0.9963,-10.0016,2.1076,0.0741,0.0765,0.0474
-1.0346,-10.1166,1.9160,0.0886,0.0741,0.0498
-0.9963,-10.0782,1.8394,0.1117,0.0704,0.0522
-1.1879,-10.3848,1.8394,0.1348,0.0656,0.0619
-1.1496,-9.8866,2.1459,0.1603,0.0607,0.0619
-1.1496,-10.0016,2.1076,0.1797,0.0583,0.0631
-0.9197,-9.9633,2.1076,0.1991,0.0522,0.0619
-0.9963,-9.9633,2.1459,0.2173,0.0498,0.0777
-1.0346,-10.0016,2.1843,0.2465,0.0486,0.0898
-0.9963,-9.8483,2.1843,0.2878,0.0437,0.0996
-1.0730,-9.9250,2.1459,0.3035,0.0498,0.1105
-0.9580,-10.0399,2.3759,0.3254,0.0498,0.1263
-1.1113,-9.9250,2.2226,0.3667,0.0449,0.1421
-0.9963,-9.6567,2.1843,0.3995,0.0376,0.1481
-1.0730,-9.8100,2.3759,0.4359,0.0437,0.1421
-1.1879,-10.1166,2.3375,0.5002,0.0498,0.2173
-1.1496,-10.0016,2.3375,0.5282,0.0486,0.1809
-1.0730,-9.8866,2.1843,0.6289,0.0559,0.2513
-1.2646,-9.8866,2.4908,0.7163,0.0668,0.2477
-1.1879,-9.8100,2.6441,0.8086,0.0692,0.2720
-1.4562,-9.4268,2.8357,0.8244,0.0583,0.2489
-1.4945,-8.9286,3.0273,0.7176,0.0316,0.2368
-1.6095,-8.7370,2.8740,0.4711,-0.0036,0.2076
-1.4179,-9.1202,2.9123,0.2902,-0.0304,0.2125
-1.2263,-9.1969,2.8357,0.1651,-0.0607,0.2222
-1.2263,-9.1969,2.6441,0.1615,-0.0947,0.2708
-0.9197,-9.3885,2.2609,0.0425,-0.1068,0.3096
-1.1113,-10.0016,2.3759,0.2076,-0.1408,0.4031
-1.4179,-10.0399,2.4525,0.5172,-0.1093,0.4480
-1.4945,-9.5801,2.3375,0.7698,-0.1481,0.4759
-1.4179,-9.0053,2.7207,0.8669,-0.1627,0.4577
-1.6095,-8.8520,2.8740,0.9361,-0.1566,0.4650
-1.4179,-9.1969,3.0273,1.0126,-0.1323,0.4735
-1.8011,-9.1202,3.1806,1.1255,-0.1202,0.4759
-1.8394,-8.1622,3.8704,1.2542,-0.0983,0.5039
-1.7244,-7.8557,3.8320,1.1996,-0.1226,0.4844
-1.6095,-8.0856,3.9853,1.1996,-0.1129,0.4687
-1.8777,-8.1239,4.4835,1.2554,-0.0534,0.4735
-1.9927,-7.7407,4.2919,1.3343,-0.0267,0.4820
-2.0310,-7.7024,4.4068,1.4193,-0.0425,0.5536
-2.2226,-7.0126,4.7517,1.4630,-0.0643,0.5621
-2.0693,-6.0546,5.0200,1.5201,-0.0716,0.5682
-1.3029,-6.3612,4.7134,1.5225,-0.0777,0.5002
-1.3795,-6.1313,3.3339,1.5007,-0.0826,0.4626
-3.1423,-7.1276,4.7517,1.7071,-0.1408,0.5464
-3.4488,-5.7864,5.6331,1.9001,-0.2404,0.5306
-2.6824,-4.4068,5.9396,1.8054,-0.3521,0.4492
-1.9927,-4.2152,5.4032,1.8479,-0.4189,0.4784
-2.5291,-4.5601,6.0546,1.8151,-0.4043,0.4092
-2.4908,-4.0236,5.4032,1.7860,-0.3788,0.4043
-2.6441,-3.4105,5.3265,1.8236,-0.3982,0.4213
-2.5291,-3.9470,6.0546,1.8795,-0.5172,0.4419
-1.5328,-3.1423,6.2462,1.8783,-0.6144,0.4359
-0.6898,-1.4179,5.5181,1.9621,-0.6823,0.3764
-0.2682,-1.0346,4.9816,2.0130,-0.6581,0.2926
-0.4598,-0.7664,5.6714,2.1745,-0.5706,0.2768
-1.1879,0.4215,4.3685,2.1551,-0.5476,0.2756
-0.5365,0.0766,3.9087,1.9098,-0.5403,0.2501
0.4982,1.6095,2.5675,1.9754,-0.3230,0.3594
0.3066,-0.8430,5.7097,2.0045,-0.1311,0.3679
-2.6441,-0.6514,11.4578,1.9888,0.1287,0.2756
-0.9197,2.9123,15.8646,2.1175,-0.0121,0.2975
-1.8777,5.7480,29.3150,1.6852,-0.1991,-0.0656
-6.2845,20.2331,36.2510,0.2028,-0.3497,-0.8317
-6.3995,4.6368,19.9266,-1.6840,0.4808,-1.1389
-3.6787,-10.4231,4.7134,-1.5128,0.7431,-0.5464
-1.4562,-4.2536,7.8557,0.7661,0.2708,-0.0267
-1.0346,7.9706,9.0819,0.5937,0.1360,-0.1688
-0.4215,0.6514,5.1349,0.5804,0.2149,-0.0898
-0.4215,0.0383,4.7900,0.9288,0.2780,-0.0777
0.0766,3.2955,5.4032,0.9385,0.1785,-0.0219
-0.3066,4.2919,5.3265,0.6508,0.1190,-0.0340
-1.5328,4.7134,7.3958,0.1263,0.1421,-0.1372
-2.7591,4.8667,7.1659,-0.4080,0.0449,-0.1809
-3.4105,4.0620,8.0856,-0.7455,-0.0170,-0.0571

