-.-.-
0.2299,-7.7024,-3.1423,0.1117,-0.0219,0.0510
0.3832,-7.2425,-3.0273,0.0474,-0.0401,0.0413
0.0766,-6.7061,-3.1039,-0.0279,-0.0801,0.0413
-0.1916,-6.2845,-2.8740,-0.1190,-0.1445,0.0425
0.0766,-6.0546,-2.7207,-0.2283,-0.1651,0.0461
0.4982,-6.0546,-2.6441,-0.3339,-0.1603,0.0498
0.6514,-6.2462,-2.6824,-0.4080,-0.1275,0.0170
0.3066,-5.9780,-2.6058,-0.4334,-0.0983,0.0024
0.1150,-6.0163,-2.4908,-0.4626,-0.0886,-0.0036
0.0766,-6.4378,-2.4525,-0.4298,-0.0656,-0.0036
-0.1150,-6.2462,-2.6441,-0.4395,-0.0595,-0.0134
-0.0383,-7.1659,-2.5675,-0.3594,-0.0789,-0.0109
0.0383,-6.8593,-2.4142,-0.2100,-0.1008,-0.0061
0.1916,-6.8210,-2.6058,-0.0862,-0.0741,-0.0170
0.3832,-6.6294,-2.6058,0.0401,-0.0789,-0.0728
0.1916,-5.9013,-2.9123,0.0935,-0.0607,-0.1202
0.0000,-5.7097,-2.8740,0.1251,-0.0559,-0.1445
-0.1150,-5.5948,-2.6441,0.1323,-0.0874,-0.1360
0.0383,-5.4032,-2.6824,0.2125,-0.1093,-0.1105
0.4598,-5.5181,-2.4525,0.3169,-0.1141,-0.1311
0.4982,-5.1349,-2.2609,0.3934,-0.0134,-0.1530
-0.0766,-5.6331,-1.4945,0.5658,0.0389,-0.1493
0.0766,-5.5948,-0.1916,0.8985,0.1032,-0.1214
0.1916,-5.9780,1.3795,1.0915,0.1384,-0.0437
0.3066,-8.2005,-0.4215,1.2736,0.1930,0.1166
-0.7664,-10.0016,-1.8777,1.9098,0.3242,0.2768
-1.6861,-10.9213,-0.3066,2.7998,0.0534,0.4638
-0.6514,-11.4195,0.8047,3.7699,-0.2708,0.3606
0.0000,-9.6950,1.3795,4.4583,-0.4577,0.2416
0.0383,-12.1475,1.9160,4.2677,-0.5379,0.1008
-1.4945,-23.7203,0.2299,3.9860,-0.4711,-0.0680
-0.7281,-37.8221,0.4215,4.9865,-0.4929,-0.3169
-0.2682,-48.2836,5.9396,6.5673,-0.5403,-0.5634
2.4525,-43.0337,8.9286,7.2084,-0.4262,-0.8912
6.1313,-6.7061,8.0089,7.1501,-0.2076,-0.6556
3.9853,-5.8630,-0.9963,5.8631,0.5124,-0.7370
-1.0730,-7.5108,-2.6058,5.7963,0.1578,-0.6229
-2.1843,2.6058,-5.6331,5.0751,0.0886,-0.6799
2.2609,5.1732,-0.4215,4.5166,0.2574,-0.5889
-1.5328,-0.4215,9.0819,3.9848,0.5063,-0.2173
-4.2919,3.0656,14.0252,3.3607,0.4614,0.2416
1.1879,7.2809,17.4357,2.3372,-0.0061,0.5221
4.7900,5.9780,17.6273,1.6100,0.0486,0.3837
4.3302,5.0200,14.4851,0.7940,0.2319,0.3958
1.9543,5.1732,12.8373,0.4347,0.2586,0.5087
0.9197,2.6824,8.6987,0.3072,0.1761,0.5269
0.3832,3.2572,8.0089,0.3776,0.0911,0.4638
0.1150,3.0656,6.8210,0.1979,0.0461,0.3582
-1.2263,2.6058,7.3958,0.2331,-0.0389,0.2744
-0.3066,3.0273,8.6604,0.2234,-0.0947,0.1676
0.1916,1.5711,9.5418,0.1603,-0.0826,0.0911
-0.3449,0.3832,10.6147,0.1311,-0.0413,0.1032
0.2682,0.9197,10.4614,0.1906,-0.1117,0.0510
0.3832,0.5748,10.5381,0.1032,-0.1044,-0.0668
-0.3066,-0.9197,10.8446,-0.0474,-0.0364,-0.0364
0.0000,-0.5748,9.4651,-0.2173,-0.0474,-0.0279
0.8047,-1.3412,9.1586,-0.2161,-0.0826,-0.0012
0.9580,-2.6441,9.0436,-0.0874,-0.0692,-0.0024
0.8430,-2.5291,9.1969,0.0121,-0.0194,-0.0109
0.8814,-1.9160,9.3885,-0.0316,-0.0134,-0.0425
0.9580,-2.1076,9.2735,-0.1166,0.0121,-0.0728
1.1879,-2.6441,9.5801,-0.1372,0.0656,-0.0813
0.5365,-2.6824,9.5034,-0.1008,0.1238,-0.0898
1.0346,-2.6824,9.3885,-0.1202,0.1481,-0.0862
0.0383,-2.4525,9.7334,-0.0631,0.1591,-0.1081
-0.1916,-2.0693,10.2315,0.0024,0.1068,-0.0911
0.1533,-1.4945,9.6567,0.0097,0.0631,-0.0850
-0.6514,-1.3029,9.5418,0.0206,0.0486,-0.0607
-1.2646,-1.6861,9.5418,0.1469,0.0000,0.0449
-0.1916,-1.2263,9.0053,0.1360,0.0194,0.1323
0.5748,-0.8430,9.1586,0.1299,0.0643,0.2562
1.7627,-1.8011,8.9286,0.1044,0.1105,0.2841
2.1459,-2.9890,9.1969,0.1178,0.1008,0.1736
1.6861,-2.9507,9.6567,0.1384,0.0789,-0.0279
1.9160,-2.3375,9.3885,0.1348,0.0401,-0.1688
1.6478,-2.1843,9.1202,0.0801,0.1093,-0.2574
0.6898,-2.1843,9.1969,0.0522,0.2040,-0.2550
-0.3832,-2.1843,9.2735,0.0316,0.2307,-0.1809
-0.8814,-1.8011,9.4651,0.0134,0.2064,-0.0971
-0.8814,-1.9543,9.5034,0.0073,0.1530,-0.0182
-0.8814,-2.1843,9.6950,0.0134,0.1396,0.0146
-0.5748,-1.9927,9.6184,0.0559,0.1323,0.0158
-0.3066,-1.7627,9.6184,0.0813,0.1044,0.0194
-0.0383,-1.7244,9.4651,0.0862,0.0813,0.0255
0.0000,-1.6861,9.2735,0.0850,0.0631,0.0498
0.0000,-1.7627,9.3118,0.0935,0.0243,0.0607
0.0766,-1.7244,9.5801,0.0886,-0.0194,0.0534
0.2682,-2.0310,9.4651,0.1008,-0.0194,0.0340
0.3066,-2.0310,9.3502,0.1226,-0.0097,0.0109
0.3066,-1.9160,9.3502,0.1542,-0.0146,-0.0243
0.3832,-1.8777,9.5418,0.1469,-0.0146,-0.0522
0.4598,-1.8777,9.6567,0.1214,-0.0061,-0.0704
0.2299,-1.9160,9.3502,0.1117,0.0000,-0.0862
-0.0383,-1.7244,9.4651,0.1190,0.0024,-0.1093
-0.1916,-1.6861,9.6184,0.0983,0.0134,-0.1202
-0.2682,-1.5711,9.5034,0.0886,0.0097,-0.1056
-0.3449,-1.5711,9.6184,0.0813,-0.0291,-0.0838
-0.3066,-1.6861,9.4268,0.0923,-0.0704,-0.0704
-0.3066,-1.5711,9.5418,0.1153,-0.0862,-0.0607
0.0383,-1.5711,9.3502,0.0947,-0.0886,-0.0461
0.3449,-1.6095,9.4651,0.0801,-0.0886,-0.0389
0.4598,-1.5711,9.3885,0.0850,-0.0935,-0.0437
0.5365,-1.5328,9.6184,0.0838,-0.0886,-0.0449
0.8047,-1.4945,9.6184,0.0643,-0.0826,-0.0376
0.9197,-1.5711,9.3885,0.0461,-0.0668,-0.0279
0.8430,-1.7627,9.3885,0.0401,-0.0449,-0.0231
0.7281,-1.8394,9.4268,0.0716,-0.0267,-0.0219
0.7664,-1.8777,9.3502,0.0826,-0.0170,-0.0134
0.6898,-1.8777,9.4651,0.0862,0.0061,-0.0134
0.4598,-2.0310,9.3885,0.0959,0.0194,-0.0206
0.2299,-2.1076,9.3118,0.1360,0.0437,-0.0219
0.2299,-2.1843,9.1969,0.2125,0.0364,-0.0097
0.1533,-1.9160,9.1969,0.2659,0.0182,0.0061
0.1916,-1.6861,9.1969,0.2683,0.0061,0.0231
0.1150,-1.2646,9.4268,0.2331,0.0024,0.0291
0.0766,-1.2263,9.6184,0.1773,0.0097,0.0267
0.1916,-1.4945,9.7334,0.1372,0.0134,0.0243
0.1916,-1.1879,9.6567,0.1141,0.0061,0.0255
0.1916,-1.1496,9.6567,0.0850,0.0000,0.0073
0.4215,-1.4179,9.6567,0.0668,-0.0073,-0.0061
0.3832,-1.0730,9.6567,0.0631,-0.0085,-0.0206
0.2682,-1.3029,9.2352,0.0522,-0.0073,-0.0146
0.3832,-1.1496,9.2352,0.0510,-0.0109,-0.0158
0.4215,-1.3412,9.6950,0.0413,-0.0206,-0.0049
0.3066,-1.5328,9.5034,0.0510,-0.0243,-0.0134
0.4982,-1.6478,9.5801,0.0498,-0.0158,-0.0219
0.5365,-1.3795,9.5034,0.0546,-0.0073,-0.0255
0.4215,-1.4179,9.5801,0.0534,0.0036,-0.0291

