-.-.-
-0.3449,-9.5418,1.6478,-0.0243,0.0607,-0.0182
-0.3832,-9.5034,1.7627,-0.0194,0.0704,-0.0109
-0.3832,-9.3118,1.4945,-0.0364,0.0680,-0.0109
-0.3832,-9.6567,1.6478,-0.0437,0.0607,-0.0134
-0.3832,-9.5034,1.6095,-0.0291,0.0571,-0.0170
-0.4215,-9.5034,1.6478,-0.0182,0.0498,-0.0158
-0.4598,-9.4651,1.6478,-0.0206,0.0510,-0.0158
-0.3832,-9.4268,1.5328,-0.0219,0.0486,-0.0109
-0.4215,-9.5418,1.5711,-0.0243,0.0559,-0.0085
-0.4598,-9.5801,1.3412,-0.0231,0.0498,-0.0085
-0.3832,-9.5418,1.6478,-0.0146,0.0474,-0.0049
-0.4215,-9.5418,1.6478,-0.0085,0.0498,-0.0085
-0.4215,-9.5418,1.6478,-0.0121,0.0559,-0.0109
-0.3832,-9.5034,1.4562,-0.0049,0.0534,-0.0097
-0.4598,-9.4651,1.6861,0.0121,0.0498,-0.0134
-0.4215,-9.5418,1.6861,0.0255,0.0510,-0.0109
-0.4215,-9.5418,1.6478,0.0279,0.0522,-0.0121
-0.4215,-9.5418,1.7244,0.0340,0.0522,-0.0158
-0.4215,-9.5418,1.7244,0.0401,0.0522,-0.0170
-0.2682,-9.5034,1.7244,0.0486,0.0546,-0.0158
-0.3449,-9.3885,1.5711,0.0522,0.0595,-0.0146
-0.3449,-9.3502,1.6095,0.0486,0.0619,-0.0158
-0.3066,-9.5418,1.5328,0.0474,0.0656,-0.0158
-0.4215,-9.5418,1.6095,0.0595,0.0680,-0.0134
-0.4215,-9.3502,1.7244,0.0692,0.0668,-0.0121
-0.3066,-9.4651,1.6478,0.0801,0.0643,-0.0158
-0.3832,-9.4651,1.8394,0.0874,0.0680,-0.0121
-0.2682,-9.4268,1.7244,0.0838,0.0631,-0.0121
-0.3832,-9.3885,1.7627,0.0728,0.0728,-0.0109
-0.1916,-9.4651,1.7244,0.0886,0.0692,-0.0109
-0.2299,-9.5034,1.8011,0.0947,0.0619,-0.0146
-0.3066,-9.4651,1.8394,0.1214,0.0486,-0.0170
-0.3449,-9.5034,2.0693,0.1360,0.0534,-0.0243
-0.3832,-9.4268,2.0310,0.1408,0.0680,-0.0340
-0.2682,-9.4651,2.2226,0.1299,0.0631,-0.0255
-0.3832,-9.4651,1.9543,0.1348,0.0559,-0.0206
-0.3832,-9.5418,2.1843,0.1445,0.0704,-0.0146
-0.4215,-9.4651,2.0693,0.1408,0.0716,-0.0170
-0.3449,-9.3885,2.1459,0.1372,0.0668,-0.0194
-0.3066,-9.2735,2.3375,0.1396,0.0559,-0.0255
-0.2682,-9.3502,2.1076,0.1433,0.0534,-0.0279
-0.2299,-9.4268,2.1459,0.1408,0.0522,-0.0304
-0.3449,-9.3118,2.1843,0.1408,0.0583,-0.0316
-0.3449,-9.3885,2.2609,0.1542,0.0559,-0.0328
-0.3066,-9.3502,2.2609,0.1615,0.0498,-0.0328
-0.3066,-9.2352,2.4142,0.1627,0.0522,-0.0304
-0.2682,-9.2735,2.3375,0.1663,0.0559,-0.0340
-0.1916,-9.5034,2.4142,0.1518,0.0631,-0.0291
-0.3449,-9.2735,2.3759,0.1724,0.0522,-0.0291
-0.3066,-9.2735,2.6058,0.1845,0.0559,-0.0304
-0.3066,-9.2352,2.5675,0.1894,0.0522,-0.0279
-0.1916,-9.3118,2.5675,0.1797,0.0498,-0.0304
-0.3066,-9.2735,2.4525,0.1821,0.0449,-0.0267
-0.1916,-9.2735,2.6824,0.2076,0.0316,-0.0194
-0.2299,-9.1202,2.6058,0.2052,0.0316,-0.0206
-0.3449,-9.2352,2.4908,0.2113,0.0352,-0.0219
-0.2299,-9.2735,2.7591,0.2416,0.0316,-0.0255
-0.2682,-9.2352,2.7207,0.2586,0.0304,-0.0304
-0.3066,-9.1586,2.6824,0.2732,0.0279,-0.0291
-0.1150,-9.2735,2.6441,0.2975,0.0316,-0.0279
-0.2299,-9.0819,2.7974,0.3290,0.0291,-0.0279
-0.2299,-9.0053,2.9123,0.3375,0.0206,-0.0219
-0.2299,-8.8903,2.8740,0.3011,0.0134,-0.0182
-0.2299,-8.9286,2.9123,0.2222,0.0304,-0.0097
-0.2299,-8.8903,2.8740,0.1384,0.0656,-0.0024
-0.1916,-9.0436,2.9890,0.0765,0.0546,-0.0061
-0.0383,-9.2352,2.8740,0.0959,0.0522,-0.0085
-0.0766,-9.0053,2.9507,0.1384,0.0413,-0.0073
-0.2299,-8.9670,3.1039,0.1518,0.0425,-0.0158
-0.1916,-8.8903,2.9123,0.1627,0.0340,-0.0219
-0.1916,-8.9670,3.1423,0.1153,0.0449,-0.0243
-0.1533,-9.1586,3.0656,0.1493,0.0425,-0.0219
-0.1533,-9.0436,3.1039,0.1858,0.0413,-0.0352
-0.1150,-9.0053,3.2572,0.2246,0.0425,-0.0401
-0.0766,-9.0436,3.2955,0.2708,0.0304,-0.0425
-0.1533,-8.9286,3.4488,0.2902,0.0231,-0.0510
-0.1150,-9.0436,3.4105,0.3339,0.0376,-0.0522
-0.1150,-8.9670,3.5638,0.3934,0.0413,-0.0510
-0.1533,-8.8903,3.6787,0.4577,0.0291,-0.0607
-0.0766,-8.8520,3.7171,0.4881,0.0158,-0.0741
0.0766,-8.5454,3.7171,0.4917,0.0049,-0.0765
0.2682,-8.5071,3.7937,0.4602,0.0036,-0.0789
0.0766,-8.8520,3.9470,0.4820,0.0291,-0.0923
0.1150,-8.7754,4.0236,0.5597,0.0413,-0.0971
-0.0766,-8.4688,4.0620,0.6168,0.0474,-0.1105
0.0766,-8.2389,4.1769,0.6071,0.0340,-0.0996
0.1533,-8.2005,4.3685,0.5901,0.0291,-0.0996
0.0766,-8.3921,4.3685,0.5840,0.0546,-0.1020
0.2682,-8.3921,4.2536,0.6156,0.0607,-0.1008
0.1533,-8.2005,4.5984,0.6484,0.0461,-0.1032
0.2682,-8.0089,4.7900,0.6629,0.0461,-0.1178
0.2682,-7.9706,4.7900,0.6751,0.0692,-0.1214
0.0766,-8.0473,5.0200,0.6690,0.0716,-0.1251
0.0766,-7.8557,4.8667,0.6702,0.0437,-0.1287
0.3066,-7.5491,5.1349,0.6908,0.0255,-0.1287
0.0766,-7.5874,5.2499,0.6969,0.0328,-0.1311
0.2682,-7.5108,5.1732,0.6981,0.0425,-0.1384
0.2299,-7.5108,5.1349,0.7200,0.0097,-0.1323
0.1916,-7.4341,5.5948,0.7394,-0.0109,-0.1408
0.3449,-7.1659,5.7097,0.7188,-0.0328,-0.1530
0.1533,-7.1276,5.7480,0.7127,-0.0352,-0.1615
0.3832,-7.0509,5.8247,0.7321,-0.0206,-0.1676
0.3832,-7.1276,5.8630,0.7455,0.0012,-0.1712
0.3832,-6.8210,5.9013,0.7746,-0.0158,-0.1688
0.5365,-6.8210,6.2079,0.7673,-0.0486,-0.1676
0.5748,-6.6677,6.2462,0.7977,-0.0036,-0.1627
0.6514,-6.3995,6.2845,0.8135,0.0304,-0.1676
0.7664,-6.2079,6.2845,0.8414,-0.0109,-0.1748
0.8814,-6.0546,6.6294,0.8608,0.0304,-0.1761
0.8047,-6.0546,6.8593,0.8475,0.0728,-0.1870
0.8430,-6.0546,6.7444,0.8608,0.0498,-0.1930
0.9580,-5.7097,6.9743,0.9300,0.0935,-0.1858
0.8430,-5.2882,7.0893,0.9458,0.0959,-0.1870
0.7281,-5.3265,7.2425,0.9021,0.1044,-0.1967
0.7281,-5.3648,6.9360,0.9325,0.0559,-0.1894
0.8047,-5.0200,7.3192,0.9713,0.0461,-0.1991
1.0346,-4.6368,7.6257,0.9847,0.0291,-0.1955
0.7664,-4.7900,7.2809,0.9762,0.0559,-0.1943
0.8430,-4.9050,7.5491,0.9725,0.0559,-0.1906
0.9963,-4.8284,7.4725,0.9883,0.0121,-0.1991
1.1113,-4.3685,7.5491,1.0575,0.0206,-0.2076
1.0730,-4.2919,7.8173,1.0320,0.0267,-0.2270
1.1496,-4.2919,7.7024,1.0551,0.0486,-0.2404
1.0730,-3.9087,7.4725,1.1389,0.0486,-0.2404
1.1496,-3.3339,7.5491,1.1474,0.0413,-0.2513
1.1496,-3.6021,7.5874,1.1935,0.0777,-0.2768
1.0346,-3.4488,7.3958,1.2603,0.0996,-0.2865
0.9963,-3.0273,7.6257,1.3258,0.1093,-0.2914

