-.-.-
0.1150,-5.5948,-2.6058,2.1078,-0.2793,0.7054
1.3029,-4.5218,-1.7244,2.2170,-0.0668,0.8572
2.0693,-3.0656,-0.7664,2.1648,0.2052,1.0247
1.1879,-2.5291,0.0766,2.0106,0.3910,1.2093
0.3449,-1.9927,0.0383,1.6573,0.4080,1.4169
-1.6478,-4.4068,-0.1150,1.0429,0.3035,1.5881
-5.6714,-7.5108,2.7207,1.3404,0.0801,1.7872
-4.2152,-9.9633,4.0236,2.3299,-0.2987,1.7411
-7.8173,-19.1218,9.7717,2.7245,-0.5512,1.1789
-18.2021,-39.2783,20.6163,4.3260,-1.5152,0.4796
-23.8352,-44.5282,23.6436,6.7409,-2.3032,-0.2319
-7.4341,-22.4557,9.5801,6.0100,-1.5019,0.0595
3.0273,-6.0929,7.4341,3.4045,0.6969,2.2182
-6.3612,-0.8047,11.0746,2.5023,1.1182,2.8921
-10.6914,-4.9816,6.1696,2.6153,0.0219,1.8066
-7.6257,-7.5108,1.2263,4.3794,-0.6763,1.1838
-10.1549,-7.5874,0.2682,4.2932,-1.1037,0.1712
-9.0436,-3.9853,1.4562,3.9508,-1.5796,-0.2902
-9.1586,1.4562,4.9433,3.8573,-2.1575,-0.1421
-6.6677,7.8940,4.9050,3.3753,-2.7270,-0.4225
-1.8394,10.2315,5.4032,2.2085,-2.4951,-0.7127
0.5365,12.1859,7.1276,1.4570,-2.3129,-0.9021
1.6478,14.1019,8.0856,0.4699,-1.8334,-0.6690
2.3375,12.1859,8.2772,-0.3387,-1.1085,-0.5367
1.7627,8.2772,5.0583,-0.9762,-0.6071,-0.2428
1.2646,4.0620,5.2499,-1.4594,-0.3169,0.0340
0.1916,-0.1916,5.8247,-1.2105,-0.1530,0.2125
0.2682,-2.6058,7.7024,-0.6144,0.0352,0.4699
0.6898,-1.4562,9.9250,0.1967,0.3290,0.6362
-0.0383,0.1916,11.8027,0.6823,0.5160,0.5634
-0.8814,2.4908,12.3008,0.7892,0.5257,0.4347
-1.8011,3.6404,12.4158,0.4262,0.4650,0.2878
-2.2226,4.0620,11.7643,-0.0947,0.4480,0.1955
-2.3375,3.1039,10.3082,-0.3873,0.5257,0.1469
-2.6058,0.8430,8.8520,-0.7382,0.5209,0.0546
-2.7974,-1.3412,8.3155,-0.9385,0.4407,-0.0656
-2.6441,-2.6824,8.0089,-0.8560,0.3630,-0.1748
-2.7207,-2.6441,8.1239,-0.6180,0.3290,-0.2003
-2.6441,-2.2226,7.9706,-0.4104,0.2902,-0.1858
-2.7207,-1.8777,7.9323,-0.2768,0.2562,-0.1858
-2.9890,-1.8777,7.8940,-0.2270,0.2246,-0.1955
-3.2189,-2.1459,8.4305,-0.2890,0.2003,-0.2076
-3.2189,-2.5291,8.8137,-0.3764,0.1833,-0.2283
-3.3722,-2.9507,8.5838,-0.3982,0.1651,-0.2574
-3.6021,-3.1039,8.6221,-0.3363,0.1481,-0.2270
-3.7171,-3.1423,8.4688,-0.2695,0.1093,-0.1566
-3.7554,-2.9890,8.2005,-0.2015,0.0182,-0.0886
-3.6787,-2.8357,8.2389,-0.1068,-0.0680,-0.0279
-3.3339,-2.4142,8.2005,-0.0024,-0.1530,0.0146
-3.0273,-2.1459,8.3921,0.0389,-0.2137,0.0364
-2.4525,-1.8777,8.5838,0.0510,-0.2270,0.0461
-1.9543,-1.9160,8.6987,0.0559,-0.2161,0.0522
-1.7627,-1.7244,8.8520,0.0449,-0.2015,0.0583
-1.3795,-1.7244,8.9670,0.0364,-0.1748,0.0571
-1.1879,-1.5328,9.1202,0.0510,-0.1238,0.0643
-1.2646,-1.3795,9.1202,0.0631,-0.0753,0.0680
-1.1496,-1.2646,9.1202,0.0437,-0.0243,0.0595
-1.3795,-1.1113,9.0436,0.0243,0.0146,0.0486
-1.6478,-0.9580,8.9286,0.0012,0.0498,0.0340
-1.7244,-1.0346,9.0436,-0.0291,0.0668,0.0182
-1.8394,-1.1113,8.8520,-0.0522,0.0753,-0.0085
-1.9927,-1.3412,8.9286,-0.0777,0.0911,-0.0182
-2.1459,-1.3029,8.8137,-0.0983,0.1117,-0.0243
-2.1843,-1.4179,8.9286,-0.1166,0.1105,-0.0255
-2.2609,-1.5328,8.8137,-0.1202,0.1056,-0.0340
-2.2992,-1.6861,8.8137,-0.1287,0.1093,-0.0425
-2.2609,-1.9160,8.5838,-0.1360,0.1093,-0.0425
-2.2226,-2.0310,8.7370,-0.1287,0.1044,-0.0401
-2.2609,-2.1076,8.5454,-0.0911,0.0947,-0.0255
-2.1076,-2.1843,8.6221,-0.0704,0.0850,-0.0194
-2.1076,-2.0693,8.5454,-0.0607,0.0728,-0.0073
-2.1843,-2.1459,8.6604,-0.0498,0.0571,-0.0024
-2.0693,-2.1459,8.8137,-0.0376,0.0486,-0.0061
-1.9543,-2.0693,8.8137,-0.0279,0.0522,-0.0049
-1.9927,-1.8777,8.6221,-0.0279,0.0643,-0.0036
-1.9927,-1.8777,8.6987,-0.0255,0.0656,-0.0012
-2.0310,-1.8011,8.8137,-0.0219,0.0643,-0.0036
-1.9927,-1.8394,8.6987,-0.0182,0.0619,-0.0097
-1.9543,-1.9543,8.7370,-0.0061,0.0656,-0.0085
-1.8777,-1.8777,8.6987,0.0109,0.0777,-0.0061
-2.0693,-1.7244,8.7370,0.0231,0.0801,-0.0024
-2.1459,-1.5711,8.8137,0.0146,0.0765,-0.0061
-2.0693,-1.6861,8.7370,-0.0085,0.0765,-0.0109
-2.2609,-1.6478,8.8520,-0.0206,0.0789,-0.0158
-2.1076,-1.8011,8.8520,-0.0267,0.0777,-0.0182
-2.1076,-1.7244,8.6221,-0.0304,0.0692,-0.0219
-2.1843,-1.7627,8.8137,-0.0352,0.0631,-0.0182
-2.0310,-1.9160,8.6987,-0.0559,0.0631,-0.0121
-2.1076,-1.6861,8.6987,-0.0789,0.0595,-0.0073
-2.1076,-1.7244,8.7754,-0.1056,0.0437,-0.0049
-2.2226,-1.7627,8.6604,-0.1214,0.0255,-0.0024
-2.2609,-1.9160,8.6221,-0.1093,0.0170,0.0012
-1.9927,-2.0693,8.7754,-0.0765,0.0267,0.0012
-1.9160,-2.2609,8.6987,-0.0486,0.0510,0.0097
-1.8777,-2.3375,8.8903,-0.0182,0.0704,0.0134
-1.8394,-2.0693,8.7370,0.0049,0.0753,0.0121
-1.8011,-1.8394,8.8520,0.0036,0.0826,0.0024
-1.8011,-1.8011,8.8137,-0.0170,0.0911,-0.0121
-1.8011,-1.8777,8.7370,-0.0352,0.0971,-0.0121
-1.8777,-1.9160,8.6987,-0.0376,0.0996,-0.0109
-1.9160,-1.9543,8.8137,-0.0328,0.0971,-0.0073
-1.9927,-2.1076,8.7754,-0.0267,0.1008,-0.0024
-2.1459,-2.0310,8.6987,-0.0170,0.1093,0.0012
-2.1076,-1.9160,8.7754,-0.0182,0.1044,0.0036
-2.1843,-1.8777,8.7370,-0.0316,0.0959,0.0024
-2.2226,-1.8011,8.8520,-0.0461,0.0935,0.0036
-2.2992,-1.9160,8.7370,-0.0619,0.0923,0.0024
-2.2226,-1.9160,8.9286,-0.0680,0.0862,0.0036
-2.2609,-2.0693,8.6221,-0.0656,0.0826,0.0000
-2.2609,-1.9543,8.5454,-0.0704,0.0826,-0.0012
-2.1076,-2.1076,8.6987,-0.0765,0.0838,0.0061
-2.1459,-1.9543,8.6221,-0.0801,0.0801,0.0097
-2.1459,-1.9927,8.6604,-0.0898,0.0680,0.0085
-2.1076,-1.9927,8.6987,-0.0935,0.0607,0.0036
-2.0310,-2.3375,8.6221,-0.0813,0.0643,0.0012
-1.9927,-2.1843,8.6604,-0.0583,0.0716,0.0012
-1.9543,-2.1843,8.7370,-0.0461,0.0716,0.0000
-1.9543,-2.0310,8.6987,-0.0461,0.0826,0.0012
-1.9543,-2.0693,8.6604,-0.0389,0.0838,0.0012
-1.9543,-2.1076,8.5454,-0.0267,0.0838,-0.0012
-2.0310,-2.2609,8.6604,-0.0243,0.0862,-0.0061
-1.9927,-2.3375,8.6604,-0.0012,0.0874,-0.0049
-2.1076,-2.0693,8.6221,0.0243,0.0850,-0.0024
-2.0693,-2.1076,8.6987,0.0449,0.0789,0.0024
-2.0310,-2.1459,8.5838,0.0498,0.0692,-0.0012
-2.2226,-1.9927,8.7370,0.0546,0.0619,-0.0061
-2.2226,-1.9927,8.7754,0.0474,0.0656,-0.0049
-2.1459,-2.1076,8.6604,0.0316,0.0704,-0.0036

