-.-.-
9.0436,-2.7591,2.4908,-0.0291,0.0534,0.0049
8.9286,-2.6824,2.5675,-0.0340,0.0498,0.0061
9.0436,-2.9507,2.4908,-0.0291,0.0474,0.0073
8.9670,-2.7974,2.7591,-0.0243,0.0437,0.0097
8.9670,-2.8357,2.6058,-0.0243,0.0449,0.0121
8.9670,-2.7974,2.3375,-0.0121,0.0486,0.0085
8.9286,-2.8357,2.5291,-0.0146,0.0498,0.0061
8.9670,-2.7207,2.4142,-0.0267,0.0389,0.0097
9.0436,-2.7591,2.3759,-0.0267,0.0486,0.0061
9.0436,-2.7974,2.4908,-0.0194,0.0619,0.0012
8.9670,-2.8357,2.5291,-0.0194,0.0619,0.0000
9.0053,-2.7591,2.4908,-0.0267,0.0546,0.0061
9.0436,-2.8740,2.4142,-0.0279,0.0474,0.0097
8.9286,-2.7974,2.6441,-0.0255,0.0498,0.0109
9.0053,-2.7207,2.4525,-0.0231,0.0595,0.0109
9.0053,-2.8740,2.3375,-0.0243,0.0668,0.0121
9.0436,-2.7591,2.6441,-0.0304,0.0680,0.0085
9.1202,-2.8357,2.4142,-0.0364,0.0607,0.0061
8.9670,-2.7974,2.4142,-0.0304,0.0522,0.0036
9.0436,-2.9507,2.4525,-0.0340,0.0461,0.0024
8.9286,-2.8357,2.5675,-0.0389,0.0413,0.0061
9.0436,-2.8740,2.2609,-0.0413,0.0376,0.0049
8.9670,-2.9123,2.2992,-0.0376,0.0437,0.0036
9.0819,-2.9890,2.3759,-0.0340,0.0498,0.0049
8.8903,-2.7974,2.3759,-0.0352,0.0486,0.0061
8.9670,-2.8740,2.3375,-0.0316,0.0449,0.0085
9.1586,-2.8740,2.4142,-0.0231,0.0498,0.0085
8.9670,-2.9123,2.3759,-0.0158,0.0522,0.0097
9.0436,-2.8740,2.2226,-0.0134,0.0559,0.0049
9.1202,-2.9123,2.4142,-0.0109,0.0631,0.0061
8.9286,-2.8357,2.4525,-0.0085,0.0680,0.0036
9.0053,-2.8740,2.2992,-0.0097,0.0668,0.0061
9.0053,-2.7974,2.2609,-0.0121,0.0716,0.0049
9.0436,-2.7974,2.1843,-0.0073,0.0838,-0.0036
8.9670,-2.7591,2.2609,-0.0061,0.0923,-0.0085
8.9670,-2.7591,2.4525,-0.0097,0.1020,-0.0073
8.8903,-2.8357,2.4908,-0.0134,0.1056,-0.0085
9.0053,-3.0656,2.3375,-0.0109,0.0971,-0.0073
8.9670,-2.9123,2.2992,-0.0206,0.0959,-0.0109
8.8520,-2.6824,2.3375,-0.0182,0.0935,-0.0121
8.8903,-2.8357,2.3375,-0.0061,0.0850,-0.0109
9.0436,-2.8740,2.3759,-0.0158,0.0862,-0.0121
8.8903,-2.8357,2.2609,-0.0304,0.0862,-0.0146
9.0436,-2.7591,2.4142,-0.0243,0.0826,-0.0134
9.1586,-2.8357,2.2609,-0.0170,0.0874,-0.0170
9.1202,-2.8740,2.3375,-0.0194,0.0947,-0.0182
8.9286,-2.7207,2.3759,-0.0158,0.0947,-0.0146
9.0053,-2.7207,2.2609,-0.0097,0.0898,-0.0109
9.0053,-2.9123,2.4525,-0.0061,0.0911,-0.0049
9.0436,-2.7974,2.2992,-0.0049,0.0971,-0.0061
9.0819,-2.7591,2.4142,-0.0036,0.1008,-0.0061
8.8520,-2.7207,2.2609,-0.0036,0.1032,-0.0085
9.1586,-2.9123,2.3375,-0.0085,0.1081,-0.0109
9.0053,-2.7974,2.3375,-0.0061,0.1056,-0.0121
9.0436,-2.9123,2.2992,-0.0049,0.1081,-0.0146
9.0819,-2.8740,2.4142,-0.0170,0.1117,-0.0170
8.9670,-2.7974,2.4525,-0.0206,0.1081,-0.0182
9.0053,-2.7974,2.3375,-0.0158,0.1068,-0.0170
8.9670,-2.7974,2.4525,-0.0146,0.1105,-0.0158
9.0819,-2.8740,2.3759,-0.0194,0.1117,-0.0146
8.8903,-2.7207,2.4908,-0.0170,0.1056,-0.0121
9.0053,-2.8740,2.3375,-0.0121,0.0959,-0.0061
9.1202,-2.9123,2.5675,-0.0146,0.0935,-0.0061
8.9670,-2.7974,2.4525,-0.0206,0.0886,-0.0085
9.0436,-2.8740,2.3759,-0.0134,0.0826,-0.0097
9.0819,-2.9123,2.6058,-0.0097,0.0789,-0.0073
8.9670,-2.7591,2.2609,-0.0109,0.0813,-0.0061
9.0053,-2.8740,2.4908,-0.0134,0.0911,-0.0097
8.9670,-2.7207,2.4908,-0.0121,0.0959,-0.0109
9.0436,-2.7591,2.4142,-0.0146,0.0947,-0.0097
9.0053,-2.7591,2.5291,-0.0194,0.0971,-0.0097
8.9670,-2.8740,2.3375,-0.0267,0.0947,-0.0109
8.8520,-2.7207,2.4142,-0.0121,0.0838,-0.0073
9.0053,-2.8740,2.5675,-0.0219,0.0862,-0.0073
8.9286,-2.7974,2.4525,-0.0146,0.0923,-0.0073
9.1202,-2.8357,2.3759,0.0036,0.0898,-0.0049
8.9670,-2.9123,2.4142,-0.0049,0.0886,-0.0097
8.8903,-2.9507,2.4525,-0.0121,0.0826,-0.0085
9.1202,-2.7591,2.3759,-0.0109,0.0923,-0.0109
9.0819,-2.7591,2.3375,-0.0061,0.1044,-0.0134
9.0819,-2.7591,2.3759,-0.0061,0.1105,-0.0146
9.0053,-2.7974,2.4525,-0.0049,0.1105,-0.0109
8.9286,-2.7591,2.6058,-0.0012,0.1044,-0.0085
9.0053,-2.6441,2.4142,0.0012,0.1020,-0.0085
9.0053,-2.6824,2.5291,-0.0024,0.1068,-0.0073
9.0819,-2.8357,2.4908,-0.0073,0.1081,-0.0073
9.0053,-2.8357,2.4525,-0.0036,0.1056,-0.0085
8.9286,-2.8357,2.6058,-0.0109,0.1020,-0.0097
9.0053,-2.7207,2.5675,-0.0134,0.1008,-0.0085
9.3118,-2.6441,2.5675,-0.0109,0.0983,-0.0073
8.9670,-2.9123,2.5291,-0.0146,0.0959,-0.0049
8.9670,-2.7207,2.5291,-0.0194,0.0996,-0.0073
8.9670,-2.6824,2.4908,-0.0194,0.1008,-0.0073
9.0053,-2.8740,2.4525,-0.0231,0.0947,-0.0097
8.9286,-2.7974,2.4908,-0.0279,0.0911,-0.0073
8.8903,-2.8740,2.6824,-0.0231,0.0826,-0.0085
8.9286,-2.8357,2.4908,-0.0158,0.0753,-0.0061
8.8903,-2.6824,2.4142,-0.0134,0.0741,-0.0061
9.0053,-2.8357,2.4525,-0.0146,0.0777,-0.0061
8.9670,-2.6824,2.4525,-0.0121,0.0801,-0.0049
9.0053,-2.7591,2.4908,-0.0097,0.0789,-0.0073
8.8903,-2.7591,2.2992,-0.0097,0.0850,-0.0073
8.8903,-2.8357,2.5675,-0.0109,0.0911,-0.0085
9.0053,-2.8357,2.4142,-0.0097,0.0959,-0.0085
9.0819,-2.6824,2.4142,-0.0085,0.0971,-0.0061
9.0436,-2.8357,2.5291,-0.0134,0.0983,-0.0073
9.0819,-2.7974,2.5675,-0.0109,0.0959,-0.0061
9.0436,-2.6824,2.6058,-0.0134,0.0996,-0.0049
8.8520,-2.7974,2.4142,-0.0097,0.0983,-0.0036
9.0053,-2.7591,2.4908,-0.0146,0.0971,-0.0061
8.9670,-2.7974,2.4525,-0.0158,0.0959,-0.0036
8.8520,-2.8357,2.6441,-0.0061,0.0874,-0.0024
9.0436,-2.7974,2.5291,-0.0170,0.0850,-0.0061
9.0436,-2.8357,2.5675,-0.0146,0.0862,-0.0073
9.0053,-2.7207,2.2992,0.0012,0.0850,-0.0073
8.9670,-2.8357,2.5675,-0.0024,0.0898,-0.0097
8.9670,-2.9123,2.6441,-0.0146,0.0874,-0.0109
9.1586,-2.7207,2.5291,-0.0219,0.0996,-0.0158
8.9670,-2.7974,2.5291,-0.0219,0.1081,-0.0243
9.0819,-2.7974,2.5675,-0.0219,0.1093,-0.0243
8.9670,-2.7207,2.5291,-0.0291,0.0983,-0.0219
8.9670,-2.7974,2.6441,-0.0413,0.0862,-0.0194
8.9286,-2.8357,2.6441,-0.0474,0.0862,-0.0243
8.9670,-2.7591,2.4525,-0.0291,0.0753,-0.0231
9.0436,-2.7974,2.5675,-0.0146,0.0789,-0.0194
9.1202,-2.8740,2.5291,-0.0061,0.0838,-0.0182
9.0819,-2.7591,2.4142,-0.0036,0.0935,-0.0170
9.1202,-2.7207,2.5675,-0.0036,0.0911,-0.0121

