-.-.-
-0.9197,-9.6950,0.3066,-0.0243,0.0753,-0.0097
-0.8047,-9.6950,0.1916,-0.0219,0.0789,-0.0073
-0.8430,-9.7334,0.1533,-0.0158,0.0777,-0.0085
-0.8430,-9.6567,0.1533,-0.0170,0.0741,-0.0097
-0.9580,-9.7334,0.2682,-0.0206,0.0741,-0.0109
-0.8814,-9.6567,0.1533,-0.0231,0.0753,-0.0134
-0.8430,-9.7717,0.3066,-0.0279,0.0753,-0.0109
-0.9580,-9.7334,0.3449,-0.0291,0.0765,-0.0097
-0.8430,-9.7334,0.2299,-0.0279,0.0741,-0.0109
-0.9197,-9.6567,0.2299,-0.0267,0.0777,-0.0121
-0.9580,-9.6567,0.1533,-0.0291,0.0753,-0.0134
-0.9580,-9.6950,0.0766,-0.0255,0.0753,-0.0134
-0.8814,-9.7334,0.3066,-0.0304,0.0753,-0.0073
-0.8814,-9.6950,0.0766,-0.0255,0.0753,-0.0061
-0.9197,-9.6950,0.3066,-0.0304,0.0777,-0.0121
-0.9197,-9.8100,0.1533,-0.0267,0.0801,-0.0134
-0.9580,-9.6184,0.0766,-0.0206,0.0765,-0.0121
-0.8814,-9.6950,0.1916,-0.0146,0.0765,-0.0109
-0.8814,-9.6950,0.3066,-0.0158,0.0728,-0.0097
-0.8047,-9.6950,0.1150,-0.0170,0.0765,-0.0073
-0.8430,-9.6567,0.1150,-0.0194,0.0777,-0.0085
-0.8047,-9.7334,0.1916,-0.0206,0.0765,-0.0097
-0.8047,-9.6950,0.1916,-0.0146,0.0777,-0.0097
-0.8430,-9.6950,0.2682,-0.0194,0.0765,-0.0134
-0.9197,-9.7717,0.1916,-0.0231,0.0741,-0.0146
-0.8814,-9.6950,0.0766,-0.0182,0.0741,-0.0097
-0.9580,-9.6567,0.0766,-0.0146,0.0741,-0.0109
-0.9197,-9.6184,0.2299,-0.0182,0.0765,-0.0134
-0.7664,-9.7717,0.2299,-0.0231,0.0765,-0.0182
-0.8814,-9.6567,0.2682,-0.0255,0.0765,-0.0158
-0.8047,-9.8100,0.3066,-0.0340,0.0765,-0.0182
-0.8047,-9.6567,0.1150,-0.0364,0.0777,-0.0231
-0.8814,-9.6950,0.2682,-0.0316,0.0789,-0.0206
-0.9580,-9.6950,0.0766,-0.0364,0.0801,-0.0182
-0.8430,-9.7334,0.1916,-0.0389,0.0789,-0.0219
-0.7281,-9.6567,0.2299,-0.0401,0.0765,-0.0255
-0.8814,-9.7334,0.2299,-0.0376,0.0801,-0.0255
-0.8814,-9.6184,0.1916,-0.0425,0.0765,-0.0267
-0.9580,-9.7717,0.2299,-0.0449,0.0801,-0.0279
-0.8814,-9.7334,0.1916,-0.0449,0.0777,-0.0279
-0.8814,-9.6950,0.0766,-0.0437,0.0765,-0.0304
-0.8047,-9.7717,0.1150,-0.0510,0.0741,-0.0340
-0.7664,-9.6567,0.1916,-0.0546,0.0728,-0.0328
-0.8814,-9.7334,-0.0766,-0.0571,0.0728,-0.0304
-0.7281,-9.6950,0.2682,-0.0559,0.0728,-0.0304
-0.6898,-9.7717,0.0766,-0.0534,0.0704,-0.0328
-0.7664,-9.6184,0.0766,-0.0461,0.0668,-0.0340
-0.6514,-9.8483,0.0766,-0.0461,0.0704,-0.0316
-0.7281,-9.7717,0.0383,-0.0546,0.0741,-0.0364
-0.8047,-9.7717,0.1150,-0.0546,0.0728,-0.0425
-0.6898,-9.7717,0.0000,-0.0546,0.0692,-0.0425
-0.7664,-9.6567,0.0766,-0.0571,0.0692,-0.0461
-1.0730,-9.5034,-0.7664,-0.0668,0.0680,-0.0461
-0.6514,-9.9250,0.1150,-0.0692,0.0680,-0.0474
-0.6131,-9.7717,0.0383,-0.0704,0.0437,-0.0474
-0.5748,-9.8483,-0.0766,-0.0789,0.0716,-0.0559
-0.7664,-9.6567,0.1916,-0.0680,0.0704,-0.0559
-0.7281,-9.6567,-0.1150,-0.0680,0.0643,-0.0546
-0.6514,-9.6184,-0.0383,-0.0801,0.0680,-0.0607
-0.5748,-9.7334,0.0383,-0.0947,0.0692,-0.0680
-0.4598,-9.7334,-0.0766,-0.0935,0.0340,-0.0656
-0.6514,-9.7717,-0.2299,-0.1044,0.0704,-0.0728
-0.4982,-9.8100,0.0000,-0.0996,0.0728,-0.0668
-0.5365,-9.6567,-0.1916,-0.0947,0.0753,-0.0753
-0.5365,-9.6567,-0.2682,-0.0971,0.0777,-0.0838
-0.5748,-9.6950,-0.0766,-0.0959,0.0789,-0.0826
-0.4598,-9.7717,-0.2682,-0.0996,0.0656,-0.0862
-0.4215,-9.7717,-0.2682,-0.1081,0.0267,-0.0765
-0.4598,-9.7334,-0.3066,-0.1166,0.0753,-0.0789
-0.4215,-9.7334,-0.2682,-0.1202,0.0789,-0.0971
-0.4215,-9.7717,-0.3449,-0.1202,0.0789,-0.0935
-0.4598,-9.8100,-0.1533,-0.1093,0.0789,-0.0898
-0.4215,-9.7334,-0.1916,-0.1226,0.0741,-0.0935
-0.4982,-9.7717,-0.2299,-0.1408,0.0316,-0.0801
-0.4215,-9.8100,-0.4215,-0.1627,0.0741,-0.1153
-0.4598,-9.8866,-0.2682,-0.1360,0.0753,-0.1068
-0.4598,-9.7717,-0.4215,-0.1299,0.0789,-0.1093
-0.4215,-9.6950,-0.3449,-0.1408,0.0801,-0.1287
-0.4215,-9.6184,-0.4215,-0.1433,0.0801,-0.1336
-0.1150,-9.8866,-0.5748,-0.1457,0.0231,-0.1129
-0.3449,-9.8483,-0.5748,-0.1384,0.0850,-0.1311
-0.4598,-9.8100,-0.5365,-0.1190,0.0789,-0.1275
-0.3449,-9.8100,-0.4215,-0.1251,0.0680,-0.1445
-0.2682,-9.8866,-0.4598,-0.1311,0.0619,-0.1578
-0.3066,-9.6184,-0.4215,-0.1433,0.0643,-0.1773
-0.1916,-9.8100,-0.3832,-0.1591,0.0643,-0.1967
-0.1150,-9.7334,-0.5748,-0.1797,0.0692,-0.2210
-0.1916,-9.7717,-0.6131,-0.1955,0.0728,-0.2295
-0.1150,-9.7717,-0.7664,-0.2040,0.0692,-0.2295
-0.0766,-9.8100,-0.6898,-0.2125,0.0643,-0.2258
-0.0766,-9.8483,-0.7281,-0.2234,0.0643,-0.2331
0.1150,-9.8100,-0.8430,-0.2210,0.0668,-0.2307
0.1533,-9.8483,-0.8430,-0.2125,0.0486,-0.2513
0.1150,-9.7717,-0.7664,-0.2258,0.0461,-0.2501
0.1150,-9.6567,-0.8814,-0.2453,0.0401,-0.2768
0.4598,-9.7717,-0.9197,-0.2683,-0.0279,-0.2574
0.2299,-9.8100,-0.9963,-0.2756,0.0559,-0.3047
0.2682,-9.6950,-0.8814,-0.2695,0.0571,-0.3096
0.4598,-9.6950,-0.9963,-0.2853,0.0619,-0.2878
0.3832,-9.6567,-1.2646,-0.3011,0.0559,-0.3193
0.4982,-9.6184,-1.3412,-0.3290,0.0449,-0.3375
0.6898,-9.6567,-1.3412,-0.3533,0.0389,-0.3594
0.9197,-9.5801,-1.5711,-0.3812,-0.0194,-0.3557
0.8430,-9.5418,-1.3412,-0.4225,0.0352,-0.3995
1.0346,-9.6567,-1.4179,-0.4444,0.0389,-0.3970
0.8814,-9.6950,-1.4562,-0.4529,0.0461,-0.3837
1.0346,-9.7717,-1.7244,-0.4553,0.0425,-0.4237
1.2646,-9.6567,-1.7244,-0.4565,0.0352,-0.4456
1.1879,-9.6184,-1.8777,-0.4638,0.0340,-0.4541
1.1879,-9.4268,-1.9543,-0.4917,0.0134,-0.4917
1.4945,-9.4268,-2.0693,-0.5294,-0.0364,-0.4674
1.3412,-9.4651,-2.1076,-0.5840,-0.0024,-0.5342
1.8777,-9.3118,-2.4142,-0.5998,-0.0911,-0.4844
1.5711,-9.4651,-2.3375,-0.6569,-0.0437,-0.5464
1.6478,-9.4268,-2.4525,-0.6823,-0.0340,-0.5828
1.9160,-9.1586,-2.5675,-0.6957,-0.0704,-0.5391
1.9543,-9.3885,-2.7207,-0.7297,-0.0680,-0.6229
1.9543,-9.3502,-2.7974,-0.7503,-0.0668,-0.6119
2.1459,-9.1969,-2.7974,-0.8123,-0.0983,-0.6666
2.1459,-9.0819,-3.0273,-0.8293,-0.0923,-0.6605
2.2226,-9.1969,-3.2572,-0.8438,-0.1263,-0.6908
2.2992,-9.0819,-3.4871,-0.8171,-0.1506,-0.7309
2.2609,-8.8903,-3.6021,-0.8232,-0.1493,-0.7382
2.6824,-8.8520,-3.5255,-0.8305,-0.1469,-0.7309
2.8740,-8.6604,-3.8320,-0.8305,-0.1554,-0.7431
2.9123,-8.5071,-3.9470,-0.8851,-0.1785,-0.7443
2.7591,-8.5071,-4.1769,-0.9373,-0.1979,-0.7807
2.9123,-8.8137,-4.4452,-1.0272,-0.2137,-0.7940

