-.-.-
-6.8593,6.0546,-1.1113,-0.7916,-1.4558,-0.4128
-9.1202,5.1732,2.2992,-1.1316,-1.3890,-0.5282
-11.2662,2.9890,4.2536,-0.6216,-1.6403,-0.3849
-10.9213,1.6095,2.4142,-0.2817,-1.6039,-0.3545
-10.4614,1.7627,2.8740,-0.2319,-1.0782,-0.5901
-11.8410,0.9580,5.4415,0.0498,-0.2671,-0.8463
-12.9139,0.8047,7.5874,0.8378,0.5427,-0.9373
-12.1859,0.8814,4.6751,1.4327,1.2724,-0.6811
-10.5764,1.8777,1.9543,1.6561,1.5832,-0.6350
-8.8903,1.9927,1.1113,1.5128,1.7192,-0.5148
-8.0856,2.2609,1.2646,1.4133,1.5662,-0.5318
-8.1622,2.4142,0.6131,1.0867,1.2190,-0.5901
-8.3155,2.1076,-0.4598,0.3740,0.8572,-0.5840
-8.6221,1.4562,-0.7281,-0.2865,0.5439,-0.5998
-9.3885,0.3066,-0.8814,-0.6435,0.2319,-0.5609
-9.8100,-0.7664,-0.5365,-0.5864,0.0741,-0.4262
-10.3848,-1.2263,-0.9197,-0.3764,0.0607,-0.2732
-10.6530,-1.6861,-0.8430,-0.2222,0.1603,-0.1299
-10.6914,-2.0310,-0.9963,-0.1918,0.3145,-0.0510
-11.1895,-2.1076,-1.1113,-0.2562,0.4116,0.0158
-11.2279,-1.9543,-1.0730,-0.3278,0.4602,0.0983
-10.8063,-1.7244,-0.8814,-0.3958,0.4529,0.1311
-10.3465,-1.3029,-0.9197,-0.3861,0.4007,0.0886
-9.9250,-0.7281,-0.9580,-0.3594,0.2938,-0.0085
-9.3118,-0.9580,-1.3029,-0.5694,0.1396,-0.1190
-9.5418,-1.5328,-0.3832,-0.7163,0.0352,-0.1700
-10.2315,-1.3029,-0.4598,-0.6204,-0.0085,-0.1408
-10.4998,-1.2646,-0.4982,-0.5779,0.0206,-0.0765
-10.4614,-1.1113,-0.7664,-0.5646,0.0777,0.0109
-10.1166,-1.2263,-1.3029,-0.5002,0.1032,0.0789
-9.5418,-1.3412,-1.3029,-0.4517,0.0571,0.1032
-9.3118,-1.3412,-0.9580,-0.3205,-0.0425,0.0838
-9.2735,-1.1496,-0.7281,-0.1979,-0.1591,0.0328
-9.6184,-0.8814,-0.2682,-0.1081,-0.2161,0.0036
-10.0016,-0.8814,-0.3449,-0.0401,-0.2015,0.0000
-10.0782,-0.9197,-0.4598,-0.0024,-0.1481,0.0085
-10.1932,-0.8047,-0.6131,0.0279,-0.1020,0.0085
-10.1549,-0.8814,-0.4598,0.0741,-0.0668,-0.0036
-10.2698,-0.6898,-0.3832,0.1506,-0.0437,-0.0219
-10.3848,-0.9197,-0.3832,0.2562,-0.0121,-0.0255
-10.4998,-0.6131,-0.4598,0.3667,0.0316,-0.0085
-10.4231,-0.3832,-0.5365,0.3970,0.0898,-0.0012
-10.1932,0.0000,-0.6131,0.3812,0.1190,-0.0109
-9.8483,-0.0766,-0.7664,0.3351,0.1056,-0.0182
-9.8100,0.0000,-0.5748,0.2623,0.0728,-0.0389
-9.6567,-0.0383,-0.6898,0.1870,0.0049,-0.0486
-9.6184,0.0000,-0.6131,0.0862,-0.0692,-0.0510
-9.8483,-0.0383,-0.8430,-0.0267,-0.1275,-0.0437
-10.0782,-0.4215,-0.5365,-0.1202,-0.1603,-0.0413
-10.0399,-0.5365,-0.3832,-0.1651,-0.1591,-0.0376
-10.0782,-0.5365,-0.4598,-0.1724,-0.1421,-0.0352
-9.9250,-0.6898,-0.2299,-0.1651,-0.1214,-0.0304
-9.9250,-0.6131,-0.1150,-0.1603,-0.1008,-0.0279
-9.8483,-0.6131,-0.0383,-0.1518,-0.0765,-0.0267
-9.7717,-0.7281,0.0383,-0.1457,-0.0510,-0.0255
-9.8100,-0.7281,-0.0766,-0.1421,-0.0219,-0.0231
-9.9633,-0.6898,0.0766,-0.1360,0.0109,-0.0219
-9.5801,-0.6898,0.1533,-0.1360,0.0352,-0.0146
-9.7717,-0.8047,-0.0383,-0.1336,0.0595,-0.0049
-9.6950,-0.8430,-0.2299,-0.1202,0.0765,0.0036
-9.9250,-0.8814,-0.3066,-0.0959,0.0923,0.0109
-9.9250,-0.8047,-0.0766,-0.0777,0.1020,0.0170
-10.1932,-0.6514,-0.4215,-0.0692,0.1093,0.0194
-10.1549,-0.6898,-0.4598,-0.0728,0.1056,0.0231
-10.0782,-0.5748,-0.4598,-0.0801,0.0923,0.0255
-10.0399,-0.6514,-0.4598,-0.0813,0.0765,0.0255
-10.0782,-0.6514,-0.6131,-0.0741,0.0643,0.0231
-10.0399,-0.6131,-0.4982,-0.0680,0.0534,0.0243
-10.0016,-0.6514,-0.4982,-0.0656,0.0376,0.0243
-9.8866,-0.6898,-0.5748,-0.0559,0.0170,0.0206
-10.0016,-0.5748,-0.6898,-0.0437,-0.0024,0.0134
-10.0399,-0.6131,-0.4982,-0.0304,-0.0170,0.0049
-10.0016,-0.5365,-0.4598,-0.0255,-0.0279,-0.0073
-9.9633,-0.5365,-0.4215,-0.0267,-0.0352,-0.0146
-10.0782,-0.4598,-0.3066,-0.0291,-0.0401,-0.0194
-9.8866,-0.5748,-0.3449,-0.0316,-0.0425,-0.0267
-9.9250,-0.4982,-0.4215,-0.0328,-0.0474,-0.0291
-9.8866,-0.5365,-0.3066,-0.0352,-0.0498,-0.0279
-9.9250,-0.5748,-0.3832,-0.0389,-0.0498,-0.0255
-9.9633,-0.6514,-0.1533,-0.0474,-0.0437,-0.0267
-9.9250,-0.7664,-0.2682,-0.0559,-0.0340,-0.0243
-9.9633,-0.6514,-0.2682,-0.0631,-0.0255,-0.0170
-10.0399,-0.6898,-0.3832,-0.0631,-0.0170,-0.0134
-9.9250,-0.6898,-0.1533,-0.0668,-0.0073,-0.0073
-9.8483,-0.6514,-0.1533,-0.0716,-0.0012,-0.0024
-9.9633,-0.5365,-0.1916,-0.0716,0.0049,0.0000
-9.9250,-0.6898,-0.0383,-0.0680,0.0170,0.0024
-10.0016,-0.5748,-0.1150,-0.0668,0.0194,0.0024
-9.8866,-0.7664,-0.1533,-0.0656,0.0255,0.0061
-9.8483,-0.6131,-0.2299,-0.0656,0.0291,0.0036
-10.0016,-0.6514,-0.1150,-0.0643,0.0316,0.0061
-9.8866,-0.6131,-0.2682,-0.0656,0.0328,0.0049
-9.9250,-0.6514,-0.4598,-0.0631,0.0316,0.0061
-10.1166,-0.6514,-0.5748,-0.0559,0.0279,0.0012
-10.0782,-0.5365,-0.3449,-0.0449,0.0219,-0.0024
-9.9633,-0.6898,-0.3066,-0.0486,0.0109,-0.0049
-9.8483,-0.7281,-0.3832,-0.0510,-0.0024,-0.0061
-10.0399,-0.6131,-0.2682,-0.0534,-0.0121,-0.0061
-10.0399,-0.6514,-0.4598,-0.0583,-0.0134,-0.0097
-9.9250,-0.6131,-0.1916,-0.0595,-0.0097,-0.0085
-9.9633,-0.6514,-0.1916,-0.0595,-0.0073,-0.0049
-9.9250,-0.6514,-0.1916,-0.0510,-0.0061,-0.0049
-9.9250,-0.6898,-0.2682,-0.0425,-0.0109,-0.0085
-9.9250,-0.6514,-0.2299,-0.0401,-0.0121,-0.0085
-10.0016,-0.5748,-0.1533,-0.0413,-0.0097,-0.0109
-9.8866,-0.6131,-0.1916,-0.0461,-0.0036,-0.0097
-9.8866,-0.5748,-0.2299,-0.0461,0.0000,-0.0097
-9.9633,-0.5365,-0.1533,-0.0461,0.0061,-0.0085
-9.8866,-0.6898,-0.1150,-0.0461,0.0085,-0.0061
-9.8483,-0.7281,-0.1533,-0.0486,0.0109,-0.0036
-9.8866,-0.7281,-0.1533,-0.0498,0.0146,-0.0012
-9.8866,-0.7281,-0.1916,-0.0534,0.0158,-0.0012
-9.8483,-0.7664,-0.1533,-0.0619,0.0194,-0.0024
-9.8866,-0.7281,-0.1916,-0.0656,0.0194,-0.0024
-9.9250,-0.7664,-0.1150,-0.0656,0.0206,-0.0012
-9.8483,-0.5365,-0.1533,-0.0668,0.0194,0.0000
-10.0782,-0.5365,-0.1533,-0.0656,0.0170,-0.0012
-9.8866,-0.6131,-0.1150,-0.0656,0.0170,-0.0024
-9.8866,-0.6514,-0.0766,-0.0607,0.0158,-0.0036
-9.9633,-0.5748,-0.2299,-0.0559,0.0170,-0.0049
-9.8866,-0.5748,-0.0766,-0.0559,0.0146,-0.0061
-10.0399,-0.5748,-0.0383,-0.0546,0.0134,-0.0085
-9.8483,-0.6131,-0.3066,-0.0522,0.0134,-0.0085
-9.8866,-0.7664,-0.2299,-0.0546,0.0121,-0.0085
-9.7717,-0.6514,0.0000,-0.0571,0.0109,-0.0061
-9.9633,-0.6131,-0.1533,-0.0583,0.0097,-0.0049
-9.9250,-0.6131,-0.2299,-0.0546,0.0073,-0.0073
-9.8100,-0.6131,-0.1916,-0.0461,0.0085,-0.0061

