-.-.-
1.6861,-6.6294,6.4761,-0.0389,0.0583,-0.0109
1.8777,-6.7061,6.6294,-0.0316,0.0583,-0.0073
1.7627,-6.5528,6.5145,-0.0364,0.0595,-0.0073
1.8394,-6.7444,6.4761,-0.0328,0.0631,-0.0024
1.8394,-6.7827,6.5528,-0.0109,0.0656,-0.0049
1.7244,-6.7061,6.4761,-0.0097,0.0692,-0.0073
1.8011,-6.7061,6.6677,-0.0170,0.0716,-0.0073
1.9160,-6.5145,6.5145,-0.0243,0.0692,-0.0049
2.0310,-6.3995,6.4761,-0.0243,0.0656,-0.0012
1.5328,-6.7827,6.1696,-0.0206,0.0680,0.0000
1.7627,-6.7061,6.7061,-0.0206,0.0704,-0.0024
1.7627,-6.5528,6.5911,-0.0279,0.0741,-0.0036
1.7627,-6.5911,6.3612,-0.0255,0.0753,-0.0012
1.8011,-6.7827,6.3995,-0.0134,0.0728,-0.0024
1.5328,-6.4378,6.3229,-0.0073,0.0704,-0.0012
1.8394,-6.7444,6.3612,-0.0012,0.0741,0.0012
1.6478,-6.7444,6.6294,0.0000,0.0777,0.0000
1.7244,-6.7061,6.4761,0.0036,0.0777,-0.0012
1.8394,-6.7444,6.6677,0.0049,0.0777,-0.0024
1.6861,-6.7444,6.3612,0.0024,0.0789,-0.0024
1.7244,-6.7444,6.6294,0.0097,0.0765,-0.0036
1.9160,-6.5145,6.3995,0.0109,0.0765,-0.0024
1.7627,-6.8210,6.7061,0.0024,0.0741,-0.0024
1.7627,-6.7061,6.3612,0.0085,0.0789,-0.0061
1.7244,-6.4761,6.5911,0.0134,0.0801,-0.0049
1.6095,-6.5911,6.3612,0.0134,0.0801,-0.0061
2.1843,-6.4761,6.9360,0.0024,0.0801,-0.0024
1.7244,-6.6677,6.6294,-0.0012,0.0838,-0.0036
1.8777,-6.6677,6.7444,0.0036,0.0838,-0.0036
1.8011,-6.6677,6.5145,0.0036,0.0801,-0.0024
1.7244,-6.6294,6.7061,0.0061,0.0765,-0.0061
1.8777,-6.7061,6.2079,0.0012,0.0789,-0.0049
1.4179,-6.6294,6.0163,0.0012,0.0789,-0.0049
1.9160,-6.5528,6.5528,-0.0024,0.0765,0.0000
1.7244,-6.5145,6.4378,-0.0036,0.0789,0.0073
1.6095,-6.5528,6.6294,-0.0073,0.0801,0.0121
1.8011,-6.5145,6.5528,-0.0146,0.0765,0.0121
1.6861,-6.8977,7.2042,-0.0170,0.0668,0.0036
1.3795,-6.7061,6.1696,0.0024,0.0692,-0.0073
1.8777,-6.5911,7.0126,0.0049,0.0716,-0.0182
1.8011,-6.7444,6.1696,0.0036,0.0777,-0.0182
1.7244,-6.6294,6.6294,0.0012,0.0813,-0.0097
1.6095,-6.6294,6.3995,0.0000,0.0813,0.0012
1.7244,-6.5528,6.6677,-0.0012,0.0826,0.0061
1.8777,-6.6294,6.7061,-0.0061,0.0789,0.0049
1.7627,-6.5911,6.6677,-0.0097,0.0741,-0.0012
1.7627,-6.5911,6.5911,-0.0134,0.0704,-0.0085
1.6861,-6.5528,6.5528,-0.0146,0.0692,-0.0134
1.6861,-6.5911,6.6294,-0.0158,0.0704,-0.0121
1.7627,-6.7061,6.5145,-0.0146,0.0728,-0.0073
1.5711,-6.5911,6.8593,-0.0061,0.0777,0.0000
1.9160,-6.2845,6.7061,-0.0061,0.0789,0.0049
1.9543,-6.1696,7.1659,-0.0073,0.0765,0.0061
1.7627,-6.2845,6.4761,-0.0134,0.0741,0.0049
1.7244,-6.7444,6.4378,-0.0206,0.0704,-0.0012
1.6861,-6.5911,6.5911,-0.0073,0.0680,-0.0061
1.4945,-6.4761,6.3995,-0.0073,0.0656,-0.0085
1.6478,-6.4761,6.5911,-0.0158,0.0728,-0.0036
1.4179,-6.7444,6.4378,-0.0134,0.0789,-0.0012
2.1076,-6.2845,6.9743,-0.0073,0.0728,0.0024
1.8394,-6.1313,6.9360,-0.0243,0.0765,-0.0024
1.7244,-6.7827,6.6294,-0.0267,0.0753,-0.0073
1.9543,-6.8210,6.7061,-0.0219,0.0716,-0.0061
1.7244,-6.3995,6.7444,-0.0109,0.0728,0.0012
1.8394,-6.5911,6.5528,-0.0109,0.0728,0.0049
1.7244,-6.5145,6.8210,-0.0134,0.0692,0.0036
1.6861,-6.5528,6.6677,-0.0121,0.0704,-0.0024
1.6478,-6.7061,6.7827,-0.0109,0.0704,-0.0085
1.6478,-6.5528,6.5528,-0.0036,0.0656,-0.0085
1.6478,-6.5145,6.6677,0.0024,0.0656,-0.0085
1.6861,-6.5528,6.5145,0.0049,0.0692,-0.0097
1.8394,-6.8210,6.4378,0.0049,0.0777,-0.0073
1.6861,-6.4378,6.6677,-0.0012,0.0765,-0.0049
1.5711,-6.4378,6.7061,-0.0097,0.0704,-0.0012
1.7627,-6.4378,6.6294,-0.0134,0.0692,-0.0024
1.8011,-6.4378,6.5911,-0.0182,0.0680,-0.0036
1.5711,-6.5145,6.6677,-0.0206,0.0704,-0.0036
1.7244,-6.5528,6.5145,-0.0170,0.0692,-0.0049
1.7627,-6.4378,6.6677,-0.0146,0.0680,-0.0061
1.6861,-6.5145,6.6677,-0.0134,0.0716,-0.0036
1.7244,-6.5528,6.6294,-0.0134,0.0716,-0.0024
1.7627,-6.5528,6.6294,-0.0085,0.0716,-0.0036
1.7244,-6.6294,6.5911,-0.0024,0.0716,-0.0012
1.6861,-6.5528,6.6294,-0.0036,0.0704,0.0000
1.8394,-6.5528,6.5911,-0.0036,0.0728,0.0024
1.8011,-6.5911,6.6294,0.0049,0.0753,0.0049
1.8011,-6.4378,6.4761,0.0206,0.0741,0.0097
1.8011,-6.4378,6.6294,0.0352,0.0741,0.0121
1.5711,-6.5528,6.6294,0.0643,0.0813,0.0024
1.6095,-6.5528,6.5911,0.1008,0.0947,-0.0134
1.6861,-6.3612,6.6294,0.0911,0.1008,-0.0231
1.6095,-6.3612,6.7827,0.0559,0.0947,-0.0243
1.6861,-6.4378,6.8593,0.0401,0.0874,-0.0206
1.7244,-6.2845,6.9360,0.0036,0.0850,-0.0109
1.7244,-6.1313,6.9360,-0.0291,0.0777,0.0012
1.8394,-6.3612,6.7827,-0.0619,0.0692,0.0073
1.8011,-6.3995,6.7444,-0.0826,0.0631,0.0073
1.8011,-6.4378,6.5911,-0.0838,0.0631,0.0036
1.6095,-6.4761,6.6294,-0.0801,0.0668,0.0036
1.6861,-6.5145,6.5528,-0.0692,0.0680,0.0000
1.6095,-6.7061,6.5528,-0.0389,0.0692,-0.0036
1.5711,-6.6294,6.5528,-0.0109,0.0728,0.0012
1.6478,-6.4761,6.7061,0.0000,0.0692,0.0061
1.7627,-6.4761,6.7061,-0.0012,0.0704,0.0085
1.6861,-6.5528,6.7061,-0.0061,0.0777,0.0061
1.4945,-6.4378,6.8210,-0.0097,0.0765,0.0049
1.6861,-6.5145,6.5528,0.0024,0.0692,0.0012
1.6478,-6.3229,6.7061,-0.0061,0.0668,-0.0012
1.5711,-6.3995,6.9360,-0.0097,0.0741,0.0000
1.6478,-6.4378,6.7061,-0.0158,0.0728,0.0012
1.6095,-6.3995,6.7827,-0.0206,0.0680,-0.0024
1.5328,-6.3229,6.7061,-0.0206,0.0680,-0.0024
1.7627,-6.4761,6.7061,-0.0267,0.0680,-0.0049
1.6861,-6.3995,6.7444,-0.0352,0.0668,-0.0061
1.6478,-6.5145,6.5528,-0.0352,0.0668,-0.0061
1.6478,-6.7061,6.6677,-0.0243,0.0668,-0.0049
1.6861,-6.5528,6.5528,-0.0158,0.0668,-0.0061
1.6095,-6.4761,6.6677,-0.0146,0.0680,-0.0036
1.5711,-6.4761,6.6677,-0.0109,0.0680,-0.0049
1.6861,-6.4761,6.5528,-0.0097,0.0643,-0.0049
1.6478,-6.4761,6.7061,-0.0146,0.0668,-0.0024
1.6861,-6.3995,6.7061,-0.0134,0.0704,-0.0036
1.7244,-6.4378,6.7444,-0.0109,0.0680,-0.0036
1.7244,-6.5145,6.5911,-0.0206,0.0668,-0.0012
1.6095,-6.4761,6.6677,-0.0316,0.0704,0.0000
1.8011,-6.4761,6.5528,-0.0316,0.0692,0.0000
1.6861,-6.6294,6.6294,-0.0267,0.0668,0.0012
1.6095,-6.5911,6.6294,-0.0219,0.0668,-0.0024

