-.-.-
5.0583,-0.4215,6.2462,0.4832,0.3290,0.8098
5.4415,0.8814,6.5145,0.1214,0.2210,0.6314
5.4415,1.5328,4.5984,-0.3217,0.3108,0.5075
5.4798,2.9890,4.2919,-0.3788,0.3740,0.3679
9.6950,3.4488,5.9013,-0.5937,0.4444,0.2744
10.3465,2.4525,6.0546,-0.8256,0.4747,0.3509
10.5381,1.1113,6.4378,-0.7758,0.3594,0.3873
10.6530,0.1533,6.8593,-0.5658,0.5354,0.2331
5.0583,-1.6861,6.6294,-0.4662,0.7698,0.2659
4.9050,-4.2919,7.9706,-0.2416,0.6532,-0.0425
5.6331,-5.2116,8.5838,-0.2404,0.9288,-0.3618
5.6331,-5.9780,7.8173,-0.5500,0.7018,-0.5925
5.6714,-4.9050,7.0893,-0.5014,0.3363,-0.5051
5.6331,-3.8704,7.2042,-0.3897,0.1773,-0.2890
4.7134,-3.6787,7.1276,-0.4444,0.2161,-0.1396
4.4068,-3.5255,7.1659,-0.3618,0.2574,-0.0522
4.9050,-3.8704,6.5911,-0.1493,0.1955,0.0219
5.5948,-4.0620,5.9780,-0.0522,0.0741,0.1008
5.9396,-4.4068,6.0546,-0.1129,0.0134,0.1251
5.8247,-4.8284,6.2079,-0.1081,0.0401,0.0704
6.3612,-4.7134,6.4378,-0.0692,0.0850,0.0680
6.5911,-4.1769,6.3229,0.0000,0.0546,0.0789
6.4378,-3.8320,6.4378,0.0923,0.0571,0.0801
6.2079,-3.6787,6.5911,0.1457,0.0643,0.0789
6.3995,-3.6404,6.8210,0.1651,0.0510,0.0777
6.5145,-3.5255,6.6294,0.1603,0.0583,0.0571
6.4761,-3.3722,6.7827,0.1870,0.0741,0.0376
6.6677,-3.1806,7.0126,0.1955,0.0449,0.0134
6.4761,-2.7591,7.0126,0.1930,0.0267,0.0146
6.3995,-2.4908,7.2042,0.1566,0.0510,-0.0049
6.3612,-2.4525,7.2425,0.1263,0.0959,-0.0364
6.3229,-2.4525,7.2042,0.1639,0.0959,-0.0583
6.1696,-2.2609,7.3575,0.1882,0.0801,-0.0765
6.0929,-2.2992,7.3575,0.1821,0.1020,-0.0850
6.2079,-2.2992,7.4725,0.1943,0.1141,-0.0668
6.1313,-1.9543,7.2809,0.2125,0.1178,-0.0461
5.9013,-2.0693,7.2425,0.2100,0.1372,-0.0219
5.7480,-1.9160,7.2809,0.1967,0.1433,-0.0097
5.9396,-2.1076,7.4341,0.1858,0.1433,-0.0049
5.9013,-2.0310,7.5108,0.1591,0.1360,0.0061
5.7864,-1.9543,7.4725,0.1445,0.1263,0.0279
5.8630,-2.2992,7.4725,0.1081,0.1384,0.0425
5.7097,-2.5291,7.3575,0.0886,0.1408,0.0486
5.5564,-2.7207,7.2042,0.1141,0.0983,0.0595
5.3648,-2.7974,7.2042,0.1445,0.0668,0.0704
5.8247,-2.6824,7.2425,0.1433,0.0862,0.0777
5.7097,-2.6058,7.1659,0.1251,0.1251,0.0983
5.7864,-2.6824,7.3958,0.0789,0.1141,0.0959
5.6714,-2.6824,7.3575,0.0813,0.1056,0.0850
5.5948,-2.7591,7.3192,0.0996,0.1226,0.0789
5.5948,-2.8740,7.3192,0.0947,0.1153,0.0753
5.5948,-2.6824,7.3192,0.0898,0.0826,0.0765
5.5948,-2.8357,7.3575,0.0996,0.0813,0.0692
5.7864,-2.7207,7.2809,0.0959,0.0959,0.0486
5.6331,-2.7207,7.3958,0.0753,0.0971,0.0255
5.6714,-2.6824,7.3575,0.0583,0.0813,0.0170
5.8247,-2.7207,7.3958,0.0534,0.0607,0.0061
5.6714,-2.5675,7.2425,0.0643,0.0595,-0.0085
5.7097,-2.4908,7.3958,0.0631,0.0583,-0.0291
5.7480,-2.5675,7.5491,0.0619,0.0559,-0.0340
5.6714,-2.6441,7.5491,0.0631,0.0474,-0.0425
5.6331,-2.7207,7.5491,0.0449,0.0498,-0.0498
5.5948,-2.5291,7.3958,0.0194,0.0546,-0.0498
5.4415,-2.3375,7.2425,0.0328,0.0401,-0.0413
5.6331,-2.6058,7.4725,0.0437,0.0206,-0.0328
5.7097,-2.6058,7.3958,0.0316,0.0304,-0.0231
5.5181,-2.6058,7.3958,0.0267,0.0231,-0.0121
5.5181,-2.6058,7.4341,0.0425,0.0279,-0.0134
5.5948,-2.6058,7.4725,0.0437,0.0376,-0.0061
5.6714,-2.4525,7.3575,0.0279,0.0425,-0.0012
5.5948,-2.5291,7.3575,0.0158,0.0425,0.0024
5.5181,-2.5675,7.4341,0.0194,0.0486,0.0036
5.6714,-2.5291,7.4725,0.0182,0.0571,-0.0024
5.5564,-2.5675,7.4725,0.0073,0.0498,-0.0036
5.5948,-2.8357,7.5108,0.0061,0.0401,-0.0049
5.5564,-2.6824,7.3958,0.0085,0.0401,-0.0012
5.5564,-2.7207,7.3958,0.0158,0.0425,0.0000
5.4798,-2.6058,7.3575,0.0255,0.0340,0.0024
5.5564,-2.6824,7.3958,0.0243,0.0291,-0.0024
5.6714,-2.7974,7.4725,0.0134,0.0401,-0.0121
5.5181,-2.7591,7.5491,0.0170,0.0461,-0.0121
5.6714,-2.7974,7.5491,0.0291,0.0340,-0.0085
5.5564,-2.7591,7.3958,0.0364,0.0291,-0.0097
5.5564,-2.7207,7.4341,0.0461,0.0304,-0.0134
5.4415,-2.6824,7.5108,0.0595,0.0304,-0.0146
5.5948,-2.7591,7.3575,0.0716,0.0255,-0.0109
5.5564,-2.6824,7.3575,0.0826,0.0219,-0.0121
5.5564,-2.7207,7.3958,0.0947,0.0170,-0.0049
5.6331,-2.7207,7.4725,0.1008,0.0206,-0.0036
5.5181,-2.6824,7.3575,0.1153,0.0243,0.0000
5.5564,-2.7591,7.5491,0.1214,0.0255,0.0024
5.4032,-2.6824,7.3958,0.1178,0.0267,0.0036
5.5181,-2.5291,7.3958,0.1202,0.0158,0.0024
5.5181,-2.6058,7.5108,0.1166,0.0231,-0.0012
5.5181,-2.5291,7.4725,0.1032,0.0328,0.0012
5.4032,-2.6441,7.3958,0.1044,0.0279,0.0085
5.2499,-2.8357,7.8557,0.0923,0.0231,0.0061
5.5948,-2.6441,7.4341,0.0935,0.0049,0.0049
5.4798,-2.7591,7.4725,0.1129,-0.0024,0.0073
5.4415,-2.6058,7.3192,0.1166,0.0061,0.0109
5.4798,-2.5291,7.3575,0.1032,0.0146,0.0121
5.3648,-2.7207,7.3575,0.0971,0.0146,0.0036
5.4032,-2.4525,7.5108,0.1008,0.0231,-0.0012
5.4798,-2.5675,7.3958,0.1032,0.0243,0.0049
5.5181,-2.4908,7.4341,0.1032,0.0206,0.0121
5.5181,-2.6824,7.5108,0.1153,0.0146,0.0097
5.4798,-2.6058,7.5491,0.1190,0.0206,0.0049
5.4798,-2.6441,7.5108,0.1093,0.0316,0.0036
5.4415,-2.5291,7.4341,0.1032,0.0340,0.0036
5.4798,-2.5291,7.3575,0.1056,0.0158,0.0049
5.5564,-2.6058,7.5874,0.1020,0.0170,0.0061
5.5564,-2.5675,7.5108,0.0898,0.0291,-0.0012
5.2499,-2.5675,7.5491,0.0765,0.0340,-0.0012
5.4798,-2.4908,7.4725,0.0765,0.0243,-0.0024
5.4798,-2.5291,7.4341,0.0838,0.0219,-0.0036
5.5181,-2.6824,7.5874,0.0801,0.0194,-0.0012
5.4032,-2.6058,7.5491,0.0704,0.0243,-0.0061
5.3648,-2.4908,7.4341,0.0656,0.0267,-0.0085
5.4415,-2.5675,7.5108,0.0716,0.0170,-0.0049
5.4415,-2.4908,7.4341,0.0801,0.0036,-0.0036
5.4415,-2.6441,7.7024,0.0777,0.0085,-0.0097
5.4798,-2.5675,7.5491,0.0741,0.0279,-0.0073
5.4032,-2.4525,7.2809,0.0801,0.0158,-0.0085
5.4032,-2.5291,7.5874,0.0862,0.0097,-0.0049
5.4415,-2.6441,7.6257,0.0826,0.0085,-0.0061
5.6331,-2.6058,7.6257,0.0753,0.0073,-0.0109
5.4798,-2.4525,7.4725,0.0777,0.0194,-0.0121
5.5564,-2.5291,7.4341,0.0728,0.0243,-0.0121

