-.-.-
-8.6221,1.3029,3.6787,-0.0121,0.0692,-0.0024
-8.6221,1.1496,3.7937,-0.0134,0.0704,-0.0036
-8.7370,1.2646,3.8320,-0.0170,0.0716,-0.0073
-8.5838,1.1113,3.9087,-0.0158,0.0692,-0.0061
-8.5454,1.1496,3.8320,-0.0194,0.0680,-0.0061
-8.6221,1.2263,3.8704,-0.0219,0.0704,-0.0061
-8.5071,1.1879,3.7171,-0.0231,0.0668,-0.0061
-8.5454,1.0730,3.8704,-0.0219,0.0680,-0.0049
-8.5838,1.2646,3.7937,-0.0170,0.0716,-0.0061
-8.5838,1.2646,3.8704,-0.0291,0.0728,-0.0073
-8.6221,1.1496,3.9087,-0.0279,0.0777,-0.0085
-8.5454,1.2263,3.7171,-0.0255,0.0801,-0.0073
-8.4688,1.1879,3.8704,-0.0231,0.0801,-0.0061
-8.5454,1.2646,3.9470,-0.0267,0.0777,-0.0073
-8.6604,1.2263,3.7554,-0.0304,0.0801,-0.0097
-8.7754,1.1879,3.7937,-0.0291,0.0801,-0.0073
-8.6221,1.1496,3.7937,-0.0304,0.0838,-0.0073
-8.5071,1.1496,3.7937,-0.0279,0.0777,-0.0085
-8.6987,1.1879,3.8320,-0.0279,0.0753,-0.0085
-8.5454,1.1113,3.8320,-0.0304,0.0741,-0.0073
-8.6604,1.1496,3.7937,-0.0304,0.0753,-0.0073
-8.6604,1.1879,3.7554,-0.0255,0.0777,-0.0073
-8.5838,1.1113,3.8704,-0.0267,0.0741,-0.0049
-8.5454,1.1113,3.7554,-0.0291,0.0728,-0.0049
-8.6221,1.1113,3.6404,-0.0279,0.0753,-0.0061
-8.5071,1.0730,3.8320,-0.0316,0.0728,-0.0049
-8.5454,1.1496,3.7937,-0.0352,0.0741,-0.0049
-8.6604,1.1113,3.6404,-0.0328,0.0741,-0.0073
-8.6221,1.2646,3.8320,-0.0291,0.0777,-0.0061
-8.5838,1.1496,3.8320,-0.0328,0.0777,-0.0061
-8.6604,1.1496,3.7171,-0.0291,0.0777,-0.0061
-8.6221,1.2263,3.8320,-0.0194,0.0765,-0.0061
-8.6604,1.0730,3.8704,-0.0219,0.0741,-0.0061
-8.5838,1.1496,3.9853,-0.0243,0.0741,-0.0061
-8.6221,1.0730,3.9470,-0.0219,0.0765,-0.0073
-8.6221,1.2263,3.7554,-0.0243,0.0753,-0.0073
-8.5838,1.0730,3.7554,-0.0279,0.0753,-0.0024
-8.5454,0.9963,3.7937,-0.0279,0.0741,-0.0024
-8.5838,1.1113,3.9470,-0.0219,0.0728,-0.0036
-8.6221,1.2646,3.8320,-0.0158,0.0716,-0.0024
-8.5071,1.1879,3.7554,-0.0206,0.0728,-0.0049
-8.5838,1.1496,3.8320,-0.0231,0.0777,-0.0097
-8.6604,1.1113,3.7554,-0.0194,0.0765,-0.0085
-8.5838,1.1113,3.8704,-0.0206,0.0704,-0.0085
-8.6604,1.1879,3.6787,-0.0194,0.0704,-0.0049
-8.5454,1.1113,3.7937,-0.0158,0.0704,-0.0036
-8.6221,1.1113,3.7554,-0.0194,0.0704,-0.0012
-8.5838,1.0346,3.7554,-0.0194,0.0704,-0.0036
-8.6604,1.1496,3.8704,-0.0097,0.0692,-0.0024
-8.5838,1.1113,3.9470,-0.0134,0.0656,0.0000
-8.5838,1.2646,3.9087,-0.0255,0.0692,-0.0012
-8.5454,1.1113,3.7937,-0.0170,0.0716,0.0000
-8.6604,1.1113,3.7171,-0.0097,0.0704,0.0024
-8.6221,1.2263,3.7937,-0.0097,0.0680,0.0024
-8.6604,1.1113,3.7554,-0.0061,0.0668,0.0024
-8.6221,1.1496,3.7171,0.0000,0.0668,0.0036
-8.6221,1.1496,3.9087,-0.0012,0.0668,0.0036
-8.5071,1.1113,3.7554,-0.0049,0.0631,0.0036
-8.6604,1.1496,3.6787,-0.0036,0.0607,0.0049
-8.6221,1.0730,3.8704,-0.0012,0.0619,0.0061
-8.6221,1.2263,3.9853,-0.0049,0.0595,0.0036
-8.5454,1.1496,3.8704,-0.0036,0.0583,0.0036
-8.5838,1.0730,3.8320,-0.0049,0.0619,0.0061
-8.5071,1.0346,3.7554,-0.0061,0.0619,0.0049
-8.6221,1.2263,3.8320,-0.0049,0.0668,0.0024
-8.6604,1.2646,3.7171,-0.0085,0.0656,0.0036
-8.5838,1.3029,3.7554,-0.0121,0.0668,0.0012
-8.9286,1.5711,3.8704,-0.0036,0.0668,0.0000
-8.6604,1.1879,3.8320,0.0000,0.0631,-0.0024
-8.5838,1.1496,3.8320,0.0012,0.0656,-0.0024
-8.6987,1.1879,3.7937,0.0049,0.0643,-0.0024
-8.6221,1.1113,3.9470,0.0012,0.0704,-0.0049
-8.6221,1.3029,3.9087,-0.0036,0.0680,-0.0012
-8.5838,1.2263,3.7937,-0.0109,0.0692,0.0000
-8.6987,1.2646,3.8704,-0.0049,0.0643,0.0024
-8.6604,1.2263,3.7554,0.0012,0.0643,0.0036
-8.6221,1.3029,3.8704,0.0012,0.0631,0.0024
-8.6221,1.2646,3.8704,-0.0036,0.0643,-0.0012
-8.6221,1.1879,3.9087,-0.0036,0.0692,-0.0024
-8.5838,1.1113,3.9087,-0.0024,0.0680,-0.0024
-8.5454,1.1496,3.7937,-0.0085,0.0619,-0.0024
-8.4688,1.1879,3.9087,-0.0158,0.0583,-0.0012
-8.5071,1.2263,3.8704,-0.0134,0.0656,-0.0012
-8.5838,1.2263,3.8320,-0.0206,0.0668,-0.0012
-8.5838,1.1496,3.9087,-0.0134,0.0704,-0.0024
-8.5838,1.2263,3.8704,-0.0073,0.0692,-0.0036
-8.6604,1.1879,3.8704,-0.0121,0.0668,-0.0036
-8.6604,1.2263,3.9087,-0.0158,0.0680,-0.0049
-8.5454,1.1113,3.8704,-0.0073,0.0680,0.0012
-8.5838,1.1496,3.7937,-0.0121,0.0704,-0.0024
-8.5454,1.0730,3.9470,-0.0194,0.0704,-0.0049
-8.6221,1.2263,3.8320,-0.0182,0.0716,-0.0049
-8.5071,0.9963,3.8704,-0.0146,0.0741,-0.0036
-8.6987,1.1879,3.7554,-0.0109,0.0728,-0.0036
-8.5838,1.1879,3.9470,-0.0146,0.0716,-0.0024
-8.6604,1.1879,3.7937,-0.0170,0.0680,-0.0036
-8.6604,1.1496,3.8320,-0.0182,0.0680,-0.0036
-8.6604,1.1113,4.0620,-0.0158,0.0704,-0.0024
-8.6221,1.1496,3.9087,-0.0121,0.0680,-0.0012
-8.5838,1.1879,3.9470,-0.0146,0.0680,-0.0024
-8.5454,1.1879,3.7937,-0.0170,0.0656,-0.0024
-8.5454,1.0730,3.9087,-0.0158,0.0680,-0.0012
-8.5838,1.2263,3.7554,-0.0170,0.0692,-0.0024
-8.4688,1.0730,3.8704,-0.0194,0.0704,-0.0036
-8.6221,1.1496,3.9470,-0.0170,0.0716,-0.0036
-8.6987,1.2263,3.9470,-0.0194,0.0728,-0.0036
-8.6604,1.1879,3.9470,-0.0219,0.0716,-0.0036
-8.6604,1.3029,3.9470,-0.0231,0.0741,-0.0024
-8.6987,1.2263,3.9087,-0.0231,0.0777,-0.0049
-8.5454,1.1496,3.8320,-0.0219,0.0801,-0.0049
-8.5838,1.1496,3.6404,-0.0182,0.0801,-0.0036
-8.5454,1.1496,3.9087,-0.0206,0.0777,-0.0073
-8.6987,1.2646,3.7554,-0.0255,0.0777,-0.0085
-8.6604,1.1496,3.9087,-0.0328,0.0801,-0.0049
-8.6221,1.1879,3.8704,-0.0291,0.0801,-0.0024
-8.5838,1.1496,3.9470,-0.0219,0.0765,0.0012
-8.5071,1.1496,3.9470,-0.0194,0.0704,-0.0012
-8.5454,1.2646,3.7554,-0.0231,0.0765,-0.0049
-8.6221,1.2263,3.7554,-0.0219,0.0765,-0.0049
-8.5454,1.1879,3.7554,-0.0231,0.0753,-0.0061
-8.6221,1.2263,3.7937,-0.0243,0.0741,-0.0049
-8.5838,1.1496,3.8704,-0.0146,0.0692,-0.0036
-8.6987,1.1879,3.8320,-0.0109,0.0595,-0.0024
-8.5838,1.2646,3.9853,-0.0194,0.0546,-0.0049
-8.5454,1.1496,3.8704,-0.0304,0.0571,-0.0049
-8.5838,1.1113,3.9087,-0.0219,0.0643,-0.0061
-8.5454,1.1496,3.8320,-0.0219,0.0656,-0.0036
-8.6987,1.1496,3.8320,-0.0304,0.0668,-0.0049

