-.-.-
-9.3885,3.3722,0.9580,-0.0146,0.0801,-0.0012
-9.2735,3.2955,0.8047,-0.0146,0.0801,0.0000
-9.2735,3.2189,0.8430,-0.0134,0.0801,-0.0012
-9.3118,3.2955,0.9580,-0.0146,0.0789,0.0012
-9.3502,3.2955,0.8430,-0.0146,0.0813,0.0012
-9.3502,3.3339,0.8430,-0.0121,0.0826,-0.0012
-9.3502,3.2572,0.9963,-0.0121,0.0813,0.0000
-9.3502,3.3722,0.8430,-0.0134,0.0813,-0.0012
-9.3502,3.2955,1.0730,-0.0121,0.0838,-0.0012
-9.3118,3.2955,0.8430,-0.0121,0.0826,-0.0024
-9.4268,3.3722,0.9963,-0.0134,0.0838,-0.0024
-9.3502,3.2572,0.8430,-0.0134,0.0838,-0.0024
-9.2735,3.2189,0.8047,-0.0085,0.0826,-0.0049
-9.3502,3.3339,0.9197,-0.0097,0.0813,-0.0061
-9.3502,3.2189,0.7281,-0.0121,0.0801,-0.0024
-9.2735,3.3722,0.8047,-0.0182,0.0765,0.0000
-9.1969,3.2189,0.8814,-0.0194,0.0741,0.0036
-9.3502,3.3339,0.9963,-0.0194,0.0777,0.0012
-9.4268,3.3339,0.9580,-0.0170,0.0789,0.0012
-9.3502,3.3722,0.9197,-0.0134,0.0765,0.0024
-9.3502,3.2955,0.8814,-0.0134,0.0765,0.0012
-9.3885,3.4105,0.9963,-0.0097,0.0777,-0.0024
-9.5034,3.3339,0.9580,-0.0121,0.0826,-0.0036
-9.3118,3.2572,0.9963,-0.0134,0.0826,-0.0061
-9.3118,3.2572,0.9580,-0.0146,0.0826,-0.0061
-9.3502,3.2955,0.9580,-0.0170,0.0789,-0.0061
-9.3118,3.2955,1.0346,-0.0146,0.0801,-0.0036
-9.2352,3.2189,0.9580,-0.0134,0.0789,-0.0049
-9.3502,3.3722,0.8047,-0.0134,0.0753,-0.0024
-9.3885,3.4105,0.8430,-0.0146,0.0728,-0.0012
-9.3502,3.2955,0.9963,-0.0146,0.0777,-0.0024
-9.3885,3.2955,0.8814,-0.0146,0.0801,-0.0012
-9.2735,3.3339,0.8814,-0.0158,0.0801,-0.0049
-9.3885,3.4105,0.9580,-0.0158,0.0789,-0.0024
-9.3885,3.3339,0.7664,-0.0134,0.0789,0.0000
-9.4651,3.3722,0.9197,-0.0134,0.0777,0.0000
-9.3502,3.3722,0.8047,-0.0170,0.0789,0.0000
-9.3118,3.2955,0.9580,-0.0170,0.0789,-0.0012
-9.2352,3.2955,0.8814,-0.0170,0.0813,-0.0012
-9.3118,3.2955,0.9580,-0.0158,0.0789,-0.0024
-9.3118,3.3339,0.8814,-0.0146,0.0801,-0.0024
-9.2735,3.2572,1.0346,-0.0134,0.0789,-0.0024
-9.2735,3.2572,0.9963,-0.0146,0.0801,-0.0012
-9.3502,3.2572,0.9197,-0.0134,0.0765,-0.0024
-9.3885,3.2955,0.8814,-0.0146,0.0777,0.0000
-9.2735,3.2955,0.8047,-0.0146,0.0765,0.0000
-9.3885,3.1423,1.1879,-0.0158,0.0753,0.0000
-9.3502,3.2955,0.9963,-0.0170,0.0728,0.0000
-9.3502,3.3722,0.9197,-0.0146,0.0704,0.0000
-9.3502,3.4105,0.9197,-0.0146,0.0631,-0.0036
-9.3502,3.3339,0.8430,-0.0109,0.0619,-0.0036
-9.4268,3.3339,0.9580,-0.0121,0.0656,-0.0085
-9.2735,3.3722,0.9580,-0.0121,0.0704,-0.0073
-9.3502,3.4105,0.9197,-0.0121,0.0716,-0.0061
-9.3118,3.3722,0.8430,-0.0121,0.0753,-0.0049
-9.3118,3.3722,0.9197,-0.0158,0.0741,-0.0097
-9.3502,3.2955,0.8430,-0.0134,0.0753,-0.0085
-9.6184,3.2955,0.7664,-0.0085,0.0741,-0.0097
-9.3118,3.2189,1.0346,-0.0109,0.0728,-0.0073
-9.3502,3.3722,0.7664,-0.0158,0.0716,-0.0036
-9.1969,3.2572,0.9197,-0.0219,0.0716,0.0012
-9.3502,3.3339,0.9197,-0.0219,0.0704,0.0036
-9.1586,3.2189,0.9963,-0.0206,0.0741,0.0012
-9.3118,3.3722,1.0346,-0.0182,0.0765,0.0012
-9.3502,3.2572,0.9197,-0.0170,0.0741,0.0000
-9.3885,3.3722,0.9580,-0.0194,0.0692,0.0000
-9.4268,3.2955,1.0346,-0.0182,0.0753,-0.0036
-9.3885,3.4105,0.8814,-0.0170,0.0789,-0.0049
-9.2735,3.3339,0.8430,-0.0158,0.0789,-0.0061
-9.3885,3.3339,0.8814,-0.0170,0.0789,-0.0073
-9.3885,3.4105,0.9963,-0.0194,0.0765,-0.0036
-9.3118,3.2189,0.8814,-0.0158,0.0753,-0.0073
-9.3502,3.3339,0.9580,-0.0121,0.0765,-0.0036
-9.1969,3.2955,1.0346,-0.0121,0.0728,-0.0012
-9.2735,3.2572,0.8814,-0.0134,0.0716,0.0000
-9.3885,3.2955,1.0346,-0.0146,0.0753,-0.0012
-9.3502,3.2572,1.0346,-0.0146,0.0801,0.0000
-9.3118,3.3339,1.1113,-0.0170,0.0826,0.0012
-9.3502,3.3339,0.9197,-0.0146,0.0813,-0.0012
-9.2735,3.3339,0.9197,-0.0121,0.0789,0.0000
-9.3885,3.2955,1.0346,-0.0121,0.0801,-0.0012
-9.2735,3.3722,0.9580,-0.0109,0.0801,-0.0012
-9.3502,3.4871,0.9963,-0.0134,0.0813,-0.0036
-9.3118,3.2955,1.0730,-0.0109,0.0826,-0.0012
-9.3885,3.3339,0.9197,-0.0134,0.0813,-0.0024
-9.4268,3.3339,0.9580,-0.0097,0.0826,-0.0024
-9.3502,3.3339,0.9197,-0.0121,0.0813,-0.0024
-9.3118,3.3722,1.0346,-0.0121,0.0813,-0.0024
-9.3118,3.2572,0.8814,-0.0121,0.0813,-0.0012
-9.4268,3.2955,0.8814,-0.0134,0.0826,-0.0012
-9.3118,3.2955,0.9580,-0.0158,0.0813,0.0000
-9.3118,3.2955,0.9963,-0.0121,0.0801,0.0000
-9.3502,3.3722,1.0346,-0.0146,0.0813,0.0000
-9.3502,3.3722,0.8430,-0.0121,0.0813,0.0000
-9.2352,3.3339,0.8047,-0.0134,0.0813,-0.0024
-9.3502,3.0656,1.1113,-0.0109,0.0813,-0.0012
-9.3885,3.3722,0.9197,-0.0134,0.0801,-0.0024
-9.3118,3.2955,0.8814,-0.0121,0.0813,-0.0012
-9.3885,3.2572,0.8814,-0.0146,0.0826,0.0000
-9.3118,3.2955,0.9197,-0.0109,0.0850,-0.0024
-9.2735,3.3339,0.9197,-0.0134,0.0826,-0.0036
-9.1969,3.2955,0.8814,-0.0121,0.0826,-0.0024
-9.3118,3.2955,0.9197,-0.0085,0.0813,-0.0036
-9.3118,3.2572,0.9963,-0.0097,0.0801,-0.0036
-9.3502,3.3339,1.0730,-0.0158,0.0777,0.0012
-9.3118,3.2955,0.9963,-0.0182,0.0728,0.0073
-9.0436,3.5638,0.9963,-0.0182,0.0765,0.0061
-9.3502,3.3722,0.9197,-0.0170,0.0789,0.0024
-9.3118,3.4105,0.9963,-0.0182,0.0789,-0.0049
-9.3118,3.2955,0.9580,-0.0121,0.0838,-0.0012
-9.4268,3.4488,1.0346,-0.0097,0.0826,-0.0049
-9.2735,3.2955,0.9580,-0.0109,0.0838,-0.0061
-9.2352,3.2955,0.9580,-0.0121,0.0862,-0.0073
-9.1969,3.4105,0.9963,-0.0134,0.0850,-0.0061
-9.2735,3.2955,1.0730,-0.0158,0.0826,-0.0061
-9.3885,3.3722,0.9963,-0.0170,0.0789,-0.0036
-9.4268,3.3339,1.0730,-0.0134,0.0765,-0.0024
-9.3118,3.2955,1.0346,-0.0121,0.0789,-0.0024
-9.3118,3.3722,0.9580,-0.0121,0.0777,-0.0024
-9.3118,3.3339,0.9963,-0.0134,0.0777,-0.0012
-9.2735,3.4488,0.9963,-0.0134,0.0826,-0.0012
-9.4268,3.4105,0.9580,-0.0158,0.0850,0.0012
-9.3118,3.2955,0.9197,-0.0182,0.0838,-0.0012
-9.2352,3.2955,0.9197,-0.0146,0.0838,0.0000
-9.3118,3.3722,0.8430,-0.0134,0.0826,-0.0012
-9.3885,3.3722,0.9580,-0.0121,0.0813,-0.0012
-9.3885,3.4105,1.1496,-0.0134,0.0813,-0.0024
-9.3885,3.4105,1.1496,-0.0121,0.0826,-0.0024

