-.-.-
-4.7134,0.9580,-9.6950,-0.2513,0.0352,0.1372
-4.5984,0.9197,-9.2735,-0.2198,0.0753,0.1141
-4.2919,1.1496,-9.4268,-0.1469,0.1736,0.0692
-4.3302,1.1113,-9.5418,-0.0826,0.2744,0.0000
-4.4452,0.7664,-9.5418,-0.0073,0.3351,-0.0461
-4.2919,0.8047,-9.8100,0.0243,0.3375,-0.0850
-4.3685,0.6514,-10.1166,0.0498,0.2695,-0.1081
-4.5601,0.4982,-10.1932,0.0571,0.1591,-0.1214
-4.4068,0.4215,-10.0399,0.0619,0.0607,-0.1117
-4.5601,0.4215,-10.1166,0.0437,-0.0061,-0.0923
-4.5984,0.2299,-10.1549,0.0109,-0.0437,-0.0643
-4.6751,0.2682,-10.0782,-0.0267,-0.0826,-0.0279
-4.5218,0.1916,-10.1166,-0.0631,-0.1141,0.0012
-4.5984,0.3066,-10.0016,-0.0874,-0.1433,0.0170
-4.5218,0.3832,-9.6567,-0.0923,-0.1530,0.0146
-4.5984,0.4982,-9.5801,-0.0826,-0.1396,0.0036
-4.6751,0.3449,-9.6567,-0.0753,-0.1068,-0.0061
-4.6368,0.3066,-9.7717,-0.0789,-0.0619,-0.0146
-4.7134,0.4215,-9.6950,-0.0826,-0.0170,-0.0146
-4.7517,0.3832,-9.7334,-0.0813,0.0194,-0.0134
-4.6368,0.4982,-9.6950,-0.0765,0.0522,-0.0097
-4.5984,0.4598,-9.6950,-0.0692,0.0741,-0.0061
-4.6368,0.5748,-9.6567,-0.0607,0.0935,-0.0061
-4.6368,0.4215,-9.8866,-0.0522,0.1093,-0.0073
-4.7517,0.4982,-9.7717,-0.0486,0.1178,-0.0061
-4.6751,0.5365,-9.9250,-0.0474,0.1202,-0.0036
-4.5218,0.4598,-9.8483,-0.0486,0.1190,-0.0024
-4.4835,0.3832,-9.9250,-0.0534,0.1093,0.0000
-4.6751,0.4982,-9.7334,-0.0583,0.0971,0.0000
-4.5218,0.4982,-9.7717,-0.0607,0.0838,0.0012
-4.5601,0.4982,-10.0399,-0.0643,0.0716,-0.0012
-4.4452,0.4598,-9.8100,-0.0668,0.0583,-0.0036
-4.4452,0.4982,-9.8483,-0.0692,0.0425,-0.0024
-4.4068,0.5365,-9.9633,-0.0680,0.0316,-0.0061
-4.5601,0.5365,-9.8483,-0.0643,0.0219,-0.0085
-4.5218,0.5365,-9.8483,-0.0607,0.0085,-0.0073
-4.3685,0.5365,-9.7717,-0.0607,0.0073,-0.0061
-4.5601,0.4982,-9.8866,-0.0607,0.0146,-0.0085
-4.5601,0.4982,-9.8483,-0.0583,0.0255,-0.0134
-4.4068,0.4982,-9.8483,-0.0607,0.0267,-0.0121
-4.4452,0.5365,-9.8100,-0.0559,0.0267,-0.0121
-4.5218,0.5365,-9.7717,-0.0571,0.0243,-0.0097
-4.4835,0.5365,-10.0016,-0.0583,0.0231,-0.0073
-4.4452,0.4982,-9.8100,-0.0571,0.0304,-0.0073
-4.4835,0.5365,-9.8100,-0.0595,0.0389,-0.0097
-4.4452,0.3449,-10.0399,-0.0583,0.0449,-0.0085
-4.4835,0.4215,-9.7717,-0.0583,0.0534,-0.0073
-4.4835,0.4215,-9.9250,-0.0583,0.0583,-0.0061
-4.5601,0.4598,-10.0016,-0.0619,0.0619,-0.0061
-4.5218,0.6131,-9.8866,-0.0631,0.0631,-0.0049
-4.3685,0.4982,-9.6950,-0.0631,0.0631,-0.0049
-4.3685,0.4598,-9.7717,-0.0668,0.0595,-0.0049
-4.5601,0.4598,-9.8100,-0.0680,0.0559,-0.0061
-4.3685,0.4982,-10.0016,-0.0668,0.0571,-0.0049
-4.4835,0.5365,-9.8866,-0.0656,0.0522,-0.0073
-4.3685,0.6131,-9.9633,-0.0619,0.0486,-0.0061
-4.4835,0.4598,-9.9633,-0.0631,0.0413,-0.0024
-4.3685,0.5365,-9.7334,-0.0595,0.0364,-0.0036
-4.2152,0.6514,-9.8483,-0.0583,0.0316,-0.0024
-4.4068,0.4982,-9.8483,-0.0595,0.0267,-0.0024
-4.4452,0.5365,-9.8100,-0.0559,0.0255,-0.0036
-4.4835,0.5365,-9.8483,-0.0546,0.0219,-0.0049
-4.4452,0.4598,-9.9633,-0.0486,0.0182,-0.0085
-4.5218,0.5365,-9.9633,-0.0510,0.0158,-0.0061
-4.4452,0.4598,-9.7334,-0.0510,0.0170,-0.0061
-4.4835,0.4982,-9.9250,-0.0534,0.0170,-0.0049
-4.6751,0.5365,-9.7334,-0.0534,0.0158,-0.0073
-4.3685,0.5748,-9.8866,-0.0559,0.0146,-0.0049
-4.5601,0.4598,-9.8866,-0.0534,0.0158,-0.0073
-4.3685,0.4982,-9.8866,-0.0534,0.0146,-0.0073
-4.4068,0.4982,-9.6567,-0.0583,0.0158,-0.0061
-4.4068,0.4215,-9.8100,-0.0619,0.0219,-0.0012
-4.5601,0.4982,-9.7717,-0.0643,0.0328,-0.0049
-4.4452,0.4598,-9.9633,-0.0546,0.0401,-0.0049
-4.3685,0.4982,-9.9633,-0.0595,0.0389,-0.0036
-4.4452,0.4982,-9.8483,-0.0607,0.0352,-0.0012
-4.3302,0.5365,-9.8866,-0.0595,0.0328,-0.0012
-4.5601,0.5365,-9.8100,-0.0583,0.0291,-0.0012
-4.3685,0.4598,-9.9250,-0.0571,0.0279,-0.0024
-4.3685,0.5748,-10.0016,-0.0559,0.0316,-0.0049
-4.3685,0.4982,-9.8866,-0.0546,0.0291,-0.0049
-4.4068,0.5365,-10.0399,-0.0534,0.0267,-0.0036
-4.5218,0.4215,-9.8866,-0.0546,0.0279,-0.0061
-4.3302,0.5365,-9.8866,-0.0546,0.0255,-0.0073
-4.2536,0.3449,-9.9250,-0.0583,0.0194,-0.0049
-4.2152,0.4598,-9.8483,-0.0571,0.0146,-0.0061
-4.4068,0.6131,-9.9633,-0.0583,0.0085,-0.0049
-4.4068,0.3832,-9.8483,-0.0607,0.0097,-0.0036
-4.4068,0.6131,-9.8483,-0.0643,0.0146,-0.0036
-4.4452,0.4982,-9.8483,-0.0583,0.0182,-0.0049
-4.4068,0.4982,-9.9633,-0.0571,0.0182,-0.0036
-4.3302,0.4215,-9.7717,-0.0559,0.0182,-0.0036
-4.3685,0.4598,-9.8866,-0.0595,0.0194,-0.0036
-4.3302,0.4598,-9.8866,-0.0559,0.0219,-0.0049
-4.3685,0.4982,-10.0016,-0.0571,0.0231,-0.0049
-4.3685,0.4982,-10.0016,-0.0559,0.0243,-0.0061
-4.5218,0.5365,-10.1549,-0.0522,0.0231,-0.0049
-4.4068,0.5365,-9.9633,-0.0559,0.0243,-0.0036
-4.3685,0.4982,-9.7334,-0.0571,0.0243,-0.0049
-4.4068,0.5748,-9.9633,-0.0571,0.0206,-0.0049
-4.4068,0.4982,-9.8866,-0.0571,0.0206,-0.0049
-4.4068,0.5748,-9.9250,-0.0571,0.0231,-0.0061
-4.3685,0.3832,-9.8866,-0.0595,0.0219,-0.0036
-4.3685,0.4598,-9.9250,-0.0583,0.0206,-0.0036
-4.4068,0.4598,-10.0399,-0.0595,0.0194,-0.0036
-4.4068,0.6898,-9.9633,-0.0546,0.0219,-0.0061
-4.2919,0.3449,-9.9633,-0.0534,0.0206,-0.0061
-4.3302,0.4215,-9.7717,-0.0546,0.0206,-0.0049
-4.3302,0.3832,-9.8483,-0.0607,0.0255,-0.0036
-4.3685,0.4982,-9.8866,-0.0571,0.0340,-0.0061
-4.3302,0.4982,-9.7717,-0.0534,0.0364,-0.0073
-4.3302,0.5365,-10.0782,-0.0571,0.0316,-0.0036
-4.2919,0.5748,-10.0399,-0.0595,0.0194,-0.0012
-4.4835,0.4598,-9.8866,-0.0595,0.0170,-0.0036
-4.4068,0.5365,-10.0782,-0.0571,0.0206,-0.0024
-4.3685,0.6514,-9.8483,-0.0559,0.0243,-0.0036
-4.4452,0.5748,-9.9250,-0.0571,0.0219,-0.0012
-4.3302,0.5748,-9.8100,-0.0534,0.0219,-0.0024
-4.3685,0.4598,-9.8483,-0.0534,0.0255,-0.0049
-4.4068,0.4598,-9.8483,-0.0546,0.0267,-0.0073
-4.3302,0.5365,-9.7717,-0.0546,0.0231,-0.0036
-4.2919,0.4982,-9.9250,-0.0559,0.0194,-0.0061
-4.4068,0.4982,-9.9633,-0.0571,0.0146,-0.0049
-4.2919,0.5365,-10.0399,-0.0571,0.0146,-0.0049
-4.3685,0.5365,-9.8866,-0.0607,0.0158,-0.0036
-4.3685,0.5748,-10.1166,-0.0595,0.0206,-0.0049
-4.4835,0.5748,-9.9250,-0.0571,0.0243,-0.0036
-4.3302,0.3832,-9.8866,-0.0559,0.0255,-0.0061

