-.-.-
0.6898,-9.3118,2.1076,-0.0364,0.0619,-0.0024
0.6514,-9.4268,2.0693,-0.0231,0.0656,-0.0049
0.5748,-9.3885,2.0693,-0.0121,0.0704,-0.0024
0.6898,-9.4268,2.1843,-0.0194,0.0704,-0.0036
0.6898,-9.4268,1.9927,-0.0267,0.0668,0.0012
0.6898,-9.4268,2.0693,-0.0279,0.0656,0.0012
0.6131,-9.5418,2.1076,-0.0304,0.0692,-0.0012
0.6898,-9.3502,1.9543,-0.0304,0.0704,-0.0024
0.6514,-9.3502,2.0693,-0.0389,0.0728,-0.0036
0.6898,-9.3502,1.9160,-0.0449,0.0753,-0.0036
0.6514,-9.4268,1.9927,-0.0449,0.0801,-0.0012
0.6131,-9.3885,2.1076,-0.0413,0.0813,-0.0012
0.6131,-9.4651,2.1459,-0.0340,0.0826,0.0012
0.6898,-9.3118,2.1076,-0.0304,0.0789,0.0024
0.6131,-9.4268,1.9927,-0.0267,0.0741,0.0024
0.5748,-9.4268,2.0310,-0.0194,0.0728,0.0036
0.6131,-9.4651,2.0693,-0.0267,0.0704,-0.0036
0.7281,-9.2735,2.1076,-0.0194,0.0716,-0.0024
0.6898,-9.4268,2.0310,-0.0243,0.0777,-0.0024
0.5748,-9.3885,2.1076,-0.0449,0.0704,-0.0061
0.6131,-9.3885,2.1076,-0.0461,0.0595,-0.0109
0.6131,-9.4268,1.9543,-0.0340,0.0619,-0.0073
0.6898,-9.4651,1.9543,-0.0304,0.0631,-0.0073
0.6514,-9.4651,1.9543,-0.0170,0.0668,0.0000
0.6131,-9.3885,2.0693,-0.0158,0.0704,0.0012
0.6514,-9.3885,1.9543,-0.0121,0.0692,0.0000
0.7281,-9.3885,2.0310,-0.0061,0.0643,-0.0049
0.6898,-9.3885,1.9927,0.0024,0.0668,-0.0085
0.6514,-9.5801,1.9543,0.0024,0.0692,-0.0097
0.7281,-9.4651,2.1076,-0.0036,0.0716,-0.0085
0.6131,-9.4268,2.0310,-0.0109,0.0741,-0.0036
0.6898,-9.4651,2.0693,-0.0146,0.0728,-0.0012
0.5365,-9.4651,2.0693,-0.0158,0.0728,-0.0049
0.7281,-9.4651,2.0693,-0.0146,0.0765,-0.0097
0.5748,-9.3118,2.1459,-0.0158,0.0801,-0.0097
0.6514,-9.4268,1.9927,-0.0231,0.0826,-0.0109
0.6131,-9.5034,1.9543,-0.0219,0.0801,-0.0061
0.6514,-9.5034,2.0310,-0.0146,0.0813,-0.0085
0.6514,-9.4651,2.0310,-0.0073,0.0838,-0.0049
0.6898,-9.3502,1.9927,-0.0049,0.0838,-0.0024
0.6514,-9.3502,1.9543,-0.0012,0.0789,-0.0012
0.5365,-9.3885,1.9543,0.0000,0.0704,-0.0036
0.6898,-9.4651,2.0310,-0.0024,0.0704,-0.0097
0.7281,-9.5418,2.0310,0.0049,0.0741,-0.0109
0.7281,-9.4651,1.9543,0.0073,0.0789,-0.0073
0.7281,-9.4268,2.1459,-0.0097,0.0777,-0.0049
0.6131,-9.3885,1.9543,-0.0097,0.0753,-0.0049
0.6131,-9.4651,2.0310,-0.0036,0.0741,-0.0061
0.4982,-9.4651,2.0693,-0.0158,0.0643,-0.0073
0.6131,-9.1969,1.9543,-0.0206,0.0656,-0.0049
0.6898,-9.2352,2.1076,-0.0425,0.0668,-0.0049
0.7664,-9.3118,2.0310,-0.0449,0.0668,-0.0049
0.7281,-9.4268,1.9927,-0.0328,0.0656,-0.0073
0.6131,-9.3502,2.0310,-0.0279,0.0668,-0.0121
0.6514,-9.4268,2.1076,-0.0231,0.0716,-0.0158
0.6514,-9.4651,2.0693,-0.0158,0.0680,-0.0134
0.6131,-9.4651,1.9160,-0.0158,0.0643,-0.0073
0.5748,-9.3885,2.0693,-0.0121,0.0571,0.0012
0.6514,-9.4268,2.1076,-0.0121,0.0595,0.0036
0.7664,-9.3885,2.0693,-0.0134,0.0619,0.0012
0.6514,-9.5034,2.0693,-0.0024,0.0704,0.0000
0.6131,-9.3885,2.1843,0.0073,0.0741,-0.0024
0.6514,-9.3502,2.0310,0.0097,0.0813,-0.0061
0.6514,-9.4651,1.9160,0.0109,0.0801,-0.0085
0.6131,-9.3885,2.0693,0.0073,0.0753,-0.0097
0.6898,-9.3118,2.2226,0.0049,0.0692,-0.0134
0.6898,-9.4268,2.1459,0.0000,0.0668,-0.0146
0.6131,-9.4651,2.0310,-0.0024,0.0643,-0.0206
0.5748,-9.3885,2.0310,-0.0109,0.0631,-0.0243
0.6131,-9.3502,1.8777,-0.0243,0.0619,-0.0291
0.6898,-9.3885,2.0693,-0.0279,0.0595,-0.0316
0.6898,-9.4268,2.2609,-0.0328,0.0607,-0.0291
0.8430,-9.4651,2.1843,-0.0304,0.0716,-0.0182
0.7664,-9.3502,2.1459,-0.0194,0.0801,-0.0121
0.7281,-9.3502,2.0310,-0.0194,0.0753,-0.0158
0.6131,-9.3118,2.1459,-0.0206,0.0656,-0.0182
0.6131,-9.3118,2.1459,-0.0267,0.0656,-0.0243
0.8047,-9.4651,2.0693,-0.0376,0.0680,-0.0219
0.7664,-9.3502,1.9160,-0.0340,0.0680,-0.0158
0.8430,-9.3885,2.0310,-0.0364,0.0583,-0.0182
0.7281,-9.3885,1.8777,-0.0413,0.0607,-0.0231
0.7664,-9.4651,1.9543,-0.0449,0.0571,-0.0219
0.7281,-9.5418,1.9543,-0.0413,0.0546,-0.0194
0.7281,-9.3885,1.9543,-0.0328,0.0546,-0.0134
0.7281,-9.3118,1.8011,-0.0279,0.0583,-0.0073
0.8430,-9.3502,2.0310,-0.0376,0.0595,-0.0049
0.7281,-9.3502,1.9543,-0.0425,0.0631,-0.0061
0.7664,-9.3118,1.9927,-0.0401,0.0656,-0.0085
0.8047,-9.4268,2.1076,-0.0425,0.0680,-0.0097
0.7281,-9.3502,2.0310,-0.0474,0.0704,-0.0097
0.7281,-9.3502,2.1076,-0.0510,0.0692,-0.0121
0.7664,-9.4651,1.9927,-0.0486,0.0668,-0.0134
0.9197,-9.4651,2.0693,-0.0510,0.0668,-0.0158
0.6131,-9.5034,1.9160,-0.0474,0.0668,-0.0146
0.8430,-9.4651,2.1459,-0.0437,0.0668,-0.0134
0.7281,-9.5418,2.0310,-0.0389,0.0656,-0.0109
0.7281,-9.3885,1.9927,-0.0583,0.0668,-0.0170
0.4982,-9.6567,1.8011,-0.0656,0.0728,-0.0219
0.9580,-9.2735,1.9927,-0.0704,0.0765,-0.0231
0.6131,-9.4651,2.3759,-0.0704,0.0826,-0.0194
1.1496,-9.3885,1.9160,-0.0704,0.0862,-0.0134
0.8047,-9.5034,1.9160,-0.0777,0.0838,-0.0182
0.6514,-9.3885,1.8011,-0.0935,0.0801,-0.0194
0.6898,-9.3118,1.9160,-0.1056,0.0765,-0.0243
0.7664,-9.3502,2.0310,-0.1251,0.0728,-0.0316
0.7281,-9.3118,1.6478,-0.1457,0.0777,-0.0279
0.8430,-9.3118,1.8011,-0.1639,0.0753,-0.0316
0.7664,-9.5418,1.9160,-0.1712,0.0716,-0.0401
0.7664,-9.5034,1.7244,-0.1700,0.0704,-0.0425
0.6514,-9.4651,2.0693,-0.1700,0.0704,-0.0364
0.7664,-9.5418,1.7627,-0.1676,0.0680,-0.0291
0.7281,-9.5801,1.8011,-0.1566,0.0692,-0.0219
0.8047,-9.5034,1.7244,-0.1542,0.0728,-0.0194
0.8047,-9.4651,1.7244,-0.1615,0.0777,-0.0206
0.7664,-9.4268,1.6861,-0.1676,0.0692,-0.0243
0.7281,-9.3502,1.6478,-0.1603,0.0534,-0.0291
0.7664,-9.4651,1.6861,-0.1457,0.0449,-0.0279
0.7664,-9.6567,1.6861,-0.1372,0.0546,-0.0243
0.8814,-9.5034,1.6861,-0.1506,0.0607,-0.0243
0.8814,-9.5801,1.5328,-0.1700,0.0607,-0.0267
0.9580,-9.5418,1.4179,-0.1833,0.0595,-0.0279
0.9197,-9.5801,1.5711,-0.1700,0.0607,-0.0364
0.9580,-9.5034,1.4179,-0.1639,0.0668,-0.0413
0.7281,-9.3118,1.4562,-0.1761,0.0753,-0.0461
0.8814,-9.5034,1.3029,-0.1918,0.0813,-0.0510
0.8047,-9.5034,1.2263,-0.2100,0.0850,-0.0595
0.8814,-9.4651,1.2263,-0.2015,0.1008,-0.0583
0.9580,-9.4651,1.1496,-0.2028,0.1117,-0.0461

