-.-.-
2.2609,-9.0053,3.0656,-0.4905,-0.2659,-0.1287
2.3759,-9.3502,2.7591,-0.5160,-0.2574,-0.1469
2.0693,-9.6950,2.5675,-0.5743,-0.2355,-0.1469
2.0693,-10.0016,2.6824,-0.5840,-0.2113,-0.0862
1.3795,-9.9250,2.9890,-0.5209,-0.1724,-0.0376
1.1113,-9.6184,2.6058,-0.4687,-0.2015,0.0097
1.4562,-9.1586,2.0310,-0.5039,-0.2149,0.0571
1.7244,-9.5418,2.0310,-0.4857,-0.1724,0.0328
1.9927,-9.3502,1.9543,-0.3910,-0.1615,-0.0121
1.9927,-8.9286,1.8394,-0.3242,-0.1129,-0.0583
1.9160,-8.4688,1.9927,-0.2829,-0.0826,-0.1056
1.8777,-8.2005,1.9543,-0.2780,-0.0376,-0.1591
1.9160,-8.2389,1.7627,-0.2683,-0.0267,-0.2161
2.0693,-8.3538,1.6478,-0.2525,-0.0425,-0.2720
2.4525,-8.6221,1.6861,-0.2161,-0.0522,-0.3485
2.9123,-8.5454,1.7627,-0.1797,-0.0801,-0.4347
2.4908,-8.6604,1.5328,-0.1748,-0.1068,-0.4990
2.6441,-8.8137,1.3795,-0.1724,-0.1651,-0.5682
2.7207,-9.0819,1.3029,-0.1603,-0.2501,-0.6423
3.1039,-9.1202,1.2646,-0.1688,-0.3400,-0.7455
3.2955,-8.8137,1.2646,-0.1736,-0.3910,-0.8608
3.7554,-9.0819,1.4945,-0.2465,-0.3934,-0.9531
4.2152,-9.1969,1.4945,-0.2647,-0.3849,-1.0624
4.2919,-8.9670,1.1496,-0.3060,-0.3849,-1.2190
4.2919,-8.9286,1.2646,-0.3873,-0.4165,-1.3768
3.9087,-9.0053,1.5711,-0.4650,-0.4419,-1.5298
3.9087,-8.9670,1.0730,-0.4395,-0.4419,-1.6403
4.1003,-8.8520,0.8814,-0.3970,-0.3910,-1.7071
3.7171,-8.8903,0.0383,-0.4699,-0.0716,-1.8321
3.1039,-9.7717,0.4982,-0.2550,-0.1967,-1.9523
4.9433,-7.9323,2.2992,-0.1214,-0.7771,-2.0434
5.3648,-7.3958,1.8394,-0.0643,-1.2846,-2.0640
5.0966,-6.9360,0.9963,-0.2283,-1.5590,-2.0021
4.8284,-7.5491,0.9580,-0.2222,-1.6415,-2.0082
4.3685,-6.8977,0.4598,-0.2052,-1.7107,-2.1502
4.2152,-4.9816,-0.6514,-0.3278,-2.1029,-2.2085
5.0966,-4.2152,-1.5711,-0.7673,-2.3919,-2.1976
5.5948,-4.9816,0.2299,-1.1704,-1.6330,-2.3348
6.5911,-5.0966,-1.3412,-1.2651,-1.4861,-2.2668
6.0546,-3.0656,-1.1113,-1.3113,-1.2931,-2.3494
4.6368,-2.7591,1.6861,-2.1272,-1.0077,-2.4404
5.4415,-4.4068,-0.5365,-2.6833,-0.9920,-2.4149
5.9396,-3.7171,-0.0383,-2.2583,-0.5075,-2.2401
3.8704,-3.9853,0.4215,-2.1296,-0.0474,-1.9596
5.2116,-2.5675,-1.2263,-1.0405,0.1457,-1.7714
4.4068,-1.4562,-1.3029,-0.9446,0.4310,-1.3380
5.0966,-4.4452,1.4945,-1.5662,0.7965,-0.5974
5.1349,-7.7790,0.0000,-1.2287,1.4788,-0.3023
3.8320,-5.2499,-3.9087,0.2950,1.6804,-0.5901
1.8011,0.4982,-5.6714,1.8807,1.6391,-1.1122
0.3066,3.0273,-8.5454,1.2858,1.8042,-1.2870
-3.8704,2.2609,-7.0893,0.6945,1.8807,-1.4048
-0.3832,1.1113,-0.1916,0.7722,1.6901,-1.5007
25.0232,-1.9160,4.1769,1.4630,2.9929,-0.0109
56.5225,-1.1879,-3.4871,4.0819,4.8857,-0.9276
11.9943,-14.3701,-24.3717,2.7379,1.4181,-7.0505
17.2441,14.3318,1.1496,2.8144,1.6840,0.8875
-2.0693,11.4578,7.1276,0.1445,-0.1603,-0.6095
3.0656,-3.5638,5.7864,-1.6537,-0.9980,0.0291
4.0620,-2.6058,-0.6131,-0.1967,-1.7981,0.8110
7.6641,1.4562,-0.4215,0.7819,-1.5104,1.0429
5.3265,1.8777,0.8814,0.4031,-1.1777,0.8693
5.7480,1.1113,-1.1113,0.3132,-0.8778,0.8438
8.0089,1.4179,-0.7664,0.7588,-0.6641,0.5002
7.4725,0.4598,-0.7281,0.3740,-0.5063,-0.0546
8.8903,-1.0730,-0.1150,-0.0231,-0.4128,-0.3084
10.8446,0.6131,-0.8814,0.3302,-0.3035,-0.4784
12.7223,3.0273,-1.9543,0.6314,-0.2319,-0.4371
12.4924,3.7937,-2.7591,0.4735,-0.6229,-0.3982
11.3811,2.0310,-2.4525,0.1530,-0.8013,-0.2659
9.8866,1.8394,-1.8394,0.2647,-0.7042,-0.0461
9.6950,2.2226,-1.9543,0.4796,-0.4043,0.1943
9.6950,2.3375,-2.2226,0.3533,-0.3412,0.2853
9.3118,1.9543,-2.3375,0.0886,-0.3460,0.2841
9.4651,1.9160,-2.4908,-0.0777,-0.3302,0.3157
9.6567,1.4562,-2.7591,-0.3108,-0.2963,0.4857
9.8100,1.2263,-2.8357,-0.5403,-0.2258,0.5998
9.6950,0.3449,-2.5291,-0.7940,-0.1991,0.6617
10.1166,-0.8814,-2.4908,-0.7868,-0.1493,0.6569
10.0782,-1.1879,-2.3759,-0.6022,-0.0097,0.6131
10.0016,-1.6478,-2.8357,-0.4019,0.1153,0.5148
10.1166,-1.5711,-2.3759,-0.2113,0.1566,0.5112
10.1549,-1.8777,-2.2992,-0.0231,0.1712,0.4504
9.8866,-2.3375,-2.2609,0.0643,0.2137,0.3642
9.4651,-2.1076,-1.9543,0.2137,0.2598,0.2902
9.3502,-1.8011,-1.9927,0.2732,0.3072,0.2428
9.4651,-1.6861,-1.9543,0.2331,0.3387,0.1566
9.2352,-1.6095,-1.4179,0.1663,0.2950,0.0704
9.4651,-1.3029,-1.4945,0.1153,0.2878,0.0182
9.8866,-1.3412,-1.5711,0.0364,0.2756,-0.0461
10.0782,-1.3412,-1.9543,0.0170,0.2793,-0.1081
10.1166,-1.1496,-1.6095,0.0413,0.2829,-0.1506
9.8483,-1.0346,-1.5328,0.0801,0.2222,-0.1372
9.7717,-0.8430,-1.4179,0.1360,0.1906,-0.1202
9.7717,-0.8430,-1.3795,0.1299,0.1748,-0.0923
9.7334,-0.7664,-1.2646,0.0959,0.1506,-0.0741
9.8100,-0.7664,-1.3029,0.0522,0.1214,-0.0680
9.7334,-0.6514,-1.1113,0.0291,0.0704,-0.0546
9.7717,-0.6898,-1.0730,-0.0255,0.0000,-0.0413
9.7717,-0.8047,-1.1496,-0.0316,-0.0522,-0.0182
9.8866,-0.8814,-1.3795,-0.0085,-0.0728,0.0146
9.8483,-0.9963,-1.5328,0.0170,-0.0801,0.0352
9.8100,-1.0346,-1.4562,0.0134,-0.0911,0.0437
9.7717,-1.2263,-1.4945,0.0049,-0.1008,0.0291
9.7334,-1.0730,-1.6095,0.0121,-0.1008,0.0097
9.7334,-1.0730,-1.6861,0.0158,-0.1032,-0.0036
9.8100,-1.0730,-1.7627,0.0243,-0.0898,-0.0134
9.8100,-1.1496,-1.8011,0.0352,-0.0546,-0.0328
9.8866,-1.1879,-1.8777,0.0534,-0.0097,-0.0449
9.8100,-0.9580,-1.8394,0.0753,0.0134,-0.0389
9.8483,-1.0346,-1.8011,0.0850,0.0279,-0.0340
9.8483,-0.9580,-1.6861,0.0813,0.0376,-0.0255
9.6950,-0.9197,-1.5711,0.0668,0.0389,-0.0291
9.7717,-0.8814,-1.6095,0.0668,0.0425,-0.0255
9.8100,-0.7281,-1.6861,0.0765,0.0486,-0.0146
9.8100,-0.8047,-1.5711,0.0680,0.0352,-0.0012
9.7717,-0.8430,-1.5328,0.0595,0.0134,0.0073
9.8100,-0.9963,-1.6478,0.0607,0.0121,0.0073
9.8100,-1.0730,-1.6861,0.0619,0.0206,0.0097
9.8100,-0.9197,-1.6095,0.0656,0.0291,0.0134
9.8100,-0.9580,-1.5711,0.0680,0.0304,0.0182
9.8483,-1.0730,-1.6861,0.0692,0.0340,0.0134
9.8100,-1.0730,-1.6478,0.0716,0.0522,0.0085
9.8100,-1.1496,-1.6478,0.0789,0.0850,-0.0061
9.8483,-1.1496,-1.7244,0.0838,0.1226,-0.0146
9.7717,-1.0346,-1.5711,0.0753,0.1506,-0.0267
9.5801,-0.7281,-1.2646,0.0449,0.1153,-0.0243
9.8483,-0.8814,-1.3029,0.0194,0.0304,-0.0036

