-.-.-
-2.7974,1.6095,8.2005,-0.0583,-0.1020,0.4067
-3.2572,2.2609,9.1202,0.0838,0.1020,0.2465
-4.8667,2.6058,9.5418,0.2525,0.1141,0.0243
-4.7900,2.4525,8.7370,0.1918,0.1530,-0.1251
-5.0966,1.8011,8.2005,0.1542,0.1639,-0.2610
-5.5564,1.4945,7.8173,0.2756,0.1761,-0.3727
-6.1696,1.2263,7.4341,0.3254,0.2015,-0.4116
-6.3995,1.1113,7.5108,0.3072,0.2586,-0.4165
-6.4378,1.1113,7.6641,0.2562,0.2926,-0.3922
-6.5528,1.0730,7.5491,0.2562,0.3290,-0.3157
-6.8977,0.9963,8.0089,0.3120,0.3327,-0.1955
-7.1659,1.3412,7.7407,0.3545,0.3254,-0.0765
-7.3575,1.9160,7.4341,0.3047,0.3084,0.0146
-7.2809,2.3375,7.1276,0.2088,0.2841,0.0680
-6.9743,2.2992,6.9360,0.1311,0.2756,0.0959
-6.6677,2.3759,6.8593,0.1190,0.2902,0.1214
-6.5911,2.6824,7.1276,0.1008,0.2805,0.1081
-6.2079,2.7207,7.2425,0.0704,0.2380,0.0728
-6.2462,2.7974,7.3575,0.0668,0.1797,0.0413
-6.1313,2.6824,7.4341,0.0728,0.1712,0.0085
-6.3229,2.7974,7.6641,0.0765,0.1615,-0.0109
-6.3229,2.9507,7.5491,0.1020,0.1833,-0.0352
-6.4378,2.8740,7.3958,0.1093,0.1821,-0.0413
-6.6294,2.7974,7.5491,0.1202,0.1882,-0.0510
-6.7061,2.5675,7.3192,0.1311,0.1870,-0.0583
-6.8210,2.6058,7.3192,0.1396,0.1651,-0.0668
-6.8977,2.6058,7.1276,0.1178,0.1323,-0.0656
-6.8593,2.4908,7.0893,0.0801,0.1008,-0.0607
-6.8593,2.2992,7.0893,0.0413,0.0813,-0.0510
-6.9743,2.2609,7.1659,0.0255,0.0595,-0.0316
-6.8977,2.4525,7.1659,0.0206,0.0486,-0.0121
-6.9743,2.3375,6.9743,0.0073,0.0461,-0.0012
-6.9360,2.3759,7.0509,-0.0061,0.0486,0.0085
-6.7444,2.4142,7.2425,-0.0036,0.0461,0.0194
-6.7444,2.4525,7.2809,-0.0036,0.0352,0.0255
-6.6294,2.4525,7.3192,-0.0134,0.0340,0.0304
-6.4761,2.4142,7.3575,-0.0206,0.0376,0.0316
-6.4761,2.6441,7.3958,-0.0158,0.0389,0.0352
-6.5528,2.6441,7.4341,-0.0146,0.0328,0.0352
-6.5528,2.6441,7.4341,-0.0158,0.0364,0.0304
-6.6294,2.5291,7.2042,-0.0158,0.0510,0.0219
-6.5145,2.6058,7.3575,-0.0134,0.0631,0.0109
-6.5145,2.7207,7.4341,-0.0158,0.0728,0.0036
-6.5145,2.6441,7.4341,-0.0219,0.0753,-0.0036
-6.4761,2.5675,7.3192,-0.0316,0.0813,-0.0109
-6.5145,2.4908,7.3575,-0.0340,0.0826,-0.0170
-6.6677,2.6441,7.2809,-0.0340,0.0826,-0.0182
-6.5145,2.4525,7.3575,-0.0304,0.0850,-0.0134
-6.4378,2.4525,7.3958,-0.0328,0.0862,-0.0085
-6.4378,2.3759,7.3958,-0.0352,0.0850,-0.0061
-6.5911,2.4525,7.3192,-0.0328,0.0898,-0.0024
-6.7061,2.4142,7.2809,-0.0182,0.0959,0.0000
-6.5911,2.4908,7.3958,-0.0036,0.0947,-0.0036
-6.5911,2.4908,7.2809,0.0073,0.0983,-0.0036
-6.5911,2.5291,7.3192,-0.0085,0.1044,-0.0012
-6.5528,2.5291,7.1659,-0.0231,0.1020,0.0000
-6.5528,2.6058,7.2809,-0.0194,0.1020,0.0012
-6.6677,2.5291,7.2425,-0.0194,0.0971,0.0073
-6.5911,2.5675,7.3192,-0.0097,0.0935,0.0085
-6.5911,2.6058,7.2425,0.0012,0.0911,0.0049
-6.6677,2.4908,7.3192,0.0024,0.0911,0.0000
-6.6677,2.4908,7.3192,0.0000,0.0923,-0.0073
-6.5145,2.6058,7.3192,-0.0085,0.0971,-0.0085
-6.5911,2.4525,7.2425,-0.0134,0.0911,-0.0024
-6.7061,2.5291,7.3575,-0.0134,0.0886,0.0024
-6.5145,2.4525,7.2809,-0.0121,0.0850,0.0049
-6.5911,2.4908,7.2809,-0.0061,0.0874,0.0036
-6.6294,2.4908,7.3575,-0.0024,0.0886,0.0024
-6.6294,2.5291,7.3192,0.0000,0.0923,0.0012
-6.6677,2.4908,7.3575,0.0109,0.0971,0.0012
-6.6677,2.5675,7.5108,0.0206,0.1032,-0.0024
-6.6677,2.6824,7.2425,0.0182,0.1044,-0.0049
-6.6677,2.5675,7.1659,0.0182,0.0996,-0.0024
-6.5528,2.4525,7.3192,0.0158,0.0971,0.0024
-6.5528,2.6058,7.3575,0.0085,0.0947,0.0036
-6.5528,2.4908,7.3575,0.0024,0.0898,0.0061
-6.8210,2.6441,7.3192,0.0024,0.0838,0.0049
-6.7061,2.5291,7.2809,-0.0085,0.0777,0.0049
-6.6294,2.4908,7.2042,-0.0231,0.0728,0.0073
-6.6294,2.4908,7.3575,-0.0291,0.0680,0.0109
-6.6677,2.4908,7.2809,-0.0206,0.0631,0.0134
-6.5911,2.5675,7.3958,-0.0073,0.0656,0.0158
-6.7061,2.5291,7.3575,0.0036,0.0801,0.0146
-6.5911,2.5291,7.3575,0.0134,0.0874,0.0146
-6.5911,2.6058,7.2425,0.0170,0.0898,0.0085
-6.7061,2.7207,7.3575,0.0170,0.0886,0.0036
-6.5528,2.4908,7.3575,0.0085,0.0874,0.0061
-6.5911,2.5675,7.1659,-0.0049,0.0838,0.0097
-6.5911,2.6824,7.2809,-0.0158,0.0716,0.0134
-6.7827,2.6441,7.2425,-0.0194,0.0571,0.0194
-6.6677,2.5291,7.2042,-0.0158,0.0510,0.0243
-6.5528,2.5291,7.3192,-0.0219,0.0559,0.0267
-6.6294,2.6058,7.2809,-0.0364,0.0631,0.0267
-6.5911,2.6824,7.3575,-0.0364,0.0607,0.0219
-6.5528,2.6441,7.3575,-0.0121,0.0668,0.0206
-6.6294,2.5291,7.3575,0.0036,0.0765,0.0158
-6.4761,2.6058,7.3575,-0.0134,0.0947,0.0134
-6.4761,2.6441,7.3575,-0.0328,0.1056,0.0121
-6.5145,2.5675,7.3575,-0.0328,0.1129,0.0146
-6.3995,2.6441,7.3958,-0.0243,0.1153,0.0049
-6.5145,2.7591,7.4341,-0.0243,0.1299,0.0000
-6.5911,2.6441,7.3575,-0.0425,0.1348,-0.0024
-6.6294,2.6824,7.3192,-0.0546,0.1421,-0.0061
-6.5145,2.5291,7.3192,-0.0498,0.1396,-0.0121
-6.5911,2.4525,7.3192,-0.0413,0.1445,-0.0170
-6.5911,2.4908,7.3575,-0.0449,0.1506,-0.0194
-6.5911,2.5675,7.4341,-0.0389,0.1676,-0.0219
-6.5911,2.6441,7.3192,-0.0170,0.1724,-0.0267
-6.5528,2.6824,7.3192,-0.0061,0.1712,-0.0340
-6.6677,2.5675,7.2042,-0.0134,0.1797,-0.0437
-6.7061,2.5675,7.1659,-0.0413,0.1991,-0.0522
-6.5911,2.5675,7.0893,-0.0595,0.2040,-0.0546
-6.7061,2.5291,7.2425,-0.0777,0.2076,-0.0571
-6.6294,2.4525,7.0893,-0.0947,0.2088,-0.0498
-6.7444,2.5291,7.1659,-0.1008,0.2100,-0.0474
-6.9743,2.5291,7.2425,-0.1105,0.2076,-0.0413
-6.8210,2.4142,7.0893,-0.1153,0.2064,-0.0474
-7.0126,2.4908,7.1276,-0.1153,0.2028,-0.0546
-6.8977,2.4142,7.0509,-0.1129,0.1967,-0.0643
-6.8977,2.4525,6.8977,-0.1202,0.1930,-0.0643
-6.8593,2.4525,7.0509,-0.1323,0.1930,-0.0619
-6.8210,2.4142,7.2425,-0.1238,0.2113,-0.0619
-6.9743,2.3375,7.1659,-0.1032,0.2198,-0.0656
-7.0509,2.4142,7.0893,-0.0898,0.2392,-0.0692
-7.0893,2.4142,7.2042,-0.0838,0.2623,-0.0692
-7.0126,2.3759,7.0893,-0.0826,0.2805,-0.0631
-7.0509,2.3759,7.1276,-0.0850,0.2841,-0.0534
-6.9360,2.2992,7.0893,-0.0850,0.2793,-0.0583

