-.-.-
9.1969,-0.0383,2.6058,0.0534,0.1566,-0.0741
9.3118,-0.0383,2.7591,-0.0158,0.1311,-0.0304
9.5034,-0.1916,2.4142,-0.0595,0.0850,-0.0291
9.6567,-0.2299,2.5291,-0.0461,0.0559,-0.0304
9.5801,-0.1533,2.4142,-0.0073,0.0328,-0.0231
9.4268,-0.0766,2.1843,0.0109,0.0340,-0.0109
9.5034,0.0000,2.2226,0.0073,0.0364,0.0182
9.6950,-0.1150,2.2226,-0.0121,0.0401,0.0255
9.6184,-0.1916,2.2226,-0.0267,0.0316,0.0158
9.6567,-0.2682,2.0310,-0.0255,0.0340,0.0073
9.5418,-0.1533,2.0310,-0.0316,0.0522,0.0036
9.6567,-0.1916,1.9543,-0.0194,0.0777,0.0134
9.7717,-0.2682,2.1076,-0.0012,0.0874,0.0267
9.6567,-0.2299,2.0693,0.0012,0.0959,0.0231
9.6184,-0.2299,2.1843,-0.0121,0.0886,0.0134
9.3885,-0.4215,2.2992,-0.0182,0.0971,-0.0049
9.6567,-0.5365,2.1843,0.0024,0.1032,-0.0085
9.3885,-0.3066,2.4142,0.0158,0.1044,-0.0061
9.4268,-0.3066,2.5675,0.0036,0.0911,-0.0073
9.5801,-0.4215,2.2226,-0.0109,0.0789,-0.0085
9.4651,-0.3832,2.4525,-0.0085,0.0631,-0.0061
9.5418,-0.1916,2.1459,-0.0158,0.0498,-0.0170
9.4268,-0.1916,2.2992,-0.0049,0.0449,-0.0231
9.5034,-0.1916,2.1843,-0.0121,0.0352,-0.0170
9.6567,-0.3066,2.2609,-0.0170,0.0389,-0.0219
9.6567,-0.3832,2.0310,-0.0097,0.0389,-0.0219
9.5418,-0.1533,2.1843,0.0036,0.0401,-0.0206
9.5801,-0.1533,2.2609,-0.0049,0.0510,-0.0267
9.5801,-0.1916,2.1076,-0.0073,0.0510,-0.0170
9.5418,-0.1533,2.2226,-0.0182,0.0498,-0.0170
9.6184,-0.2299,2.1459,-0.0085,0.0546,-0.0170
9.6567,-0.1916,2.0310,-0.0049,0.0546,-0.0109
9.5418,-0.0766,2.2226,-0.0121,0.0595,-0.0097
9.6184,-0.1533,2.2226,-0.0146,0.0619,-0.0085
9.5418,-0.1150,2.1843,-0.0134,0.0619,-0.0097
9.7334,-0.2299,2.1076,-0.0085,0.0643,-0.0012
9.6184,-0.1533,2.0310,-0.0073,0.0728,0.0061
9.4651,-0.1533,2.1076,-0.0291,0.0765,0.0049
9.7717,-0.3449,2.0310,-0.0085,0.0704,0.0121
9.6567,-0.4215,2.1843,0.0036,0.0728,0.0036
9.5418,-0.2299,2.1459,0.0073,0.0789,-0.0049
9.4651,-0.1533,2.2226,-0.0036,0.0898,-0.0097
9.5418,-0.3832,2.1076,-0.0206,0.0947,-0.0158
9.6184,-0.3449,2.2609,-0.0097,0.0850,-0.0134
9.5801,-0.1533,2.2226,0.0012,0.0692,-0.0109
9.5801,-0.1533,2.2609,-0.0097,0.0595,-0.0134
9.6567,-0.3066,2.1459,-0.0121,0.0559,-0.0073
9.6184,-0.2299,2.1843,-0.0146,0.0595,-0.0061
9.5418,-0.2682,2.1076,-0.0121,0.0607,-0.0049
9.6567,-0.1533,1.9927,-0.0109,0.0607,-0.0073
9.6184,-0.2299,2.2226,-0.0121,0.0704,-0.0109
9.6950,-0.2299,2.1843,-0.0158,0.0668,-0.0085
9.7334,-0.2682,2.0310,-0.0073,0.0656,-0.0049
9.5418,-0.1916,2.1459,-0.0049,0.0643,-0.0061
9.6184,-0.1533,2.1843,-0.0146,0.0728,-0.0109
9.6567,-0.1533,2.0693,-0.0134,0.0813,-0.0134
9.6567,-0.1916,1.9927,-0.0085,0.0862,-0.0146
9.5034,-0.2682,2.2609,-0.0036,0.0874,-0.0061
9.6184,-0.1533,2.2992,-0.0049,0.0753,-0.0036
9.5801,-0.2299,2.2992,-0.0134,0.0692,-0.0049
9.5034,-0.1533,2.1459,-0.0170,0.0728,-0.0061
9.6184,-0.1533,2.2992,-0.0170,0.0753,-0.0049
9.6567,-0.1533,2.1843,-0.0109,0.0728,-0.0012
9.5418,-0.1533,2.1459,-0.0121,0.0741,-0.0036
9.5418,-0.1533,2.0693,-0.0146,0.0704,-0.0049
9.5801,-0.1533,2.2226,-0.0121,0.0716,-0.0049
9.6184,-0.1916,2.1076,-0.0109,0.0789,-0.0073
9.7334,-0.3449,2.2226,-0.0097,0.0789,-0.0036
9.5801,-0.1533,2.2226,-0.0109,0.0741,-0.0049
9.6567,0.1150,2.1076,-0.0146,0.0765,-0.0036
9.8100,-0.1916,2.9507,-0.0109,0.0801,-0.0061
9.5418,-0.1533,2.1843,-0.0073,0.0801,-0.0049
9.6184,-0.1150,2.1459,-0.0121,0.0753,-0.0036
9.8100,-0.1533,2.0310,-0.0194,0.0765,-0.0012
9.5034,-0.1916,2.0693,-0.0146,0.0728,-0.0012
9.6184,-0.2299,2.1076,-0.0121,0.0789,-0.0012
9.5801,-0.1533,2.2609,-0.0206,0.0777,-0.0024
9.6184,-0.2682,2.0310,-0.0219,0.0753,0.0000
9.5418,-0.1533,2.1076,-0.0134,0.0753,-0.0036
9.6184,-0.1916,2.2226,0.0000,0.0777,0.0000
9.6950,-0.1150,2.1843,-0.0109,0.0789,0.0036
9.4651,-0.1150,2.2226,-0.0364,0.0838,0.0000
9.5801,-0.2682,2.1843,-0.0182,0.0789,0.0073
9.5418,-0.2299,2.1843,0.0049,0.0741,0.0049
9.5801,-0.1916,2.1459,0.0085,0.0777,0.0036
9.6184,-0.1533,2.1843,-0.0036,0.0898,0.0000
9.4651,-0.2299,2.1459,-0.0170,0.0947,-0.0061
9.6184,-0.2682,2.2226,-0.0085,0.0862,-0.0036
9.5034,-0.1533,2.0310,-0.0073,0.0753,-0.0024
9.6184,-0.1916,2.2226,-0.0182,0.0680,0.0000
9.6184,-0.1533,2.2226,-0.0182,0.0631,-0.0012
9.6567,-0.1533,2.1843,-0.0146,0.0668,-0.0012
9.6184,-0.1150,2.1459,-0.0109,0.0728,-0.0024
9.6567,-0.1916,2.1459,-0.0158,0.0741,-0.0036
9.5801,-0.2682,2.1459,-0.0194,0.0716,-0.0036
9.6567,-0.3066,2.1076,-0.0158,0.0753,-0.0024
9.6950,-0.1916,2.1459,-0.0121,0.0801,-0.0012
9.6567,-0.1916,2.2226,-0.0146,0.0753,-0.0012
9.6950,-0.1533,2.1459,-0.0134,0.0753,-0.0036
9.5418,-0.1533,2.0693,-0.0134,0.0801,-0.0061
9.5418,-0.2299,2.1076,-0.0109,0.0886,-0.0049
9.6950,-0.1533,2.1459,-0.0085,0.0838,-0.0036
9.6567,-0.1533,2.2226,-0.0097,0.0801,-0.0024
9.6184,-0.2682,2.1459,-0.0170,0.0728,-0.0024
9.6184,-0.1533,2.1843,-0.0182,0.0741,-0.0036
9.5418,-0.3066,2.1459,-0.0146,0.0692,-0.0049
9.6950,-0.2299,2.0693,-0.0109,0.0704,-0.0049
10.1932,0.0383,2.0693,-0.0049,0.0753,-0.0036
9.6567,-0.1533,2.2992,-0.0121,0.0716,-0.0036
9.5034,-0.1916,2.2992,-0.0097,0.0692,-0.0061
9.6184,-0.1916,2.0693,-0.0182,0.0716,-0.0085
9.6184,-0.1533,2.2609,-0.0121,0.0789,-0.0061
9.5418,-0.1150,2.1459,-0.0121,0.0728,-0.0061
9.6184,-0.1533,2.2609,-0.0109,0.0656,-0.0036
9.5801,-0.2299,2.0693,-0.0146,0.0656,-0.0049
9.5801,-0.1533,2.1459,-0.0182,0.0765,-0.0024
9.6567,-0.2682,2.2609,-0.0146,0.0753,-0.0036
9.4651,-0.1533,2.1843,-0.0146,0.0716,-0.0061
9.6950,-0.2299,2.1843,-0.0194,0.0789,-0.0073
9.6184,-0.1533,2.2609,-0.0134,0.0789,-0.0061
9.5418,-0.1533,2.1459,-0.0182,0.0741,-0.0036
9.6950,-0.2299,2.0693,-0.0206,0.0692,-0.0012
9.6184,-0.1533,2.1459,-0.0134,0.0704,-0.0024
9.5034,-0.1533,2.1076,-0.0121,0.0753,-0.0049
9.5418,-0.1533,2.1459,-0.0146,0.0728,-0.0036
9.5034,-0.1533,2.1076,-0.0158,0.0716,-0.0049
9.7334,-0.3066,2.1843,-0.0121,0.0728,-0.0049
9.6950,-0.1533,2.1843,-0.0049,0.0716,-0.0012

