-.-.-
-0.9963,-1.4179,9.3502,-0.1833,-0.0546,-0.0935
-1.4562,-1.5328,9.4268,-0.2380,-0.0498,-0.1251
-0.7664,-1.8011,9.1586,-0.2319,-0.1068,-0.1360
-0.8430,-1.8011,9.3885,-0.2550,-0.0886,-0.1761
-0.5748,-1.9927,9.2352,-0.2829,-0.0983,-0.1991
-0.9580,-1.9927,9.2352,-0.2987,-0.0437,-0.1943
-0.9580,-2.2226,9.0053,-0.3132,-0.0498,-0.1894
-1.2646,-2.1076,9.3118,-0.3351,0.0121,-0.1809
-1.0346,-2.2609,9.1969,-0.3776,-0.0121,-0.1554
-1.1496,-2.4908,9.0819,-0.3995,0.0109,-0.1360
-1.1113,-2.4525,9.0436,-0.4080,0.0158,-0.1214
-0.9580,-2.4908,9.0053,-0.4371,-0.0073,-0.1153
-0.8047,-2.9890,9.1586,-0.4517,-0.0146,-0.1238
-0.7664,-3.0273,9.0436,-0.4201,0.0219,-0.1336
-0.8814,-3.2189,9.0819,-0.4031,-0.0243,-0.1566
-0.6131,-3.2955,8.9670,-0.4007,-0.0340,-0.1918
-0.9963,-3.3339,9.0053,-0.4213,0.0182,-0.1991
-1.1879,-3.6404,8.3921,-0.4432,-0.0255,-0.2125
-0.8430,-4.2152,8.6604,-0.3910,-0.0376,-0.2028
-0.7664,-3.7554,8.6221,-0.2805,0.0219,-0.1979
-0.6131,-3.5255,8.6221,-0.2829,0.0073,-0.1761
-0.9197,-3.6021,8.8520,-0.3327,0.0304,-0.1615
-0.4215,-3.7171,8.4688,-0.3242,-0.0279,-0.1530
-0.2682,-3.7554,8.7754,-0.2950,-0.0121,-0.1591
-0.4982,-3.6787,8.7370,-0.2659,-0.0449,-0.1712
-0.4215,-3.6021,8.6604,-0.3145,-0.0061,-0.1615
-0.4215,-3.5255,8.8903,-0.3922,-0.0134,-0.1384
-0.3066,-4.2536,8.5838,-0.4322,-0.0656,-0.1493
-0.4982,-4.5984,8.3538,-0.3946,0.0024,-0.1663
-0.8814,-4.4068,8.6987,-0.3594,0.0607,-0.1566
-1.1113,-4.4835,8.2005,-0.3727,-0.0097,-0.1542
-1.1879,-4.4068,8.2389,-0.4019,-0.0437,-0.1323
-1.0730,-4.5601,8.2772,-0.4031,-0.0559,-0.1360
-1.1879,-4.7517,8.0089,-0.3946,-0.0631,-0.1178
-0.8047,-4.9050,8.0473,-0.3521,-0.0862,-0.0886
-0.6898,-4.7134,8.0856,-0.3375,-0.0971,-0.0704
-0.7281,-4.7134,8.2005,-0.3679,-0.1081,-0.0583
-0.3066,-5.0583,8.3538,-0.3715,-0.1336,-0.0389
-0.0383,-5.2882,8.0473,-0.3387,-0.1469,-0.0376
0.0000,-5.0583,8.2005,-0.2914,-0.1093,-0.0243
0.0766,-5.0200,7.8557,-0.2635,-0.1020,-0.0401
0.0000,-4.9433,8.0089,-0.2671,-0.0898,-0.0510
0.1150,-5.1349,7.8557,-0.2708,-0.1178,-0.0510
0.2682,-5.0966,7.9706,-0.2817,-0.0947,-0.0716
-0.1916,-5.2499,8.0089,-0.3315,-0.0680,-0.0862
-0.4598,-5.4798,7.9323,-0.2865,-0.0449,-0.0692
-0.5365,-5.2116,7.7024,-0.2647,-0.0486,-0.0765
-0.5365,-5.2116,7.7024,-0.2890,-0.0534,-0.0753
-0.4215,-5.6331,7.7790,-0.2659,-0.0534,-0.0583
-0.3832,-5.6714,7.5491,-0.2355,-0.0583,-0.0546
-0.3066,-5.7097,7.6257,-0.2355,-0.0559,-0.0437
-0.3832,-5.8247,7.3958,-0.2028,-0.0583,-0.0522
-0.4982,-5.7480,7.3575,-0.1627,-0.0546,-0.0619
-0.4982,-5.6714,7.5874,-0.1311,-0.0753,-0.0546
-0.1150,-5.8630,7.3575,-0.1493,-0.1105,-0.0437
0.0383,-6.1696,7.4341,-0.1408,-0.1020,-0.0425
-0.0766,-6.0163,7.3575,-0.0850,-0.0996,-0.0486
0.0383,-5.5948,7.3192,-0.0389,-0.1068,-0.0340
0.1150,-5.6331,7.4341,-0.0753,-0.1166,-0.0194
0.2299,-5.9396,7.5108,-0.1020,-0.1068,-0.0049
0.4598,-5.9396,7.3575,-0.0643,-0.0898,-0.0146
0.4215,-6.1696,7.3958,-0.0656,-0.0631,-0.0073
0.2682,-6.0546,7.3958,-0.0158,-0.0376,0.0182
0.1533,-5.8630,7.4725,-0.0121,-0.0340,0.0036
0.0383,-5.9396,7.2425,0.0049,-0.0340,-0.0146
0.0766,-6.0163,7.3192,0.0340,-0.0413,-0.0206
-0.1150,-6.0163,7.3575,0.0716,-0.0413,0.0024
-0.2682,-5.9013,7.2425,0.0923,-0.0486,0.0109
-0.1533,-6.0163,7.1659,0.1020,-0.0607,0.0000
-0.1916,-6.0163,7.3192,0.1129,-0.0656,-0.0134
-0.1916,-5.9396,7.4341,0.1056,-0.0728,-0.0049
0.0383,-6.0163,7.5491,0.0716,-0.0947,0.0134
0.2682,-6.0929,7.3575,0.0461,-0.0959,-0.0109
0.0766,-6.2079,7.2809,0.0389,-0.0607,-0.0316
0.1916,-6.2845,7.3192,0.0789,-0.0486,-0.0389
0.0766,-5.9396,7.3192,0.0947,-0.0328,-0.0389
0.0383,-6.0546,7.2425,0.0741,-0.0425,-0.0498
0.1533,-5.9013,7.5874,0.0826,-0.0352,-0.0340
0.3449,-5.7864,7.4341,0.0935,-0.0291,-0.0316
0.3832,-5.8247,7.5491,0.0656,-0.0024,-0.0194
0.4598,-5.8247,7.7024,0.0449,0.0024,-0.0219
0.3449,-6.0163,7.3958,0.0304,0.0146,-0.0364
0.3066,-5.8247,7.3958,0.0401,0.0340,-0.0328
0.1533,-5.7864,7.3575,0.0437,0.0389,-0.0146
0.1916,-5.9396,7.3575,0.0316,0.0170,-0.0097
0.0766,-6.0546,7.4341,0.0219,0.0036,-0.0024
0.1150,-6.0163,7.2425,0.0267,-0.0061,0.0061
0.1150,-6.0546,7.2809,0.0461,-0.0170,-0.0049
0.1533,-6.0163,7.2042,0.0947,-0.0061,0.0073
0.3066,-6.0163,7.3958,0.0911,-0.0134,0.0206
0.3066,-5.9780,7.3958,0.1008,-0.0194,0.0376
0.3832,-5.8630,7.4341,0.1081,0.0097,0.0304
0.3066,-6.0163,7.4341,0.0947,0.0279,0.0158
0.1916,-5.7864,7.5874,0.0996,0.0279,0.0097
0.0766,-5.8247,7.3958,0.0983,0.0328,0.0073
0.0000,-5.6331,7.4725,0.0838,0.0389,-0.0109
-0.0383,-5.9013,7.4725,0.0631,0.0352,-0.0146
-0.1150,-5.8630,7.4725,0.0862,0.0291,-0.0049
0.0000,-5.7480,7.2809,0.1056,0.0121,0.0061
0.2299,-5.8630,7.3958,0.0753,0.0134,0.0109
0.1150,-5.9013,7.4725,0.0680,0.0170,-0.0036
0.2682,-5.9396,7.4341,0.0850,0.0219,-0.0073
0.1533,-5.7097,7.3192,0.0862,0.0206,-0.0146
0.1916,-5.7480,7.5874,0.0728,0.0170,-0.0097
0.1150,-5.8630,7.4341,0.0619,0.0146,-0.0109
0.0383,-5.8630,7.5491,0.0777,0.0194,-0.0255
0.0766,-5.8630,7.3958,0.0741,0.0267,-0.0170
0.1533,-5.9780,7.5491,0.0643,0.0231,-0.0097
0.1150,-5.8630,7.3575,0.0801,0.0219,-0.0073
0.1533,-5.8630,7.3958,0.0765,0.0304,-0.0097
0.1533,-5.9013,7.4725,0.0741,0.0304,-0.0121
0.1533,-5.8630,7.4725,0.0716,0.0170,-0.0109
0.3066,-6.0163,7.4341,0.0716,0.0219,-0.0036
0.2682,-5.9013,7.4341,0.0886,0.0316,-0.0036
0.1150,-5.9013,7.5108,0.0971,0.0437,0.0000
0.0766,-5.7097,7.4725,0.1044,0.0401,-0.0012
0.0000,-5.7480,7.3958,0.0947,0.0328,-0.0024
0.1533,-5.8247,7.5108,0.0765,0.0401,0.0012
0.0383,-5.9780,7.6641,0.0898,0.0425,-0.0012
0.0383,-5.8247,7.3575,0.1044,0.0413,0.0000
0.1150,-5.7480,7.4725,0.0850,0.0437,0.0061
0.1150,-5.9396,7.4725,0.0643,0.0340,-0.0012
0.0766,-5.9780,7.5108,0.0692,0.0352,-0.0085
0.0383,-5.8630,7.5491,0.0801,0.0401,-0.0097
0.0000,-5.7864,7.4341,0.0874,0.0328,-0.0085
0.0383,-5.8247,7.4725,0.0789,0.0255,-0.0097
0.1533,-5.9780,7.5108,0.0753,0.0231,-0.0061
0.0000,-5.7097,7.4725,0.0826,0.0231,0.0109

