-.-.-
-1.6861,-1.3029,9.0819,-0.0789,0.1008,-0.0121
-1.7244,-1.1879,9.0436,-0.0498,0.0935,-0.0085
-1.6095,-1.3412,9.1202,-0.0073,0.0898,-0.0109
-1.6478,-1.1113,9.0436,0.0000,0.0838,-0.0085
-1.6861,-1.0730,9.1202,-0.0219,0.0850,-0.0049
-1.7627,-0.8814,9.5418,-0.0425,0.0886,-0.0049
-1.4945,-1.1879,9.0819,-0.0510,0.0850,-0.0036
-1.6478,-1.3029,9.0436,-0.0449,0.0874,-0.0061
-1.7244,-1.2263,9.0436,-0.0425,0.0862,-0.0073
-1.6478,-1.1113,9.2352,-0.0522,0.0923,-0.0097
-1.7244,-1.1113,9.1202,-0.0559,0.0923,-0.0061
-1.6478,-1.1496,9.1202,-0.0486,0.0862,-0.0073
-1.6478,-1.3412,9.2352,-0.0595,0.0911,-0.0073
-1.6095,-1.3412,9.1202,-0.0704,0.0983,-0.0134
-1.6478,-1.3029,9.1586,-0.0474,0.0947,-0.0097
-1.6861,-1.1879,9.1586,-0.0134,0.0911,-0.0085
-1.7627,-1.2646,9.1202,-0.0109,0.0862,-0.0097
-1.5328,-1.2646,9.1969,-0.0352,0.0850,-0.0085
-1.7244,-1.2646,9.1969,-0.0401,0.0959,-0.0097
-1.7244,-1.3412,9.2352,-0.0316,0.0923,-0.0049
-1.7244,-1.2263,9.1969,-0.0061,0.0886,-0.0049
-1.6478,-1.2646,9.0819,0.0243,0.0789,-0.0036
-1.5711,-1.2646,9.0819,0.0316,0.0813,0.0000
-1.6478,-1.1879,9.0436,0.0304,0.0777,0.0000
-1.6861,-1.3029,9.1586,0.0219,0.0716,-0.0012
-1.6861,-1.1496,9.2735,0.0206,0.0777,-0.0036
-1.8011,-1.2263,9.2735,0.0243,0.0813,-0.0024
-1.6095,-1.3029,9.0819,0.0182,0.0838,-0.0012
-1.6478,-1.0730,9.1202,0.0073,0.0886,0.0000
-1.6861,-1.3029,9.1969,0.0012,0.0765,0.0000
-1.6478,-1.1879,9.1202,0.0085,0.0777,0.0024
-1.5711,-1.2646,9.1586,0.0291,0.0765,0.0024
-1.7244,-1.2263,9.3118,0.0243,0.0777,-0.0024
-1.7244,-1.1879,9.0053,0.0194,0.0777,-0.0036
-1.7627,-1.1113,9.1202,0.0474,0.0801,0.0024
-1.6861,-1.0346,9.1969,0.0716,0.0753,0.0024
-1.6478,-1.0730,9.2352,0.0643,0.0668,0.0049
-1.8394,-1.0346,9.2352,0.0413,0.0607,-0.0012
-1.7627,-1.1113,9.2735,0.0291,0.0668,0.0000
-1.6095,-0.9963,9.2735,0.0316,0.0777,0.0012
-1.5711,-1.1496,9.2735,0.0219,0.0777,0.0036
-1.8011,-0.9963,9.1586,0.0194,0.0789,0.0036
-1.7627,-1.1113,9.1586,0.0146,0.0789,0.0012
-1.5328,-1.2646,9.0819,0.0182,0.0753,0.0000
-1.6095,-1.0730,9.1969,0.0219,0.0765,0.0000
-1.6095,-1.0730,9.1969,0.0158,0.0765,0.0000
-1.6478,-1.0730,9.2735,0.0036,0.0826,-0.0012
-1.6861,-0.9580,9.2735,0.0085,0.0789,-0.0036
-1.6861,-1.0730,9.1969,0.0255,0.0765,-0.0024
-1.5711,-1.0346,9.1202,0.0328,0.0777,0.0012
-1.6478,-0.9580,9.1586,0.0243,0.0704,-0.0085
-1.6478,-0.9580,9.2352,0.0073,0.0728,-0.0012
-1.6095,-1.0730,9.1969,-0.0049,0.0838,0.0000
-1.7244,-1.0346,9.1969,-0.0024,0.0862,-0.0036
-1.7244,-0.8047,9.2735,0.0085,0.0886,-0.0036
-1.7627,-0.9963,9.1969,0.0182,0.0874,-0.0012
-1.6861,-0.9963,9.2352,0.0182,0.0789,-0.0012
-1.5711,-0.9963,9.1586,0.0170,0.0716,-0.0073
-1.6478,-0.9580,9.2352,0.0146,0.0765,-0.0073
-1.7244,-0.9963,9.2352,-0.0012,0.0789,-0.0061
-1.6478,-0.9580,9.3885,-0.0097,0.0789,-0.0036
-1.6478,-1.0730,9.3118,-0.0158,0.0801,-0.0085
-1.5328,-0.9963,9.1969,-0.0255,0.0813,-0.0061
-1.5711,-0.9963,9.1969,-0.0413,0.0777,-0.0049
-1.6478,-0.9963,9.2352,-0.0401,0.0789,-0.0036
-1.9927,-1.2263,9.1969,-0.0376,0.0801,-0.0061
-1.7244,-1.2263,9.1586,-0.0461,0.0862,-0.0109
-1.8011,-1.2646,8.9670,-0.0352,0.0911,-0.0097
-1.6861,-1.0730,9.0819,-0.0012,0.0971,-0.0024
-1.6861,-1.1496,9.2352,0.0279,0.0971,0.0000
-1.6478,-0.8814,9.1202,0.0389,0.0850,-0.0024
-1.6861,-0.9963,9.1586,0.0255,0.0789,-0.0024
-1.6861,-1.1113,9.1969,0.0134,0.0838,-0.0024
-1.6478,-0.8814,9.1969,0.0134,0.0838,-0.0073
-1.6478,-1.0730,9.1202,0.0049,0.0911,0.0012
-1.6861,-1.0346,9.2735,0.0049,0.0898,-0.0012
-1.6478,-0.9963,9.1586,0.0024,0.0850,-0.0012
-1.6478,-1.0346,9.2352,0.0134,0.0874,0.0085
-1.6861,-0.8814,9.1586,0.0012,0.0777,0.0000
-1.6478,-0.9580,9.1969,-0.0194,0.0813,-0.0024
-1.7244,-0.8814,9.1586,-0.0376,0.0838,-0.0036
-1.7244,-0.9197,9.1969,-0.0498,0.0838,-0.0036
-1.7627,-0.9963,9.1586,-0.0461,0.0838,-0.0036
-1.6478,-0.8430,9.3118,-0.0401,0.0850,-0.0061
-1.5711,-1.0346,9.2352,-0.0546,0.0850,-0.0073
-1.6861,-1.0346,9.1202,-0.0680,0.0850,-0.0061
-1.6478,-1.0730,9.0053,-0.0619,0.0838,-0.0049
-1.7627,-0.9963,9.1202,-0.0643,0.0850,-0.0049
-1.6095,-1.0730,9.1202,-0.0643,0.0862,-0.0049
-1.5711,-1.0730,9.2735,-0.0595,0.0862,-0.0097
-1.6095,-1.0730,9.1202,-0.0631,0.0850,-0.0073
-1.6095,-1.1879,9.3502,-0.0668,0.0838,-0.0073
-1.6861,-1.0346,9.1202,-0.0692,0.0850,-0.0061
-1.5711,-1.1113,8.9286,-0.0619,0.0850,-0.0061
-1.5711,-0.9963,9.2352,-0.0461,0.0862,-0.0061
-1.7244,-1.1113,9.1586,-0.0437,0.0862,-0.0061
-2.0693,-0.3832,8.9286,-0.0486,0.0850,-0.0061
-1.5328,-1.7627,9.1202,-0.0522,0.0874,-0.0036
-1.9543,-0.8814,9.1969,-0.0534,0.0911,-0.0061
-1.6861,-1.1496,9.1969,-0.0595,0.0898,-0.0061
-1.6095,-1.1113,9.1586,-0.0631,0.0923,-0.0049
-1.4562,-1.6095,9.5034,-0.0607,0.0886,-0.0097
-1.9160,-0.9580,9.0053,-0.0583,0.0923,-0.0097
-1.6861,-1.2646,9.2352,-0.0874,0.0971,-0.0121
-1.6478,-1.0730,9.1969,-0.1008,0.1044,-0.0158
-1.9160,-1.4179,9.2352,-0.0607,0.1008,-0.0109
-1.4562,-1.1113,9.0819,-0.0109,0.0947,-0.0097
-1.6095,-1.1879,9.1969,0.0000,0.0923,-0.0073
-1.4179,-0.8814,9.1969,-0.0267,0.0789,-0.0073
-1.6095,-1.3412,9.2735,-0.0389,0.0850,-0.0061
-1.5711,-0.9963,9.2352,-0.0316,0.0898,-0.0061
-1.6861,-1.3029,9.1586,-0.0231,0.0935,-0.0061
-1.7627,-1.4179,9.2352,-0.0304,0.0911,-0.0085
-1.3029,-1.1113,9.2352,-0.0389,0.0935,-0.0061
-1.6861,-1.1879,8.9286,-0.0352,0.0850,-0.0049
-1.5328,-1.2646,9.3118,-0.0267,0.0753,-0.0049
-1.6095,-1.2263,8.7370,-0.0304,0.0850,-0.0073
-1.5711,-1.3029,9.1202,-0.0413,0.0874,-0.0085
-1.7627,-1.1879,9.2735,-0.0255,0.0923,-0.0073
-1.7627,-1.3412,9.1202,-0.0097,0.0862,-0.0061
-1.6478,-1.1113,9.1969,-0.0097,0.0862,-0.0073
-1.6861,-1.2263,9.1969,-0.0267,0.0850,-0.0097
-1.7244,-1.1879,9.0819,-0.0328,0.0862,-0.0061
-1.6861,-1.3412,9.1202,-0.0291,0.0874,-0.0049
-1.6478,-1.2263,9.2735,-0.0243,0.0898,-0.0061
-1.7627,-1.2263,9.1586,-0.0219,0.0874,-0.0049
-1.7627,-1.3412,9.1586,-0.0121,0.0838,-0.0049
-1.6095,-1.3029,9.0819,-0.0012,0.0813,-0.0036

