-.-.-
8.3850,-0.6203,-2.1867,-1.0653,-0.0724,0.2035
8.6604,-0.5700,-2.3280,-1.1633,0.0117,0.2258
9.2544,-0.3784,-2.3016,-1.2804,0.1033,0.2684
9.6998,-0.0982,-2.1483,-1.3337,0.0128,0.3004
9.7932,-0.0455,-2.4908,-1.3955,-0.0320,0.3579
10.2363,0.2850,-2.4765,-1.4051,-0.0543,0.3579
10.5309,0.4191,-2.3471,-1.4136,-0.1545,0.4250
10.3561,0.4646,-1.9903,-1.4125,-0.3015,0.4336
9.9010,0.2251,-2.0501,-1.4658,-0.3228,0.3878
9.4603,0.2994,-2.0573,-1.4498,-0.3526,0.3441
9.1011,0.1269,-2.3351,-1.5127,-0.3356,0.3025
9.0388,0.3161,-2.3687,-1.5095,-0.2684,0.2834
9.1202,0.2850,-2.2513,-1.5137,-0.2439,0.3015
9.0436,0.0335,-2.1819,-1.5691,-0.2322,0.3388
9.2328,0.1126,-2.2896,-1.5500,-0.1662,0.3270
9.2855,0.1677,-2.4214,-1.5414,-0.1491,0.4112
9.3094,0.4622,-2.2992,-1.5020,-0.1236,0.4890
9.3382,0.9245,-1.9184,-1.3966,-0.1641,0.5252
9.0747,1.1951,-2.1507,-1.2655,-0.1119,0.5337
9.5394,0.7137,-2.1292,-1.2719,-0.1609,0.5422
8.6532,0.7904,-2.3687,-1.0844,-0.1193,0.5145
9.0508,0.9915,-2.7279,-1.0930,-0.0160,0.4730
10.2172,0.9652,-2.7567,-1.0940,0.0852,0.3941
10.2746,1.1520,-2.0477,-1.0248,-0.1385,0.3057
9.8220,1.5975,-2.1483,-0.9534,-0.1939,0.1971
9.7645,2.2010,-1.9495,-0.8501,-0.2386,0.1044
9.4867,2.2298,-2.0046,-0.7020,-0.1896,-0.0181
10.0639,0.9269,-1.8633,-0.8490,-0.2344,-0.1204
10.3034,1.0730,-1.6023,-0.7521,-0.1289,-0.3601
10.4088,2.3160,-0.6778,-0.7489,-0.3057,-0.3739
9.1969,3.3411,-0.7951,-0.7041,-0.4591,-0.2684
8.1886,3.0704,-1.2765,-0.8820,-0.3728,-0.0842
8.2461,2.2657,-1.5232,-1.0983,-0.1182,0.0479
10.2794,1.5592,-1.3101,-1.4019,0.0309,0.1800
11.2302,2.4238,-0.9317,-1.3145,-0.0501,0.3164
10.3058,2.6417,-1.1712,-1.4466,-0.1960,0.4208
9.2496,3.2429,-1.7795,-1.5457,-0.3185,0.4602
8.6843,3.8416,-2.0382,-1.5595,-0.2663,0.4964
8.4257,3.7195,-1.8394,-1.5627,-0.2471,0.4890
8.2197,3.2405,-1.7795,-1.5276,-0.2567,0.4186
7.9323,3.0321,-1.8849,-1.4317,-0.1534,0.2908
7.9347,2.9938,-1.7987,-1.4083,-0.1012,0.2823
8.0401,2.9052,-1.7699,-1.3912,-0.0362,0.2621
8.4664,3.1207,-1.4226,-1.3763,0.0117,0.2312
9.0005,3.2429,-1.4250,-1.3113,0.0629,0.2312
9.2424,3.2285,-1.4610,-1.2549,0.0937,0.1790
9.7214,3.0752,-1.3867,-1.2581,0.0032,0.1300
9.8076,3.1327,-1.4466,-1.1665,-0.0245,0.0884
9.8196,3.0800,-0.8981,-1.0780,-0.2205,0.0575
9.1490,2.8070,-1.0299,-1.0354,-0.2290,0.0660
8.8041,2.5100,-1.0323,-1.0312,-0.0863,0.0788
9.0005,2.6848,-0.4718,-0.9811,-0.0618,0.0852
8.9885,2.8573,-0.6586,-0.9151,-0.0799,0.0895
8.9454,2.8046,-0.5628,-0.9012,-0.0298,0.0724
9.2639,2.9171,-0.0982,-0.8661,-0.0788,0.0607
9.2208,2.9123,-0.4622,-0.8139,-0.1055,0.0533
9.5154,2.9219,-0.7185,-0.7425,-0.0874,0.0320
9.7956,2.7926,-0.5916,-0.6349,-0.1534,-0.0032
9.7142,2.3806,-1.4610,-0.5923,-0.1150,-0.0096
10.0064,2.2801,-0.7377,-0.6296,-0.0895,0.0415
10.4327,1.6645,-0.8909,-0.7169,-0.1768,0.0842
10.3537,2.2154,-1.4514,-0.7137,-0.1917,0.0746
9.6088,2.6417,-2.7567,-0.6551,-0.1257,0.0405
9.4819,3.0345,-2.6249,-0.6232,-0.0362,0.0533
10.0663,2.9578,-2.5267,-0.5475,-0.0256,0.0863
9.8962,2.2825,-3.0680,-0.4410,-0.0533,0.1193
9.3645,1.2957,-3.4392,-0.4336,-0.0245,0.0842
8.8544,0.9628,-3.2069,-0.3814,-0.0501,0.0224
8.0257,0.9772,-3.5087,-0.3388,0.0053,-0.0288
7.1898,0.9987,-3.1566,-0.2929,0.1364,-0.0011
7.2545,1.3867,-2.6202,-0.1257,0.4495,-0.0469
8.9191,1.9519,-2.1100,0.0501,0.5965,-0.0810
10.7225,2.4597,-1.6837,0.2237,0.3888,-0.1395
11.6709,1.7484,-2.0334,0.4069,0.1332,-0.1779
11.2279,1.1999,-2.1962,0.4826,-0.0629,-0.2461
9.5825,0.7281,-2.1388,0.5294,-0.1694,-0.2493
8.0760,0.5413,-2.7375,0.5625,-0.0245,-0.2514
7.7215,0.5724,-2.4597,0.6136,0.2152,-0.2770
8.1383,1.1257,-2.0453,0.7595,0.3739,-0.3047
8.7418,1.5065,-1.9639,0.9001,0.4240,-0.3015
9.2017,1.4658,-2.1747,1.0386,0.4293,-0.2951
9.4507,1.4155,-2.3687,1.1622,0.4400,-0.2961
9.7741,1.4322,-2.2777,1.2922,0.4314,-0.3249
9.9824,1.4801,-2.1938,1.3955,0.3281,-0.3611
9.7214,1.3244,-2.2729,1.4786,0.2429,-0.3750
9.4891,0.9939,-2.2058,1.5031,0.2141,-0.3803
9.4196,0.6826,-2.1340,1.5255,0.1917,-0.3760
9.4484,0.6347,-2.0262,1.5500,0.2013,-0.3643
9.5154,0.6395,-1.8657,1.5617,0.1481,-0.3292
9.2975,1.0059,-1.8130,1.6405,0.0969,-0.2525
9.0053,0.9101,-2.2154,1.6916,0.1140,-0.1662
9.0436,0.4335,-2.6537,1.6735,0.1108,-0.1225
9.1681,0.3784,-3.1135,1.6448,0.2226,-0.1694
9.4651,0.5868,-2.9674,1.6384,0.3686,-0.1491
9.4675,0.5509,-3.4321,1.6128,0.3782,-0.1310
9.0244,0.4766,-4.2727,1.5457,0.4261,-0.1374
8.9861,1.2789,-4.5793,1.5042,0.5198,-0.2194
9.4220,1.8657,-4.2152,1.5564,0.5177,-0.3196
9.8292,2.3974,-3.5087,1.5798,0.3601,-0.4208
9.2759,2.7040,-3.7410,1.6224,0.1641,-0.3888
8.0712,3.1303,-3.8296,1.7108,0.1449,-0.3089
7.4629,2.5291,-3.7410,1.7566,0.3739,-0.2631
8.4903,1.6933,-3.2836,1.7300,0.5145,-0.3089
9.5968,1.4131,-2.3950,1.6650,0.4602,-0.3441
9.6926,1.8753,-1.9232,1.6139,0.3750,-0.3377
9.7118,2.0669,-2.2298,1.4754,0.3079,-0.2535
9.5801,2.1914,-2.3112,1.3944,0.2887,-0.1896
9.4723,2.2082,-2.1627,1.2911,0.2993,-0.1374
9.5705,1.6406,-1.7939,1.2378,0.2290,-0.1406
9.2232,1.4658,-2.1268,1.2506,0.1779,-0.1854
9.2927,1.1783,-2.2417,1.1452,0.1715,-0.1758
9.4627,1.4059,-1.8418,1.0908,0.0490,-0.1939
9.4220,1.5999,-1.7939,1.0099,-0.0320,-0.1971
9.4412,1.8514,-1.6142,0.9257,-0.0660,-0.2003
9.2328,2.1914,-1.4538,0.8554,-0.1406,-0.1886
8.6724,2.6681,-1.9783,0.8373,-0.0618,-0.1832
8.9334,2.5675,-1.9088,0.7819,0.0202,-0.2674
8.9885,2.6082,-1.9112,0.7265,-0.0277,-0.2908
8.8137,2.1914,-2.2226,0.7009,0.0011,-0.3377
9.0915,2.0597,-2.2920,0.6221,-0.0117,-0.3430
9.0220,2.1388,-2.9076,0.6242,0.0341,-0.3654
9.5034,2.3280,-3.7889,0.6456,0.2631,-0.2056
11.1608,2.1196,-3.1279,0.5955,0.2674,0.0138
10.5692,1.5472,-2.0932,0.6328,0.0170,0.0927
8.8161,0.6682,-2.4549,0.5678,-0.0170,0.0064
7.7670,0.5940,-2.2154,0.4730,0.1406,-0.0884
7.8102,0.9173,-1.8130,0.3494,0.1907,-0.1300
9.1514,1.4873,-1.3867,0.2727,0.1800,-0.1023

