-.-.-
4.2536,-3.6356,7.8748,0.0053,0.3185,-0.2599
4.1697,-3.5662,7.8269,-0.0128,0.3068,-0.2589
4.1961,-3.5949,8.0066,-0.0256,0.3111,-0.2663
4.3326,-3.4153,7.9994,-0.0245,0.3015,-0.2482
4.3925,-3.1327,8.1407,-0.0064,0.2823,-0.2184
4.4499,-3.0465,8.2748,-0.0181,0.2429,-0.1886
4.1841,-2.8141,8.1526,0.0032,0.2748,-0.1715
4.1146,-2.5004,8.0233,0.0682,0.2919,-0.1257
4.1170,-2.6249,7.9802,0.1545,0.2407,-0.0874
4.1458,-2.8644,7.8676,0.2290,0.2088,-0.0650
4.3685,-3.1495,7.9323,0.2684,0.1886,-0.0660
4.0236,-3.5159,7.7215,0.2791,0.2365,-0.0682
4.4883,-4.0188,7.9970,0.2738,0.1342,-0.1012
4.4236,-4.0931,7.7742,0.2621,0.1065,-0.1182
4.3254,-4.1913,7.5707,0.2386,0.1161,-0.1246
4.5218,-4.5889,7.5419,0.1672,0.1310,-0.1545
4.6727,-4.5434,7.4509,0.1246,0.0927,-0.1641
4.5960,-4.4619,7.2162,0.0788,0.0874,-0.1619
4.6463,-4.7062,7.1563,0.0320,0.1140,-0.1822
4.7445,-4.8379,7.1946,0.0149,0.1001,-0.2077
4.7924,-4.8236,7.0701,-0.0352,0.0991,-0.2237
4.8092,-4.7900,7.1635,-0.0746,0.0607,-0.2376
4.5601,-4.7829,6.9072,-0.0852,0.0895,-0.2535
4.4907,-4.8787,7.1611,-0.1321,0.1172,-0.2759
4.3182,-4.8787,7.1994,-0.1779,0.1289,-0.3004
4.2919,-4.7733,7.1707,-0.1662,0.2099,-0.3068
4.5913,-4.8787,7.6186,-0.1715,0.1981,-0.3334
4.4523,-4.7158,7.0988,-0.2067,0.1886,-0.3654
4.3901,-4.9002,7.0006,-0.2216,0.2035,-0.3920
4.4356,-4.8739,7.2880,-0.3313,0.1758,-0.3878
3.9542,-4.5194,7.1922,-0.4794,0.1289,-0.3920
3.7243,-3.9446,7.6353,-0.3718,0.1172,-0.3313
4.1338,-4.4308,7.8509,-0.3345,0.0895,-0.2929
4.1865,-4.5960,7.6521,-0.3004,0.0778,-0.2908
3.9997,-4.5122,7.7910,-0.2759,0.1246,-0.3132
4.0404,-4.6942,7.8437,-0.3728,0.1417,-0.2898
3.9063,-4.0811,7.8796,-0.3547,0.2237,-0.2876
3.7961,-3.8440,7.7958,-0.2727,0.2908,-0.2258
4.0212,-3.2117,7.9970,-0.2578,0.2386,-0.1459
3.7626,-2.6824,8.2652,-0.2131,0.1641,-0.0703
3.5877,-2.4429,8.3395,-0.2131,0.0884,-0.0011
3.5806,-2.5627,8.4424,-0.2589,0.0170,0.0703
3.8033,-2.6704,8.6340,-0.1726,0.0905,0.0128
4.1266,-2.7040,8.4113,-0.1981,0.1214,-0.0160
4.2488,-2.3256,8.5071,-0.1768,0.1140,-0.0266
3.9662,-2.4621,8.3299,-0.1491,0.0735,0.0096
3.8368,-2.5244,8.1407,-0.1406,0.0543,0.0149
3.7985,-2.9339,8.0473,-0.1427,0.0565,0.0128
3.9662,-3.6069,7.8772,-0.1779,0.1044,0.0107
4.3805,-3.7243,7.8437,-0.2109,0.1012,0.0011
4.4571,-3.3411,7.7766,-0.1555,0.0575,-0.0075
4.1194,-3.5925,7.9060,-0.1470,0.0639,-0.0011
4.0596,-3.6644,7.9802,-0.1364,0.1555,0.0352
4.3254,-3.5015,8.1958,-0.1182,0.2258,-0.0021
4.3398,-3.8009,7.9371,-0.0778,0.2322,-0.0309
4.3853,-3.9111,7.7144,-0.0565,0.2983,-0.0565
4.3997,-3.6883,7.7934,-0.0820,0.3079,-0.0948
4.4116,-3.2572,7.7766,-0.0692,0.3270,-0.0874
4.6032,-3.1303,7.7790,-0.0671,0.3515,-0.0671
4.4859,-2.7543,7.9012,-0.0959,0.3739,-0.0490
4.6200,-2.1435,7.8533,-0.0969,0.3558,0.0149
4.5984,-2.0166,8.2700,-0.0842,0.3419,0.0362
4.5457,-1.7723,8.7825,-0.0032,0.2929,-0.0032
4.4164,-1.9256,8.3131,0.1353,0.2248,-0.0096
4.2943,-1.7891,8.3323,0.2280,0.2376,0.0383
4.4332,-2.3615,8.3802,0.3281,0.1715,0.1023
4.6176,-2.9267,8.1287,0.4048,0.1577,0.0969
4.6200,-3.5782,7.7814,0.4463,0.1992,0.0607
4.6200,-3.8632,7.6952,0.4655,0.2141,0.0810
4.4739,-4.2009,7.4940,0.4868,0.2205,0.0533
4.5362,-3.9614,7.3455,0.4719,0.2876,0.0618
4.5362,-4.0643,7.2473,0.4336,0.3462,0.1001
4.8308,-4.0787,7.2330,0.4059,0.3601,0.1097
4.7613,-4.0811,7.2258,0.3739,0.3611,0.1257
4.9361,-3.9973,7.1372,0.4059,0.3771,0.1204
5.1565,-4.2583,7.0318,0.4123,0.3824,0.1310
5.4151,-4.3134,6.9863,0.4346,0.3611,0.1332
5.2786,-4.2272,6.7803,0.4911,0.3675,0.0980
5.4559,-4.1793,6.8761,0.5902,0.4314,0.0671
5.7433,-4.1506,6.8426,0.6200,0.4112,0.0714
5.6906,-4.1314,6.6941,0.6786,0.4421,0.1129
6.0163,-4.2655,5.8007,0.5625,0.3622,0.1662
5.4247,-4.2440,5.3241,0.6104,0.5678,0.1374
6.0618,-3.8847,5.7624,0.6338,0.6562,0.1609
6.4570,-3.8153,5.3457,0.5348,0.7137,0.1491
6.8066,-3.8033,5.5493,0.5124,0.7308,0.1470
6.9408,-4.0548,5.3481,0.4463,0.6285,0.1939
6.7228,-4.2033,5.1373,0.4165,0.5795,0.2280
6.9216,-4.3805,4.9769,0.3899,0.4879,0.2610
7.1563,-4.6368,4.7421,0.3782,0.3696,0.2674
7.2066,-5.0439,4.5386,0.3718,0.3281,0.3079
7.3527,-5.4798,4.4068,0.3601,0.2461,0.2791
7.7742,-5.1445,4.8954,0.3899,0.0948,0.1715
6.5576,-5.0750,4.1985,0.3334,0.2173,0.2184
6.9144,-5.0319,4.1266,0.3238,0.2067,0.2439
6.8617,-4.9864,4.1290,0.3334,0.2482,0.2631
7.1779,-5.4151,3.8847,0.3505,0.2684,0.2365
7.3503,-5.2355,3.8751,0.3292,0.2589,0.1981
7.4054,-4.8906,4.0524,0.3569,0.2077,0.2237
7.2904,-4.8882,3.8584,0.3686,0.1641,0.2077
7.2665,-4.6775,3.8296,0.3728,0.1545,0.2535
7.4078,-5.1277,3.9111,0.3047,0.0991,0.2173
8.3251,-5.0463,4.5194,0.2599,-0.0671,0.1470
6.8210,-4.8499,3.9614,0.2109,-0.0213,0.2290
7.0461,-4.7565,4.0452,0.1577,0.0266,0.2471
7.3120,-4.5913,4.1841,0.1491,0.0213,0.2471
7.3910,-4.7421,4.1027,0.1491,0.0277,0.2344
7.5180,-4.6775,4.2368,0.1214,0.0479,0.2152
7.6281,-4.6966,4.2224,0.0756,0.0021,0.2184
7.4629,-4.5793,3.9398,0.0373,-0.0021,0.2216
7.5802,-4.5146,4.1170,0.0554,-0.0245,0.2589
7.4916,-4.6080,3.8440,0.0469,-0.0213,0.2312
7.5299,-4.3997,3.9302,-0.0085,0.0128,0.2141
7.4916,-4.4643,3.8919,-0.0149,0.0383,0.1907
7.7024,-4.4452,3.9901,-0.0234,0.0746,0.1832
7.5228,-4.4643,3.9206,-0.0469,0.0671,0.1907
7.7934,-4.3302,3.8656,0.0160,0.0724,0.1427
7.7742,-4.2200,3.8201,0.0266,0.0884,0.1747
7.7670,-4.1985,3.6907,0.0266,0.1119,0.1481
7.7287,-3.8823,3.6716,0.0479,0.1534,0.1395
7.7311,-3.7027,3.7841,0.0937,0.2035,0.1395
7.9586,-3.7027,3.6955,0.1268,0.2131,0.1417
8.0281,-3.8895,3.6428,0.1502,0.2077,0.1427
8.0497,-4.0141,3.6787,0.1630,0.2045,0.1342
8.1311,-4.1266,3.6787,0.1641,0.1779,0.1342
8.1239,-3.9829,3.6213,0.1534,0.1736,0.1150
8.1886,-3.8608,3.5590,0.1694,0.1534,0.1012
8.1646,-3.9135,3.4512,0.1683,0.1438,0.0916

