-.-.-
-7.9515,-1.5951,5.5852,-0.1555,-0.3899,-0.2578
-7.7096,-0.1341,6.0977,-0.1534,-0.4890,-0.2088
-8.1862,-0.4670,5.3409,-0.0820,-0.5167,-0.1289
-8.4017,-0.4886,5.1206,-0.0511,-0.4613,-0.1001
-8.2628,0.3305,5.3337,0.0394,-0.4836,-0.0362
-8.5670,-0.4838,4.5122,0.0298,-0.3984,0.0980
-8.5143,0.4048,4.7661,0.0320,-0.3388,0.2312
-8.4832,-0.5652,4.8763,0.1278,-0.3164,0.2908
-8.7298,-1.7124,4.4811,0.0660,-0.2290,0.2035
-8.5742,-0.2994,4.9457,0.1800,-0.2290,0.1555
-8.2748,-0.3137,5.1924,0.2503,-0.3356,0.2280
-8.5981,-1.1712,4.4068,0.1630,-0.3409,0.3356
-8.6460,-2.5459,4.4547,0.0383,-0.2748,0.1939
-8.5909,-0.9939,4.8451,0.1225,-0.3281,0.0810
-8.6149,-0.8263,4.6415,0.1779,-0.3771,0.1353
-8.3682,-1.2765,4.8715,0.0746,-0.4953,0.2407
-8.6796,-1.5951,4.1338,-0.0469,-0.5305,0.2759
-8.9550,-1.0682,3.8584,-0.0213,-0.4602,0.2834
-8.9167,-1.4155,3.9997,0.0160,-0.4591,0.2887
-8.9861,-1.8993,3.6644,-0.0043,-0.4400,0.2599
-9.0460,-1.9639,3.5470,-0.0426,-0.4176,0.1971
-9.0340,-2.0358,3.6045,-0.0458,-0.4123,0.1214
-9.2280,-2.0765,3.3147,0.0000,-0.3739,0.0234
-9.2807,-1.4370,2.7615,0.0234,-0.2812,-0.0320
-9.0628,-1.7579,3.4057,0.1278,-0.2365,-0.0330
-9.2160,-1.5041,2.9746,0.1470,-0.1736,-0.0234
-8.8783,-2.3687,3.7961,0.0905,-0.2301,-0.0501
-9.1538,-1.1400,3.2381,0.0128,-0.2621,-0.0032
-9.1418,-1.5831,3.1590,-0.0224,-0.2653,0.0692
-9.2735,-1.4681,2.9004,-0.0618,-0.2525,0.1033
-9.4028,-2.0909,2.6944,-0.0788,-0.2077,0.0660
-9.5226,-1.3652,2.2920,-0.0288,-0.0895,0.0543
-9.3502,-2.0094,2.7375,-0.0107,-0.0341,0.0021
-9.4124,-1.8466,2.6561,0.0011,0.0053,-0.0362
-9.3094,-1.8777,2.7998,0.0202,0.0437,-0.0767
-9.2615,-1.7268,2.9171,0.0256,0.0511,-0.1065
-9.2544,-1.7029,2.9866,0.0458,0.0575,-0.1140
-9.2041,-1.4586,3.1375,0.0266,0.0181,-0.0937
-9.2807,-1.5256,2.9531,0.0085,-0.0053,-0.0607
-9.2927,-1.3340,2.8429,-0.0043,0.0043,-0.0522
-9.3310,-1.7244,2.8405,0.0064,0.0309,-0.0692
-9.3717,-1.0993,2.8022,0.0288,0.0597,-0.0458
-9.2711,-1.4945,2.9722,0.0522,0.0650,-0.0426
-9.1178,-1.4921,3.2141,0.0309,0.0256,-0.0256
-9.2496,-1.3173,3.0345,0.0064,-0.0138,0.0234
-9.3118,-1.5735,2.8141,0.0373,-0.0085,0.0362
-9.3070,-1.7675,2.8165,0.0320,0.0064,0.0011
-9.3166,-1.4610,2.8285,0.0352,0.0256,-0.0181
-9.3334,-1.6334,2.8405,0.0543,0.0288,-0.0192
-9.2568,-1.4681,2.9650,0.0469,0.0170,-0.0138
-9.2352,-1.6238,3.0105,0.0170,-0.0213,0.0085
-9.3502,-1.4777,2.6800,-0.0107,-0.0128,0.0170
-9.2304,-1.6071,3.0872,-0.0149,-0.0320,0.0234
-9.4651,-1.3628,2.4812,-0.0117,0.0192,0.0202
-9.4005,-1.5735,2.6609,0.0011,0.0756,0.0075
-9.3142,-1.5424,2.7878,-0.0032,0.0969,0.0011
-9.3430,-1.8801,2.7016,-0.0021,0.1097,-0.0245
-9.2184,-1.4610,3.0225,-0.0032,0.1087,-0.0352
-9.2639,-1.7076,2.9866,-0.0128,0.0692,-0.0458
-9.3382,-1.7987,2.8333,-0.0234,0.0874,-0.0778
-9.3214,-1.5256,2.8884,-0.0096,0.1033,-0.0991
-9.3310,-1.8058,2.8453,-0.0490,0.1087,-0.1726
-9.3526,-1.1592,2.8668,-0.0011,0.1641,-0.1651
-9.2951,-1.2478,2.8980,-0.0096,0.1726,-0.1289
-9.2568,-1.1736,3.0728,0.0011,0.1896,-0.0959
-9.2711,-1.4226,3.0369,-0.0213,0.1758,-0.1119
-9.1681,-1.5017,3.3315,-0.0021,0.1811,-0.1502
-9.2496,-1.5184,3.1734,-0.0447,0.1619,-0.1886
-9.2304,-1.2406,3.2644,-0.0277,0.1609,-0.2237
-9.2160,-1.3891,3.2333,-0.0511,0.1459,-0.2706
-9.2304,-1.5951,3.2476,-0.0511,0.1651,-0.3622
-9.1681,-1.6047,3.5422,-0.0554,0.1236,-0.4890
-9.1466,-1.1664,3.6644,-0.1150,0.0543,-0.5390
-9.0795,-0.9532,3.7386,-0.1182,-0.0032,-0.5902
-9.1298,-1.1233,3.6907,-0.1598,-0.1023,-0.6818
-9.1154,-0.5461,3.5662,-0.1981,-0.1854,-0.7404
-9.0891,-1.3580,4.0093,-0.2972,-0.3515,-0.8639
-9.0460,-0.8119,3.9901,-0.4314,-0.5582,-1.0173
-9.3837,-0.3401,3.8153,-0.5156,-0.7574,-1.0812
-9.8172,0.1629,3.9733,-0.7286,-0.9705,-1.1590
-10.2459,0.6730,3.4297,-1.1292,-1.1057,-1.2975
-10.6554,0.1293,1.9256,-1.5894,-1.1281,-1.3731
-10.9812,0.2754,0.9628,-1.8227,-1.0290,-1.2751
-11.2135,1.4897,0.9173,-1.8078,-0.8810,-1.0621
-11.4051,2.0477,0.6227,-1.7353,-0.6807,-0.8426
-10.9045,2.2130,0.5892,-1.5574,-0.5092,-0.5859
-10.5165,2.6704,0.4431,-1.3976,-0.3835,-0.4123
-10.9404,3.0896,0.3425,-1.1484,-0.2216,-0.1641
-11.2446,3.9542,0.3161,-0.9470,-0.0554,0.0341
-11.2949,4.2991,0.9987,-0.6754,0.1417,0.1566
-11.3308,4.6320,1.5496,-0.3963,0.3292,0.2248
-10.7800,4.0404,2.1627,-0.2194,0.5209,0.3206
-9.4771,1.5831,2.2489,0.1108,0.6349,0.5273
-8.7442,1.8705,-0.9365,0.1768,0.5337,0.6296
-8.4161,4.1889,-1.0059,0.0991,0.5220,0.4432
-8.4616,4.8739,0.8886,0.4549,0.5827,0.2706
-8.5742,3.7554,2.4262,1.1899,0.7404,0.3611
-7.8006,3.0752,0.1844,1.4690,0.6860,0.4400
-7.3192,2.9028,-0.8598,1.4019,0.4890,0.4708
-8.1670,2.0477,3.7674,1.7747,0.5507,0.6477
-7.4653,3.9422,3.5997,2.8475,0.6999,0.9204
-7.7191,2.9555,0.0742,3.4823,0.9119,0.9822
-5.5708,1.4490,-0.6634,2.8038,0.8128,0.8320
-5.3074,-0.1988,-0.7904,1.3433,0.4836,0.6669
-5.2259,-4.0572,-0.3760,0.2333,-0.1129,0.9779
-8.2772,3.0273,-0.4527,-0.4112,-0.4250,0.7627
-9.4196,3.7386,-0.4479,-0.4613,-0.5209,0.6669
-10.0351,3.7961,-0.3593,-0.4346,-0.5710,0.6083
-10.2028,3.1902,-0.0838,-0.2940,-0.5081,0.5380
-9.4005,1.1999,0.8239,-0.0969,-0.4037,0.5614
-7.9299,-0.8287,1.3819,-0.0458,-0.2780,0.5635
-6.7228,-3.1854,0.4814,-0.1300,-0.3143,0.7116
-8.1239,-5.7504,-0.5125,-0.4943,-0.3217,0.9918
-11.1823,-2.9147,2.7806,-0.6232,-0.0671,1.1707
-13.2445,3.5231,4.1649,-0.0682,0.4325,0.8788
-15.4766,4.1506,4.7685,0.7180,0.8916,0.6317
-11.8937,-2.4046,3.3315,1.0610,1.0333,0.7819
-7.1683,-4.5410,3.5398,0.6008,0.7201,0.7436
-8.2724,-4.5673,4.4140,0.1811,0.5220,0.6690
-9.2831,-2.5435,2.5291,0.1353,0.4272,0.6487
-9.5178,-2.9986,2.6824,0.2035,0.3430,0.4953
-11.6182,-5.2666,4.7134,0.1992,0.5369,0.5646
-10.3201,-3.7314,3.0584,0.3004,0.6349,0.5348
-7.8269,-3.5398,1.5328,0.2834,0.4378,0.2748
-9.8124,-4.9960,4.9840,0.0714,0.3324,0.1662
-11.1919,-4.9242,7.2569,0.2855,0.4708,0.2184
-11.5009,-5.0655,5.2235,0.3366,0.4762,0.3068
-11.0099,-3.4680,3.9087,0.3313,0.3686,0.3366

