-.-.-
9.3406,-1.4897,-2.0741,0.2951,0.1662,-0.2684
9.3861,-1.2837,-1.9567,0.3419,0.0916,-0.2642
9.3502,-1.2191,-2.1220,0.3878,0.0128,-0.2546
9.0244,-1.2478,-2.3351,0.3803,0.0522,-0.2493
9.1322,-1.1879,-2.2920,0.4027,0.0405,-0.2088
9.0843,-1.5089,-2.3878,0.4101,0.0277,-0.1949
8.9550,-1.5089,-2.3687,0.4197,0.1321,-0.1854
9.2256,-1.7100,-2.0022,0.4155,0.1193,-0.1651
9.1945,-1.7460,-2.0477,0.4176,0.1076,-0.1758
9.1969,-1.6693,-2.1004,0.4059,0.1129,-0.1353
9.1825,-1.6645,-2.0956,0.4080,0.1182,-0.1310
9.1562,-1.5831,-2.1699,0.4037,0.1395,-0.1204
9.2112,-1.5376,-2.0980,0.4112,0.1310,-0.0905
9.2975,-1.4849,-1.9759,0.4432,0.0895,-0.0820
9.2328,-1.4442,-1.9951,0.4677,0.0288,-0.0575
9.0316,-1.3795,-2.0741,0.4708,0.0437,-0.0490
9.2520,-1.1448,-2.0406,0.4943,0.0511,-0.0447
9.4507,-1.0634,-1.8681,0.5444,0.0224,-0.0522
9.7381,-0.9197,-1.6358,0.6051,-0.0415,-0.0490
10.1597,-0.8718,-1.3771,0.6754,-0.1545,-0.0245
10.7369,-1.4202,-1.1664,0.6200,-0.4165,0.0426
11.0770,-1.9998,-1.3963,0.5806,-0.5167,0.0213
11.5176,-2.6225,-3.1878,0.4783,-0.4549,-0.1055
12.1787,-1.7579,-3.4848,0.4463,-0.2663,-0.1875
13.1367,-3.6237,-3.6835,0.3111,-0.4762,-0.3025
11.9080,-1.6334,-2.0669,0.2503,-0.8277,-0.2812
8.5430,-0.3401,-2.7231,0.3611,-0.8586,0.0565
7.5323,-0.2682,-3.5087,0.3846,-0.2887,0.2184
7.4222,0.6491,-2.4022,0.5880,0.0373,0.2706
7.7670,-0.1796,-2.9219,0.6392,0.0245,0.3750
7.8557,-1.0442,-3.8536,0.6338,0.1342,0.2940
7.6617,-1.1975,-4.0859,0.6157,0.2684,0.1683
8.3203,-1.0873,-3.9063,0.5699,0.2503,0.1427
8.9286,-0.7856,-3.8751,0.4826,0.0703,0.1076
9.1538,-0.6011,-3.9494,0.4357,0.0128,0.0650
9.5777,-0.6011,-3.5614,0.4069,0.0415,0.0959
9.6280,-0.9628,-3.2836,0.3089,0.0138,0.2258
9.4076,-1.1185,-3.1902,0.2088,-0.0138,0.3036
9.1394,-0.8766,-3.0680,0.1225,-0.0170,0.3334
8.8807,-0.8263,-3.4632,0.0799,0.0948,0.3047
8.7682,-0.5341,-3.2237,0.0330,0.1747,0.3143
8.8089,-0.1820,-2.9291,0.0075,0.1704,0.3206
8.4472,-0.0407,-3.1997,-0.0352,0.2344,0.3238
8.4975,-0.2012,-2.9650,-0.0831,0.3025,0.2961
9.1226,-0.0958,-2.3806,-0.0778,0.2322,0.2301
9.2017,-0.0599,-2.4118,-0.0937,0.1683,0.1704
9.1945,-0.2012,-2.6058,-0.1459,0.0959,0.1236
8.5742,0.0024,-2.9626,-0.1577,0.2120,0.1140
9.1107,0.0838,-2.6800,-0.1832,0.2333,0.0554
9.2256,0.2491,-2.4908,-0.2003,0.1928,0.0138
9.1035,0.3545,-2.4812,-0.2194,0.1758,-0.0192
9.1154,0.3281,-2.3974,-0.2461,0.1523,-0.0458
9.1370,0.3952,-2.3232,-0.2812,0.1417,-0.0554
9.2089,0.5580,-2.5220,-0.3111,0.1321,-0.0724
9.0939,0.5030,-3.1111,-0.2908,0.1981,-0.0692
9.1849,0.2850,-2.5531,-0.3132,0.2109,-0.0788
9.3597,0.0719,-2.4429,-0.3515,0.1800,-0.0831
9.6304,0.1365,-2.1986,-0.3824,0.1491,-0.0639
10.0591,0.2658,-1.6334,-0.4304,0.0415,-0.0128
10.0854,0.2275,-1.4322,-0.4772,-0.0575,0.0064
9.8986,0.5868,-1.6741,-0.5465,-0.1502,0.1321
9.6328,0.4934,-2.0909,-0.6456,-0.1672,0.1449
9.9944,-0.0048,-3.2093,-0.6754,-0.1704,0.1119
11.3476,-0.6634,-6.3827,-0.6679,0.1087,0.1598
12.9211,0.0695,-5.2978,-0.5902,0.3696,0.2642
12.7870,-0.2635,-3.5806,-0.5507,0.0597,0.3004
10.9860,-1.6574,-3.6692,-0.6583,-0.1609,0.0597
8.9526,-2.5555,-4.5625,-0.7734,-0.1001,-0.0682
8.2604,-3.0944,-4.4523,-1.0887,-0.0501,0.0373
7.8317,-2.1771,-3.9206,-1.1015,0.1332,-0.0330
8.1263,-1.0849,-3.1902,-0.8884,0.1150,-0.0597
7.5802,-0.1174,-3.2572,-0.6786,0.0703,-0.0501
8.2077,0.0814,-2.9028,-0.4645,-0.1023,-0.0383
8.8352,-0.2419,-2.9818,-0.4027,-0.0394,0.0160
9.8124,-0.7233,-2.5818,-0.3100,-0.0298,-0.0234
9.6902,-0.6826,-2.2465,-0.1917,-0.1960,0.0032
8.9382,-1.2574,-2.7231,-0.1992,-0.2386,0.0458
8.5885,-1.4705,-2.6297,-0.1800,-0.1758,0.0085
8.4927,-1.3915,-2.4477,0.0021,-0.2067,-0.0714
8.4089,-1.5304,-2.7974,-0.0916,-0.1001,-0.0756
8.7754,-1.2191,-2.6178,0.0490,-0.0192,-0.1747
8.6460,-1.3244,-2.7830,0.0916,0.0767,-0.1971
9.1466,-1.5208,-2.3304,0.1353,0.0224,-0.1843
9.2687,-1.5352,-2.3208,0.2940,-0.0383,-0.2461
9.4460,-1.8346,-2.1843,0.2173,-0.1044,-0.2205
9.2041,-1.7867,-2.3974,0.1268,-0.1278,-0.1736
9.0460,-1.1376,-2.0310,0.0991,-0.1342,-0.0980
8.9670,-0.9652,-1.9974,0.1257,-0.0767,-0.0522
9.1633,-0.7137,-1.6813,0.2312,-0.0820,-0.0341
8.4903,-1.0131,-1.8753,0.1875,-0.0607,0.0053
9.0244,-0.5413,-1.4610,0.4016,-0.0490,-0.0266
8.7538,-1.2574,-1.7172,0.3047,-0.0213,0.0341
9.0987,-1.0490,-1.5376,0.3611,-0.0107,0.0298
9.2041,-1.0394,-1.4562,0.4559,-0.0160,0.0170
9.3909,-0.8430,-1.3364,0.5124,-0.0352,0.0245
9.5322,-0.8718,-1.2191,0.5220,-0.0469,0.0554
9.9034,-0.7616,-0.9700,0.5593,-0.0991,0.0554
10.0950,-0.7065,-0.8766,0.5934,-0.1364,0.0469
10.0567,-0.7281,-0.5437,0.5987,-0.2248,0.0405
10.0711,-0.9891,-0.3137,0.6051,-0.3089,0.0053
9.9657,-1.3556,-0.4167,0.6551,-0.3036,-0.0511
10.1669,-1.6981,-0.4527,0.6179,-0.3153,-0.0671
10.2914,-1.3747,-1.0299,0.5475,-0.2290,-0.0959
11.1560,-2.1771,-4.4691,0.4964,0.1395,-0.2099
15.1724,-4.2176,-4.2823,0.3388,0.3292,-0.4794
16.0802,-4.5769,-1.5903,-0.0522,-0.5593,-0.5710
10.7081,-0.7233,-2.0861,-0.0277,-1.4488,-0.1523
5.6020,0.7520,-4.4260,0.2972,-0.7286,0.0256
4.9553,1.9495,-4.1314,0.5923,0.0660,-0.0064
4.8020,1.1975,-4.7805,0.8405,0.6115,0.1598
6.9815,-1.8226,-5.3744,0.7542,1.2389,0.0117
10.5261,-1.6717,-2.2082,0.6360,1.1537,0.0043
12.9068,-1.5160,-1.1233,0.4304,-0.0565,0.2322
10.4016,-0.8670,-3.0560,0.3505,-0.4346,0.2514
8.5119,-0.5317,-3.9518,0.3547,-0.0756,0.2269
8.4305,-0.6347,-3.1016,0.3419,0.1055,0.3121
8.2724,-0.8167,-2.8046,0.3196,0.1214,0.3547
7.8988,-0.4287,-3.0321,0.2983,0.1502,0.3526
7.8676,-0.4383,-3.4057,0.3047,0.3206,0.2653
8.5071,-0.3353,-3.2596,0.3238,0.4623,0.1672
9.0532,-0.0407,-2.9674,0.3611,0.3952,0.1587
9.4364,-0.1198,-2.7303,0.3153,0.2237,0.1193
9.1873,-0.1054,-2.8549,0.2940,0.1779,0.0660
9.2615,-0.2443,-2.6872,0.2301,0.1619,0.0501
9.0915,-0.3904,-2.7639,0.1928,0.1758,0.0437
9.0939,-0.2802,-2.6441,0.1268,0.1768,0.0543
8.9095,-0.0671,-2.6561,0.0948,0.2131,0.0447
8.9262,-0.0311,-2.4118,0.0138,0.1832,0.0277

