-.-.-
1.294920,-10.104300,-7.288830,-0.336000,-0.637000,-0.232000
-0.068670,-8.956530,-5.091390,-0.448000,-0.680000,-0.500000
-1.726560,-8.515080,-6.042960,-0.196000,0.093000,-0.623000
-0.392400,-8.956530,-6.141060,-0.256000,-0.007000,-0.599000
4.169250,-8.024580,-5.925240,-0.363000,0.127000,-0.457000
4.600890,-6.023340,-6.131250,-0.352000,-0.124000,-0.247000
0.804420,-5.238540,-5.866380,-0.192000,-0.223000,-0.164000
-0.029430,-5.012910,-5.748660,-0.072000,-0.301000,-0.261000
1.755990,-5.689800,-5.591700,-0.200000,-0.177000,-0.395000
2.756610,-6.533460,-6.170490,-0.154000,-0.286000,-0.385000
2.776230,-6.847380,-6.415740,-0.058000,-0.448000,-0.299000
2.128770,-6.386310,-6.337260,0.016000,-0.507000,-0.366000
2.835090,-6.513840,-6.396120,-0.005000,-0.420000,-0.421000
3.786660,-7.651800,-6.415740,-0.036000,-0.451000,-0.397000
4.336020,-8.495460,-6.307830,0.013000,-0.752000,-0.339000
4.306590,-8.181540,-5.729040,0.138000,-1.093000,-0.429000
3.315780,-7.592940,-4.905000,0.262000,-1.267000,-0.542000
1.049670,-7.200540,-5.336640,-0.131000,-0.789000,-0.620000
0.284490,-6.719850,-5.729040,-0.179000,-0.662000,-0.485000
0.461070,-7.632180,-7.180920,-0.276000,-0.619000,-0.467000
0.804420,-9.152730,-6.199920,-0.169000,-0.291000,-0.510000
1.755990,-8.564130,-6.464790,-0.121000,-0.103000,-0.371000
1.863900,-7.779330,-6.768900,-0.034000,-0.092000,-0.264000
1.520550,-7.318260,-6.435360,0.041000,-0.107000,-0.247000
2.589840,-7.475220,-6.553080,0.035000,-0.158000,-0.306000
3.237300,-7.749900,-6.101820,0.100000,-0.402000,-0.320000
2.560410,-7.651800,-5.827140,0.162000,-0.519000,-0.309000
2.001240,-7.475220,-5.326830,0.222000,-0.540000,-0.304000
1.412640,-7.504650,-4.179060,0.259000,-0.486000,-0.303000
1.353780,-6.994530,-5.473980,0.179000,-0.527000,-0.276000
1.824660,-7.386930,-5.611320,0.257000,-0.614000,-0.238000
2.177820,-7.789140,-4.718610,0.235000,-0.781000,-0.219000
1.481310,-8.073630,-5.375880,0.270000,-1.052000,-0.246000
0.706320,-8.269830,-5.601510,0.239000,-0.860000,-0.239000
0.971190,-8.260020,-5.611320,0.203000,-0.796000,-0.223000
1.334160,-8.220780,-5.572080,0.174000,-0.751000,-0.231000
1.383210,-8.191350,-5.169870,0.159000,-0.732000,-0.240000
0.941760,-7.897050,-4.983480,0.120000,-0.712000,-0.190000
0.981000,-7.632180,-4.954050,0.130000,-0.687000,-0.140000
0.647460,-7.475220,-4.748040,0.126000,-0.674000,-0.094000
0.009810,-7.416360,-4.954050,0.121000,-0.563000,-0.093000
0.431640,-7.602750,-5.267970,0.041000,-0.417000,-0.095000
1.834470,-8.004960,-5.248350,-0.023000,-0.368000,-0.082000
2.266110,-8.230590,-5.267970,-0.059000,-0.312000,-0.039000
1.187010,-7.259400,-5.130630,-0.040000,-0.231000,-0.046000
0.941760,-7.151490,-5.513220,0.008000,-0.075000,-0.081000
1.540170,-7.367310,-4.669560,0.008000,-0.179000,-0.051000
1.481310,-7.033770,-5.179680,-0.038000,-0.342000,-0.061000
1.648080,-7.279020,-4.777470,-0.031000,-0.442000,-0.070000
1.236060,-7.622370,-4.944240,-0.049000,-0.413000,-0.059000
0.863280,-7.592940,-4.973670,-0.048000,-0.390000,-0.014000
0.755370,-6.984720,-4.787280,-0.084000,-0.366000,-0.012000
0.882900,-6.582510,-4.532220,-0.105000,-0.349000,-0.082000
0.510120,-6.425550,-4.228110,-0.121000,-0.321000,-0.120000
0.274680,-6.366690,-5.111010,-0.087000,-0.226000,-0.122000
0.549360,-6.592320,-5.346450,-0.030000,-0.060000,-0.088000
1.000620,-6.405930,-5.160060,0.023000,0.014000,-0.035000
1.353780,-6.327450,-5.071770,0.089000,0.029000,0.026000
1.844280,-6.376500,-5.140440,0.144000,0.032000,0.077000
1.844280,-6.523650,-5.209110,0.178000,0.103000,0.116000
1.667700,-6.543270,-5.120820,0.230000,0.198000,0.141000
1.952190,-6.425550,-4.797090,0.258000,0.175000,0.203000
2.344590,-6.121440,-4.757850,0.241000,0.111000,0.269000
2.766420,-5.817330,-4.934430,0.253000,-0.009000,0.307000
2.756610,-5.876190,-4.895190,0.279000,-0.071000,0.331000
2.717370,-5.787900,-4.581270,0.312000,-0.220000,0.343000
2.786040,-5.317020,-4.110390,0.335000,-0.445000,0.381000
3.070530,-4.836330,-4.002480,0.373000,-0.739000,0.401000
3.619890,-4.375260,-3.413880,0.427000,-1.077000,0.377000
3.580650,-4.188870,-3.266730,0.476000,-1.373000,0.415000
3.286350,-3.786660,-3.099960,0.567000,-1.602001,0.537000
2.844900,-3.217680,-2.727180,0.710000,-1.947001,0.683000
2.648700,-2.658510,-2.040480,0.878000,-2.355001,0.769000
1.873710,-2.285730,-0.863280,1.072000,-2.822001,0.820000
0.863280,-1.765800,0.882900,1.229000,-3.106001,0.898000
0.392400,-1.059480,1.736370,1.377000,-3.274001,0.954000
-0.981000,-0.784800,2.972430,1.542001,-3.312001,1.084000
-1.265490,-0.029430,4.208490,1.559001,-3.170001,1.250000
-1.098720,0.176580,2.638890,1.529001,-3.109001,1.384000
-1.442070,-0.490500,3.011670,1.583001,-3.261001,1.580001
-1.373400,-0.441450,4.031910,1.645001,-3.390001,1.794001
-1.324350,0.392400,3.178440,1.854001,-3.547001,1.943001
-5.523030,-3.139200,-0.529740,2.204001,-4.233002,2.037001
-12.890340,-9.554940,1.167390,2.891001,-4.969002,2.367001
-23.779440,-27.360090,8.063820,4.212002,-5.558002,2.191001
-23.563620,-32.059080,17.226360,5.500002,-5.337002,1.304000
-27.997740,-28.105650,30.793590,3.601001,-2.272001,0.649000
-23.445900,-15.823530,32.765400,9.206003,-4.570002,4.166001
-4.806900,-5.591700,17.903250,5.742002,-2.562001,4.057001
-5.277780,-5.179680,11.526750,3.689001,-0.695000,2.740001
-5.974290,-2.393640,11.418840,3.315001,-0.241000,1.941001
-5.111010,-5.012910,9.653040,1.918001,-0.164000,1.858001
-9.025200,-4.816710,11.046060,1.944001,-0.251000,1.546001
-8.416980,-7.426170,12.860910,1.724001,-0.501000,2.032001
-6.180300,-4.836330,15.234930,1.309000,-0.736000,2.067001
-4.816710,-1.030050,10.025820,0.132000,-0.813000,1.454001
-5.081580,-1.657890,8.779950,-0.067000,-1.555001,1.227000
-4.149630,-2.393640,8.446410,-0.526000,-1.439001,0.451000
-5.797710,0.313920,8.083440,-0.283000,-0.970000,0.360000
-4.532220,3.561030,7.141680,-0.134000,-0.567000,0.512000
-4.110390,0.824040,8.142300,-0.029000,-0.329000,0.325000
-3.531600,2.638890,6.366690,-0.121000,-0.413000,0.086000
-4.414500,0.814230,7.151490,-0.290000,-0.437000,-0.081000
-3.747420,1.088910,8.524890,-0.515000,-0.309000,-0.155000
-3.767040,1.245870,9.319500,-0.567000,-0.073000,-0.163000
-4.031910,0.755370,10.634040,-0.556000,0.031000,-0.160000
-4.826520,-0.598410,11.075490,-0.703000,-0.023000,-0.133000
-5.130630,-1.118340,10.791000,-0.611000,-0.111000,-0.118000
-5.454360,-1.226250,10.820430,-0.482000,-0.124000,-0.130000
-4.875570,-1.873710,9.976770,-0.448000,0.025000,-0.192000
-4.610700,-1.265490,9.142920,-0.453000,-0.083000,-0.263000
-4.571460,-1.383210,8.897670,-0.493000,-0.151000,-0.337000
-3.541410,-0.716130,8.387550,-0.486000,-0.334000,-0.809000
-3.129390,-0.510120,8.269830,0.079000,-0.741000,-1.119000
-4.826520,-1.844280,8.191350,0.393000,-0.492000,-1.105000
-3.894570,-2.226870,7.259400,0.354000,-0.192000,-0.781000
-4.708800,-4.385070,5.827140,0.414000,-1.214000,-0.546000
-3.364830,-1.775610,9.790380,0.943000,-1.225000,-0.013000
-4.689180,-0.863280,10.143540,0.947000,-0.391000,-0.137000
-3.482550,-1.157580,10.074870,0.644000,-0.239000,-0.246000
-3.855330,-1.294920,9.731520,0.438000,0.053000,-0.291000
-2.943000,-1.275300,8.907480,0.496000,-0.188000,-0.242000
-3.453120,-1.648080,8.044200,0.372000,-0.638000,-0.134000
-2.825280,-1.079100,8.318880,0.195000,-0.795000,-0.046000
-2.629080,-1.039860,8.416980,0.010000,-0.631000,-0.052000
-2.756610,-1.167390,8.868240,-0.045000,-0.341000,-0.038000
-3.011670,-1.177200,9.751140,0.043000,-0.077000,-0.010000
-3.237300,-1.118340,10.947960,0.165000,0.129000,0.003000

