-.-.-
0.402210,-9.731520,-1.687320,0.000000,-0.007000,0.004000
0.372780,-9.702090,-1.746180,0.003000,-0.006000,0.006000
0.362970,-9.662850,-1.667700,0.002000,-0.004000,0.005000
0.353160,-9.731520,-1.736370,0.017000,0.003000,0.003000
0.372780,-9.721710,-1.716750,0.024000,-0.009000,0.001000
0.392400,-9.662850,-1.726560,0.026000,-0.022000,-0.003000
0.362970,-9.643230,-1.716750,0.034000,-0.020000,-0.006000
0.313920,-9.682470,-1.765800,0.043000,0.000000,0.001000
0.372780,-9.692280,-1.716750,0.057000,0.021000,0.004000
0.412020,-9.702090,-1.775610,0.057000,0.028000,0.004000
0.431640,-9.682470,-1.775610,0.070000,0.027000,0.009000
0.362970,-9.623610,-1.736370,0.083000,0.016000,0.015000
0.402210,-9.603990,-1.765800,0.095000,0.020000,0.012000
0.461070,-9.662850,-1.795230,0.105000,0.022000,0.009000
0.490500,-9.653040,-1.765800,0.113000,0.022000,0.023000
0.431640,-9.525510,-1.775610,0.120000,0.019000,0.034000
0.353160,-9.515700,-1.716750,0.122000,0.008000,0.040000
0.362970,-9.603990,-1.726560,0.122000,0.007000,0.041000
0.382590,-9.711900,-1.687320,0.131000,0.010000,0.041000
0.421830,-9.702090,-1.697130,0.144000,0.016000,0.043000
0.392400,-9.623610,-1.648080,0.157000,0.014000,0.048000
0.333540,-9.633420,-1.638270,0.167000,-0.004000,0.056000
0.274680,-9.711900,-1.559790,0.175000,-0.027000,0.056000
0.284490,-9.711900,-1.520550,0.185000,-0.020000,0.049000
0.294300,-9.633420,-1.442070,0.194000,-0.012000,0.052000
0.284490,-9.594180,-1.461690,0.206000,0.002000,0.064000
0.245250,-9.633420,-1.383210,0.219000,0.002000,0.074000
0.196200,-9.692280,-1.363590,0.222000,-0.001000,0.074000
0.176580,-9.721710,-1.363590,0.233000,0.002000,0.072000
0.196200,-9.702090,-1.324350,0.243000,0.002000,0.077000
0.225630,-9.672660,-1.314540,0.254000,0.001000,0.081000
0.206010,-9.692280,-1.206630,0.273000,-0.011000,0.082000
0.166770,-9.662850,-1.157580,0.291000,-0.006000,0.078000
0.166770,-9.672660,-1.088910,0.302000,-0.011000,0.070000
0.156960,-9.692280,-1.039860,0.317000,-0.016000,0.071000
0.186390,-9.672660,-1.030050,0.346000,-0.010000,0.083000
0.206010,-9.633420,-0.941760,0.367000,-0.003000,0.088000
0.137340,-9.653040,-0.961380,0.382000,-0.020000,0.088000
0.088290,-9.672660,-0.902520,0.405000,-0.034000,0.092000
0.107910,-9.643230,-0.804420,0.422000,-0.036000,0.096000
0.127530,-9.594180,-0.755370,0.452000,-0.034000,0.095000
0.127530,-9.545130,-0.735750,0.479000,-0.045000,0.096000
0.107910,-9.496080,-0.706320,0.503000,-0.052000,0.100000
0.117720,-9.554940,-0.657270,0.538000,-0.058000,0.104000
0.098100,-9.584370,-0.510120,0.567000,-0.069000,0.114000
0.049050,-9.466650,-0.470880,0.611000,-0.067000,0.129000
0.039240,-9.348930,-0.441450,0.650000,-0.062000,0.129000
-0.009810,-9.250830,-0.372780,0.709000,-0.086000,0.133000
-0.019620,-9.162540,-0.245250,0.777000,-0.103000,0.141000
0.000000,-9.182160,-0.196200,0.821000,-0.112000,0.152000
0.029430,-9.133110,-0.215820,0.879000,-0.103000,0.167000
-0.009810,-9.035010,-0.088290,0.961000,-0.084000,0.178000
-0.098100,-8.868240,-0.186390,1.033000,-0.048000,0.184000
-0.078480,-8.740710,-0.313920,1.117000,0.001000,0.198000
0.166770,-8.760330,-0.353160,1.173000,0.000000,0.211000
0.372780,-8.652420,-0.480690,1.196000,-0.022000,0.221000
0.372780,-8.446410,0.245250,1.104000,-0.094000,0.217000
0.137340,-7.916670,0.196200,1.065000,-0.136000,0.219000
-0.078480,-7.632180,0.284490,1.220000,-0.082000,0.213000
-0.313920,-7.367310,0.647460,1.319000,0.017000,0.198000
-0.510120,-6.974910,0.667080,1.412001,0.023000,0.191000
-0.470880,-6.660990,1.030050,1.454001,-0.001000,0.176000
0.098100,-6.562890,1.167390,1.360000,-0.030000,0.158000
0.284490,-7.122060,0.716130,1.189000,-0.032000,0.150000
0.009810,-7.592940,0.892710,1.037000,-0.033000,0.123000
-0.156960,-7.828380,1.216440,0.697000,-0.131000,0.092000
-0.627840,-7.445790,-0.049050,0.343000,-0.216000,0.057000
-0.294300,-6.631560,-0.559170,0.250000,-0.079000,-0.007000
0.519930,-6.101820,-1.030050,0.148000,0.071000,-0.067000
0.961380,-5.630940,-1.010430,0.014000,0.100000,-0.129000
0.873090,-5.395500,-1.098720,-0.008000,-0.053000,-0.154000
1.157580,-5.071770,-1.687320,-0.167000,-0.125000,-0.162000
1.628460,-4.532220,-2.403450,-0.226000,-0.209000,-0.151000
1.962000,-3.943620,-3.099960,-0.172000,-0.279000,-0.188000
1.648080,-2.962620,-3.276540,0.021000,-0.493000,-0.233000
0.235440,-0.196200,0.843660,0.786000,-0.953000,-0.240000
-2.403450,2.060100,11.016630,1.915001,-1.233000,-0.066000
-3.247110,-11.830860,16.706430,3.256001,-0.636000,0.385000
-11.134350,-39.230190,18.992160,2.138001,-1.212000,-0.427000
-3.482550,28.213560,21.101310,-2.685001,0.632000,1.474001
-1.991430,6.366690,31.804020,7.161003,0.348000,0.194000
0.215820,-4.502790,20.257650,1.907001,0.649000,-0.010000
-0.058860,-4.659750,13.400460,2.131001,0.351000,0.131000
-0.353160,-3.472740,11.065680,2.404001,0.359000,0.215000
-0.431640,-2.403450,10.761570,3.411001,0.438000,0.292000
-1.304730,-1.962000,11.683710,3.757001,0.145000,0.296000
-0.804420,-3.099960,13.008060,3.844001,0.264000,0.280000
-1.746180,-1.824660,14.822910,3.269001,0.396000,0.280000
-2.452500,-3.462930,16.745670,2.526001,0.389000,0.249000
-0.549360,-0.765180,16.029540,1.767001,0.184000,0.260000
-2.226870,3.561030,13.616280,1.213000,-0.077000,0.114000
-1.736370,-1.883520,13.410270,0.532000,-0.112000,0.032000
-0.902520,-2.236680,12.282120,0.087000,-0.140000,-0.020000
-1.088910,-2.118960,11.193210,-0.058000,0.067000,-0.013000
-0.843660,-1.667700,8.073630,0.043000,0.288000,-0.031000
-0.843660,-0.676890,6.808140,0.143000,0.270000,-0.001000
-0.990810,1.020240,7.161300,0.191000,0.220000,0.000000
-1.442070,3.276540,8.848620,0.183000,0.162000,-0.004000
-1.304730,3.659130,9.211590,0.072000,0.181000,-0.011000
-1.736370,-0.019620,9.103680,-0.130000,0.113000,-0.034000
-1.353780,0.049050,9.515700,-0.234000,-0.006000,-0.031000
-1.432260,-0.215820,9.839430,-0.165000,-0.171000,-0.027000
-1.206630,-0.735750,10.290690,-0.090000,-0.439000,-0.003000
-1.373400,-0.147150,10.271070,-0.043000,-0.116000,-0.002000
-1.697130,-0.392400,9.682470,-0.051000,-0.050000,0.000000
-1.059480,-0.676890,9.662850,-0.028000,-0.240000,0.019000
-1.069290,-0.225630,9.819810,0.019000,-0.154000,0.020000
-1.079100,-0.421830,9.898290,-0.001000,-0.013000,0.005000
-1.167390,-0.519930,9.800190,-0.042000,0.051000,0.003000
-1.098720,-0.608220,9.653040,-0.083000,0.071000,0.001000
-1.118340,-0.500310,9.525510,-0.153000,0.073000,-0.003000
-1.059480,-0.578790,9.594180,-0.177000,0.005000,-0.007000
-1.049670,-0.598410,9.623610,-0.150000,-0.001000,-0.009000
-1.079100,-0.637650,9.574560,-0.134000,-0.031000,-0.013000
-1.108530,-0.539550,9.702090,-0.091000,-0.081000,-0.008000
-1.108530,-0.539550,9.819810,-0.054000,-0.105000,-0.003000
-1.128150,-0.529740,9.917910,-0.027000,-0.099000,0.000000
-1.118340,-0.510120,9.947340,0.002000,-0.086000,0.000000
-1.108530,-0.519930,10.094490,0.017000,-0.038000,0.000000
-1.137960,-0.500310,10.153350,0.025000,0.009000,-0.002000
-1.128150,-0.500310,10.025820,0.020000,0.029000,-0.003000
-1.098720,-0.500310,9.888480,0.012000,0.053000,-0.002000
-1.098720,-0.519930,9.731520,-0.007000,0.071000,-0.006000
-1.137960,-0.519930,9.682470,-0.027000,0.060000,-0.007000
-1.147770,-0.529740,9.770760,-0.036000,0.027000,-0.005000
-1.167390,-0.529740,9.839430,-0.025000,0.004000,-0.002000
-1.167390,-0.529740,9.908100,-0.010000,-0.016000,-0.001000
-1.177200,-0.578790,9.947340,0.005000,-0.038000,0.001000

