-.-.-
0.088290,-9.702090,-2.011050,-0.913000,-0.230000,-0.066000
-0.039240,-9.260640,-1.746180,-0.911000,-0.300000,-0.096000
-0.382590,-9.074250,-1.559790,-0.992000,-0.255000,-0.116000
-0.578790,-9.133110,-2.256300,-1.065000,-0.144000,-0.109000
-0.382590,-9.456840,-2.815470,-1.062000,-0.055000,-0.101000
-0.196200,-9.456840,-2.933190,-1.056000,-0.009000,-0.088000
-0.264870,-8.829000,-2.462310,-1.038000,-0.071000,-0.084000
-0.588600,-8.348310,-2.580030,-1.029000,-0.119000,-0.089000
-0.412020,-8.622990,-3.090150,-1.074000,-0.049000,-0.102000
0.019620,-9.035010,-3.511980,-1.080000,0.071000,-0.123000
-0.019620,-9.142920,-3.394260,-1.081000,0.013000,-0.087000
-0.353160,-8.740710,-3.109770,-1.106000,-0.049000,-0.032000
-0.461070,-8.318880,-3.600270,-1.127000,-0.078000,-0.023000
-0.382590,-8.250210,-3.806280,-1.153000,-0.017000,-0.087000
-0.019620,-8.260020,-4.228110,-1.217000,0.092000,-0.127000
0.206010,-8.142300,-4.247730,-1.162000,0.048000,-0.098000
-0.235440,-7.887240,-4.326210,-1.165000,-0.164000,-0.021000
-0.647460,-7.573320,-4.267350,-1.183000,-0.244000,-0.041000
-0.490500,-7.583130,-4.669560,-1.214000,-0.157000,-0.151000
-0.255060,-7.592940,-5.209110,-1.243000,-0.206000,-0.213000
0.107910,-7.053390,-4.228110,-1.258000,-0.419000,-0.161000
0.598410,-6.582510,-5.218920,-1.298000,-0.621000,-0.113000
1.059480,-6.562890,-3.374640,-1.352000,-0.702000,-0.102000
1.706940,-6.317640,-4.846140,-1.316000,-0.510000,-0.177000
0.922140,-7.151490,-6.513840,-1.135000,-0.568000,-0.188000
0.588600,-8.711280,-7.328070,-1.053000,-0.661000,-0.207000
0.127530,-9.172350,-7.269210,-1.077000,-0.809000,-0.241000
-0.058860,-8.289450,-6.965100,-1.130000,-1.012000,-0.236000
-0.510120,-7.720470,-7.749900,-1.134000,-1.103000,-0.229000
-0.833850,-8.289450,-8.397360,-1.078000,-1.117000,-0.263000
-1.491120,-7.985340,-8.564130,-1.056000,-1.076000,-0.365000
-1.559790,-7.622370,-7.700850,-1.057000,-0.919000,-0.382000
-0.676890,-7.749900,-8.152110,-1.066000,-0.933000,-0.306000
-0.451260,-7.553700,-8.367930,-1.019000,-0.958000,-0.293000
-0.853470,-7.269210,-7.926480,-0.935000,-0.961000,-0.320000
-1.196820,-6.817950,-7.426170,-0.852000,-0.994000,-0.358000
-1.275300,-6.719850,-7.347690,-0.795000,-1.049000,-0.357000
-1.069290,-6.611940,-7.102440,-0.791000,-1.025000,-0.401000
-0.941760,-6.553080,-6.984720,-0.762000,-1.044000,-0.437000
-1.128150,-6.405930,-7.063200,-0.730000,-1.112000,-0.461000
-1.285110,-6.337260,-7.122060,-0.707000,-1.157000,-0.492000
-1.226250,-6.150870,-7.004340,-0.667000,-1.169000,-0.545000
-1.393020,-6.013530,-6.886620,-0.635000,-1.220000,-0.582000
-1.549980,-5.905620,-6.729660,-0.602000,-1.280000,-0.608000
-1.687320,-5.944860,-6.798330,-0.581000,-1.338000,-0.629000
-1.736370,-5.954670,-6.857190,-0.569000,-1.338000,-0.648000
-1.952190,-5.964480,-6.955290,-0.564000,-1.295000,-0.667000
-1.873710,-5.993910,-6.886620,-0.532000,-1.231000,-0.667000
-2.089530,-5.836950,-6.749280,-0.505000,-1.250000,-0.670000
-1.716750,-5.719230,-6.386310,-0.463000,-1.333000,-0.687000
-0.951570,-5.974290,-6.484410,-0.479000,-1.377000,-0.714000
-0.618030,-5.856570,-6.759090,-0.413000,-1.443001,-0.737000
-0.882900,-5.326830,-6.611940,-0.331000,-1.614001,-0.745000
-0.941760,-5.366070,-6.268590,-0.149000,-1.873001,-0.726000
-0.176580,-5.944860,-6.268590,-0.023000,-1.998001,-0.723000
0.206010,-5.729040,-6.180300,0.023000,-2.142001,-0.717000
0.156960,-5.267970,-5.199300,0.117000,-2.359001,-0.709000
-0.382590,-4.993290,-4.218300,0.193000,-2.600001,-0.720000
-1.039860,-4.757850,-3.355020,0.299000,-2.626001,-0.818000
-1.255680,-4.806900,-3.305970,0.462000,-2.607001,-0.913000
-1.206630,-4.973670,-3.070530,0.601000,-2.674001,-0.945000
-1.314540,-5.346450,-2.344590,0.737000,-2.649001,-1.035000
-1.393020,-5.424930,-1.294920,0.872000,-2.567001,-1.159000
-0.735750,-5.209110,-0.725940,1.060000,-2.449001,-1.258000
-0.323730,-5.042340,0.304110,1.218000,-2.371001,-1.317000
-0.294300,-4.649940,1.226250,1.402001,-2.227001,-1.404001
-0.137340,-4.394880,3.472740,1.480001,-1.965001,-1.458001
-0.127530,-4.522410,4.679370,1.511001,-1.662001,-1.332000
1.088910,-3.845520,5.640750,1.156000,-1.223000,-1.092000
1.383210,-4.110390,2.266110,1.174000,-1.332000,-0.753000
1.196820,-4.110390,2.570220,1.588001,-2.274001,-0.484000
2.756610,-5.954670,1.500930,1.478001,-3.184001,0.167000
2.177820,-2.776230,1.971810,1.033000,-3.525001,0.673000
3.276540,2.305350,2.403450,1.011000,-4.724002,0.474000
-14.793480,-3.688560,2.138580,1.486001,-5.703002,0.562000
-34.079940,-11.546370,8.240400,1.896001,-5.189002,2.640001
-39.230190,-3.737610,14.420700,2.486001,-3.060001,3.774001
-39.230190,-5.542650,14.253930,3.683001,-1.195000,3.335001
-20.090880,-3.600270,8.446410,2.483001,1.021000,2.827001
-13.547610,-3.561030,5.572080,3.619001,0.481000,3.543001
-13.773240,-1.863900,14.597280,3.892001,0.176000,4.084001
-23.642100,10.339740,11.664090,5.596002,-1.299000,5.091002
-11.428650,6.239160,12.272310,2.512001,0.114000,4.484002
-15.431130,-5.473980,10.908720,1.743001,-0.643000,3.691001
-16.618140,-1.432260,10.781190,0.342000,-0.622000,3.516001
-13.400460,-1.549980,9.545130,-0.744000,-0.353000,2.028001
-10.329930,0.627840,6.808140,-1.229000,-0.778000,1.336000
-9.407790,2.727180,5.424930,-0.628000,-0.586000,0.797000
-8.083440,3.541410,4.581270,0.253000,-0.280000,0.104000
-5.444550,4.875570,4.022100,0.468000,-0.346000,-0.166000
-5.778090,3.443310,3.345210,0.432000,-0.495000,-0.188000
-5.071770,3.462930,3.963240,0.376000,-0.323000,-0.253000
-5.964480,2.030670,4.542030,0.370000,-0.260000,-0.270000
-5.326830,3.139200,5.523030,0.217000,-0.509000,-0.197000
-5.003100,3.394260,4.649940,-0.052000,-0.580000,-0.219000
-6.504030,3.149010,5.140440,-0.028000,-0.483000,-0.239000
-6.827760,3.541410,5.258160,0.016000,-0.347000,-0.264000
-7.798950,2.462310,6.052770,0.036000,-0.362000,-0.520000
-8.269830,2.060100,6.543270,0.050000,-0.552000,-0.821000
-8.652420,1.285110,7.622370,-0.191000,-0.488000,-1.016000
-8.652420,1.324350,8.063820,0.339000,0.001000,-1.104000
-8.475840,1.010430,7.936290,0.756000,0.346000,-1.114000
-8.564130,1.255680,7.779330,0.654000,0.606000,-1.077000
-8.858430,1.353780,7.641990,0.732000,0.775000,-0.906000
-9.427410,1.098720,7.897050,0.789000,0.974000,-0.760000
-8.770140,0.480690,7.161300,0.864000,1.159000,-0.672000
-8.063820,-0.814230,5.846760,0.997000,1.062000,-0.545000
-7.857810,0.088290,5.317020,0.843000,0.975000,-0.408000
-7.769520,-0.225630,5.915430,0.918000,0.988000,-0.458000
-7.955910,-0.362970,5.503410,0.803000,0.899000,-0.544000
-7.622370,-0.686700,4.551840,0.663000,0.981000,-0.535000
-7.848000,-0.922140,4.336020,0.444000,1.033000,-0.552000
-8.279640,-0.735750,4.247730,0.236000,1.050000,-0.493000
-8.416980,-0.706320,4.100580,0.015000,1.174000,-0.381000
-8.809380,-0.412020,4.120200,0.024000,1.053000,-0.260000
-9.152730,-0.235440,4.257540,0.058000,0.998000,-0.157000
-9.123300,-0.294300,3.786660,0.064000,0.972000,-0.105000
-8.878050,-0.333540,3.217680,0.018000,0.977000,-0.063000
-8.809380,-0.196200,2.776230,-0.047000,0.983000,-0.009000
-8.946720,-0.206010,2.462310,-0.006000,0.803000,0.032000
-9.123300,0.000000,2.305350,-0.001000,0.658000,0.075000
-9.113490,0.117720,2.148390,0.049000,0.537000,0.086000
-9.241020,0.147150,1.962000,0.065000,0.433000,0.075000
-9.152730,0.166770,2.069910,0.058000,0.302000,0.069000
-9.172350,0.215820,2.109150,0.027000,0.209000,0.063000
-9.093870,0.235440,2.207250,0.014000,0.157000,0.055000
-9.201780,0.274680,2.099340,-0.032000,0.092000,0.033000
-9.182160,0.255060,2.118960,-0.069000,0.042000,0.013000

