-.-.-
0.088290,-9.456840,2.687940,-0.050000,-0.009000,-0.046000
0.137340,-9.456840,2.687940,-0.053000,0.000000,-0.061000
0.137340,-9.486270,2.629080,-0.051000,-0.008000,-0.067000
0.088290,-9.456840,2.638890,-0.049000,-0.018000,-0.079000
0.049050,-9.574560,2.678130,-0.053000,-0.018000,-0.103000
0.107910,-9.682470,2.805660,-0.063000,0.000000,-0.118000
0.186390,-9.711900,2.687940,-0.092000,0.013000,-0.114000
0.156960,-9.760950,2.717370,-0.093000,0.011000,-0.125000
0.147150,-9.702090,2.746800,-0.095000,0.005000,-0.148000
0.156960,-9.672660,2.658510,-0.116000,0.005000,-0.177000
0.196200,-9.702090,2.736990,-0.130000,0.006000,-0.217000
0.235440,-9.800190,2.530980,-0.156000,0.013000,-0.259000
0.284490,-9.653040,2.481930,-0.172000,0.010000,-0.260000
0.323730,-9.653040,2.501550,-0.157000,-0.003000,-0.256000
0.372780,-9.682470,2.491740,-0.176000,-0.019000,-0.254000
0.441450,-9.623610,2.452500,-0.204000,-0.048000,-0.262000
0.421830,-9.603990,2.374020,-0.225000,-0.060000,-0.270000
0.500310,-9.584370,2.295540,-0.225000,-0.054000,-0.284000
0.559170,-9.584370,2.354400,-0.220000,-0.046000,-0.295000
0.608220,-9.653040,2.383830,-0.245000,-0.063000,-0.286000
0.765180,-9.672660,2.354400,-0.263000,-0.082000,-0.276000
0.755370,-9.780570,2.275920,-0.295000,-0.114000,-0.288000
0.814230,-9.790380,2.040480,-0.312000,-0.099000,-0.318000
0.892710,-9.819810,2.060100,-0.320000,-0.126000,-0.336000
0.981000,-9.839430,1.991430,-0.329000,-0.156000,-0.330000
1.079100,-9.937530,1.912950,-0.348000,-0.190000,-0.310000
1.108530,-9.917910,1.912950,-0.355000,-0.247000,-0.309000
1.206630,-9.908100,1.844280,-0.373000,-0.244000,-0.336000
1.255680,-9.898290,1.775610,-0.412000,-0.272000,-0.345000
1.343970,-9.937530,1.549980,-0.436000,-0.295000,-0.347000
1.314540,-9.849240,1.638270,-0.448000,-0.370000,-0.326000
1.451880,-9.829620,1.608840,-0.485000,-0.401000,-0.306000
1.785420,-9.888480,1.412640,-0.523000,-0.409000,-0.323000
1.962000,-9.800190,1.196820,-0.553000,-0.437000,-0.323000
1.844280,-9.545130,1.216440,-0.527000,-0.529000,-0.329000
1.854090,-9.486270,1.236060,-0.530000,-0.593000,-0.349000
1.981620,-9.653040,1.030050,-0.563000,-0.607000,-0.368000
2.099340,-9.859050,0.824040,-0.595000,-0.611000,-0.383000
2.089530,-9.780570,0.774990,-0.597000,-0.611000,-0.387000
2.118960,-9.633420,0.725940,-0.601000,-0.635000,-0.391000
2.099340,-9.574560,0.637650,-0.599000,-0.667000,-0.418000
2.118960,-9.613800,0.461070,-0.621000,-0.676000,-0.450000
2.246490,-9.643230,0.343350,-0.648000,-0.670000,-0.473000
2.383830,-9.692280,0.353160,-0.681000,-0.689000,-0.470000
2.452500,-9.711900,0.206010,-0.754000,-0.707000,-0.457000
2.560410,-9.780570,-0.156960,-0.827000,-0.719000,-0.457000
2.619270,-9.839430,-0.431640,-0.819000,-0.773000,-0.457000
2.550600,-9.643230,-0.519930,-0.861000,-0.818000,-0.469000
2.736990,-9.790380,-0.637650,-0.877000,-0.881000,-0.475000
2.933190,-9.937530,-1.118340,-0.978000,-0.918000,-0.455000
2.952810,-9.780570,-1.147770,-1.011000,-0.970000,-0.421000
2.393640,-9.613800,-1.196820,-1.068000,-0.951000,-0.419000
2.011050,-9.692280,-1.393020,-1.112000,-0.891000,-0.447000
1.962000,-9.417600,-1.285110,-1.114000,-0.844000,-0.496000
2.030670,-9.172350,-1.324350,-1.150000,-0.740000,-0.551000
1.775610,-8.750520,-1.353780,-1.202000,-0.561000,-0.616000
1.236060,-8.436600,-1.991430,-1.050000,-0.427000,-0.644000
0.657270,-8.201160,-1.167390,-0.901000,-0.301000,-0.650000
0.539550,-7.965720,-1.893330,-0.934000,-0.160000,-0.661000
0.510120,-7.651800,-1.873710,-0.775000,-0.100000,-0.654000
0.313920,-7.377120,-1.549980,-0.727000,0.048000,-0.649000
0.098100,-7.082820,-2.226870,-0.615000,0.137000,-0.617000
-0.559170,-7.023960,-1.755990,-0.428000,0.207000,-0.572000
-1.265490,-6.660990,-1.628460,-0.347000,0.355000,-0.525000
-1.814850,-6.219540,-1.510740,-0.248000,0.505000,-0.484000
-2.148390,-5.866380,-1.461690,-0.154000,0.666000,-0.436000
-2.148390,-5.954670,-1.206630,-0.110000,0.855000,-0.405000
-1.667700,-7.063200,-1.020240,-0.030000,1.095000,-0.314000
-1.069290,-7.504650,-0.961380,0.016000,1.358000,-0.147000
-1.167390,-6.857190,-1.118340,0.020000,1.558001,-0.036000
-1.334160,-6.405930,-1.294920,0.021000,1.711001,-0.010000
-1.049670,-5.787900,-1.206630,0.064000,1.864001,0.014000
-0.510120,-5.415120,-0.981000,0.104000,2.039001,0.072000
-0.206010,-5.012910,-0.470880,0.116000,2.172001,0.112000
-0.519930,-5.101200,-0.323730,0.120000,2.261001,0.169000
-0.814230,-4.345830,-1.157580,-0.002000,2.346001,0.132000
-1.020240,-3.296160,-1.491120,-0.114000,2.602001,-0.061000
-0.971190,-1.039860,-2.138580,-0.246000,2.831001,-0.403000
0.539550,1.726560,-2.089530,-0.016000,3.421001,-0.940000
2.580030,5.856570,-1.383210,-0.041000,4.462002,-2.413001
19.031400,-0.294300,-3.109770,-0.288000,4.194001,-3.183001
31.813830,-8.613180,-3.708180,0.118000,3.323001,-3.149001
33.049890,-8.917290,-3.050910,0.062000,2.144001,-3.614001
29.792970,-7.475220,0.706320,0.742000,0.471000,-3.966001
21.788010,-0.882900,6.199920,1.524001,-1.868001,-5.314002
22.553190,-18.099450,11.752380,1.611001,-1.090000,-4.702002
21.778200,2.001240,0.461070,-3.027001,-1.733001,-5.830002
16.578900,6.837570,3.757230,0.162000,-1.350000,-5.920002
19.453230,4.080960,3.619890,-0.211000,-0.345000,-5.315002
20.895300,5.650560,2.050290,-1.788001,0.475000,-4.009001
19.767150,-0.657270,2.550600,-1.558001,0.359000,-2.369001
16.186500,0.441450,-0.863280,-1.819001,-0.017000,-1.125000
10.987200,4.757850,-2.952810,-1.177000,-0.172000,-0.526000
7.151490,8.466030,-1.039860,-0.445000,-0.489000,-0.779000
5.366070,8.358120,-1.422450,0.113000,-0.446000,-0.295000
5.434740,5.827140,-0.657270,0.524000,-0.300000,0.442000
4.296780,5.317020,-1.079100,0.725000,-0.108000,0.705000
3.570840,5.091390,-1.402830,0.696000,-0.029000,0.540000
5.091390,3.423690,-0.304110,0.921000,-0.138000,0.563000
5.621130,2.177820,-0.794610,0.739000,0.087000,0.748000
6.219540,3.198060,-0.412020,0.710000,0.085000,0.786000
7.357500,3.825900,-0.902520,0.714000,0.065000,0.736000
9.093870,3.139200,-0.500310,0.623000,-0.053000,0.664000
11.595420,1.088910,-1.304730,0.567000,-0.145000,0.643000
12.056490,0.657270,-1.442070,0.602000,-0.176000,0.721000
11.722950,0.735750,-1.030050,0.448000,-0.142000,0.763000
10.202400,-0.676890,-0.902520,0.555000,-0.117000,0.591000
10.849860,-1.540170,-0.765180,0.492000,-0.130000,0.216000
10.840050,-1.334160,-1.285110,0.252000,-0.128000,0.065000
10.467270,-0.480690,-1.294920,0.114000,-0.086000,0.013000
10.006200,-0.019620,-1.304730,0.044000,-0.018000,-0.012000
9.368550,0.137340,-1.088910,-0.033000,-0.096000,0.015000
8.907480,-0.058860,-1.432260,-0.140000,-0.118000,0.067000
8.897670,-0.049050,-1.383210,-0.190000,-0.136000,0.086000
9.025200,0.049050,-1.677510,-0.202000,-0.124000,0.061000
9.093870,-0.058860,-1.579410,-0.180000,-0.123000,-0.018000
9.211590,0.058860,-1.412640,-0.154000,-0.140000,-0.075000
9.505890,-0.039240,-1.481310,-0.178000,-0.151000,-0.101000
9.829620,0.049050,-1.412640,-0.155000,-0.172000,-0.141000
9.986580,0.431640,-1.324350,-0.122000,-0.164000,-0.166000
9.976770,0.765180,-1.275300,-0.113000,-0.125000,-0.172000
10.231830,0.794610,-1.540170,-0.092000,-0.056000,-0.183000
10.212210,0.794610,-1.697130,-0.022000,-0.043000,-0.188000
9.966960,0.824040,-1.736370,-0.005000,-0.056000,-0.151000
9.692280,0.882900,-1.628460,0.013000,-0.098000,-0.113000
9.554940,1.010430,-1.667700,0.018000,-0.112000,-0.076000
9.545130,1.069290,-1.667700,0.033000,-0.114000,-0.030000
9.427410,1.020240,-1.844280,0.081000,-0.120000,0.020000

