-.-.-
-0.667080,-12.537180,-2.305350,0.105000,0.164000,0.082000
-1.540170,-13.292550,-2.736990,0.121000,0.365000,-0.026000
-0.892710,-12.743190,-3.227490,0.095000,0.469000,-0.123000
0.313920,-11.153970,-3.511980,0.059000,0.575000,-0.190000
1.079100,-9.535320,-4.218300,-0.037000,0.615000,-0.141000
1.402830,-8.338500,-4.169250,-0.092000,0.545000,-0.063000
1.216440,-8.377740,-3.924000,-0.113000,0.324000,-0.017000
1.618650,-8.995770,-3.580650,-0.082000,0.086000,-0.062000
1.903140,-9.368550,-3.031290,-0.031000,-0.169000,-0.120000
1.795230,-9.476460,-2.491740,0.027000,-0.357000,-0.133000
1.196820,-9.623610,-2.187630,0.053000,-0.409000,-0.097000
0.618030,-9.574560,-1.834470,0.050000,-0.361000,-0.033000
0.029430,-9.231210,-1.540170,0.037000,-0.204000,0.024000
-0.343350,-8.632800,-1.226250,0.019000,-0.056000,0.033000
-0.412020,-8.318880,-1.177200,0.002000,0.088000,-0.003000
-0.147150,-8.073630,-1.147770,-0.026000,0.210000,-0.063000
0.333540,-8.083440,-1.010430,-0.050000,0.317000,-0.132000
0.784800,-8.073630,-1.049670,-0.066000,0.386000,-0.179000
1.030050,-8.122680,-1.000620,-0.075000,0.404000,-0.200000
1.334160,-8.152110,-1.030050,-0.094000,0.366000,-0.192000
1.343970,-8.338500,-0.912330,-0.113000,0.241000,-0.179000
1.324350,-8.603370,-1.108530,-0.142000,0.113000,-0.195000
1.432260,-8.760330,-0.981000,-0.133000,0.004000,-0.192000
1.520550,-8.534700,-0.362970,-0.063000,-0.185000,-0.161000
1.608840,-8.730900,-0.215820,-0.006000,-0.368000,-0.101000
1.304730,-8.672040,0.255060,0.118000,-0.607000,-0.015000
0.814230,-8.210970,0.745560,0.342000,-0.789000,0.019000
0.765180,-8.152110,1.922760,0.616000,-0.771000,0.040000
0.902520,-9.123300,1.746180,0.663000,-0.656000,0.103000
0.931950,-9.996390,1.196820,0.579000,-0.536000,0.125000
0.735750,-10.898910,0.588600,0.444000,-0.459000,0.085000
-0.107910,-11.634660,0.284490,0.255000,-0.299000,0.042000
-1.079100,-11.997630,-1.432260,0.174000,-0.018000,-0.020000
-1.432260,-11.350170,-2.118960,0.405000,0.209000,-0.147000
-0.912330,-11.153970,-1.716750,0.539000,0.353000,-0.227000
1.540170,-10.722330,-2.707560,0.529000,0.173000,-0.055000
2.844900,-9.368550,-2.060100,0.544000,-0.205000,0.091000
1.952190,-8.475840,-2.226870,0.408000,-0.429000,-0.019000
1.432260,-8.142300,-2.668320,0.292000,-0.591000,-0.185000
1.324350,-8.073630,-2.560410,0.220000,-0.553000,-0.361000
0.647460,-8.691660,-1.765800,0.209000,-0.455000,-0.468000
0.500310,-9.741330,-2.001240,0.220000,-0.317000,-0.464000
0.981000,-10.477080,-2.158200,0.315000,-0.170000,-0.450000
1.461690,-10.722330,-1.755990,0.437000,-0.161000,-0.473000
1.677510,-10.477080,-0.863280,0.545000,-0.209000,-0.487000
1.942380,-10.378980,-0.078480,0.612000,-0.158000,-0.458000
2.099340,-10.084680,0.255060,0.672000,-0.191000,-0.362000
2.197440,-9.672660,0.912330,0.739000,-0.250000,-0.213000
1.500930,-9.280260,1.010430,0.761000,-0.320000,-0.098000
0.657270,-8.779950,0.706320,0.806000,-0.310000,-0.041000
-0.068670,-8.103060,0.568980,0.859000,-0.252000,-0.049000
-0.961380,-7.269210,0.196200,0.868000,-0.138000,-0.079000
-1.775610,-5.778090,-0.264870,0.887000,0.089000,-0.057000
-2.648700,-2.687940,-0.529740,1.095000,0.385000,0.079000
-3.168630,0.686700,0.990810,1.378000,0.526000,0.097000
-2.266110,3.590460,2.187630,1.470001,0.498000,-0.186000
-0.215820,4.031910,1.540170,1.489001,0.132000,-0.549000
1.216440,2.393640,-0.029430,1.517001,-0.078000,-0.614000
2.236680,1.285110,-0.500310,1.522001,-0.362000,-0.708000
2.393640,1.128150,0.274680,1.546001,-0.743000,-0.974000
3.149010,-0.284490,0.598410,1.643001,-0.596000,-1.208000
3.639510,-2.815470,1.088910,1.557001,-0.300000,-0.924000
7.838190,-6.808140,-1.814850,0.841000,0.398000,-0.471000
9.525510,-22.769010,-26.899020,-2.375001,-2.589001,0.590000
5.444550,-10.987200,16.510230,3.497001,-2.644001,-1.177000
-0.304110,-9.927720,5.483790,1.797001,0.509000,-1.481001
-3.315780,-11.742570,2.158200,1.473001,-0.606000,-0.355000
1.863900,-10.310310,2.383830,0.989000,-1.789001,0.028000
5.581890,-2.138580,-1.187010,0.867000,-2.237001,-0.630000
1.618650,-5.169870,-2.403450,1.052000,-0.962000,-0.848000
-5.601510,-9.074250,1.432260,1.861001,-0.664000,-0.682000
-3.266730,-6.876810,6.994530,2.461001,-0.769000,-0.718000
3.992670,-9.898290,5.052150,2.795001,-0.738000,-1.116000
4.708800,-11.183400,4.630320,2.693001,-0.873000,-1.208000
4.247730,-8.436600,3.325590,2.332001,-0.964000,-1.450001
0.107910,-8.622990,3.286350,2.100001,-1.233000,-1.031000
4.434120,-14.096970,6.994530,2.261001,-0.479000,0.299000
22.612050,-2.776230,29.194560,4.395002,0.542000,0.393000
23.141790,-10.133730,35.002080,2.427001,0.042000,-1.127000
27.311040,-19.423800,38.239380,2.207001,1.216000,-1.658001
19.639620,-9.133110,23.838300,2.820001,0.376000,0.603000
8.466030,-8.730900,8.309070,1.764001,-1.059000,0.332000
0.657270,-5.464170,-2.609460,1.733001,-1.383000,-0.443000
3.511980,-6.248970,-4.002480,2.825001,-1.346000,-0.499000
4.385070,-3.502170,3.659130,2.901001,-0.143000,-0.893000
5.768280,-2.118960,8.446410,2.053001,0.135000,-1.042000
6.925860,-2.354400,10.555560,1.743001,-0.282000,-1.194000
5.415120,-0.912330,9.103680,1.262000,-0.061000,-1.190000
5.356260,0.313920,4.708800,0.917000,0.623000,-0.901000
6.072390,-0.176580,5.964480,0.813000,1.230000,-0.599000
6.042960,-0.019620,6.553080,0.608000,1.385000,-0.546000
5.130630,-0.255060,7.534080,0.332000,1.537001,-0.363000
5.150250,-0.510120,8.338500,-0.254000,1.238000,-0.103000
5.160060,-1.285110,8.220780,-0.485000,1.026000,0.035000
4.512600,-0.863280,7.867620,-0.584000,1.107000,0.076000
4.071150,-0.088290,8.407170,-0.666000,0.923000,0.104000
4.855950,-1.628460,8.917290,-0.904000,-0.057000,0.269000
5.866380,-1.873710,11.026440,-0.654000,0.190000,0.190000
4.855950,-1.412640,11.046060,-0.452000,0.764000,0.189000
4.267350,-0.824040,9.486270,-0.375000,0.967000,0.206000
4.100580,-1.952190,9.211590,-0.275000,0.973000,0.238000
3.531600,-0.725940,8.966340,-0.281000,0.997000,0.312000
4.718610,-2.050290,8.309070,-0.453000,0.925000,0.469000
2.707560,1.363590,8.407170,-0.502000,0.096000,1.311000
1.491120,-0.490500,8.083440,-0.419000,-0.124000,1.550001
2.580030,-3.482550,9.339120,0.002000,0.188000,0.999000
2.442690,-3.021480,9.025200,0.328000,0.786000,0.444000
6.690420,-8.622990,8.318880,-0.272000,0.135000,0.261000
4.434120,-3.943620,9.182160,-0.009000,0.075000,-0.001000
3.580650,-3.413880,9.594180,0.042000,-0.036000,-0.015000
3.649320,-2.560410,9.221400,0.172000,-0.124000,-0.097000
3.433500,-2.266110,9.172350,0.202000,-0.149000,-0.144000
3.355020,-1.893330,9.554940,0.127000,-0.170000,-0.173000
4.130010,-2.697750,9.064440,0.033000,-0.253000,-0.164000
1.971810,-1.285110,10.496700,0.141000,-0.229000,-0.157000
3.776850,-2.305350,8.838810,0.085000,-0.116000,-0.070000
3.511980,-2.619270,8.260020,0.085000,-0.075000,-0.094000
3.708180,-1.922760,8.622990,0.096000,0.104000,-0.142000
3.786660,-1.608840,8.927100,0.063000,0.160000,-0.100000
3.570840,-1.942380,8.711280,-0.019000,0.139000,-0.063000
3.521790,-2.050290,8.917290,-0.058000,0.154000,-0.028000
3.355020,-2.079720,9.054630,-0.086000,0.130000,0.011000
3.521790,-2.099340,9.084060,-0.089000,0.064000,0.033000
3.590460,-2.207250,9.123300,-0.091000,0.000000,0.035000
3.580650,-2.187630,9.319500,-0.095000,-0.108000,0.035000
3.639510,-2.275920,9.437220,-0.101000,-0.181000,0.029000
3.708180,-2.423070,9.427410,-0.108000,-0.249000,0.024000
3.649320,-2.432880,9.064440,-0.093000,-0.274000,0.017000

