-.-.-
0.000000,-11.006820,-2.727180,-1.033000,-0.068000,-0.032000
-0.215820,-10.506510,-2.982240,-1.022000,-0.025000,-0.037000
-0.353160,-10.673280,-2.805660,-0.993000,-0.056000,-0.024000
-0.117720,-10.280880,-3.011670,-1.042000,-0.032000,-0.023000
0.117720,-9.672660,-3.413880,-1.030000,-0.005000,-0.022000
0.490500,-10.094490,-3.806280,-0.994000,-0.090000,0.012000
0.765180,-10.663470,-3.384450,-1.010000,-0.044000,0.038000
0.804420,-10.202400,-4.394880,-1.013000,-0.042000,0.028000
0.676890,-9.878670,-4.483170,-0.972000,-0.051000,0.020000
0.451260,-10.408410,-4.571460,-0.921000,-0.040000,0.036000
0.431640,-10.418220,-4.757850,-0.879000,0.000000,0.053000
0.539550,-10.055250,-4.963860,-0.845000,-0.036000,0.069000
0.480690,-9.711900,-5.258160,-0.838000,-0.063000,0.077000
0.098100,-9.653040,-5.532840,-0.837000,-0.034000,0.060000
0.098100,-9.064440,-5.503410,-0.826000,-0.044000,0.049000
0.304110,-8.799570,-5.738850,-0.779000,-0.058000,0.063000
0.362970,-8.750520,-5.670180,-0.765000,-0.064000,0.075000
0.274680,-8.093250,-5.611320,-0.761000,-0.062000,0.081000
0.000000,-7.916670,-5.719230,-0.703000,-0.056000,0.079000
-0.176580,-7.916670,-5.650560,-0.673000,-0.011000,0.078000
-0.304110,-8.210970,-5.405310,-0.655000,0.010000,0.076000
-0.098100,-7.681230,-5.679990,-0.634000,0.003000,0.097000
0.166770,-7.279020,-5.621130,-0.560000,-0.034000,0.127000
-0.078480,-7.053390,-5.287590,-0.522000,-0.023000,0.125000
-0.500310,-6.867000,-5.199300,-0.465000,-0.002000,0.102000
-0.578790,-6.553080,-4.983480,-0.440000,0.005000,0.100000
-0.431640,-5.915430,-4.855950,-0.343000,0.051000,0.099000
-0.372780,-5.709420,-5.297400,-0.222000,0.063000,0.107000
0.000000,-5.738850,-5.356260,-0.111000,0.057000,0.105000
0.107910,-5.925240,-5.434740,0.009000,0.022000,0.094000
-0.215820,-6.258780,-5.346450,0.079000,0.016000,0.082000
-0.451260,-6.435360,-5.542650,0.142000,0.062000,0.056000
-0.313920,-6.268590,-5.719230,0.180000,0.084000,0.038000
-0.117720,-6.141060,-5.601510,0.189000,0.082000,0.040000
0.000000,-5.954670,-5.258160,0.210000,0.024000,0.071000
-0.206010,-6.013530,-4.885380,0.233000,0.009000,0.085000
-0.225630,-6.504030,-4.767660,0.259000,0.009000,0.050000
0.107910,-7.033770,-5.071770,0.282000,-0.058000,0.024000
0.186390,-7.063200,-4.836330,0.328000,-0.110000,0.030000
-0.098100,-6.798330,-4.836330,0.372000,-0.120000,0.028000
-0.245250,-6.533460,-4.375260,0.466000,-0.100000,0.012000
-0.353160,-6.749280,-4.090770,0.538000,-0.094000,0.002000
-0.225630,-6.955290,-4.139820,0.549000,-0.052000,-0.004000
-0.186390,-6.847380,-3.767040,0.590000,-0.017000,-0.011000
-0.156960,-6.974910,-3.659130,0.640000,0.049000,-0.026000
-0.274680,-7.592940,-3.855330,0.675000,0.072000,-0.024000
-0.176580,-8.299260,-3.688560,0.665000,0.061000,-0.008000
-0.186390,-8.573940,-3.551220,0.658000,0.067000,-0.013000
-0.186390,-8.622990,-3.443310,0.655000,0.067000,-0.036000
-0.225630,-9.005580,-3.355020,0.609000,0.023000,-0.030000
-0.333540,-9.476460,-3.296160,0.564000,0.085000,-0.013000
-0.392400,-9.790380,-3.433500,0.499000,0.098000,-0.011000
-0.382590,-9.496080,-3.050910,0.395000,0.115000,-0.029000
-0.402210,-9.162540,-2.962620,0.339000,0.111000,-0.049000
-0.510120,-9.074250,-3.247110,0.257000,0.144000,-0.048000
-0.500310,-9.427410,-3.384450,0.162000,0.151000,-0.035000
-0.215820,-9.260640,-2.992050,0.111000,0.133000,-0.018000
0.186390,-8.583750,-2.756610,0.061000,0.107000,-0.011000
0.451260,-7.681230,-2.109150,0.080000,0.100000,-0.036000
0.186390,-7.838190,-2.001240,0.068000,0.018000,-0.047000
-0.078480,-7.681230,-1.667700,0.066000,-0.069000,-0.052000
-0.107910,-7.112250,-0.608220,0.157000,0.010000,-0.047000
-0.196200,-6.317640,-0.608220,0.240000,-0.067000,-0.078000
0.225630,-6.454980,-0.598410,0.293000,0.007000,-0.105000
0.186390,-6.317640,-0.206010,0.359000,0.055000,-0.073000
-0.029430,-6.042960,0.451260,0.426000,0.043000,-0.049000
-0.029430,-6.003720,0.637650,0.597000,0.015000,-0.058000
0.000000,-5.778090,0.529740,0.559000,0.112000,-0.033000
0.235440,-5.768280,0.304110,0.545000,0.170000,0.014000
0.588600,-5.267970,-0.402210,0.476000,0.226000,0.047000
1.010430,-6.553080,-2.472120,0.133000,-0.023000,0.147000
1.118340,-10.114110,-4.169250,-0.330000,-0.120000,0.234000
1.559790,-14.754240,-6.111630,-0.444000,-0.466000,0.316000
1.128150,-14.695380,-5.689800,-0.288000,-0.873000,0.107000
-0.215820,-12.497940,-2.923380,-0.328000,-0.833000,0.036000
-1.255680,-11.183400,0.500310,-0.630000,-0.567000,0.161000
-3.021480,-10.653660,-0.323730,-1.495001,-0.282000,0.291000
-2.452500,-9.545130,-2.442690,-2.372001,-0.222000,0.447000
-1.010430,-6.808140,-3.139200,-3.307001,-0.675000,0.431000
-1.805040,-2.452500,-6.700230,-4.095001,-0.798000,0.307000
0.706320,0.470880,-5.209110,-4.639002,0.173000,0.667000
-0.068670,-2.364210,2.374020,-4.557002,0.508000,0.483000
-1.000620,-3.247110,6.062580,-4.895002,1.067000,0.465000
0.147150,2.521170,0.990810,-4.734002,1.031000,0.289000
0.824040,8.103060,-8.220780,-3.340001,0.862000,0.108000
2.148390,6.513840,-15.068160,-1.801001,0.671000,0.046000
4.110390,0.696510,-13.851720,-2.402001,0.001000,0.242000
-0.784800,0.255060,-16.549470,-3.274001,-0.943000,0.297000
-6.798330,0.500310,-30.872070,-3.780001,-0.282000,-0.195000
-3.374640,10.761570,-39.200760,-3.233001,1.102000,-0.382000
-6.180300,4.993290,-37.631160,1.015000,0.280000,-0.262000
1.736370,8.446410,-17.314650,-1.175000,0.815000,0.054000
4.973670,1.137960,-11.477700,-0.806000,0.712000,0.251000
1.775610,-1.618650,-2.413260,-0.731000,-0.023000,0.350000
-1.559790,3.511980,-1.442070,-0.753000,-0.480000,0.080000
-2.118960,2.884140,-0.215820,-0.500000,-0.219000,-0.038000
-1.599030,0.981000,-1.540170,-0.419000,0.056000,-0.126000
-0.402210,2.118960,-4.767660,-0.398000,0.144000,-0.146000
1.393020,3.835710,-7.632180,-0.245000,0.257000,0.101000
2.452500,4.875570,-9.093870,-0.096000,0.195000,0.323000
1.245870,5.052150,-12.586230,0.038000,0.200000,0.282000
0.147150,4.031910,-13.969440,0.042000,0.095000,-0.011000
0.794610,3.060720,-15.205500,0.081000,0.072000,-0.205000
0.961380,2.001240,-14.489370,0.052000,-0.128000,-0.206000
-0.098100,0.598410,-12.478320,0.038000,-0.265000,-0.178000
-0.951570,-0.421830,-10.094490,0.037000,-0.256000,-0.126000
-1.618650,-0.500310,-8.407170,-0.010000,-0.176000,-0.105000
-1.824660,0.019620,-7.641990,-0.007000,-0.031000,-0.127000
-0.725940,0.549360,-7.661610,0.069000,0.161000,-0.116000
0.402210,0.833850,-8.603370,0.108000,0.315000,-0.089000
0.461070,0.412020,-9.221400,0.180000,0.358000,-0.035000
0.490500,-0.284490,-9.672660,0.220000,0.338000,0.020000
0.657270,-1.010430,-9.937530,0.239000,0.198000,0.062000
0.814230,-1.736370,-9.917910,0.201000,0.051000,0.070000
0.804420,-1.912950,-9.937530,0.101000,-0.089000,0.088000
0.470880,-1.589220,-9.545130,0.022000,-0.191000,0.129000
0.107910,-1.196820,-8.838810,-0.012000,-0.201000,0.156000
-0.186390,-0.990810,-8.515080,-0.003000,-0.106000,0.116000
-0.304110,-0.931950,-8.711280,0.044000,0.036000,0.010000
-0.274680,-0.902520,-9.084060,0.099000,0.132000,-0.047000
-0.098100,-0.824040,-9.388170,0.145000,0.193000,-0.059000
0.137340,-0.568980,-9.751140,0.161000,0.230000,-0.067000
0.264870,-0.539550,-9.917910,0.168000,0.252000,-0.102000
0.500310,-0.676890,-10.104300,0.169000,0.316000,-0.149000
0.686700,-1.000620,-10.477080,0.154000,0.140000,-0.132000
0.716130,-0.990810,-10.074870,0.109000,-0.014000,-0.066000
-0.186390,-0.902520,-9.751140,0.067000,-0.252000,0.014000
-0.598410,-0.618030,-9.751140,0.043000,-0.102000,-0.008000

