-.-.-
-0.137340,-9.927720,0.412020,-0.033000,-0.001000,0.012000
-0.186390,-9.996390,0.333540,-0.051000,-0.014000,0.018000
-0.147150,-10.035630,0.196200,-0.088000,-0.019000,0.028000
-0.098100,-10.123920,0.107910,-0.147000,-0.028000,0.040000
-0.196200,-10.016010,-0.009810,-0.196000,-0.050000,0.044000
-0.196200,-10.025820,0.029430,-0.182000,-0.029000,0.041000
-0.196200,-10.094490,-0.068670,-0.166000,0.003000,0.037000
-0.206010,-10.153350,-0.137340,-0.157000,0.021000,0.042000
-0.176580,-10.114110,-0.255060,-0.152000,0.016000,0.037000
-0.166770,-10.133730,-0.353160,-0.187000,0.000000,0.026000
-0.147150,-10.074870,-0.225630,-0.179000,-0.018000,0.019000
-0.107910,-10.065060,-0.176580,-0.189000,0.004000,0.027000
-0.127530,-10.114110,-0.196200,-0.240000,0.001000,0.029000
-0.088290,-10.143540,-0.372780,-0.312000,0.013000,0.032000
-0.137340,-10.153350,-0.539550,-0.389000,0.012000,0.040000
-0.206010,-10.290690,-0.755370,-0.485000,0.022000,0.040000
-0.294300,-10.143540,-1.020240,-0.558000,-0.016000,0.025000
-0.206010,-10.153350,-0.843660,-0.524000,-0.005000,0.016000
-0.117720,-10.300500,-0.676890,-0.614000,0.027000,0.015000
-0.107910,-10.388790,-1.030050,-0.783000,0.044000,0.017000
-0.235440,-10.261260,-1.451880,-0.932000,0.086000,0.022000
-0.255060,-9.927720,-1.736370,-1.079000,0.135000,0.036000
-0.176580,-9.329310,-1.579410,-1.156000,0.151000,0.069000
-0.019620,-8.946720,-1.746180,-1.255000,0.137000,0.119000
0.176580,-8.593560,-2.324970,-1.369000,0.020000,0.175000
0.353160,-8.269830,-2.717370,-1.411001,-0.166000,0.226000
-0.137340,-7.946100,-2.854710,-1.483001,-0.521000,0.217000
-0.206010,-7.494840,-1.549980,-1.477001,-0.590000,0.064000
-0.206010,-7.926480,-1.569600,-1.416001,-0.398000,-0.050000
-1.039860,-8.809380,-2.589840,-1.450001,-0.260000,-0.047000
-1.393020,-9.427410,-3.619890,-1.552001,-0.028000,-0.030000
-0.902520,-9.162540,-4.218300,-1.712001,0.174000,0.006000
-0.353160,-8.309070,-3.561030,-1.643001,0.254000,0.045000
-0.215820,-7.377120,-2.501550,-1.587001,0.147000,0.079000
-0.235440,-7.151490,-2.913570,-1.606001,0.008000,-0.004000
-0.166770,-6.925860,-3.580650,-1.514001,-0.048000,-0.152000
0.402210,-6.651180,-2.815470,-1.517001,0.102000,-0.177000
0.362970,-6.003720,-3.256920,-1.361000,0.091000,-0.009000
-0.951570,-6.131250,-4.718610,-1.148000,0.035000,0.070000
-0.863280,-6.876810,-5.768280,-0.984000,0.038000,-0.074000
-0.156960,-6.749280,-5.238540,-0.794000,0.004000,-0.125000
0.431640,-6.396120,-5.464170,-0.612000,0.082000,-0.114000
0.333540,-6.553080,-6.454980,-0.407000,0.014000,-0.061000
0.333540,-6.278400,-6.425550,-0.230000,-0.147000,-0.058000
-0.088290,-6.092010,-6.268590,-0.114000,-0.285000,-0.074000
-0.519930,-5.846760,-5.974290,0.044000,-0.393000,-0.062000
-0.206010,-5.218920,-4.718610,0.171000,-0.338000,-0.110000
0.608220,-4.443930,-4.120200,0.239000,-0.230000,-0.131000
0.833850,-4.286970,-4.267350,0.450000,-0.312000,-0.076000
0.323730,-4.816710,-5.169870,0.599000,-0.366000,-0.043000
-0.598410,-6.190110,-6.425550,0.749000,-0.399000,-0.051000
-1.088910,-6.994530,-5.532840,0.922000,-0.306000,-0.153000
-1.000620,-7.131870,-5.915430,1.082000,-0.192000,-0.199000
-0.863280,-7.602750,-6.150870,1.199000,-0.186000,-0.141000
-0.922140,-7.426170,-6.072390,1.323000,-0.154000,-0.081000
-1.167390,-6.945480,-5.189490,1.500001,-0.082000,-0.090000
-0.882900,-6.778710,-4.345830,1.702001,-0.041000,-0.100000
-0.343350,-5.993910,-3.580650,1.931001,-0.022000,-0.087000
-0.412020,-5.552460,-3.404070,2.207001,-0.097000,-0.041000
-1.363590,-5.375880,-2.560410,2.423001,0.017000,-0.001000
-1.334160,-5.454360,-1.922760,2.603001,0.304000,0.105000
0.058860,-5.503410,-1.245870,2.746001,0.453000,0.255000
-0.882900,-5.277780,-1.088910,2.899001,0.476000,0.498000
-1.991430,-5.022720,-0.804420,3.005001,0.383000,0.544000
-1.245870,-5.317020,0.245250,2.757001,0.638000,0.251000
-1.608840,-4.728420,-1.500930,2.275001,0.862000,0.153000
-0.107910,-3.806280,-3.590460,2.438001,0.658000,0.196000
0.313920,-2.138580,-2.589840,2.768001,0.390000,-0.015000
-1.334160,-0.362970,0.382590,2.845001,0.015000,-0.113000
-0.127530,0.637650,1.314540,2.716001,0.110000,-0.199000
1.873710,0.480690,1.991430,2.633001,-0.177000,-0.297000
2.687940,0.990810,0.107910,2.561001,-0.637000,-0.269000
-0.873090,1.687320,1.942380,2.635001,-0.925000,-0.057000
-2.079720,-2.570220,10.761570,3.038001,-1.305000,-0.102000
4.532220,-33.873930,19.335510,3.688001,-1.362000,-0.876000
-1.393020,-31.313520,19.914300,3.403001,-0.764000,0.084000
-3.492360,-17.854200,21.209220,15.903006,-1.914001,0.112000
0.058860,-16.706430,37.572300,2.667001,-0.571000,-0.121000
-1.245870,-7.740090,21.944970,2.549001,0.440000,0.016000
1.098720,-3.364830,8.220780,2.759001,0.441000,-0.136000
-1.206630,-2.580030,8.770140,3.112001,0.005000,-0.228000
-0.961380,-3.904380,5.493600,2.761001,0.012000,-0.134000
0.264870,-2.560410,12.350790,3.453001,-0.103000,-0.152000
1.775610,-4.188870,16.598520,3.935001,0.171000,-0.022000
0.637650,0.166770,17.187120,4.200002,0.214000,-0.163000
-1.079100,-6.768900,15.058350,2.231001,0.408000,-0.646000
-2.001240,-3.884760,13.390650,1.114000,0.633000,-0.483000
-0.284490,-3.953430,12.390030,0.674000,0.971000,-0.139000
-1.863900,-11.821050,14.852340,0.417000,0.834000,0.231000
0.578790,-5.111010,11.340360,0.088000,0.562000,0.140000
0.529740,-2.168010,8.593560,-0.603000,0.393000,-0.065000
0.323730,0.706320,5.768280,-0.535000,0.209000,-0.433000
0.667080,-0.912330,6.131250,-0.129000,0.090000,-0.315000
-0.333540,5.483790,5.150250,0.018000,0.248000,-0.043000
-0.961380,6.376500,5.454360,-0.423000,0.713000,0.330000
-1.059480,-0.147150,7.298640,-0.636000,0.899000,0.268000
-0.873090,2.060100,8.289450,-0.432000,0.727000,0.127000
-2.138580,0.745560,11.359980,-0.637000,0.399000,0.077000
-1.971810,0.000000,13.214070,-0.636000,0.123000,0.034000
-1.422450,-1.177200,13.930200,-0.392000,-0.107000,0.025000
-1.854090,-2.266110,12.851100,-0.174000,-0.552000,-0.021000
-1.275300,-2.766420,9.800190,0.110000,-1.302000,-0.024000
-0.627840,-1.942380,9.721710,0.485000,-1.611001,-0.074000
-0.676890,-1.128150,10.555560,0.664000,-1.539001,-0.077000
-0.313920,-0.814230,9.339120,0.726000,-1.244000,0.000000
-0.382590,-0.961380,9.496080,0.586000,-0.981000,0.033000
0.186390,-1.755990,9.074250,0.336000,-0.682000,0.043000
0.147150,-1.383210,8.819190,0.210000,-0.450000,0.046000
0.392400,-1.226250,8.887860,0.054000,-0.276000,0.042000
0.480690,-0.814230,9.447030,-0.032000,-0.234000,0.052000
0.500310,-1.285110,9.937530,-0.059000,-0.201000,0.047000
0.755370,-1.128150,10.290690,0.004000,-0.143000,0.026000
0.804420,-1.010430,10.388790,0.076000,-0.055000,0.007000
0.725940,-0.990810,10.094490,0.088000,0.030000,-0.002000
0.588600,-0.990810,9.653040,0.037000,0.121000,-0.008000
0.529740,-1.039860,9.515700,0.015000,0.232000,-0.013000
0.392400,-0.892710,9.564750,0.028000,0.306000,-0.018000
0.294300,-0.833850,9.976770,0.037000,0.356000,-0.024000
0.186390,-0.794610,10.408410,0.057000,0.395000,-0.022000
0.156960,-0.765180,10.418220,0.054000,0.449000,-0.017000
0.019620,-0.774990,10.172970,0.023000,0.418000,-0.010000
-0.019620,-0.765180,9.751140,-0.007000,0.343000,-0.003000
-0.127530,-0.784800,9.711900,-0.046000,0.167000,0.006000
-0.127530,-0.794610,9.800190,-0.070000,0.050000,0.006000
-0.098100,-0.824040,9.937530,-0.072000,0.017000,0.004000
-0.078480,-0.853470,10.035630,-0.067000,0.032000,0.003000
-0.088290,-0.863280,9.966960,-0.045000,0.056000,0.005000
-0.098100,-0.882900,9.996390,-0.030000,0.059000,0.006000

