-.-.-
-0.078480,-9.976770,-0.225630,-0.197000,-0.014000,-0.001000
-0.098100,-10.006200,-0.255060,-0.215000,-0.013000,0.000000
-0.068670,-9.976770,-0.294300,-0.230000,-0.012000,0.002000
-0.078480,-10.006200,-0.304110,-0.247000,-0.014000,0.001000
-0.127530,-9.996390,-0.362970,-0.266000,-0.018000,0.000000
-0.117720,-9.986580,-0.402210,-0.292000,-0.005000,0.000000
-0.107910,-10.006200,-0.461070,-0.314000,-0.006000,0.000000
-0.088290,-10.065060,-0.490500,-0.335000,-0.007000,0.003000
-0.078480,-10.055250,-0.510120,-0.364000,-0.007000,0.006000
-0.068670,-10.025820,-0.588600,-0.394000,-0.008000,0.008000
-0.078480,-10.055250,-0.637650,-0.426000,-0.008000,0.001000
-0.088290,-10.035630,-0.706320,-0.452000,0.000000,0.001000
-0.088290,-10.006200,-0.745560,-0.489000,0.004000,0.000000
-0.098100,-10.025820,-0.765180,-0.536000,0.008000,-0.001000
-0.088290,-10.006200,-0.922140,-0.573000,0.010000,-0.001000
-0.078480,-10.025820,-1.049670,-0.603000,0.009000,-0.003000
-0.078480,-10.035630,-1.088910,-0.643000,0.026000,-0.006000
-0.107910,-10.045440,-1.157580,-0.703000,0.050000,-0.011000
0.000000,-10.084680,-1.304730,-0.743000,0.051000,-0.010000
0.078480,-10.055250,-1.393020,-0.797000,0.005000,-0.002000
0.098100,-9.878670,-1.579410,-0.853000,-0.027000,-0.002000
0.098100,-9.810000,-1.814850,-0.881000,-0.081000,-0.002000
0.029430,-9.711900,-1.942380,-0.933000,-0.103000,0.000000
-0.166770,-9.496080,-2.305350,-0.973000,-0.098000,-0.016000
0.000000,-9.172350,-2.805660,-1.004000,-0.045000,-0.020000
0.196200,-8.779950,-2.364210,-0.999000,-0.023000,0.002000
0.166770,-8.632800,-2.020860,-0.989000,-0.039000,0.012000
-0.009810,-8.622990,-2.266110,-0.965000,-0.074000,0.015000
-0.196200,-8.760330,-2.619270,-0.932000,-0.070000,0.002000
-0.215820,-8.789760,-2.835090,-0.920000,-0.039000,-0.016000
-0.412020,-8.985960,-2.923380,-0.950000,0.005000,-0.037000
-0.431640,-9.299880,-3.168630,-1.009000,0.055000,-0.056000
-0.068670,-9.201780,-3.600270,-1.079000,0.029000,-0.026000
0.304110,-8.868240,-3.659130,-1.135000,-0.020000,0.006000
0.549360,-8.642610,-3.227490,-1.229000,-0.110000,0.034000
0.323730,-8.436600,-3.492360,-1.287000,-0.169000,0.026000
-0.255060,-8.230590,-3.924000,-1.348000,-0.154000,-0.015000
-0.451260,-7.995150,-3.825900,-1.402001,-0.064000,-0.064000
-0.137340,-7.779330,-3.992670,-1.416001,-0.050000,-0.059000
0.176580,-7.622370,-3.973050,-1.444001,-0.102000,-0.039000
0.451260,-7.534080,-4.120200,-1.462001,-0.139000,-0.047000
0.098100,-7.651800,-4.875570,-1.363000,-0.158000,-0.079000
-0.186390,-7.975530,-5.572080,-1.424001,-0.178000,-0.086000
-0.147150,-8.171730,-6.209730,-1.462001,-0.155000,-0.086000
-1.030050,-7.524270,-6.925860,-1.368000,-0.151000,-0.055000
-1.608840,-8.250210,-6.543270,-1.259000,-0.013000,-0.046000
-1.206630,-7.681230,-6.347070,-1.218000,0.103000,-0.056000
-0.637650,-6.817950,-6.896430,-1.149000,0.133000,-0.026000
0.107910,-6.425550,-7.524270,-1.149000,0.144000,-0.005000
0.323730,-6.788520,-7.838190,-0.988000,0.106000,-0.010000
0.176580,-8.152110,-8.240400,-0.901000,0.111000,-0.056000
0.039240,-8.309070,-8.730900,-0.905000,0.099000,-0.070000
0.353160,-9.064440,-9.250830,-0.934000,0.060000,-0.006000
0.058860,-9.074250,-9.397980,-0.963000,0.021000,0.010000
-0.049050,-9.270450,-8.868240,-0.973000,0.042000,0.000000
0.049050,-9.182160,-9.035010,-0.993000,0.085000,-0.021000
0.058860,-9.191970,-8.819190,-0.983000,0.085000,-0.040000
0.225630,-8.672040,-8.142300,-0.962000,0.086000,-0.055000
0.166770,-8.142300,-7.406550,-0.923000,0.078000,-0.075000
0.088290,-7.749900,-6.131250,-0.861000,0.144000,-0.109000
0.019620,-7.249590,-5.169870,-0.780000,0.187000,-0.128000
0.000000,-6.631560,-4.561650,-0.670000,0.221000,-0.151000
-0.009810,-6.248970,-5.797710,-0.675000,0.271000,-0.192000
0.127530,-5.817330,-6.896430,-0.812000,0.344000,-0.223000
0.745560,-5.552460,-7.465410,-0.939000,0.435000,-0.244000
1.334160,-5.689800,-7.249590,-1.199000,0.479000,-0.262000
1.599030,-5.267970,-8.014770,-1.528001,0.364000,-0.254000
1.314540,-4.718610,-7.602750,-1.820001,0.206000,-0.276000
1.069290,-4.228110,-6.092010,-2.025001,-0.023000,-0.276000
0.824040,-3.688560,-4.228110,-2.212001,-0.076000,-0.321000
1.579410,-1.844280,-3.600270,-2.214001,-0.031000,-0.378000
1.285110,0.313920,-1.765800,-1.969001,-0.308000,-0.406000
-0.686700,2.501550,-2.246490,-1.498001,-0.528000,-0.327000
-3.727800,4.689180,-4.031910,-0.691000,-0.709000,-0.164000
-8.583750,6.916050,-4.620510,-0.054000,-0.265000,0.062000
-3.610080,4.620510,-4.159440,0.124000,0.140000,0.509000
0.941760,3.070530,-2.766420,0.008000,0.183000,0.878000
2.099340,2.148390,-3.551220,0.225000,0.162000,0.839000
2.285730,0.588600,-2.148390,0.785000,0.225000,0.536000
2.413260,-0.549360,-2.138580,0.998000,0.184000,0.231000
3.031290,0.510120,-1.981620,0.980000,-0.231000,0.192000
2.128770,2.275920,-2.246490,1.268000,-0.192000,0.356000
1.716750,3.884760,-1.383210,1.191000,0.344000,0.442000
1.599030,6.386310,-2.530980,1.102000,0.749000,0.305000
1.579410,10.486890,-7.200540,1.569001,0.356000,0.226000
2.638890,8.701470,-14.783670,2.234001,-0.562000,0.371000
8.377740,8.024580,-39.200760,2.339001,-0.685000,0.595000
9.829620,-10.486890,-39.200760,2.722001,-0.794000,0.944000
1.285110,-4.345830,-37.140660,-0.241000,-1.571001,-0.101000
0.049050,-8.073630,-23.122170,-1.153000,-2.327001,0.516000
-5.248350,-1.608840,-11.791620,-1.544001,-1.103000,0.432000
-2.815470,4.188870,-4.620510,-1.557001,-0.812000,0.661000
-0.186390,5.287590,-3.482550,-1.371000,-0.895000,1.035000
1.314540,5.022720,-4.247730,-0.911000,-0.715000,0.753000
0.529740,3.953430,-4.090770,-0.616000,-0.552000,0.309000
-0.971190,2.668320,-3.080340,-0.058000,-0.509000,-0.016000
-1.069290,1.589220,-3.286350,0.135000,-0.536000,-0.135000
-0.951570,0.755370,-3.482550,0.398000,-0.639000,-0.059000
-1.991430,-0.049050,-4.581270,0.446000,-0.620000,-0.111000
-4.188870,-0.372780,-6.396120,0.435000,-0.386000,-0.263000
-6.798330,-1.942380,-9.172350,0.310000,0.085000,-0.374000
-7.867620,-2.197440,-11.467890,0.027000,0.564000,-0.409000
-5.886000,-2.020860,-12.802050,-0.022000,0.768000,-0.433000
-4.002480,-2.776230,-13.076730,-0.081000,0.687000,-0.433000
-3.001860,-2.736990,-12.076110,-0.173000,0.429000,-0.368000
-2.629080,-2.256300,-11.320740,-0.177000,0.303000,-0.249000
-1.883520,-1.863900,-10.035630,-0.089000,0.278000,-0.175000
-1.236060,-1.991430,-8.622990,-0.022000,0.250000,-0.122000
-0.676890,-1.863900,-7.435980,-0.008000,0.266000,-0.051000
-0.784800,-2.040480,-6.916050,-0.003000,0.244000,0.050000
-0.098100,-2.069910,-7.249590,0.126000,0.289000,0.084000
0.264870,-2.334780,-8.583750,0.151000,0.232000,0.120000
0.284490,-2.530980,-9.545130,0.152000,0.193000,0.151000
0.147150,-2.687940,-10.428030,0.133000,0.197000,0.182000
0.098100,-2.707560,-10.957770,0.091000,0.169000,0.226000
0.009810,-2.324970,-11.134350,0.058000,0.102000,0.237000
-0.156960,-1.628460,-10.663470,0.056000,0.020000,0.213000
-0.255060,-1.255680,-9.947340,0.049000,-0.039000,0.183000
-0.392400,-0.981000,-9.447030,0.035000,-0.097000,0.147000
-0.745560,-0.637650,-9.093870,0.010000,-0.126000,0.096000
-0.892710,-0.421830,-8.946720,0.009000,-0.096000,0.044000
-0.833850,-0.686700,-9.044820,0.008000,-0.044000,-0.014000
-0.735750,-1.010430,-9.270450,0.015000,-0.013000,-0.072000
-0.725940,-1.353780,-9.564750,0.025000,-0.024000,-0.113000
-0.892710,-1.599030,-9.751140,0.034000,-0.041000,-0.137000
-1.069290,-1.726560,-9.741330,0.031000,-0.062000,-0.137000
-1.216440,-1.785420,-9.692280,0.030000,-0.083000,-0.125000
-1.343970,-1.746180,-9.603990,0.030000,-0.107000,-0.108000

