-.-.-
0.647460,-9.800190,1.206630,0.001000,0.003000,0.004000
0.667080,-9.731520,1.177200,0.005000,0.009000,0.002000
0.686700,-9.711900,1.177200,0.011000,0.006000,0.005000
0.706320,-9.711900,1.187010,0.016000,0.007000,0.002000
0.686700,-9.790380,1.157580,0.019000,0.004000,0.000000
0.657270,-9.780570,1.108530,0.027000,0.002000,-0.002000
0.696510,-9.702090,1.118340,0.038000,0.008000,-0.002000
0.647460,-9.682470,1.118340,0.053000,0.004000,0.000000
0.608220,-9.653040,1.157580,0.064000,0.013000,-0.008000
0.637650,-9.770760,1.147770,0.070000,0.021000,-0.014000
0.745560,-9.917910,1.098720,0.074000,0.008000,-0.016000
0.765180,-9.888480,1.069290,0.068000,0.005000,-0.014000
0.725940,-9.741330,1.118340,0.065000,0.004000,-0.009000
0.667080,-9.633420,1.108530,0.075000,0.005000,-0.003000
0.588600,-9.662850,1.157580,0.101000,0.004000,0.010000
0.598410,-9.633420,1.216440,0.117000,0.004000,0.012000
0.637650,-9.584370,1.236060,0.132000,0.008000,0.013000
0.686700,-9.574560,1.304730,0.146000,0.010000,0.013000
0.637650,-9.692280,1.285110,0.163000,0.007000,0.017000
0.627840,-9.692280,1.383210,0.185000,0.008000,0.013000
0.657270,-9.662850,1.412640,0.196000,0.017000,0.008000
0.686700,-9.692280,1.442070,0.212000,0.018000,0.005000
0.676890,-9.711900,1.481310,0.222000,0.023000,0.003000
0.647460,-9.672660,1.500930,0.230000,0.021000,0.003000
0.657270,-9.633420,1.491120,0.247000,0.034000,0.003000
0.608220,-9.633420,1.589220,0.267000,0.029000,0.010000
0.618030,-9.554940,1.706940,0.281000,0.038000,0.009000
0.598410,-9.623610,1.726560,0.297000,0.047000,0.011000
0.588600,-9.623610,1.746180,0.311000,0.058000,0.008000
0.578790,-9.515700,1.814850,0.329000,0.066000,0.012000
0.588600,-9.476460,1.863900,0.350000,0.075000,0.015000
0.608220,-9.496080,1.922760,0.378000,0.079000,0.012000
0.588600,-9.476460,1.991430,0.398000,0.088000,0.011000
0.598410,-9.447030,2.099340,0.420000,0.092000,0.015000
0.637650,-9.476460,2.158200,0.437000,0.094000,0.020000
0.618030,-9.505890,2.168010,0.455000,0.089000,0.016000
0.647460,-9.397980,2.207250,0.481000,0.074000,0.017000
0.588600,-9.290070,2.374020,0.512000,0.061000,0.027000
0.578790,-9.319500,2.501550,0.548000,0.073000,0.025000
0.568980,-9.319500,2.570220,0.579000,0.067000,0.029000
0.627840,-9.290070,2.648700,0.605000,0.059000,0.025000
0.627840,-9.211590,2.746800,0.638000,0.056000,0.036000
0.549360,-9.201780,2.795850,0.665000,0.046000,0.051000
0.568980,-9.074250,2.893950,0.692000,0.043000,0.056000
0.510120,-8.858430,3.050910,0.730000,0.045000,0.058000
0.431640,-8.897670,3.080340,0.777000,0.041000,0.067000
0.470880,-8.985960,3.149010,0.818000,0.055000,0.067000
0.529740,-8.917290,3.099960,0.854000,0.073000,0.076000
0.500310,-8.819190,3.227490,0.866000,0.067000,0.076000
0.470880,-8.652420,2.972430,0.895000,0.046000,0.089000
0.647460,-8.534700,3.325590,0.965000,0.027000,0.103000
0.480690,-8.681850,3.551220,1.040000,0.009000,0.119000
0.421830,-8.779950,3.502170,1.096000,-0.018000,0.113000
0.549360,-8.603370,3.649320,1.173000,-0.031000,0.105000
0.568980,-8.220780,3.786660,1.267000,-0.063000,0.135000
0.461070,-7.946100,3.904380,1.334000,-0.117000,0.198000
0.225630,-7.583130,4.169250,1.410001,-0.140000,0.200000
0.294300,-7.279020,4.443930,1.525001,-0.122000,0.151000
0.441450,-7.485030,4.659750,1.655001,-0.126000,0.156000
0.421830,-7.514460,4.649940,1.752001,-0.121000,0.173000
0.549360,-7.494840,4.698990,1.785001,-0.095000,0.158000
0.323730,-7.357500,4.757850,1.799001,-0.086000,0.168000
0.117720,-7.063200,4.934430,1.851001,-0.027000,0.139000
0.098100,-7.416360,4.767660,1.816001,0.080000,0.113000
0.147150,-6.984720,3.737610,1.556001,0.096000,0.184000
0.107910,-4.914810,2.432880,1.265000,0.290000,0.279000
0.480690,-6.494220,1.677510,1.224000,0.344000,0.263000
1.079100,-7.789140,2.246490,1.243000,0.278000,0.105000
1.481310,-4.139820,2.501550,1.230000,0.064000,0.089000
0.990810,-1.049670,2.374020,1.415001,-0.222000,0.155000
-0.166770,-2.168010,2.374020,1.651001,-0.189000,0.127000
-0.490500,-3.786660,2.344590,1.841001,-0.039000,0.094000
-0.186390,-3.943620,2.148390,1.991001,0.128000,0.090000
0.333540,-3.796470,1.755990,2.082001,0.364000,0.078000
0.323730,-2.364210,1.373400,2.177001,0.441000,0.089000
-0.245250,-1.020240,1.962000,2.376001,0.427000,0.068000
0.313920,-0.107910,0.392400,2.557001,0.580000,0.000000
0.431640,1.628460,-0.480690,2.900001,0.607000,0.086000
-9.290070,11.114730,6.013530,9.620003,-0.902000,0.686000
-6.307830,-7.377120,35.875170,2.180001,1.587001,0.062000
-0.451260,-13.989060,39.230190,4.467002,0.603000,0.123000
-7.651800,3.286350,39.230190,3.046001,-0.265000,-0.097000
-1.442070,4.355640,29.920500,2.280001,-0.407000,0.456000
-2.491740,10.006200,19.276650,1.127000,-0.974000,0.262000
-0.510120,-18.972540,17.716860,-2.534001,-0.737000,-0.523000
-4.679370,7.102440,7.602750,-2.973001,-0.304000,-1.097000
-3.933810,8.152110,4.600890,-2.358001,0.352000,0.491000
5.189490,11.173590,3.482550,-1.435001,0.687000,0.432000
-1.010430,1.216440,5.964480,-0.684000,0.456000,0.216000
-0.735750,0.255060,6.749280,-0.606000,0.250000,0.049000
0.068670,0.166770,7.524270,-0.470000,-0.038000,0.008000
-1.510740,4.159440,7.543890,-0.476000,-0.172000,-0.024000
-0.922140,2.638890,8.054010,-0.535000,-0.173000,-0.020000
-0.833850,2.305350,8.181540,-0.548000,-0.065000,0.010000
-0.627840,-1.285110,9.653040,-0.461000,0.035000,0.035000
-0.990810,-0.568980,10.879290,-0.128000,0.106000,0.030000
-0.863280,-0.774990,11.458080,0.082000,0.220000,0.028000
-1.000620,-0.931950,11.389410,0.239000,0.291000,0.024000
-0.981000,-1.020240,10.634040,0.266000,0.291000,0.020000
-0.912330,-0.931950,9.927720,0.153000,0.212000,0.005000
-0.971190,-0.863280,9.447030,0.008000,0.147000,-0.010000
-0.882900,-1.677510,9.241020,-0.106000,0.113000,-0.024000
-1.069290,-1.216440,9.241020,-0.059000,0.090000,-0.021000
-1.079100,-1.069290,9.397980,-0.001000,0.073000,-0.012000
-1.069290,-1.069290,9.594180,0.042000,0.057000,0.000000
-1.118340,-1.030050,9.692280,0.035000,0.064000,0.005000
-1.118340,-1.000620,9.790380,0.002000,0.064000,0.006000
-1.137960,-1.020240,9.957150,-0.037000,0.049000,0.007000
-1.157580,-1.010430,10.006200,-0.067000,0.026000,0.008000
-1.147770,-1.000620,9.957150,-0.089000,0.006000,0.004000
-1.137960,-1.030050,9.878670,-0.095000,-0.007000,0.004000
-1.098720,-1.010430,9.770760,-0.093000,-0.021000,0.003000
-1.088910,-1.000620,9.662850,-0.082000,-0.023000,0.000000
-1.118340,-1.020240,9.623610,-0.063000,-0.018000,0.000000
-1.128150,-1.010430,9.711900,-0.041000,-0.016000,0.001000
-1.157580,-1.039860,9.839430,-0.027000,-0.023000,0.002000
-1.147770,-1.030050,9.908100,-0.012000,-0.023000,0.002000
-1.137960,-1.039860,9.976770,0.002000,-0.026000,0.004000
-1.147770,-1.059480,10.035630,0.006000,-0.027000,0.004000
-1.128150,-1.088910,10.006200,0.008000,-0.034000,0.003000
-1.088910,-1.069290,9.976770,0.006000,-0.029000,0.002000
-1.088910,-1.088910,9.898290,0.010000,-0.027000,0.001000
-1.069290,-1.079100,9.829620,0.007000,-0.023000,0.000000
-1.069290,-1.098720,9.868860,0.001000,-0.023000,0.000000
-1.069290,-1.098720,9.849240,-0.001000,-0.008000,0.000000
-1.059480,-1.098720,9.800190,-0.004000,0.016000,0.000000
-1.069290,-1.098720,9.800190,-0.011000,0.030000,0.000000
-1.088910,-1.098720,9.849240,-0.009000,0.030000,0.002000

