-.-.-
16,-256,-50,-66,41,-17
15,-257,-48,-63,39,-15
17,-257,-46,-59,35,-14
19,-255,-48,-53,33,-11
19,-255,-47,-47,29,-9
18,-256,-50,-41,26,-7
21,-257,-46,-37,24,-6
19,-253,-45,-32,22,-6
20,-250,-50,-30,21,-6
21,-250,-49,-30,20,-5
22,-249,-49,-29,18,-7
19,-249,-47,-30,20,-7
20,-249,-46,-30,21,-8
18,-249,-45,-31,23,-10
21,-248,-43,-34,26,-11
22,-250,-47,-35,28,-13
21,-250,-41,-38,30,-14
20,-249,-38,-40,31,-14
20,-249,-41,-42,33,-15
21,-250,-40,-43,35,-17
20,-251,-39,-41,36,-18
21,-249,-39,-43,36,-19
22,-248,-40,-43,34,-20
22,-249,-33,-41,33,-20
21,-246,-39,-41,32,-21
23,-247,-37,-40,32,-22
24,-247,-37,-40,32,-24
25,-242,-40,-41,34,-24
22,-243,-38,-41,36,-25
23,-244,-38,-43,39,-27
23,-240,-39,-47,43,-33
23,-242,-41,-52,46,-36
23,-243,-38,-59,50,-40
24,-240,-31,-67,52,-42
22,-240,-29,-72,54,-45
23,-245,-27,-74,52,-45
25,-245,-33,-70,44,-43
24,-244,-32,-76,40,-45
23,-244,-31,-81,34,-44
21,-245,-31,-86,29,-43
21,-242,-32,-98,22,-42
22,-244,-27,-112,13,-39
21,-247,-32,-127,5,-38
21,-245,-28,-145,-4,-37
23,-244,-30,-159,-8,-37
24,-242,-31,-171,-10,-39
29,-247,-29,-179,-6,-38
35,-247,-31,-183,3,-40
39,-246,-31,-185,16,-38
43,-247,-32,-188,38,-38
48,-248,-29,-189,67,-35
52,-249,-27,-183,102,-30
50,-249,-28,-175,144,-24
51,-253,-30,-165,186,-20
52,-257,-28,-152,227,-15
49,-255,-28,-132,262,-7
46,-256,-30,-110,290,0
43,-257,-31,-90,312,4
37,-261,-30,-70,327,6
30,-259,-38,-49,334,10
28,-261,-36,-32,331,16
26,-256,-44,-19,322,18
21,-252,-49,-20,305,18
-9,-251,-55,-32,274,16
14,-253,-48,-47,227,22
23,-256,-36,-43,204,4
14,-251,-43,-13,177,-23
-31,-245,-56,4,137,-33
-3,-255,-56,-35,68,3
-51,-264,-56,-97,22,38
-34,-287,-55,-171,-45,104
-41,-297,-53,-233,-97,145
3,-300,-39,-270,-159,171
2,-292,-39,-252,-189,163
-5,-281,-50,-227,-223,169
9,-271,-42,-215,-235,169
34,-260,-34,-189,-207,150
26,-256,-49,-164,-181,139
14,-247,-57,-165,-176,140
27,-238,-57,-188,-183,125
48,-233,-57,-206,-185,95
41,-238,-57,-220,-180,86
34,-255,-55,-239,-193,105
34,-239,-53,-224,-236,77
38,-231,-44,-236,-222,27
31,-256,-31,-258,-188,40
18,-266,-29,-264,-183,56
15,-271,-31,-237,-197,61
20,-268,-34,-195,-201,70
24,-259,-34,-172,-205,55
20,-249,-36,-165,-203,42
17,-249,-32,-176,-201,35
33,-248,-33,-173,-210,33
-5,-260,-33,-155,-220,25
58,-217,-35,-124,-231,9
30,-233,-19,-187,-174,-10
34,-254,-26,-195,-177,31
24,-246,-26,-172,-182,11
46,-244,-30,-145,-176,7
42,-243,-22,-154,-141,-7
41,-248,-25,-181,-128,8
41,-249,-21,-189,-108,15
43,-257,-22,-189,-96,22
43,-255,-23,-188,-76,26
40,-251,-27,-190,-60,19
45,-249,-24,-193,-38,16
38,-248,-27,-198,-22,11
37,-248,-32,-205,-8,7
33,-242,-31,-216,4,5
29,-241,-30,-228,15,1
34,-238,-32,-240,31,0
29,-237,-33,-253,47,-5
31,-240,-36,-268,62,-8
29,-238,-36,-284,75,-10
31,-240,-33,-299,86,-10
29,-243,-32,-314,98,-10
29,-239,-34,-330,109,-7
31,-241,-36,-344,117,-7
32,-239,-33,-352,125,-6
28,-240,-31,-359,132,-1
34,-244,-31,-364,137,6
32,-243,-31,-371,142,11
35,-243,-35,-374,147,15
34,-243,-37,-377,153,21
38,-243,-34,-381,159,25
36,-243,-35,-389,164,28
37,-245,-38,-393,167,30
35,-238,-35,-401,169,30
34,-243,-39,-411,170,29
33,-237,-36,-422,170,29
31,-236,-37,-436,169,26
32,-237,-39,-452,167,23
31,-236,-39,-471,164,19
26,-236,-37,-491,158,15
24,-238,-40,-506,152,11
25,-236,-40,-517,144,6
21,-241,-41,-519,132,3
17,-239,-40,-516,115,-1
17,-240,-42,-506,93,-5
13,-240,-48,-488,67,-12
12,-232,-47,-467,37,-18
8,-232,-51,-443,1,-23
7,-233,-55,-418,-35,-30
4,-226,-56,-392,-76,-36
2,-223,-55,-361,-117,-45
-3,-220,-55,-330,-154,-56
-1,-214,-54,-295,-190,-67
2,-213,-48,-258,-220,-78
5,-214,-49,-225,-246,-91
6,-218,-50,-199,-267,-106
9,-222,-41,-174,-282,-121
10,-226,-42,-152,-292,-135
8,-236,-43,-135,-294,-148
12,-250,-41,-129,-288,-158
12,-262,-37,-129,-271,-165
15,-279,-36,-136,-241,-170
17,-292,-35,-148,-195,-176
15,-297,-35,-160,-139,-190
20,-307,-30,-167,-78,-208
23,-303,-23,-167,-17,-227
28,-302,-31,-155,33,-247
34,-297,-22,-138,71,-262
37,-295,-26,-121,86,-271
45,-288,-32,-104,87,-273
50,-277,-42,-93,80,-275
55,-272,-43,-102,74,-271
59,-263,-44,-128,69,-259
62,-263,-44,-162,71,-237
64,-258,-45,-197,78,-213
64,-258,-45,-230,92,-186
56,-255,-46,-265,122,-159
51,-261,-44,-301,175,-130
48,-265,-49,-344,235,-101
41,-277,-45,-389,310,-76
30,-285,-40,-430,373,-65
22,-285,-43,-462,422,-62
13,-284,-46,-484,465,-52
9,-285,-49,-500,497,-39
8,-282,-43,-510,515,-26
2,-280,-43,-509,526,-13
2,-278,-45,-497,525,6
-3,-271,-48,-484,517,35
-3,-268,-43,-461,498,63
-3,-262,-47,-442,473,89
5,-254,-49,-445,452,125
-15,-260,-41,-489,441,166
-16,-260,-42,-516,374,141
-16,-257,-42,-517,316,115
-12,-259,-40,-514,280,109
-8,-256,-45,-525,265,106
-4,-258,-42,-549,255,102
-4,-260,-42,-576,258,103
-1,-259,-33,-605,263,97
3,-263,-30,-633,274,94
-1,-270,-17,-649,294,103
0,-270,-17,-661,315,116
-6,-276,-11,-662,327,122
-8,-278,-6,-655,334,116
-9,-276,-9,-651,347,113
-13,-286,0,-665,363,105
-11,-283,-2,-656,352,59
-13,-289,1,-631,341,24
-7,-288,-1,-610,321,-9
5,-297,-14,-595,304,-42
7,-296,-9,-584,297,-62
11,-298,-11,-578,290,-73
13,-300,-13,-573,288,-88
16,-295,-16,-561,291,-96
13,-305,-8,-556,295,-91
13,-305,-19,-555,269,-116
12,-303,-21,-541,241,-145
12,-310,-20,-520,226,-160
13,-311,-27,-502,207,-168
14,-312,-31,-483,199,-174
19,-315,-25,-462,202,-173
19,-315,-24,-436,199,-182
27,-313,-24,-395,199,-196
23,-316,-16,-361,215,-192
8,-311,-13,-306,222,-196
19,-309,-9,-235,200,-214
14,-301,-9,-167,170,-252
9,-292,-6,-95,149,-272
7,-283,-8,-17,140,-281
5,-268,-10,58,134,-286
5,-256,-7,129,133,-294
1,-248,-8,190,137,-304
-2,-237,-15,241,143,-309
-2,-228,-17,289,149,-313
-2,-215,-14,335,160,-319
-4,-207,-21,377,176,-325
5,-201,-16,412,200,-328
8,-189,-29,435,229,-334
8,-182,-34,446,267,-340
13,-170,-43,450,308,-336
16,-160,-45,442,351,-332
10,-147,-48,432,384,-322
13,-136,-55,420,404,-300
14,-125,-61,398,412,-278
20,-116,-69,362,408,-259
26,-113,-89,313,397,-240
37,-109,-101,258,388,-222
49,-110,-122,204,390,-208
53,-112,-146,144,402,-199
54,-116,-165,65,419,-200
49,-125,-174,-22,441,-203
47,-147,-176,-107,462,-194
39,-161,-182,-188,476,-178
39,-185,-185,-251,469,-154
43,-205,-177,-293,443,-132
48,-221,-175,-315,397,-114
58,-234,-163,-313,336,-104
68,-245,-152,-280,263,-95
75,-250,-141,-219,188,-87
76,-258,-136,-142,108,-76
80,-266,-122,-62,30,-64
75,-266,-118,12,-44,-55
70,-272,-115,73,-104,-47
59,-281,-102,119,-146,-39
48,-294,-99,146,-180,-31
43,-311,-88,146,-211,-24
40,-330,-91,123,-237,-27
29,-344,-94,78,-255,-37
23,-358,-103,16,-272,-54
16,-373,-112,-68,-282,-72
21,-388,-123,-167,-284,-93
24,-408,-129,-279,-283,-121
28,-424,-134,-386,-280,-148
38,-444,-125,-465,-271,-170
46,-461,-122,-507,-256,-188
49,-480,-109,-514,-238,-201
57,-500,-101,-494,-228,-210
62,-518,-95,-447,-217,-211
63,-528,-87,-393,-207,-203
68,-535,-84,-334,-190,-191
68,-541,-82,-263,-174,-187
63,-539,-72,-188,-146,-191
66,-535,-62,-105,-118,-194
60,-518,-64,-9,-96,-202
52,-499,-56,79,-65,-203
51,-476,-56,155,-41,-187
49,-461,-52,213,-41,-196
44,-446,-48,261,-57,-228
44,-426,-46,298,-78,-267
37,-406,-44,335,-84,-295
35,-381,-44,363,-83,-304
37,-355,-40,369,-81,-308
15,-338,-37,359,-76,-311
66,-311,-55,312,-122,-424
67,-303,-47,295,-30,-378
66,-292,-40,309,49,-300
55,-279,-35,290,69,-301
79,-255,-37,225,52,-398
86,-255,-21,197,132,-345
68,-260,-14,206,177,-279
82,-251,-5,212,164,-315
78,-257,7,229,189,-291
71,-252,8,260,188,-261
72,-242,6,295,183,-229
66,-226,2,327,179,-169
49,-203,-8,358,148,-109
39,-176,-17,386,101,-66
23,-150,-27,415,40,-35
13,-124,-44,432,-18,-6
-4,-95,-57,420,-62,20
-13,-71,-72,384,-83,44
-24,-49,-83,320,-73,57
-27,-26,-77,238,-47,61
-26,-12,-95,128,-14,58
-25,3,-89,11,22,61
-28,5,-89,-91,49,61
-23,9,-84,-155,71,60
-27,8,-77,-163,109,61
-19,5,-68,-121,156,58
-17,-1,-67,-47,207,57
-16,-9,-63,51,250,51
-24,-6,-64,158,280,52
-20,-13,-61,261,288,64
-16,-7,-72,350,273,85
-8,-13,-65,424,234,108
-4,-14,-70,478,178,137
0,-9,-74,513,115,160
9,-9,-78,535,52,181
13,-7,-79,544,-10,194
15,-8,-78,548,-71,198
14,-1,-74,542,-125,195
11,6,-69,530,-171,185
3,2,-66,518,-207,172
-23,-11,-68,516,-235,144
-14,8,-73,527,-271,72
-4,-1,-78,505,-259,62
9,-10,-95,469,-222,36
22,-29,-106,425,-185,-34
31,-51,-117,379,-145,-118
25,-79,-135,328,-116,-190
17,-120,-148,250,-108,-227
13,-170,-169,142,-126,-242
11,-222,-191,19,-160,-244
-9,-252,-227,-117,-168,-255
-7,-310,-278,-306,-104,-277
-39,-351,-307,-589,32,-305
-40,-389,-294,-920,153,-333
-37,-439,-244,-1234,214,-365
-21,-477,-169,-1296,210,-396
-8,-508,-107,-1140,171,-408
6,-527,-66,-857,138,-407
11,-525,-51,-547,135,-401
27,-518,-56,-284,147,-402
47,-488,-92,-138,149,-423
71,-456,-139,-151,78,-466
93,-436,-164,-352,-72,-536
108,-414,-188,-661,-296,-577
116,-430,-179,-975,-543,-565
112,-462,-159,-1210,-744,-525
110,-503,-141,-1330,-855,-466
94,-548,-134,-1363,-888,-400
86,-585,-131,-1324,-876,-347
71,-613,-134,-1222,-857,-312
53,-620,-120,-1098,-817,-288
34,-644,-115,-926,-812,-256
24,-633,-119,-625,-914,-317
10,-607,-105,-345,-982,-354
-9,-603,-98,-118,-1055,-362
-21,-576,-90,75,-1183,-412
-25,-543,-89,243,-1290,-460
-25,-511,-85,387,-1358,-494
-25,-481,-88,500,-1387,-525
-17,-442,-86,609,-1401,-544
-15,-408,-82,704,-1400,-554
-6,-374,-74,780,-1387,-545
-19,-345,-56,833,-1381,-516
-28,-312,-50,852,-1448,-525
-14,-279,-53,868,-1522,-553
-25,-262,-43,863,-1560,-554
-17,-248,-44,874,-1616,-538
-35,-245,-34,891,-1669,-525
-35,-237,-42,897,-1738,-563
-37,-229,-47,896,-1756,-600
-24,-227,-42,905,-1721,-610
-15,-225,-39,931,-1651,-606
-11,-221,-44,980,-1561,-613
-16,-209,-50,1041,-1453,-621
0,-188,-56,1089,-1328,-620
-7,-164,-72,1115,-1195,-631
-8,-142,-81,1109,-1058,-641
4,-117,-89,1068,-925,-655
18,-89,-87,1003,-804,-673
31,-62,-83,931,-703,-697
37,-39,-77,868,-627,-717
46,-10,-77,812,-569,-732
48,17,-76,771,-524,-739
51,31,-72,727,-496,-730
50,48,-71,681,-504,-718
55,64,-82,635,-536,-695
47,56,-72,584,-567,-663
40,56,-75,546,-599,-617
40,46,-74,516,-625,-568
37,31,-78,509,-647,-512
32,18,-83,515,-656,-464
31,9,-83,531,-650,-427
28,0,-87,557,-625,-403
27,-4,-85,590,-585,-383
20,-6,-86,628,-535,-368
24,-10,-86,660,-476,-357
13,4,-90,683,-414,-351
9,8,-85,696,-357,-354
12,15,-75,702,-312,-359
6,31,-64,705,-282,-368
5,40,-55,700,-280,-371
9,47,-53,688,-304,-364
8,53,-52,670,-351,-351
7,58,-50,640,-413,-331
15,61,-66,587,-482,-304
22,57,-85,489,-541,-274
13,29,-89,359,-584,-237
-4,5,-110,222,-614,-192
-17,-39,-131,101,-634,-140
-56,-74,-150,-11,-658,-80
-99,-113,-185,-148,-702,4
-132,-157,-246,-343,-784,101
-143,-227,-325,-615,-889,179
-120,-319,-399,-977,-984,211
-60,-432,-396,-1361,-1054,176
-7,-550,-319,-1521,-1097,76
43,-651,-238,-1304,-1167,-41
108,-723,-182,-833,-1226,-166
162,-753,-136,-356,-1255,-294
203,-734,-126,19,-1311,-399
227,-680,-128,285,-1380,-441
222,-606,-162,442,-1445,-413
206,-536,-210,458,-1487,-342
155,-499,-232,316,-1482,-240
108,-495,-226,116,-1473,-164
63,-507,-184,-92,-1446,-152
32,-535,-129,-281,-1412,-184
-2,-572,-94,-412,-1389,-219
-15,-615,-73,-479,-1397,-230
-29,-644,-69,-479,-1442,-232
-32,-664,-81,-447,-1514,-227
-31,-672,-108,-400,-1585,-229
-27,-676,-126,-336,-1642,-247
-18,-672,-139,-240,-1686,-281
-3,-663,-150,-111,-1705,-314
13,-643,-143,42,-1676,-349
23,-618,-133,189,-1598,-372
47,-591,-113,328,-1490,-382
68,-558,-79,462,-1360,-375
100,-516,-77,575,-1236,-369
112,-471,-58,657,-1128,-379
128,-427,-52,706,-1045,-403
130,-386,-53,729,-987,-437
128,-337,-65,718,-974,-503
136,-301,-69,685,-940,-546
116,-293,-57,689,-838,-473
106,-248,-71,654,-792,-464
95,-219,-74,553,-769,-508
89,-206,-57,464,-695,-479
81,-188,-64,411,-612,-412
49,-191,-35,356,-561,-394
38,-195,-25,305,-510,-390
8,-198,-17,248,-461,-386
0,-205,-18,211,-428,-371
-4,-213,-15,207,-420,-346
-40,-203,-19,233,-467,-356
-25,-169,-38,297,-565,-401
-41,-141,-43,385,-604,-266
-38,-113,-69,464,-674,-153
-34,-75,-76,496,-742,-119
-2,-33,-96,509,-726,-10
11,2,-95,512,-654,141
10,25,-88,497,-578,245
13,52,-83,464,-522,277
19,70,-73,438,-464,272
35,80,-67,425,-388,272
41,87,-59,410,-292,273
40,89,-52,375,-187,270
33,81,-51,329,-119,247
28,67,-50,269,-95,205
24,54,-71,206,-106,162
19,26,-68,149,-148,124
21,4,-77,100,-211,87
29,-20,-78,60,-277,50
27,-31,-78,37,-336,13
27,-42,-71,29,-375,-19
33,-50,-69,38,-388,-48
31,-50,-63,65,-374,-74
28,-51,-61,106,-346,-99
21,-43,-55,165,-316,-125
11,-30,-49,232,-300,-138
3,-12,-65,309,-310,-138
-7,-10,-52,379,-339,-128
-16,3,-57,440,-384,-112
-25,9,-65,495,-437,-94
-43,7,-69,525,-494,-69
-67,5,-74,532,-555,-34
-78,-20,-77,525,-620,5
-61,-56,-94,506,-690,17
-56,-95,-100,452,-759,-6
-56,-131,-119,388,-827,-29
-53,-165,-166,284,-865,-37
-71,-191,-237,32,-858,-45
-77,-244,-298,-427,-859,-82
-85,-290,-381,-1019,-883,-151
-108,-343,-409,-1611,-876,-246
-68,-408,-367,-2013,-853,-366
-13,-474,-266,-2076,-775,-512
30,-534,-140,-1838,-652,-671
65,-605,-55,-1421,-589,-769
101,-647,-39,-954,-628,-786
100,-634,-72,-595,-759,-806
101,-596,-137,-439,-932,-814
103,-561,-176,-498,-1119,-780
93,-543,-217,-696,-1340,-680
74,-564,-216,-888,-1566,-505
65,-582,-198,-908,-1787,-327
48,-613,-174,-776,-1922,-179
38,-637,-154,-549,-1986,-87
31,-657,-134,-322,-1971,-14
23,-654,-134,-116,-1918,27
13,-634,-128,59,-1842,33
11,-604,-138,198,-1779,11
-1,-572,-137,313,-1743,-30
11,-532,-154,406,-1749,-68
23,-506,-144,471,-1759,-67
25,-490,-127,461,-1795,-52
44,-475,-113,448,-1876,-98
43,-454,-103,501,-1948,-136
34,-441,-78,562,-1965,-131
13,-431,-70,607,-1981,-147
-6,-409,-80,675,-2043,-213
0,-402,-81,736,-2044,-239
-4,-388,-99,788,-2015,-256
-16,-373,-93,810,-1962,-246
-22,-376,-104,807,-1954,-265
-37,-368,-100,793,-1922,-298
-40,-355,-93,793,-1861,-307
-29,-329,-93,827,-1768,-281
-33,-304,-91,880,-1644,-241
-25,-285,-76,930,-1512,-182
-15,-257,-67,973,-1387,-125
-4,-229,-60,1026,-1282,-75
17,-195,-65,1082,-1184,-22
20,-161,-56,1104,-1106,-4
10,-123,-68,1119,-1084,-57
5,-81,-82,1141,-1070,-125
4,-38,-97,1158,-1041,-166
7,1,-109,1150,-1022,-187
13,40,-123,1093,-1034,-210
9,80,-126,983,-1067,-233
9,117,-134,824,-1110,-225
34,140,-127,635,-1145,-192
43,151,-123,445,-1175,-192
53,138,-107,265,-1180,-203
59,112,-74,126,-1173,-210
76,75,-66,52,-1161,-208
80,36,-67,42,-1143,-199
76,-2,-64,75,-1119,-185
75,-34,-78,141,-1101,-174
69,-51,-89,225,-1086,-160
65,-59,-97,310,-1075,-149
57,-57,-104,393,-1061,-144
52,-55,-111,466,-1042,-138
46,-40,-111,525,-1014,-134
42,-20,-123,568,-981,-130
35,-10,-105,598,-946,-127
33,1,-100,616,-914,-125
31,14,-101,612,-888,-127
23,21,-97,582,-869,-124
16,25,-96,532,-862,-113
9,24,-101,456,-869,-92
2,16,-101,354,-889,-58
6,-3,-91,216,-912,-28
15,-40,-85,49,-919,-7
26,-93,-70,-101,-890,-3
47,-144,-70,-171,-812,-11
71,-213,-49,-135,-693,-16
109,-272,-34,-6,-544,-18
154,-316,-38,185,-396,-19
184,-348,-84,388,-288,-19
201,-352,-186,488,-229,-42
204,-337,-307,332,-222,-74
200,-323,-372,-92,-240,-105
160,-345,-342,-592,-259,-122
129,-390,-289,-919,-310,-136
116,-445,-239,-1044,-321,-145
79,-517,-201,-1099,-264,-161
51,-567,-205,-1144,-187,-176
30,-629,-195,-1180,-90,-174
22,-696,-170,-1177,12,-153
26,-752,-140,-1103,62,-125
32,-795,-121,-942,59,-107
30,-819,-105,-734,22,-94
22,-828,-94,-533,-36,-75
22,-816,-92,-346,-105,-35
27,-794,-91,-195,-163,30
36,-763,-75,-55,-191,100
40,-718,-71,65,-218,170
52,-680,-69,163,-237,210
50,-627,-62,246,-224,201
49,-571,-63,327,-166,167
45,-514,-67,406,-63,136
57,-465,-68,468,52,102
62,-416,-69,496,182,75
74,-371,-68,473,311,53
85,-333,-64,406,428,-1
99,-289,-67,304,474,-162
122,-252,-49,167,540,-294
122,-222,-52,106,672,-249
86,-216,-55,71,709,-268
89,-196,-64,-28,652,-416
103,-210,-56,-137,649,-398
87,-232,-51,-182,668,-260
63,-253,-38,-195,629,-146
49,-264,-31,-181,525,-84
35,-257,-23,-116,401,-36
22,-244,-24,-3,269,13
7,-216,-22,138,146,66
-8,-211,-22,290,41,120
-27,-149,-41,441,-66,99
-18,-92,-47,549,-126,63
-31,-43,-43,609,-97,197
-36,19,-59,619,-103,248
-25,76,-70,567,-89,267
-13,144,-81,467,1,373
-16,179,-78,297,158,483
-27,203,-72,101,314,519
-43,208,-69,-105,438,499
-49,187,-60,-296,534,467
-61,147,-53,-443,614,454
-51,94,-43,-538,674,455
-38,39,-39,-575,699,455
-28,-15,-33,-555,685,459
-12,-59,-29,-495,637,476
-1,-93,-30,-405,562,497
19,-114,-32,-293,477,516
31,-114,-41,-175,390,530
45,-99,-52,-66,310,539
52,-81,-56,30,237,538
60,-58,-60,114,175,522
73,-32,-64,186,130,503
70,-19,-73,243,98,479
63,7,-72,283,81,452
60,22,-74,298,71,430
46,33,-67,291,67,414
25,35,-62,258,69,409
2,27,-56,203,70,409
-20,17,-54,137,67,418
-32,8,-55,73,54,428
-52,-4,-61,16,30,434
-56,-23,-73,-32,-9,429
-29,-55,-91,-79,-45,400
4,-93,-112,-123,-57,341
54,-131,-139,-162,-21,238
92,-160,-179,-219,63,118
135,-184,-256,-331,177,-5
141,-198,-360,-643,310,-159
101,-224,-465,-1224,359,-326
49,-285,-496,-1943,260,-450
-14,-381,-398,-2494,75,-483
-32,-494,-297,-2469,-169,-424
-50,-602,-220,-1933,-348,-360
-106,-697,-149,-1225,-355,-303
-125,-723,-125,-547,-221,-198
-105,-700,-142,-41,-89,-99
-81,-636,-176,211,-30,-39
-61,-563,-178,260,-51,-42
-24,-503,-195,208,-217,-157
26,-457,-218,90,-490,-314
91,-438,-229,-138,-806,-434
139,-442,-217,-427,-1095,-505
166,-465,-201,-688,-1274,-526
157,-497,-186,-856,-1297,-486
186,-517,-185,-901,-1197,-409
182,-553,-184,-853,-1035,-328
173,-576,-185,-740,-875,-246
162,-589,-191,-587,-761,-186
152,-580,-189,-436,-677,-145
114,-594,-160,-312,-627,-70
101,-592,-150,-112,-742,-70
91,-569,-141,190,-901,-130
76,-549,-118,472,-992,-133
59,-526,-96,691,-1080,-107
58,-507,-94,871,-1176,-111
62,-489,-75,1023,-1225,-127
67,-460,-73,1120,-1219,-99
56,-429,-76,1164,-1169,-41
57,-397,-74,1182,-1102,4
41,-365,-76,1177,-1024,29
44,-343,-72,1152,-970,46
44,-324,-71,1114,-933,23
37,-304,-71,1063,-888,13
30,-290,-70,999,-832,22
27,-272,-59,948,-779,40
16,-254,-54,928,-723,68
18,-243,-48,943,-681,97
12,-232,-40,967,-633,115
6,-219,-30,1002,-609,94
10,-193,-34,1068,-588,64
14,-170,-42,1131,-557,58
24,-149,-48,1178,-516,68
30,-122,-53,1208,-482,66
22,-99,-56,1209,-446,63
35,-66,-55,1184,-401,90
18,-25,-28,1118,-380,113
18,0,-37,1025,-441,50
23,39,-43,934,-522,-9
27,72,-41,830,-594,-31
32,94,-40,740,-662,-29
32,101,-39,640,-731,-28
40,100,-46,525,-776,-42
41,82,-48,414,-769,-66
39,59,-54,345,-717,-76
40,31,-64,324,-636,-77
33,10,-75,338,-543,-77
31,-5,-89,358,-434,-82
36,-18,-94,376,-321,-87
32,-25,-95,390,-216,-91
30,-28,-98,399,-133,-97
25,-21,-95,404,-71,-101
16,-12,-86,410,-28,-102
8,-4,-79,410,1,-95
2,9,-66,413,18,-76
-5,18,-63,405,30,-53
-5,24,-57,386,44,-32
-5,32,-54,356,60,-16
0,32,-55,317,82,-12
5,28,-56,268,108,-20
12,24,-60,227,130,-34
15,18,-55,200,140,-49
14,14,-54,184,135,-62
19,11,-56,176,127,-68
14,15,-55,173,113,-65
21,17,-65,169,100,-54
34,24,-90,133,90,-42
51,23,-108,31,93,-41
59,8,-123,-107,118,-40
62,-17,-152,-222,171,-35
29,-36,-157,-309,236,-25
-7,-54,-185,-405,245,11
-44,-77,-249,-600,132,62
-74,-119,-375,-1006,-110,123
-80,-204,-505,-1697,-342,209
-63,-342,-507,-2442,-413,305
8,-503,-387,-2754,-401,360
104,-656,-276,-2467,-356,392
185,-789,-194,-1810,-293,438
255,-868,-160,-1115,-244,477
301,-873,-161,-615,-159,452
321,-829,-179,-384,18,393
325,-768,-183,-326,237,376
309,-699,-184,-301,440,371
279,-637,-185,-279,627,339
240,-607,-154,-297,816,287
195,-594,-113,-352,991,210
165,-596,-62,-439,1139,124
130,-603,-30,-541,1236,76
108,-610,-20,-640,1255,73
78,-617,-22,-717,1202,102
54,-616,-43,-768,1109,141
11,-612,-60,-801,1011,166
-10,-603,-74,-797,929,189
-23,-588,-100,-736,887,199
-27,-565,-108,-618,890,209
-29,-535,-106,-471,923,223
-37,-499,-94,-319,961,228
-38,-460,-83,-162,1011,237
-52,-423,-62,-22,1061,236
-36,-387,-51,83,1090,207
-14,-363,-38,180,1162,237
-2,-349,-25,293,1255,331
1,-334,-26,357,1233,318
10,-306,-24,369,1122,235
55,-283,-29,382,1055,193
40,-257,-25,438,1052,210
55,-234,-34,479,994,142
73,-221,-26,502,1001,158
51,-223,-14,504,1003,157
61,-216,-9,490,959,89
67,-218,-3,461,962,106
58,-214,1,446,955,175
43,-209,0,457,907,234
23,-189,-3,502,833,282
-2,-169,-7,590,735,323
-13,-133,-26,703,600,332
-5,-63,-71,781,461,310
13,-13,-85,812,467,431
11,42,-100,784,511,586
21,88,-117,671,527,662
15,129,-115,522,541,675
16,159,-114,380,566,669
8,164,-111,257,612,643
5,164,-108,155,669,599
3,147,-103,86,727,537
12,121,-92,58,762,464
16,80,-96,54,761,389
18,40,-97,48,723,327
18,8,-109,29,660,279
18,-22,-113,5,587,234
12,-40,-110,-11,519,190
5,-46,-107,-2,462,153
-7,-45,-95,32,420,129
-14,-42,-83,91,390,119
-17,-37,-69,165,369,119
-28,-26,-63,241,343,118
-48,-10,-50,307,307,129
-58,-4,-41,363,247,147
-61,4,-32,396,180,160
-79,13,-34,412,92,166
-80,18,-44,415,-10,177
-75,27,-62,387,-100,173
-65,17,-74,313,-175,145
-34,-14,-101,202,-228,69
-4,-53,-115,46,-245,-60
21,-106,-142,-134,-231,-206
44,-169,-197,-365,-179,-331
52,-221,-302,-760,-75,-440
43,-254,-489,-1452,29,-553
39,-296,-637,-2542,101,-703
22,-366,-665,-3668,128,-857
32,-471,-541,-4196,154,-931
46,-572,-376,-3897,212,-922
78,-688,-228,-3181,319,-817
112,-790,-123,-2473,475,-631
136,-857,-62,-1931,601,-484
141,-863,-58,-1552,641,-401
128,-827,-60,-1297,574,-350
122,-774,-69,-1052,393,-288
122,-727,-86,-763,140,-226
124,-689,-97,-471,-105,-166
127,-658,-101,-233,-249,-119
122,-643,-88,-121,-227,-26
140,-631,-93,-82,-187,-35
151,-596,-85,-21,-107,-116
173,-560,-82,4,-65,-212
181,-520,-70,59,-52,-334
198,-502,-64,117,-130,-432
213,-485,-60,184,-218,-512
180,-481,-39,276,-286,-546
182,-472,-41,433,-406,-649
139,-448,-51,623,-495,-733
151,-440,-70,784,-567,-749
131,-431,-103,929,-588,-757
128,-396,-140,1056,-493,-705
78,-379,-132,1098,-268,-558
47,-337,-150,1092,-85,-462
-9,-310,-130,1073,116,-318
-41,-271,-106,1022,224,-226
-50,-239,-66,947,270,-130
-43,-220,-34,862,261,-6
-41,-212,-12,789,202,51
-37,-201,-9,763,96,24
-30,-188,-12,754,14,-8
-39,-172,-18,754,-43,-39
-48,-143,-22,758,-92,-84
-58,-104,-25,764,-143,-145
-60,-65,-40,741,-171,-212
-70,-18,-59,648,-175,-272
-74,32,-74,479,-173,-333
-78,83,-93,246,-165,-386
-76,128,-91,8,-172,-422
-67,157,-85,-193,-211,-452
-46,172,-75,-328,-283,-485
-26,173,-62,-384,-371,-519
-6,148,-53,-377,-429,-569
14,113,-47,-318,-431,-610
37,69,-47,-244,-384,-644
50,27,-47,-180,-292,-635
55,-12,-57,-106,-188,-598
48,-39,-76,-41,-89,-567
34,-40,-87,-12,12,-547
11,-44,-103,-12,133,-532
-11,-41,-105,-5,221,-503
-30,-37,-105,26,267,-485
-44,-28,-103,76,285,-456
-52,-19,-106,146,296,-398
-47,-8,-108,218,288,-336
-34,9,-98,265,275,-291
-24,25,-83,281,265,-255
-14,37,-65,257,245,-212
-8,48,-42,201,196,-156
-13,49,-12,124,116,-82
-16,38,6,51,14,15
-8,10,19,-30,-76,123
-9,-17,-2,-121,-141,221
-7,-61,-33,-208,-169,285
1,-92,-79,-305,-167,303
19,-105,-156,-457,-173,266
26,-105,-255,-724,-195,189
26,-108,-360,-1130,-284,88
27,-119,-439,-1606,-496,-24
35,-164,-472,-2054,-769,-84
41,-244,-467,-2364,-1071,-81
65,-347,-452,-2503,-1389,-88
115,-432,-429,-2422,-1548,-24
164,-533,-377,-2226,-1601,158
193,-609,-335,-2001,-1602,310
216,-670,-300,-1822,-1528,445
242,-702,-285,-1672,-1358,613
241,-733,-295,-1567,-1239,838
249,-747,-326,-1533,-1290,951
271,-755,-353,-1510,-1289,998
255,-758,-337,-1389,-1110,1028
238,-777,-315,-1210,-842,969
207,-781,-274,-1010,-534,815
186,-774,-252,-819,-232,611
165,-756,-217,-633,49,385
139,-721,-183,-425,282,157
113,-681,-148,-197,427,-51
84,-625,-134,22,432,-309
63,-552,-144,166,416,-457
14,-473,-176,246,361,-472
0,-389,-179,288,235,-461
-53,-333,-135,359,118,-411
-87,-242,-114,469,-36,-436
-48,-181,-97,506,-188,-341
-42,-131,-76,455,-389,-252
-43,-69,-71,296,-596,-304
-23,-6,-74,-7,-808,-369
14,35,-84,-344,-944,-307
30,57,-95,-677,-985,-215
34,49,-96,-981,-990,-172
27,30,-101,-1177,-983,-185
19,15,-109,-1216,-964,-228
9,9,-113,-1141,-937,-274
4,15,-109,-1041,-902,-311
8,17,-100,-959,-867,-338
14,24,-82,-899,-836,-359
21,31,-57,-853,-805,-376
26,43,-45,-824,-771,-391
35,54,-29,-826,-743,-409
31,61,-14,-872,-726,-433
25,58,0,-935,-714,-454
19,50,10,-981,-702,-479
13,43,8,-995,-681,-509
6,39,-15,-986,-667,-543
7,33,-45,-977,-669,-579
5,34,-68,-978,-693,-610
0,31,-88,-979,-739,-638
-6,21,-104,-970,-807,-660
-14,12,-115,-934,-888,-675
-15,8,-119,-878,-965,-683
-24,6,-117,-814,-1031,-676
-30,11,-105,-768,-1088,-653
-27,13,-99,-747,-1145,-621
-24,23,-95,-760,-1181,-581
-27,30,-80,-798,-1210,-541
-29,30,-67,-830,-1239,-505
-31,38,-58,-848,-1273,-465
-22,42,-52,-849,-1320,-420
-14,50,-49,-853,-1380,-384
-19,50,-38,-872,-1442,-368
-25,59,-33,-897,-1518,-376
-30,56,-29,-916,-1594,-378
-35,53,-19,-936,-1685,-373
-34,43,-20,-965,-1780,-378
-23,30,-26,-999,-1859,-398
-25,14,-30,-1029,-1902,-424
-20,-7,-45,-1047,-1913,-439
-15,-23,-55,-1062,-1906,-445
-11,-40,-62,-1077,-1895,-448
-11,-57,-61,-1085,-1887,-444
-7,-67,-57,-1066,-1883,-432
7,-80,-57,-1011,-1879,-413
8,-78,-63,-939,-1872,-401
13,-74,-71,-873,-1871,-395
20,-59,-72,-818,-1881,-395
18,-43,-73,-771,-1901,-390
8,-11,-84,-732,-1942,-389
1,13,-95,-727,-2002,-400
-15,54,-124,-772,-2066,-418
-22,72,-142,-863,-2119,-435
-23,73,-165,-977,-2158,-452
-19,66,-182,-1089,-2189,-461
-22,56,-201,-1207,-2207,-452
-16,39,-229,-1343,-2207,-416
-9,16,-252,-1506,-2188,-341
2,-17,-291,-1698,-2146,-243
9,-58,-334,-1893,-2068,-146
10,-100,-378,-2066,-1932,-76
17,-139,-396,-2152,-1737,-39
44,-168,-390,-2088,-1515,-12
67,-193,-354,-1874,-1340,58
66,-203,-318,-1593,-1322,120
69,-196,-298,-1349,-1435,128
48,-179,-264,-1179,-1610,145
27,-146,-249,-1074,-1830,199
5,-128,-243,-1058,-2064,277
-35,-123,-230,-1137,-2278,343
-78,-118,-230,-1276,-2470,357
-115,-118,-236,-1440,-2608,337
-142,-118,-250,-1585,-2676,315
-158,-125,-267,-1696,-2699,299
-151,-143,-276,-1788,-2685,274
-141,-165,-279,-1856,-2647,239
-121,-190,-270,-1892,-2611,235
-99,-213,-270,-1910,-2589,219
-70,-231,-274,-1896,-2580,217
-42,-243,-290,-1853,-2570,233
-11,-250,-313,-1797,-2529,250
8,-251,-323,-1742,-2450,276
35,-247,-314,-1688,-2353,298
52,-240,-293,-1629,-2275,316
58,-231,-265,-1540,-2249,335
50,-224,-233,-1428,-2270,367
41,-223,-206,-1292,-2328,408
33,-216,-179,-1145,-2401,474
34,-216,-160,-1013,-2487,529
32,-213,-132,-894,-2562,583
33,-217,-120,-805,-2632,629
13,-222,-99,-766,-2672,655
3,-225,-89,-771,-2675,668
0,-234,-86,-795,-2600,728
-12,-240,-76,-788,-2478,834
-8,-248,-57,-728,-2370,953
-19,-250,-48,-666,-2280,1060
-44,-254,-71,-688,-2219,1139
-13,-241,-134,-821,-2148,1142
-30,-221,-183,-1053,-1946,1210
-57,-199,-194,-1257,-1817,1324
-108,-168,-211,-1382,-1886,1303
-146,-123,-236,-1384,-2004,1254
-195,-77,-232,-1322,-2114,1335
-224,-55,-229,-1315,-2237,1358
-238,-30,-199,-1373,-2328,1272
-231,-16,-161,-1290,-2302,1311
-213,-16,-130,-1017,-2238,1398
-205,-20,-134,-731,-2239,1414
-174,-15,-148,-559,-2244,1308
-149,-28,-146,-524,-2239,1157
-95,-49,-166,-502,-2124,968
-71,-75,-196,-364,-1778,824
-49,-87,-229,-207,-1314,683
-341,131,-525,-168,-819,540
-591,112,-117,-1995,928,1191
-729,-45,-432,-2417,1476,2205
-1082,-58,-96,-2088,2461,2297
208,260,173,-513,2370,1818
936,586,-656,-919,942,1878
-241,244,-361,-2394,1111,2156
-694,-167,-294,-2102,572,1760
-997,33,-349,-1665,3,1372
-473,299,-395,-1945,-412,1809
-610,502,-512,-2402,-745,2050
-1567,505,-759,-1774,-970,1691
-630,1211,-1027,-495,-1117,1012
-1096,395,-955,-663,-2787,264
294,45,-1050,-629,-4824,210
154,148,-216,-965,-5224,175
-590,79,-249,-1370,-3946,250
-897,-143,-519,-1355,-2769,601
-586,-371,-470,-1122,-2181,862
-510,138,-509,-959,-2039,1067
-670,139,-507,-1125,-1750,1236
-656,124,-636,-969,-1568,1329
-547,202,-578,-1022,-1393,1446
-591,144,-514,-1236,-1045,1523
-633,231,-454,-1584,-550,1607
-560,185,-387,-1849,-83,1648
-483,110,-360,-1926,322,1741
-519,159,-252,-2036,587,1831
-419,141,-189,-2095,826,1802
-272,86,-137,-2089,1042,1698
-185,-133,-102,-1957,1273,1539
-246,4,-92,-1725,1523,1382
-76,-145,-30,-1526,1659,1335
-227,108,-33,-1124,1927,1116
-25,-40,-39,-813,2054,1180
-67,-15,-25,-458,2188,1005
-93,78,-64,19,2300,912
-160,174,-73,302,2365,822
-142,150,-100,414,2338,817
-60,112,-117,541,2369,846
-167,229,-170,434,2267,793
-226,236,-202,282,2112,786
-181,163,-235,146,1899,752
-237,170,-293,-23,1657,608
-319,193,-269,-159,1457,572
-217,154,-268,-210,1157,583
-181,131,-239,-263,783,442
-234,216,-266,-100,643,401
-220,198,-270,-54,643,401
-230,179,-250,-90,652,392
-209,197,-227,-100,686,293
-103,144,-182,-165,674,272
-195,168,-161,-190,766,246
-152,110,-176,-252,794,250
-177,175,-184,-241,874,175
-156,153,-193,-313,846,165
-199,173,-178,-336,848,130
-168,161,-155,-389,782,141
-138,140,-168,-358,735,119
-190,185,-162,-342,698,84
-203,173,-158,-373,626,54
-199,138,-148,-303,649,36
-190,163,-152,-268,670,13
-200,177,-163,-278,663,8
-187,156,-173,-257,665,-2
-170,125,-175,-237,670,-19
-186,137,-179,-219,673,-49
-208,164,-194,-210,655,-77
-197,180,-184,-220,620,-94
-202,175,-197,-238,555,-106
-171,121,-198,-252,504,-114
-179,120,-203,-215,509,-138
-222,210,-216,-237,503,-137
-178,142,-203,-344,446,-105
-172,132,-214,-387,422,-87
-164,120,-214,-412,406,-85
-163,138,-196,-443,409,-79
-157,151,-204,-443,422,-70
-30,-16,-174,-418,448,-93
-230,259,-220,-294,546,-122
-177,155,-191,-410,473,-79
-149,109,-201,-424,444,-43
-139,81,-212,-391,430,-34
-140,71,-212,-355,417,-45
-148,76,-222,-303,418,-52
-150,77,-233,-255,431,-55
-145,82,-247,-216,436,-53
-146,83,-246,-183,430,-49
-152,80,-246,-158,420,-47
-150,71,-241,-125,403,-48
-145,67,-239,-87,393,-49
-140,65,-238,-50,393,-50
-140,70,-240,-11,400,-51
-137,66,-241,28,403,-53
-128,70,-238,61,404,-58
-123,67,-244,89,406,-67
-132,66,-244,122,418,-74
-122,69,-246,142,437,-79
-129,69,-249,155,462,-88
-136,74,-247,167,476,-94
-126,69,-242,176,492,-95
-127,67,-243,193,513,-101
-119,54,-239,220,541,-108
-119,57,-244,226,561,-103
-124,57,-240,221,587,-106
-129,59,-246,224,589,-108
-120,58,-247,231,588,-97
-134,56,-251,232,591,-102
-131,59,-253,247,584,-101
-115,59,-269,269,581,-85
-131,53,-265,260,588,-89
-127,63,-273,270,573,-88
-160,52,-264,279,559,-89
-119,72,-258,289,551,-81
-119,47,-242,312,543,-104
49,-131,-205,328,524,-109
-133,61,-248,453,614,-149
-120,53,-263,397,538,-133
-154,54,-260,342,496,-107
-97,60,-248,305,503,-81
-118,54,-243,302,525,-98
-95,42,-249,332,556,-93
-183,136,-253,391,632,-138
-120,40,-249,398,681,-108
-104,37,-263,340,672,-79
-93,45,-262,269,673,-40
-9,-6,-253,259,700,-70
-193,40,-265,363,733,-89
-123,51,-270,319,674,-48
-140,65,-280,287,624,-49
-118,51,-268,285,587,-37
-106,63,-261,282,568,-43
-115,66,-256,299,552,-53
-114,66,-253,316,539,-68
-116,63,-252,338,529,-76
-87,40,-246,355,546,-89
-150,78,-241,413,610,-114
-104,42,-274,407,609,-84
-98,36,-266,379,642,-60
-102,14,-271,373,703,-32
-100,17,-266,367,772,-11
55,-24,-266,371,843,-3
-115,2,-256,391,897,-6
-95,10,-272,338,884,40
-101,24,-268,254,848,87
-80,26,-265,203,808,105
-95,19,-269,203,760,112
-96,17,-274,200,729,121
-87,20,-274,185,696,133
-91,25,-279,179,669,138
-90,25,-280,172,644,133
-88,33,-281,158,625,124
-90,34,-279,137,609,116
-84,25,-274,99,596,103
-84,28,-275,60,577,97
-83,20,-281,20,550,95
-82,9,-290,-17,518,90
-80,14,-289,-52,487,89
-74,25,-292,-81,447,87
-79,29,-289,-104,402,86
-76,34,-293,-118,359,80
-80,35,-293,-138,329,75
-79,39,-296,-146,301,70
-74,32,-296,-151,279,67
-71,36,-295,-145,263,66
-68,34,-293,-146,247,64
-75,35,-292,-142,224,57
-70,37,-291,-152,213,56
-63,41,-289,-154,191,51
-56,35,-281,-165,178,45
-66,27,-281,-173,159,40
-68,39,-281,-173,141,35
-69,39,-271,-172,131,26
-65,33,-273,-179,128,25
-66,34,-269,-185,126,22
-62,34,-268,-182,127,18
-55,40,-272,-166,124,15
-58,34,-270,-177,129,16
-63,33,-270,-181,128,14
-61,37,-271,-185,126,14
-60,34,-273,-188,123,12
-61,39,-276,-191,121,10
-67,39,-280,-194,119,8
-72,41,-282,-194,111,6
-71,41,-275,-198,97,6
-73,46,-282,-202,81,5
-75,45,-282,-204,60,3
-72,43,-284,-208,31,1
-74,45,-283,-209,2,0
-77,45,-282,-211,-28,0
-75,40,-285,-213,-59,1
-72,48,-286,-210,-84,-1
-75,50,-279,-202,-103,-1
-78,49,-277,-195,-117,-2
-79,49,-276,-192,-127,-2
-80,48,-273,-190,-136,-2
-79,47,-278,-184,-145,-5
-82,47,-276,-180,-152,-4
-82,49,-275,-176,-155,-4
-82,48,-272,-174,-156,-3
-81,47,-281,-171,-157,-4
-82,52,-279,-170,-158,-3
-80,45,-274,-170,-160,0
-79,49,-273,-177,-159,3
-83,51,-265,-176,-156,7
-84,48,-267,-174,-154,7
-82,43,-264,-165,-154,4
-85,45,-270,-152,-159,5
-81,49,-269,-142,-159,5
-82,51,-274,-141,-152,7
-78,53,-275,-141,-142,7
-76,56,-270,-140,-129,8
-81,53,-271,-135,-127,7
-81,49,-263,-130,-124,6
-83,54,-255,-119,-119,6
-81,47,-252,-107,-109,7
-80,49,-258,-94,-92,10
-77,51,-257,-85,-68,10
-78,52,-265,-73,-50,14
-77,46,-263,-65,-28,16
-78,49,-257,-59,-5,17
-79,50,-257,-53,15,17
-80,51,-259,-45,30,17
-80,48,-258,-38,40,17
-80,49,-266,-30,43,16
-80,52,-267,-24,45,14
-81,52,-272,-18,45,15
-80,54,-274,-11,42,14
-82,54,-274,-4,39,12
-80,51,-273,2,36,9
-81,54,-275,6,32,7
-82,51,-271,7,29,6
-81,52,-274,7,24,3
-81,44,-274,6,21,0
-80,50,-270,6,18,0
-80,48,-269,3,18,1
-83,49,-268,2,19,1
-81,49,-266,0,22,2
-80,47,-266,1,26,3
-80,45,-264,1,30,5
-79,48,-260,-2,36,7
-76,48,-264,-5,42,8
-79,48,-265,-10,49,8
-80,50,-268,-9,56,7
-79,46,-270,-8,62,5
-79,47,-270,-5,67,6
-80,47,-268,-3,70,3
-77,46,-272,-2,74,3
-78,45,-272,-3,75,2
-78,46,-269,-4,74,0
-76,43,-267,-7,71,-1
-73,44,-273,-13,65,-1
-76,47,-273,-18,58,-5
-78,44,-270,-22,51,-5
-76,47,-270,-24,46,-6
-80,47,-274,-21,41,-8
-79,47,-272,-20,37,-8
-79,46,-275,-20,35,-8
-79,45,-275,-22,34,-7
-78,47,-275,-26,29,-7
-80,45,-272,-31,24,-7
-78,46,-273,-35,20,-7
-78,48,-272,-38,16,-7
-78,45,-272,-41,9,-7
-79,46,-271,-43,4,-7
-81,45,-272,-46,0,-5
-77,43,-270,-46,-2,-6
-80,44,-271,-46,0,-4
-79,43,-270,-50,2,-3
-80,47,-270,-51,4,-2
-79,45,-274,-52,4,-3
-79,47,-269,-52,4,-2
-79,46,-271,-54,3,-1
-80,43,-271,-57,4,0
-78,45,-270,-62,4,0
-80,49,-274,-67,1,2
-80,48,-271,-69,-1,2
-79,47,-273,-70,-2,2
-81,50,-271,-72,-5,2
-79,46,-270,-73,-5,1
-78,43,-273,-72,-3,1
-79,45,-269,-72,-2,2
-80,47,-266,-71,4,2
-80,50,-272,-71,7,2
-82,54,-272,-72,8,2
-79,48,-270,-70,8,0
-74,44,-269,-66,10,1
-81,47,-271,-65,12,1
-80,49,-270,-65,13,3
-77,48,-270,-64,17,3
-80,49,-268,-61,19,2
-77,48,-270,-57,23,1
-79,50,-269,-54,26,0
-80,50,-266,-54,28,1
-81,48,-267,-53,31,1
-79,50,-264,-50,31,1
-79,45,-268,-49,36,1
-78,46,-267,-47,38,0
-80,52,-266,-45,40,1
-79,50,-271,-44,44,1
-79,49,-271,-44,48,0
-74,46,-269,-40,52,-2
-77,49,-269,-36,54,0
-77,49,-268,-35,54,0
-80,46,-265,-34,55,1
-78,48,-269,-33,56,0
-78,48,-274,-32,56,0
-80,50,-276,-35,59,0
-80,46,-270,-36,61,0
-78,47,-268,-37,62,-1
-80,45,-268,-38,64,-2
-79,47,-274,-38,64,-1
-78,50,-272,-37,64,-2
-78,46,-272,-37,60,-3
-79,49,-273,-37,60,-2
-77,48,-273,-36,59,-2
-81,47,-279,-36,57,-2
-78,49,-275,-35,56,-4
-79,46,-275,-34,54,-4
-77,45,-273,-33,49,-6
-77,47,-273,-32,44,-4
-77,46,-272,-36,42,-4
-80,47,-272,-39,36,-3
-79,48,-271,-42,34,-3
-77,48,-270,-44,29,-2
-79,47,-270,-44,27,-3
-74,45,-270,-46,24,-4
-78,45,-273,-45,21,-4
-77,48,-269,-43,21,-4
-78,47,-271,-43,21,-5
-78,48,-275,-42,21,-5
-75,45,-269,-43,19,-5
-77,46,-275,-41,18,-3
-77,48,-271,-42,17,-3
-79,44,-272,-44,16,-4
-75,44,-273,-45,16,-4
-77,47,-271,-47,14,-5
-76,44,-271,-48,14,-3
-75,44,-273,-46,12,-3
-78,51,-268,-47,11,-4
-76,47,-275,-46,11,-5
-78,48,-275,-48,12,-4
-76,45,-273,-48,13,-4
-77,48,-270,-51,11,-5
-78,48,-269,-51,12,-3
-78,48,-271,-51,10,-3
-80,46,-273,-50,10,-3
-76,45,-269,-51,11,-2
-80,51,-272,-51,11,-3
-80,50,-272,-52,11,-3
-78,46,-271,-51,12,-2
-78,46,-270,-50,10,-3
-79,49,-273,-50,9,-3
-78,47,-268,-50,9,-2
-79,46,-266,-49,11,-2
-78,47,-268,-49,10,-2
-77,46,-275,-48,10,-4
-77,46,-271,-47,11,-4
-75,46,-273,-45,10,-2
-77,47,-268,-46,12,-2
-76,45,-268,-44,13,-2
-81,47,-272,-45,14,-2
-76,48,-270,-46,16,-1
-80,48,-275,-48,18,0
-77,48,-271,-48,18,0
-73,50,-269,-45,16,0
-76,47,-273,-44,12,0
-76,49,-274,-45,10,0
-78,49,-271,-46,7,0
-77,48,-272,-47,5,-1
-79,49,-270,-49,6,-2
-81,47,-274,-48,4,-3
-77,46,-275,-51,3,-4
-76,45,-272,-52,2,-3
-78,45,-268,-50,0,-4
-77,45,-267,-51,-2,-3
-79,48,-275,-49,-4,-5
-78,48,-271,-49,-4,-6
-75,47,-270,-46,-4,-8
-75,45,-268,-45,-1,-9
-79,50,-267,-45,0,-8
-77,48,-268,-44,-1,-7
-76,49,-270,-44,0,-8
-79,51,-269,-44,1,-9
-80,46,-267,-44,3,-10
-77,46,-272,-42,5,-8
-77,49,-267,-41,3,-10
-77,51,-267,-38,3,-11
-75,46,-271,-31,-4,-12
-75,50,-269,-28,-5,-13
-77,45,-268,-28,-5,-12
-79,45,-269,-37,-2,-11
-76,48,-267,-45,-1,-9
-76,48,-272,-51,-2,-9
-78,47,-268,-51,-1,-9
-77,46,-270,-50,0,-9
-79,48,-270,-47,-3,-9
-79,47,-274,-46,-4,-12
-79,49,-270,-47,-4,-9
-77,47,-273,-50,-5,-10
-80,48,-272,-51,-9,-10
-80,46,-269,-52,-13,-11
-78,50,-270,-52,-18,-11
-78,47,-271,-38,-25,-14
-78,44,-271,-39,-26,-14
-79,47,-271,-44,-28,-13
-81,48,-267,-49,-25,-15
-81,46,-269,-51,-22,-15
-78,45,-271,-50,-17,-15
-82,52,-259,-48,-13,-17
-80,50,-274,-19,-14,-23
-79,44,-273,-29,-3,-19
-77,44,-271,-35,-5,-15
-79,51,-267,-47,-1,-14
-78,48,-270,-49,3,-14
-80,48,-266,-47,9,-15
-80,44,-269,-41,17,-19
-74,52,-270,-10,15,-28
-77,44,-274,-22,25,-24
-79,45,-273,-29,22,-22
-79,47,-268,-38,25,-20
-78,46,-268,-39,29,-19
-79,49,-266,-39,32,-19
-78,46,-269,-35,34,-18
-79,51,-272,-31,38,-17
-80,53,-271,-12,36,-22
-78,46,-268,0,44,-25
-76,45,-276,-10,38,-20
-77,48,-275,-21,32,-17
-76,50,-273,-28,26,-15
-75,47,-271,-27,20,-14
-79,45,-270,-26,16,-13
-78,44,-270,-24,11,-15
-78,45,-271,-19,10,-16
-79,45,-273,-19,10,-17
-76,48,-273,-17,12,-16
-75,46,-274,-11,10,-16
-85,57,-270,21,7,-25
-80,41,-273,9,21,-25
-79,42,-271,-6,14,-18
-80,47,-267,-23,19,-14
-78,46,-270,-28,27,-11
-82,48,-272,-28,32,-10
-80,46,-274,-25,33,-10
-77,46,-274,-22,30,-10
-77,42,-273,-20,27,-8
-74,43,-275,-20,26,-8
-77,44,-272,-21,24,-7
-78,48,-273,-23,22,-7
-77,43,-276,-25,18,-6
-78,44,-274,-24,12,-5
-78,47,-270,-24,9,-6
-80,45,-272,-24,5,-8
-77,40,-274,-26,0,-6
-79,43,-271,-28,-2,-7
-79,42,-271,-30,-5,-8
-79,48,-272,-32,-5,-8
-79,45,-273,-33,-5,-9
-79,43,-271,-38,-3,-9
-82,43,-271,-39,0,-8
-80,44,-272,-41,2,-7
-79,45,-271,-46,3,-8
-76,41,-271,-49,3,-7
-80,43,-266,-51,3,-6
-80,44,-268,-52,4,-6
-80,46,-270,-53,3,-4
-80,46,-273,-52,2,-4
-79,45,-271,-54,3,-5
-80,41,-268,-56,3,-3
-81,44,-270,-58,4,-4
-76,43,-270,-62,6,-3
-79,43,-266,-63,8,-2
-79,43,-267,-65,12,-2
-80,47,-266,-65,14,-2
-80,45,-270,-64,18,-2
-78,44,-272,-65,20,-2
-80,46,-271,-65,21,-2
-78,46,-269,-65,23,-1
-80,47,-276,-63,23,-1
-77,44,-270,-59,25,-1
-79,44,-268,-59,27,0
-80,46,-270,-57,27,-1
-80,48,-269,-57,26,-1
-80,45,-266,-58,24,-1
-79,47,-270,-56,25,-2
-80,47,-272,-54,26,-2
-77,46,-267,-53,27,-1
-78,45,-269,-52,30,-2
-77,46,-268,-52,32,-3
-78,46,-267,-50,31,-2
-79,44,-268,-50,33,-1
-78,45,-270,-50,34,-1
-78,45,-271,-49,36,-2
-81,48,-273,-50,36,-2
-79,43,-268,-48,37,-2
-78,45,-272,-45,37,-2
-81,48,-271,-43,35,-1
-79,44,-272,-38,29,-3
-80,45,-274,-38,29,-2
-78,45,-268,-40,29,0
-77,45,-270,-41,26,-1
-80,47,-272,-42,25,0
-80,48,-271,-42,24,1
-78,49,-273,-42,20,-1
-80,44,-272,-39,15,0
-78,46,-271,-41,20,-1
-78,45,-273,-39,18,-1
-79,45,-274,-42,22,0
-79,43,-270,-40,23,-1
-75,45,-273,-42,23,-1
-78,47,-271,-41,20,-1
-78,47,-273,-39,17,-2
-80,48,-272,-39,14,-3
-80,45,-275,-35,5,-4
-73,48,-272,-33,1,-4
-81,45,-266,-38,2,-2
-79,44,-274,-36,0,-3
-79,47,-271,-38,-3,-2
-79,46,-268,-40,-2,-2
-79,44,-273,-40,-3,-2
-80,43,-269,-40,-5,-2
-79,43,-270,-42,-4,-2
-82,46,-269,-47,-3,-1
-76,45,-272,-48,-3,-2
-82,46,-270,-46,-3,-2
-77,46,-272,-46,2,-2
-81,47,-267,-46,6,-2
-80,44,-268,-46,8,-3
-77,45,-274,-43,10,-1
-80,43,-268,-42,11,-1
-77,51,-267,-41,12,-1
-79,45,-271,-43,11,-1
-77,46,-267,-45,10,-1
-79,43,-269,-49,8,-1
-79,43,-269,-49,4,0
-79,47,-269,-51,3,-2
-81,46,-263,-50,8,-1
-80,46,-272,-46,16,-1
-80,47,-267,-42,20,-1
-79,44,-276,-42,24,-2
-77,44,-276,-43,27,-2
-78,43,-273,-44,29,-3
-78,45,-276,-46,28,-3
-82,48,-274,-45,26,-3
-78,48,-273,-47,24,-1
-78,48,-273,-48,22,-2
-80,46,-273,-48,21,-2
-77,41,-271,-46,20,-2
-78,48,-274,-45,21,-3
-80,44,-271,-46,18,-3
-78,45,-270,-43,19,-4
-79,49,-272,-44,21,-4
-79,47,-272,-45,21,-4
-77,45,-269,-44,21,-4
-78,44,-271,-44,21,-4
-78,45,-270,-44,20,-4
-78,43,-273,-45,19,-4
-79,49,-271,-44,18,-5
-77,44,-269,-43,18,-5
-79,46,-271,-40,19,-4
-76,45,-270,-36,12,-6
-79,50,-267,-40,18,-4
-78,45,-267,-44,21,-5
-78,44,-275,-45,22,-4
-78,44,-271,-46,23,-4
-78,48,-272,-46,22,-5
-79,47,-268,-46,21,-3
-80,47,-272,-48,19,-3
-77,44,-268,-46,18,-4
-79,47,-272,-47,17,-3
-79,45,-271,-47,17,-3
-80,46,-271,-49,17,-4
-78,45,-270,-48,19,-5
-78,45,-270,-49,19,-5
-76,47,-268,-49,20,-4
-77,44,-274,-49,21,-4
-78,45,-269,-49,20,-4
-78,47,-271,-47,21,-3
-80,43,-273,-48,21,-3
-79,46,-269,-47,21,-5
-79,45,-272,-50,22,-4
-77,43,-272,-46,21,-4
-81,44,-273,-41,14,-6
-79,45,-270,-41,14,-5
-80,47,-275,-43,16,-4
-79,40,-273,-43,17,-3
-77,45,-271,-47,17,-2
-76,45,-272,-48,17,-2
-80,48,-267,-50,17,-4
-79,47,-272,-50,18,-2
-80,46,-273,-51,17,-3
-80,44,-272,-51,16,-4
-78,45,-268,-49,17,-4
-78,42,-272,-49,17,-4
-80,45,-268,-47,17,-4
-77,46,-272,-48,15,-3
-80,46,-278,-46,14,-3
-80,46,-275,-45,14,-4
-80,45,-274,-44,13,-3
-79,44,-274,-45,11,-3
-79,42,-270,-44,10,-3
-79,44,-271,-44,11,-4
-80,47,-268,-45,11,-4
-78,45,-268,-47,11,-4
-79,45,-275,-47,10,-4
-77,45,-270,-49,10,-4
-79,46,-271,-50,9,-5
-79,46,-274,-50,11,-4
-80,46,-269,-49,12,-5
-78,47,-270,-49,12,-4
-78,45,-268,-46,11,-4
-78,46,-266,-44,13,-4
-80,45,-268,-42,13,-3
-77,44,-271,-44,12,-3
-78,45,-276,-43,13,-3
-78,44,-275,-43,16,-5
-78,45,-272,-44,15,-5
-78,45,-268,-46,16,-4
-79,46,-269,-46,14,-4
-78,45,-266,-46,15,-4
-80,46,-271,-46,15,-3
-79,48,-269,-46,13,-5
-78,43,-270,-44,15,-4
-78,46,-271,-43,16,-4
-78,45,-269,-44,17,-3
-80,47,-268,-43,17,-3
-76,45,-272,-43,16,-2
-79,47,-272,-44,16,-3
-80,46,-272,-46,16,-2
-79,45,-270,-46,17,-3
-79,47,-270,-48,16,-4
-80,47,-270,-48,16,-4
-75,46,-272,-45,11,-3
-75,46,-268,-46,10,-4
-78,45,-266,-47,12,-4
-80,45,-269,-48,14,-4
-81,47,-269,-49,15,-3
-80,46,-268,-48,16,-4
-77,44,-267,-48,16,-5
-80,47,-268,-48,14,-4
-78,45,-270,-46,15,-4
-79,46,-270,-45,15,-4
-79,46,-269,-44,16,-4
-80,45,-268,-44,15,-3
-75,43,-276,-44,16,-4
-79,47,-271,-44,17,-5
-79,47,-275,-45,18,-4
-78,47,-271,-47,17,-2
-78,43,-271,-47,17,-2
-78,44,-270,-46,18,-4
-76,42,-271,-46,19,-3
-80,45,-270,-46,17,-3
-76,43,-269,-48,18,-3
-79,47,-270,-49,17,-3
-77,46,-272,-51,18,-3
-76,44,-270,-51,17,-4
-79,47,-267,-49,19,-4
-80,44,-269,-50,19,-4
-80,44,-271,-51,22,-3
-78,42,-271,-49,22,-5
-80,46,-271,-49,23,-4
-78,47,-274,-49,24,-5
-78,45,-274,-48,23,-3
-80,49,-271,-47,23,-3
-77,44,-269,-46,23,-4
-79,45,-273,-45,20,-4
-80,47,-275,-42,18,-3
-82,48,-270,-43,16,-3
-78,47,-270,-45,15,-5
-79,45,-272,-48,14,-3
-79,44,-268,-50,13,-3
-80,46,-270,-52,13,-4
-80,46,-269,-51,15,-4
-79,43,-271,-50,17,-3
-78,45,-274,-48,18,-4
-77,44,-270,-45,19,-4
-79,47,-270,-46,19,-4
-78,45,-273,-44,17,-3
-78,44,-270,-47,18,-4
-78,44,-264,-48,19,-3
-81,46,-268,-50,18,-3
-78,46,-271,-52,19,-2
-79,45,-266,-52,20,-3
-75,44,-274,-51,22,-4
-56,45,-276,-47,22,-3
-78,44,-270,-43,25,-4
-78,45,-274,-43,26,-2
-78,43,-272,-43,27,-3
-78,48,-272,-47,28,-2
-79,49,-268,-49,27,-1
-78,46,-271,-50,25,-2
-77,45,-270,-51,23,-3
-80,47,-271,-49,20,-3
-79,42,-269,-52,19,-4
-75,47,-270,-50,17,-3
-80,49,-274,-45,14,-3
-78,46,-270,-42,15,-3
-78,46,-271,-42,18,-4
-78,47,-271,-42,19,-3
-79,45,-268,-43,19,-3
-79,45,-270,-45,19,-3
-78,46,-270,-44,19,-4
-78,48,-275,-46,19,-4
-79,47,-271,-47,17,-4
-79,47,-269,-47,17,-3
-79,44,-268,-46,17,-2
-76,44,-272,-47,16,-4
-80,43,-269,-47,16,-4
-77,45,-273,-46,17,-5
-79,48,-270,-46,18,-4
-80,42,-274,-45,19,-4
-79,45,-270,-45,19,-4
-78,42,-272,-45,20,-4
-79,46,-273,-46,21,-3
-76,47,-272,-45,21,-4
-78,44,-272,-46,20,-3
-79,45,-270,-46,20,-5
-79,47,-271,-44,19,-4
-79,44,-275,-45,18,-5
-78,43,-271,-44,17,-5
-80,45,-272,-46,17,-6
-77,47,-273,-46,15,-3
-78,45,-274,-45,14,-4
-76,42,-273,-45,15,-4
-81,48,-268,-47,16,-3
-79,46,-273,-46,14,-5
-78,47,-270,-47,13,-4
-78,45,-269,-48,15,-4
-78,45,-269,-49,16,-3
-79,45,-271,-49,17,-4
-79,45,-270,-45,18,-5
-77,43,-270,-42,18,-5
-78,46,-269,-42,18,-5
-79,44,-270,-43,17,-4
-77,45,-266,-44,15,-3
-80,45,-269,-46,15,-3
-78,44,-267,-46,15,-2
-79,46,-271,-48,15,-3
-78,42,-271,-48,16,-3
-80,47,-269,-49,15,-3
-77,45,-269,-51,16,-3
-79,51,-271,-52,16,-2
-80,43,-269,-53,17,-2
-79,46,-270,-52,19,-2
-77,48,-270,-52,17,-2
-79,46,-270,-49,18,-2
-78,45,-274,-50,18,-1
-79,48,-271,-50,18,-2
-78,46,-274,-49,18,-1
-80,46,-266,-50,18,-2
-78,45,-269,-49,19,-1
-78,46,-270,-50,18,-2
-79,46,-273,-53,17,-3
-77,48,-265,-52,18,-1
-78,43,-270,-50,17,-2
-80,46,-273,-49,18,-2
-79,47,-267,-49,17,-1
-79,43,-270,-49,16,-2
-76,44,-271,-50,17,-1
-78,43,-270,-49,17,-3
-79,46,-270,-49,16,-2
-80,43,-271,-47,16,-2
-77,45,-271,-48,16,-1
-78,45,-271,-48,18,-1
-80,47,-268,-47,17,-2
-77,46,-269,-46,19,-2
-81,46,-273,-48,20,-2
-78,45,-271,-47,20,-3
-78,47,-271,-48,20,-2
-79,46,-274,-50,20,-3
-79,45,-269,-49,19,-2
-79,46,-272,-48,18,-3
-79,46,-271,-47,19,-3
-78,46,-273,-47,19,-4
-79,46,-273,-45,19,-3
-78,47,-271,-46,19,-3
-79,46,-272,-46,19,-2
-77,44,-273,-47,19,-2
-77,46,-273,-48,16,-2
-76,46,-270,-47,16,-4
-77,43,-273,-47,16,-3
-79,45,-267,-46,17,-4
-78,45,-270,-47,15,-3
-77,43,-270,-47,16,-2
-79,46,-271,-47,16,-4
-76,47,-271,-46,16,-3
-79,47,-271,-47,17,-3
-77,47,-271,-47,18,-3
-76,44,-271,-45,18,-3
-79,48,-272,-45,16,-4
-79,46,-271,-46,16,-3
-77,48,-268,-44,17,-3
-79,45,-270,-46,17,-3
-78,48,-271,-48,16,-2
-80,46,-270,-49,18,-1
-80,49,-273,-49,16,-1
-80,44,-269,-48,17,-4
-78,46,-270,-49,18,-2
-78,47,-272,-47,21,-2
-79,48,-270,-48,21,-1
-80,47,-273,-48,21,-1
-78,46,-274,-47,22,0
-78,45,-270,-46,22,-1
-75,45,-275,-47,22,-2
-78,48,-271,-49,22,-2
-77,47,-274,-50,22,-2
-78,47,-272,-50,22,-3
-73,43,-271,-50,20,-3
-79,48,-271,-48,20,-2
-79,44,-274,-48,20,-3
-79,48,-275,-45,17,-4
-76,47,-273,-45,17,-5
-76,46,-269,-44,16,-3
-78,46,-270,-47,16,-4
-78,50,-267,-47,16,-2
-77,46,-270,-50,16,-3
-78,48,-272,-51,15,-2
-80,46,-270,-49,15,-3
-79,45,-275,-49,17,-3
-79,45,-274,-46,18,-3
-78,45,-273,-42,19,-3
-80,46,-269,-44,19,-3
-77,46,-273,-42,18,-2
-74,45,-272,-42,17,-3
-77,45,-270,-45,16,-3
-78,44,-272,-45,15,-3
-78,45,-270,-49,15,-2
-79,44,-268,-51,15,-3
-75,47,-273,-51,16,-4
-77,48,-273,-49,18,-3
-79,47,-272,-47,19,-3
-77,45,-272,-42,20,-4
-79,48,-270,-40,20,-3
-76,40,-269,-40,22,-4
-79,45,-274,-43,23,-3
-78,46,-269,-45,23,-3
-78,46,-265,-48,20,-4
-79,50,-274,-50,19,-3
-79,45,-271,-50,18,-3
-79,49,-274,-51,17,-2
-78,46,-273,-49,17,-1
-79,46,-265,-48,17,-4
-79,46,-271,-48,17,-3
-75,49,-270,-46,17,-3
-78,46,-269,-45,17,-2
-78,47,-269,-46,18,-2
-78,46,-268,-46,18,-3
-80,47,-268,-47,17,-3
-79,47,-268,-48,17,-3
-77,48,-269,-46,16,-3
-80,45,-269,-46,17,-3
-79,48,-273,-46,17,-3
-79,45,-271,-47,18,-2
-78,46,-270,-48,18,-3
-79,48,-271,-48,19,-2
-77,49,-273,-45,21,-3
-79,43,-274,-47,23,-2
-78,51,-272,-46,23,-2
-79,46,-273,-44,24,-3
-74,46,-272,-45,23,-2
-79,45,-274,-44,23,-2
-74,44,-272,-44,22,-2
-79,42,-274,-44,20,-2
-78,47,-271,-45,20,-3
-79,48,-270,-46,19,-3
-80,49,-268,-47,18,-2
-78,46,-270,-47,18,-3
-79,48,-268,-48,17,-3
-78,46,-273,-48,19,-3
-78,46,-272,-45,20,-3
-74,41,-269,-46,18,-3
-79,50,-274,-47,19,-2
-77,46,-266,-48,18,-3
-77,46,-268,-45,17,-3
-78,49,-270,-46,16,-4
-79,45,-271,-46,15,-4
-77,46,-272,-45,15,-5
-76,45,-272,-43,16,-4
-79,46,-269,-46,13,-3
-77,47,-272,-45,12,-3
-78,46,-268,-45,11,-4
-76,47,-273,-48,11,-3
-77,45,-272,-49,13,-3
-79,48,-274,-48,13,-4
-77,45,-272,-49,13,-4
-79,45,-271,-49,14,-4
-77,46,-271,-48,16,-4
-78,46,-272,-49,16,-4
-78,46,-272,-47,15,-2
-79,46,-275,-47,15,-3
-79,45,-272,-47,14,-3
-78,49,-274,-47,12,-4
-76,47,-271,-47,11,-4
-73,45,-271,-47,13,-3
-79,49,-272,-46,12,-4
-76,44,-271,-47,13,-5
-76,46,-269,-49,13,-4
-78,46,-273,-48,14,-3
-75,46,-274,-50,14,-4
-79,47,-270,-51,15,-4
-77,45,-271,-50,15,-5
-76,44,-267,-49,14,-4
-77,46,-272,-48,15,-4
-78,46,-268,-48,15,-5
-79,47,-269,-47,16,-5
-76,44,-272,-45,16,-4
-77,44,-271,-45,17,-3
-80,46,-270,-45,18,-4
-77,45,-271,-44,18,-3
-79,45,-269,-45,18,-2
-74,46,-276,-46,18,-3
-76,46,-268,-47,17,-4
-78,46,-275,-47,17,-2
-80,48,-272,-46,17,-3
-77,47,-269,-45,16,-4
-78,45,-274,-46,15,-3
-78,46,-268,-45,15,-4
-80,46,-275,-46,14,-3
-79,44,-270,-47,15,-4
-77,46,-270,-45,15,-4
-77,42,-269,-46,15,-3
-79,48,-272,-45,15,-4
-77,46,-272,-46,15,-4
-80,46,-272,-46,15,-3
-79,48,-272,-47,14,-4
-76,44,-270,-46,15,-3
-79,44,-270,-46,14,-1
-80,45,-270,-49,14,-2
-76,44,-272,-49,14,-2
-79,47,-272,-47,17,-4
-79,46,-269,-47,18,-2
-77,44,-269,-47,17,-3
-79,47,-271,-46,17,-3
-77,47,-273,-43,17,-4
-77,45,-271,-42,16,-3
-77,47,-272,-44,16,-4
-79,46,-270,-44,16,-4
-80,47,-273,-44,15,-5
-78,47,-269,-45,14,-3
-77,43,-276,-47,14,-4
-78,48,-271,-48,14,-4
-77,43,-270,-49,15,-3
-77,46,-271,-49,15,-3
-77,45,-273,-49,16,-6
-77,47,-273,-47,15,-4
-77,46,-272,-45,16,-4
-80,47,-267,-45,16,-3
-77,46,-271,-46,16,-4
-78,46,-274,-47,17,-3
-78,45,-273,-49,16,-3
-74,48,-268,-49,15,-3
-79,46,-274,-48,17,-5
-78,44,-271,-47,17,-5
-78,46,-273,-45,16,-4
-77,47,-273,-43,16,-3
-79,46,-276,-43,15,-4
-77,43,-268,-43,16,-5
-77,46,-271,-45,15,-3
-78,47,-270,-47,14,-4
-78,48,-269,-49,14,-4
-78,46,-269,-50,14,-3
-76,48,-270,-49,13,-5
-75,47,-272,-48,17,-6
-80,46,-271,-44,18,-5
-79,47,-271,-42,16,-5
-77,48,-270,-41,17,-4
-77,44,-272,-41,16,-5
-76,45,-269,-41,15,-4
-77,47,-273,-43,14,-4
-76,44,-268,-45,14,-4
-78,47,-268,-47,13,-3
-77,47,-269,-51,14,-3
-80,44,-267,-54,15,-4
-79,47,-274,-51,17,-3
-76,45,-272,-48,18,-4
-75,46,-274,-46,19,-3
-80,50,-272,-43,20,-3
-77,45,-272,-44,21,-4
-78,41,-270,-44,21,-3
-76,45,-273,-47,20,-4
-78,46,-272,-47,20,-4
-77,45,-274,-49,20,-5
-75,50,-271,-49,18,-5
-78,46,-268,-48,18,-2
-75,45,-271,-49,17,-2
-78,47,-271,-47,16,-3
-77,47,-269,-46,16,-2
-79,47,-269,-44,16,-2
-77,48,-272,-45,16,-3
-78,48,-270,-45,16,-3
-78,47,-267,-45,16,-3
-78,48,-270,-44,16,-3
-79,46,-265,-45,15,-4
-79,46,-266,-44,16,-5
-78,46,-269,-42,16,-4
-79,46,-273,-43,15,-4
-74,44,-274,-42,15,-3
-75,46,-270,-44,17,-4
-76,49,-271,-42,18,-4
-78,46,-268,-44,16,-3
-78,46,-272,-46,17,-3
-80,47,-270,-45,17,-4
-78,47,-270,-46,17,-4
-77,45,-272,-45,17,-3
-84,46,-275,-43,17,-3
-79,44,-269,-44,15,-5
-76,45,-271,-44,15,-4
-77,43,-272,-44,16,-4
-77,44,-271,-45,14,-5
-79,45,-273,-45,15,-6
-77,47,-270,-45,13,-5
-79,45,-270,-45,13,-4
-77,46,-272,-45,15,-5
-77,44,-270,-47,15,-5
-75,42,-269,-45,13,-5
-79,47,-270,-47,14,-3
-79,48,-273,-46,14,-5
-77,46,-273,-48,13,-5
-78,49,-273,-47,12,-6
-76,46,-275,-46,12,-4
-79,45,-269,-46,13,-6
-78,46,-272,-45,15,-7
-76,44,-269,-43,13,-6
-77,47,-266,-46,13,-5
-79,46,-268,-47,13,-5
-75,43,-267,-49,12,-5
-78,46,-270,-50,13,-5
-79,46,-266,-49,14,-4
-75,42,-271,-49,15,-2
-79,48,-271,-48,17,-3
-76,45,-272,-48,17,-3
-79,46,-272,-48,17,-3
-78,45,-270,-46,16,-4
-78,46,-273,-47,16,-4
-76,45,-269,-46,15,-4
-78,48,-275,-44,17,-3
-75,44,-273,-45,15,-4
-77,46,-267,-45,14,-2
-77,48,-271,-45,14,-2
-78,43,-269,-47,15,-4
-79,46,-273,-48,17,-3
-77,50,-271,-49,17,-3
-78,45,-270,-50,17,-3
-79,46,-271,-48,18,-4
-79,46,-271,-47,17,-4
-75,46,-273,-47,17,-3
-77,46,-271,-46,15,-2
-77,46,-273,-45,14,-3
-77,46,-270,-46,14,-2
-79,49,-270,-46,15,-3
-78,46,-272,-45,15,-2
-79,47,-271,-46,16,-2
-77,44,-271,-43,16,-3
-76,47,-270,-46,17,-3
-80,48,-267,-47,16,-3
-77,46,-270,-47,15,-4
-77,47,-273,-46,15,-4
-78,47,-269,-46,17,-4
-76,47,-273,-45,16,-5
-77,46,-270,-46,17,-5
-78,45,-273,-44,16,-3
-79,44,-275,-44,16,-3
-75,42,-271,-44,16,-5
-79,46,-273,-44,14,-3
-76,45,-269,-45,14,-4
-78,49,-271,-46,16,-3
-78,44,-270,-45,14,-5
-79,46,-271,-46,14,-3
-80,45,-275,-46,14,-4
-79,50,-274,-48,13,-2
-79,44,-277,-47,13,-5
-78,47,-271,-45,14,-5
-76,44,-271,-46,14,-4
-77,46,-271,-48,12,-3
-79,45,-272,-48,13,-4
-77,47,-271,-47,12,-4
-76,47,-270,-47,12,-4
-79,47,-271,-46,12,-4
-76,46,-274,-45,14,-4
-77,46,-269,-44,14,-4
-79,48,-273,-44,13,-4
-78,46,-269,-45,12,-3
-78,45,-268,-46,11,-4
-77,47,-272,-45,11,-4
-76,45,-275,-46,12,-2
-81,46,-273,-47,13,-3
-78,47,-274,-47,14,-4
-79,46,-267,-47,14,-3
-76,47,-271,-47,13,-2
-74,45,-267,-48,15,-3
-76,43,-272,-48,16,-3
-77,47,-270,-49,17,-3
-77,48,-268,-48,18,-3
-79,49,-268,-46,18,-2
-76,49,-272,-44,18,-3
-79,44,-273,-45,18,-2
-78,49,-271,-44,17,-2
-77,42,-271,-46,17,-3
-77,44,-269,-46,18,-2
-77,46,-274,-47,18,-3
-77,45,-272,-48,17,-3
-78,45,-268,-48,18,-3
-79,48,-274,-45,16,-5
-78,47,-273,-43,17,-4
-79,46,-272,-44,16,-4
-77,46,-272,-42,15,-5
-76,46,-270,-44,15,-4
-75,44,-274,-47,15,-4
-79,46,-271,-50,14,-5
-78,47,-271,-49,14,-4
-79,47,-271,-49,14,-3
-77,47,-270,-47,12,-4
-78,46,-272,-43,14,-4
-78,48,-272,-43,14,-6
-77,47,-270,-43,14,-6
-77,46,-270,-42,13,-5
-78,45,-271,-40,13,-5
-76,47,-272,-44,12,-5
-76,46,-267,-44,11,-4
-78,47,-266,-46,10,-5
-76,44,-268,-48,11,-6
-77,46,-268,-48,12,-4
-76,45,-269,-45,13,-6
-79,48,-272,-42,16,-5
-78,47,-272,-40,17,-4
-79,50,-270,-40,18,-6
-74,45,-273,-41,18,-5
-78,46,-272,-43,14,-5
-79,44,-271,-44,12,-4
-75,43,-268,-48,13,-4
-79,47,-274,-49,11,-4
-78,48,-271,-49,9,-3
-79,45,-270,-48,9,-4
-78,45,-271,-46,10,-3
-79,47,-271,-47,9,-2
-79,45,-272,-46,10,-1
-78,47,-270,-45,10,-2
-75,46,-272,-46,9,-2
-75,43,-268,-46,11,-2
-81,44,-271,-45,11,-4
-84,44,-269,-39,5,-7
-73,42,-273,-35,2,-8
-80,47,-265,-42,9,-6
-79,48,-275,-41,12,-3
-79,47,-272,-41,13,-3
-76,48,-272,-44,15,-4
-77,47,-273,-43,17,-4
-75,44,-275,-44,15,-3
-81,47,-269,-45,16,-4
-76,45,-274,-46,16,-5
-75,46,-274,-45,16,-5
-78,49,-269,-46,16,-4
-78,45,-273,-47,15,-5
-78,44,-271,-46,16,-6
-79,47,-269,-46,16,-4
-77,49,-268,-47,17,-4
-77,46,-270,-49,16,-5
-76,44,-274,-47,16,-6
-79,44,-273,-46,16,-4
-78,44,-273,-46,16,-5
-78,45,-269,-47,15,-5
-78,45,-268,-47,15,-5
-80,47,-271,-45,15,-4
-78,46,-274,-46,15,-4
-78,48,-271,-45,14,-5
-78,46,-271,-45,15,-4
-78,47,-271,-45,14,-6
-80,48,-272,-47,12,-5
-79,50,-271,-46,13,-5
-77,44,-273,-43,14,-5
-78,48,-273,-43,15,-5
-79,44,-270,-43,14,-4
-76,45,-271,-44,13,-3
-76,47,-269,-46,13,-3
-80,48,-269,-48,15,-4
-75,42,-268,-50,15,-2
-76,44,-270,-49,16,-3
-76,43,-273,-48,16,-4
-78,46,-272,-47,17,-5
-78,42,-271,-47,18,-4
-80,46,-273,-47,18,-5
-77,45,-269,-47,18,-4
-79,46,-275,-47,18,-4
-78,44,-272,-46,18,-3
-76,46,-269,-46,17,-4
-80,45,-269,-46,14,-3
-80,49,-273,-45,14,-3
-78,47,-270,-45,15,-2
-79,44,-271,-46,13,-3
-79,48,-269,-49,13,-3
-80,47,-271,-51,12,-4
-76,44,-271,-52,13,-3
-79,48,-272,-52,14,-3
-79,47,-269,-51,16,-4
-77,47,-271,-49,14,-2
-78,46,-270,-49,16,-4
-77,46,-266,-47,16,-2
-76,45,-270,-46,15,-3
-79,47,-269,-46,15,-4
-75,46,-273,-47,14,-4
-80,46,-271,-46,16,-5
-77,44,-269,-46,16,-3
-75,47,-269,-45,17,-3
-77,41,-273,-45,16,-4
-79,46,-274,-45,16,-3
-77,47,-271,-43,16,-4
-78,47,-270,-43,15,-3
-79,47,-266,-44,15,-4
-76,47,-272,-44,16,-4
-78,45,-271,-44,15,-5
-78,46,-271,-44,14,-4
-78,48,-271,-44,14,-3
-77,47,-272,-42,14,-4
-78,46,-272,-44,15,-4
-79,44,-272,-45,14,-4
-78,46,-270,-43,15,-4
-80,47,-270,-43,16,-4
-77,44,-272,-43,14,-4
-80,47,-269,-43,15,-4
-77,46,-269,-42,14,-4
-77,45,-270,-43,15,-3
-80,47,-269,-42,14,-4
-78,46,-267,-42,13,-5
-76,45,-271,-42,13,-5
-78,46,-273,-43,13,-4
-79,46,-271,-44,12,-4
-74,44,-274,-44,12,-3
-80,47,-270,-44,12,-3
-76,44,-266,-47,11,-2
-77,48,-273,-47,11,-2
-76,46,-271,-49,12,-2
-78,48,-278,-47,12,-4
-79,48,-273,-47,13,-3
-79,46,-270,-46,14,-4
-78,47,-273,-47,15,-5
-78,45,-268,-45,14,-5
-77,46,-270,-44,14,-4
-78,45,-268,-44,15,-3
-79,44,-267,-43,14,-3
-79,47,-270,-44,13,-4
-77,46,-268,-44,12,-3
-79,46,-269,-46,13,-4
-79,47,-274,-44,13,-4
-79,47,-269,-45,14,-3
-79,47,-271,-46,16,-5
-76,45,-272,-46,16,-4
-79,47,-269,-46,15,-4
-79,44,-272,-45,13,-3
-80,47,-272,-46,13,-4
-78,48,-271,-46,12,-4
-78,46,-271,-46,13,-4
-80,48,-272,-48,14,-4
-79,47,-271,-48,13,-4
-82,47,-269,-48,14,-5
-79,45,-269,-47,17,-5
-77,43,-276,-46,16,-6
-76,46,-274,-44,15,-5
-77,46,-274,-41,15,-5
-81,47,-268,-42,13,-5
-77,45,-271,-43,14,-6
-79,48,-271,-44,13,-5
-78,47,-275,-46,12,-5
-79,47,-272,-45,12,-5
-79,46,-270,-46,13,-7
-78,46,-271,-46,12,-5
-79,45,-272,-44,12,-6
-80,45,-267,-40,10,-6
-77,47,-271,-41,10,-6
-78,45,-276,-39,11,-5
-79,45,-270,-40,10,-7
-73,45,-275,-41,7,-4
-79,46,-271,-42,7,-6
-75,48,-267,-47,8,-5
-77,48,-264,-49,8,-7
-77,45,-270,-49,11,-6
-77,44,-271,-48,15,-4
-78,42,-273,-45,18,-6
-79,48,-270,-41,19,-5
-76,45,-271,-40,21,-7
-76,44,-274,-41,21,-5
-79,49,-274,-43,22,-3
-76,43,-272,-45,21,-3
-79,45,-272,-46,19,-5
-74,44,-272,-47,17,-4
-78,47,-276,-46,14,-5
-79,51,-272,-47,14,-5
-77,43,-272,-46,13,-5
-78,43,-271,-45,12,-5
-79,46,-273,-45,10,-4
-80,45,-273,-46,9,-3
-79,48,-274,-45,9,-4
-80,46,-273,-44,8,-5
-80,50,-268,-44,8,-6
-83,51,-264,-39,0,-8
-74,46,-271,-36,-6,-8
-80,43,-270,-39,3,-5
-81,46,-275,-40,5,-5
-77,44,-272,-44,9,-5
-78,45,-268,-48,13,-4
-78,46,-268,-49,16,-4
-79,47,-273,-49,17,-3
-77,46,-270,-47,18,-4
-78,44,-275,-47,18,-5
-79,48,-270,-47,18,-4
-79,47,-274,-46,17,-4
-80,46,-275,-47,15,-4
-79,45,-272,-46,15,-4
-80,50,-280,-43,16,-2
-80,46,-270,-46,16,-2
-77,42,-273,-47,15,-4
-77,46,-272,-47,15,-2
-78,48,-269,-48,14,-3
-76,45,-272,-50,14,-2
-77,43,-271,-50,14,-2
-78,48,-271,-50,14,-3
-78,45,-273,-50,15,-3
-78,47,-273,-49,14,-4
-77,45,-270,-49,14,-2
-79,47,-263,-49,15,-3
-77,47,-268,-49,15,-4
-78,44,-269,-50,14,-4
-79,44,-275,-47,14,-6
-78,46,-269,-46,15,-4
-80,46,-267,-45,13,-4
-79,46,-272,-46,15,-4
-80,46,-269,-48,17,-4
-79,47,-271,-50,16,-3
-76,44,-272,-51,16,-4
-77,45,-271,-51,18,-4
-78,45,-269,-50,19,-4
-79,49,-269,-50,18,-5
-78,44,-272,-48,18,-4
-80,45,-270,-49,19,-2
-74,44,-269,-49,18,-3
-78,44,-272,-49,20,-3
-78,47,-269,-49,19,-2
-78,46,-272,-48,19,-3
-78,45,-273,-50,19,-3
-79,49,-270,-48,18,-3
-80,49,-266,-45,17,-2
-79,46,-274,-47,17,-4
-78,47,-268,-46,17,-3
-78,47,-276,-49,18,-3
-79,46,-273,-51,18,-4
-80,49,-270,-51,18,-3
-76,45,-267,-50,19,-3
-76,46,-272,-50,20,-3
-77,47,-272,-48,20,-3
-77,43,-272,-48,20,-4
-80,44,-272,-50,19,-4
-77,45,-277,-49,20,-3
-78,48,-275,-48,19,-3
-76,46,-272,-47,20,-2
-80,47,-271,-46,20,-3
-79,46,-273,-46,20,-3
-79,45,-270,-46,20,-3
-78,47,-274,-46,19,-4
-76,46,-272,-45,17,-2
-78,47,-273,-48,17,-3
-78,45,-272,-49,17,-3
-78,48,-272,-48,17,-2
-79,52,-274,-46,16,-4
-79,49,-272,-45,16,-3
-80,45,-273,-45,16,-3
-77,47,-268,-45,15,-4
-81,45,-273,-44,16,-4
-77,45,-273,-45,16,-3
-79,45,-268,-46,16,-2
-77,48,-274,-48,17,-4
-78,47,-271,-48,18,-3
-78,46,-268,-49,17,-2
-79,47,-266,-48,18,-4
-77,38,-257,-49,18,-3
-75,47,-272,-48,20,-5
-78,43,-274,-47,21,-3
-79,43,-273,-46,21,-3
-79,46,-273,-47,20,-3
-78,49,-273,-47,21,-4
-78,47,-268,-46,20,-4
-77,45,-271,-47,20,-3
-80,47,-269,-47,21,-3
-81,48,-272,-46,20,-3
-78,46,-270,-44,19,-3
-76,45,-265,-44,18,-4
-77,47,-272,-46,18,-3
-79,46,-272,-45,18,-4
-78,44,-272,-44,18,-2
-77,47,-269,-45,17,-2
-78,44,-272,-46,15,-3
-77,45,-269,-46,15,-3
-76,46,-274,-46,14,-3
-79,47,-274,-46,15,-2
-77,50,-271,-46,15,-2
-76,46,-274,-49,16,-2
-77,47,-264,-49,17,-3
-79,47,-269,-50,18,-3
-80,43,-274,-51,20,-2
-78,45,-270,-50,20,-2
-78,48,-270,-51,21,-3
-77,45,-268,-48,23,-2
-80,47,-269,-47,23,-2
-77,46,-271,-46,23,-2
-77,47,-273,-46,22,-2
-77,45,-273,-47,21,-2
-80,45,-271,-48,21,-2
-79,47,-262,-49,22,-3
-78,49,-271,-47,22,-1
-83,48,-272,-47,22,-2
-79,46,-272,-46,22,-5
-77,44,-270,-44,20,-4
-78,46,-274,-43,20,-4
-74,45,-273,-43,19,-4
-78,49,-274,-43,17,-4
-77,46,-273,-46,14,-3
-77,42,-270,-46,14,-3
-79,44,-269,-47,14,-4
-75,40,-268,-46,15,-5
-75,47,-273,-45,15,-5
-75,45,-272,-44,15,-4
-78,45,-272,-44,15,-5
-79,46,-274,-44,14,-6
-78,47,-266,-44,15,-4
-73,43,-268,-42,15,-4
-74,44,-268,-42,14,-3
-78,47,-269,-44,14,-3
-79,45,-268,-48,14,-3
-78,42,-266,-52,14,-2
-69,52,-280,-53,17,-3
-78,48,-272,-51,17,-3
-79,42,-272,-48,18,-4
-78,45,-273,-44,20,-5
-78,45,-272,-41,21,-5
-78,45,-275,-42,21,-4
-78,45,-274,-46,21,-5
-78,50,-275,-46,21,-3
-77,44,-270,-48,18,-4
-77,47,-272,-50,17,-4
-76,48,-270,-49,14,-4
-74,42,-259,-50,14,-4
-76,44,-274,-48,13,-5
-80,49,-271,-47,12,-5
-76,42,-272,-46,13,-5
-76,47,-274,-47,13,-4
-78,47,-269,-47,14,-2
-76,43,-268,-46,14,-3
-78,46,-271,-47,15,-2
-79,47,-269,-48,17,-3
-78,46,-268,-49,17,-3
-81,53,-279,-48,17,-3
-78,44,-269,-49,19,-2
-79,46,-273,-48,20,-1
-80,49,-271,-49,22,-3
-78,47,-276,-47,22,-2
-79,47,-270,-48,23,-1
-79,46,-270,-48,24,-2
-79,48,-269,-46,26,-3
-77,43,-272,-47,24,-2
-78,45,-271,-45,25,-3
-75,44,-275,-42,26,-3
-69,47,-280,-45,24,-3
-75,45,-270,-44,23,-4
-72,45,-275,-44,22,-2
-79,49,-272,-45,20,-2
-77,47,-272,-45,18,-3
-78,46,-273,-46,16,-2
-76,43,-270,-49,16,-3
-78,46,-273,-50,15,-3
-76,45,-270,-50,15,-3
-75,44,-269,-50,14,-3
-79,43,-268,-50,14,-3
-84,44,-264,-49,15,-3
-79,46,-270,-48,15,-4
-76,45,-273,-47,15,-3
-79,48,-271,-46,14,-3
-79,47,-271,-46,14,-4
-75,45,-271,-45,15,-4
-76,46,-273,-47,15,-4
-78,46,-269,-47,17,-3
-76,45,-267,-48,17,-3
-77,46,-272,-49,17,-2
-80,48,-270,-50,18,-3
-70,47,-283,-51,18,-4
-76,48,-272,-48,19,-4
-78,49,-266,-49,19,-4
-79,46,-271,-48,19,-2
-78,48,-269,-48,19,-4
-77,47,-271,-48,18,-4
-76,44,-272,-46,18,-2
-79,45,-271,-47,18,-2
-80,47,-274,-46,18,-4
-77,45,-275,-46,16,-3
-79,46,-274,-46,16,-2
-69,52,-281,-44,15,-3
-80,47,-270,-47,15,-2
-78,46,-274,-48,15,-3
-77,49,-272,-49,16,-2
-76,47,-270,-52,17,-1
-80,45,-269,-51,17,-2
-78,48,-273,-54,17,-1
-73,43,-272,-52,17,-1
-79,48,-268,-50,17,-2
-75,43,-270,-49,18,-2
-80,45,-273,-47,18,-1
-69,54,-285,-47,17,-2
-79,47,-271,-46,17,-2
-78,46,-262,-46,17,-2
-80,47,-272,-47,16,-2
-77,45,-271,-47,17,-3
-79,46,-273,-47,16,-3
-77,46,-267,-48,18,-2
-77,47,-265,-48,17,-3
-77,45,-271,-48,17,-2
-78,45,-270,-48,19,-2
-76,48,-273,-47,19,-3
-71,51,-278,-47,19,-3
-78,48,-271,-47,17,-3
-79,50,-270,-47,20,-3
-78,46,-271,-46,20,-3
-77,50,-271,-47,21,-3
-77,43,-270,-46,23,-4
-77,45,-269,-46,22,-4
-78,47,-272,-46,22,-4
-78,45,-273,-45,23,-3
-78,46,-269,-45,22,-3
-78,48,-272,-45,21,-4
-79,54,-282,-45,21,-4
-76,47,-271,-44,21,-5
-78,44,-272,-45,20,-3
-77,46,-272,-45,20,-4
-78,48,-271,-45,18,-4
-77,47,-270,-45,17,-3
-80,48,-268,-46,17,-4
-79,46,-271,-46,16,-4
-79,46,-271,-46,15,-3
-77,45,-273,-46,15,-2
-80,44,-275,-45,14,-2
-79,43,-265,-46,15,-4
-78,47,-271,-45,14,-3
-76,44,-274,-43,14,-2
-78,46,-275,-43,14,-3
-77,47,-274,-45,13,-2
-76,44,-273,-47,14,-3
-77,46,-273,-47,14,-5
-79,45,-273,-46,14,-4
-77,47,-270,-47,14,-2
-77,46,-273,-47,13,-3
-71,50,-276,-49,15,-3
-75,43,-269,-50,14,-2
-77,45,-271,-50,13,-4
-77,46,-273,-51,14,-2
-78,45,-271,-49,14,-3
-74,47,-273,-47,16,-3
-78,45,-266,-47,14,-3
-78,46,-273,-46,16,-2
-77,47,-269,-47,15,-3
-76,44,-272,-48,16,-4
-78,48,-271,-49,18,-3
-72,49,-276,-48,18,-5
-78,46,-271,-48,16,-4
-77,48,-271,-46,17,-3
-80,47,-268,-44,18,-5
-75,46,-271,-40,17,-3
-77,48,-270,-40,15,-4
-76,47,-272,-41,15,-5
-77,50,-271,-43,13,-5
-78,45,-274,-45,12,-4
-78,49,-269,-48,11,-5
-76,44,-273,-47,11,-5
-78,39,-266,-44,13,-5
-76,47,-273,-42,12,-4
-74,45,-277,-41,13,-5
-77,46,-268,-40,13,-6
-78,46,-273,-40,13,-4
-77,47,-268,-40,12,-4
-76,46,-266,-40,12,-5
-76,47,-268,-42,10,-4
-78,46,-270,-45,11,-5
-79,46,-269,-47,12,-4
-79,45,-268,-50,15,-3
-79,46,-253,-51,17,-3
-77,46,-273,-48,19,-3
-80,47,-272,-45,21,-4
-78,44,-271,-41,20,-5
-76,45,-274,-40,21,-4
-76,48,-276,-40,22,-2
-75,47,-274,-43,23,-2
-77,46,-273,-45,20,-4
-79,48,-275,-46,19,-4
-76,51,-267,-49,14,-5
-76,47,-273,-49,14,-5
-74,37,-263,-49,12,-4
-75,46,-270,-49,13,-3
-78,49,-274,-48,12,-4
-77,47,-269,-47,13,-3
-76,46,-273,-46,14,-4
-77,47,-268,-44,15,-2
-80,47,-268,-43,16,-2
-78,46,-275,-45,15,-3
-75,50,-270,-45,17,-4
-76,45,-268,-46,18,-3
-76,45,-270,-46,17,-2
-78,55,-282,-47,18,-3
-77,46,-274,-46,18,-3
-76,42,-271,-46,18,-4
-79,47,-271,-46,18,-3
-78,48,-270,-46,18,-4
-79,46,-270,-46,17,-4
-79,47,-274,-45,17,-3
-75,46,-276,-45,17,-4
-79,45,-275,-44,17,-3
-77,45,-269,-45,16,-4
-78,45,-272,-44,15,-5
-72,41,-268,-45,14,-4
-77,45,-272,-46,14,-3
-78,46,-273,-45,13,-4
-78,49,-270,-45,13,-4
-78,48,-272,-44,14,-3
-77,47,-266,-46,14,-3
-75,45,-270,-49,14,-4
-79,47,-269,-49,17,-3
-79,44,-270,-49,16,-2
-76,46,-276,-47,15,-3
-81,48,-271,-47,15,-3
-77,52,-287,-47,16,-2
-76,45,-271,-46,15,-4
-80,47,-272,-46,15,-3
-80,45,-268,-45,14,-4
-78,46,-269,-46,14,-4
-73,45,-270,-46,14,-4
-77,46,-272,-46,15,-4
-77,45,-271,-47,16,-3
-77,48,-272,-47,15,-4
-79,45,-274,-50,15,-4
-78,47,-270,-48,17,-4
-68,46,-273,-48,17,-4
-77,46,-272,-48,17,-4
-78,46,-271,-47,18,-3
-79,48,-268,-48,18,-3
-77,46,-275,-47,17,-4
-78,45,-269,-46,17,-4
-80,50,-269,-46,17,-4
-79,48,-269,-46,16,-6
-77,46,-266,-45,15,-3
-78,46,-272,-47,15,-4
-90,54,-276,-47,14,-4
-76,45,-272,-47,15,-4
-80,47,-271,-49,16,-4
-76,47,-270,-50,16,-3
-75,47,-268,-48,16,-4
-78,47,-270,-49,17,-3
-78,45,-272,-48,16,-4
-78,49,-273,-48,17,-3
-79,47,-273,-48,14,-4
-76,46,-272,-46,15,-3
-76,43,-269,-45,15,-3
-74,36,-259,-45,15,-4
-77,43,-268,-46,14,-2
-78,47,-272,-45,15,-3
-78,48,-270,-44,14,-5
-75,44,-271,-45,15,-4
-75,46,-271,-44,15,-4
-78,46,-273,-44,14,-3
-78,46,-272,-46,15,-4
-80,42,-272,-46,15,-4
-77,45,-269,-47,16,-3
-75,46,-266,-46,14,-3
-81,43,-265,-45,14,-3
-78,45,-272,-45,13,-3
-78,46,-274,-44,10,-2
-76,47,-278,-45,7,-2
-75,45,-274,-44,5,-3
-79,46,-275,-45,3,-4
-77,46,-270,-46,1,-4
-80,48,-272,-45,0,-3
-79,46,-273,-46,2,-4
-79,47,-270,-44,2,-5
-76,48,-269,-45,4,-2
-84,41,-272,-45,5,-3
-78,47,-269,-46,5,-3
-78,47,-270,-47,6,-4
-76,46,-280,-47,7,-3
-76,44,-274,-46,8,-3
-80,45,-274,-45,7,-3
-78,48,-274,-47,8,-2
-78,47,-273,-46,7,-2
-77,45,-274,-46,8,-2
-79,49,-273,-48,8,-3
-79,46,-270,-49,9,-3
-88,44,-266,-47,7,-4
-78,48,-270,-47,9,-4
-76,47,-271,-46,7,-4
-79,49,-272,-47,8,-4
-73,44,-268,-46,8,-5
-79,47,-272,-48,8,-3
-78,43,-273,-49,8,-4
-72,44,-267,-48,10,-3
-78,47,-276,-47,10,-4
-77,47,-277,-48,11,-5
-79,43,-276,-47,11,-4
-77,44,-263,-48,11,-4
-76,47,-268,-49,14,-3
-76,45,-269,-48,13,-4
-75,47,-269,-48,11,-4
-75,47,-269,-47,11,-3
-77,45,-272,-48,12,-3
-80,48,-268,-49,13,-4
-74,46,-274,-50,12,-3
-76,47,-273,-51,13,-4
-78,48,-269,-51,14,-3
-78,45,-271,-50,16,-3
-73,44,-271,-48,16,-3
-76,46,-270,-46,15,-3
-77,48,-271,-45,15,-4
-78,49,-275,-43,15,-4
-79,47,-277,-44,15,-4
-75,45,-273,-46,14,-4
-77,47,-273,-48,13,-5
-76,45,-270,-48,12,-5
-75,45,-270,-49,12,-5
-78,45,-272,-48,13,-6
-78,46,-273,-46,12,-6
-77,44,-274,-44,14,-5
-81,47,-269,-42,13,-4
-78,46,-269,-41,13,-5
-80,43,-272,-42,14,-4
-76,47,-269,-42,14,-4
-77,45,-269,-42,13,-4
-76,42,-266,-45,14,-4
-80,45,-267,-49,15,-3
-76,47,-271,-52,17,-5
-78,46,-272,-54,19,-3
-79,45,-271,-52,21,-4
-79,47,-270,-47,22,-3
-78,45,-275,-43,23,-3
-78,46,-271,-44,24,-3
-78,47,-270,-45,25,-4
-75,45,-273,-47,25,-3
-78,44,-270,-47,25,-3
-77,47,-271,-49,21,-5
-77,46,-274,-51,18,-5
-77,43,-272,-51,17,-4
-79,46,-270,-48,15,-3
-79,46,-272,-49,15,-3
-77,48,-269,-48,14,-4
-77,44,-271,-46,14,-3
-77,42,-270,-47,14,-3
-78,46,-271,-47,14,-3
-79,46,-272,-46,17,-3
-78,48,-270,-46,17,-3
-77,47,-271,-47,17,-2
-78,47,-268,-47,17,-3
-76,45,-271,-47,16,-2
-76,46,-271,-47,17,-3
-78,47,-268,-47,19,-4
-77,48,-275,-46,19,-3
-74,50,-271,-44,18,-2
-74,45,-267,-46,19,-4
-78,44,-269,-45,18,-3
-79,47,-266,-46,19,-3
-78,48,-271,-45,18,-3
-76,45,-273,-45,19,-4
-78,48,-273,-45,17,-6
-76,46,-270,-45,17,-5
-78,47,-267,-46,18,-6
-78,47,-269,-45,17,-6
-77,48,-272,-45,17,-4
-78,48,-272,-45,17,-6
-75,46,-273,-44,16,-6
-78,45,-275,-43,14,-6
-78,49,-270,-46,14,-5
-77,45,-270,-47,16,-5
-78,46,-271,-47,16,-5
-79,48,-269,-47,15,-3
-79,49,-273,-46,14,-4
-77,47,-269,-47,14,-4
-78,47,-273,-46,14,-4
-80,48,-269,-47,14,-5
-80,45,-270,-45,14,-5
-77,47,-271,-43,15,-5
-79,46,-272,-42,15,-5
-76,46,-271,-40,15,-5
-76,47,-272,-43,15,-5
-75,43,-269,-45,14,-5
-78,47,-268,-48,14,-3
-79,44,-271,-48,15,-4
-77,47,-272,-49,17,-4
-79,48,-270,-48,17,-3
-81,48,-268,-48,17,-3
-77,45,-272,-47,19,-3
-79,43,-272,-48,19,-2
-78,49,-269,-50,21,-2
-79,47,-273,-50,21,-3
-81,47,-275,-48,19,-3
-78,47,-274,-48,19,-3
-77,44,-271,-47,17,-4
-78,46,-270,-45,16,-4
-78,45,-273,-46,16,-3
-79,44,-271,-47,17,-3
-78,49,-271,-51,17,-3
-79,47,-271,-51,18,-2
-78,48,-271,-52,18,-3
-78,45,-270,-52,19,-3
-77,45,-270,-50,18,-3
-79,46,-272,-48,18,-4
-78,49,-268,-48,17,-3
-79,48,-265,-47,18,-4
-78,47,-271,-45,19,-3
-77,43,-270,-45,18,-3
-77,47,-269,-45,18,-3
-80,47,-271,-44,18,-3
-79,46,-272,-44,20,-1
-77,48,-270,-45,19,-3
-77,47,-273,-46,20,-4
-77,46,-271,-47,19,-4
-78,47,-272,-46,18,-4
-79,50,-270,-44,18,-3
-77,46,-267,-45,17,-4
-78,46,-271,-45,16,-4
-76,45,-271,-45,14,-4
-78,47,-270,-43,14,-5
-78,46,-269,-44,14,-5
-75,47,-267,-44,14,-5
-77,45,-269,-45,15,-4
-76,42,-268,-45,14,-5
-78,48,-274,-45,15,-4
-78,47,-267,-46,15,-3
-78,45,-272,-44,13,-5
-76,45,-269,-44,16,-5
-76,46,-269,-47,16,-5
-78,49,-272,-46,16,-4
-76,42,-269,-46,16,-4
-78,46,-272,-45,16,-4
-78,44,-274,-46,16,-4
-78,47,-271,-45,16,-4
-79,48,-271,-45,15,-6
-77,47,-271,-46,16,-5
-78,45,-272,-45,16,-4
-79,46,-270,-46,15,-3
-76,48,-276,-47,15,-3
-77,47,-273,-46,15,-3
-78,44,-267,-45,15,-3
-78,46,-274,-46,15,-4
-77,46,-273,-47,13,-4
-78,45,-266,-46,13,-4
-77,51,-270,-46,13,-5
-79,45,-272,-45,14,-4
-80,47,-273,-44,12,-5
-78,47,-270,-44,12,-4
-79,47,-268,-45,12,-3
-78,45,-271,-44,12,-4
-76,42,-269,-46,11,-5
-79,47,-271,-44,12,-5
-74,46,-272,-46,13,-3
-79,47,-271,-46,15,-4
-78,46,-273,-47,17,-5
-77,44,-273,-47,16,-3
-79,48,-272,-46,18,-3
-76,46,-271,-46,17,-3
-78,43,-268,-46,16,-3
-74,46,-266,-45,17,-3
-78,48,-270,-46,16,-3
-76,43,-273,-48,16,-3
-75,45,-271,-48,17,-2
-78,47,-272,-50,18,-2
-78,48,-271,-48,17,-3
-78,50,-270,-48,16,-3
-75,45,-275,-45,16,-4
-77,45,-275,-43,16,-4
-80,47,-272,-42,15,-5
-79,46,-274,-44,16,-5
-78,46,-274,-43,17,-5
-76,47,-269,-46,17,-4
-79,48,-270,-45,14,-3
-75,46,-275,-46,13,-5
-77,45,-270,-44,15,-5
-78,48,-272,-44,13,-5
-78,47,-271,-42,12,-5
-77,47,-271,-42,13,-4
-78,47,-271,-43,12,-4
-78,46,-268,-44,13,-5
-76,46,-271,-42,12,-4
-77,45,-269,-45,13,-4
-76,46,-267,-45,12,-4
-78,44,-271,-50,13,-4
-76,47,-267,-51,13,-4
-76,49,-270,-51,15,-4
-79,46,-272,-50,17,-3
-75,46,-272,-44,19,-4
-81,49,-274,-41,19,-3
-76,44,-274,-40,21,-4
-77,46,-277,-40,22,-2
-79,50,-274,-43,22,-3
-76,45,-273,-45,21,-4
-75,45,-277,-47,20,-3
-78,46,-271,-49,18,-3
-78,47,-275,-48,17,-4
-79,45,-271,-49,16,-4
-79,45,-269,-47,16,-4
-78,46,-272,-46,14,-4
-79,48,-272,-45,14,-3
-77,46,-271,-45,15,-2
-78,45,-274,-44,15,-4
-79,47,-273,-45,15,-3
-79,47,-270,-44,17,-4
-80,48,-270,-44,17,-3
-78,46,-273,-46,16,-3
-77,46,-273,-45,14,-2
-76,45,-270,-45,13,-2
-77,46,-272,-45,15,-3
-80,47,-274,-45,14,-4
-78,45,-270,-44,16,-3
-77,47,-270,-44,16,-3
-75,44,-267,-45,15,-4
-76,43,-276,-45,15,-5
-77,45,-267,-45,14,-4
-77,48,-270,-44,13,-4
-77,46,-270,-45,13,-4
-78,45,-270,-46,14,-4
-77,46,-272,-44,12,-4
-79,46,-273,-44,12,-6
-76,44,-273,-44,13,-5
-76,46,-271,-42,12,-4
-76,45,-270,-42,13,-3
-78,45,-273,-43,12,-4
-77,47,-270,-44,12,-4
-79,46,-270,-45,13,-5
-77,47,-275,-46,13,-4
-77,42,-273,-46,13,-4
-78,48,-273,-47,12,-4
-78,47,-269,-46,12,-4
-77,46,-269,-48,13,-5
-76,45,-273,-48,12,-5
-77,48,-273,-48,13,-5
-77,46,-270,-46,13,-5
-78,45,-276,-43,13,-7
-79,48,-277,-42,14,-5
-77,44,-273,-44,13,-5
-77,42,-269,-45,12,-4
-80,47,-266,-48,11,-5
-78,47,-269,-50,11,-5
-78,45,-270,-49,11,-5
-77,45,-271,-49,12,-4
-78,45,-271,-50,13,-4
-78,46,-267,-48,14,-5
-80,47,-272,-49,15,-4
-77,46,-270,-49,15,-3
-79,48,-270,-50,17,-2
-78,46,-274,-50,18,-3
-77,47,-271,-48,18,-2
-79,48,-269,-48,17,-3
-76,43,-276,-49,18,-3
-79,47,-270,-48,17,-3
-79,48,-274,-46,17,-2
-78,47,-273,-49,17,-2
-79,48,-271,-50,18,-2
-78,45,-270,-51,17,-3
-77,49,-273,-52,18,-2
-76,46,-270,-51,17,-2
-79,46,-272,-49,18,-3
-78,44,-271,-49,17,-3
-80,45,-272,-48,17,-3
-79,45,-270,-47,16,-3
-76,48,-270,-47,17,-3
-74,44,-271,-47,16,-2
-76,46,-272,-46,15,-3
-73,46,-269,-46,16,-3
-76,44,-272,-45,17,-3
-77,46,-274,-46,18,-3
-78,46,-267,-45,17,-2

