-.-.-
-19,-259,-8,56,211,-95
-15,-258,-10,53,217,-93
-15,-256,-11,45,226,-99
-20,-258,-10,35,238,-103
-14,-258,-6,21,253,-109
-22,-255,2,15,266,-111
-17,-256,-3,13,280,-117
-18,-257,1,18,290,-119
-15,-258,1,27,299,-123
-15,-255,1,36,312,-122
-17,-254,-1,49,323,-126
-18,-257,5,56,330,-126
-15,-254,7,56,334,-131
-14,-252,2,46,339,-131
-14,-250,2,32,342,-134
-15,-251,1,31,356,-129
-13,-253,0,38,372,-131
-20,-249,-4,39,389,-128
-17,-248,1,30,400,-131
-20,-249,-4,17,411,-130
-20,-250,1,0,417,-131
-24,-250,1,-12,418,-126
-25,-253,-2,-20,420,-126
-25,-253,-1,-28,420,-119
-27,-254,2,-32,421,-118
-27,-253,2,-33,420,-112
-26,-253,5,-33,418,-112
-32,-253,1,-34,413,-107
-30,-256,7,-33,405,-106
-30,-255,5,-30,397,-99
-28,-258,5,-26,384,-98
-30,-257,6,-18,369,-92
-31,-255,6,-10,357,-92
-33,-256,8,-4,348,-88
-32,-252,7,1,343,-86
-30,-255,6,4,341,-81
-31,-252,7,7,340,-81
-29,-250,7,8,339,-75
-24,-254,9,6,337,-75
-27,-252,6,0,335,-70
-25,-249,11,-6,330,-67
-26,-247,8,-14,326,-62
-26,-247,9,-21,322,-61
-24,-249,9,-26,320,-55
-24,-249,11,-31,320,-55
-20,-249,11,-40,322,-52
-20,-246,9,-46,325,-54
-20,-250,8,-56,330,-50
-16,-250,12,-65,336,-50
-20,-251,16,-72,341,-47
-18,-249,8,-79,344,-48
-15,-251,12,-87,344,-46
-16,-251,12,-95,343,-51
-14,-251,8,-101,344,-50
-12,-252,9,-110,346,-48
-14,-253,8,-117,348,-49
-16,-254,8,-128,350,-52
-14,-251,9,-140,353,-52
-12,-253,7,-153,357,-59
-15,-254,11,-166,359,-64
-15,-252,6,-175,358,-66
-12,-252,9,-181,355,-63
-12,-249,10,-188,350,-63
-12,-249,8,-195,347,-62
-7,-247,5,-208,345,-66
-11,-246,5,-224,347,-65
-9,-247,-1,-246,349,-70
-11,-250,-4,-270,352,-72
-11,-249,-3,-293,358,-74
-14,-251,-7,-312,367,-72
-12,-253,-1,-326,381,-71
-12,-257,-2,-333,392,-69
-12,-259,0,-334,402,-69
-13,-262,5,-320,408,-68
-14,-262,8,-297,405,-68
-13,-261,12,-264,394,-67
-20,-265,9,-226,380,-65
-19,-267,14,-186,360,-59
-19,-266,15,-146,337,-52
-21,-263,18,-109,311,-43
-19,-260,19,-74,274,-35
-21,-261,21,-44,241,-28
-20,-258,19,-27,208,-25
-20,-258,20,-12,177,-19
-20,-255,18,-5,147,-16
-17,-252,20,1,123,-13
-15,-254,25,8,100,-10
-16,-253,20,8,78,-9
-14,-253,20,10,61,-5
-12,-257,17,9,49,-3
-12,-259,18,11,43,1
-12,-257,23,17,41,4
-14,-257,20,23,35,5
-10,-257,20,28,30,4
-12,-256,19,37,24,3
-11,-258,20,46,18,3
-12,-254,17,56,6,5
-8,-257,20,70,-4,4
-11,-254,18,80,-15,6
-10,-254,22,88,-26,7
-11,-251,24,97,-40,11
-14,-249,23,102,-52,16
-13,-247,26,105,-63,23
-16,-244,22,102,-78,28
-18,-244,24,92,-93,35
-20,-241,19,74,-107,39
-22,-239,20,50,-122,46
-19,-244,19,26,-134,48
-22,-246,18,7,-147,53
-24,-246,21,-5,-160,58
-21,-251,23,-9,-177,66
-22,-253,21,-4,-191,71
-23,-254,22,7,-206,78
-25,-256,22,18,-219,85
-22,-256,20,32,-231,93
-22,-257,17,47,-243,95
-20,-257,19,62,-249,99
-15,-257,17,75,-255,100
-12,-257,13,86,-262,100
-12,-259,16,94,-268,95
-16,-259,13,96,-273,94
-14,-259,10,91,-276,85
-13,-263,10,83,-277,77
-12,-265,9,70,-273,65
-12,-267,10,56,-270,56
-14,-268,8,46,-261,42
-12,-267,6,36,-252,27
-15,-268,5,23,-244,10
-12,-272,7,10,-230,-5
-9,-266,-2,0,-217,-31
-14,-263,-1,-9,-196,-48
-13,-258,-1,-14,-178,-62
-11,-254,-4,-15,-156,-69
-11,-247,-10,-17,-133,-75
-10,-244,-4,-23,-112,-76
-11,-237,-7,-31,-87,-80
-9,-234,-4,-46,-64,-81
-9,-233,-7,-66,-45,-86
-9,-234,-3,-91,-25,-86
-7,-237,0,-115,-8,-89
-7,-238,-2,-141,10,-88
-5,-244,5,-157,17,-88
-5,-249,4,-168,23,-83
-7,-256,7,-172,22,-81
-7,-256,5,-170,20,-72
-10,-258,9,-160,18,-68
-11,-260,9,-144,16,-58
-12,-259,6,-125,9,-57
-12,-259,10,-106,8,-49
-11,-259,9,-88,6,-44
-12,-257,10,-67,3,-41
-11,-259,8,-53,1,-42
-12,-257,8,-40,0,-39
-13,-257,6,-30,0,-40
-12,-259,5,-23,1,-35
-13,-259,9,-19,4,-35
-11,-260,7,-15,8,-30
-12,-259,8,-7,10,-30
-12,-257,8,4,11,-25
-11,-260,10,15,12,-22
-12,-258,8,29,12,-18
-11,-259,9,41,14,-16
-8,-254,10,47,21,-11
-10,-256,5,52,30,-11
-12,-256,8,52,40,-7
-11,-254,9,48,51,-8
-12,-251,8,40,64,-5
-12,-247,8,33,75,-9
-12,-248,9,23,86,-5
-12,-247,12,13,97,-8
-12,-251,12,3,108,-6
-12,-249,11,-6,115,-9
-12,-250,9,-14,120,-7
-13,-252,9,-22,125,-9
-15,-252,11,-31,126,-9
-16,-253,9,-39,130,-12
-14,-255,11,-45,132,-11
-16,-251,6,-52,132,-14
-14,-254,9,-58,134,-11
-16,-255,10,-57,136,-14
-15,-253,11,-55,138,-12
-14,-255,10,-52,137,-14
-14,-256,12,-47,136,-10
-16,-253,8,-40,136,-12
-16,-254,9,-34,134,-8
-13,-256,10,-30,134,-11
-17,-253,12,-27,132,-7
-17,-256,11,-23,130,-9
-14,-259,10,-20,128,-7
-19,-254,9,-19,128,-9
-17,-254,9,-19,127,-5
-20,-255,8,-18,125,-4
-21,-253,10,-17,125,0
-18,-255,8,-17,123,0
-23,-253,11,-18,121,0
-22,-252,10,-17,119,0
-23,-255,11,-16,116,3
-23,-254,9,-14,114,3
-23,-254,10,-11,111,5
-25,-254,12,-9,110,4
-18,-254,9,-11,108,5
-21,-252,9,-13,104,2
-20,-251,12,-15,103,4
-17,-252,10,-19,102,1
-18,-254,7,-22,103,1
-16,-254,8,-22,104,-1
-16,-254,9,-22,104,-1
-20,-256,12,-23,104,-4
-16,-255,13,-21,101,-3
-17,-256,13,-19,97,-6
-17,-255,9,-14,92,-4
-19,-255,10,-11,87,-4
-17,-255,16,-9,81,-3
-16,-255,13,-4,77,-3
-13,-252,10,-3,74,-2
-14,-253,13,1,71,-3
-16,-253,10,3,71,-3
-18,-254,11,4,71,-3
-14,-254,14,5,70,-1
-14,-255,8,5,70,-4
-15,-253,11,5,73,-3
-15,-253,11,6,75,-4
-18,-254,11,6,77,-3
-15,-254,18,6,80,-4
-19,-248,11,8,85,-3
-15,-254,14,9,87,-2
-20,-254,18,11,90,1
-5,-256,17,13,92,3
-20,-252,6,15,91,3
-18,-254,11,19,88,4
-17,-255,11,21,88,5
-17,-253,12,25,86,3
-18,-254,9,27,84,4
3,-252,11,30,86,2
-14,-254,10,33,88,0
-13,-254,11,33,89,-2
-12,-254,12,34,92,-4
-14,-255,12,33,96,-5
-15,-253,11,32,100,-7
-14,-255,13,30,103,-7
-18,-254,11,31,106,-6
-18,-255,12,33,105,-6
-20,-254,13,38,102,-6
-16,-253,11,44,97,-5
-18,-253,12,51,93,-6
-17,-254,15,55,88,-5
-14,-251,12,57,86,-6
-18,-248,16,52,86,-5
-17,-253,12,46,90,-6
-19,-252,18,35,96,-5
-17,-250,14,25,103,-6
-16,-251,14,15,108,-6
-19,-251,14,8,112,-8
-15,-252,11,5,114,-6
-16,-253,13,1,115,-7
-15,-250,14,2,113,-6
-17,-252,10,1,114,-8
-19,-253,16,3,114,-5
-19,-253,12,1,114,-4
-19,-250,12,-1,114,-2
-17,-252,9,-4,115,-2
-19,-255,10,-8,115,2
-20,-252,10,-10,117,2
-19,-249,12,-13,120,3
-20,-252,10,-15,121,1
-16,-251,9,-17,122,3
-18,-252,12,-19,125,1
-20,-254,9,-21,125,3
-18,-253,10,-21,122,3
-14,-255,10,-22,122,4
-19,-255,8,-21,120,4
-21,-252,11,-22,119,7
-17,-254,8,-21,119,5
-15,-257,10,-19,118,7
-19,-255,11,-18,116,5
-15,-253,9,-14,114,8
-14,-255,13,-13,110,6
-14,-254,8,-10,106,7
-13,-255,8,-7,104,5
-18,-255,12,-7,101,7
-15,-253,12,-8,101,4
-20,-251,13,-10,101,7
-15,-251,11,-10,99,3
-17,-253,13,-13,101,6
-17,-254,10,-15,101,3
-15,-256,11,-17,101,5
-19,-255,11,-18,102,2
-17,-255,11,-17,101,3
-17,-255,10,-15,101,1
-19,-256,11,-14,102,2
-19,-254,10,-14,100,0
-16,-254,8,-14,99,0
-20,-254,13,-13,97,-1
-17,-255,13,-15,94,0
-17,-257,12,-18,92,-1
-16,-253,12,-21,88,0
-19,-253,10,-20,83,-2
-21,-254,14,-17,82,-1
-19,-251,10,-14,79,-4
-19,-254,11,-13,79,-2
-15,-252,11,-11,81,-4
-18,-251,10,-12,82,-2
-18,-253,7,-12,82,-5
-20,-251,13,-13,82,-3
-20,-253,11,-12,82,-5
-16,-256,13,-15,81,-3
-20,-253,9,-14,80,-6
-17,-253,13,-14,78,-3
-17,-251,9,-15,77,-7
-18,-254,11,-17,78,-4
-16,-253,13,-18,76,-7
-21,-256,14,-18,72,-4
-19,-253,13,-17,69,-4
-19,-252,16,-15,66,-2
-20,-254,16,-15,63,-4
-18,-254,10,-12,59,-1
-18,-254,14,-11,57,-5
-15,-254,13,-9,52,-2
-17,-253,12,-8,51,-3
-19,-254,13,-12,50,-1
-15,-254,12,-17,48,-4
-17,-254,11,-21,47,-2
-19,-255,12,-25,48,-5
-16,-255,12,-27,48,-1
-16,-254,9,-29,46,-2
-19,-255,16,-26,44,0
-19,-255,14,-20,42,-3
-20,-255,15,-13,36,1
-20,-256,12,-6,30,0
-20,-253,12,0,27,1
-21,-255,13,4,24,-1
-15,-254,10,8,21,2
-19,-253,11,9,20,-1
-16,-251,12,10,20,4
-20,-253,9,10,21,2
-20,-253,11,9,22,5
-18,-254,10,7,23,3
-17,-251,9,0,24,5
-21,-256,12,-3,23,1
-20,-249,11,-6,21,3
-20,-256,17,-7,20,0
-20,-251,10,-5,18,2
-17,-253,12,-4,14,0
-20,-253,10,-2,11,3
-21,-253,10,-1,10,1
-20,-254,12,1,9,2
-20,-254,15,2,11,-1
-18,-254,12,3,12,2
-18,-254,11,6,9,-1
-19,-254,13,8,10,2
-19,-255,13,10,7,1
-16,-254,13,11,10,4
-19,-254,14,12,9,1
-16,-253,15,13,12,4
-19,-251,13,13,14,3
-19,-254,14,14,17,6
-16,-254,11,14,17,4
-19,-251,11,14,17,8
-17,-250,16,13,16,7
-19,-252,17,13,15,10
-19,-252,13,12,15,9
-14,-253,11,8,16,11
-19,-253,14,3,17,9
-21,-249,10,-1,20,9
-19,-252,12,-8,23,7
-19,-251,14,-14,27,8
-19,-254,10,-17,30,6
-20,-255,12,-20,31,6
-19,-252,13,-20,31,5
-16,-254,13,-19,30,9
-20,-253,14,-15,29,10
-21,-254,15,-13,27,11
-18,-253,12,-10,23,11
-18,-252,13,-5,23,13
-19,-252,11,-3,23,14
-14,-253,11,0,24,17
-21,-254,13,1,23,15
-17,-254,13,1,23,17
-19,-249,13,-2,26,13
-19,-252,16,-5,30,14
-22,-251,13,-10,33,12
-20,-250,13,-16,35,10
-21,-254,13,-20,39,10
-16,-254,13,-24,42,10
-17,-254,13,-25,43,9
-20,-253,15,-25,44,9
-14,-256,8,-23,42,10
-19,-255,11,-19,40,12
-18,-252,11,-15,37,12
-18,-251,12,-13,35,10
-19,-254,10,-13,34,10
-19,-252,12,-18,40,9
-21,-248,14,-25,46,10
-19,-249,11,-32,53,10
-14,-252,13,-40,58,10
-19,-248,18,-47,60,10
-21,-252,16,-54,61,8
-16,-256,13,-56,59,8
-17,-253,16,-55,57,6
-16,-255,14,-51,53,6
-16,-255,15,-44,53,7
-16,-253,11,-39,52,8
-17,-253,14,-32,50,9
-19,-251,13,-27,48,9
-17,-253,13,-24,46,12
-17,-256,13,-19,43,13
-19,-254,14,-18,42,15
-19,-251,15,-15,41,14
-19,-253,12,-12,40,14
-17,-252,13,-13,40,14
-19,-253,11,-15,39,14
-15,-253,11,-16,38,14
-16,-256,11,-18,35,11
-19,-254,12,-21,33,10
-19,-253,12,-22,33,9
-19,-255,13,-21,30,9
-19,-253,15,-22,27,9
-15,-252,15,-22,27,7
-19,-257,13,-22,25,9
-17,-254,12,-20,25,9
-16,-256,16,-21,24,10
-18,-254,15,-21,25,10
-18,-254,15,-20,26,11
-17,-251,11,-23,26,10
-17,-255,16,-23,27,12
-16,-255,14,-26,28,8
-16,-254,10,-28,28,8
-18,-254,14,-29,30,6
-18,-252,15,-29,30,8
-16,-253,14,-28,29,9
-20,-253,13,-28,30,11
-18,-257,11,-26,29,10
-17,-252,13,-24,30,11
-19,-255,11,-23,32,7
-14,-255,12,-23,33,9
-19,-253,11,-24,33,7
-21,-254,13,-27,34,9
-16,-255,14,-28,33,8
-17,-256,11,-27,31,10
-18,-256,11,-21,27,7
-18,-253,12,-13,22,9
-18,-254,17,-4,19,7
-19,-251,9,0,16,9
-18,-252,10,4,19,7
-16,-250,10,3,21,9
-14,-252,12,-1,27,7
-16,-253,12,-8,32,7
-19,-250,12,-12,35,6
-19,-252,13,-12,35,6
-18,-255,12,-11,35,5
-18,-252,10,-9,37,7
-20,-252,17,-5,37,5
-19,-254,11,-4,36,7
-18,-251,15,-3,37,5
-19,-253,13,-2,37,9
-20,-254,18,-2,39,6
-20,-251,11,0,40,8
-17,-253,13,1,39,6
-13,-251,10,4,42,9
-19,-252,17,7,41,6
-17,-254,12,10,42,9
-20,-254,14,11,38,6
-17,-254,10,14,41,9
-18,-253,13,14,40,7
-20,-251,16,12,40,10
-18,-253,12,10,41,6
-21,-251,11,9,40,9
-17,-248,10,8,42,7
-18,-251,9,6,41,9
-14,-256,11,5,44,6
-17,-255,10,4,46,6
-15,-254,10,1,47,3
-19,-251,10,0,50,5
-13,-255,14,-2,49,2
-18,-254,13,0,51,3
-16,-252,11,1,51,1
-19,-257,11,2,52,2
-13,-257,12,4,53,-1
-17,-254,16,4,54,0
-20,-255,9,4,54,-2
-17,-255,15,2,57,-1
-19,-253,10,1,59,-2
-18,-254,13,2,60,1
-19,-250,12,0,60,0
-23,-252,15,-2,61,2
-20,-253,14,-4,62,-1
-20,-254,13,-7,63,1
-22,-251,9,-8,64,-2
-22,-254,10,-8,66,-1
-19,-253,12,-8,65,-4
-16,-255,15,-8,66,-2
-20,-253,12,-7,67,-4
-20,-249,13,-8,66,-2
-18,-253,14,-8,65,-5
-21,-252,10,-8,64,-1
-17,-253,14,-7,63,-4
-20,-252,14,-9,61,-1
-23,-252,12,-7,61,-2
-23,-252,17,-5,60,1
-21,-255,14,-4,59,-2
-23,-255,13,-2,59,2
-18,-256,13,-3,59,-1
-19,-251,16,-1,59,3
-21,-257,14,0,59,2
-21,-253,18,-1,58,4
-24,-250,13,-2,53,2
-23,-253,10,-2,49,5
-22,-254,15,-1,47,2
-21,-252,13,-3,48,6
-20,-251,18,-6,48,5
-24,-250,14,-9,47,7
-23,-252,12,-13,46,6
-24,-251,11,-14,47,9
-21,-251,13,-16,48,8
-24,-256,13,-17,48,10
-24,-252,16,-17,47,8
-20,-257,12,-17,44,10
-22,-252,13,-16,39,7
-24,-253,13,-11,33,10
-21,-253,11,-9,29,11
-21,-253,16,-5,25,13
-19,-250,17,-3,23,11
-18,-252,15,0,20,11
-23,-250,12,0,18,8
-21,-249,10,-8,19,9
-21,-251,12,-13,22,7
-19,-251,14,-20,23,8
-20,-251,15,-29,25,7
-22,-251,14,-38,27,12
-20,-252,10,-44,28,11
-20,-253,14,-47,28,15
-17,-257,13,-45,26,14
-20,-252,11,-37,25,15
-21,-255,14,-27,24,15
-17,-254,18,-20,24,18
-17,-253,12,-17,29,16
-20,-250,10,-18,33,19
-20,-251,12,-22,40,16
-17,-249,14,-28,43,19
-18,-250,12,-35,50,18
-16,-251,9,-41,56,20
-19,-254,12,-49,60,18
-18,-250,10,-55,63,18
-17,-253,11,-61,68,17
-21,-250,9,-70,71,19
-23,-253,14,-74,73,18
-22,-251,10,-76,75,18
-16,-256,12,-77,77,17
-18,-256,11,-75,77,16
-16,-256,12,-68,77,13
-18,-253,12,-60,76,15
-21,-254,10,-53,74,14
-23,-253,10,-49,72,14
-19,-253,13,-44,69,12
-16,-252,10,-44,67,12
-20,-249,10,-44,67,10
-21,-252,10,-45,68,9
-22,-251,14,-46,70,6
-20,-250,10,-49,72,5
-22,-252,10,-52,78,4
-20,-255,13,-54,80,3
-20,-252,9,-55,81,1
-18,-253,10,-57,82,-3
-22,-255,12,-55,84,-2
-17,-254,10,-55,84,-4
-20,-253,9,-55,86,-3
-17,-256,8,-57,85,-5
-22,-253,12,-57,85,-5
-21,-253,11,-57,84,-5
-21,-255,11,-57,84,-5
-22,-252,12,-56,84,-4
-21,-252,11,-56,83,-2
-21,-255,15,-56,83,-1
-21,-250,12,-54,82,0
-21,-255,11,-56,83,-1
-20,-255,9,-58,81,-1
-22,-254,9,-59,82,-1
-22,-254,11,-59,82,0
-19,-254,11,-61,81,-3
-22,-254,12,-61,79,-3
-23,-252,12,-62,79,-5
-21,-252,10,-65,78,-2
-18,-255,10,-71,77,-2
-23,-251,9,-74,77,-2
-21,-257,11,-76,74,-2
-20,-255,7,-74,71,0
-21,-257,10,-68,67,-1
-23,-253,11,-59,61,-1
-22,-257,7,-52,57,-2
-20,-255,12,-47,53,-1
-23,-254,11,-41,51,-2
-24,-258,13,-39,50,2
-22,-254,10,-37,50,1
-24,-253,9,-37,48,2
-22,-255,13,-40,45,2
-20,-251,8,-40,44,3
-19,-256,11,-40,44,3
-21,-254,12,-40,43,4
-22,-252,9,-40,41,3
-21,-256,12,-38,42,6
-20,-255,8,-36,40,4
-21,-252,11,-35,40,7
-24,-253,10,-33,39,6
-22,-255,7,-31,41,8
-20,-256,12,-32,40,7
-21,-254,11,-31,41,8
-25,-253,10,-30,39,8
-20,-254,9,-29,38,11
-22,-252,10,-26,38,10
-22,-251,12,-24,36,12
-17,-254,10,-26,34,11
-21,-251,10,-22,32,15
-19,-256,8,-19,30,14
-22,-255,13,-15,31,13
-18,-254,11,-12,31,13
-21,-254,11,-11,29,12
-16,-252,13,-12,29,10
-20,-254,9,-13,27,11
-21,-252,10,-13,25,8
-19,-252,13,-15,24,10
-19,-254,13,-14,26,6
-19,-255,9,-12,26,10
-19,-254,9,-10,28,6
-19,-254,11,-9,30,9
-19,-256,12,-7,33,7
-18,-253,11,-5,37,10
-19,-254,8,-3,38,7
-19,-255,9,-6,38,8
-20,-255,9,-6,41,6
-18,-255,10,-5,46,6
-18,-255,6,-4,50,2
-20,-255,10,1,55,6
-19,-254,9,1,60,5
-20,-256,6,-1,63,8
-21,-253,11,-2,65,7
-22,-252,9,-4,66,8
-23,-254,8,-7,66,6
-23,-254,8,-6,67,8
-19,-257,9,-5,69,6
-19,-257,8,-7,68,8
-22,-253,9,-5,70,6
-21,-257,9,-2,70,9
-24,-257,7,3,71,7
-21,-256,7,6,71,8
-23,-255,9,8,70,7
-19,-257,4,5,68,12
-24,-255,2,2,68,9
-25,-256,8,1,67,12
-25,-253,8,1,66,10
-25,-255,3,3,68,13
-26,-254,6,4,67,11
-27,-251,6,2,65,14
-23,-254,5,-3,62,12
-26,-255,7,-8,59,15
-25,-256,5,-16,55,14
-27,-252,2,-21,50,15
-27,-252,4,-22,48,11
-26,-253,4,-20,44,15
-25,-255,4,-20,39,12
-24,-250,0,-21,35,14
-23,-254,0,-28,29,13
-22,-256,1,-32,27,14
-24,-254,-1,-38,28,10
-22,-252,1,-41,33,13
-25,-253,-1,-43,33,9
-21,-253,2,-47,32,13
-23,-250,3,-53,28,11
-22,-253,1,-59,26,15
-22,-252,5,-64,23,12
-23,-251,0,-64,21,13
-22,-251,7,-66,17,11
-23,-251,4,-73,13,15
-22,-251,6,-78,10,13
-22,-250,3,-83,9,16
-22,-250,2,-84,6,15
-23,-248,2,-86,5,19
-21,-246,5,-91,4,18
-21,-247,1,-97,3,23
-21,-249,4,-101,1,22
-20,-248,3,-107,2,26
-21,-245,1,-112,1,26
-21,-248,4,-120,2,30
-23,-246,2,-130,2,28
-23,-248,-3,-138,2,30
-22,-247,1,-147,0,27
-22,-243,-3,-158,1,27
-24,-244,1,-168,3,26
-21,-245,6,-178,3,26
-23,-242,-1,-186,3,23
-24,-242,0,-194,2,23
-26,-239,-2,-204,3,20
-25,-241,-3,-217,3,23
-23,-247,-2,-228,3,21
-22,-243,-3,-240,3,23
-22,-247,-1,-249,3,21
-20,-249,-2,-258,4,21
-19,-249,2,-263,3,16
-20,-248,2,-261,4,16
-22,-247,6,-258,8,11
-16,-247,3,-255,9,8
-20,-246,4,-252,13,4
-18,-240,4,-253,18,3
-13,-241,1,-261,26,-1
-16,-241,5,-274,31,-3
-16,-243,0,-286,38,-7
-19,-243,-3,-298,47,-11
-13,-245,-4,-313,53,-17
-15,-249,-3,-331,60,-21
-14,-246,-7,-354,68,-23
-16,-250,-6,-372,75,-23
-17,-251,-4,-379,76,-27
-14,-252,-9,-384,74,-29
-21,-249,-12,-389,79,-32
-16,-251,-9,-396,88,-28
-17,-252,-11,-416,96,-26
-20,-252,-14,-439,104,-20
-16,-256,-8,-455,109,-17
-20,-254,-9,-457,110,-17
-18,-255,-10,-446,107,-17
-21,-254,-11,-429,108,-12
-22,-256,-12,-409,109,-8
-21,-251,-11,-394,104,-4
-23,-255,-15,-382,96,-1
-25,-254,-14,-372,91,7
-25,-252,-16,-368,86,12
-25,-251,-19,-371,87,18
-24,-251,-17,-371,84,20
-27,-251,-16,-368,80,24
-20,-255,-23,-366,78,28
-24,-252,-17,-361,78,31
-22,-251,-22,-362,81,33
-25,-248,-22,-366,87,35
-25,-250,-26,-375,89,37
-28,-249,-21,-383,88,41
-27,-249,-24,-390,86,44
-29,-249,-24,-392,81,48
-26,-252,-25,-398,75,51
-26,-249,-24,-405,70,55
-31,-248,-21,-407,67,59
-29,-245,-21,-404,62,61
-32,-243,-23,-396,54,64
-30,-244,-24,-396,46,68
-29,-244,-20,-395,36,69
-30,-243,-17,-396,27,72
-30,-243,-20,-398,18,75
-28,-250,-22,-398,9,74
-32,-247,-20,-395,0,78
-30,-246,-22,-392,-7,78
-31,-247,-23,-389,-13,78
-30,-251,-26,-389,-25,76
-31,-249,-26,-390,-34,76
-32,-248,-30,-387,-45,78
-26,-248,-29,-386,-53,76
-27,-245,-26,-384,-61,75
-27,-244,-32,-380,-64,74
-27,-243,-33,-378,-68,70
-26,-244,-31,-384,-72,66
-24,-246,-30,-393,-74,63
-25,-245,-35,-401,-76,63
-28,-244,-38,-406,-77,61
-26,-249,-38,-416,-77,59
-26,-245,-35,-423,-75,58
-24,-243,-36,-425,-70,55
-26,-242,-38,-425,-63,50
-28,-237,-37,-426,-54,51
-25,-238,-43,-430,-46,48
-26,-237,-41,-435,-39,46
-24,-236,-43,-440,-33,44
-23,-235,-39,-452,-32,42
-22,-230,-40,-464,-25,43
-24,-227,-40,-476,-23,44
-26,-225,-40,-492,-22,46
-25,-227,-39,-507,-23,48
-24,-227,-40,-522,-25,51
-26,-225,-39,-539,-30,57
-28,-229,-46,-558,-35,60
-28,-231,-41,-577,-42,64
-25,-234,-42,-598,-50,64
-27,-237,-43,-614,-56,65
-26,-242,-42,-630,-60,63
-26,-241,-45,-636,-60,64
-29,-241,-45,-629,-60,62
-26,-244,-49,-615,-54,63
-24,-245,-47,-595,-42,61
-25,-245,-54,-575,-30,66
-26,-242,-58,-557,-12,68
-27,-241,-56,-535,2,75
-26,-239,-55,-524,12,76
-27,-240,-57,-517,20,83
-27,-240,-59,-515,23,84
-30,-239,-61,-521,22,85
-26,-240,-61,-525,20,85
-28,-242,-61,-533,16,85
-26,-240,-62,-538,13,82
-23,-240,-65,-540,11,82
-21,-245,-62,-539,12,77
-23,-241,-66,-534,17,79
-24,-243,-68,-530,24,75
-23,-242,-65,-525,35,74
-20,-239,-66,-521,45,74
-25,-234,-62,-519,51,74
-30,-242,-59,-522,60,72
-32,-242,-54,-525,68,72
-23,-233,-69,-520,73,70
-39,-233,-68,-512,80,71
-22,-237,-62,-506,82,66
-30,-240,-70,-505,85,67
-43,-238,-58,-505,86,62
-29,-236,-58,-503,86,63
-28,-241,-67,-506,87,57
-31,-239,-64,-514,85,52
-31,-241,-68,-526,83,45
-27,-242,-66,-536,79,43
-33,-243,-66,-535,73,37
-32,-241,-69,-527,65,39
-35,-244,-68,-511,55,38
-35,-240,-69,-486,47,47
-34,-242,-71,-459,37,53
-36,-243,-74,-436,24,61
-33,-243,-70,-421,17,63
-34,-248,-74,-407,15,69
-33,-244,-74,-395,13,70
-34,-242,-76,-386,12,70
-34,-242,-73,-377,11,66
-33,-240,-74,-371,17,65
-31,-238,-76,-373,23,62
-30,-239,-69,-385,31,62
-31,-239,-69,-391,39,63
-30,-247,-69,-376,48,72
-31,-243,-69,-349,59,74
-32,-242,-73,-320,70,82
-28,-242,-74,-291,81,87
-29,-240,-71,-266,90,95
-30,-237,-75,-245,95,97
-33,-236,-73,-231,96,101
-35,-236,-74,-223,94,102
-32,-236,-75,-224,86,102
-34,-233,-77,-233,76,99
-33,-233,-75,-246,62,95
-35,-231,-80,-266,50,86
-31,-229,-81,-291,40,81
-35,-233,-81,-311,34,73
-35,-234,-78,-315,31,74
-39,-230,-82,-309,32,69
-37,-229,-79,-306,32,72
-40,-229,-78,-301,30,74
-39,-231,-76,-294,30,81
-39,-232,-82,-294,31,86
-42,-232,-80,-295,32,92
-39,-230,-78,-298,31,95
-38,-230,-82,-306,34,98
-42,-230,-78,-320,34,91
-37,-233,-80,-334,37,93
-37,-231,-84,-345,44,94
-38,-232,-83,-343,53,98
-38,-230,-87,-333,65,95
-38,-231,-81,-320,78,98
-38,-230,-84,-307,83,97
-41,-228,-86,-295,82,101
-41,-230,-88,-283,79,103
-45,-227,-90,-269,74,111
-38,-224,-89,-265,65,113
-45,-224,-90,-263,59,122
-43,-224,-93,-264,46,126
-45,-227,-89,-259,28,134
-43,-224,-94,-258,7,136
-46,-225,-90,-262,-13,140
-45,-233,-94,-268,-41,139
-47,-234,-98,-274,-61,141
-45,-240,-95,-277,-68,139
-45,-238,-99,-277,-69,140
-45,-238,-100,-277,-62,133
-43,-239,-100,-270,-52,124
-45,-238,-103,-257,-40,112
-42,-238,-95,-245,-26,103
-45,-236,-94,-226,-15,95
-41,-234,-94,-206,-8,91
-39,-234,-92,-183,9,83
-34,-229,-88,-166,22,80
-34,-231,-87,-147,38,75
-37,-230,-90,-137,66,75
-39,-227,-88,-131,88,71
-39,-225,-84,-133,105,71
-38,-226,-81,-143,112,70
-43,-225,-82,-161,108,75
-41,-228,-79,-189,100,77
-46,-223,-83,-228,81,81
-46,-226,-82,-285,57,81
-48,-222,-83,-338,35,89
-50,-227,-89,-390,13,90
-48,-227,-91,-437,-4,93
-49,-226,-95,-474,-19,89
-48,-227,-99,-502,-27,86
-47,-228,-101,-520,-26,80
-45,-230,-98,-528,-17,78
-46,-234,-106,-524,-3,78
-48,-235,-103,-514,20,79
-45,-237,-104,-507,39,80
-46,-235,-106,-500,55,85
-46,-239,-103,-489,67,85
-46,-241,-108,-480,75,85
-45,-240,-110,-471,75,84
-45,-241,-109,-466,73,84
-45,-240,-107,-461,65,87
-49,-237,-112,-453,53,93
-39,-240,-112,-441,39,98
-44,-242,-116,-429,26,102
-44,-238,-115,-416,20,104
-47,-237,-117,-405,10,107
-46,-235,-116,-394,2,106
-46,-239,-111,-385,-7,108
-50,-235,-115,-377,-15,110
-50,-236,-112,-370,-20,112
-53,-237,-113,-370,-25,114
-53,-238,-114,-369,-29,115
-49,-245,-110,-370,-35,120
-50,-248,-117,-367,-44,120
-52,-254,-116,-369,-42,121
-53,-256,-117,-371,-36,126
-49,-261,-120,-367,-32,129
-53,-261,-119,-358,-26,128
-50,-263,-122,-345,-22,127
-48,-264,-130,-324,-17,121
-45,-265,-127,-304,-7,113
-50,-261,-129,-280,8,102
-44,-262,-133,-259,22,89
-49,-258,-128,-232,41,79
-50,-255,-127,-211,54,69
-49,-254,-126,-193,62,64
-48,-249,-126,-178,70,59
-50,-245,-121,-169,71,60
-50,-245,-122,-167,69,64
-51,-245,-119,-176,62,68
-54,-241,-117,-189,54,75
-55,-244,-116,-208,41,79
-56,-246,-119,-233,31,87
-59,-251,-121,-271,24,94
-60,-256,-118,-300,15,102
-61,-260,-121,-326,9,106
-61,-259,-122,-346,4,110
-61,-261,-125,-354,-2,112
-63,-261,-135,-352,-8,113
-62,-259,-133,-348,-9,111
-61,-257,-133,-337,-11,113
-61,-255,-133,-321,-6,109
-60,-252,-130,-305,0,109
-57,-248,-130,-289,8,109
-54,-250,-133,-281,17,111
-55,-250,-128,-279,23,113
-53,-251,-122,-280,27,114
-54,-251,-123,-289,32,112
-49,-252,-127,-298,36,112
-51,-251,-126,-306,41,105
-51,-249,-125,-313,46,99
-48,-252,-128,-316,53,90
-51,-248,-129,-311,60,85
-52,-247,-127,-306,65,77
-50,-245,-129,-303,70,71
-49,-246,-125,-300,72,65
-55,-241,-128,-299,72,62
-54,-245,-128,-302,72,58
-57,-240,-129,-306,67,59
-58,-243,-125,-310,64,56
-55,-245,-127,-316,58,59
-58,-244,-131,-326,52,60
-59,-243,-129,-333,45,61
-62,-244,-135,-337,39,62
-62,-242,-131,-337,32,65
-61,-242,-134,-333,28,64
-63,-241,-133,-331,25,66
-62,-241,-131,-332,24,64
-61,-241,-132,-330,27,63
-62,-242,-133,-321,28,60
-59,-237,-133,-309,31,62
-61,-235,-133,-299,35,59
-61,-234,-132,-297,39,60
-62,-233,-134,-305,39,56
-60,-233,-134,-318,36,55
-61,-236,-136,-329,34,50
-60,-238,-139,-336,31,49
-62,-237,-139,-345,29,45
-61,-240,-140,-353,29,46
-60,-239,-142,-363,26,44
-62,-235,-141,-374,27,42
-62,-237,-144,-386,26,42
-59,-236,-146,-394,26,44
-60,-235,-147,-403,29,43
-59,-236,-144,-411,32,45
-63,-232,-144,-416,34,45
-60,-231,-148,-422,39,50
-57,-227,-144,-428,44,50
-59,-226,-144,-436,49,57
-61,-226,-145,-446,55,59
-62,-226,-143,-457,62,67
-63,-223,-146,-475,66,72
-63,-224,-144,-495,71,78
-62,-222,-145,-519,70,81
-62,-225,-146,-543,72,87
-62,-223,-145,-562,69,88
-61,-220,-144,-577,69,94
-63,-220,-149,-586,69,95
-58,-216,-145,-592,71,104
-61,-215,-147,-593,72,108
-57,-213,-148,-592,75,115
-55,-210,-143,-588,79,119
-54,-208,-144,-588,81,126
-53,-207,-142,-591,83,129
-57,-204,-137,-595,89,136
-58,-197,-137,-595,89,140
-58,-198,-139,-595,86,148
-55,-198,-138,-598,78,152
-54,-197,-136,-606,73,157
-56,-196,-130,-615,69,160
-54,-196,-134,-625,62,163
-54,-193,-134,-634,57,162
-58,-193,-135,-639,54,165
-54,-188,-131,-642,50,162
-56,-185,-132,-646,47,162
-55,-182,-129,-652,49,161
-57,-184,-127,-654,47,163
-58,-183,-129,-655,42,160
-56,-179,-125,-657,36,160
-56,-181,-131,-659,28,156
-57,-179,-132,-661,23,156
-56,-176,-127,-665,18,152
-57,-177,-131,-668,12,153
-54,-175,-130,-667,8,147
-55,-175,-129,-665,3,146
-52,-173,-132,-664,0,140
-52,-173,-132,-667,-2,139
-55,-171,-127,-668,-5,131
-55,-169,-127,-668,-10,129
-53,-170,-131,-665,-16,123
-56,-167,-133,-664,-23,122
-50,-168,-134,-665,-29,115
-52,-169,-134,-669,-32,111
-51,-164,-133,-674,-32,104
-47,-167,-134,-679,-31,98
-49,-165,-136,-682,-27,87
-46,-166,-135,-688,-20,82
-49,-167,-138,-694,-14,72
-48,-166,-143,-701,-9,68
-52,-169,-138,-710,-4,62
-51,-171,-140,-716,-3,62
-53,-176,-142,-722,-2,60
-55,-178,-142,-724,-4,62
-55,-178,-146,-722,-6,59
-52,-178,-146,-718,-9,60
-53,-174,-147,-716,-15,57
-56,-176,-150,-710,-24,61
-52,-176,-150,-703,-35,65
-52,-174,-149,-697,-45,74
-52,-177,-151,-694,-55,77
-49,-182,-149,-697,-59,86
-53,-187,-152,-700,-63,88
-50,-186,-151,-700,-63,93
-51,-193,-149,-704,-62,93
-51,-193,-152,-702,-55,96
-52,-196,-153,-696,-48,96
-52,-199,-157,-682,-39,99
-55,-197,-156,-662,-30,100
-57,-196,-152,-641,-20,108
-55,-198,-154,-614,-16,110
-56,-200,-152,-597,-17,119
-58,-200,-151,-585,-19,124
-56,-199,-150,-580,-25,136
-57,-199,-148,-582,-36,143
-60,-195,-150,-589,-51,157
-61,-198,-145,-604,-65,166
-61,-195,-147,-621,-78,176
-62,-195,-148,-636,-92,185
-66,-194,-144,-656,-105,199
-67,-194,-145,-676,-117,205
-68,-195,-142,-697,-125,216
-68,-196,-143,-719,-131,223
-71,-196,-145,-741,-133,234
-70,-200,-146,-763,-135,240
-68,-199,-147,-787,-133,247
-71,-199,-152,-811,-129,246
-69,-198,-152,-829,-126,245
-63,-199,-152,-845,-123,239
-60,-198,-154,-853,-123,238
-60,-204,-153,-854,-125,234
-56,-210,-153,-849,-130,236
-58,-214,-155,-836,-134,241
-55,-219,-157,-810,-141,249
-58,-223,-156,-772,-149,254
-57,-217,-157,-722,-159,259
-52,-209,-152,-665,-168,259
-48,-201,-146,-607,-177,261
-48,-184,-138,-550,-182,263
-45,-173,-136,-500,-182,272
-44,-170,-139,-483,-180,277
-43,-166,-141,-497,-176,282
-41,-164,-142,-546,-168,279
-44,-161,-139,-614,-153,270
-44,-158,-141,-690,-126,257
-48,-156,-141,-773,-88,241
-55,-153,-142,-861,-54,223
-55,-150,-130,-946,-36,207
-53,-148,-129,-1032,-19,196
-52,-145,-120,-1098,-11,197
-51,-148,-113,-1160,-13,197
-47,-150,-109,-1225,-18,192
-43,-151,-104,-1281,-19,185
-39,-148,-94,-1337,-20,179
-35,-146,-97,-1395,-21,180
-31,-145,-90,-1471,-24,182
-23,-140,-82,-1551,-20,185
-13,-137,-83,-1631,-4,185
-16,-132,-78,-1729,10,190
-9,-130,-72,-1810,16,198
-3,-123,-70,-1889,12,210
0,-122,-69,-1967,-5,220
2,-114,-65,-2052,-40,236
2,-113,-66,-2137,-82,260
7,-120,-63,-2208,-122,279
3,-124,-62,-2266,-167,286
-6,-127,-58,-2320,-214,288
-4,-133,-59,-2377,-278,299
-8,-136,-50,-2438,-320,308
-11,-141,-42,-2499,-370,318
-16,-145,-43,-2560,-410,324
-15,-154,-39,-2594,-416,351
-20,-168,-36,-2614,-394,386
-15,-178,-23,-2616,-338,432
-15,-191,-17,-2589,-266,487
-13,-202,0,-2509,-191,523
-20,-205,13,-2396,-142,525
-23,-208,19,-2232,-113,499
-34,-204,25,-2096,-130,452
-31,-195,36,-1989,-150,394
-26,-171,51,-1918,-117,329
-15,-144,37,-1899,-29,260
-12,-94,7,-1992,72,176
-8,-53,21,-2300,144,97
-19,-28,66,-2734,183,0
-26,-23,111,-3138,144,-134
-40,-35,152,-3307,-39,-354
-68,-56,119,-2902,-509,-571
-115,-71,51,-2143,-977,-736
-161,-78,-30,-1285,-1383,-754
-199,-79,-67,-581,-1639,-597
-211,-68,-69,-135,-1720,-321
-205,-49,-64,-14,-1670,-39
-169,-21,-50,-176,-1544,130
-150,8,-28,-389,-1374,153
-145,40,-19,-456,-1219,102
-143,63,-53,-326,-1080,67
-136,92,-115,43,-994,107
-116,116,-169,423,-927,192
-97,135,-202,766,-861,285
-76,156,-236,1021,-790,349
-61,177,-270,1202,-730,362
-48,192,-312,1350,-660,338
-57,210,-354,1484,-527,270
-84,233,-386,1555,-343,174
-139,252,-423,1524,-150,51
-734,520,-2542,1352,7,-106
-1402,1414,-2045,-1172,3819,1101
-394,809,1686,-3985,10914,3731
-15,1145,18,-3932,5764,2300
-543,757,-80,-2904,1001,746
-490,658,-806,72,-1178,606
92,164,-1024,1202,-656,678
250,38,-797,-1032,-14,487
-305,94,-620,-2025,-513,206
-625,249,-793,-1498,-517,746
-467,307,-1099,-1468,104,995
-366,71,-1163,-2264,696,992
-551,-12,-1047,-2830,936,1160
-416,249,-1077,-2434,1285,1131
-279,405,-1051,-1838,1524,940
-249,541,-978,-1586,1444,756
-218,456,-891,-1579,1077,617
-155,184,-670,-1530,495,495
-186,227,-552,-1126,-188,250
-193,155,-411,-783,-836,20
-198,234,-362,-321,-1193,-47
-210,183,-345,-128,-1433,-61
-158,-52,-314,103,-1669,7
-235,-74,-310,609,-1915,-112
-222,35,-383,890,-2328,-82
-246,-160,-315,935,-2658,6
-184,14,-427,1046,-3141,1
-105,-110,-325,741,-3466,-33
-137,67,-307,578,-3716,-179
-119,5,-261,-10,-3696,-144
-108,109,-248,-460,-3511,-219
-129,136,-144,-822,-2967,-399
-94,136,-76,-1022,-2364,-497
-87,140,-39,-1014,-1817,-417
-79,172,-60,-864,-1489,-362
-47,180,-75,-666,-1293,-368
-41,187,-112,-533,-1148,-358
-58,197,-130,-455,-1027,-344
-40,161,-132,-397,-935,-290
-51,157,-154,-341,-933,-325
-69,126,-156,-318,-927,-397
-66,99,-157,-375,-929,-443
-77,74,-154,-435,-946,-554
-62,23,-130,-547,-996,-650
-76,46,-155,-576,-1045,-815
-81,38,-142,-648,-1066,-926
-121,89,-122,-683,-1052,-926
-123,94,-111,-624,-1058,-848
-134,129,-110,-497,-1069,-711
-122,124,-112,-358,-1068,-626
-124,156,-115,-244,-1024,-621
-136,163,-115,-197,-966,-648
-112,151,-105,-192,-898,-653
-109,155,-89,-204,-865,-670
-124,159,-105,-246,-849,-656
-115,131,-113,-278,-730,-629
-98,90,-112,-304,-603,-623
-106,66,-116,-300,-554,-650
-115,54,-121,-261,-561,-652
-111,33,-109,-241,-623,-626
-131,51,-121,-212,-731,-605
-150,62,-126,-148,-814,-559
-178,99,-139,-49,-815,-471
-202,130,-159,58,-707,-339
-217,157,-170,129,-518,-179
-210,180,-178,166,-305,-33
-201,199,-186,176,-114,86
-198,193,-193,140,23,191
-283,210,-227,-34,51,229
-262,126,-203,-221,109,181
-277,87,-196,-250,232,50
-266,54,-197,-253,318,-31
-248,31,-188,-276,375,-65
-229,18,-175,-281,419,-61
-224,27,-178,-232,410,-37
-212,30,-178,-173,374,-20
-199,30,-179,-118,333,-12
-166,21,-164,-50,280,-14
-174,33,-166,44,213,-5
-181,40,-170,158,135,5
-163,20,-165,272,110,17
-159,15,-163,409,163,-2
-199,37,-170,530,233,31
-213,57,-168,499,218,128
-200,74,-161,392,215,183
-169,63,-156,291,220,160
-170,57,-158,258,242,75
-179,44,-168,272,296,28
-192,40,-171,290,364,15
-195,34,-176,287,435,14
-188,28,-177,271,513,21
-183,27,-170,259,586,27
-172,26,-169,252,656,43
-173,31,-173,253,719,42
-172,38,-175,256,762,36
-177,46,-178,257,798,24
-179,46,-176,262,843,8
-179,46,-183,270,872,-10
-178,46,-188,279,916,-21
-171,40,-186,279,961,-42
-175,40,-194,279,998,-61
-177,34,-197,271,1030,-78
-185,37,-206,257,1054,-80
-188,39,-207,247,1075,-79
-184,40,-205,240,1097,-68
-174,41,-210,255,1127,-65
-172,37,-212,239,1152,-65
-179,29,-225,211,1169,-65
-176,31,-220,187,1172,-48
-172,35,-223,162,1165,-30
-164,32,-220,144,1152,-3
-164,32,-216,129,1140,11
-156,30,-215,114,1114,25
-152,30,-215,106,1086,32
-152,33,-213,109,1059,38
-154,34,-213,111,1038,46
-151,28,-214,110,1026,58
-150,33,-216,106,1013,66
-149,36,-215,87,1002,89
-155,36,-218,64,1003,106
-156,35,-215,57,1006,118
-153,39,-225,61,1008,118
-144,32,-223,63,1000,108
-140,27,-237,58,965,93
-137,26,-237,36,894,88
-137,31,-238,4,793,98
-140,30,-231,-26,725,109
-141,31,-229,-45,685,112
-141,31,-231,-64,661,118
-141,33,-222,-79,656,123
-138,31,-218,-83,666,126
-138,39,-217,-72,684,126
-134,35,-219,-56,706,128
-135,35,-219,-40,729,124
-134,35,-227,-21,742,124
-132,35,-236,-7,742,128
-130,40,-237,-8,737,135
-132,43,-241,-16,716,144
-130,41,-241,-23,682,150
-130,42,-244,-25,641,148
-130,45,-251,-33,603,152
-129,41,-245,-43,560,153
-128,44,-247,-47,523,155
-128,45,-248,-52,482,156
-127,45,-245,-57,442,154
-124,47,-244,-59,393,148
-127,47,-246,-60,357,146
-129,49,-239,-58,328,137
-126,45,-241,-54,307,129
-126,46,-242,-54,293,121
-128,47,-240,-50,279,115
-126,51,-244,-43,267,106
-125,46,-246,-41,254,100
-126,47,-241,-37,238,91
-122,52,-244,-31,210,81
-127,52,-243,-24,187,71
-128,48,-239,-15,164,60
-127,49,-241,-16,145,50
-126,50,-238,-18,128,44
-123,51,-240,-18,114,38
-123,48,-236,-16,102,32
-125,49,-238,-12,92,24
-127,49,-238,-6,85,20
-124,47,-236,0,79,13
-124,48,-235,3,69,7
-125,48,-238,9,60,2
-126,45,-241,13,52,-3
-128,45,-238,16,42,-7
-127,42,-238,16,33,-9
-126,43,-236,14,25,-11
-125,40,-239,15,17,-15
-129,41,-237,13,10,-16
-128,46,-237,11,5,-17
-128,41,-235,7,2,-19
-125,44,-236,9,-4,-19
-125,43,-233,7,-12,-18
-126,41,-237,7,-19,-18
-125,38,-234,7,-26,-19
-124,42,-235,7,-31,-19
-126,37,-232,3,-35,-19
-125,42,-235,1,-39,-16
-130,42,-237,-1,-43,-15
-128,39,-233,-1,-49,-16
-126,40,-232,-2,-54,-14
-128,41,-235,-3,-61,-14
-127,39,-231,-4,-65,-12
-129,39,-236,-5,-72,-11
-128,40,-232,-7,-77,-10
-129,40,-234,-8,-81,-10
-129,40,-227,-12,-79,-6
-130,42,-230,-15,-78,-5
-131,39,-228,-17,-75,-3
-130,40,-227,-20,-70,-3
-129,39,-228,-19,-61,-1
-128,38,-229,-20,-53,0
-133,47,-240,-22,-46,2
-124,46,-224,-22,-39,3
-148,39,-228,-23,-31,4
-137,29,-225,-24,-22,3
-127,45,-216,-25,-14,6
-128,41,-214,-26,-6,6
-131,42,-225,-27,4,8
-131,42,-228,-28,13,6
-130,39,-225,-27,26,7
-130,40,-225,-24,34,7
-134,41,-224,-24,41,8
-132,41,-229,-23,50,7
-129,42,-224,-23,59,9
-133,39,-224,-23,66,7
-130,38,-226,-23,75,10
-129,41,-228,-23,81,8
-131,39,-224,-23,88,11
-129,39,-225,-25,97,11
-131,41,-230,-25,105,13
-129,42,-226,-26,109,12
-128,43,-230,-27,114,14
-131,43,-234,-28,119,14
-131,41,-229,-28,121,17
-129,42,-228,-26,125,16
-131,41,-228,-22,128,16
-129,40,-227,-17,131,13
-132,43,-230,-13,135,15
-133,44,-227,-13,148,13
-127,43,-233,-16,156,14
-130,46,-229,-12,161,10
-130,43,-232,-8,166,12
-130,43,-231,-5,169,9
-125,41,-231,-4,169,11
-127,42,-229,-4,170,9
-128,45,-235,-4,168,11
-128,43,-233,-2,162,8
-127,46,-231,-1,154,10
-128,45,-235,1,144,7
-125,41,-235,1,135,8
-126,43,-230,2,127,4
-125,44,-230,1,121,4
-125,43,-234,0,119,3
-128,43,-235,3,119,3
-128,41,-233,4,119,0
-127,45,-229,5,120,2
-128,39,-234,4,121,0
-125,42,-236,4,119,2
-123,42,-235,2,117,-1
-124,42,-239,0,110,1
-124,41,-232,-1,105,-2
-124,42,-234,-1,98,-1
-126,45,-235,-3,95,-3
-129,45,-237,-4,91,0
-125,44,-233,-5,86,-2
-124,42,-233,-5,82,1
-128,45,-232,-5,76,-2
-126,44,-235,-7,69,-1
-124,42,-237,-7,62,-4
-126,41,-237,-8,57,-2
-127,43,-235,-9,51,-4
-126,43,-237,-9,46,-2
-124,41,-237,-11,42,-5
-125,42,-237,-12,38,-1
-128,42,-233,-11,33,-5
-126,44,-231,-12,29,-2
-129,45,-235,-13,23,-5
-129,43,-237,-13,19,-2
-127,44,-236,-14,18,-4
-128,43,-236,-12,15,-3
-130,44,-233,-12,15,-5
-129,41,-231,-11,16,-3
-128,41,-235,-12,16,-7
-125,40,-232,-11,18,-3
-128,41,-233,-11,18,-6
-127,42,-228,-11,18,-4
-127,41,-230,-12,17,-6
-127,45,-233,-12,18,-2
-127,40,-235,-12,20,-5
-126,41,-230,-12,23,-3
-128,41,-231,-11,24,-6
-128,40,-231,-10,27,-2
-127,44,-233,-11,32,-5
-127,43,-228,-12,37,-2
-129,41,-230,-11,39,-6
-126,41,-228,-9,42,-3
-127,45,-234,-8,42,-5
-128,40,-235,-7,43,-3
-128,42,-234,-6,41,-5
-127,42,-234,-9,40,-2
-130,40,-231,-8,42,-3
-130,42,-232,-8,42,-2
-130,41,-229,-8,44,-3
-131,45,-236,-7,45,-3
-131,43,-230,-9,47,-5
-127,42,-231,-9,49,-2
-127,42,-233,-9,52,-4
-128,38,-232,-11,53,-1
-125,41,-233,-11,57,-2
-125,40,-231,-12,60,1
-127,41,-233,-14,60,-2
-128,42,-228,-15,61,2
-127,43,-232,-14,61,-1
-127,43,-229,-14,61,3
-125,40,-231,-15,61,1
-128,40,-229,-16,62,3
-125,42,-233,-16,62,1
-130,45,-231,-16,62,1
-126,40,-233,-14,61,-2
-127,39,-231,-13,62,0
-129,42,-234,-15,63,-3
-127,40,-232,-14,64,1
-128,42,-231,-15,65,-2
-126,42,-228,-15,66,1
-127,41,-232,-15,67,-1
-126,41,-233,-14,64,1
-127,41,-232,-14,65,-2
-128,44,-230,-16,64,1
-126,42,-233,-14,64,-2
-128,43,-231,-13,63,-1
-128,42,-231,-12,62,-1
-127,44,-227,-13,64,0
-128,40,-230,-13,62,-2
-129,44,-232,-12,63,0
-126,43,-229,-12,63,-2
-126,42,-233,-12,66,0
-129,43,-232,-12,65,-1
-130,42,-234,-13,63,0
-126,39,-233,-13,63,-1
-128,43,-234,-12,60,-1
-128,45,-232,-13,59,-1
-129,42,-232,-13,58,-1
-128,42,-232,-11,56,-1
-126,40,-231,-12,57,0
-129,42,-229,-13,60,-2
-124,39,-231,-14,60,-2
-126,41,-230,-13,61,-3
-126,41,-236,-13,60,-1
-128,44,-236,-13,59,-2
-125,44,-235,-12,56,0
-124,39,-234,-9,55,-1
-128,40,-233,-9,53,-2
-126,42,-228,-10,50,-4
-129,37,-230,-9,51,-3
-126,43,-230,-10,51,-3
-131,43,-231,-11,50,-1
-127,40,-229,-12,50,-2
-130,42,-232,-15,51,-1
-126,41,-235,-16,51,-1
-128,43,-230,-13,51,0
-129,41,-233,-12,50,-2
-126,44,-230,-10,50,-2
-126,40,-232,-11,53,-3
-128,37,-234,-11,57,-2
-127,45,-231,-9,57,-4
-128,42,-233,-8,59,-3
-128,41,-232,-9,58,-4
-127,42,-231,-10,58,-3
-127,42,-231,-10,59,-4
-128,44,-231,-9,59,-2
-124,42,-231,-8,58,-4
-127,43,-230,-7,58,-3
-129,41,-231,-6,58,-5
-125,40,-229,-7,57,-3
-127,42,-231,-8,58,-3
-127,42,-232,-12,60,-2
-128,42,-227,-13,62,-2
-126,41,-234,-11,63,-3
-129,41,-232,-10,66,-3
-129,43,-233,-13,69,-2
-129,44,-232,-14,71,0
-125,40,-230,-15,73,-3
-128,42,-234,-13,72,-3
-129,43,-233,-12,69,-3
-127,43,-232,-12,68,-2
-128,42,-229,-13,69,-2
-128,42,-228,-12,69,0
-127,43,-231,-11,68,-2
-125,42,-233,-12,67,-1
-127,40,-232,-11,67,-2
-130,43,-232,-11,67,-1
-126,40,-232,-10,69,-2
-125,41,-231,-11,69,-1
-125,41,-232,-12,68,0
-126,42,-234,-11,68,-2
-126,41,-234,-12,66,-1
-125,38,-233,-12,67,-2
-125,42,-234,-10,67,-2
-127,42,-231,-11,68,-1
-129,43,-233,-12,68,-3
-127,40,-232,-11,68,-2
-128,39,-232,-11,69,-2
-127,39,-229,-11,69,-1
-125,42,-233,-11,72,-1
-126,41,-230,-10,71,0
-126,42,-232,-11,72,-3
-127,42,-229,-8,70,-3
-128,43,-233,-8,70,-4
-127,43,-233,-8,70,-4
-121,43,-238,-8,69,-7
-126,40,-224,-9,68,-5
-124,40,-231,-10,65,-3
-126,43,-233,-11,67,-1
-129,42,-229,-11,68,-1
-126,40,-233,-10,68,-1
-128,43,-232,-12,66,-3
-129,41,-233,-12,64,-2
-126,41,-236,-12,62,-1
-126,43,-232,-13,61,-1
-128,43,-233,-13,61,-4
-127,43,-232,-14,62,-2
-128,42,-230,-14,61,-1
-125,40,-227,-15,60,1
-127,44,-230,-14,59,-2
-130,41,-230,-14,59,0
-126,39,-228,-16,59,-2
-128,40,-236,-15,58,0
-125,39,-231,-15,56,-3
-130,43,-233,-15,56,-1
-125,41,-231,-14,54,-3
-127,39,-232,-13,54,-1
-129,43,-231,-14,52,-2
-127,41,-234,-15,51,-1
-128,44,-229,-14,52,-2
-127,41,-232,-15,53,-1
-128,43,-234,-16,54,-4
-124,41,-229,-16,55,-1
-126,44,-229,-17,55,-3
-128,40,-229,-18,57,-1
-128,41,-232,-16,58,-3
-129,40,-232,-16,59,0
-127,43,-234,-15,57,-2
-125,39,-230,-15,57,0
-129,41,-229,-16,58,-3
-125,41,-232,-15,58,-1
-127,44,-231,-15,58,-3
-128,43,-228,-14,58,-1
-126,39,-227,-15,58,-4
-125,44,-233,-15,58,0
-130,42,-230,-16,58,-3
-127,41,-230,-15,56,-2
-126,44,-230,-15,58,-3
-128,42,-230,-16,57,-1
-127,43,-229,-15,59,-2
-126,41,-233,-15,60,0
-127,42,-227,-14,61,-2
-127,43,-230,-16,61,0
-126,43,-231,-16,62,-2
-128,40,-228,-13,63,0
-127,40,-229,-14,63,-2
-127,41,-230,-14,61,0
-126,41,-234,-14,62,-3
-126,45,-232,-14,61,-1
-127,41,-228,-13,63,-2
-127,44,-234,-13,61,0
-129,41,-231,-12,58,-2
-126,42,-228,-12,58,-1
-128,43,-230,-11,57,-2
-127,41,-231,-13,58,-2
-132,43,-232,-13,59,-2
-127,41,-232,-15,61,-1
-127,45,-232,-14,62,-3
-128,43,-230,-14,63,-1
-127,41,-232,-15,64,-3
-125,41,-232,-15,62,0
-124,42,-237,-13,57,-3
-126,43,-231,-13,55,-1
-129,41,-233,-12,55,-3
-127,43,-228,-13,54,1
-125,41,-233,-17,54,-2
-126,41,-226,-16,54,1
-127,44,-233,-17,56,-1
-125,40,-227,-20,57,1
-128,44,-233,-19,57,-2
-128,42,-230,-17,56,1
-127,42,-231,-17,55,-2
-126,40,-228,-17,54,1
-124,42,-232,-18,56,-1
-126,40,-233,-18,58,0
-125,41,-231,-18,59,-2
-127,40,-230,-17,59,-1
-128,40,-231,-15,60,-4
-126,40,-231,-14,60,-1
-121,48,-244,-15,61,-3
-127,41,-231,-15,59,-1
-127,42,-231,-16,60,-1
-127,44,-235,-16,60,0
-126,40,-233,-14,59,-3
-126,41,-229,-15,58,2
-125,39,-234,-18,57,-1
-130,41,-228,-18,59,3
-125,40,-232,-21,61,1
-129,43,-231,-21,63,3
-128,42,-229,-21,66,3
-127,41,-228,-22,68,4
-128,45,-235,-22,68,1
-126,44,-231,-23,67,4
-125,40,-230,-21,67,1
-126,43,-233,-20,65,3
-127,41,-232,-19,65,0
-126,44,-231,-19,62,1
-128,44,-232,-19,61,0
-130,42,-233,-19,62,1
-127,41,-235,-18,62,0
-127,45,-231,-16,63,2
-126,44,-232,-18,62,-1
-127,43,-235,-17,63,1
-129,41,-236,-17,60,0
-125,39,-229,-18,59,1
-125,40,-234,-20,58,-1
-125,41,-233,-20,59,2
-129,42,-232,-20,58,0
-126,42,-233,-21,57,2
-129,42,-231,-20,56,0
-125,41,-228,-19,58,1
-127,41,-233,-19,57,0
-129,43,-234,-18,58,1
-128,43,-234,-18,57,0
-125,40,-232,-18,58,2
-126,41,-231,-16,57,-1
-126,42,-237,-16,57,1
-126,44,-234,-15,58,-1
-129,41,-230,-15,56,1
-126,42,-230,-15,56,-1
-125,42,-229,-16,56,2
-127,44,-234,-17,56,-1
-129,42,-235,-18,56,2
-126,42,-232,-18,55,-1
-125,40,-228,-18,54,2
-129,44,-229,-18,56,0
-126,43,-228,-19,56,2
-124,43,-233,-17,57,0
-127,41,-228,-18,56,0
-125,42,-227,-18,57,1
-126,43,-229,-18,57,3
-125,39,-232,-19,57,0
-125,43,-231,-20,56,3
-127,41,-232,-19,57,1
-127,44,-234,-19,54,2
-129,44,-235,-22,52,1
-128,43,-227,-21,51,2
-126,43,-233,-21,51,1
-126,41,-232,-21,50,1
-126,41,-232,-21,51,-1
-127,40,-231,-19,50,1
-128,42,-231,-19,50,0
-126,41,-230,-21,50,2
-128,44,-231,-21,50,1
-129,44,-233,-22,51,3
-129,43,-232,-21,50,2
-126,43,-230,-22,54,2
-127,41,-237,-22,54,2
-127,43,-230,-22,53,2
-126,41,-228,-21,54,-1
-124,39,-230,-20,55,2
-128,43,-233,-19,54,0
-128,43,-230,-20,55,2
-126,44,-232,-21,55,0
-129,45,-232,-21,54,1
-128,42,-231,-21,53,1
-126,44,-227,-21,54,2
-128,43,-232,-20,55,1
-126,44,-233,-21,56,2
-127,46,-230,-20,56,1
-127,41,-232,-20,55,3
-127,44,-231,-20,54,0
-128,43,-231,-19,54,3
-125,43,-230,-20,54,3
-127,44,-231,-21,53,2
-126,42,-230,-21,55,0
-125,42,-227,-20,56,1
-128,41,-232,-21,55,3
-130,45,-231,-20,56,2
-127,43,-235,-19,59,2
-127,44,-233,-19,60,2
-130,44,-232,-20,59,2
-131,46,-231,-19,58,1
-129,44,-232,-17,58,1
-126,42,-232,-17,58,1
-127,42,-231,-17,58,2
-126,45,-232,-18,56,2
-128,43,-228,-19,56,2
-126,44,-235,-19,54,2
-131,45,-232,-19,57,2
-127,45,-231,-19,58,1
-126,46,-229,-18,59,1
-129,43,-230,-18,60,0
-127,46,-231,-19,60,3
-127,45,-234,-19,61,1
-128,43,-227,-20,59,2
-126,43,-230,-19,59,1
-128,44,-229,-18,56,1
-126,44,-231,-18,55,1
-127,43,-232,-18,55,3
-129,43,-230,-18,54,1
-127,44,-232,-17,54,1
-128,44,-227,-18,52,0
-126,44,-232,-18,52,1
-126,44,-231,-19,53,1
-125,44,-230,-21,50,3
-128,44,-229,-21,50,1
-128,44,-230,-19,48,1
-128,46,-230,-16,48,-1
-128,42,-230,-15,50,-2
-126,41,-230,-15,52,-2
-129,42,-228,-15,55,-1
-127,43,-235,-15,56,-3
-129,45,-228,-14,61,-2
-127,44,-233,-15,61,-3
-128,43,-230,-14,61,-2
-125,44,-229,-15,61,-2
-128,43,-230,-14,60,-3
-126,43,-233,-14,57,-3
-125,42,-233,-12,55,-2
-126,43,-230,-13,53,-2
-125,39,-231,-17,52,-1
-128,42,-231,-18,52,-2
-130,44,-230,-18,53,0
-129,42,-230,-17,57,-1
-127,43,-232,-16,59,0
-129,39,-231,-17,62,-1
-124,40,-231,-18,65,0
-128,46,-233,-18,68,-2
-130,42,-235,-17,66,-2
-124,44,-231,-16,62,-1
-127,42,-229,-18,61,1
-129,47,-229,-17,56,0
-127,45,-232,-17,56,1
-126,43,-234,-16,57,-1
-127,43,-233,-16,59,1
-127,44,-232,-16,61,-1
-128,42,-231,-15,63,-1
-125,41,-231,-16,63,-1
-127,42,-233,-15,62,0
-128,42,-230,-13,62,-1
-126,43,-234,-13,62,0
-125,41,-228,-16,63,-2
-129,42,-232,-15,63,0
-128,45,-232,-14,63,-2
-126,43,-233,-14,66,0
-127,45,-228,-13,65,-1
-125,43,-228,-11,64,1
-130,46,-230,-10,62,-3
-127,42,-231,-9,63,-1
-129,44,-232,-9,61,-4
-130,44,-232,-10,62,-2
-128,44,-228,-10,61,-4
-128,42,-233,-10,62,-1
-128,46,-230,-10,63,-3
-128,42,-234,-9,63,-2
-127,43,-233,-10,64,-2
-128,45,-229,-9,65,-2
-130,45,-235,-9,64,-4
-129,43,-232,-9,64,-1
-128,44,-230,-10,65,-3
-128,45,-229,-9,64,-1
-127,42,-230,-11,64,-3
-128,45,-229,-11,64,-1
-125,41,-235,-11,63,-2
-130,46,-229,-13,65,-1
-129,46,-231,-12,66,-3
-126,42,-233,-12,65,-1
-128,43,-233,-13,66,-3
-126,47,-229,-14,65,0
-127,46,-232,-13,66,-3
-125,43,-229,-13,67,0
-128,44,-231,-13,65,-3
-127,46,-232,-12,65,-1
-126,44,-231,-13,65,-3
-124,45,-234,-12,64,-1
-127,42,-231,-13,63,-4
-126,43,-235,-14,61,0
-126,42,-230,-13,62,-3
-127,44,-228,-14,63,-1
-126,43,-231,-15,64,-4
-130,46,-233,-15,65,-1
-128,44,-230,-15,66,-2
-126,41,-232,-14,68,-1
-128,42,-231,-15,66,-3
-126,45,-230,-15,66,0
-126,43,-230,-14,68,-2
-125,41,-229,-15,67,-1
-126,45,-231,-14,69,-2
-127,44,-231,-15,67,-2
-127,43,-228,-13,67,-4
-128,47,-229,-13,66,-1
-127,44,-234,-13,67,-4
-129,45,-232,-14,66,-1
-127,40,-231,-13,67,-4
-127,45,-230,-13,64,-1
-129,44,-235,-13,65,-3
-128,44,-233,-11,65,-1
-129,41,-230,-12,64,-3
-127,43,-233,-13,66,-2
-125,45,-233,-13,66,-4
-126,46,-234,-13,68,-1
-130,46,-234,-11,66,-3
-130,45,-232,-12,67,-1
-127,42,-234,-13,66,-4
-125,42,-234,-12,67,-1
-128,46,-236,-12,65,-5
-129,44,-230,-12,65,-2
-126,44,-234,-12,65,-4
-125,43,-234,-11,64,-2
-126,43,-237,-10,65,-4
-126,43,-233,-11,64,0
-127,44,-231,-12,64,-4
-129,44,-236,-11,63,-2
-129,45,-230,-10,63,-5
-126,44,-234,-10,64,-2
-130,44,-233,-12,64,-4
-129,41,-228,-13,66,-3
-124,43,-229,-13,67,-4
-126,45,-234,-13,67,-2
-128,42,-232,-16,67,-4
-127,41,-229,-15,67,-2
-123,44,-230,-14,66,-3
-123,43,-233,-12,64,-2
-127,40,-230,-11,64,-5
-125,44,-233,-13,63,-1
-126,42,-228,-13,63,-4
-125,43,-230,-12,64,-2
-128,44,-228,-13,63,-3
-129,44,-233,-15,63,-1
-127,44,-230,-15,61,-3
-126,44,-230,-15,63,-1
-127,47,-230,-15,62,-3
-127,47,-233,-12,61,0
-125,44,-233,-11,60,-3
-127,43,-234,-12,61,-2
-128,43,-227,-13,63,-5
-128,45,-230,-12,65,-3
-125,42,-233,-11,66,-4
-126,44,-235,-10,66,-4
-127,45,-233,-11,67,-5
-126,41,-234,-10,67,-2
-125,42,-233,-10,68,-3
-128,43,-234,-10,66,-2
-125,42,-229,-8,67,-5
-125,45,-234,-7,65,-3
-129,43,-231,-7,64,-3
-127,44,-235,-10,62,-2
-126,42,-227,-12,61,-4
-125,42,-233,-13,64,-1
-128,51,-234,-12,65,-3
-129,36,-231,-14,65,-1
-128,46,-219,-14,65,-2
-132,51,-241,-14,68,-1
-124,43,-228,-13,70,-3
-112,43,-223,-13,69,-1
-123,52,-240,-12,67,-3
-137,41,-237,-12,67,-3
-126,44,-233,-12,66,-3
-126,43,-230,-13,66,-3
-126,43,-233,-14,67,-3
-126,43,-232,-13,68,-1
-125,48,-238,-12,68,-4
-127,44,-229,-13,70,-3
-125,46,-233,-11,68,-3
-130,42,-233,-10,67,-2
-126,46,-236,-11,65,-4
-125,41,-227,-12,65,-1
-126,42,-232,-12,66,-3
-128,45,-233,-11,65,-2
-125,43,-231,-11,66,-4
-123,41,-235,-11,67,-2
-127,42,-228,-10,70,-4
-127,42,-231,-9,70,-3
-127,43,-231,-11,70,-4
-126,45,-229,-11,70,-3
-127,41,-228,-11,69,-3
-126,45,-229,-10,70,-3
-126,42,-232,-10,69,-3
-128,44,-232,-10,67,-2
-125,45,-230,-10,67,-2
-126,45,-233,-11,66,-2
-123,43,-230,-11,65,-3
-125,43,-232,-10,64,-3
-124,41,-232,-10,65,-4
-128,43,-229,-10,65,-3
-125,41,-227,-10,64,-4
-126,43,-234,-12,65,-3
-126,43,-235,-13,63,-3
-127,44,-229,-12,63,-2
-124,43,-230,-13,63,-3
-124,45,-232,-12,63,-2
-127,42,-232,-13,61,-3
-125,40,-232,-13,63,-2
-125,43,-232,-14,63,-2
-126,46,-232,-12,63,-2
-124,44,-229,-14,61,0
-122,43,-231,-13,60,0
-126,42,-229,-13,60,-1
-127,45,-228,-14,61,-2
-125,43,-233,-14,61,-2
-128,40,-233,-13,60,-2
-124,43,-234,-13,60,-2
-126,44,-232,-14,59,-2
-127,43,-236,-12,59,-1
-128,42,-229,-13,59,-2
-125,46,-232,-14,58,-1
-123,44,-231,-15,58,-3
-127,43,-233,-15,59,-1
-128,43,-235,-15,60,0
-123,43,-233,-15,61,-1
-125,43,-233,-14,61,0
-124,43,-232,-15,61,-1
-126,42,-229,-15,61,-2
-126,43,-232,-13,60,-2
-123,39,-236,-14,59,-2
-127,43,-228,-15,59,0
-125,42,-229,-15,58,-1
-128,43,-230,-15,60,-1
-126,43,-233,-16,61,-2
-127,44,-234,-14,61,-2
-125,40,-233,-15,61,-2
-126,44,-231,-13,59,-2
-126,43,-229,-13,59,-3
-126,43,-232,-13,58,-2
-124,44,-233,-12,59,-2
-128,47,-232,-13,59,-1
-129,45,-231,-14,61,-2
-125,43,-232,-15,62,-2
-128,42,-231,-14,62,-3
-127,44,-231,-14,62,-3
-126,44,-232,-14,61,-3
-126,41,-231,-14,62,-2
-126,46,-231,-14,62,-2
-126,43,-233,-14,60,-2
-126,42,-230,-13,61,-4
-126,45,-233,-13,60,-1
-125,41,-234,-12,61,-2
-124,43,-232,-12,58,-2
-127,44,-231,-12,58,-3
-125,45,-233,-12,57,-2
-127,43,-233,-13,57,-3
-126,43,-230,-12,58,-1
-128,44,-231,-14,58,-2
-127,44,-229,-15,58,0
-124,43,-233,-16,58,-2
-128,42,-233,-17,56,-1
-127,42,-233,-18,59,0
-124,43,-232,-17,60,0
-126,41,-231,-16,60,-2
-125,42,-232,-14,60,0
-127,44,-231,-14,60,-3
-127,41,-232,-13,59,-2
-127,42,-232,-12,58,-3
-126,43,-230,-12,57,0
-127,41,-228,-13,57,-4
-128,44,-229,-14,59,-2
-127,44,-232,-16,60,-3
-125,42,-230,-16,59,0
-127,45,-231,-18,58,-1
-126,43,-233,-17,56,-1
-126,45,-235,-15,56,-3
-129,43,-234,-12,54,-1
-128,45,-229,-12,55,-4
-129,42,-233,-14,56,-1
-124,43,-230,-13,61,-4
-127,46,-234,-12,62,-3
-125,42,-235,-10,62,-5
-125,46,-236,-10,61,-3
-126,40,-232,-12,63,-4
-127,45,-235,-13,63,-1
-127,42,-230,-11,62,-3
-127,43,-232,-11,62,-2
-127,41,-234,-10,61,-5
-123,44,-232,-10,60,-3
-125,41,-228,-11,58,-5
-122,42,-232,-12,58,-2
-125,43,-231,-13,58,-4
-127,43,-231,-13,60,0
-128,41,-232,-14,62,-3
-127,45,-234,-14,65,0
-126,45,-233,-12,68,-2
-126,46,-232,-14,69,0
-127,44,-231,-14,69,-3
-126,42,-230,-12,67,-1
-125,40,-230,-11,66,-3
-125,41,-231,-11,65,-2
-125,43,-233,-11,62,-5
-127,43,-230,-11,64,-1
-127,43,-230,-11,63,-4
-127,44,-232,-12,64,-2
-124,41,-231,-12,65,-3
-125,42,-235,-13,63,-2
-126,40,-232,-13,63,-3
-125,43,-231,-13,64,-1
-125,42,-232,-14,61,-3
-125,42,-232,-15,61,-1
-125,43,-234,-15,60,-3
-129,43,-228,-14,59,-2
-125,44,-232,-13,59,-4
-124,43,-228,-16,58,-3
-124,43,-229,-16,58,-6
-127,43,-230,-15,59,-3
-123,43,-232,-14,60,-4
-127,46,-234,-14,59,-2
-123,43,-233,-13,60,-3
-127,44,-234,-14,59,0
-129,46,-230,-13,58,-5
-125,43,-233,-13,58,-2
-127,42,-233,-13,59,-4
-126,43,-231,-14,58,-1
-127,44,-234,-13,58,-3
-124,43,-231,-14,57,-1
-126,43,-230,-13,57,-4
-126,44,-230,-14,57,-2
-124,42,-229,-14,58,-4
-127,45,-232,-13,58,-2
-125,43,-232,-13,58,-5
-125,45,-234,-14,57,-3
-127,43,-231,-14,54,-3
-129,45,-231,-15,57,-2
-124,42,-233,-15,58,-4
-126,42,-230,-13,58,-1
-127,43,-232,-14,59,-4
-128,44,-231,-14,57,0
-124,41,-228,-14,55,-2
-125,42,-232,-16,53,-1
-126,42,-230,-15,55,-4
-128,44,-228,-15,56,-2
-126,43,-234,-13,56,-4
-127,42,-234,-10,56,-3
-127,45,-235,-8,57,-5
-126,44,-227,-10,57,-3
-126,44,-231,-10,56,-5
-126,43,-226,-11,56,-2
-125,43,-230,-12,55,-3
-126,44,-226,-12,55,-1
-127,43,-232,-15,56,-5
-129,41,-231,-14,57,-3
-128,43,-232,-14,59,-4
-126,42,-229,-14,61,-1
-125,45,-234,-13,62,-3
-125,41,-235,-13,63,0
-126,44,-231,-12,64,-3
-126,44,-229,-12,66,-1
-124,44,-237,-13,65,-2
-126,43,-231,-13,66,0
-125,45,-232,-14,67,-2
-126,43,-231,-14,68,0
-127,40,-233,-14,69,-1
-127,43,-232,-15,67,0
-126,38,-228,-16,67,-2
-125,41,-234,-15,66,0
-124,43,-230,-15,67,-2
-124,42,-232,-16,69,-1
-125,44,-228,-16,68,-3
-126,44,-231,-15,69,0
-125,46,-232,-14,67,-2
-126,43,-235,-13,69,-1
-125,45,-232,-14,69,-3
-127,41,-227,-13,68,-1
-126,43,-233,-14,67,-3
-124,44,-231,-15,67,-1
-125,42,-230,-17,66,-2
-125,41,-232,-17,64,0
-126,42,-236,-15,64,-2
-128,42,-231,-16,65,-1
-124,45,-233,-14,65,-3
-125,42,-234,-13,67,-2
-127,40,-233,-11,67,-3
-125,44,-233,-12,66,0
-126,44,-233,-12,64,-3
-125,44,-230,-11,63,-2
-125,43,-230,-9,61,-4
-126,42,-231,-11,60,-2
-125,44,-233,-12,59,-4
-126,43,-229,-13,61,-3
-121,41,-229,-14,63,-4
-126,43,-234,-15,63,-3
-125,42,-231,-14,64,-3
-123,43,-237,-14,65,0
-123,43,-231,-14,65,-2
-124,47,-230,-13,63,-1
-126,43,-233,-11,61,-3
-123,46,-228,-12,58,-2
-125,43,-232,-12,57,-3
-126,43,-227,-10,58,-2
-127,41,-231,-12,56,-3
-126,45,-234,-12,56,-2
-126,43,-229,-13,56,-2
-127,44,-231,-14,58,-1
-126,44,-232,-15,59,-3
-128,42,-233,-13,60,-1
-127,43,-234,-12,58,-3
-126,41,-231,-11,58,-3
-127,45,-230,-12,60,-3
-126,46,-233,-14,60,-2
-120,42,-230,-14,62,-3
-125,44,-233,-12,63,-3
-124,43,-234,-12,61,-4
-123,43,-232,-12,62,-3
-125,45,-232,-13,62,-3
-123,42,-234,-13,63,-3
-124,43,-235,-14,63,-2
-125,42,-233,-11,62,-2
-126,46,-236,-9,60,-3
-126,42,-231,-9,59,-4
-128,46,-234,-12,58,-3
-125,42,-231,-12,57,-3
-126,42,-226,-13,58,-2
-128,45,-232,-14,61,-2
-126,45,-236,-13,63,-2
-126,43,-235,-15,64,-2
-128,43,-228,-14,67,-2
-123,41,-231,-14,66,-3
-123,41,-228,-12,65,-3
-127,46,-233,-12,65,-2
-123,43,-232,-12,63,-3
-123,40,-233,-12,63,-4
-125,43,-231,-12,62,-4
-126,43,-232,-12,61,-4
-124,42,-229,-12,61,-4
-125,43,-230,-11,60,-2
-127,43,-231,-10,62,-3
-124,43,-234,-10,61,-3
-123,45,-232,-11,58,-3
-125,44,-232,-10,53,-4
-127,43,-230,-11,49,-4
-124,42,-231,-12,46,-3
-124,43,-232,-12,48,-5
-124,41,-234,-11,48,-4
-124,43,-230,-12,50,-4
-127,44,-232,-11,52,-5
-124,44,-228,-8,54,-5
-126,44,-232,-9,53,-6
-128,42,-230,-10,52,-5
-125,44,-234,-10,54,-3
-126,43,-231,-13,55,-3
-125,43,-231,-11,56,-1
-125,42,-229,-13,57,-2
-126,43,-232,-12,55,-4
-125,41,-229,-12,55,-3
-126,46,-232,-13,57,-4
-124,46,-231,-13,56,-3
-124,42,-231,-10,57,-3
-122,44,-234,-12,57,-3
-127,44,-233,-14,58,-3
-126,43,-233,-12,58,-3
-127,43,-230,-12,58,-3
-126,43,-228,-13,59,-3
-126,43,-232,-12,61,-3
-127,42,-234,-13,60,-2
-125,43,-232,-16,59,-4
-128,43,-230,-18,60,-2
-124,41,-234,-17,61,-2
-124,40,-228,-19,61,-1
-125,42,-228,-20,61,-1
-128,44,-232,-22,61,1
-124,42,-230,-23,62,1
-125,42,-235,-20,61,0
-127,43,-231,-17,61,-1
-128,45,-237,-15,61,-1
-126,41,-234,-14,61,-3
-126,43,-234,-15,61,0
-123,40,-230,-15,60,-2
-125,44,-233,-18,59,0
-125,44,-229,-18,60,0
-127,42,-232,-20,60,1
-127,46,-229,-21,59,-1
-129,44,-234,-21,59,0
-126,44,-231,-21,60,-1
-123,42,-234,-21,62,1
-123,42,-230,-20,63,-1
-128,46,-231,-18,63,1
-127,47,-234,-18,63,-2
-127,47,-231,-16,62,0
-126,43,-231,-15,62,-1
-125,45,-233,-16,62,-1
-126,42,-233,-16,63,-3
-124,42,-234,-16,64,-1
-126,43,-230,-15,63,-3
-127,45,-235,-16,61,0
-123,44,-234,-17,62,-2
-126,43,-234,-15,60,0
-124,42,-234,-15,61,-2
-127,44,-235,-15,60,0
-125,44,-232,-15,59,-2
-125,42,-231,-16,60,0
-126,44,-233,-14,58,-3
-124,45,-230,-16,56,0
-127,42,-236,-17,58,-2
-123,44,-232,-17,59,1
-126,44,-230,-16,58,-1
-123,45,-231,-16,59,-1
-126,44,-235,-17,58,-3
-126,44,-235,-17,56,0
-125,42,-231,-19,56,-2
-130,45,-232,-20,55,1
-125,43,-231,-19,56,-1
-126,43,-230,-20,54,2
-124,44,-234,-21,53,-2
-124,44,-234,-20,54,0
-126,44,-230,-20,53,-1
-125,42,-233,-20,53,1
-126,44,-233,-19,55,-1
-124,44,-233,-19,55,0
-125,45,-234,-19,57,-2
-126,43,-235,-17,56,1
-126,44,-237,-19,54,0
-126,44,-232,-17,54,1
-123,44,-232,-18,53,0
-125,47,-233,-18,54,2
-125,44,-230,-19,54,-1
-125,44,-232,-19,56,2
-127,44,-230,-22,58,0
-125,43,-230,-24,61,2
-126,45,-236,-23,61,-1
-127,43,-234,-22,62,2
-126,46,-232,-18,61,0
-126,44,-233,-17,60,2
-126,43,-231,-17,59,-1
-126,42,-231,-17,57,2
-126,43,-233,-16,56,-2
-125,43,-231,-17,57,1
-123,43,-234,-18,58,0
-125,41,-236,-18,57,4
-123,42,-234,-18,59,-1
-125,44,-233,-18,59,3
-126,43,-233,-20,59,1
-123,42,-233,-19,59,3
-123,41,-230,-18,58,0
-126,43,-234,-16,59,1
-126,44,-232,-15,60,-2
-127,44,-230,-14,61,1
-126,44,-230,-15,62,-2
-126,43,-230,-13,64,0
-126,43,-232,-13,65,-4
-126,42,-228,-13,66,0
-126,43,-229,-12,65,-3
-126,44,-233,-11,64,1
-125,44,-230,-13,62,-3
-124,47,-230,-12,61,0
-124,43,-231,-12,60,-3
-125,43,-231,-13,60,0
-127,43,-231,-14,56,-1
-128,44,-231,-17,56,1
-127,42,-229,-16,58,-1
-127,43,-232,-16,60,1
-124,44,-234,-16,62,-1
-128,46,-236,-17,66,3
-125,42,-231,-18,66,0
-126,45,-234,-18,65,1
-124,41,-230,-18,64,-2
-125,43,-232,-17,61,0
-124,44,-231,-16,59,-3
-129,45,-230,-17,57,2
-125,43,-229,-16,58,-2
-128,44,-234,-15,58,2
-123,44,-232,-15,59,-2
-123,44,-228,-14,59,1
-126,42,-227,-15,60,-1
-127,47,-233,-15,58,1
-127,45,-233,-16,58,-2
-127,43,-231,-14,58,0
-128,45,-233,-13,58,-2
-124,44,-233,-13,59,1
-127,45,-231,-15,58,-1
-125,44,-234,-17,59,1
-126,44,-229,-15,60,-2
-124,44,-236,-15,62,0
-125,42,-231,-16,62,-2
-127,46,-233,-17,64,0
-125,45,-234,-16,65,-1
-125,42,-232,-14,64,1
-124,42,-234,-15,63,-3
-125,43,-232,-14,62,0
-124,43,-229,-13,59,-1
-127,46,-235,-14,57,1
-126,44,-231,-15,58,-1
-126,41,-231,-15,58,-1
-125,44,-233,-16,59,-2
-129,46,-230,-18,61,1
-126,44,-232,-16,59,-2
-127,42,-231,-15,61,0
-126,43,-234,-16,60,-1
-123,45,-234,-14,59,1
-125,43,-232,-14,58,-1
-125,47,-234,-15,59,1
-125,43,-231,-16,58,-1
-125,43,-229,-16,58,1
-127,46,-229,-16,58,0
-126,43,-233,-16,59,0
-124,44,-229,-17,57,-1
-125,42,-233,-16,56,1
-125,42,-235,-16,56,0
-124,45,-232,-16,58,2
-126,48,-232,-16,60,0
-126,46,-232,-14,58,0
-125,45,-232,-14,57,-1
-125,45,-233,-14,58,0
-123,45,-231,-14,57,-1
-125,45,-234,-14,57,0
-124,47,-229,-16,58,0
-127,45,-230,-17,58,1
-127,46,-234,-19,58,-1
-126,42,-235,-19,58,0
-125,44,-230,-18,59,-1
-126,43,-232,-17,59,1
-127,46,-230,-16,59,-1
-124,42,-227,-17,59,0
-124,44,-234,-17,59,0
-125,41,-231,-17,60,1
-127,43,-233,-16,60,1
-127,45,-232,-16,61,1
-123,43,-235,-17,63,0
-125,44,-231,-16,62,1
-124,41,-231,-17,60,0
-126,47,-233,-16,60,0
-125,46,-233,-16,58,-2
-126,44,-231,-16,58,-1
-128,48,-232,-16,57,0
-125,46,-230,-15,58,1
-126,45,-233,-15,59,-1
-124,42,-231,-15,59,0
-126,46,-231,-16,59,0
-126,45,-230,-16,58,1
-127,45,-232,-16,59,1
-126,47,-231,-17,60,0
-129,47,-233,-16,60,0
-125,45,-230,-16,60,0
-124,45,-235,-14,60,-1
-124,45,-232,-14,62,1
-123,40,-231,-15,61,0
-125,44,-235,-15,62,0
-123,44,-232,-13,62,0
-124,45,-231,-13,62,-1
-123,44,-234,-14,61,0
-125,47,-234,-12,60,0
-123,42,-234,-12,61,-1
-127,46,-231,-12,60,0
-125,44,-234,-11,59,-1
-127,45,-231,-10,58,0
-125,45,-232,-11,56,-1
-124,43,-233,-11,55,-1
-124,43,-234,-9,53,-2
-126,44,-232,-10,54,-1
-124,45,-228,-9,53,-1
-128,45,-232,-10,55,-2
-127,46,-232,-9,59,-3
-126,46,-231,-12,60,-2
-125,42,-234,-12,60,-1
-127,47,-229,-12,61,-2
-124,44,-232,-10,61,-1
-125,45,-232,-10,60,-1
-125,45,-231,-10,60,-1
-127,47,-230,-11,60,-2
-127,43,-231,-12,59,-2
-126,45,-232,-11,59,-1
-122,44,-231,-12,60,-1
-125,43,-231,-12,61,-3
-125,42,-230,-13,60,-2
-125,43,-234,-13,61,-3
-126,45,-230,-14,60,-2
-126,46,-233,-14,62,-1
-124,43,-235,-13,62,-1
-127,45,-231,-11,60,-3
-125,44,-232,-7,60,-2
-126,43,-228,-8,61,-4
-126,45,-232,-11,64,-3
-127,42,-230,-10,67,-3
-125,43,-228,-11,69,-3
-125,47,-233,-10,71,-4
-128,44,-234,-9,72,-3
-127,49,-234,-11,72,-4
-128,45,-236,-10,72,-2
-120,53,-240,-9,70,-3
-133,40,-237,-7,69,-2
-125,51,-233,-7,67,-2
-120,46,-247,-7,67,-2
-137,44,-239,-9,65,-2
-128,52,-219,-11,65,-2
-126,46,-229,-11,65,-2
-126,41,-232,-12,69,-1
-124,44,-233,-12,69,-2
-124,45,-232,-12,73,-1
-121,44,-240,-10,73,-2
-126,45,-234,-11,75,-1
-123,45,-236,-10,73,-2
-124,43,-233,-10,71,-1
-127,45,-229,-9,68,-3
-123,44,-234,-9,68,-1
-122,46,-233,-9,68,-3
-128,44,-233,-9,69,-2
-124,42,-231,-7,70,-2
-127,47,-231,-8,71,-2
-124,44,-228,-7,73,-3
-128,46,-231,-8,72,-2
-127,45,-235,-8,73,-4
-125,42,-231,-9,73,-3
-124,45,-232,-8,72,-5
-126,47,-237,-7,73,-2
-126,43,-235,-7,73,-4
-125,44,-233,-6,73,-3
-125,44,-233,-6,74,-2
-127,43,-230,-7,73,-3
-125,45,-231,-7,72,-5
-128,45,-233,-9,70,-3
-128,45,-233,-8,70,-5
-126,44,-229,-9,70,-3
-123,45,-229,-8,68,-5
-127,44,-231,-9,67,-2
-125,45,-231,-9,67,-4
-126,42,-234,-8,66,-4
-125,43,-235,-8,67,-3
-124,45,-231,-9,66,-2
-125,44,-236,-11,65,-4
-124,42,-230,-9,65,-2
-128,45,-237,-9,65,-3
-125,44,-230,-10,65,-2
-124,42,-235,-9,63,-5
-124,46,-231,-10,63,-2
-121,44,-230,-12,63,-4
-125,42,-231,-11,63,-2
-128,43,-229,-12,63,-4
-125,43,-230,-13,64,-2
-123,44,-234,-13,62,-4
-123,43,-234,-13,61,-2
-125,43,-231,-12,62,-4
-131,40,-231,-11,62,-3
-122,45,-232,-9,63,-5
-124,44,-231,-9,63,-3
-125,44,-234,-9,61,-5
-123,43,-234,-9,61,-3
-124,44,-230,-10,60,-5
-123,45,-233,-10,58,-3
-124,42,-230,-8,60,-6
-124,44,-229,-9,60,-3
-125,43,-231,-9,61,-4
-125,44,-232,-10,61,-2
-126,45,-232,-11,63,-3
-122,45,-232,-10,62,-2
-124,45,-232,-12,63,-5
-125,46,-230,-12,64,-2
-123,44,-230,-12,63,-4
-124,44,-234,-11,66,-1
-124,43,-235,-10,66,-4
-125,43,-232,-10,65,-2
-125,44,-234,-10,64,-4
-124,42,-231,-11,64,-1
-123,43,-226,-9,64,-4
-124,43,-232,-9,66,-2
-122,44,-233,-11,65,-5
-123,41,-234,-10,65,-1
-123,46,-231,-10,63,-5
-122,44,-233,-10,63,-2
-124,44,-233,-11,64,-3
-124,43,-233,-10,63,-2
-126,46,-228,-10,65,-5
-125,42,-231,-11,65,-2
-124,45,-234,-10,64,-4
-125,44,-234,-10,64,-2
-124,45,-234,-10,64,-4
-123,43,-235,-11,64,-1
-124,47,-232,-11,63,-5
-123,46,-230,-11,65,-1
-125,43,-227,-12,64,-3
-124,41,-228,-14,64,0
-125,42,-229,-14,64,-3
-122,43,-235,-12,66,0
-125,42,-233,-13,67,-2
-124,44,-233,-13,67,0
-126,44,-233,-14,66,-2
-124,44,-231,-14,66,0
-125,45,-232,-13,63,-3
-125,45,-233,-13,63,0
-127,45,-235,-13,63,-3
-125,45,-229,-12,63,-2
-125,43,-235,-13,62,-4
-126,45,-233,-13,61,-1
-125,44,-233,-11,63,-4
-123,45,-232,-11,61,0
-125,44,-233,-11,59,-3
-126,44,-235,-11,59,-1
-125,46,-234,-13,57,-4
-125,45,-233,-12,58,-2
-125,45,-231,-12,57,-4
-125,43,-228,-12,60,-2
-124,47,-232,-14,60,-4
-123,44,-232,-14,62,-1
-126,45,-233,-14,63,-3
-125,46,-231,-13,62,-1
-123,42,-236,-12,61,-4
-125,44,-236,-12,59,-2
-124,42,-235,-11,58,-4
-124,42,-234,-12,59,-2
-126,44,-234,-10,60,-3
-121,44,-230,-10,57,0
-124,44,-235,-10,57,-4
-125,47,-231,-13,58,-2
-123,43,-231,-13,59,-2
-121,44,-234,-15,58,-1
-122,44,-231,-16,58,-2
-125,44,-231,-15,56,-1
-124,45,-235,-13,57,-4
-124,44,-237,-11,56,-2
-126,44,-231,-11,56,-4
-122,45,-231,-11,56,-3
-123,44,-229,-11,58,-6
-127,42,-234,-10,60,-3
-126,45,-228,-9,60,-5
-120,40,-232,-8,60,-2
-125,45,-232,-11,61,-4
-125,45,-231,-11,61,-3
-127,45,-231,-10,59,-4
-127,45,-231,-10,59,-2
-124,46,-235,-8,59,-4
-125,45,-236,-7,57,-3
-124,44,-234,-8,56,-6
-125,43,-234,-11,57,-3
-126,42,-233,-13,58,-4
-123,44,-231,-13,57,-1
-125,45,-233,-14,58,-2
-123,44,-233,-14,62,-2
-124,44,-236,-14,62,-2
-123,46,-233,-13,64,-1
-123,44,-231,-13,63,-2
-123,43,-232,-13,63,0
-124,40,-233,-12,62,-3
-123,43,-230,-12,59,-1
-122,43,-234,-12,57,-3
-124,43,-233,-12,57,-2
-129,45,-230,-11,58,-3
-124,40,-232,-13,58,-2
-127,47,-233,-14,58,-3
-126,45,-235,-12,59,-3
-125,47,-233,-11,59,-3
-125,46,-232,-11,59,-1
-124,44,-229,-11,58,-4
-124,45,-237,-10,58,-2
-125,45,-233,-10,56,-2
-126,44,-229,-11,57,-3
-126,42,-234,-11,58,-3
-124,42,-234,-11,59,-2
-125,45,-233,-12,60,-3
-124,47,-235,-12,62,-3
-124,44,-236,-12,60,-4
-125,45,-234,-10,61,-3
-125,44,-235,-11,61,-4
-124,45,-232,-10,61,-2
-125,47,-229,-9,60,-4
-123,43,-230,-8,59,-2
-122,40,-230,-9,58,-5
-125,42,-230,-8,60,-3
-123,43,-232,-9,59,-3
-126,45,-234,-8,58,-2
-125,45,-232,-9,59,-5
-123,42,-236,-10,58,-3
-124,44,-232,-11,58,-3
-126,43,-234,-11,59,-4
-126,45,-233,-12,58,-4
-127,45,-231,-11,58,-2
-125,44,-230,-12,57,-4
-124,43,-229,-11,56,-4
-125,42,-234,-13,56,-3
-124,43,-232,-14,56,-2
-123,43,-232,-12,55,-4
-123,46,-232,-12,55,-1
-125,46,-228,-13,54,-2
-123,44,-235,-14,53,-2
-123,46,-227,-14,52,-3
-124,43,-232,-15,53,-3
-125,46,-236,-14,53,-3
-128,43,-232,-11,54,-4
-125,44,-234,-10,53,-2
-126,43,-232,-12,55,-3
-124,40,-232,-11,55,-3
-123,44,-226,-12,53,-3
-126,44,-232,-12,52,-3
-123,45,-232,-13,53,-2
-124,43,-232,-16,54,-1
-126,46,-232,-14,54,-2
-123,42,-231,-13,55,-1
-124,42,-232,-14,56,-2
-123,44,-231,-14,57,-3
-125,45,-232,-15,59,-3
-126,42,-235,-15,59,-4
-125,43,-231,-15,59,-3
-123,42,-230,-16,58,-3
-125,43,-234,-15,57,-4
-126,46,-233,-14,59,-2
-125,43,-232,-15,59,-3
-125,45,-235,-14,59,-1
-125,46,-234,-14,57,-1
-127,44,-234,-15,58,-2
-125,47,-231,-15,58,-2
-124,44,-231,-14,58,-2
-128,45,-235,-13,58,-2
-126,44,-231,-13,58,-2
-124,45,-236,-15,58,-3
-124,41,-232,-15,58,-2
-125,45,-231,-15,59,-2
-125,44,-233,-13,61,-1
-125,45,-232,-14,60,-2
-126,44,-233,-13,61,-1
-125,44,-236,-13,60,-2
-125,43,-231,-15,60,-2
-125,43,-234,-14,60,-2
-126,45,-235,-14,62,-1
-127,46,-231,-14,60,-3
-122,44,-231,-15,61,-2
-127,42,-231,-14,62,-2
-125,46,-230,-15,60,0
-126,43,-234,-15,60,-2
-121,45,-232,-16,58,-1
-127,43,-230,-17,58,-2
-125,44,-231,-16,59,-1
-126,44,-232,-17,59,-3
-124,43,-232,-17,58,-1
-124,43,-229,-17,58,-3
-125,42,-230,-18,58,0
-127,48,-234,-18,60,-3
-124,44,-237,-17,60,-2
-124,41,-231,-16,61,-2
-124,44,-231,-16,61,-1
-124,45,-231,-16,62,-1
-123,44,-230,-15,60,0
-125,44,-233,-15,60,-1
-124,43,-234,-15,57,1
-122,43,-231,-15,54,-3
-123,44,-231,-16,53,-1
-124,43,-233,-17,53,-1
-123,44,-233,-18,52,-1
-124,43,-231,-19,53,-2
-123,43,-234,-20,55,0
-125,42,-231,-20,54,-3
-125,43,-231,-18,55,-1
-124,44,-231,-18,55,-2
-122,42,-234,-17,53,0
-123,44,-236,-17,54,-1
-124,43,-234,-17,54,1
-126,45,-232,-16,56,-2
-125,45,-231,-17,57,0
-123,41,-234,-18,57,-2
-121,43,-233,-18,55,1
-124,41,-231,-19,56,-1
-125,41,-231,-18,55,0
-125,44,-234,-18,54,-3
-124,43,-232,-16,51,0
-125,42,-227,-15,51,-2
-125,43,-233,-16,52,0
-124,46,-230,-18,53,-2
-124,45,-232,-18,55,0
-124,44,-230,-17,55,-3
-126,47,-229,-16,56,-1
-127,42,-230,-20,57,-2
-125,44,-230,-20,57,-1
-125,43,-231,-20,56,-2
-124,44,-231,-20,58,-1
-124,42,-231,-19,57,-2
-124,44,-233,-19,56,0
-126,45,-233,-19,53,-2
-123,44,-233,-20,53,0
-124,43,-227,-20,52,0
-125,43,-232,-21,55,2
-124,42,-235,-21,57,0
-127,45,-232,-21,59,2
-128,45,-236,-19,60,1
-125,43,-233,-21,61,2
-122,42,-232,-20,61,-1
-125,45,-232,-20,59,2
-127,43,-234,-19,58,0
-125,46,-234,-19,56,1
-125,45,-231,-20,55,-1
-126,46,-234,-19,56,1
-127,45,-232,-18,56,-1
-124,44,-232,-19,55,0
-126,42,-233,-20,56,-1
-124,45,-231,-20,56,2
-124,43,-233,-20,53,-1
-126,46,-233,-19,55,2
-127,44,-232,-19,55,1
-125,44,-235,-18,55,3
-128,46,-236,-19,54,0
-125,43,-230,-19,56,2
-125,42,-232,-19,56,-1
-127,45,-235,-20,57,1
-127,46,-232,-20,59,-1
-126,47,-231,-22,60,3
-124,43,-230,-22,60,0
-126,45,-233,-23,61,3
-127,44,-234,-22,64,-2
-125,44,-229,-21,65,2
-126,45,-231,-21,66,0
-125,45,-234,-21,65,3
-125,44,-232,-21,66,0
-124,46,-229,-24,66,3
-125,47,-233,-24,66,1
-123,44,-231,-24,66,4
-125,45,-232,-24,68,3
-125,43,-232,-24,69,4
-124,45,-236,-25,71,1
-125,44,-232,-23,70,4
-128,42,-233,-24,71,1
-126,43,-234,-24,72,3
-125,48,-234,-25,72,2
-126,43,-228,-26,73,4
-125,44,-231,-26,77,2
-125,45,-229,-26,79,3
-125,46,-236,-25,80,3
-124,43,-231,-25,79,5
-125,46,-231,-24,79,2
-124,45,-236,-23,76,4
-126,46,-235,-23,73,2
-125,42,-232,-22,70,4
-124,45,-231,-18,69,1
-126,49,-231,-17,68,2
-125,45,-233,-17,66,-1
-123,45,-233,-15,62,0
-124,45,-235,-15,58,-3
-125,45,-232,-16,55,-1
-123,43,-234,-17,51,-2
-124,45,-237,-18,50,1
-124,43,-236,-19,48,-1
-124,48,-232,-19,49,2
-125,46,-238,-19,49,0
-126,44,-237,-20,48,2
-124,45,-233,-19,49,-1
-127,46,-232,-18,50,3
-123,47,-233,-21,51,0
-121,43,-233,-20,51,3
-125,47,-231,-21,49,0
-125,45,-229,-23,49,2
-123,46,-230,-24,47,0
-119,41,-232,-22,47,3
-125,45,-234,-22,47,1
-127,45,-234,-22,48,4
-121,46,-234,-22,47,2
-121,47,-229,-25,46,4
-126,42,-232,-27,47,2
-123,41,-234,-20,49,1
-126,42,-231,-21,52,-1
-122,44,-232,-20,53,2
-123,45,-232,-20,52,0
-125,45,-232,-20,53,1
-125,47,-234,-21,52,0
-125,48,-231,-18,52,4
-128,46,-233,-20,52,-1
-124,46,-230,-20,53,3
-124,46,-230,-18,52,-1
-124,44,-234,-19,53,1
-127,45,-235,-18,54,-2
-126,46,-232,-17,55,0
-123,46,-232,-16,54,-3
-123,43,-230,-15,53,0
-123,47,-235,-14,55,-1
-125,44,-232,-16,54,0
-124,44,-229,-16,54,-2
-124,45,-233,-18,54,0
-127,45,-230,-18,53,-1
-123,44,-232,-19,54,1
-124,42,-234,-18,55,0
-126,46,-234,-19,56,1
-126,44,-230,-19,58,1
-125,47,-231,-18,58,1
-127,45,-234,-19,60,0
-124,44,-233,-19,58,2
-126,45,-231,-17,57,1
-125,46,-234,-19,57,2
-124,45,-227,-20,58,0
-122,43,-235,-19,55,1
-126,45,-232,-18,57,-1
-124,42,-230,-19,58,2
-126,44,-234,-19,60,1
-125,47,-232,-20,62,2
-124,46,-233,-19,64,-1
-125,44,-231,-20,63,3
-122,46,-235,-21,63,0
-123,47,-234,-18,63,1
-125,45,-230,-17,62,0
-124,48,-233,-17,59,1
-121,45,-233,-16,58,1
-123,45,-234,-16,57,2
-120,46,-232,-18,54,1
-125,48,-233,-21,54,3
-124,45,-231,-22,55,1
-128,49,-234,-21,55,2
-120,51,-226,-26,54,2
-125,49,-228,-32,52,6
-128,41,-234,-20,52,1
-124,47,-229,-23,56,2
-122,46,-234,-23,59,2
-123,47,-237,-19,60,0
-124,45,-231,-14,59,-1
-125,48,-236,-11,61,-2
-125,45,-234,-9,60,-4
-127,48,-234,-11,60,-2
-124,45,-233,-10,61,-4
-123,43,-230,-12,60,-2
-128,46,-231,-14,59,-4
-129,48,-232,-14,58,-4
-122,47,-228,-13,60,-3
-124,45,-233,-12,61,-4
-123,44,-230,-11,60,-3
-126,46,-231,-12,62,-2
-125,45,-233,-11,61,-3
-123,44,-226,-12,61,-2
-123,44,-232,-14,62,-2
-124,43,-231,-16,64,0
-125,47,-231,-15,65,0
-127,48,-231,-16,67,1
-126,47,-234,-15,67,1
-124,45,-231,-14,66,1
-126,47,-232,-12,67,-1
-124,45,-231,-13,64,0
-126,48,-237,-13,60,-1
-125,44,-235,-13,58,0
-127,48,-231,-13,57,0
-125,46,-229,-13,57,0
-125,45,-232,-12,56,1
-126,45,-233,-13,57,-1
-127,46,-235,-13,57,0
-125,47,-230,-13,56,-1
-130,48,-237,-12,58,0
-127,46,-233,-11,56,-1
-126,48,-230,-10,57,-1
-125,48,-233,-10,58,-1
-126,46,-236,-11,60,-1
-124,45,-231,-10,61,-2
-126,48,-234,-9,61,-2
-126,48,-231,-9,62,-2
-122,45,-232,-9,64,-2
-125,44,-234,-8,65,-3
-126,45,-230,-8,64,-3
-125,46,-233,-8,64,-3
-127,44,-237,-8,65,-2
-122,43,-231,-8,65,-3
-124,44,-231,-8,66,-2
-125,46,-233,-8,67,-4
-126,47,-233,-9,67,-2
-126,44,-234,-10,68,-3
-126,46,-233,-9,68,-2
-124,44,-230,-10,68,-4
-125,47,-233,-12,66,-2
-126,43,-232,-15,65,-2
-124,43,-234,-13,64,-2
-124,45,-236,-12,63,-2
-123,44,-233,-11,62,-1
-125,44,-236,-11,61,-3
-127,47,-232,-10,58,-1
-124,46,-231,-11,57,-2
-125,46,-232,-13,59,-2
-124,47,-238,-12,59,-2
-125,48,-233,-12,61,0
-126,47,-234,-12,60,-3
-126,45,-231,-11,59,-2
-124,44,-231,-12,57,-4
-125,46,-231,-11,57,-3
-127,45,-230,-11,57,-4
-124,46,-230,-11,55,-2
-125,44,-234,-13,53,-3
-124,43,-231,-13,55,-3
-123,44,-232,-13,56,-4
-124,46,-232,-14,58,-1
-126,46,-234,-13,60,-2
-125,44,-233,-13,61,-2
-124,46,-235,-11,61,-4
-126,47,-234,-12,63,-2
-125,47,-230,-11,63,-4
-127,46,-228,-10,62,-2
-125,47,-230,-11,63,-3
-128,45,-230,-10,63,-2
-126,47,-236,-11,63,-3
-124,44,-230,-11,63,-2
-126,48,-232,-10,62,-4
-123,44,-235,-11,61,-3
-126,45,-228,-12,61,-4
-127,45,-233,-10,60,-2
-124,46,-233,-11,61,-5
-123,43,-234,-10,61,-2
-124,46,-230,-10,60,-5
-123,45,-231,-10,61,-4
-122,44,-234,-12,61,-4
-127,45,-230,-11,63,-3
-123,45,-233,-12,63,-3
-127,44,-236,-11,64,-1
-125,44,-235,-11,66,-4
-116,46,-236,-11,63,-2
-127,37,-235,-11,63,-3
-122,46,-256,-10,65,-1
-120,47,-242,-11,66,-3
-132,36,-231,-12,64,-1
-119,46,-229,-12,65,-3
-125,55,-238,-14,64,-1
-123,46,-228,-15,65,-5
-122,44,-233,-15,64,-2
-121,51,-234,-15,65,-4
-134,46,-236,-15,65,-1
-124,44,-234,-15,64,-4
-127,47,-232,-14,65,-2
-125,46,-232,-12,64,-3
-125,45,-234,-12,63,-1
-125,46,-230,-12,62,-2
-125,45,-229,-14,63,-1
-123,43,-230,-14,62,-2
-124,46,-235,-14,61,0
-124,45,-232,-15,62,-2
-125,44,-230,-15,61,0
-124,44,-231,-14,61,-2
-123,47,-235,-15,62,-1
-124,44,-234,-15,62,-4
-124,44,-233,-13,62,-1
-125,46,-232,-12,62,-3
-126,46,-231,-13,62,0
-120,42,-232,-13,61,-3
-124,46,-233,-14,60,0
-125,46,-232,-13,61,-3
-125,46,-232,-14,61,-1
-124,49,-232,-15,58,-2
-125,44,-231,-14,61,0
-124,46,-234,-15,60,-4
-124,46,-232,-13,61,-1
-124,47,-232,-15,63,-4
-125,45,-234,-14,61,-2
-123,48,-233,-13,62,-4
-124,47,-231,-13,63,-1
-125,46,-232,-12,62,-2
-124,46,-235,-11,62,-1
-123,44,-232,-11,60,-3
-125,48,-232,-11,60,-1
-124,47,-233,-13,60,-3
-124,45,-232,-14,60,-1
-125,46,-232,-15,59,-4
-122,42,-231,-15,59,-2
-123,44,-230,-17,59,-3
-126,44,-235,-14,59,-1
-126,47,-235,-12,58,-4
-124,46,-233,-10,58,-2
-127,50,-233,-8,58,-4
-124,46,-232,-9,60,-2
-124,44,-227,-11,62,-5
-126,48,-234,-10,64,-3
-123,45,-234,-11,65,-6
-122,46,-233,-11,65,-3
-123,47,-234,-11,64,-4
-123,44,-235,-12,65,-2
-123,47,-235,-12,65,-4
-124,42,-233,-11,65,-2
-126,45,-233,-9,64,-3
-125,44,-232,-10,64,-3
-124,46,-233,-9,63,-4
-124,42,-233,-9,63,-2
-125,44,-232,-12,63,-3
-124,43,-234,-13,61,0
-124,46,-234,-12,63,-4

