-.-.-
28,-270,-8,-9,58,-8
27,-272,-8,-9,59,-4
28,-270,-11,-7,58,-8
28,-272,-10,-9,58,-6
28,-269,-11,-9,59,-9
22,-268,1,-8,57,-6
25,-271,-7,-9,58,-9
26,-270,-9,-12,57,-8
25,-269,-13,-10,55,-10
30,-270,-11,-10,55,-7
23,-269,-8,-10,56,-9
28,-274,-8,-11,55,-7
25,-266,-8,-13,55,-11
28,-271,-10,-16,54,-9
26,-271,-9,-17,51,-14
25,-273,-9,-19,51,-11
24,-273,-8,-20,49,-13
25,-268,-7,-20,49,-11
26,-272,-9,-18,48,-15
24,-271,-11,-18,47,-15
25,-272,-10,-19,46,-19
24,-272,-6,-20,46,-15
23,-275,-14,-21,44,-18
24,-275,-5,-21,42,-17
19,-271,0,-20,37,-19
22,-267,-12,-18,34,-16
27,-263,0,-17,30,-17
14,-274,-4,-15,25,-14
16,-271,-8,-16,19,-14
19,-271,-1,-14,14,-7
17,-276,0,-15,10,-9
14,-270,-7,-15,6,-6
20,-271,-9,-19,1,-8
24,-268,-6,-20,-4,-5
22,-272,-7,-22,-10,-6
14,-276,-7,-23,-14,-2
16,-269,-5,-24,-18,-3
12,-273,-5,-26,-24,2
15,-267,2,-28,-28,2
-8,-274,-19,-34,-33,6
17,-274,-3,-36,-36,5
12,-269,-6,-37,-40,9
14,-268,-5,-38,-45,10
12,-268,-6,-39,-51,11
17,-265,-3,-40,-55,12
14,-266,-4,-42,-57,17
13,-269,-8,-43,-57,15
14,-265,-8,-45,-59,18
14,-263,-7,-47,-57,17
10,-268,2,-53,-56,19
16,-262,-3,-58,-55,15
14,-267,-3,-63,-58,13
17,-268,1,-72,-57,7
16,-269,-1,-75,-60,6
22,-274,-7,-78,-60,1
16,-269,-2,-76,-60,-1
16,-269,-1,-76,-60,-7
14,-273,-1,-76,-58,-10
15,-275,0,-71,-59,-16
17,-268,-7,-71,-63,-23
18,-269,0,-70,-52,-23
23,-273,1,-58,-51,-18
22,-268,-4,-49,-46,-22
18,-267,2,-50,-37,-19
18,-268,0,-49,-32,-27
18,-266,1,-47,-24,-30
23,-275,7,-46,-9,-32
19,-264,1,-38,-6,-38
17,-266,1,-37,4,-46
5,-273,3,-39,6,-47
8,-273,4,-40,0,-50
9,-265,0,-38,-6,-50
9,-270,-3,-41,-8,-51
10,-267,-1,-45,-10,-51
10,-271,-3,-46,-4,-50
9,-273,-2,-37,1,-49
6,-268,-2,-22,6,-50
7,-273,-2,-5,8,-45
1,-277,1,18,9,-36
5,-279,-7,42,2,-17
10,-271,-17,78,-9,4
3,-267,-12,66,14,23
-3,-268,-6,71,-3,7
0,-227,-30,84,-13,1
8,-220,-26,26,6,-31
7,-263,-1,-28,52,-36
16,-274,-7,-50,72,5
21,-266,-42,-45,42,29
28,-262,-31,-51,48,29
26,-256,-26,-50,112,45
38,-249,-29,-38,154,58
45,-256,-34,-43,187,76
42,-256,-32,-45,224,92
38,-252,-37,-36,253,105
45,-243,-29,-42,280,108
51,-234,-22,-58,275,89
56,-245,-17,-82,282,94
49,-265,-2,-119,329,119
41,-268,1,-153,326,134
44,-270,10,-173,304,147
48,-274,7,-188,272,147
37,-281,9,-201,249,146
36,-291,14,-204,221,145
33,-294,10,-191,195,145
38,-283,2,-178,187,132
34,-284,4,-188,199,116
26,-286,5,-179,196,109
25,-285,6,-155,194,97
12,-282,15,-126,193,80
6,-286,20,-79,177,74
2,-282,23,-16,147,67
0,-275,19,10,129,57
-5,-275,25,15,109,41
-2,-270,19,16,80,24
-4,-266,17,-1,55,1
-3,-262,18,-28,34,-20
-9,-264,24,-63,22,-47
-2,-259,26,-76,5,-70
1,-262,33,-62,-12,-78
-3,-263,35,-54,-27,-80
-1,-271,40,-68,-83,-80
1,-275,43,-69,-148,-74
7,-276,40,-81,-214,-88
11,-276,31,-96,-274,-99
17,-276,30,-111,-328,-111
21,-270,22,-134,-372,-129
27,-265,17,-147,-401,-138
32,-260,20,-160,-416,-154
34,-257,23,-161,-420,-162
41,-253,22,-160,-419,-181
42,-255,24,-150,-413,-186
51,-252,22,-141,-403,-196
46,-251,25,-140,-387,-220
51,-253,26,-132,-383,-218
52,-252,23,-123,-374,-224
50,-248,23,-126,-359,-243
49,-245,21,-132,-339,-259
52,-246,18,-130,-325,-258
52,-244,23,-133,-308,-260
53,-245,20,-134,-292,-265
57,-243,21,-134,-267,-261
52,-253,23,-141,-248,-258
55,-249,21,-148,-233,-272
53,-248,20,-148,-215,-258
50,-250,23,-154,-200,-245
53,-254,24,-159,-191,-237
49,-250,26,-161,-185,-246
53,-256,29,-157,-177,-232
46,-251,30,-150,-177,-228
47,-254,34,-141,-175,-219
43,-252,32,-127,-176,-216
44,-248,32,-105,-174,-206
38,-244,33,-85,-176,-194
37,-246,33,-64,-175,-181
33,-247,37,-42,-176,-168
33,-246,31,-20,-177,-152
31,-246,31,-1,-179,-136
32,-247,33,12,-180,-118
29,-245,35,23,-184,-103
33,-250,31,35,-191,-86
32,-251,33,49,-200,-68
36,-253,36,63,-208,-55
38,-254,34,74,-221,-46
39,-256,34,83,-233,-38
42,-256,39,91,-244,-31
49,-256,31,97,-254,-27
46,-260,36,102,-263,-23
50,-263,34,105,-273,-21
52,-265,32,106,-282,-20
54,-267,32,108,-292,-21
51,-268,32,110,-301,-21
51,-268,30,112,-310,-22
53,-269,29,110,-316,-23
48,-267,27,103,-323,-22
51,-267,22,90,-332,-23
48,-260,19,72,-338,-24
48,-262,15,48,-340,-26
47,-260,13,19,-344,-27
51,-261,10,-9,-349,-29
51,-262,13,-31,-347,-33
55,-262,22,-48,-342,-36
59,-266,28,-62,-332,-37
70,-270,28,-70,-321,-42
80,-276,30,-82,-308,-46
88,-277,33,-90,-296,-51
96,-284,38,-98,-281,-56
102,-286,41,-103,-265,-61
104,-289,48,-106,-250,-63
108,-289,50,-102,-237,-63
106,-285,50,-91,-227,-64
103,-288,51,-84,-215,-65
100,-289,52,-76,-206,-61
91,-291,51,-72,-201,-60
82,-287,53,-66,-200,-56
77,-288,57,-50,-203,-53
66,-289,62,-32,-208,-45
60,-299,59,-15,-219,-37
68,-332,47,-11,-235,-27
47,-347,63,-61,-269,-29
9,-342,34,-120,-345,-52
25,-337,-23,-206,-448,-67
51,-341,-46,-355,-458,-74
57,-343,-33,-431,-374,-107
59,-353,1,-415,-281,-152
62,-356,7,-338,-222,-198
80,-349,-4,-258,-193,-239
91,-341,-12,-214,-179,-274
105,-337,-23,-194,-164,-300
108,-333,-33,-201,-148,-329
105,-331,-37,-213,-129,-354
94,-325,-43,-210,-103,-368
79,-325,-42,-183,-87,-366
60,-319,-45,-139,-83,-355
50,-320,-47,-86,-86,-332
41,-313,-51,-25,-95,-304
34,-304,-55,35,-113,-277
31,-297,-67,79,-136,-252
32,-281,-76,93,-167,-227
36,-273,-91,87,-195,-208
41,-257,-100,62,-217,-191
40,-246,-95,33,-241,-173
35,-235,-92,9,-263,-158
27,-228,-92,0,-290,-144
22,-223,-87,-2,-320,-130
17,-219,-86,1,-354,-114
7,-219,-79,4,-390,-100
11,-223,-83,4,-420,-87
4,-227,-79,-2,-441,-75
4,-233,-77,-13,-449,-62
2,-242,-68,-20,-441,-50
8,-247,-69,-22,-418,-36
8,-259,-59,-15,-392,-21
14,-266,-53,-5,-361,-5
21,-271,-49,7,-331,10
29,-277,-47,17,-299,24
37,-277,-48,21,-267,41
40,-275,-46,29,-239,59
47,-274,-49,41,-214,81
50,-271,-52,46,-192,106
54,-264,-50,43,-170,131
60,-264,-53,37,-143,164
59,-259,-56,33,-115,190
62,-259,-54,26,-97,212
62,-258,-49,18,-81,227
57,-264,-46,18,-62,243
57,-268,-41,31,-43,256
53,-264,-38,54,-23,265
50,-261,-40,75,-1,276
47,-254,-35,86,39,314
30,-259,-26,81,68,337
30,-256,-25,100,45,320
26,-248,-30,136,37,316
24,-245,-27,154,32,324
18,-242,-27,162,22,322
14,-240,-25,161,19,332
11,-239,-25,148,20,336
5,-241,-20,132,20,355
1,-244,-21,119,3,345
1,-242,-18,121,-17,333
-2,-243,-14,131,-30,334
2,-238,-13,135,-34,338
2,-240,-16,133,-33,352
1,-239,-10,129,-24,359
7,-241,-9,125,-16,369
2,-240,-5,121,-10,387
3,-237,-3,112,-6,387
12,-229,-9,105,-11,390
1,-240,0,87,0,415
2,-234,2,77,-14,402
3,-233,-2,75,-26,379
5,-226,-4,72,-24,365
1,-232,-7,58,-25,370
2,-226,-2,43,-27,351
8,-225,-4,29,-32,333
9,-228,-4,25,-34,323
12,-224,-3,20,-33,319
10,-223,-1,18,-36,325
14,-225,-3,6,-34,310
19,-225,-1,-13,-35,290
23,-228,-1,-32,-35,272
28,-228,-1,-49,-28,261
31,-226,1,-63,-15,251
30,-228,-2,-79,1,237
32,-225,-1,-97,18,220
34,-230,-1,-113,34,219
35,-225,-1,-135,57,190
39,-226,0,-154,79,168
41,-231,-2,-166,103,153
43,-236,-1,-168,131,143
44,-244,-3,-162,165,131
48,-249,-1,-152,211,120
47,-258,4,-129,256,110
56,-254,-1,-97,307,105
44,-276,10,-72,372,105
43,-281,13,-21,411,91
44,-287,13,31,461,83
40,-289,13,73,508,79
38,-292,13,103,553,76
41,-294,8,122,587,74
43,-295,2,136,616,79
41,-293,2,140,657,73
43,-293,3,137,686,62
44,-288,0,146,720,56
46,-284,1,152,756,50
44,-285,5,151,792,44
41,-287,7,144,825,33
35,-285,7,138,855,24
28,-290,6,132,869,19
19,-292,8,116,873,22
18,-294,11,90,864,27
12,-294,16,59,855,42
4,-297,19,39,852,62
-3,-297,31,49,850,80
-5,-297,40,75,845,100
-12,-297,49,103,841,116
-18,-288,50,123,834,129
-21,-282,49,134,827,140
-13,-281,52,146,821,152
-15,-278,56,151,810,158
-36,-291,56,152,800,160
-91,-329,45,136,762,204
-64,-343,53,45,716,278
-29,-355,17,-89,738,333
-41,-361,-64,-275,693,360
-52,-384,-59,-441,613,410
-55,-403,-13,-450,586,497
-52,-406,-7,-339,557,590
-42,-404,-8,-223,528,654
-37,-395,-13,-113,518,691
-30,-374,-14,-5,519,704
-23,-353,-17,81,511,706
-21,-334,-28,152,490,695
-18,-319,-37,180,450,685
-15,-309,-60,183,406,665
-6,-282,-55,150,371,638
-5,-296,-72,160,360,615
4,-291,-73,157,371,598
8,-290,-73,162,397,569
11,-278,-85,174,424,544
15,-272,-91,186,451,513
15,-257,-107,188,479,482
16,-243,-114,175,501,459
21,-234,-114,154,522,439
26,-225,-112,133,545,415
35,-217,-104,117,561,393
42,-220,-95,103,571,369
43,-219,-98,90,575,345
43,-223,-85,72,571,321
38,-232,-85,46,562,302
32,-237,-77,18,548,277
30,-248,-70,-5,514,248
21,-254,-63,-16,477,219
11,-259,-57,-26,432,196
0,-271,-51,-45,382,171
-6,-278,-46,-53,326,147
-12,-278,-46,-52,269,120
-25,-278,-43,-58,213,93
-32,-275,-50,-68,159,56
-34,-273,-50,-74,105,22
-38,-268,-57,-89,56,-17
-46,-268,-55,-113,0,-61
-56,-263,-53,-134,-51,-101
-54,-271,-52,-159,-116,-142
-57,-275,-49,-168,-169,-181
-47,-282,-55,-168,-218,-211
-44,-292,-48,-150,-242,-237
-51,-280,-50,-112,-262,-286
-37,-277,-47,-113,-301,-302
-30,-278,-40,-150,-342,-317
-25,-283,-38,-168,-374,-348
-16,-278,-33,-129,-402,-368
-6,-271,-36,-76,-425,-381
-5,-264,-35,-31,-450,-396
1,-253,-34,-4,-479,-422
7,-247,-31,24,-500,-434
14,-241,-31,59,-511,-443
38,-233,-48,88,-519,-447
20,-237,-25,108,-519,-452
24,-235,-29,115,-534,-472
25,-235,-25,122,-533,-482
26,-232,-19,138,-512,-475
28,-236,-20,149,-500,-474
32,-238,-12,150,-494,-481
32,-239,-13,149,-486,-481
28,-240,-15,144,-475,-474
28,-239,-10,136,-470,-480
27,-240,-6,126,-458,-477
26,-232,-6,114,-452,-477
28,-227,-9,106,-441,-460
28,-226,-6,100,-427,-449
31,-221,-3,94,-415,-437
28,-223,-2,88,-397,-421
35,-224,-4,76,-381,-406
33,-221,-5,63,-371,-379
34,-218,-3,51,-367,-359
38,-218,-1,34,-362,-352
30,-206,0,15,-352,-338
26,-214,0,-7,-353,-329
30,-206,-1,-16,-344,-324
27,-205,0,-23,-336,-271
23,-211,1,-43,-336,-245
22,-209,1,-49,-333,-224
23,-217,5,-59,-336,-195
22,-222,7,-70,-342,-173
24,-233,13,-74,-349,-149
24,-243,13,-74,-356,-127
21,-255,17,-69,-363,-112
21,-261,21,-56,-370,-94
22,-271,23,-31,-376,-68
23,-278,27,-2,-381,-49
25,-281,26,31,-388,-34
22,-287,28,62,-394,-26
23,-291,27,94,-402,-17
28,-290,27,119,-413,-19
29,-292,18,136,-420,-20
30,-288,19,149,-428,-29
27,-284,21,160,-436,-36
26,-281,25,174,-442,-47
21,-280,30,190,-453,-53
16,-277,30,206,-467,-60
13,-275,32,223,-478,-59
19,-272,34,235,-488,-59
22,-276,39,238,-494,-55
27,-278,44,243,-496,-58
40,-280,45,251,-496,-59
48,-281,45,260,-483,-68
55,-284,37,261,-465,-73
57,-290,30,240,-437,-85
52,-290,35,201,-419,-96
54,-290,40,167,-421,-109
55,-292,53,158,-435,-109
65,-312,60,179,-431,-108
93,-342,64,179,-425,-112
82,-349,47,143,-432,-156
50,-350,-17,26,-450,-215
66,-363,-79,-214,-450,-271
98,-380,-69,-466,-408,-330
92,-387,-23,-569,-324,-399
84,-396,-8,-522,-252,-468
84,-388,-15,-410,-193,-568
73,-374,-22,-279,-109,-635
61,-350,-16,-179,-40,-693
53,-332,-2,-75,9,-719
47,-325,0,17,37,-728
42,-313,-8,88,45,-726
31,-296,-29,112,36,-695
27,-286,-50,92,23,-659
30,-276,-59,61,12,-614
31,-266,-65,50,-2,-553
24,-250,-74,66,-24,-484
21,-236,-88,93,-68,-429
10,-226,-100,100,-120,-385
5,-218,-100,85,-185,-337
-1,-218,-98,56,-255,-297
-5,-219,-92,33,-321,-257
-3,-226,-89,13,-377,-228
-6,-232,-81,-7,-412,-204
-4,-245,-79,-32,-427,-187
3,-258,-75,-70,-431,-171
5,-269,-69,-111,-421,-157
14,-277,-65,-153,-395,-142
20,-285,-54,-174,-360,-124
24,-293,-46,-178,-326,-99
32,-298,-40,-162,-283,-78
41,-301,-39,-129,-229,-48
51,-293,-40,-96,-177,-26
52,-288,-40,-73,-124,7
56,-280,-35,-54,-75,27
58,-273,-36,-35,-35,55
56,-265,-37,-24,8,96
55,-260,-42,-26,26,133
53,-254,-37,-21,41,170
50,-254,-36,-9,54,218
46,-251,-36,9,70,263
43,-253,-38,27,87,312
36,-251,-40,36,96,347
35,-254,-39,37,101,382
33,-253,-39,40,107,408
35,-250,-39,36,135,457
15,-251,-32,21,156,490
18,-250,-33,-1,114,473
20,-247,-33,-3,94,461
16,-240,-31,5,88,459
18,-236,-27,16,93,462
10,-234,-27,22,105,468
18,-232,-25,28,101,458
20,-229,-18,39,122,461
14,-227,-22,55,139,461
15,-222,-13,58,140,451
17,-219,-15,51,125,424
17,-218,-15,47,127,422
30,-212,-22,47,134,428
18,-216,-16,40,165,459
22,-219,-18,27,157,457
19,-216,-20,25,174,472
18,-216,-10,19,190,478
11,-223,-9,5,177,487
10,-220,-15,-11,172,460
9,-222,-19,-31,174,438
8,-227,-23,-53,180,433
8,-222,-19,-82,189,407
9,-226,-9,-112,199,379
11,-225,-14,-135,214,366
12,-232,-10,-157,227,352
15,-231,-8,-173,240,339
16,-234,-5,-185,250,321
18,-238,-3,-195,258,306
15,-241,-2,-202,265,293
18,-234,-2,-215,272,265
14,-248,3,-235,281,241
12,-251,1,-234,274,217
6,-257,3,-222,274,191
2,-261,9,-208,281,171
-1,-264,13,-189,298,147
-5,-270,18,-162,324,129
-5,-277,20,-127,358,106
-9,-285,28,-83,395,92
-5,-287,33,-38,432,74
-2,-289,37,8,464,57
3,-292,33,53,495,31
7,-292,30,96,517,14
14,-291,25,124,537,-4
13,-288,27,145,557,-14
15,-287,22,164,579,-19
15,-284,30,180,599,-14
15,-279,26,196,621,-8
21,-276,27,212,648,5
25,-275,31,228,671,17
26,-274,29,243,697,35
25,-275,31,250,720,53
25,-274,35,253,733,72
16,-276,33,248,739,86
3,-274,29,245,729,105
-12,-279,31,233,697,123
-14,-280,19,195,648,151
-26,-280,22,134,613,168
-27,-289,27,91,585,193
-30,-293,44,80,564,210
-37,-286,52,99,551,225
-39,-280,56,129,541,240
-38,-276,60,163,542,253
-33,-267,55,181,551,250
-28,-264,56,195,562,251
-30,-260,59,203,573,244
-28,-267,62,204,577,245
-98,-325,58,178,558,279
-13,-332,47,109,537,359
16,-354,6,-40,656,410
4,-359,-80,-246,649,425
-14,-375,-52,-394,568,481
-11,-390,-24,-335,547,584
0,-393,-36,-208,508,663
4,-384,-48,-74,488,708
-6,-368,-47,65,496,719
-11,-352,-40,179,512,726
-6,-340,-30,246,531,716
-2,-331,-24,262,542,697
4,-318,-43,237,539,663
18,-305,-67,196,512,628
29,-298,-95,156,474,589
35,-296,-112,123,459,566
38,-287,-117,122,483,547
49,-280,-120,138,528,536
52,-269,-125,164,586,516
48,-259,-119,194,651,499
50,-252,-109,220,712,480
53,-253,-98,233,764,470
53,-251,-94,233,807,450
53,-254,-86,220,836,432
52,-260,-78,198,858,398
52,-269,-72,172,867,371
50,-276,-61,158,866,334
45,-283,-47,153,856,300
38,-285,-45,152,835,255
32,-293,-42,149,808,210
19,-297,-34,143,771,156
7,-296,-32,132,729,106
2,-295,-29,119,683,52
-9,-291,-30,97,632,3
-11,-292,-27,77,565,-56
-15,-292,-29,46,509,-98
-22,-294,-20,25,457,-146
-28,-288,-27,14,403,-189
-31,-287,-30,10,347,-242
-38,-283,-35,4,302,-291
-48,-279,-34,-11,263,-346
-49,-277,-36,-36,211,-400
-47,-283,-35,-52,178,-451
-55,-282,-32,-35,160,-495
-47,-264,-32,7,115,-553
-38,-260,-31,12,88,-552
-38,-252,-27,3,64,-550
-33,-246,-30,-15,28,-547
-19,-247,-26,-24,3,-556
-12,-237,-24,-8,1,-552
-3,-231,-20,10,-9,-548
7,-226,-18,27,-17,-536
14,-219,-20,45,-18,-531
23,-221,-16,64,-16,-520
30,-221,-19,88,-5,-508
30,-219,-10,115,1,-499
37,-218,-7,134,1,-497
35,-219,-2,148,4,-497
38,-217,-4,155,-4,-503
38,-216,-4,157,-9,-501
38,-212,0,153,0,-499
40,-217,-2,146,14,-486
35,-213,1,128,23,-495
38,-215,0,104,26,-481
35,-216,1,79,38,-476
35,-215,-2,49,41,-468
39,-213,-3,11,49,-484
41,-214,-2,-20,63,-467
39,-214,-1,-36,77,-448
36,-213,3,-48,72,-433
36,-215,3,-60,62,-435
36,-213,5,-72,43,-414
33,-217,7,-81,33,-387
27,-223,10,-92,20,-366
26,-223,10,-101,0,-344
21,-229,12,-110,-14,-335
21,-232,12,-116,-32,-313
13,-233,20,-117,-41,-276
12,-242,21,-115,-53,-256
11,-241,21,-105,-67,-232
10,-247,22,-89,-83,-212
10,-247,26,-60,-88,-181
9,-258,26,-24,-96,-155
6,-265,33,23,-109,-130
6,-265,33,76,-136,-116
2,-274,36,113,-161,-74
3,-288,43,144,-195,-50
-2,-287,43,178,-238,-33
-4,-285,41,206,-286,-27
-6,-282,41,228,-333,-20
-8,-278,36,242,-380,-22
-12,-272,37,246,-430,-20
-21,-265,33,243,-480,-23
-24,-263,35,236,-532,-18
-22,-263,35,223,-588,-28
-20,-267,39,206,-629,-2
-13,-272,37,183,-659,10
2,-275,37,170,-676,20
24,-285,38,155,-679,19
31,-293,38,130,-674,13
37,-295,33,97,-671,-2
50,-297,41,79,-681,-14
55,-292,53,86,-690,-29
58,-289,59,115,-686,-40
62,-284,63,164,-662,-56
63,-276,63,192,-638,-68
68,-273,63,213,-610,-83
80,-282,54,218,-585,-87
124,-327,70,179,-575,-97
97,-336,76,100,-615,-142
82,-341,-7,-31,-686,-210
115,-354,-65,-270,-713,-256
142,-382,-56,-488,-653,-325
114,-411,-3,-540,-554,-437
94,-421,15,-406,-483,-535
91,-401,-1,-268,-432,-623
84,-376,-27,-167,-356,-689
71,-360,-33,-84,-267,-729
63,-349,-24,0,-181,-762
59,-342,-18,87,-124,-778
51,-329,-21,150,-103,-790
49,-311,-49,180,-110,-786
42,-289,-74,174,-118,-776
39,-275,-91,149,-123,-753
32,-264,-85,131,-136,-738
19,-250,-85,131,-164,-719
5,-238,-91,136,-204,-701
-9,-221,-95,130,-253,-674
-23,-217,-89,118,-305,-649
-30,-215,-86,104,-362,-616
-36,-215,-76,79,-413,-584
-40,-221,-71,45,-456,-544
-41,-229,-69,14,-496,-503
-40,-238,-65,-25,-526,-441
-38,-249,-64,-81,-544,-386
-31,-263,-58,-123,-550,-322
-20,-276,-47,-152,-544,-262
-11,-285,-46,-165,-531,-197
1,-291,-42,-166,-513,-134
12,-300,-33,-166,-486,-67
28,-300,-31,-164,-452,-10
38,-301,-30,-164,-416,47
44,-302,-28,-165,-372,96
54,-297,-29,-159,-332,156
65,-284,-35,-143,-271,208
71,-284,-30,-132,-212,252
77,-277,-30,-106,-167,270
86,-272,-29,-73,-112,297
86,-268,-30,-47,-50,320
87,-266,-35,-31,3,342
84,-264,-36,-21,48,355
83,-257,-40,-22,84,367
78,-258,-39,-37,123,372
75,-259,-37,-60,162,380
70,-259,-32,-85,194,385
66,-256,-32,-97,223,393
54,-259,-20,-103,261,403
46,-257,-21,-106,266,402
33,-252,-18,-109,270,390
21,-248,-13,-101,270,383
20,-239,-15,-79,274,371
11,-226,-19,-50,291,369
6,-230,-9,-30,315,369
-2,-227,-9,-19,320,360
-6,-225,0,-7,308,348
-8,-219,1,0,287,338
-7,-219,5,0,264,331
-8,-216,1,4,251,333
-10,-217,2,6,244,335
-22,-216,2,8,257,360
-24,-214,8,0,251,357
-19,-215,12,-17,218,359
-20,-220,6,-38,198,360
-21,-219,6,-56,185,364
-26,-221,8,-69,176,371
-26,-224,3,-82,162,382
-22,-225,6,-100,153,370
-18,-225,2,-121,139,358
-15,-226,4,-137,135,348
-7,-225,0,-154,136,347
-9,-229,4,-181,145,344
-3,-230,3,-196,142,329
5,-230,3,-205,144,312
13,-230,-2,-223,152,272
21,-236,3,-242,165,243
25,-234,2,-252,179,220
29,-237,2,-260,197,191
23,-253,-10,-266,219,167
35,-239,3,-266,245,137
39,-245,2,-264,270,111
37,-249,8,-259,296,82
39,-253,12,-248,323,54
36,-255,6,-230,351,25
36,-261,11,-204,387,0
37,-270,16,-163,421,-19
36,-275,18,-124,458,-30
38,-278,23,-81,500,-43
37,-290,25,-31,548,-39
30,-293,25,-4,604,-59
35,-294,18,26,638,-73
35,-290,20,58,664,-87
34,-292,22,85,694,-84
34,-287,20,108,715,-85
32,-281,24,131,743,-79
30,-278,29,152,765,-80
21,-273,28,168,782,-73
7,-272,23,176,802,-74
-1,-273,18,173,815,-64
-9,-274,23,160,814,-52
-16,-266,23,126,813,-40
-34,-278,24,83,797,-19
-39,-282,30,60,756,2
-49,-283,38,52,716,26
-58,-290,50,50,667,66
-61,-293,54,57,630,91
-67,-292,55,68,598,118
-67,-295,57,86,577,136
-63,-287,62,112,559,148
-58,-287,61,138,544,149
-50,-286,65,166,530,152
-70,-316,66,191,515,153
-84,-344,74,197,490,189
-20,-342,43,166,490,254
-9,-347,-7,50,528,309
-26,-359,-70,-204,453,329
-38,-379,-36,-342,385,388
-36,-385,-12,-302,343,472
-28,-382,-18,-205,288,553
-28,-375,-26,-106,249,614
-24,-369,-19,20,223,664
-24,-355,-18,147,202,693
-22,-340,-6,248,186,707
-16,-325,-16,306,169,704
-11,-312,-24,329,135,688
5,-304,-42,312,95,665
19,-305,-57,294,61,649
29,-299,-61,288,46,630
36,-295,-68,300,53,616
37,-282,-72,316,84,603
39,-272,-84,327,130,594
39,-256,-92,328,189,583
42,-243,-94,324,256,577
47,-232,-90,312,316,569
49,-223,-85,288,373,558
53,-225,-81,248,404,545
54,-226,-76,201,419,530
51,-231,-74,146,427,507
51,-239,-71,86,428,481
48,-253,-64,29,422,444
45,-261,-61,-23,407,406
37,-271,-51,-63,380,364
26,-276,-47,-85,348,327
21,-285,-44,-99,315,287
15,-292,-33,-109,273,241
6,-296,-26,-109,233,200
0,-295,-23,-105,189,164
-9,-298,-21,-98,141,125
-12,-296,-23,-93,92,90
-16,-295,-24,-85,46,51
-24,-289,-24,-78,4,11
-23,-286,-29,-69,-32,-29
-24,-283,-34,-57,-64,-69
-29,-283,-31,-48,-96,-114
-28,-287,-28,-36,-130,-173
-36,-280,-28,-14,-153,-223
-38,-279,-26,-9,-183,-251
-40,-283,-20,-11,-223,-283
-26,-283,-26,-15,-280,-309
-27,-283,-28,-11,-311,-334
-28,-277,-28,-1,-331,-350
-29,-268,-25,1,-361,-368
-27,-259,-26,0,-389,-385
-18,-255,-20,4,-423,-402
-16,-248,-21,33,-434,-402
-10,-241,-12,63,-447,-414
-4,-234,-13,93,-462,-423
4,-229,-10,126,-464,-433
9,-223,-5,156,-460,-435
16,-220,-2,176,-457,-441
21,-221,0,185,-446,-444
30,-217,2,189,-438,-450
30,-217,3,189,-426,-450
38,-218,6,186,-414,-455
41,-217,10,170,-404,-450
41,-221,6,144,-394,-449
42,-220,10,111,-394,-449
50,-220,6,74,-397,-454
52,-220,8,41,-378,-446
53,-216,6,9,-359,-433
53,-219,8,-34,-344,-422
52,-217,13,-76,-320,-416
51,-221,6,-111,-308,-400
50,-223,9,-146,-299,-386
47,-226,4,-185,-288,-367
38,-225,8,-210,-278,-353
35,-231,5,-232,-265,-335
32,-232,5,-254,-261,-320
29,-233,4,-271,-256,-301
28,-236,1,-278,-252,-286
24,-238,5,-281,-243,-266
19,-240,6,-275,-234,-246
19,-241,6,-266,-225,-228
19,-242,12,-253,-218,-209
18,-244,15,-236,-211,-189
16,-244,16,-216,-207,-171
16,-246,14,-197,-203,-150
15,-249,20,-175,-200,-136
15,-245,18,-154,-195,-117
16,-248,18,-132,-190,-99
17,-249,19,-110,-183,-84
15,-248,21,-82,-175,-74
17,-254,23,-52,-168,-66
19,-256,29,-18,-156,-65
23,-265,35,20,-149,-57
23,-271,35,48,-139,-57
21,-275,36,74,-136,-64
25,-278,35,90,-136,-75
27,-277,36,102,-137,-81
22,-277,33,107,-146,-93
21,-276,33,106,-161,-100
18,-272,29,100,-179,-112
14,-276,32,96,-199,-114
9,-276,33,94,-224,-115
7,-273,37,93,-248,-107
10,-276,33,91,-268,-96
11,-271,33,86,-284,-86
19,-275,27,76,-297,-82
23,-282,23,56,-300,-71
17,-285,23,23,-298,-68
16,-288,30,-9,-308,-73
24,-291,33,-27,-333,-77
27,-291,48,-27,-354,-74
26,-293,55,-1,-360,-76
24,-286,53,35,-361,-78
26,-281,50,71,-359,-80
21,-273,51,100,-358,-82
21,-270,46,120,-357,-75
42,-296,42,112,-372,-63
100,-346,69,38,-410,-64
29,-328,71,-31,-498,-114
13,-330,-27,-155,-621,-148
72,-347,-88,-391,-681,-181
92,-366,-60,-603,-607,-266
72,-395,5,-581,-522,-351
65,-396,23,-439,-482,-436
67,-380,12,-295,-442,-510
68,-364,0,-189,-395,-564
60,-351,-13,-116,-352,-597
53,-343,-20,-62,-326,-620
41,-329,-23,-16,-317,-625
34,-319,-25,29,-326,-619
31,-308,-36,75,-337,-589
33,-299,-48,130,-339,-561
39,-290,-57,166,-330,-530
41,-283,-62,189,-322,-509
42,-275,-66,208,-323,-493
38,-261,-76,215,-331,-485
33,-255,-84,214,-354,-472
29,-243,-92,204,-390,-459
26,-234,-91,185,-430,-441
21,-227,-87,171,-481,-426
16,-218,-82,161,-543,-404
4,-215,-74,157,-588,-384
-4,-214,-68,154,-622,-359
-8,-218,-63,152,-652,-336
-8,-219,-59,130,-676,-308
-11,-229,-57,86,-692,-279
-10,-241,-52,37,-700,-251
-4,-250,-49,-16,-699,-224
5,-261,-42,-65,-683,-192
13,-276,-33,-107,-654,-163
25,-286,-30,-136,-603,-123
32,-292,-30,-158,-559,-95
41,-297,-28,-168,-518,-66
49,-299,-25,-172,-474,-38
56,-298,-28,-167,-431,-6
60,-294,-28,-149,-395,23
68,-295,-23,-133,-355,61
77,-288,-26,-101,-312,101
77,-283,-27,-65,-255,147
83,-286,-32,-36,-203,185
83,-278,-31,-18,-139,232
86,-271,-46,-4,-83,264
82,-275,-39,2,-21,297
82,-272,-40,7,20,311
81,-266,-40,13,68,332
78,-272,-38,15,135,359
74,-268,-34,27,188,378
70,-256,-33,38,217,384
65,-255,-30,31,250,393
61,-255,-24,28,278,399
58,-243,-21,35,288,398
52,-235,-23,48,300,401
48,-227,-22,65,322,418
46,-220,-24,71,364,452
27,-220,-13,79,391,476
19,-216,-11,92,370,467
20,-213,-10,92,352,451
15,-213,-13,87,351,444
13,-214,-1,69,374,455
-1,-216,-7,39,385,456
5,-221,-1,19,359,442
-1,-221,1,6,367,433
0,-223,4,-8,383,436
-8,-225,5,-23,388,431
-12,-230,11,-48,384,404
-11,-228,6,-69,366,368
-9,-229,10,-92,360,351
-12,-232,9,-113,361,337
-13,-232,11,-134,357,319
-12,-232,10,-154,350,292
-12,-235,10,-173,346,274
-10,-238,6,-188,346,257
-9,-238,4,-198,351,240
-8,-236,3,-211,352,219
-3,-235,1,-226,356,206
-5,-248,9,-244,365,202
-1,-245,7,-228,349,176
2,-246,11,-212,351,155
7,-251,12,-200,351,136
10,-258,18,-189,352,110
13,-258,17,-164,356,93
16,-262,16,-138,357,72
22,-265,24,-106,359,54
19,-265,22,-74,358,34
25,-266,16,-42,357,18
27,-269,20,-8,355,1
23,-268,19,27,354,-11
24,-273,24,61,355,-22
25,-276,29,94,361,-27
22,-277,32,134,372,-33
19,-274,30,167,381,-34
19,-275,40,196,389,-35
12,-269,38,223,398,-27
13,-269,42,250,409,-16
9,-264,37,265,406,-11
10,-256,38,273,405,-5
8,-256,40,275,411,7
8,-257,35,267,409,10
7,-257,38,247,409,16
-2,-260,39,220,410,18
-5,-267,40,197,408,22
-11,-274,36,179,400,24
-21,-275,33,157,382,31
-14,-280,36,120,354,39
-26,-286,35,72,333,54
-39,-306,38,26,315,76
-51,-328,44,-7,299,113
-39,-341,39,-42,282,156
-37,-360,21,-93,252,211
-43,-374,8,-158,197,260
-45,-388,1,-187,166,319
-36,-395,2,-181,146,385
-30,-404,-3,-157,128,454
-26,-407,-7,-111,108,520
-21,-403,-10,-39,88,587
-21,-393,-9,62,65,646
-12,-379,-7,172,43,705
3,-364,-20,272,30,749
26,-353,-28,349,36,781
36,-341,-29,407,63,782
41,-332,-26,438,98,767
46,-318,-29,459,137,735
51,-299,-34,472,175,701
58,-285,-41,470,215,653
57,-259,-62,453,257,602
56,-237,-77,425,308,549
53,-222,-85,392,363,502
52,-209,-94,350,418,464
48,-204,-92,307,484,431
45,-194,-94,258,534,404
41,-190,-91,213,576,382
39,-193,-88,164,609,359
37,-202,-84,111,635,341
35,-214,-76,59,655,329
34,-233,-73,9,660,323
30,-245,-65,-40,652,315
27,-262,-56,-81,628,307
18,-277,-41,-110,589,296
17,-292,-36,-123,532,278
13,-298,-27,-118,478,255
10,-310,-20,-101,423,230
5,-313,-11,-79,369,196
1,-318,-11,-50,319,160
-1,-319,-9,-19,274,116
-6,-314,-3,9,232,70
-11,-311,-4,38,198,21
-11,-306,-4,70,165,-33
-14,-299,-10,110,147,-87
-10,-291,-17,145,119,-154
-11,-300,-16,186,106,-217
-12,-279,-26,249,93,-283
-12,-271,-24,279,72,-307
-12,-271,-32,275,38,-314
-20,-267,-36,265,0,-322
-23,-261,-32,247,-45,-328
-26,-263,-35,219,-95,-336
-23,-263,-29,182,-154,-343
-27,-259,-27,157,-185,-346
-26,-258,-22,144,-223,-347
-27,-257,-17,129,-270,-362
-23,-252,-14,121,-313,-378
-19,-252,-13,110,-357,-393
-11,-248,-17,107,-387,-400
-9,-245,-12,102,-411,-408
-12,-237,-14,98,-432,-410
-7,-238,-7,89,-465,-419
-3,-239,-6,84,-501,-422
-3,-237,0,77,-537,-430
3,-238,0,60,-580,-439
5,-237,1,49,-607,-437
11,-242,2,45,-628,-431
13,-245,3,44,-643,-421
17,-247,7,32,-667,-416
23,-248,8,21,-687,-408
28,-248,8,22,-695,-392
34,-250,13,23,-710,-376
41,-252,9,21,-721,-362
43,-251,14,27,-728,-339
48,-250,19,30,-737,-317
46,-252,17,30,-744,-300
50,-251,11,37,-750,-285
46,-246,11,46,-751,-258
43,-246,10,47,-748,-231
44,-248,6,55,-745,-211
40,-246,4,67,-734,-191
35,-241,6,84,-717,-174
35,-239,7,95,-698,-153
31,-241,5,109,-672,-133
33,-242,8,127,-648,-111
33,-246,13,144,-622,-93
28,-250,16,160,-596,-80
31,-250,15,175,-573,-69
32,-252,21,184,-551,-55
34,-253,22,189,-529,-46
36,-254,23,195,-507,-38
37,-254,28,202,-483,-35
38,-255,26,207,-462,-30
40,-255,28,212,-437,-28
41,-253,30,216,-418,-22
43,-258,33,223,-401,-19
41,-260,31,229,-388,-14
45,-260,29,239,-375,-8
37,-257,35,247,-367,-1
36,-253,36,254,-362,6
38,-253,33,260,-358,18
40,-249,35,261,-358,31
36,-246,34,251,-360,48
36,-249,35,227,-371,71
38,-249,37,203,-384,93
33,-250,39,176,-402,114
32,-252,35,151,-421,137
30,-257,39,131,-438,162
25,-260,39,116,-451,190
28,-270,42,97,-466,215
32,-283,46,73,-489,235
33,-300,46,30,-523,245
38,-323,36,-35,-568,241
39,-336,30,-148,-635,217
25,-345,5,-251,-692,185
10,-353,-18,-351,-742,147
9,-365,-31,-407,-774,109
12,-372,-18,-379,-785,55
14,-366,-5,-266,-779,-2
9,-352,-2,-129,-766,-59
6,-341,-4,-13,-752,-100
-3,-328,-16,63,-752,-127
-6,-309,-27,95,-768,-146
-10,-290,-32,96,-789,-151
-10,-273,-37,88,-813,-144
-9,-256,-40,89,-841,-139
-8,-240,-46,90,-871,-133
0,-222,-55,85,-902,-135
4,-215,-58,69,-924,-138
10,-202,-62,41,-939,-150
20,-190,-62,4,-946,-165
24,-184,-64,-36,-945,-182
30,-185,-63,-74,-936,-201
37,-193,-61,-128,-923,-218
47,-205,-52,-178,-904,-225
51,-212,-46,-227,-880,-233
61,-228,-42,-275,-843,-232
68,-244,-32,-317,-795,-226
76,-261,-21,-346,-730,-208
78,-280,-9,-366,-645,-184
85,-303,-1,-377,-553,-151
93,-317,0,-386,-454,-107
94,-337,5,-399,-330,-55
92,-340,6,-402,-262,-17
90,-338,2,-390,-203,33
84,-337,0,-363,-145,88
69,-328,1,-323,-95,140
59,-314,3,-265,-69,173
53,-297,-9,-209,-52,204
49,-287,-12,-162,-28,232
41,-277,-19,-129,-2,258
37,-269,-19,-103,22,279
25,-258,-23,-82,51,295
21,-255,-25,-79,73,298
13,-249,-28,-80,87,302
7,-246,-28,-84,98,298
6,-249,-31,-90,106,291
6,-254,-32,-91,114,279
3,-252,-26,-86,123,264
5,-252,-22,-79,138,248
9,-260,-20,-71,157,232
12,-255,-16,-63,186,209
13,-255,-12,-53,218,190
16,-253,-12,-49,251,167
19,-251,-16,-41,284,150
22,-251,-13,-37,326,135
20,-250,-15,-35,357,118
17,-249,-17,-30,388,98
10,-250,-14,-24,418,87
11,-252,-12,-25,442,72
9,-253,-11,-21,456,57
9,-253,-11,-15,478,37
8,-252,-6,-13,492,24
13,-251,-7,-13,503,6
7,-251,-2,-17,510,-6
9,-261,0,-26,510,-20
6,-273,2,-39,505,-26
20,-276,-2,-62,495,-30
38,-270,-21,-108,471,-32
36,-262,-33,-170,444,-32
28,-256,-30,-231,417,-23
11,-239,-7,-242,405,-17
11,-230,12,-191,378,-22
16,-229,30,-126,358,-34
15,-231,35,-72,356,-45
25,-234,31,-59,359,-64
22,-244,36,-101,391,-78
23,-251,40,-148,408,-99
35,-252,37,-187,421,-115
34,-255,36,-220,443,-127
39,-253,33,-247,466,-131
26,-250,25,-270,495,-141
23,-248,19,-286,505,-150
17,-244,14,-299,514,-158
5,-242,9,-320,517,-160
1,-239,4,-349,511,-162
-6,-241,3,-393,500,-157
-11,-242,4,-447,483,-151
-18,-243,4,-500,462,-143
-19,-244,1,-548,435,-134
-14,-248,1,-592,401,-121
-20,-251,4,-629,355,-102
-16,-253,1,-667,306,-79
-12,-261,-5,-694,251,-60
-3,-267,-4,-718,192,-37
5,-270,-7,-745,139,-15
14,-274,-10,-770,94,10
18,-275,-13,-791,60,36
20,-278,-18,-802,34,66
20,-280,-24,-810,16,91
25,-279,-22,-807,1,120
23,-281,-21,-794,-14,152
23,-282,-21,-777,-26,181
27,-283,-22,-755,-41,206
33,-288,-27,-726,-56,236
35,-290,-24,-679,-69,258
40,-292,-26,-622,-73,278
44,-293,-24,-558,-72,290
47,-291,-25,-487,-71,300
46,-286,-31,-414,-75,302
48,-286,-37,-341,-85,303
49,-281,-49,-269,-100,300
47,-276,-51,-227,-106,299
43,-276,-56,-203,-107,294
39,-270,-60,-192,-102,292
39,-271,-61,-190,-88,286
35,-270,-63,-198,-66,281
34,-270,-65,-209,-38,275
32,-274,-65,-219,-7,266
33,-273,-72,-226,22,253
29,-273,-69,-227,51,238
28,-274,-68,-219,75,224
25,-275,-73,-203,86,214
22,-274,-73,-182,84,205
18,-272,-73,-158,75,207
18,-273,-72,-135,59,211
8,-265,-75,-117,40,225
5,-263,-78,-110,12,244
1,-259,-78,-113,-16,272
0,-251,-75,-121,-52,305
1,-247,-75,-132,-89,347
0,-242,-68,-137,-133,382
2,-245,-66,-134,-171,418
8,-243,-66,-123,-209,447
14,-246,-66,-112,-247,474
22,-243,-64,-104,-286,494
28,-241,-65,-95,-320,512
35,-248,-65,-87,-352,523
38,-250,-66,-77,-378,528
44,-253,-68,-67,-397,526
47,-258,-73,-59,-411,521
48,-258,-79,-54,-424,508
48,-259,-79,-50,-434,499
49,-253,-80,-49,-446,483
50,-252,-84,-51,-458,470
44,-252,-86,-53,-470,458
45,-247,-89,-62,-481,452
-944,-855,-570,-89,-537,502
105,-396,-124,-82,-1866,1917
59,-280,-102,142,-1923,1831
90,-141,3,66,-1573,1599
-55,-307,-84,-33,-1385,1216
20,-357,-228,95,-1514,1419
-52,-222,-69,74,-1284,1501
-3,-274,-76,80,-1270,1495
-200,-164,-87,79,-1134,1254
705,-76,-44,-38,-1097,1190
301,-239,-239,-70,-978,914
-271,-286,244,-31,-839,655
216,-325,-288,150,-1036,984
-225,-34,-149,-164,-710,466
566,-3,-115,-558,-559,240
797,17,308,-995,-94,-299
-83,-440,198,-1028,269,100
13,-219,84,39,-240,994
500,0,-15,476,-292,376
-172,-168,178,367,-470,301
606,-235,-5,392,-530,627
-613,-433,95,306,-427,298
-383,-182,-391,438,-559,659
104,186,-413,112,-307,129
551,-326,196,-330,-179,194
300,-50,-221,68,-764,454
771,-144,-43,-462,-581,315
864,252,638,-919,-400,-223
-752,-350,98,-1368,656,-1208
358,-310,127,-1043,584,-416
-182,-257,-53,-272,1271,-999
-98,-384,-130,-112,880,-507
32,-359,-210,-127,91,-18
-16,-332,-116,-178,-55,114
-7,-309,-85,-207,-179,166
-9,-302,-77,-190,-226,198
-16,-289,-70,-158,-264,207
-22,-270,-73,-111,-305,212
-29,-251,-80,-69,-334,211
-32,-239,-70,-38,-339,219
-30,-232,-65,-15,-321,225
-32,-224,-61,4,-297,238
-31,-226,-57,9,-281,242
-28,-223,-66,-10,-268,240
-31,-227,-65,-50,-260,235
-33,-230,-71,-85,-272,224
-32,-237,-82,-116,-294,209
-34,-239,-79,-140,-321,192
-32,-244,-76,-156,-350,171
-31,-244,-75,-158,-376,160
-34,-245,-78,-151,-408,149
-38,-245,-81,-137,-441,137
-35,-238,-82,-121,-467,127
-34,-231,-90,-109,-496,109
-33,-224,-88,-101,-508,90
-29,-216,-97,-92,-511,82
-32,-204,-98,-69,-497,91
-33,-196,-99,-83,-505,78
-32,-185,-103,-119,-511,68
-29,-174,-110,-163,-514,61
-25,-173,-109,-209,-506,60
-32,-163,-102,-247,-485,69
-33,-153,-95,-294,-495,63
-25,-153,-100,-346,-508,61
-26,-149,-104,-393,-492,68
-28,-148,-95,-434,-479,69
-29,-146,-91,-478,-498,64
-23,-145,-89,-532,-525,56
-18,-144,-95,-583,-524,42
-19,-144,-96,-623,-504,29
-15,-143,-94,-649,-489,9
-19,-137,-85,-654,-475,-5
-9,-141,-95,-653,-481,-18
21,-132,-109,-656,-445,-48
-6,-125,-89,-671,-360,-87
-18,-123,-62,-662,-349,-98
-9,-118,-66,-641,-425,-108
-15,-114,-65,-625,-485,-133
-14,-110,-63,-625,-534,-161
-19,-110,-64,-645,-575,-190
-21,-117,-64,-673,-609,-229
-28,-119,-61,-683,-621,-264
-32,-131,-61,-679,-632,-298
-43,-134,-39,-665,-642,-338
-41,-146,-46,-631,-697,-343
-50,-148,-33,-608,-743,-348
-49,-149,-29,-588,-805,-340
-42,-153,-24,-564,-862,-315
-38,-152,-14,-539,-910,-296
-39,-149,-15,-500,-952,-272
-33,-146,-11,-447,-989,-245
-23,-135,-15,-398,-1037,-224
-23,-124,-15,-354,-1076,-227
-15,-118,-30,-331,-1100,-221
-9,-119,-29,-337,-1091,-195
-2,-120,-24,-383,-1051,-177
6,-128,-37,-453,-996,-164
15,-141,-37,-514,-937,-128
18,-145,-37,-542,-871,-81
38,-167,-29,-512,-799,-25
41,-190,-16,-466,-751,6
42,-200,7,-438,-732,26
25,-193,15,-429,-727,26
24,-203,17,-395,-713,52
25,-211,14,-372,-709,68
19,-215,6,-356,-692,81
21,-228,3,-347,-664,112
6,-237,3,-346,-623,156
-10,-212,52,-298,-586,214
-17,-273,-5,-66,-549,282
-42,-293,13,-45,-565,382
-53,-301,24,-53,-569,471
-42,-314,21,52,-552,555
-39,-326,0,220,-504,625
-31,-330,-8,333,-440,691
-26,-293,-3,417,-377,754
-16,-325,-22,603,-278,834
0,-351,-39,657,-230,939
-23,-313,-16,661,-210,992
-23,-290,-3,802,-161,1055
-29,-268,6,935,-108,1072
-39,-259,4,1069,-27,1143
-53,-256,-3,1224,29,1267
-63,-253,-15,1387,89,1357
-58,-259,-19,1476,164,1492
-48,-268,-18,1537,230,1604
-42,-270,-20,1595,312,1683
-35,-257,-10,1660,390,1771
-35,-244,-3,1716,455,1849
-37,-237,3,1746,501,1953
-42,-223,5,1758,547,2032
-45,-232,4,1760,582,2118
-57,-223,-8,1749,608,2232
-64,-240,-13,1720,607,2313
-103,-231,-12,1711,614,2411
-149,-217,-8,1715,608,2530
-148,-231,19,1679,556,2647
-158,-224,26,1609,435,2727
-169,-237,25,1531,273,2774
-170,-247,27,1491,104,2797
-170,-287,11,1470,-89,2791
-250,-319,4,1402,-283,2767
-302,-366,2,1308,-513,2764
-320,-409,-6,1231,-727,2773
-336,-438,-2,1235,-952,2763
-364,-460,-4,1271,-1194,2738
-362,-474,-20,1298,-1461,2708
-352,-491,-41,1322,-1732,2666
-378,-543,-79,1300,-1950,2630
-377,-539,-65,1139,-2070,2628
-415,-579,-77,980,-2218,2632
-440,-650,-60,817,-2341,2649
-479,-729,-10,689,-2422,2677
-537,-812,27,671,-2431,2750
-578,-1002,74,804,-2407,2800
-633,-944,77,1037,-2450,2735
-663,-961,65,1468,-2479,2695
-631,-925,47,1738,-2424,2737
-509,-780,26,1848,-2313,2682
-354,-644,-4,1908,-2184,2594
-204,-490,-34,1953,-2033,2501
-91,-395,-36,2079,-1790,2463
4,-261,-20,2235,-1462,2434
111,-174,9,2408,-1213,2453
164,-106,42,2513,-902,2494
147,-55,84,2494,-559,2548
86,-27,127,2315,-278,2547
31,-29,163,2035,-75,2514
-38,-48,171,1777,67,2485
-71,-66,163,1623,117,2491
-121,-101,140,1590,65,2524
-160,-132,123,1660,-46,2562
-179,-150,100,1842,-228,2595
-192,-161,82,2016,-366,2603
-180,-158,79,2166,-459,2603
-152,-149,65,2265,-519,2591
-131,-142,69,2309,-569,2562
-82,-115,74,2302,-538,2538
-78,-63,89,2273,-426,2461
-96,-20,98,2235,-330,2422
-133,14,102,2234,-261,2433
-158,22,84,2264,-235,2495
-177,19,72,2271,-238,2560
-175,7,73,2269,-211,2615
-182,-4,72,2255,-174,2648
-188,-20,86,2246,-149,2682
-191,-41,106,2249,-169,2712
-177,-58,105,2242,-223,2745
-156,-80,100,2224,-279,2769
-140,-89,104,2222,-325,2785
-163,-77,126,2237,-347,2778
-189,-66,150,2262,-336,2761
-142,-54,140,2307,-371,2744
-118,-32,102,2285,-410,2697
-128,6,80,2192,-407,2632
-200,29,117,2081,-366,2591
-220,25,162,2055,-321,2589
-214,50,171,2134,-327,2638
-233,64,154,2168,-392,2681
-265,82,139,2119,-429,2701
-275,95,134,2033,-448,2709
-262,95,140,1946,-503,2714
-264,99,157,1902,-546,2696
-272,104,162,1873,-584,2688
-273,109,168,1807,-632,2674
-287,122,174,1726,-659,2645
-297,139,180,1634,-682,2603
-289,162,147,1538,-724,2552
-297,181,124,1441,-746,2465
-295,223,129,1375,-729,2362
-319,235,159,1289,-670,2238
-321,251,147,1242,-665,2056
-295,258,117,1095,-750,1906
-281,255,87,895,-846,1704
-277,262,74,704,-867,1452
-280,230,96,545,-817,1178
-285,235,72,523,-729,863
-331,206,79,487,-633,639
-350,149,93,440,-620,448
-344,93,129,396,-613,219
-324,64,157,379,-586,-50
-290,64,165,382,-534,-270
-256,65,161,354,-471,-285
-281,63,180,263,-438,-321
-255,59,151,152,-554,-382
-200,65,125,27,-626,-443
-218,79,146,-78,-632,-464
-192,108,132,-129,-772,-464
-162,126,118,-160,-927,-451
-136,143,99,-198,-1013,-405
-117,149,86,-236,-1059,-358
-105,149,69,-260,-1088,-307
-94,145,64,-265,-1087,-284
-84,135,67,-251,-1074,-270
-77,125,66,-225,-1052,-265
-78,121,73,-210,-1028,-262
-79,112,86,-206,-1016,-266
-81,104,93,-198,-1026,-262
-90,99,96,-186,-1036,-263
-92,93,100,-172,-1047,-266
-98,89,111,-153,-1061,-271
-99,89,117,-118,-1075,-279
-108,93,123,-91,-1090,-279
-111,95,127,-72,-1096,-265
-120,96,127,-70,-1101,-264
-120,95,124,-76,-1100,-259
-126,96,118,-78,-1095,-267
-133,96,120,-68,-1078,-278
-126,100,124,-46,-1065,-291
-131,101,125,-21,-1054,-302
-139,110,134,1,-1038,-317
-138,111,137,9,-1038,-329
-139,115,148,7,-1046,-339
-155,127,157,9,-1042,-362
-150,136,162,7,-1050,-388
-158,142,163,3,-1047,-394
-167,160,172,-18,-1035,-456
-163,164,174,-62,-1037,-491
-165,163,174,-117,-1035,-502
-176,167,185,-185,-1012,-544
-167,159,185,-235,-993,-580
-165,158,192,-300,-976,-611
-162,155,187,-358,-963,-626
-164,147,194,-408,-940,-644
-154,142,193,-452,-923,-680
-160,128,191,-472,-898,-673
-164,126,196,-485,-860,-698
-154,121,193,-494,-823,-722
-145,113,192,-512,-791,-728
-135,114,191,-535,-755,-743
-130,106,196,-561,-708,-752
-115,99,197,-576,-639,-754
-107,92,201,-579,-574,-754
-99,91,206,-575,-503,-752
-100,91,201,-569,-434,-733
-91,95,206,-584,-370,-730
-86,102,206,-630,-321,-738
-79,100,213,-693,-267,-726
-86,94,216,-760,-208,-711
-79,77,211,-815,-160,-678
-77,75,205,-863,-127,-638
-74,62,201,-896,-95,-598
-72,55,205,-875,-68,-561
-66,49,201,-813,-27,-532
-66,51,193,-732,18,-512
-68,49,189,-647,54,-501
-65,38,185,-575,86,-492
-69,54,178,-535,111,-479
-70,49,175,-429,132,-482
-67,46,175,-366,140,-482
-87,41,186,-313,150,-492
-89,32,193,-249,171,-494
-95,22,209,-262,177,-510
-98,43,210,-211,200,-557
-118,42,212,-84,250,-590
-132,41,217,-26,298,-575
-144,18,214,-57,320,-560
-164,69,258,-83,341,-574
-162,48,223,61,381,-596
-149,37,230,53,390,-580
-140,-18,193,-41,383,-611
-149,13,244,-261,340,-700
-148,-9,210,-182,348,-774
-129,-18,203,-113,364,-760
-90,-76,164,-112,365,-789
-96,-22,195,-253,350,-845
-130,-42,195,-251,385,-951
-125,-55,193,-169,398,-930
-113,-84,183,-102,364,-870
-128,-39,200,-82,312,-848
-124,-27,182,38,322,-865
-143,-45,185,122,366,-860
-150,-65,156,162,337,-822
-168,-26,203,151,274,-780
-161,-35,146,267,231,-775
-147,-28,130,250,204,-812
-159,-20,142,158,218,-855
-164,-20,147,133,254,-825
-170,-19,142,186,327,-779
-172,-32,154,218,392,-720
-160,-34,159,220,409,-651
-160,-24,159,203,387,-603
-166,-31,161,170,374,-577
-170,-30,162,139,365,-543
-176,-37,169,92,367,-506
-175,-48,171,45,376,-412
-178,-58,173,21,376,-318
-169,-71,179,7,354,-235
-165,-79,183,1,321,-187
-154,-77,186,16,297,-150
-149,-71,184,51,289,-116
-143,-59,172,106,300,-102
-154,-46,177,142,339,-104
-157,-40,174,186,364,-80
-161,-29,168,227,395,-65
-166,-19,170,238,427,-44
-173,-10,169,208,443,-9
-186,-13,173,157,442,36
-200,-19,172,97,426,81
-204,-26,175,21,398,116
-206,-34,181,-42,352,139
-208,-38,181,-95,307,157
-206,-46,174,-113,263,169
-201,-47,166,-130,213,174
-197,-47,166,-155,158,167
-201,-49,162,-174,110,159
-202,-44,165,-186,66,140
-196,-40,165,-194,29,126
-188,-29,163,-182,-3,112
-188,-20,161,-161,-40,105
-181,-20,160,-140,-93,103
-181,-20,163,-126,-130,101
-173,-21,161,-130,-169,101
-174,-22,162,-135,-205,107
-177,-25,160,-143,-239,104
-181,-27,157,-145,-273,100
-181,-32,154,-139,-307,88
-181,-35,151,-119,-340,81
-182,-35,154,-93,-374,71
-182,-30,151,-62,-403,69
-185,-26,149,-19,-434,65
-184,-20,149,41,-455,64
-184,-20,151,94,-468,63
-184,-12,152,144,-475,68
-181,-10,156,187,-478,75
-183,-1,154,219,-478,87
-179,2,166,238,-474,97
-175,5,166,244,-468,113
-178,9,173,246,-455,127
-169,13,174,247,-442,146
-177,12,182,234,-430,177
-196,13,185,224,-405,199
-182,-8,192,232,-428,260
-183,8,178,262,-490,254
-176,99,149,208,-468,130
-308,137,151,-7,-595,-177
-293,108,159,-363,-962,-265
-161,25,201,-757,-1111,-80
34,-85,258,-817,-961,92
-88,-111,229,-390,-721,183
-152,-33,143,202,-611,199
-41,33,125,327,-654,112
-77,22,147,130,-644,110
-111,5,165,-119,-579,202
-134,4,175,-240,-525,237
-136,8,190,-213,-439,242
-134,10,205,-82,-311,208
-123,16,234,48,-145,168
-111,16,253,155,40,133
-113,22,264,240,212,89
-115,33,267,297,353,43
-111,41,257,284,366,19
-114,41,252,211,323,16
-115,35,250,105,269,20
-111,31,244,16,204,20
-105,23,236,-44,128,24
-101,14,222,-79,57,25
-102,10,215,-100,4,30
-95,3,210,-111,-23,34
-90,5,200,-103,-38,35
-84,8,198,-87,-36,27
-88,12,195,-83,-17,25
-90,9,199,-93,4,19
-89,11,201,-111,24,19
-96,6,203,-132,43,15
-97,-10,202,-124,49,27
-99,-4,199,-72,53,28
-107,2,197,-20,85,14
-106,-2,196,27,109,13
-109,-3,195,72,115,18
-104,5,179,93,62,28
-115,22,168,73,-50,7
-135,7,189,40,-34,-11
-131,-6,191,61,41,8
-132,3,188,96,52,-9
-146,16,183,103,64,-47
-148,19,178,69,85,-69
-151,9,180,8,114,-77
-149,-1,185,-36,153,-83
-150,-4,190,-43,212,-90
-154,-4,186,-23,256,-100
-160,0,190,-9,284,-103
-160,1,189,-11,300,-108
-164,2,193,-26,303,-105
-163,1,193,-43,299,-105
-163,4,196,-58,288,-97
-164,0,193,-72,276,-91
-168,-1,192,-82,259,-84
-166,-3,192,-91,239,-79
-165,-4,192,-95,213,-70
-165,-6,188,-95,195,-66
-162,-8,188,-91,176,-60
-157,-11,181,-85,162,-55
-159,-13,183,-77,151,-46
-159,-10,182,-69,140,-44
-156,-9,183,-59,137,-39
-156,-9,183,-48,133,-38
-155,-10,179,-38,132,-34
-152,-11,178,-29,133,-32
-154,-11,179,-18,134,-28
-151,-9,187,-7,131,-27
-155,-9,182,3,131,-23
-149,-7,187,9,124,-22
-148,-11,185,15,117,-17
-148,-7,185,19,107,-19
-147,-6,184,21,98,-15
-148,-5,184,23,84,-16
-148,-7,188,24,70,-11
-144,-7,186,26,55,-12
-144,-5,186,25,38,-8
-144,-2,188,25,22,-8
-143,-6,187,22,10,-6
-145,-5,188,19,-1,-7
-142,-1,190,15,-10,-3
-144,-3,192,12,-15,-3
-144,-5,192,11,-22,1
-141,-2,190,10,-26,0
-138,-2,187,9,-26,5
-139,-2,189,9,-26,4
-145,0,190,11,-22,8
-141,1,192,12,-20,7
-140,-1,191,12,-18,10
-141,2,191,12,-14,10
-141,3,194,13,-9,15
-141,-1,191,13,-4,14
-141,4,189,13,-1,18
-145,4,194,11,2,19
-143,1,193,10,5,25
-142,4,192,9,6,26
-142,2,190,4,8,27
-143,3,193,2,11,26
-146,3,192,1,10,29
-142,2,190,0,10,27
-142,6,191,-1,12,29
-141,4,191,-2,14,27
-142,4,193,-5,15,30
-142,4,193,-5,17,27
-142,5,193,-5,17,28
-144,3,190,-6,16,25
-142,3,192,-7,16,25
-142,4,189,-7,14,21
-143,5,189,-7,12,21
-142,3,192,-8,11,17
-140,3,192,-10,8,20
-144,3,192,-12,5,15
-141,3,192,-14,4,16
-144,3,192,-16,3,14
-139,1,190,-19,0,13
-141,1,190,-19,-2,7
-140,3,190,-18,-2,10
-144,0,192,-18,-2,5
-143,2,191,-18,-1,6
-138,-2,187,-18,0,3
-140,-3,193,-17,0,4
-139,-1,192,-18,2,0
-140,1,191,-17,4,-1
-141,0,192,-17,5,-4
-138,-1,192,-16,10,-5
-140,3,193,-16,13,-8
-138,-1,192,-14,18,-7
-135,-2,192,-13,21,-11
-136,-3,193,-11,25,-9
-138,1,192,-9,28,-13
-137,0,192,-7,31,-11
-138,-3,196,-6,34,-14
-138,1,192,-5,37,-12
-137,1,192,-4,42,-13
-132,0,193,-4,43,-12
-137,0,193,-4,45,-14
-136,-2,194,-3,49,-13
-133,-1,193,-3,50,-15
-138,-2,194,-2,53,-13
-137,-2,193,-1,56,-16
-135,-1,195,-2,58,-14
-133,1,194,-3,60,-16
-137,0,194,-3,62,-13
-138,1,193,-3,65,-15
-135,0,194,-4,68,-12
-138,0,191,-3,70,-15
-138,1,195,-3,72,-12
-138,1,192,-2,74,-15
-137,-2,194,-2,76,-13
-137,0,194,-2,76,-14
-139,1,193,0,77,-11
-139,3,194,2,76,-12
-138,1,193,1,74,-10
-141,2,194,0,76,-12
-136,2,192,1,74,-9
-140,-2,192,2,75,-12
-141,2,190,2,75,-10
-143,1,193,2,75,-10
-141,2,190,-1,75,-8
-142,2,192,-4,73,-10
-143,0,194,-5,70,-6
-141,-1,194,-7,68,-9
-144,-5,188,-7,67,-5
-145,-1,190,-8,64,-6
-145,0,188,-6,63,-2
-146,2,191,-6,60,-3
-146,0,188,-6,57,0
-147,-1,192,-6,56,0
-141,2,192,-7,55,3
-144,2,190,-6,55,3
-143,1,190,-5,56,5
-142,0,189,-3,54,3
-144,1,190,-3,53,7
-142,5,189,1,51,5
-145,4,192,2,50,6
-144,2,190,-1,50,3
-142,1,189,-5,47,4
-143,0,188,-4,42,1
-142,1,192,-4,37,3
-143,2,192,-5,31,4
-143,3,193,-5,27,4
-145,12,192,-5,27,1
-142,3,193,-4,27,2
-144,3,189,-4,26,-2
-141,3,190,-1,25,0
-140,1,191,-2,25,-3
-139,0,196,-1,24,-2
-139,1,192,-2,24,-3
-140,3,195,-1,23,-1
-140,1,195,-2,22,-3
-139,-2,188,-3,23,-2
-140,3,191,-5,23,-3
-139,3,193,-8,24,1
-140,2,195,-9,26,-1
-139,2,195,-11,29,1
-139,1,194,-12,30,-2
-137,-1,193,-12,31,1
-138,0,188,-10,34,-2
-138,1,191,-10,36,0
-137,3,191,-10,39,-3
-139,0,193,-9,42,-1
-137,3,191,-8,44,-1
-137,0,195,-6,46,1
-138,1,194,-4,46,-2
-138,3,196,-3,48,0
-136,2,193,1,48,-2
-137,4,190,1,50,0
-139,1,191,0,50,-2
-137,4,192,0,51,-2
-136,0,197,0,52,-3
-138,3,192,0,52,-1
-137,0,196,-1,52,-3
-138,3,192,-3,54,-1
-137,-1,196,-4,55,-4
-139,1,192,-5,55,-2
-140,3,190,-5,56,-5
-139,3,192,-6,57,-3
-138,4,196,-7,58,-5
-137,-1,194,-7,57,-4
-139,1,194,-8,58,-6
-140,3,193,-11,60,-2
-139,0,191,-13,61,-4
-140,3,193,-14,61,-3
-140,4,190,-15,61,-4
-140,1,193,-19,61,-1
-141,2,191,-21,61,-3
-140,-1,193,-23,62,-2
-140,0,187,-25,63,-4
-138,1,193,-24,63,-1
-141,3,194,-25,63,-3
-142,1,192,-29,66,-1
-142,2,193,-30,66,-4
-140,1,190,-30,68,-2
-140,1,192,-31,66,-4
-142,3,192,-31,67,-1
-141,0,193,-30,66,-5
-139,3,191,-30,67,-2
-141,1,193,-30,65,-4
-139,-1,194,-27,64,-2
-138,0,192,-27,64,-5
-140,0,194,-25,61,-3
-139,2,188,-23,61,-3
-139,3,191,-21,61,-2
-139,0,190,-21,59,-4
-139,-1,192,-21,60,-3
-138,0,192,-22,59,-4
-140,3,192,-22,56,-1
-140,2,190,-23,56,-3
-139,3,189,-23,57,-2
-141,0,194,-23,54,-4
-140,1,193,-26,54,-2
-139,1,193,-25,54,-4
-140,0,194,-26,53,-1
-140,0,189,-26,52,-3
-140,0,193,-27,52,0
-139,-1,191,-27,52,-2
-140,1,190,-27,53,0
-137,-1,192,-28,53,-2
-140,2,192,-27,53,1
-140,2,193,-26,53,-1
-139,-1,192,-25,53,1
-139,-1,191,-25,55,-1
-139,1,193,-25,55,1
-139,0,191,-24,55,-1
-138,1,192,-22,55,2
-140,0,191,-21,55,0
-139,2,192,-22,54,3
-138,-1,191,-22,54,0
-139,1,195,-21,53,2
-138,0,192,-20,55,-1
-139,-2,192,-21,55,1
-138,1,192,-19,55,0
-139,0,192,-21,56,2
-139,1,189,-22,57,-1
-140,1,193,-22,55,1
-140,1,194,-23,57,-2
-139,-1,193,-22,57,0
-137,-2,191,-23,57,-1
-138,-1,191,-23,57,0
-140,3,196,-22,57,-2
-138,-2,191,-22,59,1
-137,2,192,-20,58,-2
-140,8,191,-22,59,-1
-139,1,194,-23,58,-3
-141,1,193,-23,59,-1
-140,5,190,-21,58,-4
-138,2,193,-21,57,-1
-139,0,195,-20,57,-4
-139,0,191,-20,58,-2
-140,3,193,-19,59,-4
-140,-1,192,-18,60,-3
-140,1,193,-17,60,-7
-139,-2,194,-16,59,-5
-137,-1,192,-16,58,-8
-138,-4,193,-17,59,-4
-138,-1,192,-18,59,-8
-138,-2,194,-17,59,-5
-138,-2,193,-15,59,-7
-140,0,189,-10,60,-4
-138,-4,192,-8,61,-5
-139,-1,192,-5,63,-2
-140,-1,192,-5,63,-5
-138,2,190,-6,63,-1
-140,2,191,-7,64,-3
-141,0,194,-9,67,-2
-140,2,193,-11,66,-4
-139,3,194,-13,66,-1
-140,3,196,-18,66,-3
-140,0,192,-20,65,1
-138,0,192,-22,65,-1
-140,0,195,-24,65,1
-139,0,194,-25,64,0
-140,4,197,-25,64,3
-140,0,194,-23,62,-1
-138,-1,193,-21,61,1
-137,3,190,-18,61,-1
-141,-1,193,-16,60,0
-141,1,192,-14,60,-2
-138,-2,191,-14,59,0
-141,1,193,-14,60,-3
-141,1,193,-11,61,-1
-139,1,196,-10,60,-4
-140,2,192,-12,60,-1
-140,1,194,-14,58,-3
-140,1,193,-15,57,-2
-141,2,192,-17,56,-5
-139,1,192,-19,56,-1
-141,0,193,-21,57,-4
-140,0,192,-23,56,0
-141,3,193,-23,58,-3
-140,0,191,-23,57,-2
-138,1,192,-25,57,-3
-139,2,191,-25,57,-1
-139,1,195,-26,58,-4
-139,-2,194,-28,58,-2
-140,-1,193,-26,58,-4
-136,-1,190,-25,59,-1
-139,2,193,-25,60,-3
-138,0,191,-24,58,0
-140,0,193,-23,60,-2
-140,1,194,-23,60,0
-140,-1,192,-23,58,-2
-138,0,193,-23,58,1
-138,1,191,-22,60,-2
-140,3,190,-21,58,0
-139,2,192,-21,58,-2
-140,1,192,-20,59,0
-136,0,194,-21,59,-2
-139,1,194,-22,59,0
-137,1,193,-22,59,-1
-139,0,192,-21,58,0
-139,-1,193,-20,59,-2
-139,-1,193,-18,57,1
-140,0,191,-18,58,-2
-139,1,191,-17,57,0
-139,0,192,-18,57,-2
-136,-3,193,-17,58,0
-140,-1,192,-18,59,-1
-140,1,190,-17,60,1
-140,0,194,-18,61,0
-139,0,194,-20,62,2
-140,-1,192,-20,63,-2
-140,0,195,-21,64,1
-139,0,192,-21,64,-1
-140,-1,192,-22,65,1
-140,1,192,-21,65,0
-141,2,194,-20,65,3
-142,1,189,-17,66,0
-139,-1,191,-16,65,1
-141,3,191,-16,65,-2
-138,-1,193,-14,65,1
-140,-2,194,-14,65,0
-140,2,192,-15,64,2
-140,0,192,-13,63,-1
-141,0,193,-13,63,2
-139,2,192,-12,60,-2
-139,0,192,-12,62,1
-140,0,190,-12,61,-2
-140,0,190,-11,61,-1
-141,2,192,-10,60,-4
-141,0,192,-10,60,-1
-141,2,193,-11,60,-4
-139,0,191,-10,58,-1
-138,1,192,-10,58,-5
-139,2,191,-11,58,-1
-141,-1,191,-11,57,-5
-138,0,191,-11,58,-2
-139,1,189,-12,58,-4
-137,2,191,-12,57,-2
-141,2,189,-12,57,-4
-138,1,194,-11,57,-2
-138,-2,192,-10,57,-4
-139,-2,192,-11,58,-2
-138,0,195,-9,58,-3
-138,-2,194,-8,58,0
-139,-2,193,-6,59,-3
-138,-1,192,-5,59,-1
-140,-1,193,-4,58,-4
-141,-2,189,-3,58,0
-139,-1,192,-3,57,-2
-140,3,191,-3,58,0
-140,0,191,-3,58,-3
-139,-3,191,-2,56,0
-138,0,191,-3,56,-2
-139,2,194,-4,57,0
-141,2,190,-5,58,-3
-140,-1,193,-4,58,1
-139,1,192,-6,58,-2
-137,-2,192,-5,59,0
-139,1,191,-6,59,-1
-140,-1,191,-6,58,0
-139,2,192,-8,59,-2
-140,0,193,-9,59,1
-137,4,189,-8,59,-1
-138,0,193,-9,60,1
-139,-1,193,-11,61,1
-140,0,191,-10,61,3
-140,1,192,-12,61,1
-140,1,193,-12,59,3
-139,3,196,-10,59,1
-141,5,193,-12,59,3
-140,4,194,-13,58,2
-140,0,192,-11,58,3
-137,-2,193,-11,59,0
-140,4,194,-11,58,3
-139,1,189,-9,59,-2
-137,-2,194,-7,60,0
-140,-2,192,-8,59,-3
-138,-1,192,-9,59,-1
-138,-1,191,-10,61,-4
-140,0,192,-11,61,-1
-141,1,192,-13,60,-4
-139,-3,195,-13,59,-1
-140,2,190,-12,60,-3
-138,-1,193,-9,61,-1
-141,1,192,-6,59,-3
-141,1,191,-6,59,0
-140,1,193,-5,60,-2
-139,-1,191,-4,61,0
-137,-2,192,-3,63,-2
-141,1,194,-2,64,0
-139,-3,193,-3,64,-1
-139,2,192,-2,64,0
-140,3,193,-2,65,-2
-139,4,192,-4,64,0
-140,0,192,-6,63,-3
-140,-1,192,-9,63,-1
-140,5,192,-10,61,-3
-139,3,192,-11,60,-2
-140,0,188,-11,58,-5
-139,2,194,-9,56,-3
-139,0,190,-8,55,-5
-140,2,192,-6,55,-2
-138,0,192,-5,53,-5
-140,2,191,-3,55,-3
-140,2,191,-2,58,-5
-139,-1,192,-3,55,-3
-139,3,194,-2,56,-6
-143,2,192,-4,56,-3
-140,1,192,-6,56,-5
-139,0,191,-7,55,-2
-138,2,194,-7,57,-4
-140,-1,188,-9,57,-3
-140,0,194,-9,58,-5
-140,0,192,-10,57,-3
-139,1,189,-11,59,-4
-140,0,193,-10,59,-1
-141,0,195,-11,58,-3
-139,-1,194,-10,58,-1
-141,-1,194,-9,58,-4
-139,-1,191,-9,58,-1
-140,3,192,-9,58,-4
-139,2,192,-8,59,-1
-140,-1,189,-8,60,-4
-140,1,192,-9,60,0
-140,2,192,-6,58,-2
-138,0,193,-6,58,2
-140,2,189,-5,60,-1
-140,4,193,-6,58,1
-140,0,193,-7,57,-2
-139,0,192,-7,56,0
-141,0,190,-8,56,-1
-137,2,191,-8,55,1
-139,4,197,-8,55,-2
-139,3,193,-9,54,-2
-138,-3,192,-8,54,-5
-140,-2,192,-8,55,-2
-139,1,193,-7,55,-5
-138,1,191,-5,54,-3
-138,1,193,-4,54,-5
-140,1,194,-4,56,-3
-140,-1,194,-4,56,-5
-140,1,192,-5,55,-2
-139,1,192,-4,56,-4
-140,3,192,-4,57,-1
-141,3,188,-4,55,-4
-140,4,192,-4,57,-2
-141,2,193,-7,56,-3
-140,1,192,-8,58,0
-139,2,191,-8,58,-5
-139,0,192,-8,59,-2
-139,0,192,-7,58,-3
-140,0,191,-8,60,-1
-140,1,190,-7,60,-4
-139,-1,192,-6,60,-2
-136,2,192,-5,59,-4
-140,4,193,-6,57,-1
-139,3,191,-6,56,-5
-140,2,194,-5,57,-2
-140,2,192,-6,56,-3
-140,1,193,-5,57,-2
-140,0,193,-6,57,-3
-139,2,192,-5,58,-1
-139,2,193,-6,57,-3
-139,-1,192,-7,56,-2
-140,2,194,-7,56,-5
-140,0,193,-6,56,-2
-140,0,191,-7,56,-5
-137,4,192,-7,56,-2
-140,1,190,-7,55,-4
-140,3,192,-7,55,-3
-142,3,193,-8,56,-4
-140,2,195,-8,55,-2
-142,5,191,-8,55,-4
-136,0,193,-9,56,-1
-138,0,188,-7,57,-5
-138,3,192,-9,56,-2
-140,1,193,-10,56,-5
-138,1,195,-9,55,-2
-140,2,191,-8,56,-4
-139,1,192,-8,55,-2
-139,1,191,-7,56,-5
-139,0,191,-8,54,-2
-140,2,192,-8,56,-4
-138,0,192,-6,57,-1
-140,3,192,-6,57,-5
-140,-1,191,-6,59,-2
-137,-2,190,-7,59,-4
-140,2,192,-5,58,-2
-140,1,193,-7,58,-4
-139,1,192,-6,57,-1
-160,-5,197,-6,57,-4
-139,0,192,-6,57,-1
-139,4,193,-7,57,-3
-139,-1,191,-7,57,0
-141,2,192,-6,56,-3
-139,2,194,-7,56,-1
-140,2,192,-8,56,-3
-138,2,192,-7,54,-1
-140,2,192,-7,55,-4
-140,3,192,-5,55,-2
-141,1,193,-7,55,-4
-140,1,195,-6,55,-2
-140,0,190,-6,56,-5
-139,-1,194,-6,56,-1
-138,4,192,-5,55,-4
-140,1,196,-4,55,-2
-140,4,192,-5,56,-5
-140,0,194,-3,54,-4
-139,1,194,-4,56,-5
-141,3,192,-5,55,-1
-138,1,194,-5,55,-4
-140,2,194,-6,56,-3
-138,1,196,-5,56,-5
-143,1,194,-6,55,-3
-139,3,191,-6,56,-4
-140,2,194,-6,55,-2
-138,2,193,-7,55,-4
-142,2,192,-6,57,-1
-142,2,193,-8,56,-5
-139,2,193,-6,57,-2
-140,5,193,-6,53,-5
-140,2,191,-8,52,-2
-138,2,192,-8,50,-5
-140,0,194,-8,49,-4
-139,1,194,-7,53,-4
-139,1,191,-4,53,-4
-139,-1,194,-6,54,-6
-139,0,192,-4,55,-5
-140,1,192,-4,56,-7
-139,2,192,-6,57,-5
-140,1,194,-10,56,-8
-139,2,195,-12,57,-5
-141,3,195,-12,56,-7
-140,2,191,-10,57,-3
-140,2,192,-7,58,-4
-139,0,192,-6,58,-2
-138,2,192,-5,58,-3
-139,1,190,-4,59,0
-140,2,193,-2,58,-3
-140,0,190,-2,62,-1
-140,3,193,0,62,-2
-139,5,191,3,63,0
-140,6,194,5,64,-2
-139,3,189,5,64,-1
-140,1,194,4,68,-4
-138,1,193,3,67,-1
-140,4,193,0,64,-2
-140,4,194,-5,63,-1
-138,2,192,-7,59,-2
-138,2,191,-8,59,-2
-137,1,192,-7,55,-4
-140,4,193,-5,54,-2
-138,1,194,-5,53,-6
-139,4,191,-5,54,-3
-139,2,194,-4,53,-5
-141,4,193,-2,52,-4
-139,0,192,-3,52,-6
-140,1,193,-3,52,-5
-141,5,193,-3,55,-7
-137,0,192,-4,54,-4
-139,4,192,-6,54,-6
-140,3,190,-6,54,-5
-141,4,194,-8,53,-7
-138,2,189,-7,55,-4
-139,3,193,-7,54,-5
-141,2,191,-9,55,-4
-140,5,191,-5,59,-5
-141,3,195,-7,60,-4
-138,0,195,-6,59,-6
-140,1,192,-8,60,-4
-140,2,194,-8,60,-5
-141,1,192,-8,60,-2
-138,2,194,-8,59,-4
-140,3,190,-7,59,-2
-139,0,191,-6,58,-5
-140,1,192,-5,58,-3
-139,1,192,-5,57,-4
-141,3,192,-5,56,-2
-138,3,192,-4,55,-4
-141,5,190,-5,55,-2
-138,1,190,-5,56,-3
-139,3,191,-6,55,-1
-139,2,191,-5,54,-3
-139,2,191,-5,55,-2
-140,1,193,-6,55,-3
-139,1,193,-6,55,-3
-138,2,190,-5,53,-5
-140,1,193,-5,53,-4
-139,2,193,-4,54,-7
-139,3,193,-3,53,-3
-139,2,190,-3,52,-5
-139,2,192,-2,53,-3
-140,2,194,-3,53,-4
-139,2,194,-3,53,-2
-139,6,193,-2,52,-4
-139,4,195,-1,53,-3
-139,4,192,-3,52,-6
-138,1,193,-3,52,-3
-138,0,192,-3,54,-3
-139,1,193,-5,53,-1
-139,4,193,-4,53,-3
-136,2,192,-6,55,-1
-139,5,192,-7,59,-5
-141,3,192,-6,63,-2
-139,1,192,-4,62,-4
-137,4,189,-5,59,-2
-140,3,191,-7,56,-4
-139,4,190,-6,54,-2
-137,3,189,-6,54,-5
-139,4,194,-7,54,-4
-138,6,193,-9,54,-6
-139,0,193,-8,52,-3
-142,5,191,-8,51,-5
-138,5,194,-8,53,-2
-139,3,192,-8,54,-4
-139,2,192,-6,54,-4
-139,4,192,-7,54,-5
-140,2,192,-8,53,-4
-138,3,192,-10,56,-6
-139,4,195,-10,55,-4
-137,3,193,-10,55,-6
-140,3,198,-12,57,-3
-140,3,193,-12,55,-6
-137,4,193,-12,55,-4
-139,1,191,-13,55,-5
-140,3,193,-12,55,-3
-139,-1,192,-13,55,-6
-138,1,190,-12,55,-3
-139,2,193,-11,55,-5
-139,4,193,-11,56,-2
-138,3,193,-11,56,-3
-137,1,196,-11,56,-2
-140,2,195,-10,57,-4
-141,2,193,-10,56,-2
-139,-1,192,-9,55,-4
-139,2,193,-10,56,-1
-139,5,193,-11,55,-4
-139,3,195,-11,55,-2
-139,3,192,-10,56,-4
-136,3,193,-9,55,-1
-139,2,192,-8,54,-3
-140,4,194,-8,54,-2
-139,3,191,-10,55,-4
-139,3,191,-9,54,-2
-140,-1,192,-10,53,-3
-138,4,193,-11,54,-2
-140,3,193,-9,55,-4
-137,2,193,-10,56,-1
-139,0,194,-11,56,-3
-139,2,194,-10,54,-1
-140,5,189,-11,55,-3
-138,3,192,-12,56,-2
-139,2,193,-12,55,-3
-139,2,190,-11,55,-1
-139,3,193,-11,55,-4
-139,4,190,-12,54,-2
-139,3,194,-11,55,-4
-138,3,191,-11,54,-2
-140,5,193,-10,55,-2
-137,0,194,-11,55,-1
-138,2,192,-12,56,-4
-138,4,191,-12,56,-2
-139,4,193,-11,56,-3
-140,2,190,-12,57,-2
-139,2,193,-11,57,-3
-139,5,192,-13,57,-3
-139,1,192,-12,55,-4
-138,2,192,-11,56,-3
-140,4,190,-12,55,-4
-140,3,193,-11,56,-3
-139,1,193,-10,56,-4
-139,1,192,-10,55,-2
-138,3,193,-12,55,-5
-139,3,190,-11,55,-3
-138,2,193,-12,54,-3
-141,6,190,-12,54,-2
-137,0,190,-11,54,-5
-141,1,194,-11,54,-2
-139,4,192,-11,53,-4
-138,2,192,-9,53,-2
-140,3,192,-9,52,-3
-139,4,194,-8,52,-3
-138,3,191,-8,53,-3
-139,4,193,-10,55,-2
-138,5,194,-11,55,-3
-140,4,191,-11,55,-3
-139,3,192,-11,56,-3
-138,6,193,-11,55,0
-140,7,194,-10,56,-2
-137,-1,193,-13,54,0
-139,3,193,-12,54,-2
-139,4,194,-13,54,-2
-137,3,192,-11,53,-4
-139,4,192,-13,52,-1
-139,4,193,-13,52,-3
-137,2,193,-13,53,-3
-137,4,189,-12,53,-4
-139,3,194,-11,54,-3
-136,4,189,-9,54,-5
-139,5,194,-8,56,-4
-136,2,196,-9,57,-5
-139,1,194,-12,55,-5
-137,3,196,-15,54,-4
-137,3,195,-18,55,-4
-139,5,196,-18,57,-4
-140,4,191,-14,58,-1
-140,2,191,-11,59,-3
-139,2,190,-10,59,-2
-139,0,189,-7,60,-2
-136,2,192,-7,61,1
-136,1,192,-6,61,-1
-139,2,193,-3,61,1
-138,3,192,-1,61,-1
-139,5,190,0,61,0
-139,1,194,0,61,0
-139,2,192,1,62,-1
-138,5,194,0,61,-2
-137,4,194,-1,61,-1
-137,2,196,-3,61,-3
-138,5,195,-5,59,0
-139,6,191,-6,56,-1
-138,2,192,-8,58,-1
-138,4,191,-7,57,-3
-139,4,192,-9,60,-3
-140,2,194,-6,58,-6
-138,2,191,-4,56,-4
-137,5,195,-5,56,-5
-140,2,194,-4,56,-4
-138,4,193,-6,56,-5
-140,0,194,-6,55,-3
-140,4,192,-6,54,-3
-139,3,193,-9,53,-3
-140,2,195,-10,54,-4
-138,3,191,-11,54,-3
-137,5,192,-11,56,-3
-140,4,195,-12,57,-2
-139,3,191,-12,58,-4
-139,5,192,-11,56,-2
-138,5,195,-12,56,-4
-138,2,195,-12,56,-2
-139,3,193,-11,56,-2
-140,5,193,-11,55,-2
-140,2,193,-10,56,-2
-140,2,192,-10,55,-1
-138,2,193,-12,55,-2
-136,2,191,-12,54,-1
-138,-1,193,-11,55,-2
-139,2,193,-10,54,0
-138,4,192,-10,54,0
-139,3,195,-9,54,0
-140,2,193,-9,53,-2
-141,3,195,-9,53,0
-139,4,194,-11,54,0
-140,5,192,-11,54,0
-139,3,192,-11,54,-3
-139,4,191,-9,53,0
-137,1,191,-9,53,-2
-139,4,195,-9,53,-2
-137,2,192,-9,53,-3
-139,2,192,-9,53,-2
-138,1,193,-8,51,-3
-140,4,195,-7,52,-3
-138,0,192,-6,52,-3
-140,4,191,-5,51,-2
-139,3,195,-5,50,-3
-138,3,192,-5,52,-1
-138,4,194,-7,51,-2
-138,5,193,-7,52,-1
-139,6,192,-6,52,0
-138,3,193,-8,53,0
-139,4,194,-8,52,-1
-138,4,194,-8,52,-1
-138,6,191,-8,54,-2
-139,2,192,-9,55,-2
-137,3,194,-10,57,-1
-139,5,193,-8,57,-1
-138,5,194,-8,56,-2
-136,5,194,-9,56,0
-139,5,193,-9,56,-1
-138,5,196,-10,55,-1
-139,3,194,-11,56,-1
-140,4,193,-10,53,-2
-137,5,193,-11,53,-2
-137,3,194,-10,53,-2
-138,5,194,-12,54,-3
-138,3,192,-12,54,-1
-139,5,193,-14,55,-3
-139,3,191,-13,55,-2
-139,5,192,-13,56,-2
-138,2,194,-13,56,-3
-138,0,194,-13,57,-4
-140,4,195,-12,57,-1
-138,4,192,-12,57,-3
-136,1,191,-12,56,-4
-139,4,192,-14,57,-5
-139,4,195,-15,55,-2
-138,4,193,-15,56,-4
-138,2,196,-15,55,-2
-138,3,198,-17,55,-4
-138,1,194,-15,56,-2
-138,3,194,-16,55,-4
-140,2,194,-14,56,-3
-138,5,195,-14,57,-3
-139,2,192,-14,56,-2
-138,5,192,-13,57,-4
-136,1,191,-13,58,-3
-138,2,193,-13,58,-4
-139,4,190,-12,57,-3
-138,4,193,-10,58,-1
-138,-1,193,-10,58,-3
-139,3,192,-11,58,-3
-137,3,190,-11,58,-2
-139,3,195,-11,59,-3
-139,5,193,-11,59,-3
-139,3,192,-9,59,-3
-138,4,194,-10,59,-3
-139,4,192,-10,60,-4
-139,5,193,-9,59,-3
-140,3,194,-11,60,-3
-140,2,189,-11,59,-3
-140,4,192,-12,60,-3
-138,4,193,-11,59,-3
-137,5,191,-11,58,-2
-139,2,194,-11,59,-2
-138,4,192,-11,60,-3
-139,4,194,-12,62,-4
-140,3,192,-11,62,-4
-137,2,193,-10,58,-3
-139,5,194,-11,60,-3
-137,2,192,-12,59,-2
-139,5,191,-12,58,-2
-138,3,192,-11,58,0
-137,3,193,-13,57,-2
-139,5,193,-13,58,-1
-139,4,192,-14,58,-2
-140,5,190,-14,58,-2
-137,2,192,-15,58,-3
-136,1,192,-14,58,-1
-139,5,193,-15,58,-2
-139,6,191,-16,59,-3
-138,3,197,-16,59,-3
-139,4,193,-16,58,-3
-136,6,195,-15,59,-4
-139,4,194,-17,58,-2
-136,2,192,-16,59,-3
-137,2,194,-15,58,-2
-141,5,192,-14,58,-2
-137,2,195,-14,58,-3
-138,4,190,-13,56,-4
-140,5,193,-14,57,-3
-138,1,192,-15,57,-3
-139,2,192,-15,57,-3
-137,5,195,-14,58,-3
-139,6,191,-14,58,-2
-139,4,197,-15,57,-3
-139,4,194,-14,57,-2
-138,2,192,-16,57,-2
-138,3,190,-16,58,-3
-138,0,193,-16,57,-2
-139,5,191,-15,56,-3
-141,3,204,-14,56,-3
-139,3,192,-15,56,-2
-137,2,189,-15,57,-2
-138,1,190,-15,57,-2
-136,-2,194,-15,59,-3
-140,3,193,-15,58,-2
-139,1,193,-14,58,-2
-139,3,195,-15,57,-2
-138,4,196,-15,57,-2
-137,6,194,-14,57,-2
-138,6,192,-15,57,-2
-140,6,191,-15,56,-2
-139,1,194,-15,56,-3
-138,6,194,-17,54,-2
-138,4,193,-17,53,-2
-138,4,191,-17,53,-4
-139,5,192,-17,54,-3
-137,2,193,-15,56,-2
-137,2,189,-13,57,-4
-135,-1,195,-13,58,-4
-138,2,194,-13,60,-4
-139,4,197,-13,58,-4
-139,0,197,-15,58,-5
-138,5,193,-17,56,-3
-137,-1,197,-18,57,-4
-138,3,195,-18,57,-3
-138,1,194,-14,58,-2
-138,0,193,-10,62,-2
-138,5,193,-9,62,-2
-139,4,192,-8,62,-1
-139,3,192,-8,62,-1
-138,3,191,-6,65,1
-138,3,192,-5,64,0
-136,2,192,-1,62,1
-137,4,193,2,64,0
-136,3,194,0,63,-2
-139,6,193,-2,62,-2
-135,7,194,-3,63,-2
-139,3,194,-4,61,-2
-138,5,193,-5,61,0
-138,6,192,-7,59,-1
-137,4,194,-7,56,-2
-135,5,193,-7,55,-3
-138,4,194,-8,54,-2
-136,3,191,-7,56,-2
-138,4,196,-6,58,-4
-137,4,191,-7,58,-4
-141,2,192,-6,57,-4
-137,6,195,-6,58,-5
-136,0,196,-7,58,-4
-139,3,192,-8,61,-5
-138,4,191,-9,60,-5
-138,5,193,-11,62,-5
-139,3,192,-11,63,-6
-137,0,192,-11,65,-5
-139,5,192,-10,66,-4
-138,3,196,-12,68,-3
-140,5,195,-13,69,-5
-138,5,192,-14,69,-4
-138,2,194,-13,69,-5
-139,5,194,-14,67,-4
-135,3,194,-13,66,-4
-138,2,195,-13,68,-4
-137,2,191,-12,66,-4
-136,3,195,-12,66,-3
-138,3,192,-11,66,-4
-138,3,192,-12,66,-4
-139,3,194,-11,65,-5
-140,4,195,-10,65,-3
-139,5,193,-9,64,-3
-135,2,193,-9,62,-3
-140,6,194,-10,60,-3
-138,1,197,-12,61,-2
-137,2,193,-11,60,-2
-138,6,195,-11,61,-2
-139,4,192,-12,61,-2
-137,6,196,-11,60,-1
-137,3,192,-11,58,-2
-137,3,194,-11,58,-3
-138,5,193,-8,58,-3
-139,3,196,-8,57,-3
-140,4,193,-8,57,-3
-139,3,191,-7,55,-3
-137,2,192,-7,57,-2
-139,2,194,-8,57,-3
-139,5,191,-8,57,-3
-139,4,192,-8,58,-2
-136,6,194,-8,58,-3
-138,4,193,-7,58,-3
-136,4,194,-7,59,-3
-138,3,192,-9,62,-3
-136,2,192,-10,63,-3
-139,5,194,-9,60,-2
-140,4,192,-10,59,-2
-138,5,193,-11,58,0
-135,6,193,-10,58,-2
-136,5,194,-9,58,-1
-139,6,191,-11,57,-2
-139,6,196,-12,59,-1
-139,3,192,-11,57,-1
-139,3,190,-11,57,-2
-135,5,194,-12,56,-2
-138,5,192,-13,56,-3
-139,4,193,-14,55,-3
-138,3,194,-15,55,-2
-139,3,191,-14,55,-3
-138,1,192,-15,56,-1
-136,3,193,-15,56,-3
-138,4,192,-16,56,-3
-138,3,194,-15,56,-2
-140,4,193,-14,57,-3
-138,3,191,-15,58,-3
-138,5,192,-15,56,-3
-138,4,193,-15,56,-4
-138,3,194,-15,56,-3
-139,3,191,-15,55,-3
-137,4,195,-16,55,-2
-140,3,192,-17,55,-2
-138,4,194,-16,54,-1
-139,4,193,-15,54,-2
-139,6,191,-15,54,-1
-138,4,193,-14,55,-2
-139,4,189,-16,55,-2
-136,3,192,-15,57,-3
-140,2,198,-15,56,-1
-137,4,196,-13,56,-3
-137,5,193,-13,56,-2
-139,4,192,-13,57,-3
-136,4,190,-13,57,-3
-137,3,192,-12,57,-3
-138,4,194,-12,57,-2
-137,3,193,-12,57,-2
-138,5,195,-13,57,-2
-138,3,193,-14,55,-3
-138,2,192,-15,56,-2
-139,4,192,-14,56,-2
-137,5,193,-13,55,-1
-139,4,193,-13,56,-2
-139,6,194,-13,56,-1
-137,3,190,-13,56,-3
-138,7,194,-12,55,-1
-139,2,190,-13,55,-1
-139,3,195,-13,55,-1
-140,6,196,-13,55,-2
-137,2,193,-12,55,-1
-139,4,193,-12,57,-2
-140,3,192,-12,55,-1
-140,5,190,-11,55,0
-140,6,195,-11,57,-1
-140,6,195,-14,57,-1
-140,4,193,-13,56,-2
-138,5,190,-13,58,-2
-136,3,193,-13,59,-1
-140,6,195,-12,58,-4
-139,5,193,-14,58,-2
-139,1,193,-14,59,-3
-139,3,192,-14,57,-1
-137,5,193,-15,57,-2
-138,5,192,-16,58,-1
-139,5,190,-15,57,-1
-138,4,193,-16,57,-2
-138,3,193,-16,59,-3
-138,6,193,-14,58,-3
-137,2,192,-15,57,-2
-138,4,191,-15,58,-1
-138,4,195,-15,58,-3
-139,3,192,-14,58,-1
-139,2,193,-15,57,-2
-139,5,191,-16,57,-3
-138,4,193,-16,56,-3
-137,3,191,-16,57,-3
-139,4,194,-16,57,-3
-139,3,193,-15,58,-1
-138,2,194,-16,56,-2
-139,4,192,-15,56,-1
-139,3,193,-15,57,-2
-140,3,191,-16,56,-1
-137,5,192,-16,57,-1
-136,3,194,-17,56,-1
-138,3,193,-19,56,-2
-137,3,193,-17,56,-2
-140,3,193,-17,58,-3
-136,3,194,-17,57,-1
-138,2,192,-16,57,-3
-140,6,195,-16,58,-1
-138,4,194,-16,57,-2
-136,3,195,-16,58,-1
-137,1,194,-16,56,-2
-138,4,192,-16,56,0
-138,4,195,-16,55,-1
-139,5,192,-16,54,-1
-140,5,194,-17,53,-4
-138,3,192,-17,54,-3
-138,3,193,-16,54,-4
-137,3,197,-16,56,-4
-138,5,194,-13,57,-4
-139,3,195,-11,59,-3
-138,3,195,-11,59,-6
-137,0,195,-13,57,-4
-139,2,199,-15,57,-4
-139,3,195,-18,57,-2
-138,2,194,-17,57,-4
-139,2,194,-14,56,-2
-140,3,194,-12,57,-3
-140,4,190,-8,59,-1
-138,2,190,-7,62,-2
-139,6,189,-7,62,-1
-139,3,189,-7,63,-1
-139,2,194,-6,64,-1
-137,3,193,-6,65,0
-137,2,192,-2,65,1
-139,4,190,0,64,-1
-139,5,195,0,62,0
-136,4,196,-3,62,-3
-137,6,193,-3,61,0
-137,3,194,-5,58,-1
-139,6,193,-7,58,-1
-140,5,194,-7,56,-2
-135,4,191,-9,57,-2
-140,5,190,-9,55,-3
-138,6,195,-10,55,-1
-136,4,195,-9,55,-3
-137,5,191,-7,54,-2
-140,6,192,-7,55,-4
-139,2,197,-7,55,-3
-138,2,196,-8,56,-5
-139,4,192,-10,55,-4
-138,2,194,-10,56,-6
-139,3,194,-11,57,-4
-138,6,196,-10,57,-5
-139,7,192,-12,58,-2
-138,4,191,-13,57,-4
-138,3,194,-13,59,-2
-140,6,193,-14,59,-4
-138,3,194,-15,59,-3
-138,1,194,-14,59,-3
-138,3,193,-15,60,-2
-138,5,197,-15,58,-3
-138,3,194,-14,58,-3
-140,2,190,-14,59,-4
-136,1,195,-14,58,-1
-137,3,195,-14,58,-3
-139,6,192,-13,58,-2
-140,2,193,-13,58,-3
-136,2,192,-13,58,-1
-138,3,192,-14,58,-3
-137,4,192,-12,57,-2
-140,6,196,-12,57,-3
-136,6,193,-12,57,-2
-136,4,192,-13,58,-3
-137,4,193,-13,58,-1
-138,2,194,-13,57,-3
-138,3,192,-12,57,-1
-136,5,191,-12,58,-4
-139,5,192,-12,56,-1
-138,7,193,-12,55,-4
-138,3,193,-12,57,-1
-137,4,193,-12,56,-3
-138,5,191,-10,55,-1
-140,5,193,-10,54,-2
-137,4,192,-11,55,-1
-137,2,197,-11,56,-3
-139,1,194,-9,55,-1
-136,2,193,-10,54,-3
-139,3,191,-10,55,-1
-139,4,193,-11,57,-2
-137,3,192,-11,56,-2
-138,3,193,-10,57,-2
-138,2,195,-11,58,0
-140,4,193,-11,57,-2
-138,3,196,-12,58,0
-137,5,192,-12,58,-1
-139,7,194,-13,59,0
-140,6,192,-13,59,-2
-138,3,191,-14,60,-1
-139,3,195,-14,59,-2
-136,5,192,-13,58,-2
-138,5,193,-13,57,-3
-138,5,192,-13,55,-2
-137,5,193,-13,55,-4
-138,6,192,-13,54,-2
-139,2,193,-13,55,-4
-138,4,193,-12,56,-2
-137,4,192,-12,57,-4
-139,5,192,-13,54,-2
-138,5,192,-14,55,-5
-139,6,194,-14,56,-3
-138,5,193,-13,56,-3
-139,4,193,-14,55,-1
-137,2,194,-15,56,-3
-136,3,196,-16,56,-2
-137,4,196,-16,54,-2
-138,6,196,-16,54,-1
-138,3,191,-14,53,-3
-139,6,192,-14,55,-1
-137,3,195,-13,55,-2
-137,5,192,-14,55,-1
-136,4,195,-15,57,-3
-136,6,195,-15,58,-2
-138,5,190,-13,59,-4
-140,5,192,-13,59,-2
-138,3,192,-13,59,-3
-138,3,190,-14,60,-1
-137,2,194,-13,60,-4
-138,5,189,-13,61,-2
-135,4,194,-12,61,-2
-139,5,195,-14,61,-1
-138,5,194,-14,60,-2
-138,4,193,-13,59,0
-139,4,190,-11,59,-4
-137,4,192,-11,58,-1
-138,5,194,-13,58,-2
-138,5,194,-12,59,1
-139,4,193,-13,58,-3
-138,6,192,-13,59,0
-137,4,193,-14,58,-3
-138,3,195,-13,58,0
-138,5,194,-13,59,-2
-138,5,193,-12,59,-1
-139,3,195,-13,58,-2
-139,3,194,-12,59,0
-138,6,194,-12,59,-2
-138,7,192,-12,60,-1
-137,5,193,-13,58,-3
-136,4,192,-11,59,-1
-137,3,189,-11,59,-3
-137,3,193,-12,59,-2
-138,3,192,-12,59,-3
-136,4,195,-12,58,-1
-137,3,193,-13,58,-4
-137,3,196,-13,58,0
-139,3,193,-13,59,-3
-138,5,192,-15,58,-1
-137,3,191,-15,57,-3
-136,1,190,-14,57,-2
-137,5,193,-14,58,-1
-139,5,193,-14,58,0
-139,4,194,-14,58,-2
-139,4,191,-15,58,0
-139,2,193,-14,58,-3
-139,5,193,-14,57,-1
-139,4,192,-13,58,-3
-138,3,191,-12,57,-1
-139,5,193,-13,57,-3
-136,1,194,-14,58,-1
-135,0,192,-13,57,-2
-136,4,192,-14,55,-1
-140,5,193,-15,57,-4
-137,3,193,-15,58,-1
-138,5,190,-14,58,-3
-134,1,192,-14,58,-1
-139,4,193,-15,57,-3
-139,4,195,-14,58,-1
-138,5,193,-15,60,-4
-136,5,193,-15,58,-1
-138,4,193,-15,58,-3
-140,3,193,-14,58,0
-137,4,192,-16,59,-2
-138,2,193,-16,58,-1
-137,3,192,-15,59,-2
-140,4,184,-16,60,0
-138,8,193,-16,60,-3
-135,3,191,-15,60,0
-136,2,196,-14,59,-1
-137,5,191,-15,59,-1
-138,4,191,-15,59,-2
-140,5,194,-15,57,0
-137,5,192,-15,55,-2
-137,3,192,-16,57,0
-138,4,193,-17,55,-2
-138,4,193,-17,57,-1
-139,6,195,-14,57,-3
-137,4,194,-11,57,-2
-136,5,189,-12,59,-3
-138,5,194,-11,60,-2
-138,4,193,-10,61,-5
-139,4,193,-11,60,-2
-137,3,194,-12,60,-4
-139,6,193,-16,59,-1
-137,3,195,-15,59,-4
-141,5,193,-14,59,-2
-137,1,192,-12,60,-3
-138,0,194,-10,61,-1
-137,3,192,-7,63,-2
-139,5,192,-6,63,0
-139,4,192,-6,64,-1
-139,4,195,-5,65,2
-138,4,193,-3,66,-1
-136,2,192,-2,65,1
-136,4,190,1,66,-2
-137,6,199,2,64,0
-134,4,194,1,62,-2
-138,7,194,0,61,1
-138,6,195,-1,60,-3
-139,5,192,-4,60,0
-138,7,197,-6,59,-2
-139,5,191,-6,58,-1
-137,3,193,-7,56,-3
-138,6,193,-7,55,-2
-139,6,194,-7,55,-4
-137,7,195,-6,56,-1
-136,3,191,-6,56,-4
-138,6,195,-6,57,-1
-139,4,193,-5,57,-5
-141,4,192,-8,57,-2
-138,4,193,-9,57,-5
-138,6,192,-9,57,-2
-137,6,194,-10,57,-5
-139,2,194,-11,56,-2
-138,6,192,-11,57,-5
-137,5,192,-13,57,-3
-138,5,193,-14,60,-4
-140,5,197,-12,60,-2
-140,4,195,-13,60,-3
-136,3,196,-12,59,-1
-139,5,193,-12,59,-4
-140,8,195,-12,59,-1
-139,3,192,-12,59,-3
-136,2,194,-12,59,-1
-137,2,194,-12,59,-3
-137,2,192,-11,59,-1
-138,1,191,-10,58,-2
-139,1,192,-12,57,0
-137,5,191,-13,59,-2
-137,4,192,-11,58,1
-138,4,194,-10,58,-3
-138,4,193,-11,55,0
-136,3,192,-11,58,-3
-139,5,191,-10,57,-1
-137,4,193,-11,58,-1
-136,2,196,-11,56,1
-137,-1,190,-11,58,-1
-139,4,194,-11,57,0
-136,3,193,-11,57,-4
-138,6,192,-10,57,-1
-136,1,195,-11,55,-3
-139,4,192,-10,55,-1
-139,6,193,-8,56,-3
-138,4,195,-8,56,-1
-137,2,191,-8,55,-1
-139,5,195,-7,57,1
-139,6,193,-6,57,-1
-138,4,194,-6,56,2
-139,5,193,-5,57,-1
-138,5,192,-5,57,1
-137,6,192,-9,59,-2
-137,4,194,-12,59,1
-139,6,193,-15,61,0
-136,3,197,-14,63,1
-139,8,196,-14,65,-1
-141,7,193,-13,66,3
-139,7,194,-13,67,1
-138,2,194,-15,67,3
-139,5,192,-16,68,-1
-139,5,194,-17,70,1
-138,3,191,-15,72,-2
-138,4,193,-13,69,1
-139,7,193,-15,68,-2
-139,5,194,-18,66,2
-136,4,197,-23,66,0
-135,3,192,-29,65,0
-136,2,197,-37,72,-3
-140,2,194,-39,77,1
-135,0,194,-36,82,-1
-139,-2,197,-30,87,3
-136,-1,196,-22,92,5
-136,1,192,-16,97,9
-137,-2,193,-9,103,9
-137,1,196,-8,112,12

