-.-.-
-9,-250,-58,-11,131,-1
-5,-250,-58,-12,132,-3
-12,-249,-59,-13,135,-3
-9,-250,-58,-11,135,-2
-7,-250,-60,-9,135,0
-15,-249,-56,-8,136,0
-10,-249,-54,-7,134,1
-12,-248,-60,-3,132,2
-10,-249,-57,2,131,3
-13,-250,-61,5,124,2
-8,-251,-62,2,116,1
-9,-252,-62,-4,103,-1
-13,-250,-64,-7,89,-4
-9,-250,-64,-2,75,-1
-8,-252,-60,9,64,1
-14,-248,-62,21,55,7
-14,-246,-59,35,51,13
-11,-247,-58,46,54,21
-16,-247,-59,50,63,34
-15,-245,-59,48,73,44
-17,-242,-62,37,80,58
-16,-244,-58,19,86,71
-19,-241,-62,-4,89,84
-18,-239,-61,-29,91,96
-19,-239,-65,-52,91,109
-18,-240,-61,-72,90,124
-19,-245,-65,-88,87,136
-24,-244,-65,-101,83,149
-24,-247,-64,-113,77,157
-25,-250,-65,-125,72,162
-26,-255,-60,-131,66,161
-29,-259,-61,-132,59,159
-28,-263,-59,-130,52,150
-29,-267,-57,-126,47,136
-28,-273,-57,-119,44,124
-30,-274,-54,-112,46,109
-30,-273,-49,-103,47,96
-29,-275,-43,-91,49,81
-33,-269,-49,-79,49,68
-32,-268,-48,-63,48,58
-33,-262,-45,-47,48,46
-29,-260,-47,-30,52,36
-33,-255,-44,-11,54,25
-30,-253,-43,9,57,12
-35,-247,-38,30,61,0
-34,-246,-34,48,66,-8
-31,-245,-33,60,72,-17
-33,-240,-30,67,80,-25
-29,-236,-27,71,93,-30
-27,-236,-22,71,108,-33
-22,-238,-24,65,127,-32
-23,-237,-30,52,147,-32
-21,-237,-28,37,168,-31
-23,-236,-29,16,186,-29
-19,-239,-31,-5,200,-28
-21,-238,-34,-24,208,-28
-25,-240,-31,-41,209,-29
-27,-243,-36,-56,205,-30
-28,-245,-40,-71,199,-31
-37,-250,-41,-85,191,-33
-37,-251,-42,-103,179,-35
-47,-251,-43,-119,165,-35
-46,-255,-46,-133,149,-36
-52,-257,-49,-145,132,-40
-52,-260,-55,-154,113,-44
-50,-259,-53,-162,95,-50
-56,-258,-56,-170,75,-56
-56,-257,-60,-177,55,-63
-58,-252,-68,-185,36,-67
-55,-252,-73,-192,14,-72
-59,-251,-67,-198,-4,-77
-59,-250,-68,-202,-20,-84
-54,-249,-68,-200,-34,-93
-47,-249,-67,-193,-43,-104
-46,-247,-71,-180,-50,-115
-39,-246,-74,-164,-54,-126
-34,-242,-73,-151,-56,-132
-32,-241,-76,-143,-54,-139
-25,-238,-77,-138,-47,-145
-22,-239,-74,-139,-41,-147
-19,-235,-71,-141,-33,-147
-17,-233,-72,-145,-25,-147
-14,-231,-62,-144,-15,-144
-13,-233,-62,-139,-11,-142
-8,-235,-57,-134,-9,-137
-12,-232,-61,-126,-8,-132
-12,-230,-56,-120,-9,-125
-11,-229,-62,-120,-11,-118
-11,-230,-63,-124,-14,-111
-14,-236,-61,-137,-9,-105
-11,-237,-64,-158,-10,-102
-11,-241,-63,-183,-9,-104
-11,-245,-67,-205,-9,-109
-9,-245,-65,-225,-12,-117
-5,-248,-60,-244,-19,-126
-4,-248,-54,-259,-32,-134
1,-252,-42,-259,-50,-139
0,-253,-40,-244,-68,-142
3,-255,-30,-216,-87,-139
3,-258,-28,-188,-103,-133
6,-261,-27,-164,-119,-124
11,-261,-22,-147,-137,-113
12,-261,-24,-137,-160,-99
9,-265,-22,-131,-182,-87
7,-271,-21,-129,-203,-72
4,-275,-23,-129,-226,-60
7,-278,-22,-135,-246,-49
4,-279,-26,-144,-263,-42
2,-280,-32,-157,-279,-39
5,-283,-38,-175,-291,-37
4,-287,-40,-196,-297,-38
5,-287,-45,-213,-299,-45
13,-292,-47,-222,-286,-64
19,-290,-49,-220,-263,-91
24,-294,-49,-206,-234,-122
28,-294,-44,-177,-200,-156
30,-293,-44,-137,-166,-189
33,-284,-49,-89,-131,-217
34,-284,-43,-46,-95,-242
35,-280,-47,-13,-65,-262
31,-271,-51,9,-37,-280
29,-264,-56,21,-10,-293
27,-260,-53,23,10,-301
21,-254,-53,19,26,-308
19,-251,-52,10,33,-312
14,-247,-51,-1,33,-313
7,-240,-52,-12,31,-314
2,-240,-46,-25,26,-313
-5,-238,-42,-37,22,-312
-8,-233,-45,-48,20,-309
-9,-234,-40,-57,19,-308
-14,-236,-41,-65,18,-309
-21,-237,-39,-70,13,-314
-17,-237,-40,-75,4,-323
-18,-241,-36,-76,-10,-328
-19,-240,-35,-75,-23,-334
-15,-240,-34,-71,-34,-335
-10,-242,-40,-66,-46,-335
-3,-240,-34,-59,-54,-333
0,-241,-32,-51,-64,-327
3,-239,-28,-41,-71,-322
9,-240,-32,-34,-76,-315
17,-240,-30,-26,-80,-306
18,-239,-26,-17,-84,-297
25,-242,-26,-1,-89,-286
27,-241,-25,13,-95,-275
30,-242,-22,27,-100,-264
31,-246,-24,39,-108,-252
33,-248,-20,45,-115,-241
32,-247,-23,48,-126,-237
31,-247,-25,47,-125,-216
30,-248,-22,39,-117,-188
27,-248,-26,32,-110,-166
20,-248,-18,32,-108,-147
16,-250,-21,32,-110,-130
12,-249,-18,33,-114,-111
10,-250,-20,39,-119,-94
5,-247,-19,46,-127,-83
1,-247,-18,56,-135,-69
4,-246,-19,67,-147,-58
2,-245,-19,80,-157,-48
0,-246,-16,92,-173,-42
2,-248,-19,102,-189,-39
4,-247,-14,112,-207,-35
0,-247,-15,121,-223,-35
3,-248,-15,127,-236,-33
4,-247,-15,130,-247,-31
8,-247,-15,130,-255,-31
6,-249,-17,131,-264,-31
9,-252,-14,132,-272,-31
7,-250,-17,134,-280,-34
12,-256,-15,137,-286,-35
15,-255,-14,143,-294,-40
13,-259,-10,148,-301,-43
18,-262,-9,157,-311,-46
21,-262,-9,166,-319,-50
18,-258,-7,176,-325,-57
17,-260,-3,184,-330,-68
20,-260,-2,196,-338,-72
23,-260,-3,222,-350,-58
26,-258,-2,245,-369,-30
24,-256,3,257,-394,-12
19,-253,5,261,-418,-3
22,-253,4,264,-436,-1
21,-252,9,269,-451,3
20,-252,11,279,-468,12
21,-254,9,290,-486,25
22,-255,20,299,-501,35
25,-258,21,309,-511,41
26,-254,21,322,-518,49
29,-258,22,338,-523,55
32,-259,23,351,-521,63
29,-256,14,349,-509,76
31,-260,-3,326,-489,99
37,-260,-20,268,-455,125
39,-258,-46,177,-411,150
49,-264,-69,64,-357,173
65,-269,-97,-70,-286,186
83,-285,-118,-215,-199,185
97,-301,-128,-348,-80,170
111,-335,-123,-436,43,145
116,-363,-93,-458,163,102
114,-391,-73,-412,262,40
104,-415,-50,-317,332,-26
92,-429,-35,-202,382,-91
75,-430,-37,-86,423,-140
65,-423,-50,11,459,-174
43,-411,-74,74,489,-195
23,-391,-93,99,500,-192
6,-369,-109,84,484,-161
-16,-347,-116,34,431,-119
-39,-323,-111,-17,340,-65
-52,-304,-106,-41,227,-3
-66,-282,-104,-32,114,47
-74,-259,-114,-2,17,72
-80,-244,-128,28,-67,81
-87,-226,-139,40,-140,73
-91,-207,-146,32,-212,54
-95,-191,-148,9,-292,27
-89,-180,-145,-15,-377,-9
-86,-173,-140,-24,-460,-51
-80,-167,-128,-17,-532,-89
-79,-162,-126,-1,-584,-126
-72,-169,-116,13,-614,-155
-67,-182,-107,21,-617,-170
-61,-197,-105,13,-601,-174
-52,-218,-104,-14,-568,-170
-36,-242,-101,-62,-529,-168
-21,-257,-101,-130,-482,-159
-8,-268,-106,-204,-428,-141
1,-277,-102,-280,-367,-128
10,-281,-104,-346,-306,-114
18,-284,-99,-396,-247,-96
22,-281,-94,-424,-191,-76
25,-273,-90,-434,-144,-55
28,-274,-85,-425,-106,-31
24,-273,-84,-394,-78,-3
24,-265,-83,-341,-62,28
15,-259,-77,-268,-51,62
10,-256,-78,-185,-42,97
4,-249,-78,-98,-38,138
-2,-248,-75,-15,-39,171
-9,-246,-73,59,-45,211
-13,-240,-72,117,-54,244
-19,-237,-68,160,-65,271
-21,-233,-66,182,-79,293
-22,-228,-69,188,-90,310
-23,-223,-68,182,-99,319
-21,-219,-61,166,-99,324
-19,-213,-68,142,-96,326
-16,-206,-68,111,-90,328
-12,-205,-66,81,-79,335
-6,-204,-61,52,-70,343
-13,-209,-52,28,-52,341
0,-202,-52,13,-27,315
2,-203,-48,7,7,280
7,-205,-47,7,44,250
8,-209,-44,12,83,231
13,-216,-46,20,118,226
15,-218,-45,26,156,231
16,-221,-44,26,188,238
16,-228,-46,23,218,248
13,-235,-41,20,242,263
6,-235,-46,18,265,280
0,-240,-43,24,284,295
-7,-238,-41,39,301,310
-14,-242,-34,61,316,320
-24,-243,-36,86,329,329
-32,-243,-34,109,345,337
-39,-246,-33,127,357,341
-44,-247,-31,140,371,346
-47,-245,-32,151,386,351
-48,-248,-32,162,402,352
-51,-245,-32,170,414,342
-48,-245,-32,171,426,328
-44,-240,-40,168,435,304
-38,-236,-32,163,442,272
-31,-235,-33,160,443,233
-29,-226,-33,165,442,191
-22,-221,-28,174,437,148
-18,-218,-23,184,433,111
-12,-212,-22,192,430,77
-10,-208,-20,199,424,45
-8,-206,-22,209,421,20
-10,-206,-19,220,423,-3
-8,-203,-22,228,428,-20
-7,-205,-22,229,438,-33
-3,-207,-21,225,450,-45
-1,-209,-22,221,466,-55
0,-212,-20,217,481,-62
0,-219,-18,209,495,-69
1,-222,-18,203,511,-74
1,-227,-12,197,526,-80
3,-230,-18,196,538,-87
2,-234,-15,200,550,-94
1,-234,-17,209,566,-103
2,-237,-13,221,581,-112
5,-236,-14,234,594,-124
0,-238,-17,248,605,-136
-1,-232,-17,261,609,-148
-3,-231,-17,275,609,-161
-10,-229,-20,283,606,-172
-16,-228,-27,288,599,-185
-21,-225,-26,287,590,-195
-24,-225,-34,279,578,-203
-32,-224,-36,264,566,-210
-35,-225,-36,240,550,-212
-42,-225,-37,210,530,-213
-51,-225,-38,171,502,-211
-50,-227,-30,129,468,-206
-53,-232,-32,88,430,-198
-57,-235,-18,52,391,-185
-55,-244,-17,29,352,-168
-54,-249,-8,22,324,-146
-54,-252,-4,28,309,-118
-53,-263,3,49,309,-89
-44,-273,3,74,321,-61
-38,-279,11,101,345,-33
-27,-293,9,121,373,-12
-23,-292,10,134,400,3
-12,-299,15,138,428,14
-4,-306,16,139,457,21
3,-308,21,143,481,25
9,-308,25,149,506,26
13,-307,25,160,532,32
17,-310,14,158,550,47
19,-309,7,142,569,63
23,-310,-10,105,586,79
20,-318,-26,44,594,94
18,-318,-41,-39,600,120
7,-332,-57,-159,608,175
-2,-338,-65,-267,586,196
-5,-360,-69,-340,554,210
-20,-370,-65,-354,531,226
-33,-381,-70,-330,504,245
-47,-384,-74,-264,463,236
-60,-377,-86,-183,412,237
-75,-369,-105,-127,354,263
-91,-353,-127,-128,284,304
-101,-342,-148,-198,205,347
-104,-328,-160,-317,133,381
-104,-317,-173,-456,91,407
-98,-310,-172,-580,85,426
-93,-298,-167,-656,113,437
-80,-284,-162,-673,162,441
-61,-273,-159,-653,224,448
-40,-263,-154,-608,289,457
-14,-255,-152,-550,355,471
8,-246,-146,-480,421,487
39,-237,-140,-408,492,499
70,-227,-129,-337,564,506
99,-217,-121,-266,637,497
129,-218,-108,-185,701,476
149,-216,-102,-100,764,443
161,-212,-96,-10,822,397
151,-214,-91,77,877,341
134,-221,-85,156,930,290
108,-231,-85,207,977,247
75,-240,-84,222,1010,209
37,-247,-85,198,1024,173
0,-254,-78,143,1017,144
-34,-262,-73,75,997,122
-67,-274,-84,-1,967,111
-96,-286,-69,-75,928,108
-120,-290,-67,-133,883,109
-134,-292,-67,-176,831,110
-143,-292,-66,-204,770,106
-143,-291,-66,-210,704,84
-132,-285,-66,-198,636,46
-125,-273,-65,-163,572,-5
-106,-264,-63,-112,518,-64
-85,-250,-69,-53,479,-124
-64,-239,-67,7,449,-177
-44,-225,-66,58,427,-221
-23,-216,-69,95,405,-258
-10,-200,-69,115,382,-285
2,-192,-71,121,359,-303
15,-185,-69,111,338,-312
23,-182,-68,94,321,-312
28,-181,-62,69,306,-304
28,-180,-64,42,290,-293
33,-184,-59,18,281,-282
29,-186,-54,-2,277,-269
25,-196,-60,-18,272,-255
21,-206,-60,-30,270,-242
16,-214,-60,-40,265,-230
8,-220,-61,-50,258,-218
3,-225,-57,-57,251,-211
-3,-232,-67,-65,242,-208
-2,-235,-64,-78,236,-208
-8,-233,-63,-93,232,-214
-10,-234,-65,-105,227,-220
-10,-233,-67,-108,219,-232
-14,-227,-59,-109,211,-249
-11,-230,-61,-105,197,-270
-11,-225,-59,-97,179,-294
-5,-221,-59,-90,158,-313
-4,-215,-59,-89,140,-318
1,-212,-59,-93,116,-321
1,-207,-58,-100,94,-325
0,-207,-54,-102,73,-333
2,-203,-49,-92,52,-340
8,-208,-49,-77,32,-345
12,-209,-46,-54,13,-346
15,-208,-45,-26,-6,-341
19,-208,-41,-1,-31,-319
24,-214,-39,12,-63,-277
25,-217,-36,19,-90,-242
24,-221,-34,26,-106,-212
23,-230,-32,35,-116,-187
17,-231,-32,47,-125,-167
17,-233,-28,62,-137,-146
17,-235,-25,87,-147,-124
16,-236,-24,112,-158,-105
13,-236,-24,135,-171,-89
15,-234,-24,154,-189,-72
11,-236,-21,171,-203,-56
5,-234,-20,185,-223,-39
4,-236,-19,201,-241,-29
0,-237,-20,217,-258,-18
1,-236,-13,233,-273,-7
-1,-240,-15,250,-291,6
-4,-243,-12,266,-309,16
-7,-244,-6,279,-333,24
-14,-246,-9,293,-358,35
-18,-247,-8,302,-384,44
-22,-245,-9,309,-411,53
-25,-244,-15,318,-437,63
-19,-243,-13,324,-453,68
-23,-236,-21,321,-456,79
-19,-235,-22,309,-450,92
-16,-224,-33,284,-437,102
-9,-218,-44,247,-423,109
-5,-216,-50,203,-405,123
9,-213,-53,161,-383,128
20,-215,-54,128,-365,124
31,-219,-48,113,-349,110
39,-233,-35,112,-340,92
47,-246,-28,128,-342,67
50,-261,-22,154,-358,39
51,-277,-13,183,-387,7
50,-290,-5,212,-427,-21
44,-302,-4,239,-474,-47
29,-310,6,261,-522,-69
20,-316,2,278,-567,-90
2,-313,3,291,-608,-101
-6,-312,0,292,-641,-102
-23,-307,-10,280,-671,-88
-45,-301,-18,246,-698,-70
-58,-299,-32,188,-721,-43
-62,-302,-50,110,-735,-14
-62,-311,-70,16,-731,8
-53,-325,-86,-89,-710,14
-37,-340,-102,-192,-678,5
-17,-358,-109,-265,-637,-27
3,-371,-107,-285,-597,-74
28,-382,-100,-252,-561,-137
47,-389,-98,-180,-529,-213
59,-380,-100,-96,-493,-295
68,-374,-114,-33,-443,-356
80,-360,-127,-1,-377,-387
87,-342,-148,-11,-305,-392
89,-314,-172,-63,-250,-377
89,-291,-182,-148,-222,-356
85,-266,-181,-247,-228,-333
71,-247,-169,-327,-276,-315
49,-239,-151,-363,-360,-312
24,-240,-133,-338,-463,-318
-1,-237,-115,-257,-572,-331
-31,-237,-100,-145,-674,-349
-67,-234,-99,-24,-764,-367
-99,-228,-87,93,-836,-384
-136,-224,-85,194,-893,-394
-169,-214,-87,265,-941,-388
-192,-211,-92,293,-984,-370
-202,-207,-94,275,-1027,-343
-197,-209,-102,219,-1063,-320
-180,-216,-105,140,-1084,-296
-151,-227,-99,56,-1089,-274
-110,-240,-99,-22,-1080,-252
-71,-252,-88,-88,-1057,-232
-37,-264,-84,-138,-1026,-208
0,-278,-81,-175,-989,-185
35,-295,-78,-206,-951,-159
69,-307,-74,-238,-908,-141
98,-318,-71,-269,-860,-126
117,-335,-68,-293,-805,-119
127,-346,-70,-307,-741,-112
125,-350,-68,-309,-671,-95
111,-346,-73,-301,-599,-60
95,-334,-75,-277,-525,-8
78,-318,-73,-234,-457,57
57,-299,-73,-172,-399,122
38,-268,-72,-86,-354,181
23,-250,-68,13,-318,233
9,-229,-71,117,-290,276
-5,-207,-68,210,-265,313
-20,-188,-63,280,-247,339
-25,-180,-61,322,-241,367
-25,-178,-61,348,-246,413
-33,-174,-55,364,-262,457
-45,-174,-53,364,-265,432
-51,-172,-55,350,-259,372
-48,-175,-50,324,-249,314
-47,-181,-46,284,-235,265
-40,-186,-40,249,-224,232
-34,-200,-39,221,-209,218
-23,-208,-40,202,-191,213
-19,-213,-42,184,-175,213
-11,-219,-41,168,-152,217
-5,-224,-42,156,-124,222
-1,-221,-44,151,-91,231
0,-224,-45,145,-60,242
2,-221,-36,137,-34,256
1,-216,-40,129,-9,266
1,-215,-34,122,18,275
0,-210,-30,119,46,283
-4,-209,-26,124,82,287
-5,-208,-28,135,120,294
-8,-207,-26,148,161,294
-15,-204,-27,150,193,291
-22,-196,-20,138,219,291
-25,-195,-25,123,242,288
-34,-193,-24,103,259,283
-36,-196,-21,83,277,274
-43,-198,-20,67,291,255
-42,-201,-20,55,301,233
-42,-203,-15,51,308,204
-44,-206,-16,54,310,174
-45,-209,-18,61,313,142
-39,-217,-17,69,316,108
-38,-219,-19,80,321,75
-36,-219,-18,89,325,44
-35,-225,-21,95,335,16
-30,-227,-18,102,346,-12
-23,-233,-17,105,362,-34
-22,-230,-19,108,381,-55
-15,-235,-16,109,409,-73
-7,-238,-16,109,440,-89
-3,-243,-12,110,473,-101
0,-246,-7,116,505,-108
5,-246,-7,128,539,-117
12,-250,-3,147,571,-124
19,-250,-6,171,602,-132
21,-251,-1,203,632,-140
25,-251,-2,236,665,-147
28,-252,-2,271,693,-154
28,-250,-6,303,722,-163
28,-248,-1,334,743,-170
23,-244,-9,358,757,-178
15,-240,-7,378,765,-182
2,-241,-9,389,763,-185
-9,-234,-11,394,754,-187
-21,-229,-11,391,745,-186
-32,-227,-13,376,742,-183
-42,-227,-11,358,735,-179
-54,-226,-9,337,733,-174
-62,-226,-10,313,718,-166
-66,-227,-8,285,698,-160
-71,-227,-9,254,675,-148
-75,-232,-7,222,653,-133
-76,-236,-2,198,642,-116
-77,-244,5,192,636,-98
-69,-250,11,199,636,-83
-65,-260,14,217,642,-70
-62,-265,21,235,648,-58
-52,-271,26,252,658,-47
-45,-277,26,262,668,-34
-36,-286,29,267,683,-16
-34,-286,30,269,699,3
-30,-289,29,266,713,21
-28,-293,25,250,722,44
-27,-295,15,217,729,72
-26,-297,1,167,730,106
-32,-299,-16,98,720,144
-43,-305,-30,11,708,188
-55,-314,-53,-89,691,241
-70,-333,-81,-199,666,300
-82,-345,-104,-311,630,359
-81,-364,-116,-410,571,413
-86,-383,-114,-475,487,462
-81,-400,-106,-482,386,501
-71,-416,-88,-417,287,531
-67,-422,-71,-275,202,544
-69,-419,-56,-77,131,557
-72,-412,-58,109,81,621
-73,-414,-61,229,50,694
-55,-412,-62,297,25,725
-23,-391,-73,314,54,759
-1,-371,-76,294,138,746
14,-343,-95,264,263,696
32,-312,-115,218,419,648
55,-280,-129,156,586,601
76,-249,-139,88,749,543
96,-224,-148,42,895,475
105,-197,-150,0,1027,410
112,-186,-148,-14,1147,363
110,-184,-151,-14,1252,334
105,-178,-150,-6,1319,314
96,-177,-146,1,1378,307
91,-183,-141,0,1417,315
80,-190,-133,-6,1440,334
67,-206,-128,-14,1447,353
49,-224,-117,-19,1439,375
22,-249,-110,-28,1421,393
2,-268,-108,-51,1391,403
-18,-283,-109,-93,1352,404
-40,-298,-105,-161,1309,397
-56,-305,-99,-254,1257,379
-71,-310,-87,-350,1192,354
-81,-312,-81,-433,1114,334
-91,-313,-72,-493,1034,315
-94,-313,-64,-523,956,292
-98,-308,-57,-525,886,259
-93,-299,-59,-511,830,211
-87,-279,-62,-486,780,146
-77,-266,-56,-450,738,63
-67,-251,-54,-401,704,-31
-56,-237,-55,-341,677,-128
-48,-225,-52,-281,654,-222
-36,-216,-52,-219,636,-308
-25,-210,-48,-167,624,-382
-22,-204,-45,-129,618,-440
-13,-208,-43,-109,620,-483
-12,-203,-41,-108,622,-508
-6,-204,-41,-123,621,-511
-5,-204,-36,-149,613,-502
0,-207,-33,-177,603,-480
0,-208,-35,-201,584,-458
-4,-209,-35,-222,563,-427
-11,-211,-33,-235,537,-391
-9,-212,-35,-240,510,-350
-10,-216,-32,-241,482,-306
-17,-217,-31,-239,455,-275
-22,-214,-31,-236,424,-261
-23,-215,-33,-231,394,-260
-24,-216,-34,-229,362,-264
-22,-214,-31,-225,324,-266
-20,-215,-31,-220,286,-274
-18,-215,-35,-204,251,-284
-16,-212,-34,-186,215,-305
-13,-209,-32,-169,181,-330
-9,-209,-30,-155,153,-349
-3,-206,-34,-139,128,-357
1,-204,-30,-124,101,-361
2,-203,-32,-108,67,-358
7,-203,-30,-95,36,-353
9,-205,-29,-85,8,-342
14,-207,-25,-83,-12,-327
22,-214,-24,-88,-24,-305
20,-219,-23,-97,-27,-279
25,-222,-24,-106,-26,-252
27,-228,-21,-108,-27,-224
24,-234,-21,-101,-34,-197
22,-242,-22,-91,-44,-170
18,-239,-27,-80,-57,-143
11,-235,-25,-76,-66,-116
8,-242,-29,-73,-70,-87
8,-239,-22,-72,-70,-58
4,-237,-21,-66,-66,-30
0,-236,-25,-54,-58,-4
-1,-234,-19,-35,-51,16
-1,-229,-20,-13,-46,32
-3,-231,-15,10,-46,41
0,-233,-15,36,-54,45
-1,-233,-8,63,-61,46
-2,-237,-9,92,-70,44
-5,-240,-5,117,-80,36
-3,-240,-5,139,-90,28
-3,-247,-8,153,-104,17
-6,-247,-8,165,-122,7
-5,-249,-10,177,-141,-1
-6,-249,-7,188,-164,-5
-8,-249,-6,197,-187,-5
-10,-247,-9,201,-211,0
-12,-243,-7,203,-235,8
-15,-240,-1,204,-259,21
-19,-236,-6,200,-280,36
-21,-231,-6,197,-301,55
-23,-230,-6,194,-314,77
-25,-220,-11,186,-322,95
-25,-213,-14,175,-328,117
-21,-207,-20,158,-330,140
-13,-203,-28,126,-329,157
-5,-201,-37,86,-329,167
2,-195,-41,41,-328,170
10,-200,-41,-7,-329,167
21,-205,-46,-50,-331,158
26,-211,-42,-86,-335,145
29,-218,-41,-116,-337,128
29,-230,-36,-138,-340,114
32,-244,-37,-160,-340,98
31,-259,-37,-180,-343,80
31,-271,-26,-200,-345,60
27,-284,-20,-215,-347,39
26,-298,-16,-216,-349,16
20,-305,-12,-206,-350,-4
20,-310,-3,-197,-358,-18
11,-311,-4,-182,-358,-36
5,-311,0,-178,-364,-42
-1,-304,2,-179,-377,-42
-6,-303,7,-182,-396,-39
-9,-295,5,-185,-421,-39
-15,-287,13,-178,-450,-35
-15,-278,12,-158,-481,-27
-22,-273,10,-125,-512,-15
-21,-271,11,-90,-540,6
-21,-270,5,-63,-559,28
-22,-270,-4,-53,-572,50
-14,-284,-22,-63,-575,69
-4,-300,-50,-105,-569,81
0,-311,-86,-189,-555,91
17,-330,-122,-317,-531,105
29,-348,-137,-463,-492,110
40,-372,-140,-588,-440,114
49,-384,-132,-651,-383,108
55,-402,-129,-641,-317,96
61,-404,-130,-574,-231,81
72,-401,-145,-497,-122,68
79,-388,-162,-454,-7,61
86,-373,-180,-460,91,48
90,-350,-194,-509,154,34
96,-331,-210,-579,184,12
82,-310,-212,-640,191,-12
64,-287,-211,-666,168,-30
48,-269,-211,-653,116,-48
25,-249,-208,-625,40,-74
0,-237,-187,-591,-46,-109
-36,-223,-163,-541,-135,-152
-80,-221,-140,-459,-215,-194
-93,-205,-116,-334,-278,-229
-126,-190,-86,-169,-321,-253
-172,-200,-76,1,-350,-249
-196,-205,-73,140,-375,-217
-196,-193,-76,222,-404,-173
-201,-208,-74,245,-440,-120
-190,-204,-93,213,-479,-68
-170,-224,-92,129,-508,-12
-141,-248,-105,11,-517,42
-104,-250,-100,-117,-502,101
-58,-269,-96,-240,-467,158
-13,-285,-94,-346,-420,211
19,-290,-88,-440,-372,253
52,-302,-89,-518,-333,280
83,-299,-82,-577,-301,295
115,-303,-92,-619,-267,292
137,-305,-83,-638,-228,276
131,-303,-99,-629,-183,247
112,-303,-93,-588,-134,223
103,-275,-99,-518,-80,217
71,-285,-89,-425,-27,232
56,-262,-86,-325,19,259
37,-246,-99,-227,55,296
14,-222,-98,-145,82,345
0,-210,-106,-83,102,400
-22,-191,-104,-37,127,436
-45,-176,-99,-2,155,451
-59,-171,-96,19,181,458
-68,-178,-87,31,200,463
-85,-170,-94,34,211,474
-81,-178,-90,39,211,481
-83,-185,-73,44,205,477
-85,-188,-66,47,198,463
-85,-198,-60,44,191,455
-72,-219,-63,33,194,452
-57,-230,-58,11,208,462
-43,-231,-61,-17,234,486
-22,-237,-75,-43,266,515
-26,-254,-63,-71,299,541
-6,-257,-62,-96,331,565
-3,-257,-60,-117,360,583
-3,-255,-66,-138,385,593
-2,-251,-57,-156,401,601
-5,-246,-55,-163,414,609
-5,-246,-59,-157,431,615
-13,-226,-56,-141,451,613
-17,-224,-43,-113,473,605
-23,-213,-48,-81,501,597
-27,-211,-47,-56,528,581
-32,-210,-53,-45,559,557
-32,-201,-52,-36,587,535
-28,-198,-51,-23,613,515
-24,-198,-49,-9,633,504
-32,-199,-49,1,647,480
-28,-202,-45,9,655,456
-31,-199,-44,22,663,443
-27,-197,-48,32,662,428
-27,-203,-50,33,666,417
-33,-206,-39,25,664,402
-35,-205,-60,12,662,389
-35,-203,-60,-6,666,378
-35,-208,-62,-25,671,358
-36,-208,-54,-45,684,338
-37,-213,-56,-64,699,318
-34,-232,-61,-80,712,298
-22,-221,-58,-95,725,279
-39,-228,-69,-107,738,260
-33,-225,-58,-113,750,239
-28,-227,-62,-115,758,214
-19,-219,-55,-112,760,188
-26,-225,-58,-104,756,163
-29,-225,-53,-92,745,138
-31,-221,-52,-69,740,121
-35,-221,-52,-42,738,106
-29,-226,-47,-9,739,96
-42,-224,-45,25,744,86
-38,-227,-49,57,745,77
-38,-232,-43,90,748,66
-42,-240,-45,123,752,55
-46,-245,-37,162,755,43
-41,-243,-40,200,759,32
-51,-248,-44,236,762,20
-42,-250,-28,266,759,7
-51,-248,-41,292,754,-6
-35,-248,-41,315,746,-17
-43,-252,-35,337,733,-24
-41,-257,-28,357,720,-30
-40,-253,-25,378,707,-36
-41,-250,-26,402,702,-42
-43,-245,-26,427,703,-46
-46,-242,-32,445,707,-48
-44,-238,-23,453,709,-52
-37,-236,-27,448,711,-54
-47,-231,-36,427,711,-58
-39,-236,-35,396,708,-58
-39,-235,-35,357,708,-59
-36,-239,-41,318,708,-61
-31,-240,-47,278,714,-64
-27,-248,-44,236,726,-67
-22,-249,-45,196,742,-72
-20,-252,-51,153,752,-83
-22,-252,-59,105,755,-96
-18,-257,-62,52,750,-113
-20,-257,-76,-13,735,-131
-34,-261,-87,-85,718,-144
-39,-266,-91,-162,695,-149
-52,-270,-95,-235,668,-148
-64,-276,-95,-298,642,-135
-71,-287,-100,-349,613,-120
-81,-302,-94,-387,582,-96
-83,-317,-93,-409,548,-63
-91,-334,-90,-416,509,-27
-87,-352,-108,-413,458,18
-102,-369,-86,-405,400,63
-97,-378,-90,-397,341,107
-90,-388,-92,-393,287,150
-76,-393,-102,-400,245,191
-63,-389,-112,-416,214,219
-50,-378,-119,-437,203,228
-31,-354,-124,-447,209,213
-22,-328,-133,-436,224,177
-11,-300,-132,-406,249,136
-8,-277,-135,-360,284,90
0,-257,-141,-309,320,42
-2,-241,-145,-257,361,-4
-1,-228,-148,-209,401,-44
-10,-217,-148,-171,437,-78
-25,-214,-152,-149,465,-103
-38,-209,-152,-143,481,-112
-47,-212,-159,-162,487,-108
-58,-216,-161,-198,480,-98
-63,-226,-164,-251,462,-86
-70,-234,-167,-316,444,-68
-76,-238,-177,-381,428,-50
-76,-247,-183,-443,426,-31
-76,-252,-190,-492,435,-17
-71,-254,-198,-519,457,-9
-67,-254,-192,-518,481,-2
-57,-255,-198,-494,500,5
-50,-252,-189,-456,506,15
-37,-253,-179,-405,499,25
-25,-252,-170,-353,477,41
-11,-249,-158,-303,447,58
-6,-249,-149,-258,415,73
4,-248,-141,-219,379,86
10,-248,-137,-181,347,95
13,-249,-130,-142,317,96
15,-249,-130,-100,299,94
10,-249,-128,-58,289,86
8,-250,-128,-21,287,74
2,-251,-125,15,291,55
-5,-253,-117,46,296,29
-15,-250,-114,69,299,5
-26,-250,-115,84,299,-21
-30,-253,-109,89,297,-46
-38,-254,-108,87,297,-71
-41,-248,-109,78,304,-95
-45,-249,-106,70,319,-118
-46,-245,-104,63,334,-140
-44,-242,-100,59,355,-163
-40,-238,-101,58,374,-185
-32,-237,-94,62,388,-207
-32,-229,-96,69,396,-224
-28,-223,-96,74,395,-234
-20,-222,-91,79,388,-243
-16,-222,-89,84,378,-253
-13,-222,-86,90,366,-258
-11,-221,-85,99,356,-262
-10,-218,-85,108,345,-266
-8,-221,-80,117,341,-269
-5,-219,-79,131,341,-276
-4,-218,-84,141,348,-286
-7,-218,-82,148,356,-302
-3,-213,-83,153,364,-319
-6,-212,-83,156,369,-338
-5,-209,-83,158,368,-362
-9,-207,-81,157,364,-388
-12,-202,-75,160,353,-414
-9,-198,-75,162,344,-440
-14,-197,-71,167,335,-462
-14,-192,-76,175,320,-481
-16,-193,-73,182,307,-496
-14,-195,-68,185,295,-513
-17,-191,-66,184,286,-531
-17,-193,-69,178,280,-546
-15,-189,-72,164,281,-552
-11,-186,-69,150,287,-555
-11,-184,-79,136,290,-546
-8,-185,-74,123,290,-539
-6,-184,-76,112,284,-534
-4,-184,-73,104,272,-529
1,-191,-69,101,256,-523
4,-192,-70,106,235,-516
1,-193,-65,118,213,-507
2,-199,-63,133,192,-495
6,-204,-58,143,169,-483
4,-203,-59,146,151,-473
6,-207,-60,146,140,-463
5,-208,-66,141,135,-444
1,-208,-70,130,129,-424
0,-206,-74,117,117,-412
-2,-205,-73,104,104,-413
-5,-195,-70,109,88,-423
1,-196,-74,127,60,-404
0,-193,-74,128,20,-352
-1,-193,-70,113,-23,-311
0,-195,-71,100,-63,-288
-1,-199,-67,98,-91,-273
0,-203,-66,101,-116,-267
0,-205,-67,105,-134,-271
3,-209,-66,108,-143,-268
5,-220,-69,110,-148,-265
6,-222,-65,110,-152,-271
8,-223,-69,103,-156,-283
8,-227,-69,97,-153,-272
11,-229,-68,93,-153,-260
6,-225,-69,96,-155,-236
10,-232,-68,104,-160,-214
14,-232,-60,116,-172,-194
16,-236,-62,132,-187,-177
20,-239,-57,151,-197,-161
20,-244,-58,171,-204,-148
24,-247,-51,199,-207,-138
19,-247,-52,229,-210,-131
24,-249,-52,262,-213,-125
24,-248,-51,290,-216,-121
33,-242,-50,311,-214,-115
30,-246,-45,329,-211,-109
32,-243,-43,348,-205,-101
34,-244,-38,366,-201,-93
36,-241,-38,380,-198,-82
35,-239,-41,384,-194,-69
35,-236,-37,376,-187,-56
35,-233,-39,358,-177,-38
35,-233,-38,332,-165,-24
35,-234,-40,302,-157,-10
32,-240,-39,269,-147,1
32,-239,-43,239,-142,12
35,-241,-38,215,-134,27
25,-245,-33,197,-125,39
21,-248,-33,190,-119,53
20,-248,-29,182,-122,63
17,-249,-27,173,-134,72
18,-249,-25,160,-160,75
14,-249,-28,141,-194,82
14,-249,-25,120,-235,88
12,-249,-22,99,-277,92
11,-248,-29,81,-320,97
6,-251,-31,70,-359,101
5,-255,-24,66,-395,110
2,-255,-20,64,-424,119
1,-258,-19,66,-449,131
1,-266,-17,65,-471,145
0,-271,-18,58,-486,158
2,-272,-22,42,-495,170
7,-280,-27,23,-493,178
19,-287,-40,-9,-481,182
24,-291,-50,-47,-460,179
31,-297,-60,-90,-427,172
41,-308,-67,-139,-394,161
50,-311,-67,-182,-346,145
57,-318,-68,-216,-290,127
65,-327,-71,-232,-225,105
73,-335,-69,-231,-151,86
76,-338,-68,-207,-76,67
78,-339,-70,-171,-1,53
79,-337,-72,-129,67,44
71,-332,-77,-92,124,47
64,-325,-83,-63,163,69
49,-312,-95,-50,178,107
40,-299,-101,-53,173,152
25,-290,-120,-66,158,206
19,-284,-130,-86,147,251
16,-280,-143,-104,141,286
9,-281,-147,-114,140,306
8,-288,-152,-120,140,311
6,-295,-150,-120,139,302
2,-301,-153,-110,142,279
0,-301,-162,-91,156,249
0,-297,-165,-73,175,212
-4,-280,-176,-62,199,177
-5,-263,-181,-60,224,144
-14,-246,-186,-68,246,113
-20,-229,-190,-75,265,89
-26,-206,-187,-81,273,70
-28,-189,-186,-81,276,57
-40,-179,-182,-74,273,50
-44,-174,-175,-57,273,49
-47,-174,-164,-30,279,54
-48,-180,-152,0,295,65
-43,-185,-141,26,310,79
-38,-199,-139,44,324,89
-30,-213,-132,45,335,97
-26,-230,-131,24,347,108
-17,-243,-130,-17,369,119
-11,-251,-133,-74,403,134
-2,-259,-130,-143,442,150
0,-267,-129,-216,476,172
1,-273,-130,-290,499,199
0,-272,-127,-356,508,229
-2,-275,-126,-405,511,264
-6,-276,-123,-430,508,300
-16,-277,-118,-424,507,340
-14,-286,-113,-386,500,376
-23,-283,-116,-320,493,409
-28,-281,-109,-231,486,435
-34,-277,-109,-128,478,450
-40,-274,-104,-24,471,454
-37,-266,-107,73,463,450
-40,-255,-105,149,457,442
-42,-250,-100,203,449,431
-38,-244,-103,232,434,420
-37,-235,-102,235,416,407
-34,-227,-104,217,400,395
-29,-220,-100,186,388,388
-23,-214,-101,151,382,380
-16,-211,-96,124,382,369
-10,-209,-87,107,382,361
-3,-209,-84,103,385,356
1,-210,-84,111,384,354
3,-215,-76,124,379,360
5,-222,-75,137,370,375
7,-225,-66,151,357,402
6,-233,-70,163,342,451
16,-237,-77,179,328,533
5,-246,-68,202,319,620
-3,-248,-69,223,322,649
-13,-245,-62,246,340,644
-18,-244,-65,262,365,634
-24,-236,-65,267,391,632
-32,-229,-65,261,414,640
-33,-223,-63,250,434,649
-39,-219,-61,238,457,651
-47,-209,-55,225,472,646
-49,-206,-51,216,481,639
-50,-202,-56,212,484,629
-54,-198,-50,213,483,613
-51,-199,-52,219,482,597
-46,-199,-48,221,478,578
-48,-199,-48,223,475,547
-46,-199,-47,221,471,514
-41,-206,-46,218,467,479
-39,-203,-42,211,463,437
-37,-206,-41,204,458,397
-30,-211,-41,201,449,364
-30,-211,-42,204,443,330
-24,-212,-33,210,438,306
-27,-214,-44,220,437,287
-24,-214,-42,231,438,267
-25,-217,-40,241,446,242
-24,-217,-41,253,455,218
-26,-216,-39,271,468,194
-25,-215,-42,293,483,167
-25,-215,-31,312,490,140
-26,-212,-38,325,495,114
-29,-211,-34,339,496,91
-33,-210,-35,343,494,70
-34,-208,-37,338,488,49
-38,-208,-38,319,480,25
-42,-202,-35,293,470,5
-43,-200,-33,267,465,-16
-45,-200,-34,250,464,-37
-48,-205,-32,233,460,-58
-44,-208,-34,218,449,-74
-46,-210,-35,203,432,-95
-45,-215,-33,188,409,-116
-42,-221,-28,184,383,-135
-38,-227,-29,190,359,-155
-35,-229,-25,208,342,-174
-35,-234,-22,230,332,-185
-33,-238,-22,249,329,-191
-31,-236,-21,262,333,-193
-32,-236,-20,267,335,-191
-34,-234,-23,262,337,-190
-33,-231,-22,246,336,-182
-32,-226,-25,221,332,-173
-34,-221,-25,193,327,-165
-35,-216,-29,163,324,-157
-33,-212,-33,130,322,-158
-33,-212,-29,100,321,-157
-36,-212,-27,77,327,-160
-37,-219,-30,63,332,-165
-36,-228,-22,57,342,-168
-38,-235,-27,53,356,-171
-39,-239,-28,53,369,-175
-33,-247,-29,49,378,-173
-29,-254,-32,43,384,-171
-31,-261,-33,32,387,-165
-23,-264,-32,19,385,-160
-25,-263,-33,7,378,-154
-25,-271,-32,0,366,-148
-24,-273,-31,-7,353,-139
-26,-271,-29,-10,344,-129
-29,-266,-31,-11,336,-116
-28,-263,-30,-16,329,-104
-28,-266,-31,-25,323,-97
-28,-263,-35,-36,318,-92
-29,-262,-41,-52,317,-81
-28,-264,-37,-73,328,-64
-31,-269,-37,-90,337,-49
-33,-279,-38,-104,342,-42
-33,-290,-42,-112,336,-36
-36,-303,-35,-112,327,-24
-34,-316,-40,-102,320,-1
-34,-331,-48,-87,306,25
-45,-341,-55,-75,285,41
-40,-355,-67,-78,252,61
-45,-357,-70,-77,220,72
-49,-366,-76,-74,177,74
-52,-375,-79,-57,123,82
-53,-375,-82,-22,68,88
-59,-369,-89,28,24,83
-56,-365,-88,84,-5,73
-60,-357,-93,134,-17,54
-55,-340,-97,167,-17,32
-53,-327,-103,176,-7,5
-51,-315,-109,162,11,-29
-52,-304,-112,124,30,-62
-46,-300,-117,75,45,-94
-45,-293,-121,23,57,-124
-45,-282,-128,-20,71,-151
-44,-275,-130,-55,84,-177
-41,-273,-132,-75,98,-198
-41,-260,-137,-89,112,-211
-38,-257,-147,-104,125,-215
-34,-246,-151,-124,143,-213
-24,-237,-159,-148,173,-204
-15,-228,-157,-172,215,-188
-5,-213,-160,-193,264,-170
7,-205,-163,-203,322,-150
21,-194,-163,-204,385,-129
37,-190,-161,-194,449,-109
53,-182,-157,-175,507,-96
62,-183,-159,-146,556,-84
74,-183,-147,-111,602,-79
85,-193,-138,-73,646,-76
84,-203,-135,-32,684,-79
80,-214,-130,7,712,-80
74,-227,-124,33,721,-79
58,-237,-126,40,712,-78
40,-252,-126,24,684,-77
17,-259,-125,-15,640,-72
-1,-261,-129,-71,591,-65
-19,-269,-131,-139,554,-60
-31,-273,-135,-209,534,-58
-40,-276,-134,-272,526,-65
-46,-271,-135,-320,527,-78
-45,-273,-131,-348,528,-101
-44,-269,-127,-355,525,-133
-39,-265,-123,-342,513,-171
-35,-259,-118,-314,495,-210
-32,-261,-110,-276,474,-240
-30,-258,-112,-232,453,-260
-21,-260,-105,-197,433,-268
-12,-256,-106,-156,418,-261
-7,-254,-106,-119,405,-244
-4,-257,-108,-89,391,-223
0,-255,-107,-62,368,-200
2,-253,-107,-39,343,-179
4,-250,-106,-21,304,-166
3,-248,-106,-6,261,-156
3,-247,-101,7,216,-153
0,-246,-99,17,171,-152
-1,-247,-97,22,128,-155
-7,-248,-87,29,92,-158
-15,-244,-82,36,62,-162
-20,-247,-76,43,35,-168
-22,-242,-70,50,13,-174
-25,-236,-64,56,-5,-184
-26,-229,-63,69,-18,-196
-25,-221,-59,83,-31,-214
-21,-217,-62,98,-48,-237
-21,-208,-58,110,-71,-264
-16,-201,-61,120,-105,-295
-14,-202,-62,127,-150,-329
-11,-201,-59,129,-204,-362
-8,-200,-58,130,-254,-386
-3,-204,-61,121,-296,-405
1,-205,-60,110,-324,-422
5,-215,-59,95,-338,-436
6,-216,-57,82,-340,-444
12,-222,-62,76,-333,-444
13,-222,-64,70,-326,-443
18,-228,-66,67,-322,-439
16,-223,-64,67,-327,-432
21,-224,-64,65,-342,-416
19,-221,-65,70,-364,-397
21,-217,-64,74,-383,-373
20,-220,-64,76,-398,-355
20,-222,-61,79,-404,-345
20,-223,-57,87,-407,-328
21,-223,-57,105,-409,-313
22,-228,-56,128,-410,-298
25,-229,-59,151,-412,-285
25,-231,-59,170,-416,-273
27,-235,-62,181,-429,-261
27,-238,-65,181,-444,-247
24,-241,-70,170,-456,-233
21,-243,-67,156,-467,-219
18,-240,-68,140,-475,-208
13,-241,-72,129,-481,-199
11,-242,-69,125,-488,-186
12,-245,-65,127,-494,-178
7,-242,-64,137,-503,-170
6,-242,-60,154,-513,-163
9,-244,-60,174,-524,-159
8,-237,-60,189,-533,-156
7,-239,-60,203,-538,-150
10,-236,-61,211,-540,-145
7,-233,-58,215,-538,-140
9,-232,-58,218,-536,-134
9,-231,-55,222,-535,-129
11,-231,-56,227,-533,-122
13,-228,-53,236,-533,-117
11,-229,-55,246,-533,-114
20,-233,-52,260,-534,-111
23,-233,-50,274,-533,-112
26,-233,-43,291,-532,-114
28,-231,-41,313,-527,-117
28,-228,-42,334,-520,-118
35,-230,-36,353,-514,-117
35,-230,-40,366,-510,-113
36,-230,-39,374,-504,-103
39,-227,-38,372,-497,-87
36,-223,-33,368,-488,-67
36,-224,-26,367,-477,-45
31,-220,-23,372,-464,-21
28,-219,-23,381,-443,1
30,-213,-23,391,-419,27
24,-207,-24,398,-392,55
24,-206,-27,395,-370,85
21,-202,-33,383,-350,115
16,-208,-38,363,-336,142
10,-203,-39,332,-330,167
8,-208,-39,295,-328,184
1,-209,-30,263,-336,197
-2,-218,-28,241,-348,203
-3,-226,-27,228,-362,207
-4,-228,-23,226,-372,209
0,-235,-25,231,-373,212
2,-244,-23,239,-366,211
3,-241,-24,255,-355,209
11,-252,-23,273,-343,205
19,-259,-19,297,-334,201
22,-257,-20,327,-328,195
26,-256,-19,367,-324,192
22,-254,-16,414,-319,190
22,-251,-11,462,-314,191
18,-250,-8,507,-304,201
23,-243,-9,540,-287,212
21,-239,-9,558,-259,226
24,-233,-8,560,-231,238
21,-227,-6,548,-205,249
24,-232,-2,530,-188,259
23,-230,3,510,-176,268
24,-233,6,490,-162,276
25,-236,5,474,-143,283
24,-236,1,459,-120,287
29,-242,0,445,-99,292
31,-242,-3,428,-85,296
35,-246,-8,410,-78,296
35,-249,-5,391,-75,292
39,-250,-3,372,-71,287
31,-255,-12,356,-63,282
36,-254,-11,341,-49,274
31,-258,-13,320,-30,265
30,-258,-11,299,-2,254
29,-263,-14,275,31,243
27,-269,-14,254,58,229
29,-278,-17,240,92,212
27,-282,-15,232,124,195
30,-285,-17,226,159,181
31,-289,-22,222,195,167
28,-289,-33,217,228,160
32,-297,-35,213,263,151
37,-297,-46,214,303,140
43,-295,-51,216,341,123
50,-294,-63,229,380,98
55,-301,-63,254,421,65
57,-308,-63,297,466,31
59,-314,-69,352,515,-3
59,-325,-68,426,556,-41
57,-336,-67,513,591,-72
59,-345,-70,594,624,-98
56,-350,-74,651,655,-122
53,-356,-78,678,683,-142
51,-366,-85,681,706,-165
48,-365,-93,653,726,-193
38,-364,-113,593,746,-224
28,-354,-131,496,767,-252
13,-332,-162,375,777,-267
-2,-311,-186,236,765,-277
-23,-279,-194,102,724,-280
-39,-246,-206,-8,651,-282
-61,-210,-211,-74,552,-287
-74,-176,-209,-96,430,-306
-92,-135,-203,-76,291,-337
-110,-96,-189,-23,142,-375
-121,-57,-173,56,-14,-407
-131,-16,-150,149,-159,-422
-139,13,-124,243,-279,-421
-140,45,-98,330,-360,-402
-128,54,-70,377,-416,-364
-122,48,-42,386,-448,-312
-103,31,-30,349,-461,-252
-82,1,-21,269,-454,-186
-54,-34,-25,155,-410,-120
-33,-71,-36,24,-304,-59
-10,-115,-43,-98,-152,8
3,-150,-56,-198,12,76
22,-183,-69,-267,169,134
37,-204,-87,-311,308,173
48,-218,-99,-349,419,190
64,-226,-109,-395,493,181
67,-229,-118,-440,524,141
64,-221,-124,-479,522,76
56,-211,-124,-510,492,-6
42,-195,-113,-523,453,-99
27,-181,-97,-512,426,-188
16,-168,-83,-481,415,-277
10,-159,-60,-433,415,-368
0,-152,-38,-368,438,-453
1,-149,-21,-287,483,-519
1,-148,-5,-202,557,-557
3,-150,7,-115,662,-567
8,-153,17,-26,790,-547
12,-155,22,57,926,-500
14,-157,20,115,1057,-428
13,-157,10,134,1169,-335
16,-155,6,111,1249,-221
17,-156,1,53,1294,-92
12,-151,-7,-24,1306,37
11,-150,-10,-98,1296,154
13,-153,-16,-150,1277,253
10,-153,-18,-169,1256,328
9,-160,-24,-155,1242,380
8,-159,-32,-124,1236,416
0,-158,-41,-99,1228,434
-5,-153,-50,-87,1214,441
-9,-151,-55,-88,1200,440
-19,-145,-58,-97,1191,439
-27,-140,-60,-100,1193,436
-33,-137,-71,-95,1209,444
-35,-134,-73,-90,1236,460
-44,-132,-76,-85,1272,491
-45,-135,-79,-90,1298,528
-48,-145,-75,-104,1300,567
-53,-152,-72,-118,1279,599
-56,-171,-66,-128,1238,627
-61,-188,-55,-121,1187,655
-53,-207,-41,-90,1123,684
-59,-227,-33,-37,1043,712
-53,-243,-30,32,949,735
-49,-247,-30,102,839,744
-43,-238,-37,158,724,736
-36,-221,-40,210,630,705
-34,-200,-48,289,575,662
-26,-169,-58,393,564,612
-19,-132,-64,498,587,557
-10,-101,-66,565,614,491
-8,-73,-58,588,639,404
-5,-55,-35,595,656,299
-11,-49,-20,604,662,198
-26,-54,-24,604,640,123
-44,-76,-23,562,583,96
-65,-107,-28,511,500,109
-69,-147,-37,495,413,149
-72,-195,-46,533,332,205
-80,-243,-65,597,262,274
-88,-286,-83,696,196,367
-92,-333,-96,808,124,480
-74,-378,-107,937,54,602
-46,-429,-108,1074,-12,710
-11,-458,-113,1212,-69,776
25,-468,-107,1344,-104,770
47,-482,-76,1542,-137,711
69,-477,-88,1932,-195,634
87,-434,-157,2349,-282,551
83,-372,-174,2499,-303,489
61,-316,-120,2485,-245,441
44,-260,-107,2580,-174,424
27,-205,-157,2820,-92,414
14,-167,-152,2985,6,438
4,-147,-109,3001,58,499
-3,-139,-70,2945,76,587
-4,-134,-46,2944,106,687
-9,-131,-37,3027,127,779
-10,-126,-35,3098,115,864
-8,-132,-10,3099,83,948
-9,-137,4,3072,42,995
-14,-134,-15,3021,14,994
-25,-133,-39,2899,14,962
-27,-147,-58,2718,48,915
-32,-165,-80,2552,90,847
-34,-180,-81,2469,142,773
-51,-198,-50,2453,211,703
-61,-234,11,2485,279,633
-74,-278,74,2596,312,551
-78,-322,138,2728,284,465
-101,-378,213,2822,213,381
-126,-448,295,2864,109,329
-154,-552,406,2932,30,285
-204,-677,505,3154,-20,226
-265,-809,576,3561,-61,182
-318,-948,605,4023,-117,210
-346,-1091,600,4368,-224,279
-389,-1271,552,4457,-436,332
-355,-1359,491,4308,-711,361
-243,-1370,443,4046,-910,353
-86,-1301,413,3780,-919,269
-30,-1161,397,3643,-748,154
6,-983,344,3680,-560,165
54,-777,274,3705,-385,285
89,-570,231,3545,-210,424
120,-360,229,3176,-62,545
139,-201,235,2707,74,701
161,-68,228,2286,227,879
172,42,193,2001,377,1014
182,126,147,1915,492,1097
161,201,103,2068,579,1137
134,249,73,2393,690,1138
92,262,45,2790,825,1066
37,255,23,3110,955,936
-14,206,30,3236,1049,805
-55,125,52,3156,1084,702
-75,6,84,2891,1046,636
-90,-114,108,2533,948,612
-118,-196,109,2188,817,613
-146,-242,100,1903,672,651
-178,-259,94,1694,511,731
-198,-255,96,1551,335,822
-201,-244,107,1431,161,870
-190,-227,112,1307,-9,847
-175,-217,120,1193,-189,757
-157,-203,136,1112,-343,645
-132,-185,155,1071,-433,547
-82,-165,171,1075,-461,470
-37,-121,189,1124,-424,384
12,-76,196,1209,-343,287
6,-22,196,1319,-253,204
-20,29,193,1390,-207,175
-53,64,199,1401,-228,227
-105,95,206,1360,-286,304
-150,120,210,1296,-388,379
-170,127,196,1224,-504,420
-194,123,171,1132,-598,419
-152,87,143,1035,-679,399
-131,47,121,982,-682,335
-129,6,98,965,-685,286
-124,-43,86,945,-740,281
-106,-71,95,959,-819,268
-120,-83,103,1003,-890,244
-113,-82,116,1023,-992,246
-95,-61,131,1037,-1066,226
-85,-40,138,1050,-1087,199
-84,-13,155,1038,-1097,185
-86,9,170,1016,-1105,175
-72,31,193,975,-1094,198
-58,50,240,968,-1046,230
-69,51,262,1014,-993,276
-87,51,284,1078,-975,343
-107,46,310,1142,-996,395
-115,33,343,1198,-1056,424
-111,31,371,1261,-1088,418
-116,21,384,1336,-1072,399
-103,14,394,1387,-1034,386
-93,14,396,1406,-1000,363
-95,16,393,1400,-998,328
-93,28,379,1378,-1039,285
-79,46,376,1352,-1074,232
-80,71,385,1340,-1075,172
-85,86,403,1337,-1076,111
-88,91,391,1348,-1082,48
-92,105,386,1340,-1058,-20
-88,105,374,1296,-1029,-101
-81,110,356,1247,-1003,-203
-72,109,351,1196,-971,-283
-54,104,350,1149,-920,-346
-33,98,353,1122,-864,-422
-19,93,330,1104,-811,-475
-4,86,307,1044,-773,-513
8,80,288,913,-739,-539
22,79,272,723,-714,-566
35,82,255,517,-681,-578
37,81,245,310,-641,-559
31,75,233,118,-615,-519
30,70,230,-58,-619,-464
32,64,219,-207,-649,-411
32,57,221,-327,-687,-369
40,45,220,-418,-707,-334
38,34,220,-476,-692,-313
40,18,220,-502,-665,-305
35,7,220,-501,-638,-301
40,-7,221,-477,-614,-308
41,-20,217,-442,-579,-316
36,-39,216,-400,-538,-312
36,-55,208,-358,-487,-288
39,-69,201,-317,-432,-254
34,-76,193,-275,-382,-219
32,-82,187,-222,-342,-192
28,-80,182,-157,-319,-175
27,-77,177,-98,-316,-160
35,-64,188,-57,-324,-152
40,-57,196,-23,-338,-156
44,-42,206,7,-346,-167
43,-28,212,32,-353,-175
46,-11,219,45,-361,-181
59,0,229,40,-363,-193
61,9,232,18,-360,-204
61,18,243,-12,-359,-202
65,18,248,-35,-366,-191
68,18,256,-44,-374,-178
78,9,264,-35,-375,-163
85,7,270,-9,-374,-154
89,2,275,24,-363,-154
98,-8,278,53,-340,-156
99,-18,280,64,-302,-163
98,-22,286,54,-255,-166
97,-31,285,26,-200,-166
83,-33,284,-18,-141,-157
78,-39,277,-65,-82,-134
69,-39,266,-98,-25,-103
64,-41,258,-99,23,-67
64,-36,254,-77,68,-28
58,-30,252,-48,114,0
59,-27,255,-21,160,18
61,-22,254,7,201,33
59,-18,256,43,242,44
55,-15,258,76,278,45
49,-16,257,94,298,44
50,-12,263,99,302,45
52,-14,263,105,303,39
57,-18,261,115,303,30
51,-22,256,125,306,9
47,-26,251,140,306,-5
49,-27,244,157,308,-21
47,-32,239,178,314,-44
44,-40,241,195,321,-62
41,-31,235,216,314,-88
36,-22,234,236,302,-113
30,-21,239,251,290,-124
27,-17,235,253,284,-126
21,-10,240,240,291,-121
21,-8,242,220,312,-111
30,-5,240,204,342,-103
26,-7,239,191,391,-101
15,-7,240,197,437,-114
15,-8,245,218,454,-125
8,-8,238,225,448,-130
7,-13,237,216,411,-131
0,-4,225,216,337,-155
-3,7,227,212,254,-189
-8,7,222,213,195,-217
-13,8,217,209,166,-231
-17,7,210,191,190,-213
-26,-5,207,171,254,-170
-36,-13,215,162,312,-112
-40,-26,211,165,335,-40
-46,-39,214,169,310,41
-44,-72,235,141,283,154
-48,-100,236,151,194,203
-41,-129,234,194,97,216
-33,-156,236,237,45,223
-22,-179,237,268,46,226
-10,-186,240,287,86,217
-8,-188,238,300,139,201
-19,-179,241,308,185,183
-14,-158,233,310,208,157
-11,-129,234,301,206,113
-5,-94,235,283,199,45
-2,-57,237,256,188,-30
1,-21,247,237,180,-98
0,9,261,228,176,-146
0,43,268,230,164,-164
4,59,284,244,140,-159
10,69,286,268,104,-145
10,67,279,287,60,-126
10,50,272,297,2,-108
13,23,260,291,-62,-96
6,-4,241,263,-121,-88
12,-34,224,208,-160,-86
20,-58,214,128,-171,-94
26,-75,200,42,-163,-108
28,-89,189,-42,-141,-116
31,-97,184,-123,-110,-121
21,-96,188,-199,-67,-121
12,-91,188,-258,-20,-111
3,-84,199,-292,26,-98
-1,-66,208,-301,71,-86
-6,-59,215,-289,111,-74
-12,-48,222,-265,144,-59
-13,-35,238,-237,165,-41
-20,-23,242,-205,176,-20
-23,-15,249,-169,171,5
-15,-11,257,-136,161,25
-12,-6,261,-103,150,39
-6,-6,266,-77,135,51
0,-12,269,-64,116,60
0,-20,269,-59,94,59
3,-28,273,-61,72,52
8,-34,269,-69,52,43
8,-35,263,-79,46,29
8,-33,259,-84,58,21
9,-29,258,-87,80,22
7,-18,252,-86,107,28
12,-10,251,-86,133,38
10,-2,247,-82,158,50
7,7,245,-75,175,69
5,9,241,-64,180,93
6,10,238,-56,175,126
10,8,237,-53,164,144
9,6,237,-50,159,151
12,-3,235,-51,153,152
7,-13,237,-58,144,147
7,-28,239,-68,134,137
7,-36,236,-76,123,117
4,-45,233,-81,112,86
4,-43,233,-83,102,51
0,-40,233,-81,91,21
1,-37,239,-69,81,-7
0,-31,236,-46,72,-32
1,-26,241,-11,63,-54
0,-17,243,34,56,-70
0,-12,248,80,49,-83
3,-7,253,123,41,-90
4,-4,254,155,34,-95
6,1,251,179,24,-97
12,6,258,191,15,-96
11,5,252,191,6,-96
13,5,257,180,0,-93
16,-1,255,162,-3,-93
19,0,249,145,-4,-90
12,-4,252,130,0,-85
14,-7,248,117,4,-77
10,-6,245,105,7,-68
8,-7,246,92,15,-57
6,-7,242,79,25,-41
9,-4,245,70,35,-26
12,-7,248,62,51,-9
12,-9,243,57,67,11
15,-8,242,54,85,32
13,-7,243,54,106,53
14,-10,248,55,120,72
15,-14,248,59,125,90
15,-17,245,67,124,98
7,-12,245,72,124,95
7,-17,247,70,121,90
6,-19,247,64,117,86
4,-21,248,58,110,80
6,-23,246,51,102,74
1,-28,249,47,96,68
1,-31,246,46,91,60
-1,-30,248,51,87,52
-3,-34,248,55,86,46
0,-30,245,59,82,41
0,-30,243,60,80,37
-2,-26,242,58,77,33
0,-26,244,54,75,32
0,-27,239,50,72,29
0,-21,240,48,70,26
0,-26,240,46,69,24
1,-26,244,44,67,21
1,-27,238,40,66,21
3,-27,238,39,65,17
3,-26,239,37,64,15
2,-27,238,37,64,13
4,-24,242,36,61,9
5,-24,237,34,60,7
9,-27,236,31,60,5
6,-23,239,27,59,2
6,-27,237,22,63,0
7,-25,237,19,61,-1
9,-25,239,14,64,-4
9,-25,235,11,64,-5
7,-22,236,6,66,-7
10,-25,239,2,66,-8
8,-25,238,-2,66,-9
7,-23,239,-7,66,-9
8,-22,242,-13,65,-8
8,-21,243,-17,65,-10
7,-19,241,-20,65,-11
7,-21,244,-23,67,-12
9,-24,241,-23,67,-13
6,-18,239,-23,67,-14
4,-19,243,-21,67,-14
6,-18,246,-17,70,-13
2,-16,246,-14,72,-12
8,-22,241,-13,77,-11
4,-15,245,-12,81,-9
5,-15,242,-14,84,-6
6,-14,247,-19,87,-5
4,-14,243,-24,91,-3
5,-14,242,-26,90,0
5,-15,241,-29,91,2
3,-11,244,-34,89,3
5,-13,248,-37,92,3
3,-14,244,-38,94,7
11,-17,247,-38,96,9
3,-11,245,-35,95,11
6,-14,243,-33,95,12
4,-11,241,-30,94,15
4,-9,244,-28,95,16
5,-12,243,-25,94,18
4,-11,245,-24,93,19
4,-10,245,-22,92,19
4,-11,243,-21,90,19
2,-11,246,-19,88,17
4,-17,247,-15,87,15
4,-13,247,-12,83,12
7,-16,247,-9,77,11
4,-17,249,-6,75,9
5,-13,244,-4,74,7
7,-15,248,0,71,4
4,-14,245,1,72,3
5,-14,248,1,72,0
5,-16,246,4,72,-1
3,-14,247,7,70,-4
6,-16,245,10,72,-5
5,-14,243,16,71,-5
4,-23,244,22,68,-5
4,-14,247,29,68,-5
7,-16,246,39,68,-5
6,-16,244,51,72,-5
8,-19,243,61,73,-4
8,-16,242,71,76,-6
4,-16,239,75,78,-6
4,-17,240,72,80,-5
2,-15,241,66,83,-5
3,-17,242,55,82,-6
6,-19,247,42,79,-4
5,-17,240,34,78,-4
1,-20,242,29,76,-5
1,-16,244,22,76,-4
4,-20,244,15,72,-5
2,-17,240,11,71,-3
3,-17,238,10,71,-2
4,-17,239,10,70,-2
3,-19,242,14,70,0
5,-19,243,14,68,0
6,-17,244,16,67,1
-1,-18,238,19,67,1
4,-14,243,17,67,0
4,-18,243,12,68,0
1,-16,240,8,70,1
2,-17,243,5,73,3
3,-14,243,3,76,4
5,-16,244,2,78,6
2,-16,242,2,79,4
4,-17,240,4,80,4
3,-15,242,5,78,6
3,-18,241,4,77,6
3,-17,245,7,77,5
4,-21,241,11,77,5
4,-17,242,14,78,7
5,-16,243,17,78,6
4,-14,243,17,79,8
4,-16,241,15,77,10
5,-14,243,13,73,9
3,-14,242,9,72,8
4,-14,243,5,72,8
6,-11,243,1,71,9
5,-13,241,-3,68,9
6,-15,244,-7,70,7
4,-11,244,-6,72,8
5,-14,248,-6,75,9
8,-15,245,-7,74,9
6,-9,244,-8,75,11
5,-12,242,-9,76,8
4,-13,243,-10,75,7
5,-14,246,-10,77,6
7,-13,244,-11,74,5
6,-13,245,-13,74,6
6,-15,243,-15,74,6
6,-10,245,-14,73,5
6,-13,247,-12,73,7
6,-14,244,-12,73,7
4,-13,247,-9,75,5
2,-12,244,-5,76,4
6,-15,245,-2,75,4
4,-10,244,1,75,3
6,-15,245,2,74,2
2,-15,242,1,75,0
5,-12,243,4,74,0
3,-13,247,2,72,-1
2,-18,242,1,70,-1
2,-13,247,1,67,-3
3,-17,246,0,63,-5
0,-16,243,0,61,-6
1,-16,247,4,63,-7
4,-15,246,7,64,-8
3,-15,244,10,64,-8
3,-17,240,13,64,-10
6,-17,242,12,66,-10
1,-11,241,12,66,-10
3,-16,248,12,67,-9
4,-13,239,10,67,-9
6,-15,244,4,66,-10
3,-14,245,1,66,-9
5,-12,244,-1,70,-7
3,-13,245,0,70,-6
2,-16,242,-1,70,-6
3,-13,245,1,70,-7
3,-13,245,2,68,-6
4,-14,244,3,67,-7
1,-11,242,6,69,-4
5,-17,249,9,69,-3
3,-14,245,12,68,-2
6,-15,246,14,71,-1
3,-16,242,16,71,-2
2,-14,244,16,70,0
5,-15,241,16,69,-1
6,-12,246,15,69,0
3,-14,243,14,68,0
4,-15,245,9,68,2
5,-13,243,4,70,2
5,-13,240,-1,70,3
7,-15,243,-3,72,4
5,-11,243,-4,73,1
5,-10,240,-3,73,-1
5,-15,244,-2,74,1
9,-11,239,0,76,2
5,-10,243,1,76,4
6,-11,242,3,78,6
6,-11,243,3,79,6
4,-14,242,3,79,9
3,-11,246,0,78,12
4,-12,243,-8,77,15
4,-15,241,-16,76,17
7,-11,245,-23,76,18
2,-15,244,-30,76,16
4,-11,245,-35,75,14
1,-12,243,-37,74,12
5,-13,246,-37,73,10
4,-16,244,-36,72,7
3,-11,244,-35,72,7
1,-14,243,-29,73,5
1,-11,246,-28,71,4
3,-12,244,-29,66,2
2,-12,245,-29,66,1
2,-10,243,-25,67,-1
5,-14,245,-22,69,-3
1,-12,243,-16,68,-5
1,-15,247,-10,68,-7
0,-16,244,-2,64,-6
1,-13,242,5,63,-6
4,-17,247,12,61,-8
2,-15,239,20,61,-7
5,-15,241,23,62,-8
1,-17,244,27,62,-8
4,-13,247,29,64,-8
2,-12,246,28,66,-9
3,-13,248,24,68,-9
6,-14,242,21,69,-9
3,-15,243,19,69,-7
3,-15,241,18,69,-8
4,-14,241,16,70,-6
4,-12,242,14,69,-5
4,-13,241,12,68,-5
5,-12,244,10,73,-4
3,-10,238,12,74,-4
5,-11,247,16,74,-3
5,-13,241,21,76,-1
3,-13,242,28,81,0
4,-12,246,33,82,3
7,-11,239,37,85,3
4,-9,238,37,85,3
1,-12,244,33,86,4
2,-8,245,28,84,4
3,-8,246,20,83,6
5,-10,244,13,82,7
3,-9,244,7,81,7
2,-13,243,3,82,8
6,-11,243,-1,81,4
2,-10,239,-2,80,5
1,-11,243,-4,82,4
4,-9,243,-2,82,5
4,-14,243,-2,81,3
5,-11,244,1,80,2
0,-11,245,4,79,3
5,-14,242,4,78,3
2,-12,243,4,75,2
3,-14,247,3,75,1
4,-12,243,3,77,2
2,-11,245,2,78,1
2,-11,244,0,80,2
2,-13,244,-1,80,2
5,-10,248,-3,81,1
3,-13,244,-5,81,3
4,-13,247,-7,81,1
6,-14,242,-7,79,2
5,-10,244,-5,79,2
4,-11,246,-5,77,1
0,-9,246,-4,76,1
1,-12,240,-5,75,1
1,-9,244,-7,75,0
1,-11,241,-7,73,0
3,-8,242,-9,73,1
3,-11,245,-11,72,-1
4,-12,243,-15,71,1
5,-12,244,-18,71,3
5,-14,241,-18,71,3
2,-10,242,-17,71,3
5,-13,243,-17,71,3
4,-13,245,-16,73,4
3,-15,245,-13,72,4
2,-15,243,-13,72,4
5,-15,245,-12,71,3
3,-17,244,-11,69,2
1,-13,241,-13,67,0
3,-11,245,-13,66,-2
3,-13,244,-14,66,-3
2,-13,247,-13,65,-2
3,-13,248,-12,66,-3
2,-12,243,-11,69,-3
2,-8,243,-10,69,-5
3,-8,244,-12,71,-6
2,-12,241,-15,72,-6
6,-14,241,-20,75,-5
1,-11,247,-23,74,-6
2,-11,240,-26,73,-5
3,-12,244,-26,71,-4
3,-11,243,-27,71,-3
5,-12,244,-29,71,-2
1,-9,242,-32,72,-4
4,-16,242,-35,72,-5
2,-14,242,-37,73,-4
1,-11,246,-39,73,-3
3,-14,243,-40,71,-5
4,-13,250,-36,70,-6
1,-11,244,-29,71,-7
2,-14,246,-21,69,-5
3,-12,245,-17,70,-5
5,-13,242,-13,70,-5
1,-14,243,-10,70,-4
2,-11,243,-8,71,-3
2,-12,242,-8,69,-3
3,-12,244,-8,70,-3
4,-13,242,-8,70,-2
3,-12,250,-8,69,-2
4,-8,244,-8,68,0
3,-10,242,-10,68,0
6,-14,241,-13,68,1
6,-12,242,-13,68,3
0,-10,242,-14,69,2
6,-9,242,-13,69,4
4,-15,246,-12,69,3
4,-11,243,-12,69,2
3,-13,241,-12,68,1
3,-12,244,-13,67,3
2,-11,241,-14,67,4
4,-10,243,-18,69,3
3,-12,244,-19,69,4
3,-9,241,-19,69,3
4,-11,247,-21,69,1
5,-13,247,-21,69,3
1,-13,242,-19,69,1
1,-15,242,-18,69,1
2,-11,241,-17,70,1
2,-15,234,-16,69,1
3,-12,240,-16,69,0
2,-11,244,-17,69,-1
1,-10,248,-18,69,0
0,-11,244,-17,70,1
3,-14,243,-17,67,0
3,-15,245,-16,67,-1
4,-16,248,-17,66,-3
3,-12,243,-18,68,-3
3,-14,245,-17,68,-4
1,-13,244,-17,67,-5
2,-11,245,-16,69,-4
5,-11,244,-17,69,-2
1,-13,245,-17,67,0
3,-11,243,-18,67,-1
3,-11,246,-18,66,-3
4,-14,243,-20,66,-4
2,-10,242,-20,66,-5
1,-14,248,-20,66,-7
2,-9,242,-18,67,-7
3,-13,244,-15,64,-8
2,-12,244,-11,65,-8
3,-10,235,-6,64,-9
2,-14,247,-2,64,-9
2,-14,244,5,64,-8
2,-10,242,10,64,-8
3,-16,241,14,65,-8
0,-12,243,15,67,-9
2,-12,243,12,69,-8
4,-12,244,10,71,-8
1,-9,246,6,71,-8
4,-11,245,3,69,-8
2,-12,241,5,69,-7
1,-11,240,6,69,-9
4,-13,240,6,70,-8
1,-11,238,6,70,-8
4,-11,241,8,69,-7
3,-9,242,11,71,-6
3,-11,242,15,74,-6
3,-11,245,19,75,-5
0,-11,244,24,77,-3
3,-12,242,25,78,-4
4,-11,244,23,78,-2
7,-12,243,17,76,-2
2,-12,243,9,75,0
4,-11,244,1,73,-1
3,-12,245,-3,70,1
3,-10,246,-7,70,0
3,-13,242,-9,69,0
1,-11,243,-10,69,0
4,-11,242,-9,68,0
5,-11,243,-10,68,-1
2,-9,244,-10,68,-2
3,-9,244,-9,67,-1
3,-10,244,-8,67,-1
5,-11,247,-7,68,-1
3,-9,246,-6,68,-1
4,-11,245,-6,68,1
3,-13,243,-5,68,1
1,-10,247,-7,69,0
3,-9,244,-8,70,1
3,-12,243,-11,70,0
3,-7,241,-13,71,1
5,-13,244,-15,72,1
2,-14,244,-17,71,1
5,-11,245,-17,72,1
1,-11,243,-19,73,2
4,-11,247,-21,74,1
1,-11,243,-22,73,3
3,-13,243,-23,73,3
4,-14,243,-24,74,2
3,-11,246,-25,73,1
5,-11,246,-25,73,1
2,-13,242,-22,74,0
5,-11,248,-20,73,1
2,-9,245,-19,73,1
2,-14,239,-19,73,2
3,-8,244,-21,74,2
5,-12,241,-23,73,2
5,-12,242,-23,74,2
4,-12,243,-25,74,1
4,-12,246,-23,72,1
5,-12,244,-21,72,1
3,-13,243,-18,72,1
2,-14,246,-17,71,0
1,-12,246,-16,71,0
3,-11,245,-16,70,-1
2,-7,241,-16,68,-2
3,-11,242,-15,68,-2
5,-13,246,-15,66,-2
0,-11,240,-13,66,-4
0,-13,241,-12,68,-3
3,-11,243,-10,69,-3
4,-12,240,-9,70,-5
4,-11,241,-9,71,-5
1,-10,242,-10,71,-5
4,-13,247,-10,72,-4
4,-10,246,-12,74,-4
2,-11,242,-13,74,-4
2,-11,244,-15,72,-5
6,-12,243,-18,71,-5
5,-12,248,-21,71,-5
5,-12,245,-22,71,-6
0,-9,247,-24,70,-6
4,-10,241,-24,68,-7
4,-12,246,-22,68,-5
6,-11,248,-19,66,-5
3,-11,242,-15,66,-3
1,-11,243,-11,67,-3
4,-20,241,-7,68,-3
4,-10,242,-7,69,-3
2,-10,242,-8,69,-3
3,-14,242,-9,70,-1
2,-11,241,-10,70,-2
3,-13,243,-12,70,-1
5,-12,244,-15,70,-3
5,-9,247,-15,70,-2
3,-9,246,-15,69,-1
4,-8,242,-16,69,0
1,-12,243,-15,70,0
4,-13,248,-15,68,-1
1,-9,245,-14,67,0
1,-9,246,-14,67,2
7,-12,244,-15,66,1
2,-12,244,-13,67,1
1,-10,241,-13,69,0
1,-13,246,-13,68,1
1,-11,245,-14,69,0
3,-12,242,-15,70,-1
2,-11,245,-14,69,-1
5,-13,245,-16,69,0
2,-11,244,-13,68,-1
1,-11,245,-15,69,-1
2,-12,242,-14,71,-2
3,-13,248,-12,69,-1
6,-13,242,-12,70,-1
3,-10,243,-11,68,0
3,-9,243,-14,69,2
5,-11,242,-15,69,0
2,-9,242,-17,69,0
2,-13,241,-19,68,-1
2,-16,241,-20,69,-1
2,-10,243,-21,70,-3
2,-10,243,-20,71,-2
2,-14,243,-18,71,-4
2,-15,245,-16,70,-3
3,-10,243,-15,70,-4
6,-13,245,-14,70,-5
2,-13,240,-15,68,-3
3,-11,243,-16,69,-3
4,-11,244,-17,69,-3
0,-12,246,-18,69,-1
1,-14,243,-20,68,-1
2,-11,245,-20,68,-3
4,-14,243,-22,67,-3
1,-10,241,-19,64,-3
4,-11,243,-17,64,-4
3,-10,245,-14,62,-4
2,-13,246,-12,61,-3
1,-9,244,-11,62,-2
3,-13,241,-11,62,-2
6,-11,241,-13,61,-2
3,-11,243,-16,63,-4
4,-11,243,-18,64,-3
2,-9,242,-19,66,-5
0,-9,247,-19,67,-4
3,-13,245,-16,68,-7
3,-12,245,-10,68,-5
2,-10,242,0,66,-8
6,-13,244,11,66,-6
1,-8,242,21,65,-5
2,-13,242,30,66,-5
4,-14,240,36,66,-3
2,-11,242,39,69,-5
7,-13,243,36,70,-5
4,-11,243,31,70,-7
2,-12,242,23,70,-5
2,-11,243,16,70,-5
4,-15,240,11,70,-6
2,-12,242,11,70,-5
4,-14,239,11,70,-5
2,-10,243,11,71,-4
3,-11,241,9,71,-5
2,-9,242,9,72,-4
3,-9,243,12,73,-3
2,-11,242,15,76,-3
2,-13,241,22,79,-4
3,-9,244,26,82,-3
2,-11,245,26,83,-2
1,-11,245,24,82,0
1,-11,245,16,81,1
1,-8,242,11,81,1
3,-8,242,4,79,-1
2,-8,246,-4,77,-1
2,-3,243,-9,76,1
4,-10,249,-13,76,0
2,-8,245,-13,74,1
1,-9,248,-14,72,1
2,-9,248,-11,72,0
3,-11,242,-8,71,-1
3,-9,243,-6,70,-2
4,-9,242,-4,70,-2
3,-10,245,-1,70,-1
3,-9,243,1,70,-1
0,-8,248,1,72,0
3,-12,247,0,71,0
5,-7,244,0,72,-1
4,-9,241,1,73,-2
0,-6,244,-2,74,0
4,-8,244,-3,73,-1
1,-7,245,-6,74,-1
4,-10,244,-9,74,-1
3,-11,246,-11,74,-1
2,-10,244,-14,72,-1
1,-10,243,-16,74,-2
5,-8,241,-17,74,0
4,-10,246,-17,74,1
3,-10,242,-18,74,1
5,0,247,-18,73,-1
2,-8,245,-15,73,-2
1,-11,248,-14,72,-2
1,-10,240,-11,72,-2
2,-8,241,-11,72,-1
3,-10,245,-12,72,0
2,-10,246,-12,72,-1
4,-10,245,-12,72,0
2,-8,241,-13,73,1
4,-15,245,-12,72,2
2,-12,241,-9,73,1
4,-13,243,-8,73,0
2,-12,243,-6,72,0
2,-8,246,-5,71,0
1,-11,244,-6,70,1
1,-10,242,-9,69,-1
2,-10,247,-12,68,-2
2,-10,243,-13,68,-3
0,-8,243,-16,65,-4
2,-11,247,-19,64,-4
1,-11,245,-18,63,-6
4,-11,245,-16,65,-5
2,-10,239,-13,68,-5
3,-10,244,-9,72,-4
1,-9,243,-8,73,-5
4,-12,244,-6,75,-3
3,-10,243,-7,73,-3
2,-9,242,-8,72,-6
0,-9,242,-11,72,-6
3,-9,245,-13,72,-5
1,-10,246,-20,72,-6
2,-8,244,-25,70,-6
1,-10,253,-28,70,-6
4,-12,246,-27,70,-7
4,-11,248,-26,70,-7
3,-12,247,-23,69,-5
4,-10,247,-19,69,-5
1,-10,245,-13,69,-4
2,-11,245,-9,69,-5
2,-9,248,-8,71,-3
1,-9,240,-8,71,-2
3,-10,241,-7,72,-3
2,-11,242,-9,72,-3
3,-9,242,-11,73,-3
4,-7,244,-12,73,-2
3,-10,245,-14,74,-2
2,-8,244,-16,72,0
2,-13,245,-16,72,-1
3,-11,242,-14,70,-1
3,-11,244,-15,70,0
2,-11,245,-14,69,0
2,-8,245,-13,70,0
3,-11,246,-12,69,-1
3,-9,242,-11,69,0
3,-11,243,-10,69,0
3,-9,243,-11,69,0
4,-9,243,-11,70,1
0,-7,240,-12,70,-1
4,-7,244,-14,70,-1
3,-12,244,-12,71,0
6,-10,249,-14,70,0
4,-10,245,-13,70,-1
3,-10,244,-12,70,0
4,-10,242,-13,69,-1
5,-13,246,-12,69,0
2,-9,242,-12,69,1
5,-8,246,-12,70,0
3,-9,243,-11,70,0
2,-10,244,-13,70,0
3,-9,242,-13,72,1
3,-9,242,-14,73,2
1,-8,240,-15,72,2
3,-12,245,-17,72,0
3,-11,244,-18,73,0
2,-8,247,-18,73,0
3,-10,240,-16,74,-1
1,-9,245,-17,73,-2
2,-9,243,-16,71,-2
3,-8,243,-15,71,-1
1,-9,247,-16,70,-2
2,-6,243,-16,69,0
2,-10,244,-17,68,-2
2,-6,243,-23,64,-1
1,-9,247,-25,63,-1
1,-10,246,-23,65,-2
3,-10,245,-23,66,-1
3,-9,246,-20,66,-2
3,-11,244,-18,65,-4
4,-12,245,-16,64,-3
3,-9,243,-14,64,0
2,-10,243,-14,64,-2
2,-6,243,-14,63,-2
2,-10,244,-18,63,-3
1,-11,244,-21,64,-4
3,-9,243,-24,64,-3
0,-9,246,-25,65,-4
5,-13,246,-24,66,-5
2,-10,246,-21,66,-6
5,-11,245,-17,66,-5
4,-11,246,-11,67,-6
1,-10,245,-5,68,-6
0,-11,243,1,68,-4
2,-11,243,8,67,-4
2,-9,244,14,69,-3
3,-13,242,15,69,-3
2,-9,243,18,70,-2
2,-11,242,16,71,-3
2,-11,246,11,72,-4
1,-10,248,6,71,-4
2,-14,237,2,72,-5
2,-13,245,0,72,-5
2,-14,245,0,71,-5
2,-12,241,0,72,-5
2,-9,242,0,72,-6
4,-8,240,-2,73,-7
2,-12,242,-1,73,-7
1,-7,244,4,76,-6
4,-11,246,11,77,-6
3,-12,243,19,81,-5
2,-9,244,26,85,-2
2,-7,246,31,84,-3
3,-11,244,32,85,-2
2,-9,242,29,85,-1
2,-10,246,23,84,0
2,-8,242,16,83,1
3,-9,243,10,80,1
2,-8,242,3,80,0
0,-8,242,-1,79,0
2,-6,242,-5,79,-2
1,-6,248,-5,77,-2
2,-7,246,-4,77,-1
5,-15,240,-3,74,-1
1,-7,243,-2,73,-1
1,-8,243,-2,72,-2
5,-8,244,2,72,0
2,-11,244,3,72,-1
4,-9,246,5,74,-1
4,-8,246,4,75,-1
2,-8,247,3,74,0
5,-8,245,4,75,3
3,-8,247,3,73,4
2,-10,246,1,73,1
1,-8,247,-5,75,-1
2,-7,247,-9,75,-1
5,-11,246,-14,75,-1
4,-10,247,-16,74,0
2,-9,247,-14,75,-1
1,-9,248,-16,73,-1
1,-6,245,-16,74,-1
2,-9,241,-14,73,0
1,-12,243,-14,73,-1
2,-8,245,-14,74,-2
0,-9,242,-11,74,-2
4,-12,245,-10,74,-2
2,-12,240,-11,73,-1
1,-9,242,-12,73,-1
4,-11,240,-13,73,-1
1,-11,245,-13,73,-2
6,-12,246,-14,74,0
1,-11,245,-14,73,-1
4,-10,245,-14,74,0
0,-8,246,-14,73,0
1,-6,241,-12,72,-2
1,-10,243,-13,72,0
1,-8,244,-13,73,-3
1,-8,244,-14,70,-2
2,-13,245,-16,69,-4
3,-9,244,-17,67,-3
1,-10,241,-18,68,-4
4,-9,243,-19,68,-6
3,-10,243,-19,69,-7
2,-8,244,-18,70,-7
1,-7,246,-16,72,-6
2,-8,241,-15,72,-6
2,-8,244,-14,74,-6
4,-7,245,-15,74,-7
1,-7,245,-15,72,-6
2,-7,246,-15,73,-6
2,-11,244,-17,72,-7
1,-11,246,-20,72,-6
2,-6,244,-24,71,-3
0,-8,245,-27,70,-3
0,-6,247,-29,70,-5
2,-7,244,-30,69,-5
2,-6,247,-28,69,-4
1,-7,243,-26,70,-6
0,-9,244,-22,69,-4
0,-8,239,-18,69,-2
0,-9,246,-14,69,-3
0,-5,243,-12,68,-3
2,-7,242,-11,69,-3
1,-10,242,-11,70,-2
2,-9,241,-13,72,-3
2,-9,243,-14,72,-4
1,-11,241,-15,71,-3
1,-8,243,-15,70,-2
2,-10,244,-18,71,-3
2,-7,243,-17,70,-1
4,-9,244,-16,70,-1
3,-10,244,-15,68,-1
1,-10,246,-15,68,-1
1,-11,243,-15,68,-1
1,-9,247,-13,67,-1
1,-10,243,-13,69,-2
2,-9,246,-13,68,-2
4,-8,244,-12,69,-1
0,-8,244,-14,70,-1
0,-6,244,-15,70,-1
1,-9,247,-17,71,-1
2,-11,243,-16,71,-2
5,-11,242,-18,71,0
4,-9,243,-18,70,-1
4,-9,246,-19,72,-2
2,-9,246,-18,72,-2
1,-11,241,-17,71,-1
2,-10,245,-16,71,-1
3,-9,242,-15,70,-1
1,-10,241,-16,70,-2
1,-13,243,-16,69,-2
5,-12,241,-16,71,-1
2,-9,243,-16,71,-1
2,-8,244,-16,72,-1
0,-6,243,-17,71,-3
0,-8,243,-18,70,-2
1,-10,240,-20,71,-2
2,-11,244,-20,71,-3
1,-9,242,-19,68,-3
3,-8,246,-20,70,-2
1,-11,244,-20,68,0
3,-10,242,-20,68,-1
4,-10,246,-23,67,-3
2,-8,244,-23,67,-2
2,-10,245,-23,67,-4
1,-8,244,-25,66,-4
2,-8,245,-24,65,-6
1,-9,247,-23,64,-6
0,-9,241,-21,64,-6
2,-11,244,-18,65,-5
1,-10,246,-16,64,-6
2,-13,247,-16,64,-5
4,-1,244,-14,63,-6
1,-9,244,-12,63,-4
4,-8,244,-13,65,-5
1,-8,246,-15,63,-5
2,-10,245,-17,64,-4
2,-9,244,-17,64,-5
2,-9,245,-19,65,-4
3,-9,242,-21,63,-5
2,-9,250,-18,62,-5
2,-9,244,-17,64,-3
5,-8,241,-15,62,-2
1,-12,244,-13,63,-1
2,-6,243,-11,64,-1
2,-10,242,-12,67,-2
4,-10,242,-11,67,-2
3,-10,246,-13,70,-4
1,-10,245,-14,71,-5
6,-9,241,-15,69,-5
2,-8,246,-13,70,-6
3,-7,246,-9,68,-5
5,-9,243,-5,67,-5
1,-9,240,1,66,-4
2,-11,243,7,66,-5
1,-11,242,13,66,-5
2,-8,246,16,65,-3
3,-9,242,18,68,-3
3,-11,242,18,69,-3
4,-10,245,15,70,-5
2,-12,246,11,70,-5
1,-11,247,4,71,-4
2,-10,242,0,70,-5
1,-11,242,-4,69,-5
4,-14,238,-2,69,-4
2,-9,238,0,71,-6
2,-9,242,-2,72,-7
2,-6,242,-3,72,-7
1,-8,243,-2,74,-6
0,-9,245,1,75,-7
3,-6,241,8,77,-5
1,-9,245,15,78,-5
4,-8,242,20,81,-4
4,-10,244,24,81,-3
1,-9,242,21,80,-2
2,-8,246,17,79,-3
0,-4,243,10,78,-1
3,-9,241,4,76,-1
1,-3,245,-2,76,-1
3,-9,244,-6,75,-1
3,-6,246,-8,73,-2
0,-4,241,-8,73,-2
2,-8,245,-7,74,-2
0,-10,247,-7,72,-1
4,-9,245,-7,73,-2
5,-9,247,-5,72,0
3,-9,242,-4,73,-2
2,-7,243,-4,75,-2
1,-9,246,-4,74,-1
2,-4,247,-3,75,0
1,-6,247,-4,76,1
0,-6,244,-3,76,1
2,-7,243,-4,76,-1
3,-8,249,-4,77,0
1,-9,242,-7,77,1
1,-8,241,-7,77,1
7,-11,244,-10,77,1
2,-10,245,-12,75,0
2,-10,243,-13,75,0
1,-8,245,-15,74,0
1,-10,243,-15,75,0
2,-8,246,-14,75,1
0,-8,242,-15,75,0
0,-5,246,-14,75,0
1,-7,246,-13,75,-1
0,-9,245,-12,75,-1
3,-10,244,-11,73,-1
2,-8,241,-9,72,-2
2,-8,246,-11,72,-1
3,-9,243,-13,73,0
0,-6,243,-14,71,0
2,-8,241,-16,72,0
1,-7,246,-15,73,0
1,-6,244,-13,74,2
1,-9,241,-13,74,0
2,-9,246,-11,71,2
1,-9,245,-10,73,-1
1,-10,246,-9,72,-1
1,-6,242,-11,70,-1
7,-10,252,-13,67,-3
2,-10,245,-15,67,-4
2,-9,246,-16,66,-5
2,-8,245,-18,66,-5
1,-10,245,-18,66,-6
4,-9,246,-18,68,-5
2,-10,243,-17,69,-6
4,-8,244,-17,70,-6
1,-9,244,-15,72,-5
0,-6,244,-14,73,-5
4,-11,240,-15,74,-4
1,-8,246,-15,74,-4
0,-8,246,-16,71,-6
2,-10,245,-18,69,-4
1,-8,243,-20,67,-6
2,-8,246,-23,68,-6
1,-7,244,-27,67,-5
1,-7,245,-27,67,-5
1,-9,247,-27,67,-5
3,-10,244,-26,67,-5
0,-9,245,-23,68,-6
2,-8,244,-18,68,-3
1,-7,242,-15,69,-4
1,-9,247,-12,69,-4
2,-9,247,-9,70,-2
1,-6,241,-8,71,-3
2,-9,248,-8,72,-1
2,-8,246,-10,74,-1
4,-10,243,-11,71,-1
1,-8,245,-12,72,-1
5,-7,246,-14,72,-1
4,-9,246,-14,69,-2
2,-6,243,-15,70,0
4,-9,242,-17,70,1
3,-8,244,-16,70,-1
4,-7,243,-15,68,0
2,-6,240,-12,68,0
1,-7,244,-12,68,-1
0,-7,243,-14,70,1
1,-6,243,-12,70,0
2,-9,242,-13,70,0
2,-8,243,-14,71,-1
2,-11,245,-13,73,0
4,-10,244,-15,72,-2
4,-11,243,-15,71,-2
2,-9,246,-15,71,-1
4,-9,243,-16,72,1
1,-7,243,-14,72,-1
1,-10,244,-14,71,0
0,-8,244,-14,71,-1
2,-10,241,-14,71,-2
2,-7,246,-12,71,-2
3,-12,244,-13,71,-2
1,-7,245,-14,71,-1
4,-9,245,-14,71,-1
1,-6,243,-15,71,-2
2,-10,244,-16,72,0
2,-8,246,-17,72,0
0,-7,244,-18,71,0
0,-8,246,-17,70,-1
0,-10,239,-18,69,-1
1,-8,242,-17,70,0
1,-6,241,-14,68,-2
0,-6,243,-11,66,-2
3,-8,243,-11,67,-2
1,-8,242,-9,66,-1
1,-8,245,-8,66,-3
3,-7,244,-9,66,-4
1,-10,243,-10,66,-4
0,-7,242,-12,66,-4
1,-7,244,-13,67,-4
2,-9,246,-13,67,-4
1,-10,244,-13,66,-4
1,-8,242,-11,67,-5
-2,-8,250,-11,65,-7
2,-11,242,-9,65,-4
3,-8,244,-8,65,-4
3,-8,242,-8,65,-5
2,-11,243,-10,64,-4
1,-8,243,-12,64,-4
1,-9,244,-14,64,-5
1,-8,246,-16,65,-5
1,-10,246,-17,63,-4
3,-8,243,-16,63,-6
2,-10,245,-16,64,-4
1,-7,242,-15,64,-4
4,-10,243,-13,66,-2
2,-9,243,-10,65,-2
3,-9,244,-9,66,-2
3,-3,243,-9,67,-3
3,-11,245,-10,69,-2
0,-8,244,-10,70,-3
2,-9,245,-11,71,-4
3,-8,246,-12,72,-5
1,-9,249,-10,71,-5
1,-9,245,-8,69,-4
3,-8,244,-5,70,-4
2,-2,244,1,69,-4
8,-9,242,5,67,-4
2,-10,243,11,67,-4
2,-7,244,14,67,-4
1,-8,244,16,69,-4
2,-8,244,15,71,-3
3,-10,243,13,70,-3
4,-8,244,8,71,-5
3,-8,244,2,71,-5
1,-9,246,-4,69,-4
1,-8,245,-7,70,-4
3,-12,244,-7,68,-3
1,-16,243,-6,69,-5
0,-10,241,-7,70,-5
1,-7,241,-7,72,-7
2,-8,242,-7,72,-5
2,-7,241,-4,73,-5
1,-8,241,4,77,-4
3,-10,242,12,78,-3
3,-9,245,20,81,-2
3,-8,240,26,83,-3
2,-7,243,28,84,-1
2,-9,242,27,83,-1
4,-3,244,23,83,0
4,-6,245,18,82,-1
2,-8,245,11,80,-1
1,-5,244,3,79,0
4,-7,243,-2,80,0
4,-7,243,-7,78,-1
1,-1,243,-9,77,-3
2,-8,243,-10,75,-2
2,-5,244,-12,74,-1
2,-9,246,-11,74,0
4,-9,242,-9,72,0
1,-13,246,-8,72,0
4,-6,245,-6,73,1
1,-7,247,-5,74,-1
1,-7,245,-4,74,0
2,-5,243,-4,75,0
2,-8,244,-3,76,0
1,-4,244,-4,77,0
1,-8,242,-5,75,0
2,-7,245,-7,74,1
1,-7,245,-9,75,-1
1,-6,244,-10,74,0
4,-7,240,-10,74,1
1,-9,244,-11,73,-1
0,-8,244,-11,74,1
2,-9,247,-11,74,2
3,-10,244,-12,72,1
0,-7,243,-14,72,1
1,-8,243,-14,72,0
1,-7,244,-12,70,-2
1,-9,242,-11,71,-2
1,-9,244,-11,71,0
2,-7,245,-11,71,0
-1,-8,243,-13,73,-1
3,-8,244,-14,71,0
1,-5,244,-13,71,-1
1,-5,244,-12,72,-1
2,-6,245,-12,71,-1
1,-6,243,-12,70,1
5,-5,246,-12,72,0
1,-9,245,-12,71,1
2,-8,247,-11,70,0
1,-7,243,-12,70,0
1,-8,244,-13,68,-1
0,-6,242,-14,68,-3
1,-8,245,-15,66,-4
2,-8,243,-16,66,-3
3,-10,247,-17,67,-4
3,-6,244,-18,67,-5
2,-7,245,-17,67,-5
0,-9,246,-15,68,-5
1,-9,247,-15,69,-6
3,-8,245,-13,71,-5
2,-6,247,-14,71,-5
2,-7,244,-14,71,-5
1,-4,244,-16,70,-5
1,-5,245,-17,70,-4
0,-4,246,-21,68,-4
1,-7,246,-24,68,-6
0,-5,243,-28,65,-5
2,-8,248,-29,67,-5
-1,-7,244,-30,66,-5
2,-9,245,-30,66,-6
1,-6,247,-28,67,-5
2,-7,243,-25,68,-4
1,-6,243,-21,68,-3
1,-7,246,-18,68,-5
1,-9,246,-18,69,-3
0,-9,246,-16,70,-3
0,-9,246,-17,70,-4
1,-6,248,-19,71,-3
1,-7,243,-20,70,-1
0,-8,246,-24,71,-2
2,-9,243,-23,69,-1
1,-9,244,-24,69,0
1,-7,244,-24,67,-1
2,-10,246,-23,66,-1
2,-6,246,-22,68,-1
0,-9,240,-21,66,0
3,-5,244,-21,66,-2
1,-7,243,-21,64,0
0,-7,241,-21,65,-1
1,-7,244,-21,65,-1
2,-10,239,-22,65,-2
3,-8,245,-24,64,-2
1,-8,245,-25,64,-1
1,-9,244,-26,63,-3
1,-3,244,-26,64,-2
0,-8,243,-27,64,-3
1,-7,248,-28,63,-2
3,-11,244,-28,63,-4
3,-9,245,-29,64,-3
2,-8,244,-31,64,-3
4,-7,243,-30,64,-3
1,-6,245,-29,65,-4
1,-9,240,-31,67,-4
1,-9,245,-31,64,-4
1,-8,247,-31,64,-4
1,-14,253,-31,65,-5
0,-7,242,-33,64,-4
2,-10,244,-33,64,-4
2,-8,246,-35,64,-4
3,-7,244,-35,64,-4
0,-7,243,-35,64,-6
0,-7,242,-37,63,-5
3,-8,247,-38,63,-4
2,-10,243,-39,62,-5
1,-9,247,-40,62,-5
0,-7,245,-40,62,-5
0,-7,243,-41,63,-7
0,-7,245,-41,60,-7
1,-10,243,-41,60,-5
2,-9,244,-42,61,-6
1,-8,248,-41,60,-7
-1,-8,245,-41,60,-6
1,-10,245,-39,60,-7
2,-7,241,-39,60,-8
2,-11,245,-41,60,-8
2,-11,246,-41,60,-6
1,-7,247,-41,60,-7
2,-12,249,-40,61,-7
2,-10,245,-40,61,-7
3,-9,246,-40,61,-8
2,-9,244,-40,61,-6
1,-9,244,-40,61,-8
0,-9,248,-35,62,-9
1,-8,242,-36,62,-8
1,-8,243,-35,60,-10
3,-10,243,-34,61,-9
0,-7,244,-31,59,-9
-2,-11,250,-28,59,-9
4,-8,244,-27,61,-9
3,-12,247,-27,59,-8
2,-10,246,-29,61,-8
4,-7,241,-30,61,-8
3,-12,245,-32,62,-7
4,-12,244,-33,63,-8
2,-6,243,-33,63,-7
2,-12,243,-34,64,-7
2,-10,246,-33,63,-10
6,-10,245,-34,64,-8
1,-12,239,-33,63,-9
2,-10,244,-32,64,-7
2,-13,246,-30,62,-6
1,-9,241,-27,62,-6
2,-9,241,-26,63,-7
1,-10,245,-27,63,-8
1,-7,244,-28,64,-7
2,-9,242,-31,65,-7
2,-9,245,-31,66,-7
1,-8,244,-31,65,-8
2,-7,243,-30,65,-8
1,-7,245,-29,64,-9
0,-8,242,-25,64,-9
3,-11,245,-22,62,-8
3,-10,242,-17,62,-7
2,-11,243,-13,62,-7
1,-13,247,-10,63,-9
5,-11,243,-8,66,-9
1,-13,241,-10,66,-10
2,-10,244,-12,65,-11
1,-10,243,-18,65,-10
3,-14,247,-26,65,-11
4,-14,244,-33,64,-10
1,-12,243,-38,63,-10
3,-12,243,-39,61,-9
3,-12,241,-40,62,-11
-1,-9,241,-41,62,-11
1,-11,242,-43,62,-12
1,-10,240,-42,61,-11
3,-9,244,-39,62,-9
5,-8,242,-34,64,-6
1,-11,245,-29,68,-6
3,-7,243,-27,68,-3
1,-8,244,-24,68,-1
4,-8,247,-24,67,-1
2,-9,245,-27,65,-1
3,-10,243,-32,63,-1
3,-10,245,-35,61,-1
2,-11,244,-41,57,-3
3,-9,244,-43,55,-3
1,-8,248,-45,53,-4
4,-7,245,-45,50,-4
2,-9,243,-45,47,-6
2,-7,244,-43,47,-6
2,-9,242,-42,43,-6
1,-11,242,-42,43,-5
2,-7,243,-43,43,-5
2,-9,247,-45,43,-4
1,-11,244,-46,42,-3
3,-9,250,-47,43,-2
2,-10,245,-48,43,-5
3,-10,242,-47,43,-4
3,-12,244,-48,45,-3
4,-14,242,-51,48,-2
1,-13,245,-52,49,-3
2,-13,245,-53,49,-3
3,-12,244,-52,51,-3
2,-12,245,-51,52,-3
4,-14,243,-48,53,-2
2,-12,244,-45,52,-3
3,-11,244,-46,55,-4
3,-12,241,-45,54,-2
3,-12,240,-44,53,-4
5,-12,244,-42,53,-4
1,-13,244,-41,52,-6
3,-12,239,-39,52,-7
4,-19,236,-40,56,-6
2,-13,244,-39,58,-6
0,-13,243,-37,57,-6
1,-11,240,-34,57,-5
2,-13,243,-32,57,-6
3,-14,247,-28,57,-7
3,-14,244,-26,57,-6
5,-14,242,-24,57,-5
5,-12,246,-23,56,-6
2,-15,244,-24,59,-5
6,-14,243,-25,61,-7
2,-13,245,-29,64,-7
3,-13,242,-32,63,-6
4,-14,243,-35,59,-7
6,-16,243,-37,58,-7
2,-14,243,-39,57,-8
2,-15,245,-40,58,-9
4,-16,244,-35,56,-10
4,-13,242,-31,58,-10
1,-14,242,-28,57,-11
3,-12,244,-28,59,-11
2,-10,244,-29,60,-12
2,-14,241,-30,61,-11
3,-12,244,-33,62,-11
4,-12,245,-38,65,-9
4,-12,244,-43,67,-11
4,-13,245,-43,66,-10
2,-15,244,-45,64,-10
2,-12,244,-48,65,-9
3,-11,244,-49,64,-9
4,-11,247,-47,64,-8
1,-13,249,-44,64,-9
2,-14,244,-39,61,-9
2,-11,244,-34,60,-8
1,-11,243,-32,60,-9
3,-15,242,-30,60,-8
2,-11,243,-26,60,-7
3,-16,242,-23,61,-7
1,-11,242,-22,61,-5
5,-15,244,-22,61,-5
4,-14,241,-22,61,-5
4,-12,247,-23,61,-5
5,-11,243,-24,63,-5
4,-10,240,-22,63,-4
3,-11,246,-20,63,-4
5,-15,244,-20,63,-3
6,-14,241,-19,63,-3
2,-13,243,-18,60,-3
3,-16,244,-19,61,-3
3,-14,244,-20,62,-4
5,-13,238,-21,61,-5
5,-16,240,-20,62,-5
5,-17,246,-21,62,-5
1,-10,243,-20,60,-4
5,-16,244,-18,59,-4
5,-15,244,-18,59,-6
4,-13,243,-18,58,-6
3,-13,244,-20,57,-6
4,-14,241,-20,56,-7
3,-14,244,-21,57,-7
4,-15,246,-21,58,-6
3,-14,246,-22,60,-6
3,-14,242,-23,61,-6
2,-12,243,-22,60,-6
2,-11,248,-22,60,-6
3,-15,244,-21,63,-4
4,-14,243,-21,62,-6
6,-17,248,-21,61,-5
4,-15,243,-23,62,-7
2,-13,241,-25,63,-6
3,-11,243,-27,62,-6
4,-13,245,-27,62,-7
4,-15,243,-30,60,-9
4,-16,243,-31,60,-8
2,-10,241,-32,60,-9
2,-14,245,-34,60,-8
5,-11,243,-34,61,-8
5,-13,244,-37,63,-8
6,-14,244,-38,63,-6
4,-13,245,-38,64,-5
3,-12,247,-39,65,-5
5,-13,245,-40,66,-3
4,-15,247,-40,67,-2
6,-15,246,-42,66,-2
3,-13,242,-41,65,-2
3,-13,246,-37,62,-1
4,-14,242,-32,59,-1
3,-6,244,-30,56,-6
6,-15,246,-25,54,-5
2,-15,242,-24,54,-5
7,-17,241,-23,53,-6
2,-17,243,-22,53,-7
4,-15,244,-24,53,-7
6,-15,239,-27,57,-6
2,-11,245,-31,58,-6
4,-10,246,-36,61,-5
6,-14,246,-37,61,-6
3,-11,247,-36,60,-5
4,-15,241,-34,60,-3
5,-13,245,-29,58,-4
3,-13,245,-23,56,-6
8,-15,242,-14,53,-5
3,-16,242,-6,56,-6
4,-14,243,4,58,-6
4,-17,242,14,60,-5
3,-15,241,20,59,-6
4,-12,242,19,61,-6
2,-14,240,15,63,-7
3,-17,241,8,65,-8
2,-13,239,-4,67,-9
5,-16,244,-16,70,-7
5,-16,248,-29,69,-8
3,-16,247,-36,72,-6
4,-19,246,-41,72,-7
5,-20,244,-41,71,-6
3,-18,242,-41,70,-7
4,-18,246,-38,68,-7
5,-17,244,-32,66,-7
3,-18,243,-27,65,-7
3,-13,246,-21,65,-6
4,-17,245,-13,65,-6
2,-15,245,-8,67,-6
4,-13,245,-4,67,-5
3,-15,241,-2,67,-3
4,-12,242,-1,67,-3
3,-12,242,0,67,-3
4,-12,239,1,65,-4
4,-11,241,2,64,-4
3,-12,242,3,64,-5
6,-12,242,4,65,-4
6,-13,241,4,64,-6
10,-9,240,3,62,-6
2,-9,243,0,62,-6
7,-13,240,-3,61,-7
5,-14,243,-7,62,-6
8,-10,243,-9,63,-5
3,-14,246,-11,64,-6
4,-15,244,-12,63,-6
6,-14,243,-13,62,-7
6,-11,246,-13,64,-6

