-.-.-
-14,-266,32,-2,74,-4
-11,-263,28,-1,74,-4
-8,-269,28,0,75,-4
-11,-265,31,1,73,-4
-10,-263,26,0,72,-3
-10,-265,27,2,71,-5
-10,-261,30,0,72,-4
-12,-264,25,0,71,-5
-14,-260,30,-1,69,-5
-9,-265,28,-1,70,-4
-11,-263,32,-1,69,-3
-10,-265,32,0,67,-4
-11,-265,30,-3,67,-3
-12,-268,30,-3,66,-3
-12,-264,27,-4,67,-3
-8,-266,30,-4,68,-3
-12,-266,33,-5,68,-3
-12,-263,28,-5,69,-3
-10,-263,28,-6,67,-3
-11,-264,33,-8,66,-4
-11,-264,30,-12,68,-4
-13,-268,28,-16,67,-3
-14,-265,26,-18,66,-2
-13,-265,30,-23,67,1
-13,-265,26,-27,67,2
-13,-267,29,-31,70,3
-14,-261,33,-33,71,4
-11,-264,33,-34,73,4
-12,-264,35,-33,73,2
-11,-264,33,-31,71,3
-7,-263,33,-29,69,2
-9,-261,32,-27,67,2
-12,-261,36,-28,65,1
-11,-263,34,-32,64,1
-8,-263,35,-35,64,1
-7,-265,40,-37,61,1
-8,-263,35,-37,62,0
-7,-266,43,-37,61,-1
-7,-262,37,-40,60,-1
-5,-265,37,-45,58,0
-6,-264,35,-49,57,-1
-3,-264,36,-53,55,-2
-3,-264,34,-54,54,-3
0,-263,37,-58,54,-6
0,-260,34,-58,59,-8
1,-264,37,-60,67,-11
0,-263,40,-62,76,-12
0,-264,43,-62,79,-11
0,-263,47,-64,77,-4
-6,-263,47,-58,71,-5
-16,-261,49,-42,72,4
-10,-262,49,-34,66,15
-4,-264,46,-32,57,20
0,-263,47,-33,53,27
-3,-264,47,-39,51,36
-6,-263,43,-49,52,55
-3,-263,41,-49,50,58
-4,-259,45,-46,51,60
-9,-264,49,-49,54,64
-8,-261,45,-62,51,72
-12,-264,41,-72,45,80
-16,-261,45,-91,37,99
-12,-259,48,-90,26,102
-11,-258,49,-85,19,108
-8,-261,49,-80,9,112
-12,-260,47,-72,0,117
-2,-263,50,-72,-10,125
-3,-282,49,-91,-37,133
-32,-275,49,-132,-54,208
-26,-262,55,-131,-93,211
-17,-254,42,-53,-104,164
-11,-249,39,-1,-112,135
-7,-251,39,11,-119,120
-1,-253,38,1,-123,110
-9,-255,39,-15,-126,100
-12,-254,43,-25,-132,93
-16,-250,43,-33,-139,84
-14,-253,36,-43,-145,75
-10,-254,38,-57,-153,71
-13,-255,39,-70,-158,71
-10,-259,39,-84,-162,75
-8,-261,34,-96,-167,79
-8,-261,36,-108,-173,86
-12,-260,37,-117,-178,91
-7,-258,40,-118,-184,94
-5,-260,36,-119,-187,98
-4,-261,36,-119,-188,107
-8,-260,37,-121,-187,115
0,-259,35,-126,-189,119
0,-255,39,-119,-190,108
-4,-256,36,-117,-181,122
-1,-258,35,-121,-181,125
0,-257,36,-129,-181,123
2,-257,34,-137,-177,122
0,-256,34,-145,-170,122
1,-258,37,-155,-163,124
2,-260,36,-165,-155,124
0,-256,35,-173,-148,125
3,-259,34,-180,-140,128
2,-258,35,-185,-132,131
6,-258,39,-188,-126,133
8,-252,37,-194,-119,137
7,-259,38,-200,-111,140
6,-258,42,-205,-103,143
9,-258,40,-209,-94,144
12,-259,44,-212,-86,143
10,-257,44,-216,-74,143
8,-257,43,-217,-58,144
11,-259,40,-216,-39,141
12,-259,45,-213,-19,136
11,-259,40,-210,3,133
12,-257,37,-205,25,130
13,-258,41,-198,50,123
12,-259,39,-189,76,114
15,-256,38,-177,102,106
14,-253,35,-163,129,98
17,-255,32,-152,152,85
17,-251,30,-146,171,74
16,-250,26,-147,192,61
14,-248,20,-153,213,48
14,-245,11,-163,229,36
11,-237,12,-177,244,26
21,-230,40,-185,259,17
3,-231,23,-180,278,8
12,-244,-3,-165,300,0
15,-226,12,-144,323,-10
1,-223,-5,-126,345,-23
1,-229,2,-113,361,-35
-22,-208,-20,-106,378,-42
-12,-208,-31,-109,399,-50
-6,-194,-3,-129,432,-57
-19,-196,-19,-163,469,-67
-34,-179,-29,-200,506,-80
-21,-173,-5,-228,537,-98
-21,-171,12,-243,556,-116
-19,-171,25,-249,569,-136
-11,-175,41,-245,579,-158
-10,-180,51,-234,591,-185
-13,-178,48,-227,606,-212
-8,-199,54,-230,623,-239
-12,-214,58,-252,641,-270
-11,-214,68,-302,657,-299
-5,-233,58,-369,671,-322
6,-231,54,-444,693,-333
8,-245,63,-510,727,-332
13,-264,66,-543,769,-327
17,-263,51,-538,819,-326
11,-271,51,-505,874,-325
10,-274,53,-463,926,-318
5,-277,56,-428,962,-306
3,-277,60,-400,977,-291
4,-282,63,-376,974,-270
13,-290,54,-361,955,-249
6,-286,51,-356,934,-226
11,-293,62,-367,923,-206
9,-303,44,-382,928,-184
8,-312,40,-376,947,-152
-3,-315,40,-363,955,-116
-2,-318,48,-339,957,-86
-4,-315,55,-306,952,-63
-8,-313,58,-262,948,-39
-18,-318,58,-215,952,-11
-34,-311,64,-177,953,15
-34,-311,68,-162,944,37
-39,-313,72,-190,934,62
-41,-321,81,-253,918,90
-43,-333,88,-344,899,118
-45,-350,94,-435,875,141
-38,-369,111,-511,842,161
-54,-389,104,-565,804,174
-52,-412,100,-598,760,177
-53,-417,102,-623,708,176
-65,-440,82,-642,655,173
-76,-452,76,-657,599,169
-78,-455,58,-659,538,167
-84,-459,36,-640,473,167
-87,-462,39,-586,408,182
-93,-457,39,-491,341,202
-93,-445,37,-362,274,226
-79,-426,31,-224,220,272
-75,-402,30,-98,172,334
-66,-380,28,10,125,387
-60,-353,27,80,90,455
-83,-344,43,104,49,513
-47,-322,34,93,-7,552
-40,-290,33,75,-54,591
-42,-294,47,56,-89,646
-47,-300,45,45,-128,686
-52,-293,28,52,-174,693
-38,-278,34,55,-198,689
-49,-279,47,31,-200,701
-51,-283,42,-16,-211,698
-63,-290,51,-73,-228,651
-76,-295,63,-120,-249,559
-66,-295,52,-151,-258,471
-71,-305,44,-167,-253,401
-75,-308,38,-184,-248,323
-79,-307,31,-189,-245,232
-80,-310,26,-160,-245,128
-74,-306,20,-113,-234,27
-67,-294,14,-42,-220,-70
-60,-284,7,52,-214,-157
-56,-258,13,163,-214,-234
-44,-232,5,273,-214,-292
-29,-205,3,352,-215,-338
-22,-184,-3,436,-210,-377
-31,-164,0,499,-201,-409
-21,-141,-4,552,-190,-425
-14,-110,-20,584,-164,-426
-5,-103,-8,594,-129,-414
-3,-85,-3,602,-107,-398
7,-64,-1,613,-86,-373
4,-57,5,634,-71,-351
2,-42,4,666,-65,-326
16,-19,-2,688,-66,-299
26,-2,1,667,-32,-257
26,24,19,618,20,-221
28,21,1,560,61,-176
29,33,-8,491,91,-136
20,38,-20,402,109,-100
12,34,-48,283,105,-60
5,19,-64,102,75,-10
-5,2,-75,-144,26,39
-14,-26,-101,-426,-14,96
-24,-58,-117,-721,-32,168
-25,-96,-118,-995,-31,247
-12,-144,-105,-1214,-18,329
-5,-185,-87,-1365,3,398
5,-231,-57,-1447,37,470
15,-279,-22,-1474,58,564
25,-325,15,-1456,53,671
25,-362,51,-1398,1,754
30,-401,92,-1285,-92,799
24,-439,78,-1071,-211,809
12,-452,62,-822,-304,783
8,-455,26,-604,-364,785
7,-468,-11,-453,-427,786
11,-470,-37,-346,-440,732
-10,-468,-49,-238,-356,651
-27,-452,-53,-109,-238,547
-49,-430,-35,72,-113,424
-56,-400,-15,304,-3,291
-64,-374,7,558,84,157
-62,-340,37,790,144,30
-57,-317,50,950,184,-75
-50,-297,55,1004,216,-151
-45,-283,50,934,235,-201
-43,-279,36,739,234,-237
-46,-282,28,461,214,-252
-46,-300,26,165,180,-260
-44,-320,17,-105,151,-262
-40,-359,10,-344,136,-279
-33,-391,7,-537,135,-295
-34,-422,3,-675,159,-320
-33,-453,5,-762,189,-356
-27,-482,2,-803,198,-397
-25,-509,6,-823,195,-443
-15,-525,12,-819,188,-500
-11,-539,22,-766,188,-549
-8,-538,28,-675,194,-609
-9,-527,32,-555,208,-660
-4,-519,32,-412,224,-697
-4,-500,30,-254,240,-726
-2,-479,28,-109,251,-744
-4,-459,18,6,267,-748
-3,-435,21,78,282,-744
-4,-412,27,133,293,-727
0,-398,33,187,312,-688
4,-383,38,238,327,-636
1,-374,41,271,335,-590
4,-362,49,275,350,-537
4,-351,59,266,362,-486
13,-330,52,293,379,-446
18,-313,49,334,408,-388
13,-299,53,367,429,-340
15,-288,47,387,421,-348
15,-277,42,428,432,-360
12,-262,39,481,446,-339
5,-249,39,549,425,-333
-1,-228,29,633,385,-335
0,-215,25,718,352,-345
-10,-202,25,807,337,-341
-18,-186,25,899,331,-319
-24,-164,24,988,325,-289
-26,-146,18,1072,328,-261
-23,-129,7,1140,346,-235
-21,-106,8,1194,372,-212
-7,-81,2,1221,395,-189
-1,-62,-7,1210,390,-183
3,-33,-23,1154,358,-195
10,-5,-36,1040,306,-208
14,17,-47,878,243,-222
20,34,-56,708,196,-217
25,51,-62,553,176,-194
18,61,-57,404,169,-179
18,61,-55,221,131,-193
14,52,-38,54,104,-200
8,41,-23,-34,115,-173
1,28,-19,-83,139,-144
-7,12,-5,-121,174,-132
-15,5,10,-159,209,-129
-18,0,23,-195,244,-132
-16,-10,31,-209,276,-134
-14,-18,43,-202,317,-133
-12,-27,43,-171,351,-134
-9,-42,47,-120,381,-135
0,-59,1,-68,417,-142
2,-87,-62,-122,496,-150
-7,-100,-111,-317,563,-169
-36,-104,-233,-597,557,-203
-37,-130,-313,-1092,549,-235
-20,-188,-320,-1781,525,-273
-25,-272,-240,-2376,467,-280
-23,-392,-23,-2551,424,-268
-10,-476,67,-2078,365,-317
-16,-529,150,-1383,314,-407
-20,-551,168,-714,178,-473
-14,-554,118,-271,34,-535
3,-556,59,-153,18,-623
11,-548,-7,-267,176,-709
-11,-540,-59,-435,369,-766
-38,-526,-63,-508,468,-797
-50,-497,-58,-338,476,-770
-61,-454,-28,13,454,-628
-83,-435,6,369,403,-427
-93,-399,30,665,322,-267
-91,-374,50,844,231,-150
-80,-348,54,913,163,-44
-76,-324,45,848,117,72
-67,-319,30,639,74,206
-58,-329,12,332,21,332
-54,-352,2,19,-49,432
-46,-384,3,-224,-126,511
-40,-418,9,-365,-202,575
-32,-439,6,-396,-274,620
-28,-460,19,-362,-321,652
-25,-474,31,-277,-351,658
-14,-468,29,-172,-362,637
-15,-463,32,-127,-368,599
-13,-464,36,-171,-381,557
-26,-467,37,-275,-391,536
-31,-477,44,-389,-409,511
-39,-488,51,-437,-432,461
-45,-491,59,-383,-441,391
-53,-492,56,-237,-451,348
-54,-482,63,-42,-466,314
-58,-466,61,177,-489,291
-56,-447,69,404,-509,264
-56,-428,77,627,-527,261
-59,-419,85,831,-561,244
-64,-397,97,1018,-604,207
-69,-367,85,1206,-654,150
-58,-328,70,1360,-688,98
-55,-286,54,1429,-684,67
-62,-259,59,1436,-677,51
-62,-219,58,1432,-691,29
-46,-170,25,1418,-720,-10
-41,-126,19,1370,-706,-38
-35,-69,-17,1301,-663,-56
-22,-37,2,1164,-602,-55
-31,-12,-22,1009,-562,-44
-19,15,-26,850,-547,-18
-22,37,-34,662,-561,-2
-23,35,-42,487,-603,-5
-24,41,-30,354,-661,-32
-20,54,-38,285,-723,-59
-32,27,-19,217,-750,-54
-26,6,-5,189,-768,0
-26,0,-12,210,-792,49
-34,-2,-28,185,-777,71
-26,-17,-19,85,-734,86
-16,-22,-26,-40,-671,106
-16,-29,-24,-163,-598,121
-1,-29,-18,-290,-527,135
0,-27,-18,-377,-470,141
8,-31,-14,-421,-434,129
18,-35,-9,-425,-406,102
22,-33,-1,-378,-385,70
32,-35,6,-288,-363,31
23,-30,4,-155,-337,-11
-14,-30,-19,-5,-325,-44
-71,-37,-86,65,-374,-7
-86,-92,-117,-67,-545,145
-90,-120,-176,-310,-890,320
-82,-124,-254,-617,-1221,414
-84,-165,-304,-1061,-1276,466
-66,-247,-262,-1546,-1163,579
-17,-337,-159,-1811,-1038,738
6,-428,-55,-1699,-886,859
4,-505,37,-1360,-692,987
-11,-549,113,-1019,-562,1154
-21,-550,124,-732,-644,1262
-53,-534,143,-522,-842,1248
-57,-535,78,-359,-1070,1176
-20,-511,29,-308,-1247,1070
15,-505,-23,-272,-1311,953
7,-503,-63,-259,-1210,841
7,-467,-88,-258,-1004,736
-2,-453,-70,-176,-791,587
3,-411,-58,159,-630,393
10,-351,-34,648,-525,167
7,-316,-15,1089,-469,25
0,-273,7,1347,-426,-79
-18,-240,29,1362,-388,-153
-44,-227,50,1184,-347,-204
-73,-221,55,869,-329,-267
-90,-234,53,453,-356,-328
-101,-256,55,-16,-398,-373
-106,-290,61,-469,-417,-402
-102,-328,63,-833,-402,-398
-98,-371,71,-1082,-361,-374
-89,-409,67,-1229,-321,-355
-78,-447,62,-1315,-297,-356
-67,-474,59,-1368,-290,-382
-55,-500,47,-1396,-298,-406
-41,-525,43,-1394,-310,-415
-18,-543,49,-1341,-332,-431
4,-540,39,-1200,-336,-478
21,-535,41,-983,-325,-541
28,-521,28,-704,-317,-609
24,-506,19,-434,-322,-680
24,-487,11,-197,-322,-730
13,-461,13,5,-304,-759
8,-450,38,164,-269,-765
1,-426,60,300,-228,-760
-6,-418,76,411,-181,-755
-9,-408,78,525,-147,-734
-6,-380,74,640,-118,-680
-11,-366,75,687,-122,-644
-3,-361,76,710,-167,-695
5,-330,78,819,-144,-671
-3,-309,82,968,-119,-582
-8,-261,64,1135,-146,-503
-16,-220,59,1256,-207,-454
-19,-177,55,1334,-271,-446
-32,-131,37,1364,-337,-483
-27,-105,39,1313,-444,-562
-12,-92,35,1300,-454,-597
-2,-64,9,1349,-341,-503
0,-44,-3,1329,-275,-434
0,-23,-17,1228,-305,-456
23,-25,-10,1113,-356,-513
43,-12,-15,1073,-317,-481
53,9,-32,1048,-225,-403
47,38,-54,975,-159,-361
38,60,-56,830,-128,-335
43,58,-64,643,-105,-302
42,70,-66,428,-80,-276
41,67,-59,215,-42,-239
35,60,-59,37,5,-205
29,52,-47,-95,70,-170
22,33,-29,-177,140,-142
14,20,-19,-219,201,-128
9,6,-8,-229,254,-120
12,-4,2,-216,296,-124
7,-23,17,-188,331,-134
3,-35,18,-156,358,-145
5,-70,-13,-134,386,-150
2,-93,-38,-163,455,-167
-17,-104,-93,-266,519,-188
-10,-122,-150,-455,588,-197
-1,-146,-203,-789,718,-239
11,-192,-256,-1228,824,-315
15,-254,-257,-1704,890,-379
36,-333,-165,-2060,986,-411
44,-425,-25,-2150,1048,-456
61,-525,131,-1852,959,-579
86,-572,157,-1168,715,-818
74,-586,170,-567,436,-1002
82,-582,125,-212,185,-1133
92,-578,6,-168,83,-1161
16,-574,-67,-352,255,-1139
-61,-550,-94,-594,583,-1086
-122,-524,-95,-668,858,-1038
-147,-495,-46,-459,977,-972
-157,-457,2,41,999,-844
-170,-397,35,618,976,-648
-170,-341,56,1073,906,-423
-167,-296,64,1346,805,-198
-144,-258,70,1434,696,29
-115,-232,64,1332,598,240
-88,-230,55,1040,501,440
-57,-260,50,622,391,628
-37,-288,35,203,289,769
-12,-315,19,-151,187,858
16,-338,8,-424,100,908
31,-358,4,-618,37,932
45,-404,15,-744,-45,938
52,-421,9,-772,-121,927
54,-445,8,-806,-173,876
30,-471,18,-870,-179,799
5,-493,28,-913,-173,692
-26,-493,36,-895,-133,564
-50,-482,36,-802,-152,456
-63,-472,51,-709,-200,425
-82,-474,58,-582,-240,425
-103,-481,55,-378,-301,423
-116,-463,56,-79,-365,376
-121,-443,54,225,-419,344
-116,-424,52,444,-479,374
-118,-407,66,582,-539,410
-113,-395,82,650,-605,439
-111,-392,101,665,-688,447
-102,-388,124,675,-782,424
-95,-377,125,709,-877,391
-89,-376,131,757,-950,349
-83,-362,122,795,-1016,277
-73,-337,100,808,-1056,204
-63,-303,92,782,-1060,157
-65,-270,64,764,-1044,123
-46,-229,54,708,-1025,105
-42,-190,22,616,-1001,86
-23,-142,6,526,-967,57
-8,-88,-19,453,-929,42
0,-66,-23,392,-902,61
10,-49,-43,335,-904,76
18,-28,-33,287,-905,79
21,-11,-38,266,-919,74
18,-12,-41,236,-939,71
15,-5,-30,249,-950,60
2,-12,-13,275,-938,50
-18,-13,-17,321,-925,49
-25,-11,-21,340,-880,70
-36,-17,-7,322,-800,105
-44,-12,-15,282,-730,125
-34,-6,-15,208,-662,144
-25,-1,-15,99,-578,176
-18,0,-8,-21,-504,200
-10,-1,-10,-128,-451,219
1,0,-12,-194,-439,214
6,-1,-19,-221,-442,187
18,-4,-10,-211,-445,147
25,-4,-5,-172,-435,96
-2,-16,-32,-106,-421,51
-36,-34,-81,-100,-444,48
-52,-72,-110,-241,-553,104
-99,-86,-178,-432,-732,191
-127,-109,-267,-685,-878,323
-122,-171,-317,-1029,-989,487
-97,-231,-302,-1332,-1158,639
-57,-314,-230,-1428,-1251,713
-8,-438,-49,-1269,-1112,768
-1,-495,84,-878,-826,886
-13,-544,151,-449,-647,1074
-37,-550,175,-178,-656,1225
-56,-540,155,-20,-781,1289
-74,-539,51,28,-966,1308
-45,-533,-53,-140,-1142,1268
-3,-516,-76,-440,-1223,1140
4,-508,-80,-604,-1183,971
17,-489,-47,-501,-1045,801
34,-460,-5,-146,-880,680
36,-412,25,326,-757,544
39,-355,50,810,-676,387
13,-305,61,1207,-631,241
20,-276,69,1493,-633,127
0,-202,42,1646,-634,2
-10,-182,33,1515,-617,-60
-31,-175,27,1173,-587,-99
-47,-169,22,677,-558,-148
-58,-194,26,99,-542,-211
-69,-233,27,-451,-518,-287
-68,-282,41,-870,-464,-350
-62,-322,50,-1134,-387,-371
-48,-371,54,-1272,-306,-354
-36,-409,52,-1347,-235,-326
-29,-464,48,-1422,-184,-286
-13,-506,45,-1510,-182,-260
2,-539,44,-1543,-208,-252
13,-559,38,-1482,-233,-270
27,-565,39,-1310,-236,-303
39,-554,37,-1035,-233,-351
41,-534,31,-700,-220,-421
45,-508,25,-347,-195,-496
39,-486,25,-20,-135,-565
31,-462,41,250,-57,-617
19,-433,54,458,22,-656
12,-403,76,580,97,-671
3,-377,84,644,165,-665
-2,-358,91,655,223,-655
-4,-340,99,621,261,-634
-8,-332,106,602,270,-624
-8,-335,109,658,252,-625
-2,-323,102,759,217,-636
-3,-316,93,881,193,-670
-20,-273,70,1043,185,-666
-32,-246,70,1141,164,-565
-34,-205,66,1204,112,-483
-48,-163,50,1260,85,-421
-48,-138,39,1272,69,-379
-57,-99,28,1268,95,-354
-48,-66,-5,1253,123,-348
-27,-66,3,1113,73,-418
-4,-66,-3,1016,43,-409
17,-53,-14,1006,67,-333
22,-47,-30,1027,123,-256
24,-35,-35,1004,135,-235
26,-23,-48,920,97,-242
33,-8,-62,787,31,-237
34,0,-62,635,-28,-213
35,8,-63,481,-63,-191
35,13,-62,326,-55,-174
28,15,-55,176,-12,-153
22,15,-43,45,50,-138
17,12,-30,-50,121,-125
12,15,-14,-106,188,-129
12,14,-5,-123,256,-138
13,17,5,-113,323,-150
17,18,11,-87,386,-169
16,17,13,-59,446,-194
20,12,16,-40,492,-214
16,-11,-12,-36,522,-226
8,-42,-55,-86,559,-225
2,-68,-79,-278,588,-223
-12,-85,-151,-525,539,-240
-31,-104,-218,-886,595,-281
-13,-147,-235,-1394,770,-305
24,-221,-212,-1890,915,-324
35,-313,-169,-2188,1076,-375
35,-388,-54,-2259,1231,-433
42,-465,81,-2118,1211,-499
79,-545,148,-1682,931,-657
103,-569,145,-1125,589,-901
113,-573,85,-767,327,-1091
114,-579,37,-690,259,-1200
76,-586,-48,-819,427,-1241
17,-590,-95,-911,738,-1214
-43,-566,-91,-924,1033,-1145
-103,-513,-39,-739,1243,-999
-123,-484,15,-329,1340,-772
-140,-437,44,174,1332,-543
-143,-382,59,607,1247,-340
-136,-341,72,887,1115,-151
-131,-297,77,1019,974,44
-111,-276,66,965,830,256
-79,-275,62,727,697,462
-64,-287,51,377,581,638
-51,-314,36,0,469,785
-44,-342,28,-333,351,885
-34,-368,27,-591,241,959
-26,-397,36,-772,132,1022
-15,-428,52,-854,27,1063
-14,-449,59,-846,-51,1058
-22,-477,67,-788,-96,1027
-41,-487,61,-726,-116,968
-55,-491,59,-732,-146,874
-67,-485,62,-784,-167,750
-75,-484,58,-830,-219,647
-85,-473,54,-839,-277,602
-87,-467,54,-794,-333,592
-89,-460,49,-646,-370,571
-90,-461,53,-417,-394,559
-98,-462,52,-135,-420,547
-98,-457,66,181,-454,503
-88,-448,82,457,-492,446
-71,-437,93,651,-538,400
-61,-431,109,774,-584,383
-55,-412,126,852,-632,373
-52,-393,130,908,-675,358
-50,-362,117,943,-697,329
-48,-350,118,929,-685,299
-41,-314,104,921,-681,233
-39,-276,83,931,-667,166
-22,-240,66,956,-618,128
-17,-197,40,998,-548,95
-3,-150,18,1029,-475,56
-4,-93,-8,1008,-389,31
1,-48,-15,959,-339,11
-1,-32,-24,881,-331,4
-5,-20,-13,835,-347,2
-3,6,-24,843,-415,-18
-22,5,-18,850,-461,-53
-36,3,-22,841,-463,-70
-47,17,-30,848,-481,-88
-48,22,-31,808,-457,-67
-42,25,-28,723,-419,-29
-41,16,-43,618,-384,-15
-44,10,-33,474,-343,-11
-29,11,-19,285,-304,17
-15,3,-14,101,-279,46
-6,-2,-14,-47,-260,63
2,-8,-12,-157,-254,62
9,-3,-14,-239,-261,48
12,0,-10,-296,-268,26
14,-4,-12,-310,-281,3
13,-1,-11,-283,-298,-20
10,-3,-7,-220,-314,-42
6,-11,0,-130,-321,-54
9,-13,5,-19,-320,-63
-20,-9,-22,94,-312,-70
-89,-22,-113,125,-346,-18
-99,-96,-126,-178,-494,147
-120,-106,-224,-591,-934,330
-110,-117,-373,-1125,-1375,468
-114,-177,-431,-1923,-1503,584
-79,-280,-317,-2695,-1493,735
-64,-398,-107,-2949,-1395,865
-77,-510,60,-2553,-1200,1015
-73,-575,140,-1845,-991,1235
-71,-606,184,-1211,-889,1430
-92,-565,161,-765,-918,1514
-97,-555,149,-487,-1057,1520
-47,-524,99,-293,-1259,1468
2,-529,-21,-188,-1460,1343
26,-517,-49,-196,-1462,1197
43,-497,-109,-188,-1368,1092
69,-503,-105,-226,-1229,949
75,-477,-82,-186,-1071,737
73,-430,-51,43,-922,524
67,-390,-23,422,-788,328
39,-379,0,804,-681,160
39,-340,6,1084,-608,0
40,-298,15,1137,-506,-115
12,-276,39,974,-390,-202
-13,-254,39,689,-325,-280
-43,-251,37,301,-316,-347
-59,-275,44,-115,-322,-378
-65,-311,64,-500,-302,-399
-69,-340,65,-754,-265,-408
-68,-373,70,-883,-213,-391
-66,-394,67,-938,-179,-382
-71,-415,61,-988,-164,-375
-76,-439,58,-1056,-167,-367
-77,-460,55,-1123,-193,-359
-73,-474,49,-1157,-242,-367
-68,-486,44,-1150,-304,-390
-56,-505,36,-1082,-371,-425
-47,-510,31,-940,-425,-469
-36,-507,24,-738,-457,-509
-30,-507,28,-510,-454,-546
-23,-496,29,-291,-432,-581
-23,-486,48,-94,-393,-601
-19,-472,59,100,-348,-601
-18,-473,71,270,-300,-578
-15,-458,84,402,-270,-558
-7,-442,97,506,-256,-531
-4,-434,113,594,-267,-516
4,-431,124,747,-305,-538
16,-423,132,992,-312,-523
7,-397,127,1312,-333,-504
1,-357,110,1617,-415,-519
0,-310,96,1861,-509,-529
-15,-272,90,2050,-535,-487
-19,-227,71,2183,-527,-455
-21,-190,59,2240,-515,-441
-30,-133,33,2224,-507,-447
-36,-97,28,2140,-502,-460
-16,-67,1,2029,-528,-481
-16,-19,-21,1894,-556,-532
-21,33,-47,1660,-570,-581
3,24,-35,1348,-620,-670
19,62,-67,1221,-537,-625
20,88,-94,1089,-401,-516
38,82,-85,851,-385,-467
52,75,-78,600,-388,-367
63,80,-87,449,-366,-248
52,86,-82,277,-351,-166
58,63,-58,52,-344,-108
60,44,-45,-141,-303,-58
55,27,-26,-269,-218,-20
48,16,-15,-356,-121,-16
43,12,-10,-430,-35,-23
43,5,-8,-482,35,-32
44,-7,-7,-504,132,-46
48,-22,-1,-505,231,-63
51,-32,-4,-487,320,-86
45,-44,1,-454,392,-107
41,-55,0,-402,445,-119
36,-60,0,-337,484,-129
9,-69,-27,-265,508,-126
1,-94,-66,-224,554,-95
-7,-108,-142,-363,629,-66
-39,-115,-210,-724,652,-98
-56,-143,-247,-1246,729,-158
-54,-191,-203,-1790,936,-232
-28,-241,-142,-2129,1195,-297
24,-325,-48,-2129,1430,-363
51,-401,38,-1810,1642,-499
56,-435,109,-1379,1652,-699
82,-454,133,-1035,1418,-917
119,-450,139,-832,1088,-1122
122,-450,76,-737,825,-1275
94,-456,18,-723,770,-1332
64,-470,-12,-776,883,-1271
29,-493,-63,-874,1057,-1179
-3,-499,-80,-1006,1275,-1131
-54,-489,-39,-1074,1525,-1056
-80,-478,-2,-920,1673,-889
-98,-449,20,-579,1687,-677
-112,-407,33,-192,1615,-466
-113,-366,47,131,1504,-254
-115,-340,49,339,1373,-31
-103,-328,44,399,1236,196
-80,-327,49,300,1112,400
-63,-338,47,80,988,557
-51,-367,44,-175,872,671
-41,-389,32,-404,772,748
-37,-413,24,-591,695,798
-27,-433,28,-735,608,830
-21,-461,37,-815,509,831
-17,-488,49,-806,420,802
-27,-498,44,-743,360,756
-35,-506,42,-721,334,691
-53,-516,56,-764,317,598
-72,-519,62,-815,296,492
-83,-512,65,-833,247,426
-86,-509,66,-782,183,407
-102,-508,67,-650,130,405
-102,-498,69,-440,83,406
-101,-500,72,-191,42,431
-92,-481,79,60,5,461
-91,-466,74,318,-37,479
-87,-456,74,517,-80,487
-75,-446,91,659,-128,479
-63,-444,103,772,-160,458
-40,-411,114,880,-199,423
-19,-385,107,951,-223,406
-7,-362,125,971,-195,427
4,-330,124,969,-150,432
-3,-301,115,980,-88,426
-1,-275,114,1001,-39,430
3,-237,83,1056,-4,406
19,-181,46,1078,36,392
14,-144,20,1002,109,396
29,-109,-8,870,173,349
20,-86,-22,732,235,306
19,-63,-29,664,245,247
17,-12,-66,658,234,175
26,-8,-27,656,206,127
13,12,-55,689,162,74
-4,26,-67,687,130,21
-9,26,-57,636,167,-7
-24,22,-58,579,208,-38
-24,13,-49,516,266,-62
-28,14,-56,440,336,-77
-28,14,-54,324,388,-77
-31,1,-51,161,402,-62
-27,-3,-47,-3,378,-61
-28,-8,-44,-179,344,-57
-28,-20,-29,-347,304,-55
-34,-19,-24,-458,255,-67
-36,-19,-13,-525,207,-83
-33,-22,0,-547,169,-92
-32,-24,6,-523,141,-95
-31,-28,14,-462,121,-94
-36,-30,19,-373,110,-92
-100,-49,-82,-282,94,-71
-105,-96,-100,-423,14,35
-109,-121,-148,-742,-235,181
-124,-103,-307,-1070,-593,326
-144,-140,-390,-1570,-793,443
-145,-211,-353,-2192,-986,614
-126,-298,-220,-2472,-1297,789
-148,-381,-99,-2227,-1515,940
-175,-445,-6,-1774,-1506,1158
-183,-496,99,-1398,-1389,1472
-213,-501,130,-1098,-1303,1787
-205,-507,113,-845,-1335,2017
-136,-521,73,-688,-1476,2040
-92,-502,2,-579,-1627,1824
-32,-479,-81,-503,-1700,1511
27,-470,-130,-462,-1700,1251
63,-462,-154,-443,-1609,1086
128,-461,-137,-435,-1468,943
135,-437,-84,-266,-1310,783
134,-388,-58,117,-1202,621
113,-367,-29,573,-1092,450
102,-315,-32,1012,-1007,245
101,-274,-22,1283,-911,20
70,-245,-7,1371,-805,-182
45,-209,-3,1290,-713,-331
7,-194,3,1050,-635,-418
-18,-193,18,702,-587,-467
-60,-207,27,307,-571,-516
-79,-231,35,-71,-563,-556
-98,-260,38,-392,-544,-562
-108,-297,41,-662,-506,-518
-115,-335,38,-890,-443,-429
-111,-379,41,-1070,-366,-325
-106,-422,41,-1206,-300,-235
-92,-461,42,-1304,-281,-158
-70,-494,32,-1346,-323,-96
-43,-511,17,-1316,-387,-67
-4,-522,11,-1172,-413,-70
19,-515,6,-919,-395,-87
41,-502,-1,-601,-355,-122
50,-490,-4,-287,-312,-187
54,-472,1,-18,-251,-264
56,-452,10,199,-170,-343
45,-430,28,360,-77,-411
37,-417,45,455,10,-469
32,-401,63,496,92,-528
31,-393,80,505,169,-569
26,-392,83,507,230,-603
14,-401,96,517,276,-628
19,-414,103,581,315,-650
22,-406,100,686,348,-670
11,-409,95,827,367,-716
9,-406,90,1018,382,-726
3,-390,83,1207,379,-676
1,-353,78,1368,345,-632
-5,-311,69,1500,325,-568
-13,-274,78,1601,330,-483
-24,-240,71,1679,306,-436
-38,-201,69,1749,278,-411
-35,-177,66,1827,266,-396
-46,-143,52,1874,207,-449
-37,-136,44,1866,140,-533
-37,-113,22,1884,139,-528
-26,-77,-24,1832,170,-505
-40,-59,-44,1616,139,-512
-29,-50,-58,1351,44,-547
-17,-35,-78,1188,71,-464
-2,-23,-91,1030,73,-370
15,-36,-93,924,42,-312
22,-9,-107,885,50,-216
26,4,-119,800,42,-150
32,9,-104,658,19,-146
26,23,-73,483,41,-133
25,16,-62,315,120,-100
23,6,-45,183,253,-61
9,4,-30,78,377,-37
6,1,-32,-35,459,-24
10,-8,-27,-158,507,-24
17,-9,-35,-273,538,-29
25,-6,-38,-366,575,-36
28,-5,-32,-429,618,-36
26,-7,-26,-457,650,-35
7,-20,-60,-458,670,-26
1,-31,-95,-499,714,17
-11,-28,-194,-717,780,48
-44,-55,-289,-1181,803,57
-40,-110,-317,-1747,890,53
-18,-169,-301,-2185,1162,23
-19,-223,-256,-2378,1484,-23
16,-309,-125,-2291,1779,-45
26,-391,69,-1871,1938,-96
56,-457,200,-1230,1703,-233
71,-511,265,-618,1230,-438
83,-537,231,-173,800,-655
69,-520,140,-82,522,-832
49,-513,52,-346,491,-926
26,-549,-31,-776,738,-953
-45,-576,-63,-1142,1096,-978
-115,-572,-80,-1234,1330,-1034
-154,-547,-102,-1029,1373,-1084
-149,-535,-86,-697,1348,-1008
-156,-480,-34,-309,1318,-822
-163,-423,0,78,1242,-601
-150,-367,21,413,1135,-388
-133,-317,30,664,1053,-169
-107,-286,23,788,947,59
-85,-270,13,747,855,293
-54,-277,11,566,793,513
-25,-292,16,318,773,693
2,-313,13,83,762,826
20,-322,5,-126,736,920
41,-343,-4,-343,698,979
47,-364,-5,-580,645,1009
64,-394,7,-809,583,1031
74,-423,20,-991,525,1021
72,-455,34,-1115,493,990
48,-476,37,-1212,497,945
-35,-483,33,-1305,532,896
-43,-536,43,-1374,588,901
-24,-560,67,-1426,568,828
-25,-536,62,-1364,458,663
-48,-514,60,-1139,379,567
-67,-505,61,-744,338,544
-141,-474,58,-278,301,532
-159,-472,56,156,273,561
-149,-473,65,425,229,631
-131,-468,75,529,128,688
-113,-468,96,535,-2,736
-86,-477,113,518,-146,776
-72,-480,124,550,-268,800
-62,-472,141,618,-363,807
-60,-501,154,691,-428,790
-75,-479,155,822,-480,703
-69,-450,140,996,-518,581
-66,-406,119,1115,-533,474
-66,-356,93,1162,-538,379
-54,-314,65,1166,-526,268
-56,-277,42,1165,-512,106
-62,-223,21,1172,-513,-89
-62,-174,-1,1200,-496,-271
-62,-134,-17,1241,-461,-430
-66,-82,-37,1261,-402,-567
-48,-69,-24,1256,-334,-666
-25,-51,-9,1239,-261,-736
-11,-41,2,1210,-186,-788
-17,-40,-13,1151,-143,-853
-17,-34,-15,1065,-103,-897
-29,-43,-16,970,-32,-869
-36,-31,-24,900,7,-826
-49,-33,-43,815,38,-789
-57,-28,-47,713,86,-732
-77,-42,-52,618,130,-656
-69,-41,-44,552,165,-587
-68,-36,-42,535,170,-473
-50,-20,-37,506,159,-373
-42,-1,-31,430,148,-290
-25,10,-21,306,143,-222
-9,22,-15,152,157,-167
-4,31,-8,1,176,-125
4,35,-2,-130,184,-94
7,41,0,-234,190,-70
14,46,-9,-331,188,-46
14,49,-14,-416,157,-20
24,44,-29,-486,104,-3
22,46,-44,-561,47,6
21,39,-61,-665,-22,18
22,22,-77,-796,-99,40
25,10,-97,-941,-168,77
24,-13,-112,-1102,-224,129
21,-41,-128,-1272,-274,185
12,-73,-142,-1453,-317,250
3,-104,-153,-1626,-352,317
-11,-139,-156,-1776,-372,382
-28,-176,-153,-1892,-395,457
-38,-210,-143,-1979,-440,519
-49,-247,-125,-2044,-521,565
-58,-282,-103,-2065,-611,595
-62,-311,-73,-2040,-687,626
-73,-339,-41,-1969,-736,670
-103,-365,-7,-1875,-760,741
-109,-383,12,-1744,-816,817
-106,-397,16,-1609,-851,871
-98,-400,23,-1521,-844,913
-89,-416,38,-1439,-846,921
-64,-411,7,-1311,-890,872
-42,-417,3,-1188,-934,774
-27,-411,-12,-1077,-952,661
-4,-390,-28,-995,-943,581
4,-374,-49,-941,-919,502
0,-356,-48,-902,-878,405
4,-337,-39,-851,-828,313
11,-323,-37,-757,-792,241
10,-312,-27,-642,-765,182
17,-295,-23,-535,-732,132
5,-307,-2,-479,-679,100
0,-320,-5,-451,-624,81
-1,-312,-22,-445,-573,66
7,-314,-37,-540,-496,88
8,-316,-46,-680,-384,120
9,-324,-59,-838,-279,172
21,-337,-69,-1014,-242,211
24,-343,-78,-1155,-230,229
21,-346,-95,-1236,-206,263
3,-353,-100,-1289,-165,292
-18,-363,-86,-1325,-138,315
-30,-375,-70,-1321,-140,333
-40,-386,-53,-1280,-143,357
-43,-398,-40,-1224,-140,377
-53,-402,-39,-1175,-123,367
-54,-410,-35,-1129,-111,329
-48,-409,-38,-1077,-102,250
-45,-397,-35,-1033,-72,156
-55,-387,-36,-993,-24,60
-69,-357,-52,-996,48,-43
-72,-338,-81,-1059,127,-120
-81,-326,-115,-1160,221,-166
-74,-306,-129,-1259,318,-194
-65,-294,-121,-1323,393,-206
-60,-275,-103,-1320,427,-227
-57,-265,-109,-1298,436,-229
-53,-267,-122,-1333,445,-183
-51,-275,-111,-1446,469,-86
-45,-289,-120,-1579,457,32
-44,-290,-125,-1711,410,166
-52,-308,-125,-1858,346,290
-66,-325,-138,-1981,288,365
-68,-335,-143,-2067,234,417
-86,-354,-159,-2121,189,477
-103,-358,-161,-2146,152,512
-112,-372,-155,-2144,99,524
-126,-365,-134,-2127,40,499
-134,-348,-133,-2079,-5,451
-140,-351,-127,-2012,-43,434
-146,-322,-124,-1911,-92,388
-153,-290,-101,-1834,-135,387
-148,-278,-88,-1785,-177,428
-145,-254,-76,-1740,-233,465
-138,-232,-72,-1708,-290,480
-123,-214,-63,-1676,-331,508
-117,-203,-59,-1633,-374,524
-93,-179,-56,-1602,-437,541
-60,-167,-36,-1591,-489,545
-48,-150,-41,-1594,-523,510
-24,-137,-27,-1612,-555,471
-8,-134,-4,-1603,-546,465
0,-117,5,-1576,-522,456
-8,-106,8,-1569,-482,455
-9,-86,6,-1587,-496,421
13,-77,32,-1621,-487,405
7,-66,41,-1629,-418,443
4,-58,65,-1644,-406,432
2,-41,62,-1664,-404,435
3,-30,66,-1720,-389,463
2,-44,71,-1789,-365,501
17,-47,71,-1820,-331,474
10,-26,68,-1841,-258,496
7,-38,68,-1898,-186,585
-13,-53,66,-1923,-142,611
-12,-27,53,-1919,-162,535
-9,-29,31,-1929,-137,562
-22,-22,12,-1954,-95,584
-23,-11,-31,-1987,-65,584
-32,-14,-70,-2023,-22,625
-31,-9,-117,-2063,27,672
-43,-22,-148,-2106,79,747
-43,-33,-176,-2135,100,799
-50,-57,-191,-2165,118,862
-55,-83,-200,-2176,137,902
-60,-107,-201,-2174,145,929
-55,-108,-216,-2188,180,907
-53,-131,-218,-2267,235,827
-45,-170,-202,-2367,317,742
-35,-168,-201,-2462,394,557
-6,-206,-191,-2558,515,494
11,-208,-192,-2626,612,425
21,-224,-185,-2706,691,385
14,-232,-184,-2767,739,324
0,-231,-179,-2798,765,264
-32,-229,-184,-2803,773,219
-63,-224,-181,-2768,753,202
-85,-211,-180,-2685,717,228
-105,-204,-177,-2579,667,286
-124,-198,-184,-2469,621,365
-140,-194,-202,-2378,575,459
-150,-192,-220,-2309,513,558
-158,-190,-240,-2255,432,653
-163,-183,-262,-2207,329,735
-159,-175,-282,-2162,210,797
-146,-172,-298,-2121,102,844
-142,-168,-308,-2062,22,873
-131,-171,-302,-1976,-33,894
-119,-173,-287,-1865,-65,901
-105,-185,-264,-1754,-79,903
-97,-191,-244,-1668,-84,905
-89,-196,-226,-1619,-86,907
-84,-206,-214,-1606,-83,908
-75,-209,-208,-1611,-65,915
-71,-213,-210,-1620,-50,927
-62,-217,-212,-1626,-35,942
-50,-217,-221,-1619,-23,960
-42,-210,-243,-1614,-9,980
-28,-214,-269,-1626,5,998
-18,-215,-280,-1646,22,1010
-21,-215,-282,-1653,44,1026
-15,-212,-259,-1643,71,1046
-6,-217,-226,-1608,109,1066
1,-218,-186,-1551,157,1075
10,-217,-130,-1486,207,1072
18,-212,-95,-1430,259,1063
28,-201,-62,-1393,292,1049
36,-185,-34,-1382,320,1035
40,-171,-16,-1393,341,1025
47,-155,-1,-1433,340,1010
54,-149,21,-1483,337,1012
58,-144,41,-1508,316,990
65,-145,53,-1492,286,935
75,-136,81,-1434,260,873
68,-136,126,-1347,237,794
60,-140,154,-1207,155,711
63,-131,173,-1000,4,607
54,-117,174,-790,-165,520
55,-95,162,-620,-272,465
29,-66,162,-516,-294,445
6,-43,163,-478,-254,435
-30,-14,178,-498,-181,434
-60,19,200,-535,-126,461
-94,64,190,-560,-152,512
-127,104,148,-634,-199,561
-171,128,104,-793,-181,605
-213,132,87,-1009,-74,677
-242,122,98,-1190,58,760
-257,109,102,-1238,96,825
-265,95,58,-1167,-12,880
-259,78,-20,-1044,-236,956
-241,68,-97,-915,-479,1045
-193,62,-129,-825,-664,1112
-128,57,-113,-750,-771,1140
-69,53,-126,-650,-787,1133
-19,57,-162,-566,-637,1124
33,64,-160,-558,-283,1116
83,64,-113,-638,190,1051
135,24,-55,-674,681,941
216,13,-62,-528,1186,861
281,19,-98,-284,1743,810
332,42,-167,-55,2304,699
399,83,-218,99,2807,552
448,81,-257,142,3268,323
515,53,-296,190,3814,79
555,62,-361,268,4543,-27
529,69,-419,217,5341,-87
437,66,-462,-2,6005,-181
330,64,-487,-311,6530,-222
254,52,-498,-608,7028,-180
194,40,-513,-820,7497,-120
152,41,-522,-917,7908,-56
133,45,-513,-925,8225,19
118,40,-496,-865,8433,91
110,33,-495,-746,8570,136
104,24,-503,-557,8704,144
93,27,-513,-311,8820,124
74,26,-545,-54,8870,85
59,39,-578,158,8865,47
40,48,-580,257,8815,27
4,52,-565,257,8672,7
-22,50,-536,248,8449,4
-58,19,-499,265,8206,23
-70,-6,-511,381,7988,28
-120,-3,-494,582,7855,27
-168,16,-499,726,7719,121
-194,-16,-461,676,7544,405
-242,-35,-404,575,7351,783
-299,-51,-372,621,7049,1160
-314,-29,-317,794,6634,1481
-376,0,-291,989,6313,1822
-377,33,-259,1090,6091,2279
-347,41,-198,982,5888,2740
-403,60,-72,666,5616,2976
-419,65,-9,371,5294,3183
-136,50,145,55,4781,3376
-80,67,179,264,4229,3139
-142,117,97,913,3853,2775
-74,157,111,1637,3669,2424
-260,254,33,2308,3636,1863
-116,310,195,2624,3435,1172
456,329,529,2780,3154,24
793,581,540,3249,2507,-1601
1138,813,239,3700,1534,-2526
2224,1219,-676,3647,427,-2781
1598,865,-349,1690,835,-3240
1944,1033,-452,-76,1095,-3676
2543,1001,-668,-1228,1145,-4317
2449,807,-802,-2026,1145,-5403
1853,446,-957,-2375,1160,-6220
844,356,-341,-2914,1487,-6244
591,252,-92,-2719,1237,-5388
205,-6,-18,-2182,842,-4729
341,-207,92,-1318,445,-4098
294,-204,82,33,-296,-3766
119,-174,20,1161,-1458,-3335
-133,-140,-49,1681,-2688,-2432
-157,-24,-74,1800,-3491,-1079
-96,46,-97,1914,-3997,138
-46,39,-76,2295,-4305,1041
180,67,-69,2994,-4345,1643
384,146,-135,3777,-3885,1790
445,228,-225,4295,-3271,1487
405,288,-242,4341,-2736,1149
411,312,-253,3856,-2460,952
484,324,-242,3034,-2439,754
546,347,-216,2076,-2302,612
558,344,-181,1152,-1878,533
518,329,-127,470,-1247,449
444,306,-82,56,-646,403
381,242,-75,-178,-247,485
368,200,-92,-400,-55,660
319,185,-76,-566,22,719
286,174,-39,-591,188,680
248,165,-16,-553,422,589
190,153,35,-565,622,481
119,127,45,-596,766,427
116,97,61,-725,812,399
88,82,77,-815,851,283
32,74,80,-801,897,139
9,69,79,-763,888,-3
-13,64,67,-766,819,-141
-62,66,42,-802,731,-280
-90,71,11,-849,629,-389
-82,79,-3,-900,535,-464
-66,91,-11,-956,447,-489
-45,103,-15,-1015,395,-445
5,106,-14,-1061,362,-382
18,100,0,-1076,330,-330
58,89,3,-1045,292,-263
86,76,19,-960,251,-197
118,63,8,-816,232,-100
141,56,4,-679,253,-4
166,51,11,-566,332,104
187,42,12,-439,429,208
191,40,-1,-284,510,275
192,43,-20,-149,575,323
180,43,-30,-67,614,375
204,45,-49,-20,638,408
224,48,-56,-11,636,429
218,43,-48,1,582,431
210,36,-58,42,493,484
209,39,-77,96,415,531
250,59,-71,165,412,521
190,83,-77,227,425,463
197,90,-92,232,421,424
335,70,-107,183,418,314
139,52,-101,73,451,423
186,31,-99,-7,502,596
214,57,-102,41,535,559
198,79,-100,169,593,471
213,110,-113,319,600,394
192,127,-126,426,545,328
199,127,-130,477,458,290
185,131,-129,487,365,256
201,125,-123,490,285,232
214,118,-122,529,201,189
217,122,-125,640,104,121
242,139,-135,755,2,56
271,156,-148,831,-96,-26
304,169,-147,842,-178,-102
323,162,-146,807,-249,-134
334,148,-141,742,-304,-130
350,134,-146,677,-348,-112
351,132,-150,595,-397,-78
351,126,-152,484,-444,-21
341,114,-151,367,-475,40
329,110,-149,268,-494,95
323,103,-141,187,-500,128
307,97,-141,114,-504,141
311,88,-137,50,-498,144
309,80,-128,-13,-489,141
299,76,-126,-75,-480,141
296,82,-115,-129,-468,144
285,82,-109,-174,-461,155
276,79,-107,-211,-460,171
257,72,-101,-243,-463,200
245,68,-103,-265,-467,239
234,63,-100,-282,-463,286
224,57,-99,-299,-454,331
218,52,-96,-295,-422,376
213,43,-98,-276,-377,419
211,40,-98,-263,-324,453
202,31,-96,-265,-258,484
199,26,-94,-277,-194,519
195,23,-95,-289,-136,556
190,22,-87,-314,-77,585
185,14,-91,-345,-37,601
188,9,-92,-371,-6,600
190,4,-96,-392,27,597
190,-6,-97,-412,55,590
188,-11,-100,-409,81,575
192,-14,-102,-393,96,561
190,-28,-111,-383,109,551
192,-26,-111,-376,122,544
194,-29,-119,-369,131,537
195,-33,-115,-368,133,507
199,-35,-113,-364,141,471
204,-40,-122,-361,157,446
201,-40,-122,-374,166,412
207,-43,-116,-393,176,382
207,-40,-114,-403,187,353
212,-37,-112,-400,193,324
213,-35,-110,-382,209,293
217,-28,-104,-350,228,265
224,-23,-110,-318,237,244
226,-18,-103,-293,244,219
224,-13,-101,-269,251,205
230,-9,-109,-247,253,196
230,-3,-104,-224,247,188
237,-7,-107,-210,234,186
240,-9,-100,-197,225,185
237,-8,-101,-180,226,189
243,-10,-103,-157,228,187
241,-2,-102,-139,221,177
240,-4,-98,-127,213,161
238,-1,-101,-126,199,149
245,0,-99,-143,178,140
248,-3,-100,-164,160,132
244,-2,-97,-190,147,129
249,-6,-100,-219,134,122
245,-12,-97,-241,123,116
245,-20,-96,-257,114,106
241,-22,-92,-264,104,96
238,-26,-95,-258,98,87
237,-26,-91,-240,97,85
226,-27,-93,-219,99,85
230,-31,-89,-196,91,70
225,-27,-89,-173,80,47
227,-30,-87,-148,73,25
226,-27,-89,-121,73,10
224,-20,-90,-99,75,-5
223,-20,-92,-76,78,-19
223,-19,-94,-58,82,-34
223,-18,-94,-42,86,-50
226,-18,-91,-27,92,-65
223,-22,-90,-10,96,-83
230,-13,-85,7,98,-102
221,-15,-91,26,101,-113
222,-11,-92,45,101,-126
225,-11,-87,65,100,-138
224,-5,-92,81,98,-147
226,-1,-91,95,95,-154
225,2,-91,105,91,-163
225,3,-93,114,86,-165
229,5,-94,118,85,-167
224,7,-95,120,82,-170
225,10,-94,120,83,-173
228,11,-96,120,80,-176
227,13,-98,119,79,-180
230,13,-96,117,77,-182
231,16,-96,116,76,-187
227,17,-98,114,74,-185
230,17,-97,107,68,-184
229,18,-98,100,64,-181
230,25,-102,93,58,-180
231,25,-99,87,52,-174
230,24,-97,81,48,-165
233,24,-100,72,42,-158
231,30,-99,62,38,-151
230,25,-99,48,34,-142
233,25,-99,38,30,-133
234,26,-96,24,24,-123
231,26,-102,11,23,-112
233,27,-100,-2,19,-100
230,24,-101,-13,17,-91
232,21,-100,-20,14,-82
231,21,-100,-26,12,-71
233,20,-102,-28,13,-63
224,26,-100,-31,12,-54
226,22,-99,-34,13,-45
232,17,-97,-36,14,-37
229,17,-98,-37,18,-29
229,15,-98,-37,22,-19
230,14,-98,-36,26,-13
230,16,-100,-36,29,-7
231,15,-101,-36,32,-1
230,15,-99,-36,37,4
230,13,-98,-37,43,9
232,16,-103,-38,49,12
227,13,-99,-39,55,14
228,17,-102,-37,60,15
227,14,-100,-35,64,17
229,13,-99,-31,68,18
227,12,-100,-25,72,21
229,9,-97,-20,75,24
228,13,-101,-15,78,26
231,13,-102,-9,79,30
230,13,-99,-4,82,35
229,12,-101,-3,85,38
228,11,-100,-2,88,38
230,12,-100,-3,88,39
234,12,-100,-6,88,39
233,15,-99,-11,88,38
232,12,-99,-18,90,40
229,9,-98,-25,90,41
231,9,-98,-31,90,40
228,13,-98,-38,92,41
227,11,-96,-45,92,41
227,11,-97,-51,91,40
227,11,-96,-55,91,40
228,11,-92,-60,89,38
225,13,-96,-64,86,40
227,10,-96,-66,85,40
228,5,-97,-67,81,39
223,9,-96,-67,81,39
228,7,-95,-65,79,36
228,7,-96,-66,78,31
227,7,-95,-66,75,31
229,5,-97,-66,73,28
224,7,-94,-66,72,26
229,6,-95,-65,71,23
226,8,-96,-64,69,21
229,7,-92,-61,69,18
226,4,-97,-58,70,17
227,4,-99,-54,69,15
230,2,-99,-50,68,14
229,5,-97,-44,67,11
227,3,-93,-37,66,9
226,5,-96,-33,66,6
227,5,-94,-28,66,3
230,3,-92,-25,65,-4
228,7,-94,-22,64,-8
231,5,-96,-21,65,-12
226,7,-103,-20,65,-16
230,8,-96,-17,64,-19
231,6,-96,-16,64,-22
230,7,-96,-15,63,-25
229,8,-96,-14,62,-26
228,9,-100,-12,62,-30
229,10,-97,-10,62,-31
231,12,-96,-9,61,-31
230,8,-97,-8,61,-32
227,14,-97,-9,63,-31
228,13,-102,-9,63,-32
225,14,-103,-9,63,-33
228,12,-98,-11,63,-32
230,11,-94,-11,62,-31
228,12,-100,-11,61,-31
231,12,-97,-12,61,-31
228,10,-101,-10,61,-31
226,10,-98,-8,60,-29
230,10,-97,-6,60,-28
230,8,-99,-4,60,-28
228,10,-99,-2,58,-27
230,11,-96,0,57,-26
227,11,-94,2,57,-26
228,12,-98,2,57,-25
227,12,-97,4,58,-24
227,13,-97,6,60,-24
227,12,-98,6,61,-23
226,13,-99,6,62,-21
228,13,-96,7,64,-20
226,10,-97,8,65,-20
228,9,-95,9,66,-20
227,14,-99,8,69,-20
231,13,-95,6,71,-20
229,12,-98,3,71,-20
227,15,-97,0,73,-20
229,11,-99,-3,73,-21
228,14,-99,-6,73,-20
230,12,-99,-10,74,-18
229,14,-100,-10,75,-15
229,16,-98,-13,77,-14
230,13,-99,-16,76,-13
230,13,-97,-16,76,-10
232,12,-100,-16,76,-8
230,11,-98,-16,77,-7
230,13,-97,-15,77,-4
229,13,-97,-15,77,-3
229,12,-99,-15,76,-1
230,12,-100,-14,78,-1
228,13,-98,-13,78,-2
228,11,-99,-12,79,-2
233,12,-100,-10,81,-1
228,14,-100,-8,81,-2
228,14,-98,-7,84,-2
230,13,-99,-7,84,-1
226,12,-98,-6,84,-2
226,13,-98,-7,85,-2
227,12,-96,-6,85,0
227,11,-94,-6,85,1
228,10,-95,-6,85,2
231,13,-98,-5,85,2
227,9,-95,-3,83,2
228,9,-95,-3,83,2
226,10,-97,-3,84,1
228,10,-94,-3,84,3
227,12,-95,-5,85,3
230,10,-98,-8,85,3
228,10,-93,-10,83,4
228,10,-97,-10,81,4
227,8,-96,-9,79,4
230,10,-96,-9,79,4
228,8,-96,-9,77,3
229,8,-97,-9,77,4
230,7,-97,-8,76,2
231,9,-92,-9,73,0
228,10,-95,-9,72,1
227,9,-94,-9,73,-1
228,9,-96,-10,70,-4
228,12,-96,-13,69,-6
230,9,-98,-14,66,-8
229,12,-96,-15,66,-9
231,11,-98,-15,66,-9
230,11,-95,-16,66,-8
230,11,-99,-15,64,-9
227,10,-97,-16,65,-9
229,8,-95,-15,64,-10
231,10,-96,-14,65,-10
231,10,-98,-13,63,-10
229,12,-102,-10,61,-11
228,12,-98,-7,63,-12
231,10,-102,-6,64,-12
229,15,-99,-5,65,-12
231,12,-96,-6,65,-14
231,10,-94,-6,66,-14
229,12,-92,-9,66,-15
228,14,-96,-11,70,-16
228,14,-97,-13,71,-16
231,11,-98,-13,73,-15
228,11,-99,-13,72,-14
229,13,-95,-11,74,-14
228,9,-95,-9,74,-12
226,12,-97,-7,74,-12
229,11,-97,-5,73,-8
228,11,-96,-4,73,-7
229,11,-96,-5,72,-7
228,11,-94,-6,74,-7
229,10,-94,-5,74,-7
228,14,-99,-7,75,-6
230,9,-104,-8,74,-5
230,10,-98,-8,73,-5
231,13,-101,-5,74,-6
226,13,-98,-5,73,-6
228,11,-99,-4,74,-6
226,12,-97,-3,73,-6
230,8,-100,-1,75,-7
229,12,-98,0,77,-7
230,12,-97,1,78,-8
228,14,-100,1,78,-8
226,13,-97,4,80,-8
230,10,-97,5,81,-9
228,11,-95,6,80,-10
226,9,-100,10,81,-10
231,6,-102,11,82,-11
227,10,-94,12,83,-11
227,12,-94,14,84,-11
228,10,-98,14,84,-11
227,11,-96,15,85,-12
229,12,-96,15,86,-11
230,12,-92,13,88,-12
227,10,-97,12,86,-12
230,11,-94,9,86,-13
232,12,-96,7,84,-12
227,8,-97,5,83,-11
229,13,-93,3,82,-12
229,11,-93,1,79,-11
227,11,-94,0,78,-10
230,11,-94,-1,76,-9
229,11,-98,-2,75,-10
228,16,-98,-2,75,-8
229,12,-95,-3,74,-7
225,10,-99,-2,72,-7
230,11,-97,-3,72,-6
230,9,-96,-4,73,-5
227,13,-101,-5,73,-6
230,11,-96,-5,75,-4
229,14,-97,-6,77,-5
230,10,-95,-7,76,-5
230,12,-95,-9,76,-5
231,10,-98,-9,77,-5
230,12,-96,-9,76,-5
228,10,-98,-8,75,-5
230,12,-97,-7,75,-4
230,12,-95,-5,75,-5
230,10,-93,-4,74,-7
227,10,-99,-5,73,-8
231,13,-98,-5,75,-6
228,13,-94,-4,75,-7
227,11,-96,-3,75,-6
228,11,-94,-3,74,-7
229,13,-97,-4,74,-8
229,12,-96,-3,74,-8
231,11,-96,-3,74,-7
225,13,-96,-5,74,-7
231,12,-94,-6,74,-7
231,11,-94,-7,75,-5
232,9,-93,-5,74,-5
230,11,-98,-6,74,-5
230,12,-97,-5,74,-6
228,12,-97,-5,73,-5
231,10,-95,-4,73,-3
230,12,-94,-6,73,-3
230,14,-96,-6,73,-3
227,10,-98,-8,73,-4
228,12,-96,-8,72,-4
230,9,-98,-10,72,-3
234,8,-94,-12,70,-2
230,10,-97,-13,72,-2
229,10,-99,-14,71,0
230,8,-96,-13,69,0
230,11,-95,-12,70,0
232,10,-99,-10,70,1
231,13,-96,-9,71,1
230,10,-98,-7,71,2
226,15,-95,-6,71,1
229,12,-97,-5,69,-1
225,10,-92,-6,71,-2
227,11,-95,-5,72,-4
228,12,-98,-7,72,-4
229,8,-97,-8,73,-4
227,9,-98,-8,72,-5
230,10,-93,-9,72,-5
227,11,-92,-8,71,-5
232,9,-97,-8,71,-6
229,13,-92,-10,69,-5
231,11,-98,-11,70,-4
230,10,-96,-10,70,-5
227,9,-94,-11,70,-3
233,17,-91,-10,69,-4
231,9,-96,-9,69,-2
230,10,-99,-8,69,-4
230,10,-94,-7,69,-3
230,12,-96,-5,70,-5
227,12,-95,-6,70,-5
228,15,-98,-7,71,-5
229,12,-97,-9,70,-6
227,13,-98,-13,72,-6
230,12,-96,-13,73,-7
229,14,-95,-14,74,-6
231,10,-95,-14,75,-6
230,11,-94,-13,75,-6
228,10,-98,-12,76,-5
229,11,-94,-11,75,-5
230,9,-97,-11,75,-6
233,10,-91,-11,75,-5
229,13,-96,-14,74,-6
229,10,-98,-17,74,-7
227,11,-99,-17,73,-6
230,12,-94,-17,71,-6
231,11,-93,-15,71,-6
228,14,-96,-13,70,-6
230,12,-96,-13,69,-5
229,13,-97,-12,68,-6
233,9,-94,-11,68,-4
230,14,-96,-9,69,-4
231,11,-96,-9,68,-5
232,10,-94,-7,68,-6
228,11,-98,-7,69,-6
230,10,-98,-6,69,-8
231,11,-99,-6,71,-6
230,12,-96,-6,70,-8
229,11,-100,-5,72,-9
230,10,-98,-6,73,-10
228,10,-96,-6,74,-10
228,12,-100,-5,74,-10
228,10,-100,-4,75,-10
230,12,-97,-1,77,-11
226,12,-96,-2,76,-10
229,12,-96,0,78,-9
227,12,-96,1,77,-9
228,12,-95,1,77,-9
227,14,-95,-1,77,-8
230,13,-95,-2,76,-7
230,12,-92,-2,75,-5
227,9,-97,-1,77,-7
227,12,-95,-1,76,-6
228,12,-93,-2,76,-5
231,10,-97,-2,75,-4
227,13,-96,-2,73,-4
230,14,-97,-3,73,-3
231,12,-94,-3,73,-3
229,13,-98,-2,73,-2
228,10,-98,-4,74,-4
231,9,-97,-4,74,-3
229,10,-95,-6,74,-3
229,9,-97,-7,75,-3
230,8,-98,-7,75,-4
231,8,-100,-9,76,-5
228,11,-94,-11,75,-3
231,11,-98,-12,76,-2
228,12,-95,-12,76,-3
231,9,-94,-13,75,-4
230,12,-93,-13,77,-4
232,9,-99,-14,77,-3
231,11,-94,-13,76,-3
228,14,-94,-11,76,-3
230,11,-96,-10,76,-5
229,10,-93,-10,77,-4
230,9,-93,-9,76,-6
229,11,-93,-8,77,-6
230,12,-95,-8,76,-7
229,14,-97,-7,75,-8
229,11,-92,-9,75,-9
230,9,-96,-8,75,-9
225,13,-93,-9,75,-6
230,13,-97,-10,75,-7
229,9,-95,-11,75,-7
230,10,-96,-12,73,-7
231,10,-94,-11,73,-6
229,16,-96,-9,72,-5
228,11,-94,-10,71,-6
229,14,-96,-9,70,-6
230,10,-92,-11,70,-6
230,12,-95,-12,70,-7
228,9,-94,-14,69,-7
228,11,-96,-17,68,-6
231,11,-95,-18,67,-5
230,12,-93,-18,67,-5
230,10,-94,-17,68,-3
230,12,-95,-17,67,-2
230,10,-94,-17,66,-3
228,14,-95,-17,66,-2
228,14,-97,-14,67,-2
231,9,-99,-12,67,-2
228,11,-94,-13,68,-2
228,11,-96,-12,67,-4
229,12,-94,-11,69,-4
229,8,-93,-11,69,-5
228,11,-95,-12,69,-7
229,12,-95,-13,67,-6
232,12,-95,-13,68,-5
227,9,-95,-12,67,-8
228,12,-93,-12,68,-6
229,10,-94,-13,67,-5
227,13,-96,-14,69,-6
230,11,-96,-14,68,-6
231,13,-93,-16,68,-6
229,12,-99,-15,68,-6
229,9,-95,-16,67,-6
231,13,-92,-17,68,-5
229,14,-96,-17,66,-6
231,9,-93,-19,67,-4
233,11,-95,-19,68,-4
232,10,-95,-17,69,-2
229,11,-96,-18,68,-3
227,12,-97,-16,67,-3
230,11,-96,-15,66,-4
231,11,-97,-13,67,-4
230,12,-97,-12,66,-4
227,15,-96,-11,66,-5
229,13,-96,-14,67,-4
228,13,-95,-15,66,-5
230,11,-97,-16,68,-6
230,7,-96,-18,68,-6
231,8,-97,-19,68,-6
228,12,-97,-18,68,-5
229,10,-92,-15,69,-4
230,10,-97,-13,70,-4
229,11,-97,-12,71,-4
232,10,-91,-11,70,-5
231,11,-94,-12,69,-7
229,12,-92,-14,69,-8
227,10,-95,-14,69,-5
226,13,-94,-16,68,-7
228,10,-94,-15,68,-8
230,12,-94,-14,69,-8
229,15,-96,-13,69,-7
230,9,-99,-12,70,-6
229,14,-99,-12,69,-6
228,10,-93,-11,67,-5
228,12,-94,-11,67,-5
231,9,-97,-10,68,-6
229,13,-99,-9,68,-5
232,10,-96,-9,69,-6
227,13,-93,-10,69,-7
231,11,-98,-11,69,-7
229,12,-94,-12,70,-7
231,10,-99,-13,71,-8
227,13,-99,-13,72,-10
231,13,-95,-13,73,-9
229,10,-98,-11,73,-9
228,10,-95,-10,75,-8
227,12,-94,-9,75,-7
231,13,-100,-9,74,-7
229,12,-97,-7,76,-7
227,13,-97,-7,76,-6
230,13,-92,-7,75,-7
230,10,-94,-8,74,-6
230,11,-92,-8,74,-6
231,11,-95,-8,73,-4
229,12,-94,-7,73,-4
230,9,-93,-7,73,-4
229,12,-99,-7,73,-4
229,11,-96,-7,74,-3
230,10,-92,-8,73,-3
226,10,-96,-8,74,-1
229,14,-94,-9,73,-2
229,13,-96,-8,73,0
229,13,-97,-9,74,0
229,12,-95,-9,75,0
229,11,-97,-10,74,0
228,14,-96,-8,73,0
230,10,-99,-9,74,-2
228,11,-95,-10,73,0
228,15,-96,-10,74,-1
229,9,-98,-10,76,-2
228,12,-95,-11,76,-2
229,12,-96,-10,76,-2
228,9,-94,-10,76,-3
229,9,-93,-8,76,-4
229,12,-95,-9,76,-3
229,12,-94,-9,75,-2
229,12,-97,-6,76,-4
228,11,-92,-6,77,-7
229,9,-95,-7,77,-8
230,11,-96,-6,77,-8
228,11,-97,-5,75,-6
231,9,-95,-6,75,-7
232,10,-91,-7,75,-8
229,14,-95,-6,75,-8
227,8,-93,-7,73,-6
228,10,-92,-8,73,-6
225,12,-94,-7,72,-6
231,12,-95,-8,72,-6
228,13,-96,-9,71,-7
229,11,-95,-8,71,-5
229,11,-96,-7,71,-6
229,11,-93,-6,70,-7
231,9,-97,-8,72,-5
230,13,-92,-9,72,-7
231,9,-95,-10,71,-8
228,12,-93,-11,70,-7
226,14,-98,-13,71,-8
232,11,-94,-13,74,-6
230,10,-100,-14,74,-5
230,11,-97,-13,72,-4
229,11,-93,-14,69,-3
231,13,-94,-12,70,-3
229,13,-93,-12,69,-2
232,10,-97,-11,70,-2
229,11,-97,-11,71,-1
232,11,-97,-10,70,-3
230,15,-96,-10,70,-4
230,10,-96,-10,71,-3
230,11,-94,-10,73,-4
234,11,-95,-11,72,-4
230,10,-94,-9,72,-4
229,15,-98,-12,71,-2
230,14,-92,-11,73,-2
231,12,-97,-10,73,-4
229,12,-97,-10,74,-4
231,11,-94,-9,72,-3
230,12,-90,-8,72,-4
228,12,-100,-9,72,-4
229,8,-95,-11,71,-4
228,12,-95,-11,71,-3
230,12,-94,-11,72,-2
231,13,-97,-13,72,-2
229,14,-95,-13,74,-2
231,12,-97,-13,73,-3
230,11,-94,-13,73,-2
230,8,-97,-13,73,-2
231,12,-98,-13,72,0
230,13,-92,-14,73,1
229,11,-97,-15,72,0
230,9,-99,-15,71,-1
230,11,-93,-12,71,0
230,10,-96,-11,72,0
237,15,-95,-11,70,1
229,10,-93,-10,71,-2
229,13,-98,-9,72,-3
228,14,-95,-10,71,-2
228,13,-95,-10,71,-3
230,12,-95,-11,72,-5
232,10,-96,-12,74,-5
231,13,-95,-13,73,-5
229,13,-96,-14,74,-4
230,11,-96,-15,75,-5
228,11,-95,-14,76,-5
229,12,-93,-14,75,-5
232,10,-95,-13,75,-6
230,9,-90,-13,74,-6
230,10,-96,-16,74,-8
232,10,-92,-17,73,-8
233,10,-98,-18,73,-9
231,9,-95,-19,71,-8
229,8,-97,-16,69,-9
230,11,-96,-13,67,-7
229,12,-94,-12,68,-6
232,11,-95,-10,67,-6
235,11,-95,-10,66,-7
231,13,-94,-8,66,-7
228,13,-94,-10,67,-6
230,12,-94,-9,68,-5
231,13,-93,-9,68,-6
230,12,-98,-10,68,-6
230,10,-95,-10,68,-7
229,12,-93,-11,68,-9
231,11,-93,-11,70,-7
228,11,-96,-11,71,-8
229,9,-94,-10,72,-9
229,13,-96,-11,71,-8
230,10,-101,-9,73,-7
229,10,-98,-8,73,-7
231,12,-95,-6,74,-8
227,12,-96,-5,76,-6
231,14,-96,-4,76,-7
228,14,-91,-4,76,-7
232,13,-93,-3,75,-8
227,15,-94,-3,74,-7
230,14,-94,-4,75,-7
227,13,-94,-2,76,-7
226,12,-93,-1,76,-6
232,10,-93,-1,76,-5
233,9,-95,-2,77,-6
227,13,-95,0,76,-4
229,12,-99,-1,76,-3
229,12,-98,-1,75,-3
232,11,-95,-1,77,-2
230,15,-93,-1,76,0
232,13,-89,0,77,-1
230,12,-94,0,78,-2
232,12,-96,-1,77,-3
228,15,-97,-3,77,-4
230,9,-94,-4,79,-4
230,12,-95,-5,77,-4
229,14,-93,-7,78,-4
230,8,-93,-9,77,-3
231,15,-95,-10,79,-3
231,9,-93,-11,78,-4
232,10,-95,-9,77,-3
230,10,-94,-9,78,-2
231,10,-96,-10,77,-2
226,9,-92,-9,77,-4
232,12,-94,-9,76,-4
231,13,-94,-9,76,-5
231,11,-93,-7,75,-6
230,11,-90,-6,75,-7
230,10,-96,-5,74,-8
230,9,-94,-6,74,-9
227,10,-96,-6,74,-8
230,15,-95,-5,75,-9
231,11,-93,-7,73,-9
233,14,-96,-8,74,-8
230,13,-96,-8,73,-7
229,14,-94,-8,72,-6
229,12,-95,-10,72,-5
228,10,-93,-9,71,-5
229,13,-94,-9,71,-5
228,12,-95,-9,70,-4
229,15,-93,-9,70,-5
230,10,-92,-9,70,-6
229,11,-93,-12,70,-5
230,13,-91,-11,68,-4
229,13,-95,-12,68,-5
230,10,-94,-15,67,-4
228,12,-91,-14,67,-2
233,10,-93,-15,67,-2
230,13,-96,-15,66,-1
231,10,-94,-14,66,0
233,9,-94,-14,66,0
232,12,-94,-13,67,-1
235,8,-97,-12,68,0
231,13,-92,-12,67,0
227,10,-95,-11,67,-2
231,10,-95,-10,67,-3
231,11,-96,-10,68,-4
231,10,-97,-11,69,-3
232,11,-93,-10,70,-4
229,11,-92,-10,71,-4
230,11,-96,-11,71,-4
230,12,-93,-13,70,-3
229,15,-95,-13,68,-3
229,11,-93,-13,69,-3
226,13,-96,-13,69,-4
232,13,-93,-14,68,-5
230,14,-92,-13,68,-3
230,12,-92,-13,69,-4
232,11,-96,-12,68,-4
228,14,-97,-14,67,-4
231,13,-96,-13,68,-3
230,13,-96,-14,68,-3
230,12,-90,-15,68,-4
229,14,-92,-14,69,-4
231,10,-92,-15,69,-2
231,13,-92,-15,69,-3
230,12,-97,-15,68,-2
231,9,-95,-15,70,-2
228,12,-95,-15,71,-1
229,13,-92,-15,71,-1
230,14,-94,-16,69,-1
231,11,-100,-15,69,-2
229,11,-95,-14,70,-1
229,12,-93,-13,70,-2
232,11,-96,-12,69,-2
230,13,-95,-13,68,-1
231,11,-96,-12,71,-3
233,10,-93,-12,69,-2
229,12,-95,-12,69,-1
234,11,-96,-12,69,-1
228,14,-92,-10,68,-1
230,11,-91,-8,69,-2
228,10,-94,-7,68,-3
231,11,-96,-6,67,-3
230,15,-96,-6,68,-4
231,14,-97,-6,68,-4
228,12,-97,-9,69,-4
231,13,-90,-12,68,-5
230,11,-93,-13,68,-7
227,11,-95,-13,69,-6
230,11,-92,-14,70,-6
228,10,-95,-14,71,-6
230,12,-96,-14,71,-4
229,12,-92,-13,73,-2
229,12,-93,-13,71,-4
228,12,-96,-14,71,-5
232,10,-94,-16,70,-5
228,12,-93,-16,69,-6
231,13,-94,-18,67,-6
229,11,-94,-16,68,-5
229,10,-95,-13,68,-7
233,10,-97,-12,68,-6
228,13,-96,-11,67,-6
230,11,-93,-10,68,-6
228,14,-95,-10,67,-7
230,14,-95,-8,68,-7
227,15,-97,-7,67,-7
230,12,-94,-5,66,-9
233,11,-91,-4,67,-8
231,12,-93,-3,69,-7
229,11,-95,-1,70,-10
229,9,-95,1,71,-11
229,12,-89,2,70,-12
229,11,-93,4,71,-12
229,12,-93,6,72,-11
232,10,-94,7,74,-11
230,12,-94,8,74,-12
232,11,-94,9,74,-13
230,13,-95,9,74,-13
229,12,-97,9,75,-12
227,16,-94,6,76,-12
229,10,-92,6,75,-10
230,13,-89,4,76,-9
228,13,-96,2,76,-10
230,13,-94,1,75,-7
228,13,-93,1,73,-8
228,14,-97,1,73,-7
228,12,-94,2,73,-5
230,11,-91,2,73,-5
230,11,-93,1,71,-5
227,11,-95,1,72,-4
229,13,-92,0,72,-5
234,9,-92,0,72,-4
231,12,-95,-2,73,-3
230,12,-93,-4,74,-3
228,10,-97,-4,74,-2
232,14,-93,-7,75,-3
231,11,-94,-9,74,-3
228,12,-93,-10,75,-4
230,12,-96,-12,74,-4
231,12,-93,-13,76,-3
230,9,-94,-14,76,-3
227,15,-91,-14,74,-3
238,6,-98,-14,76,-2
229,12,-89,-13,75,-3
233,11,-96,-12,75,-4
230,12,-95,-12,76,-3
231,12,-90,-12,75,-4
232,10,-95,-9,75,-6
229,10,-94,-9,74,-6
230,11,-94,-8,74,-6
231,10,-93,-8,75,-6
228,14,-95,-8,74,-6
229,13,-97,-8,73,-8
230,14,-93,-8,73,-5
230,14,-96,-7,73,-6
229,11,-94,-8,73,-5
233,13,-94,-9,72,-6
229,10,-93,-10,71,-5
231,12,-94,-9,70,-6
231,11,-93,-10,72,-5
231,12,-97,-10,70,-6
230,11,-93,-9,69,-6
231,12,-92,-9,68,-6
230,11,-90,-9,67,-6
229,13,-97,-11,67,-7
235,8,-97,-8,66,-12
228,11,-92,-7,67,-10
232,11,-90,-12,65,-6
230,11,-95,-14,66,-5
229,14,-97,-15,65,-4
231,10,-94,-15,66,-2
230,10,-96,-14,65,-1
229,12,-93,-13,64,-2
232,10,-94,-12,64,-3
231,12,-96,-12,65,-2
232,13,-96,-11,65,-2
231,13,-92,-11,68,-2
228,12,-95,-10,68,-2
231,9,-96,-12,68,-3
229,12,-97,-11,68,-2
228,12,-94,-11,69,-4
229,11,-94,-12,69,-4
231,8,-94,-12,70,-4
231,12,-92,-11,69,-2
228,8,-96,-11,69,-3
231,12,-93,-12,70,-4
233,12,-95,-11,68,-4
229,10,-91,-10,69,-5
230,10,-94,-11,71,-4
228,15,-96,-11,71,-3
232,11,-92,-11,70,-4
229,15,-96,-12,70,-3
229,11,-97,-14,69,-3
230,14,-90,-14,70,-4
227,11,-93,-15,71,-3
232,14,-93,-16,71,-3
230,13,-94,-17,71,-2
231,9,-96,-18,71,-2
230,12,-98,-19,71,-2
228,11,-95,-19,70,0
230,13,-93,-19,71,0
231,12,-92,-18,70,0
229,13,-95,-16,71,-2
230,10,-96,-17,70,-3
234,11,-95,-18,70,-2
227,11,-97,-17,70,-2
228,10,-94,-16,71,-1
231,13,-95,-17,71,-3
225,12,-92,-15,70,-1
228,13,-95,-15,70,-1
231,12,-93,-15,68,-1
230,11,-94,-15,69,-1
231,14,-95,-12,69,-1
229,10,-95,-13,69,-2
230,13,-96,-12,69,-1
231,10,-95,-13,69,-3
229,11,-98,-13,69,-1
232,11,-95,-12,67,-2
229,10,-94,-11,66,-1
229,10,-96,-9,67,-2
227,13,-94,-7,67,-2
229,13,-91,-6,66,-3
232,10,-95,-5,68,-2
230,12,-96,-6,66,-4
230,12,-93,-6,66,-5
233,8,-95,-9,67,-5
228,16,-94,-13,70,-6
226,13,-96,-15,69,-6
229,12,-96,-18,70,-5
229,8,-88,-19,71,-6
231,12,-91,-18,70,-6
230,13,-95,-18,70,-4
233,12,-95,-18,71,-3
231,9,-97,-17,70,-4
229,10,-91,-16,69,-5
231,11,-93,-17,69,-6
231,10,-95,-18,70,-7
228,11,-95,-17,70,-7
229,12,-94,-18,68,-8
229,12,-96,-16,69,-8
232,11,-100,-14,67,-8
230,12,-95,-11,68,-8
231,13,-95,-11,67,-7
230,15,-95,-11,67,-7
231,11,-95,-11,67,-7
232,10,-98,-12,67,-8
233,11,-94,-11,67,-6
230,13,-93,-12,68,-7
230,11,-94,-10,69,-6
230,13,-95,-11,70,-7
230,11,-94,-10,70,-6
230,8,-94,-10,70,-7
225,9,-100,-9,71,-6
230,14,-96,-9,70,-6
229,14,-94,-9,70,-7
231,13,-92,-9,73,-7
231,9,-97,-9,73,-7
229,14,-96,-6,75,-8
229,12,-92,-4,74,-6
229,12,-96,-4,73,-6
232,13,-91,-6,73,-5
232,13,-93,-7,73,-6
228,12,-92,-8,72,-6
231,11,-97,-8,72,-5
230,12,-91,-8,73,-4
227,12,-90,-8,71,-2
228,12,-93,-8,71,-2
229,12,-95,-8,72,-1
230,11,-97,-7,72,-2
229,13,-93,-8,71,-1
231,12,-94,-7,72,-1
228,12,-96,-6,72,-2
230,14,-93,-7,72,-2
230,11,-91,-7,73,0
230,7,-102,-8,73,-2
230,10,-98,-10,74,-2
232,12,-92,-11,73,-1
230,12,-96,-12,72,-1
232,12,-93,-12,72,-1
232,15,-93,-13,72,-1
232,13,-90,-15,74,-1
228,14,-94,-16,73,0
230,13,-95,-16,73,-1
233,8,-94,-17,72,0
232,10,-92,-16,72,-1
229,10,-96,-16,73,-2
232,11,-96,-16,72,-3
230,12,-92,-17,71,-2
230,12,-93,-16,71,-3
229,10,-93,-13,72,-4
233,11,-95,-12,71,-5
230,10,-93,-13,71,-6
230,15,-96,-12,71,-7
231,12,-92,-11,70,-7
231,13,-93,-12,70,-7
231,13,-94,-12,70,-6
232,16,-91,-12,70,-6
228,12,-95,-13,70,-6
231,14,-95,-13,69,-5
230,11,-91,-15,67,-6
228,13,-98,-14,68,-4
228,11,-92,-13,68,-2
229,10,-94,-13,66,-3
230,10,-93,-13,65,-4
231,12,-94,-13,66,-4
230,14,-93,-14,66,-4
231,14,-92,-16,66,-4
229,13,-100,-17,66,-4
230,10,-93,-17,66,-3
229,12,-96,-18,65,-2
229,12,-94,-16,65,-2
230,13,-96,-17,64,-1
230,14,-94,-16,65,-1
226,13,-96,-16,65,0
231,12,-93,-15,64,-1
229,12,-96,-13,66,1
234,15,-96,-12,65,-2
229,15,-95,-12,66,-3
231,11,-95,-11,66,-3
228,13,-93,-11,69,-2
229,13,-95,-10,68,-2
229,14,-90,-11,67,-5
230,10,-92,-13,68,-5
230,12,-99,-12,68,-4
229,11,-96,-13,67,-4
230,11,-95,-14,67,-4
231,13,-93,-12,65,-3
229,13,-97,-11,66,-4
228,12,-96,-9,66,-3
229,11,-93,-8,69,-3
228,9,-95,-5,70,-3
232,9,-94,-2,72,-4
230,12,-97,0,71,-5
231,13,-92,3,71,-6
229,13,-91,6,73,-7
230,10,-94,7,75,-10
232,13,-94,10,78,-11
229,11,-94,13,78,-11
228,11,-94,14,82,-13
238,6,-93,16,83,-13
233,9,-92,18,84,-12
231,14,-95,19,84,-13
233,10,-95,19,85,-13
230,16,-96,20,87,-12
229,12,-95,21,85,-13
228,12,-92,22,86,-14
230,12,-95,22,84,-14
232,11,-95,24,84,-12
231,13,-96,25,83,-13
230,12,-93,25,85,-14
229,13,-96,25,85,-12
230,10,-92,27,85,-13
230,13,-94,28,87,-13
230,13,-98,30,87,-14
230,12,-93,34,87,-14
230,12,-92,36,88,-13
229,13,-95,36,89,-13
228,11,-93,37,90,-15
231,10,-93,38,91,-14
230,12,-94,39,92,-17
229,13,-93,38,90,-16
234,13,-84,38,91,-16
232,10,-90,39,90,-17
231,11,-92,38,91,-17
229,13,-92,40,92,-17
229,12,-97,43,95,-18
227,14,-93,47,97,-18
230,10,-93,48,94,-19
231,11,-94,49,92,-21
232,12,-92,45,91,-18
233,10,-92,42,91,-15
229,13,-96,39,91,-13
230,11,-94,38,90,-14
230,11,-95,35,88,-15
231,11,-94,33,88,-14
229,11,-94,34,87,-15
235,10,-96,32,87,-14
231,12,-92,29,88,-13
230,13,-93,28,89,-14
231,12,-93,27,88,-12
232,12,-94,28,90,-12
231,10,-93,28,91,-13
230,11,-94,30,89,-12
232,13,-94,31,88,-12
228,8,-90,31,89,-13
232,8,-94,32,88,-11
230,10,-92,32,89,-13
231,12,-92,31,88,-14
230,12,-95,29,87,-14
228,10,-91,28,88,-14
230,11,-91,28,88,-14
229,12,-92,25,88,-15
232,7,-90,26,87,-14
230,11,-94,28,86,-15
230,12,-92,27,87,-14
228,10,-92,30,86,-12
230,12,-91,31,86,-12
231,13,-90,32,86,-13
230,11,-90,33,86,-12
231,13,-94,32,85,-12
228,13,-92,31,85,-11
229,12,-91,30,84,-12
231,12,-95,30,84,-11
228,10,-91,30,84,-12
235,12,-90,29,83,-13
232,10,-94,30,83,-11
229,11,-93,31,84,-13
231,10,-92,33,87,-12
230,10,-88,35,87,-12
230,15,-94,37,88,-13
232,11,-93,40,91,-8
230,11,-94,41,94,-8
231,11,-89,41,91,-8
232,9,-89,38,91,-10
227,10,-91,34,91,-9
231,10,-94,30,88,-10
231,13,-92,27,87,-8
230,12,-94,25,86,-8
231,9,-97,22,87,-9
232,13,-94,24,85,-8
230,9,-92,24,83,-7
231,9,-93,23,82,-7
233,12,-92,23,82,-7
231,11,-94,23,84,-5
231,10,-90,23,84,-4
230,10,-93,23,84,-6
233,6,-89,23,85,-7
232,13,-91,22,84,-6
232,12,-93,21,86,-7
233,9,-97,20,86,-6
230,12,-91,19,88,-7
230,11,-92,20,87,-6
230,13,-91,21,87,-6
229,10,-96,20,86,-8
230,10,-93,20,87,-8
230,10,-96,20,86,-8
230,11,-87,21,86,-6
231,11,-88,22,86,-8
232,12,-92,23,86,-9
231,7,-93,24,86,-9
230,9,-91,23,84,-8
231,9,-88,23,86,-10
233,9,-94,23,86,-11
230,11,-92,22,86,-9
231,10,-93,21,86,-10
231,10,-92,21,87,-10
233,9,-88,21,85,-10
232,9,-90,20,84,-10
232,11,-95,18,85,-10
233,9,-89,19,85,-12
230,11,-92,18,82,-12
230,14,-87,17,82,-11
231,10,-91,16,82,-12
229,12,-94,15,81,-12
227,12,-94,14,81,-11
231,12,-92,13,80,-10
231,9,-90,13,79,-10
231,11,-91,11,79,-9
230,12,-93,11,78,-8
229,9,-89,10,76,-9
230,11,-91,9,76,-10
234,11,-92,8,75,-9
232,11,-91,8,74,-9
233,10,-92,8,74,-7
233,9,-90,8,76,-7
230,9,-91,11,75,-6
233,11,-93,13,74,-9
234,11,-91,14,74,-9
231,10,-90,14,76,-8
231,9,-92,14,76,-6
230,10,-96,14,76,-8
233,11,-90,15,77,-8
234,6,-90,15,77,-7
233,13,-91,13,78,-6
233,11,-95,13,79,-7
231,11,-91,13,79,-7
230,9,-90,13,80,-6
231,12,-89,11,79,-7
231,9,-90,12,79,-6
231,9,-93,11,81,-8
232,12,-89,11,81,-7
232,9,-92,11,82,-7
231,13,-94,12,81,-6
231,6,-92,13,79,-8
231,10,-95,13,79,-8
231,10,-93,16,82,-8
232,11,-91,18,82,-9
229,11,-90,18,80,-9
233,10,-92,17,80,-8
234,13,-92,19,82,-8
232,13,-89,21,81,-9
233,9,-93,21,82,-8
233,10,-86,21,81,-9
235,10,-93,23,82,-8
232,9,-91,21,82,-6
231,12,-89,22,82,-7
233,11,-92,21,84,-8
232,9,-93,21,83,-7
232,8,-92,22,84,-8
230,11,-93,23,85,-9
235,11,-93,24,85,-8
233,8,-95,24,84,-7
231,9,-93,24,84,-8
232,9,-89,24,83,-7
232,9,-87,24,82,-9
231,11,-90,25,81,-9
230,10,-89,25,82,-10
232,8,-90,25,83,-9
232,12,-88,26,82,-8
233,9,-90,27,83,-8
230,13,-93,26,82,-8
229,11,-90,26,81,-8
228,10,-89,25,79,-9
233,8,-91,22,80,-10
231,10,-90,22,81,-12
230,10,-87,21,81,-11
232,11,-86,16,78,-11
232,10,-89,14,76,-10
231,12,-91,15,77,-12
230,6,-89,12,77,-9
231,8,-91,10,77,-9
234,8,-94,9,77,-9
230,7,-92,11,77,-10
234,4,-86,12,78,-10
233,11,-90,13,78,-9
231,8,-92,14,78,-10
234,9,-92,15,78,-9
231,8,-91,16,79,-9
230,11,-92,18,79,-11
231,10,-91,18,79,-10
233,9,-94,19,80,-10
235,9,-89,21,82,-11
229,9,-89,23,82,-12
235,7,-89,25,83,-12
231,9,-89,26,86,-11
230,9,-88,28,88,-13
233,5,-88,27,88,-13
233,8,-91,28,87,-13
234,5,-91,26,86,-14
231,5,-91,24,85,-14
231,6,-90,22,86,-15
232,7,-89,21,84,-14
231,7,-89,21,83,-13
235,9,-91,21,83,-14
230,8,-90,23,84,-11
232,8,-94,24,84,-11
232,10,-86,24,84,-12
235,5,-91,24,82,-12
233,9,-90,24,80,-10
234,7,-92,22,80,-10
234,10,-89,20,81,-11
231,9,-87,17,80,-10
232,8,-89,15,77,-11
232,7,-87,15,79,-9
232,10,-92,14,80,-9
235,5,-94,15,80,-9
231,10,-92,17,82,-7
230,11,-93,20,83,-9
230,12,-90,21,84,-8
235,10,-90,21,84,-8
231,11,-88,24,84,-8
231,10,-91,23,86,-9
230,10,-88,24,87,-9
232,10,-88,23,86,-9
234,10,-90,22,84,-10
234,7,-90,22,84,-10
233,9,-90,21,82,-9
235,10,-88,19,81,-9
232,11,-92,19,80,-8
232,9,-90,18,79,-6
234,8,-92,19,79,-4
234,8,-90,19,78,-5
231,10,-90,20,78,-4
231,8,-94,19,77,-3
229,9,-92,21,76,-6
227,14,-91,21,75,-8
232,10,-91,21,76,-9
233,8,-90,20,76,-10
230,9,-90,22,77,-8
232,12,-92,20,79,-9
235,6,-89,19,81,-7
233,10,-88,17,83,-6
234,9,-91,16,84,-7
234,8,-90,14,84,-6
231,9,-86,12,84,-6
234,8,-89,10,83,-5
230,7,-87,11,83,-7
232,8,-90,10,83,-6
231,5,-87,12,83,-6
233,9,-86,10,83,-8
234,8,-89,9,82,-8
232,7,-90,8,83,-7
234,7,-88,5,84,-9
233,7,-90,6,82,-9
232,6,-89,6,83,-10
234,11,-92,6,84,-9
234,8,-88,5,82,-10
233,11,-91,8,81,-10
231,12,-89,8,80,-11
234,6,-88,7,80,-11
234,8,-86,8,79,-12
229,9,-93,9,78,-11
231,10,-89,8,78,-10
234,7,-89,7,77,-10
230,10,-91,7,76,-10
231,10,-91,7,77,-8
229,8,-88,5,75,-9
234,8,-90,5,74,-10
232,9,-90,4,74,-9
232,9,-87,4,75,-8
231,13,-92,6,74,-6
232,9,-86,4,76,-7
231,8,-88,3,75,-6
234,5,-87,4,74,-7
233,6,-89,5,74,-5
232,10,-91,5,73,-6
230,13,-89,3,73,-5
232,9,-89,4,72,-6
231,7,-89,5,73,-7
233,7,-89,5,73,-5
234,9,-90,7,72,-6
235,6,-87,6,72,-7
233,8,-93,6,73,-7
230,11,-90,6,72,-6
232,7,-90,6,72,-6
231,7,-93,7,71,-6
233,8,-90,7,72,-6
234,7,-88,4,71,-6
236,9,-88,5,71,-6
231,9,-87,5,72,-7
233,9,-89,3,74,-6
231,10,-95,2,75,-6
235,9,-88,2,75,-7
234,8,-88,1,76,-7
231,9,-86,1,76,-7
232,9,-89,0,76,-7
235,7,-90,-1,76,-6
233,10,-89,-3,77,-5
233,9,-91,-3,76,-7
232,8,-90,-3,75,-6
231,10,-91,-3,76,-5
231,10,-89,-4,78,-5
236,7,-87,-5,77,-6
235,5,-93,-5,77,-7
232,9,-92,-4,76,-5
234,9,-89,-4,76,-4
233,7,-90,-4,76,-4
232,9,-93,-3,75,-4
235,7,-85,-3,75,-5
232,8,-91,-2,75,-3
234,8,-87,-1,75,-3
235,7,-90,-1,76,-3
232,10,-88,1,76,-4
233,8,-87,2,77,-5
231,8,-90,2,76,-6
234,8,-89,2,75,-6
233,7,-89,1,75,-6
234,9,-89,2,76,-6
230,7,-90,3,76,-7
231,8,-90,2,77,-6
234,8,-93,4,77,-6
235,8,-87,5,77,-6
232,6,-91,5,76,-7
234,7,-91,6,76,-6
232,6,-90,7,77,-7
233,8,-88,6,77,-6
235,7,-93,7,78,-7
233,10,-87,7,77,-7
234,7,-87,5,75,-9
232,9,-90,5,75,-9
233,10,-85,6,75,-8
230,7,-91,7,76,-8
233,8,-88,8,75,-8
233,6,-86,7,75,-7
234,9,-88,6,75,-8
233,6,-88,5,75,-8
234,11,-94,7,75,-7
232,11,-93,7,76,-8
231,9,-88,7,76,-8
235,7,-91,7,77,-7
234,9,-89,7,78,-8
235,10,-91,7,77,-9
232,10,-87,7,78,-10
232,9,-89,6,78,-10
233,5,-91,8,80,-9
233,8,-86,9,80,-10
235,7,-89,11,82,-9
232,6,-90,13,84,-10
236,6,-87,14,85,-10
233,4,-86,14,85,-9
233,6,-88,11,84,-8
230,7,-88,9,83,-10
234,5,-84,10,81,-12
234,8,-89,9,79,-13
232,5,-88,8,79,-12
234,12,-88,7,80,-10
232,9,-88,10,79,-9
234,7,-90,11,79,-8
231,9,-89,13,80,-9
236,5,-87,13,80,-9
234,7,-90,12,79,-9
231,9,-91,13,81,-9
232,9,-87,11,82,-9
232,7,-89,10,83,-8
233,8,-88,8,83,-8
231,6,-89,7,82,-8
234,7,-85,8,82,-7
233,9,-88,7,79,-7
235,9,-87,6,81,-8
234,7,-89,6,81,-7
234,10,-87,8,81,-9
234,8,-90,9,81,-6
233,6,-83,10,81,-8
233,6,-91,10,80,-6
233,9,-89,10,81,-8
234,7,-88,11,82,-9
230,10,-88,12,82,-8
232,9,-88,12,82,-7
234,10,-85,11,82,-6
232,9,-91,11,80,-6
234,4,-88,9,81,-6
231,10,-86,7,80,-5
234,5,-91,6,79,-4
232,4,-89,6,80,-5
231,6,-86,4,78,-4
235,7,-88,4,78,-4
232,10,-87,3,77,-4
234,8,-88,4,78,-2
234,7,-86,5,78,-4
234,9,-91,4,78,-3
232,10,-90,4,77,-3
234,9,-93,4,76,-4
233,7,-89,5,77,-3
236,7,-87,5,78,-3
232,8,-90,4,79,-4
235,10,-90,5,80,-2
230,10,-87,4,82,-3
233,7,-88,3,82,-3
233,7,-85,4,82,-4
233,10,-84,3,80,-4
232,7,-84,2,80,-2
234,10,-88,2,80,-2
231,8,-89,1,79,-5
233,7,-88,-1,75,-7
236,6,-87,-2,77,-6
233,6,-87,-2,76,-7
230,7,-85,1,79,-6
235,6,-87,1,78,-6
233,9,-92,3,79,-7
236,6,-89,1,78,-7
235,7,-88,1,76,-8
236,10,-89,2,76,-8
233,6,-84,0,75,-8
228,3,-86,-1,75,-8
233,9,-87,0,76,-7
234,9,-90,0,76,-8
235,8,-87,-1,74,-9
235,6,-89,-1,74,-8
232,10,-85,-1,73,-7
235,7,-89,-2,73,-7
233,6,-87,-2,71,-8
234,8,-90,-2,70,-7
234,8,-87,0,71,-8
236,7,-87,-1,72,-7
231,12,-76,0,72,-7
234,9,-88,1,74,-6
234,9,-87,0,74,-7
235,8,-88,1,72,-7
232,10,-89,1,71,-6
235,6,-92,2,73,-6
232,9,-87,1,74,-5
234,5,-88,0,72,-5
236,7,-86,0,73,-3
235,6,-85,0,73,-3
235,7,-85,1,73,-4
239,10,-78,1,74,-4
236,5,-89,-1,74,-4
235,8,-89,0,74,-4
233,8,-87,0,74,-5
232,7,-86,2,75,-4
233,8,-85,2,73,-5
232,7,-84,0,75,-5
235,8,-87,-1,74,-4
235,7,-89,0,74,-6
234,10,-88,-2,73,-4
233,5,-86,-4,71,-3
232,12,-86,-5,72,-4
236,11,-86,-6,72,-4
233,7,-86,-7,72,-3
231,9,-87,-8,71,-4
231,8,-90,-9,69,-3
234,9,-87,-10,68,-4
234,8,-85,-10,66,-5
227,7,-89,-8,69,-5
235,13,-86,-2,79,-10
241,8,-89,-5,75,-13
231,10,-85,-11,70,-4
231,9,-87,-12,70,-3
233,6,-88,-11,71,-2
231,8,-88,-11,70,-2
232,9,-84,-13,70,-1
233,7,-88,-11,69,-1
239,4,-85,-11,69,-1
234,4,-88,-9,72,-1
234,6,-83,-9,71,-2
234,8,-90,-8,71,-4
233,6,-90,-7,71,-2
232,8,-87,-8,71,-3
235,8,-88,-6,71,-4
236,5,-88,-6,71,-4
233,6,-91,-5,72,-2
236,5,-88,-4,69,-4
235,7,-87,-4,71,-4
232,8,-84,-3,71,-4
233,8,-88,-5,72,-3
233,8,-85,-4,71,-5
233,7,-88,-2,72,-4
233,9,-90,-3,70,-5
235,8,-81,-3,71,-4
234,7,-86,-3,72,-5
231,9,-87,-1,71,-5
236,6,-90,-2,72,-4
235,9,-87,-2,71,-5
236,7,-85,-2,71,-5
235,5,-88,-3,72,-6
235,11,-88,-5,72,-5
232,13,-88,-5,70,-4
234,5,-88,-5,70,-5
233,7,-86,-5,69,-6
233,6,-86,-5,70,-5
236,5,-87,-5,70,-6
234,9,-85,-5,70,-5
235,8,-91,-5,70,-8
235,7,-90,-4,70,-8
235,11,-90,-5,69,-8
232,9,-89,-5,71,-8
236,8,-86,-7,71,-7
236,8,-88,-7,71,-7
233,10,-87,-8,72,-6
234,11,-84,-7,74,-6
232,10,-89,-7,74,-6
233,8,-88,-6,75,-6
235,7,-86,-4,77,-5
234,7,-87,-3,76,-6
234,6,-88,-2,77,-6
233,9,-90,-2,76,-7
233,7,-89,-2,75,-8
233,7,-87,-3,75,-8
232,7,-90,-5,74,-9
234,8,-88,-4,72,-8
234,7,-87,-2,71,-8
235,6,-88,1,72,-8
235,8,-88,3,73,-8
232,9,-89,4,74,-9
236,7,-89,6,72,-8
235,10,-86,6,74,-7
232,9,-88,8,74,-7
230,9,-90,7,75,-7
234,9,-85,7,77,-7
237,5,-88,4,76,-6
235,11,-89,3,77,-7
232,6,-89,2,78,-6
233,7,-86,2,77,-6
237,7,-86,2,76,-5
235,8,-89,2,75,-6
234,11,-88,2,76,-6
235,6,-89,3,76,-7
233,9,-89,4,78,-6
234,7,-89,5,78,-6
236,7,-83,6,78,-7
234,8,-89,6,78,-6
233,10,-88,5,78,-6
231,9,-84,6,79,-7
234,10,-88,4,77,-5
234,11,-88,4,78,-6
233,8,-84,5,77,-6
234,10,-89,4,77,-5
234,7,-85,2,76,-3
234,7,-90,5,75,-3
232,10,-89,5,76,-3
233,10,-83,5,76,-3
230,8,-85,4,75,-2
233,7,-87,4,75,-4
235,6,-88,6,75,-5
231,5,-83,6,75,-3
231,10,-87,4,75,-3
235,6,-89,5,75,-7
233,6,-89,5,75,-5
235,6,-89,3,77,-3
237,8,-89,2,77,-2
234,8,-87,3,79,-2
234,9,-88,1,78,-2
233,7,-90,-1,78,-1
231,7,-89,-1,77,-1
235,9,-90,-3,77,0
234,5,-85,-4,78,-3
231,7,-85,-5,77,-2
234,6,-88,-4,78,-2
235,6,-85,-5,76,-3
236,4,-86,-7,75,-4
235,6,-86,-6,74,-5
234,5,-85,-9,74,-4
236,7,-86,-9,74,-5
233,7,-87,-9,73,-6
231,7,-84,-8,72,-7
235,8,-87,-9,70,-7
232,4,-87,-9,70,-8
233,8,-85,-9,69,-8
234,4,-87,-7,69,-5
232,8,-85,-6,68,-5
231,5,-91,-7,69,-5
235,5,-82,-10,69,-6
233,7,-85,-12,68,-7
237,4,-86,-13,69,-6
231,10,-85,-14,66,-5
235,8,-88,-14,66,-5
236,5,-85,-15,65,-4
232,7,-87,-16,64,-5
234,8,-88,-15,65,-3
232,7,-89,-15,64,-2
232,9,-83,-15,63,-2
235,7,-88,-15,64,-1
236,8,-86,-14,63,-2
233,8,-87,-15,64,-1
235,9,-85,-16,65,-1
233,8,-83,-15,64,-1
234,8,-87,-14,64,-1
235,2,-102,-13,64,-2
231,10,-88,-12,65,-1
233,5,-94,-10,65,0
242,17,-79,-9,66,0
236,7,-89,-7,66,0
235,6,-87,-6,65,-2
230,-1,-83,-7,67,-2
235,6,-98,-6,67,-2
239,17,-95,-5,68,-3
239,7,-95,-6,68,-2
231,14,-92,-5,69,-3
233,7,-92,-6,69,-3
234,7,-86,-7,70,-3
234,7,-86,-8,72,-3
231,8,-88,-10,71,-4
235,-6,-100,-11,72,-4
227,15,-87,-11,73,-4
228,13,-102,-12,73,-4
233,2,-83,-13,72,-4
232,14,-88,-13,71,-4
231,5,-106,-14,74,-1
221,19,-66,-15,72,-1
223,6,-87,-15,74,-3
234,10,-92,-14,72,-4
233,7,-80,-14,71,-4
235,6,-87,-15,72,-5
232,9,-86,-14,71,-5
235,3,-86,-14,71,-4
235,8,-84,-13,71,-4
233,5,-88,-11,72,-4
227,2,-90,-11,72,-3
232,11,-85,-11,73,-4
233,6,-80,-11,72,-4
235,15,-93,-12,71,-3
239,11,-85,-10,71,-5
231,5,-85,-10,72,-5
228,14,-85,-8,71,-5
237,17,-79,-10,70,-4
246,6,-98,-9,69,-4
234,11,-87,-8,70,-5
235,-5,-83,-8,69,-4
234,10,-84,-6,68,-4
234,9,-87,-6,68,-5
233,10,-83,-5,68,-4
234,10,-88,-6,70,-5
232,7,-80,-5,67,-4
230,5,-98,-5,69,-5
235,3,-75,-6,67,-5
232,6,-85,-6,68,-4
237,15,-87,-7,67,-6
239,6,-88,-8,67,-6
233,6,-94,-8,66,-5
229,5,-87,-8,65,-5
231,16,-83,-9,65,-3
232,11,-83,-9,65,-4
236,9,-82,-10,65,-5
234,10,-84,-11,65,-4
234,8,-88,-11,65,-5
234,6,-86,-12,66,-5
239,5,-83,-12,65,-3
234,13,-87,-13,65,-3
231,8,-93,-13,65,-2
235,7,-87,-14,65,-4
235,5,-92,-12,64,-4
232,12,-90,-12,66,-7
233,7,-92,-11,66,-5
238,7,-78,-12,65,-6
231,10,-86,-11,63,-6
229,10,-91,-13,66,-5
231,7,-83,-14,65,-6
228,4,-79,-14,67,-5
233,5,-86,-14,68,-5
235,6,-87,-14,69,-5
235,5,-90,-13,71,-3
233,8,-90,-9,73,-3
232,11,-85,-8,74,-3
239,6,-86,-8,73,-4
225,9,-81,-8,73,-5
231,16,-76,-8,73,-5
242,5,-80,-10,73,-5
244,9,-101,-10,73,-6
241,9,-78,-9,73,-7
234,12,-80,-7,72,-7
241,11,-76,-5,73,-6
238,15,-89,-3,73,-5
240,20,-88,-3,74,-7
236,11,-91,-2,74,-6
233,5,-87,-2,73,-6
231,8,-88,-3,74,-6
231,6,-85,-4,76,-4
225,-4,-81,-6,74,-5
233,5,-70,-6,74,-5
238,4,-86,-8,75,-7
241,14,-81,-8,74,-7
237,7,-83,-8,73,-7
231,6,-93,-8,72,-7
231,8,-84,-7,72,-8
233,7,-85,-6,71,-8
235,7,-87,-5,72,-6
235,7,-84,-4,72,-8
231,10,-91,-3,73,-6
236,8,-85,-1,73,-7
235,7,-87,0,74,-6
233,8,-85,0,75,-5
233,8,-79,0,75,-6
233,10,-88,0,76,-6
234,10,-87,0,76,-4
234,8,-84,-1,76,-4
234,8,-86,-1,76,-3
235,5,-92,-1,74,-4
235,7,-85,-4,76,-3

