-.-.-
-0.8814,-8.4688,-3.2572,0.1712,0.2720,0.4735
-1.3795,-8.5838,-3.2955,0.1639,0.3023,0.3108
-0.8814,-8.6604,-3.0656,0.1493,0.2938,0.3278
-0.6898,-8.6221,-3.0273,0.1518,0.2270,0.4116
-0.6131,-8.3538,-3.2189,0.0656,0.2113,0.4942
-0.6514,-8.4305,-2.7207,0.0425,0.2453,0.4541
-0.3832,-8.6221,-2.3759,0.0983,0.3193,0.3861
-0.3832,-8.4305,-2.2609,0.1663,0.3606,0.2222
-0.5748,-8.5071,-1.9927,0.2465,0.4055,0.0971
-0.6514,-8.5838,-1.7244,0.2902,0.4298,0.0146
-0.6898,-8.6604,-1.5711,0.3011,0.4432,-0.0546
-0.5365,-8.7754,-1.2263,0.3169,0.4347,-0.1615
-0.5748,-8.7754,-1.4945,0.3375,0.3776,-0.2805
-0.8430,-8.5454,-1.5711,0.2829,0.2659,-0.3448
-1.3029,-8.7754,-1.4179,0.1845,0.1445,-0.3570
-1.3412,-9.0053,-1.2263,0.1360,0.0425,-0.2926
-0.9197,-9.2735,-1.2263,0.0801,0.0898,-0.1518
0.3832,-10.3082,-0.9197,0.0486,0.2283,-0.0449
1.2263,-11.3428,-0.4982,0.0449,0.3958,0.0571
0.6898,-12.1859,-0.5365,0.1396,0.5743,0.1433
-0.8430,-12.6074,-2.7974,0.0838,0.5488,0.1639
-3.2572,-13.9103,-3.6021,-0.1821,0.2003,0.2550
-4.6368,-14.4468,-2.9507,0.0959,-0.2720,0.4638
-3.4871,-12.6840,-6.3229,0.2076,-0.5160,0.6277
-0.9580,-9.8866,-6.9743,-0.3047,-0.4565,0.4286
2.4142,-8.0473,-6.5145,-0.2720,-0.0304,0.3290
4.2919,-6.8977,-6.0546,-0.0801,0.3327,0.2404
2.6441,-8.8137,-4.8667,0.0182,0.5476,0.2064
-0.1916,-10.8830,-4.5601,-0.0134,0.6411,0.2295
-1.6861,-11.3811,-4.2152,-0.0959,0.5682,0.1748
-1.2646,-9.5418,-3.8704,-0.0413,0.5124,-0.0304
-0.4982,-7.6641,-3.1806,0.0947,0.4917,-0.2938
0.0766,-7.0126,-2.9890,0.0898,0.4990,-0.4092
-0.1916,-6.9360,-2.9507,-0.0692,0.4929,-0.3776
-0.4215,-7.5874,-2.7974,-0.1943,0.4541,-0.2914
-0.5748,-8.0856,-2.9890,-0.2865,0.3885,-0.2708
-0.6131,-8.1239,-2.9507,-0.3715,0.2319,-0.2926
-0.1916,-8.2772,-2.7974,-0.3290,0.0668,-0.3642
0.0383,-8.2772,-2.9123,-0.2841,-0.0607,-0.4492
0.2682,-8.4688,-2.5675,-0.2234,-0.1166,-0.4638
0.3449,-8.8903,-2.5291,-0.1384,-0.2270,-0.3278
0.2682,-8.8903,-2.3759,-0.0716,-0.3351,-0.2453
0.0383,-8.8903,-1.5711,0.0935,-0.4213,-0.1724
0.1533,-8.9670,-1.3412,0.3072,-0.5269,-0.1372
0.0000,-8.9286,-1.3029,0.4019,-0.6386,-0.1433
-0.3449,-8.8137,-0.9963,0.4699,-0.7455,-0.0971
-0.3449,-8.1239,-1.9543,0.4626,-0.7928,-0.0425
0.7281,-8.2772,-2.8740,0.1639,-0.7321,0.0231
2.4525,-9.4651,-2.5291,-0.0741,-0.5039,0.0206
2.6824,-11.1129,-1.8011,-0.1044,-0.3934,-0.0886
1.0346,-11.9943,-0.7281,0.0279,-0.4796,-0.1821
-0.7664,-11.6494,0.3066,0.2708,-0.5864,-0.1639
-1.7627,-11.1129,-0.0383,0.5002,-0.8584,-0.1226
-1.0346,-11.5727,-3.6787,0.1882,-1.0150,-0.0996
1.5328,-13.8720,-3.5638,-0.2331,-0.7163,-0.1651
3.4488,-13.5654,-5.5948,0.2064,-0.5051,-0.2343
4.2536,-11.0746,-9.6567,-0.2283,-0.0862,-0.2173
2.0693,-10.4231,-6.8977,-0.4116,0.0911,-0.4529
-2.6441,-8.5838,-5.3265,-0.0595,-0.1117,-0.7091
-6.8210,-7.8173,-4.1003,0.2355,-0.5391,-0.6277
-4.2919,-7.6257,-3.9853,0.3339,-0.6848,-0.3982
1.7627,-8.6987,-4.1386,0.1093,-0.5464,-0.2538
5.0583,-10.6530,-3.6021,-0.1542,-0.2805,-0.1809
3.7171,-10.6530,-3.7554,-0.4954,-0.0498,0.0389
0.9197,-8.6987,-3.2572,-0.2428,0.2137,0.3424
-0.9580,-7.8940,-2.9890,0.2113,0.2865,0.4759
-1.6478,-8.0856,-3.1039,0.3084,0.2404,0.6532
-0.9963,-7.9706,-2.6058,0.1870,0.3302,0.4723
0.3449,-8.6221,-2.4142,0.0789,0.4080,0.5233
0.4215,-8.6221,-2.4142,0.0619,0.4857,0.5512
0.1150,-7.9706,-2.0693,0.0898,0.6059,0.5561
-0.5748,-7.2809,-1.7244,0.1870,0.7370,0.5002
-0.8814,-7.1659,-1.5711,0.2319,0.7977,0.3800
-0.9580,-7.9323,-1.4562,0.2088,0.7904,0.2258
-0.9197,-8.4305,-1.3029,0.1396,0.7455,0.0886
-0.7281,-9.1202,-0.7664,0.1979,0.6981,-0.0267
-0.5748,-9.2735,-0.5365,0.3752,0.6848,-0.1226
-0.2682,-8.7370,-0.9197,0.4808,0.6569,-0.2125
-0.3066,-8.3155,-1.9543,0.2756,0.5706,-0.2477
-0.8430,-8.5454,-2.1843,-0.0935,0.4929,-0.2392
-1.0730,-10.4614,-0.7664,-0.1688,0.3557,-0.2015
-0.6514,-12.6074,0.5748,0.0413,0.4529,-0.0559
0.6514,-12.7990,0.8047,0.2355,0.5706,0.1299
1.6095,-11.9943,1.1113,0.2938,0.7151,0.2659
1.3029,-11.9943,0.0383,0.4480,0.8900,0.3169
-0.4982,-13.2588,-2.8357,0.3157,0.9373,0.3970
-4.3302,-12.7990,-4.5218,0.1930,0.5719,0.3910
-5.2499,-10.9596,-7.8940,0.0024,0.1396,0.4674
-2.4525,-9.4651,-8.7754,-0.4796,0.1469,0.5294
2.9890,-9.3885,-6.2845,-0.3266,0.3230,0.5609
6.3612,-10.5764,-5.0966,-0.0109,0.5476,0.5197
3.5638,-10.4614,-4.4835,0.1700,0.8499,0.3485
-1.5328,-10.4998,-3.4488,0.1008,0.9434,0.2040
-4.1769,-9.5801,-3.2189,-0.0643,0.8839,-0.0170
-3.0656,-8.9670,-2.6058,-0.1445,0.7297,-0.3217
-0.9963,-7.8940,-2.4525,-0.0243,0.5294,-0.5099
0.1150,-7.3958,-2.3375,-0.0571,0.3205,-0.5549
0.2299,-7.7407,-2.2609,-0.1408,0.2416,-0.4966
-0.3449,-8.1622,-2.0693,-0.1930,0.1688,-0.4687
-1.2263,-8.1239,-1.9160,-0.1736,-0.0049,-0.4784
-1.1879,-8.2389,-1.7244,-0.1518,-0.2003,-0.5112
-0.8430,-8.3538,-1.7627,-0.1214,-0.3825,-0.5221
0.0383,-8.1622,-1.6095,-0.0728,-0.5172,-0.5160
0.4598,-8.0473,-1.4562,0.0425,-0.6775,-0.4480
1.2263,-8.2005,-1.2263,0.1761,-0.6641,-0.3035
1.3795,-8.3155,-0.6898,0.2501,-0.6581,-0.1918
0.9580,-8.5071,-0.6898,0.2950,-0.6641,-0.0838
0.2682,-8.3921,-0.8430,0.2744,-0.6787,0.0206
0.1150,-7.7024,-2.2992,0.0182,-0.6799,0.1433
1.1879,-7.9323,-2.4908,-0.2538,-0.4747,0.2185
2.4525,-10.0016,-1.8011,-0.3290,-0.2926,0.1955
2.2992,-11.9559,-1.0346,-0.2598,-0.2513,0.0619
0.6514,-12.5691,0.0383,-0.1056,-0.2028,-0.0874
-1.1879,-11.8027,0.4598,-0.0401,-0.3072,-0.2076
-1.9543,-10.6147,0.8814,0.1639,-0.6144,-0.2950
-0.7281,-10.6530,-0.6514,0.3023,-0.9070,-0.3181
1.3412,-12.3008,-3.1039,-0.0401,-0.8560,-0.3096
3.2955,-13.8720,-3.1423,-0.2125,-0.3861,-0.3497
4.1769,-13.0289,-5.1732,-0.1336,0.0631,-0.4310
2.9123,-11.2279,-7.9706,-0.4808,0.2878,-0.3740
-0.6514,-10.1932,-5.9780,-0.5282,-0.0012,-0.3642
-5.0583,-7.7790,-5.5181,-0.2853,-0.4371,-0.3472
-5.2882,-6.8977,-4.3302,0.0109,-0.5634,-0.2173
-0.8430,-9.0436,-3.9087,0.0486,-0.5597,-0.1676
3.6021,-11.6111,-3.8704,-0.2088,-0.2307,-0.0996
4.6751,-12.3008,-3.9087,-0.5609,0.0801,0.0352
2.3375,-9.3885,-3.4488,-0.5160,0.2550,0.4529
-0.5748,-7.7790,-2.8740,-0.0182,0.2088,0.7370

