-.-.-
3.4488,-11.7643,1.1496,-0.1336,-0.7248,-4.8104
3.5255,-7.0509,-0.7664,1.5262,-0.2380,-4.5263
5.0583,1.5711,-0.3449,1.8443,0.1943,-4.1524
8.0089,7.5108,-0.5365,1.0065,0.3885,-3.8950
12.1092,8.8520,1.4945,0.0219,0.7807,-4.5033
13.0289,8.8520,1.0730,0.4638,0.5488,-5.2111
13.7570,12.4158,-3.1423,0.5051,0.2185,-4.4170
15.6730,13.3355,-3.2955,0.4055,0.5597,-1.7253
16.7843,10.0399,-1.2263,1.4679,1.1498,0.6556
9.4268,2.2992,3.2572,0.7467,1.2481,1.1389
3.3339,0.6898,0.8430,0.0206,1.9621,0.2902
0.4215,6.1313,0.3449,-0.2234,2.0677,-0.7333
-0.7281,10.4231,0.7281,0.2028,2.0033,-1.1413
0.9963,12.0326,1.2263,0.7734,1.6318,-0.6326
3.1423,10.1549,2.0310,0.5549,1.3902,-0.0498
3.4871,7.1659,3.5255,-0.0728,1.2190,0.0741
4.9433,5.5948,3.9853,-0.3679,0.9665,0.0328
6.2079,5.2499,4.1386,-0.7406,0.7880,0.0328
7.3958,6.0546,4.9050,-0.5112,0.6083,0.1202
8.4688,6.7061,5.1732,0.2635,0.4492,0.1955
8.5838,7.5491,4.6368,0.5852,0.2562,0.2416
8.2772,6.2079,4.0236,0.4116,-0.0947,0.4456
7.7790,4.7134,4.0620,0.3169,-0.4116,0.7127
7.5491,4.7517,3.7937,0.2538,-0.6860,0.8863
7.7024,4.8667,3.5255,0.2550,-0.8074,0.9155
7.6257,4.4068,3.1806,0.3120,-0.7273,0.7673
7.3192,3.4105,2.4142,0.3254,-0.6702,0.6641
7.3958,2.4908,2.1459,0.4213,-0.6484,0.6350
8.0089,2.1459,1.8777,0.5354,-0.6180,0.5925
8.6221,2.2226,2.0310,0.4662,-0.6386,0.5828
9.4268,2.6441,2.1843,0.5027,-0.7018,0.5719
9.4651,3.2189,1.8777,0.7528,-0.7491,0.6726
9.6184,3.9087,1.3412,0.9045,-0.8960,0.8548
9.8483,4.4068,0.8430,0.8426,-0.9325,1.0320
9.7717,3.5638,1.4179,0.7018,-0.9446,1.1207
9.8866,2.5291,0.6131,0.5439,-0.9737,1.1255
9.8483,1.8011,0.7664,0.4432,-0.9361,1.0879
10.2315,1.6861,-0.2682,0.5767,-0.9203,0.9640
10.6530,2.1459,-0.8430,0.5719,-0.8948,0.8426
10.3082,2.5675,-1.8011,0.4917,-0.8341,0.6921
10.8446,2.6441,-1.8777,0.2113,-0.5354,0.3946
10.9213,2.3375,-1.4562,-0.2210,-0.2234,0.1736
11.1512,1.7244,-0.8814,-0.5609,-0.0838,-0.0716
11.2279,0.8430,-0.5365,-0.5755,-0.0121,-0.2040
10.9213,0.8047,-0.3449,-0.4274,0.0522,-0.1748
10.7680,1.1113,-0.4598,-0.2647,0.0741,-0.1226
10.7297,1.3412,-1.0346,-0.2185,0.0996,-0.0656
10.7297,1.5328,-1.1496,-0.1930,0.1906,-0.0619
10.1932,1.6478,-0.7281,-0.0765,0.3460,-0.0728
10.1932,2.1459,-0.3832,0.0449,0.4334,-0.1238
9.9250,2.4908,0.1916,0.0583,0.4553,-0.1833
9.8100,2.6441,0.3449,0.0364,0.4177,-0.2040
9.8100,2.4142,0.7281,-0.0036,0.3594,-0.1906
9.6950,2.4142,0.7664,-0.0692,0.3254,-0.1761
9.6950,2.4525,0.8047,-0.1311,0.3132,-0.1761
9.5418,2.6058,0.8814,-0.1408,0.3084,-0.1955
9.5418,2.6058,0.8430,-0.0850,0.3011,-0.2064
9.4651,2.7974,0.8047,0.0231,0.2805,-0.1943
9.4268,2.9123,0.7281,0.1299,0.2586,-0.1724
9.7717,2.8740,0.7664,0.1833,0.2270,-0.1433
9.5418,2.9890,0.6898,0.1663,0.2088,-0.1068
9.6567,2.9890,0.6514,0.0971,0.1906,-0.0765
9.4268,3.1039,0.5365,0.0352,0.1554,-0.0401
9.5418,2.8740,0.6898,0.0352,0.1311,-0.0449
9.3885,3.0273,0.8814,0.0401,0.0898,-0.0255
9.2735,2.8740,0.9580,0.0401,0.0583,-0.0121
9.5418,2.8357,0.9580,0.0012,0.0316,-0.0255
9.5801,2.7591,0.8814,-0.0583,0.0291,-0.0352
9.6184,2.7591,1.0346,-0.0996,0.0134,-0.0291
9.5801,2.7207,1.0346,-0.1008,0.0036,-0.0182
9.5801,2.7207,0.8430,-0.0838,0.0061,-0.0085
9.6567,2.6824,0.6898,-0.0559,0.0024,-0.0061
9.7717,2.7207,0.6898,-0.0109,-0.0097,-0.0049
9.6950,2.7974,0.7281,0.0304,-0.0146,-0.0049
9.8866,2.7974,0.7281,0.0328,-0.0291,0.0061
9.5801,2.7974,0.5748,0.0255,-0.0255,0.0073
9.7334,2.8357,0.6514,0.0182,-0.0194,0.0109
9.6567,2.8740,0.6131,0.0158,-0.0073,-0.0024
9.6184,2.7974,0.6131,0.0073,0.0012,-0.0024
9.6567,2.7591,0.6514,-0.0024,0.0097,-0.0121
9.6567,2.6824,0.5748,-0.0158,0.0219,-0.0255
9.6184,2.8357,0.5748,-0.0328,0.0376,-0.0340
9.6184,2.8357,0.7281,-0.0401,0.0425,-0.0340
9.6567,2.7974,0.6898,-0.0267,0.0389,-0.0304
9.8100,2.7974,0.5748,-0.0206,0.0364,-0.0170
9.6950,2.8357,0.6131,-0.0255,0.0352,-0.0158
9.5801,2.8357,0.7281,-0.0267,0.0316,-0.0158
9.5418,2.9123,0.7664,-0.0376,0.0376,-0.0243
9.7334,2.8357,0.7664,-0.0291,0.0304,-0.0194
9.6184,2.8740,0.8047,-0.0328,0.0304,-0.0231
9.4651,2.8357,0.7664,-0.0316,0.0425,-0.0291
9.5801,2.8357,0.6898,-0.0291,0.0340,-0.0243
9.5034,2.8740,0.8047,-0.0279,0.0267,-0.0158
9.6567,2.7974,0.7281,-0.0206,0.0340,-0.0146
9.5034,2.8740,0.7281,-0.0316,0.0364,-0.0158
9.6567,2.8740,0.7281,-0.0352,0.0279,-0.0219
9.5034,2.9890,0.9197,-0.0267,0.0158,-0.0134
9.5034,2.9507,0.7281,-0.0182,0.0000,-0.0012
9.6950,2.8357,0.7664,-0.0291,-0.0049,0.0073
9.6950,2.8740,0.7664,-0.0425,-0.0085,0.0085
9.5801,2.9123,0.8814,-0.0498,-0.0097,0.0146
9.6184,2.7974,0.7664,-0.0510,-0.0121,0.0182
9.7334,2.9123,0.5365,-0.0595,-0.0194,0.0219
9.6567,2.8357,0.6514,-0.0704,-0.0170,0.0194
9.6567,2.9123,0.6514,-0.0801,-0.0158,0.0182
9.6184,2.9507,0.5365,-0.0838,-0.0134,0.0158
9.6567,2.9507,0.5748,-0.0886,-0.0182,0.0194
9.6567,2.7974,0.7281,-0.1056,-0.0255,0.0255
9.6950,2.7974,0.5365,-0.1141,-0.0340,0.0291
9.6950,2.8357,0.5748,-0.1178,-0.0364,0.0328
9.6567,2.7974,0.5748,-0.1166,-0.0328,0.0304
9.5418,2.7591,0.4598,-0.1105,-0.0243,0.0231
9.6184,2.7207,0.6898,-0.0923,-0.0121,0.0182
9.7334,2.7974,0.6131,-0.0826,-0.0024,0.0109
9.6567,2.8740,0.7281,-0.0850,-0.0097,0.0134
9.6950,2.8357,0.6131,-0.0886,-0.0158,0.0158
9.6950,2.7591,0.5748,-0.0923,-0.0219,0.0219
9.5418,2.7207,0.4982,-0.0850,-0.0146,0.0182
9.6950,2.8357,0.4598,-0.0716,-0.0109,0.0182
9.6950,2.7974,0.4215,-0.0619,-0.0146,0.0121
9.6567,2.9123,0.6898,-0.0826,-0.0206,0.0170
9.6950,2.7974,0.6131,-0.1020,-0.0158,0.0194
9.6567,2.7974,0.5365,-0.1166,-0.0182,0.0158
9.6950,2.7591,0.4598,-0.0886,-0.0170,0.0182
9.6950,2.7591,0.4982,-0.0571,-0.0134,0.0182
9.6950,2.7974,0.4598,-0.0571,-0.0036,0.0146
9.6950,2.6824,0.5365,-0.0619,-0.0061,0.0158
9.6950,2.6824,0.4982,-0.0704,-0.0109,0.0158

