-.-.-
1.3795,-8.3538,-1.9160,0.0947,-0.9288,-0.4407
1.7244,-8.1622,-1.9543,0.0728,-0.9300,-0.4626
2.3375,-8.0856,-1.8011,0.0449,-0.9167,-0.4201
2.5675,-8.0473,-1.4179,0.0425,-0.8426,-0.3424
2.3375,-7.9706,-1.1496,0.0643,-0.7491,-0.2331
2.1843,-8.2005,-0.4982,0.0813,-0.7054,-0.1433
1.3795,-8.5071,-0.2682,0.1166,-0.7018,-0.0777
1.0730,-8.3155,-0.5748,0.1081,-0.7078,-0.0134
1.6095,-9.1202,-0.6514,0.0874,-0.6860,0.0583
2.4908,-9.6184,-0.6131,0.1190,-0.5670,0.0583
3.2572,-9.8483,-0.2682,0.1736,-0.4152,0.0109
3.2189,-9.6950,0.5365,0.2635,-0.2635,-0.0534
2.5675,-10.1166,1.8394,0.4784,-0.1603,-0.1445
1.8777,-10.4998,0.6514,0.5561,-0.0376,-0.2331
1.4945,-13.6804,-3.0273,0.1287,0.0522,-0.3946
3.4871,-14.7916,-3.1423,0.1275,-0.0619,-0.6314
4.1003,-12.9906,-5.1349,0.2999,0.4504,-0.8438
1.0730,-9.8866,-5.6331,0.0777,0.5536,-0.7661
-2.1076,-7.6257,-5.0966,0.2028,0.0000,-0.5646
-2.2609,-8.2005,-4.5601,0.2392,-0.3655,-0.3217
-0.0383,-9.6950,-4.1769,0.0680,-0.4213,-0.1481
2.3375,-9.8100,-4.2152,-0.0728,-0.2768,-0.0437
4.1769,-8.3155,-3.2572,-0.0073,0.0134,0.0656
4.2152,-7.2042,-2.7207,0.0073,0.3509,0.2392
2.3759,-7.0893,-2.2609,-0.0024,0.5354,0.3995
1.0730,-7.7024,-1.9543,0.0073,0.6144,0.4735
0.9580,-8.0473,-2.4525,-0.1117,0.7018,0.4638
1.5328,-7.5491,-2.4525,-0.2853,0.8013,0.4092
1.3795,-7.6257,-1.6861,-0.2963,0.8341,0.3958
0.8430,-8.2389,-1.2263,-0.2173,0.8548,0.4152
-0.0766,-8.6604,-1.1113,-0.1894,0.8815,0.3740
-0.3832,-8.5071,-1.0730,-0.1833,0.7989,0.2805
-0.3832,-8.5838,-0.6514,-0.1433,0.6836,0.1955
0.1916,-8.5071,-0.3832,-0.1056,0.5828,0.1238
0.9963,-9.0436,-0.3449,-0.0728,0.5901,0.0777
1.7244,-9.5034,-0.7281,-0.0971,0.6435,0.0364
1.6861,-9.5418,-0.4982,-0.1105,0.6459,-0.0134
1.3795,-9.9250,-0.2299,0.0279,0.5998,-0.0243
-0.2299,-9.9250,-0.1533,0.1930,0.4650,-0.0267
-0.8047,-10.2698,0.7664,0.2926,0.3205,0.0389
-0.6131,-10.1166,1.6861,0.3873,0.2113,0.1166
0.1150,-9.9633,0.8047,0.3715,0.0983,0.1178
-0.1916,-12.4924,-2.8740,-0.1408,-0.1251,0.2003
-0.3449,-14.3701,-2.4525,-0.1421,-0.3752,0.5379
-0.3449,-12.9139,-3.4105,0.2513,-0.6593,0.7953
1.4562,-10.5381,-4.8284,0.0571,-0.8645,0.6386
4.1003,-7.7407,-5.2116,-0.0996,-0.5233,0.4262
4.7134,-7.2809,-4.8667,-0.0546,0.0437,0.3132
2.6824,-8.2389,-4.2152,-0.1360,0.2793,0.1554
0.3449,-9.2735,-3.6787,-0.1676,0.2489,0.0097
-1.3412,-9.9250,-3.1423,0.0498,0.0534,-0.0680
-1.8777,-9.2352,-2.7974,0.1651,-0.3910,-0.1056
-1.0730,-8.6987,-2.4142,0.1056,-0.8293,-0.2173
0.0383,-7.8173,-2.2609,0.0546,-1.0029,-0.3752
0.6898,-7.4341,-2.4142,0.0643,-1.0357,-0.4310
0.9580,-7.4341,-2.3759,0.0413,-0.9822,-0.4359
0.6898,-7.5874,-2.4525,-0.0546,-0.9992,-0.4407
0.9580,-7.8173,-1.8394,-0.0935,-1.0599,-0.4832
1.4562,-8.0856,-1.7244,-0.0595,-1.1231,-0.4905
2.0310,-8.2389,-1.6478,-0.0219,-1.1122,-0.4371
2.3375,-8.2389,-1.6095,0.0656,-1.0575,-0.3557
2.4908,-8.2005,-1.3795,0.1348,-0.9531,-0.2720
2.2992,-8.6604,-0.8047,0.1578,-0.8487,-0.1967
1.8777,-8.5071,-0.3066,0.1676,-0.7855,-0.1117
1.9543,-8.7754,-0.5365,0.1639,-0.7273,-0.0510
2.2226,-9.6184,-0.5365,0.1603,-0.6156,-0.0340
2.7207,-10.0016,-0.6898,0.1372,-0.4432,-0.0571
3.2955,-10.0782,-0.1916,0.1773,-0.2513,-0.1081
2.8357,-10.0016,1.3029,0.3691,-0.1372,-0.1712
1.6095,-9.9633,1.5711,0.6690,-0.0049,-0.2198
1.8394,-12.1859,-1.5328,0.4286,0.1166,-0.2671
3.3339,-16.4777,-4.2152,-0.1178,-0.2149,-0.5415
4.7134,-14.4084,-5.4415,0.3035,0.2283,-0.9689
2.0693,-10.7680,-5.9396,0.1639,1.1316,-1.0090
-1.6095,-7.5108,-4.6751,0.1506,0.9070,-0.7370
-3.1423,-7.5491,-4.4835,0.2902,-0.0206,-0.5051
-1.3029,-9.1586,-4.9050,0.0546,-0.4225,-0.2793
0.9197,-9.6950,-4.6368,-0.2355,-0.3339,-0.1166
2.9890,-8.6221,-3.7171,-0.0923,-0.0704,0.0862
4.4452,-7.3958,-2.9890,0.0571,0.3193,0.2780
3.7171,-7.0126,-2.4908,-0.0243,0.5937,0.4007
2.0693,-7.6641,-1.9543,0.0036,0.6763,0.4808
0.6898,-7.7024,-1.8777,0.0219,0.6787,0.5099
0.2299,-7.4341,-2.1459,-0.0886,0.6811,0.4711
0.7664,-7.4725,-1.7627,-0.1724,0.7115,0.4347
0.8814,-7.8940,-1.2263,-0.1214,0.7406,0.4165
0.6131,-8.1622,-1.0730,-0.1348,0.7516,0.3485
0.3449,-8.2772,-1.1113,-0.1688,0.7491,0.2671
-0.1533,-8.3538,-0.8430,-0.1214,0.6775,0.1845
-0.4215,-8.6987,-0.5365,-0.0619,0.5913,0.1299
-0.1533,-8.9670,-0.6898,-0.0753,0.5027,0.0886
0.5748,-9.3118,-0.3449,-0.0777,0.4565,0.0340
1.0730,-9.5801,-0.3832,-0.0206,0.4650,-0.0194
1.0730,-10.1549,-0.1916,0.0886,0.4529,-0.0291
0.1150,-10.5381,-0.1150,0.2100,0.2780,0.0073
-1.0346,-10.1549,0.0766,0.2829,0.1433,0.0486
-0.9580,-10.1166,1.2646,0.4189,0.0947,0.0413
-0.0383,-10.3465,2.1459,0.5743,0.0231,0.0413
0.4982,-10.3465,0.8047,0.4322,-0.0983,0.0813
-0.2299,-13.0672,-2.9890,0.0097,-0.2853,0.2198
-0.7281,-14.9066,-2.5675,0.2052,-0.4662,0.4942
-0.9197,-13.1055,-3.9087,0.5670,-0.9337,0.8220
1.0346,-10.8830,-6.2079,0.2416,-1.1753,0.7115
4.7134,-8.2772,-5.7864,0.1336,-0.6751,0.5184
5.9396,-8.1239,-4.8284,0.1311,-0.0838,0.2817
2.9890,-8.4305,-3.9470,0.1166,0.0389,0.0838
-0.4215,-9.2352,-3.0273,0.1093,-0.1457,-0.0498
-2.6441,-9.6567,-2.7974,0.0801,-0.3825,-0.1542
-2.1843,-8.6604,-2.3375,0.0486,-0.7406,-0.2841
-0.8814,-7.8173,-1.8011,0.0328,-1.1000,-0.4529
0.6131,-7.1659,-1.8011,0.0595,-1.2287,-0.4966
1.0346,-7.1276,-1.9160,0.0389,-1.2651,-0.4772
0.8814,-7.4341,-1.9927,-0.0389,-1.3295,-0.4322
0.9580,-7.8940,-1.8394,-0.1068,-1.3489,-0.4140
1.4945,-8.0089,-1.4562,-0.0935,-1.3659,-0.4310
1.9160,-8.1622,-1.2646,-0.0911,-1.3465,-0.4019
2.5675,-8.3538,-0.9963,-0.0741,-1.2688,-0.3363
2.6824,-8.5838,-0.9963,-0.0049,-1.1109,-0.2465
2.2992,-8.8903,-1.0346,0.0498,-0.9495,-0.1736
1.6861,-8.8520,-0.4598,0.1081,-0.8305,-0.1032
1.4179,-8.6604,-0.1533,0.1615,-0.8013,-0.0486
1.6095,-8.8903,-0.3066,0.1651,-0.7564,-0.0304
1.7627,-9.7717,0.0000,0.1251,-0.6848,-0.0474
2.1843,-9.6567,0.4598,0.1421,-0.5257,-0.0449
2.9507,-9.6950,0.9963,0.2404,-0.2999,-0.0656
2.6824,-9.5418,1.3795,0.4080,-0.1930,-0.0959
2.6058,-10.6914,-0.5365,0.2647,-0.0206,-0.0692
2.1076,-15.2898,-5.4415,-0.4614,0.0425,-0.1991

