-.-.-
0.8047,-7.7407,-3.6787,0.0643,-0.0510,-0.3363
1.2646,-7.3958,-3.2572,0.0631,-0.0389,-0.2987
1.3795,-7.3575,-3.1039,0.0607,-0.0571,-0.2623
1.1113,-7.6641,-3.1039,0.0073,-0.0911,-0.2222
0.9197,-7.6641,-2.9123,-0.1020,-0.1068,-0.2270
1.0346,-7.9323,-2.8357,-0.1773,-0.0850,-0.2355
0.9963,-8.3538,-2.6441,-0.1773,-0.0680,-0.2173
0.6898,-8.7754,-2.4525,-0.1603,-0.1032,-0.1943
0.4982,-8.5838,-2.2609,-0.0680,-0.1396,-0.1020
0.4215,-8.4305,-1.8011,-0.0049,-0.2040,-0.0376
0.2682,-8.3921,-1.3029,0.0291,-0.3230,-0.0024
-0.4598,-8.7754,-1.1879,0.0461,-0.5087,0.0085
0.0000,-9.6184,-0.9963,0.0692,-0.5986,0.0206
0.2682,-9.8100,-1.6478,0.1833,-0.4869,0.0219
1.4945,-9.5034,-2.3759,0.1918,-0.2817,0.0134
2.8357,-9.7334,-0.7664,0.2950,-0.1627,0.0461
2.1459,-10.4998,0.1533,0.4347,-0.1748,0.0206
0.4215,-11.6111,-2.1459,0.2319,-0.1566,-0.0898
0.8430,-12.3775,-5.1349,-0.3339,-0.0352,-0.3217
2.9890,-12.4924,-5.4032,-0.1421,0.4857,-0.4407
3.1423,-11.9559,-4.7134,0.2950,0.6921,-0.3825
1.0346,-10.5381,-4.8284,0.4614,0.4262,-0.2210
-1.3795,-9.1202,-5.5564,0.5282,-0.1323,-0.1129
-3.3339,-7.7407,-6.2845,0.2805,-0.4857,-0.0425
-2.1076,-7.8940,-5.3648,0.0777,-0.4650,-0.0097
0.0000,-8.0856,-4.2919,0.0874,-0.3084,-0.0255
1.1879,-8.0856,-3.5638,0.1421,-0.1833,0.0000
2.0310,-8.3538,-3.4488,0.0461,-0.0619,0.1311
1.4945,-8.2005,-3.4871,0.0838,-0.0170,0.2708
0.8047,-7.3192,-3.2572,0.0753,0.0049,0.3266
0.0766,-6.8210,-2.9890,-0.0680,0.0255,0.3533
-0.2682,-6.8210,-2.7974,-0.1238,0.0498,0.3205
-0.3066,-6.7827,-2.6058,-0.0874,0.1530,0.2222
-0.3832,-7.2425,-2.7207,-0.0996,0.2598,0.1748
-0.4598,-7.7024,-2.6058,-0.1724,0.2793,0.1627
-0.6131,-8.0473,-2.2992,-0.1712,0.2416,0.1384
-0.4982,-8.5454,-1.9543,-0.1153,0.2258,0.0522
-0.2299,-8.5454,-1.6478,0.0073,0.2404,-0.0510
-0.2299,-8.5071,-1.3412,0.1129,0.2465,-0.1263
-0.2682,-8.7754,-1.2263,0.1639,0.2513,-0.1591
0.3449,-8.8520,-1.3412,0.1797,0.2720,-0.1481
0.5748,-9.1586,-1.6478,0.1603,0.2853,-0.1226
0.7281,-10.1549,-1.2646,0.1287,0.2963,-0.0716
0.4215,-10.9213,-1.2263,0.1858,0.2768,0.0340
-0.8430,-11.0363,-1.1496,0.2890,0.1833,0.1676
-0.9963,-11.3428,-0.1533,0.4517,0.2926,0.2841
-0.0383,-11.3428,-2.5291,0.2780,0.4262,0.3764
0.4215,-12.3775,-5.6331,-0.3485,0.2149,0.4832
-2.1843,-13.5654,-4.9816,-0.0996,-0.3315,0.6690
-2.5291,-12.0326,-5.9013,0.3897,-0.3120,0.6447
-1.6478,-9.1969,-6.3229,0.3727,0.0838,0.5172
0.4598,-7.0893,-6.2845,0.1566,0.6435,0.3387
2.7974,-7.2425,-5.4032,0.0036,0.5828,0.2440
2.5675,-8.8137,-4.5601,-0.1020,0.3217,0.1639
0.6131,-9.9250,-3.6787,0.0158,0.2586,0.0243
-1.2263,-9.5034,-3.5255,0.1141,0.2817,-0.2100
-0.9197,-8.4305,-3.3722,0.0522,0.2574,-0.4298
-0.3066,-7.2425,-2.8740,0.1093,0.2671,-0.4857
0.0766,-6.2462,-2.7207,0.0583,0.2647,-0.4395
0.4598,-6.5145,-2.1459,-0.0510,0.1833,-0.3096
0.4982,-6.2845,-2.2992,0.0097,0.0753,-0.1809
0.5748,-6.4378,-2.1843,0.0219,-0.0304,-0.0996
0.7281,-6.9360,-2.3375,-0.1251,-0.1323,-0.0692
1.0730,-8.0856,-2.3759,-0.2465,-0.1481,-0.0413
0.9963,-8.8520,-2.3759,-0.1943,-0.0874,0.0085
0.9963,-9.1586,-1.7627,-0.0474,-0.0510,0.0619
0.8814,-9.1586,-1.0346,0.1627,-0.1020,0.0668
-0.1916,-9.4268,-0.4215,0.2841,-0.2732,0.0777
-0.7664,-9.8100,-0.9963,0.4310,-0.4092,0.1093
0.1916,-10.1932,-1.2646,0.4820,-0.3533,0.1032
1.8011,-9.3502,-2.4908,0.3497,-0.0741,0.0716
3.7554,-9.3885,-0.9963,0.2950,0.1117,-0.0158
2.5291,-9.8483,0.3832,0.2756,0.0631,-0.0765
0.9963,-11.9176,-1.8394,0.0061,0.0449,-0.1930
1.4562,-12.7607,-6.2462,-0.4796,0.2453,-0.3412
3.1039,-13.2588,-6.2845,-0.1700,0.7297,-0.4480
1.8777,-11.6877,-5.7097,0.3120,0.8730,-0.3679
-0.4215,-9.3502,-5.7097,0.5184,0.5609,-0.2708
-3.6021,-8.8903,-5.5564,0.2708,-0.0522,-0.2052
-3.8320,-9.0436,-5.9780,0.0546,-0.1821,-0.1251
-0.9580,-9.0436,-5.0200,0.1384,-0.0534,-0.1348
1.2263,-9.0436,-3.1423,0.1578,0.0668,-0.0534
2.7207,-9.0819,-3.4488,0.0923,0.1238,0.1566
2.3375,-8.8137,-3.1039,0.2453,0.1566,0.3533
0.9197,-7.9323,-2.5675,0.2768,0.2270,0.3837
0.0000,-6.5911,-2.6441,0.2355,0.2963,0.3606
-0.4598,-5.9396,-2.4525,0.1518,0.3035,0.3145
-0.2682,-5.6331,-2.2992,0.1348,0.3424,0.2355
-0.0383,-6.0163,-2.3375,0.0437,0.4152,0.1639
-0.4215,-6.9360,-2.5291,-0.1153,0.4092,0.1141
-0.7281,-7.7790,-2.2609,-0.2113,0.3472,0.0850
-0.4598,-8.4305,-1.9160,-0.0935,0.3108,-0.0036
-0.1150,-8.3155,-1.4945,0.0692,0.3205,-0.1336
-0.0383,-8.2005,-1.1879,0.1882,0.3290,-0.2234
0.0383,-8.7754,-1.1879,0.2234,0.3145,-0.2295
0.5748,-9.1586,-1.1496,0.1918,0.3278,-0.1991
1.1113,-9.6567,-0.9963,0.1566,0.3533,-0.1591
1.1113,-9.9633,-1.1879,0.1251,0.3533,-0.1020
0.0383,-10.2315,-1.5328,0.1214,0.2283,0.0049
-0.6131,-10.9213,-0.1150,0.1627,0.2538,0.1166
0.5748,-11.3811,0.7664,0.2222,0.5063,0.1930
1.5711,-11.8027,-1.8011,0.0000,0.5767,0.3254
1.5711,-12.9139,-5.9013,-0.5427,0.3217,0.5051
-2.8357,-13.7187,-4.2919,-0.0826,-0.1651,0.7528
-4.4835,-11.3428,-6.4378,0.4007,-0.3254,0.7953
-2.8740,-8.6221,-6.8977,0.1833,0.0097,0.6763
0.4215,-7.8940,-6.0929,-0.0935,0.5439,0.4504
3.6021,-9.1969,-5.7480,-0.2926,0.5075,0.3035
3.2572,-10.4998,-4.4452,-0.1263,0.2950,0.2076
0.6131,-10.3848,-4.2152,0.1736,0.3169,0.0522
-1.2263,-9.2735,-3.2189,0.3047,0.3266,-0.2319
-1.6095,-7.7407,-3.1806,0.1773,0.2635,-0.5063
-0.8047,-6.6294,-2.9123,0.1530,0.2610,-0.5913
0.0383,-6.5145,-2.8357,0.0024,0.2355,-0.5233
0.2682,-6.2845,-2.2226,-0.1299,0.0886,-0.3812
0.3832,-6.0546,-2.1459,-0.0376,-0.0765,-0.2477
0.3832,-6.0929,-2.1843,-0.0425,-0.2003,-0.1748
0.8814,-7.0126,-2.2992,-0.1773,-0.2501,-0.1457
1.3412,-7.7024,-2.2992,-0.3181,-0.2586,-0.1408
1.2646,-8.6987,-2.1076,-0.3072,-0.2258,-0.0631
0.9963,-8.8903,-1.8394,-0.1761,-0.1955,0.0279
1.0730,-8.9286,-1.3029,0.0267,-0.2076,0.0777
0.7664,-8.8903,-1.0346,0.1651,-0.2683,0.0935
0.2682,-9.5801,-0.4215,0.2125,-0.3521,0.0996
0.5748,-10.1932,-0.7664,0.2343,-0.3412,0.0947
0.9580,-9.9633,-2.1843,0.2963,-0.1129,0.0813
2.7207,-9.1586,-2.5291,0.2076,0.2380,0.0765
3.5638,-9.8100,0.3832,0.2477,0.2720,0.0219

