-.-.-
1.0730,-10.1932,-1.6861,0.0607,0.3849,-0.1275
0.0000,-10.3082,-1.8011,0.1761,0.3302,-0.2525
-2.1459,-10.1166,-4.9433,0.1044,0.1445,-0.2222
-0.3066,-11.6877,-2.5675,0.1639,0.2756,-0.0959
-1.0346,-12.0709,-1.6478,0.0826,0.1008,-0.0789
0.0000,-12.6457,-0.0766,0.0364,0.1336,-0.0012
0.7281,-12.0709,0.1150,0.0789,0.1117,0.0206
-0.0383,-12.0326,-4.3685,-0.1493,-0.0206,0.2623
-1.2263,-15.7880,-1.0346,-0.2003,0.0886,0.3764
-2.4142,-10.8063,-2.8357,0.2538,-0.2732,0.1894
-3.7554,-8.8903,-7.4341,0.2416,-0.7491,-0.0134
-1.8777,-10.1932,-7.2809,-0.0801,-0.4735,0.2319
2.9507,-7.9323,-5.8247,-0.1166,-0.1481,0.4857
3.6787,-7.3958,-7.7407,-0.1226,-0.1396,0.5294
2.8357,-11.4578,-4.2536,-0.1299,-0.0619,0.4432
-0.0766,-10.4614,-4.6368,0.1299,-0.1542,0.0085
-1.9160,-9.5034,-4.4835,-0.0255,-0.3193,-0.2829
-2.1076,-9.0436,-3.7171,-0.1081,-0.2659,-0.4893
-1.4179,-8.6987,-3.7554,-0.2258,-0.3485,-0.6034
0.8047,-8.2005,-3.4871,-0.1141,-0.3982,-0.5536
1.6095,-7.3575,-3.3339,-0.2258,-0.4759,-0.5197
1.5328,-8.3538,-3.0656,-0.1821,-0.5148,-0.5063
0.8814,-8.1239,-3.0273,-0.2003,-0.5367,-0.5063
0.8814,-7.8557,-2.9890,-0.2198,-0.4687,-0.5051
1.3029,-7.8173,-2.4142,-0.3169,-0.4201,-0.4104
0.9197,-8.3155,-2.7207,-0.3278,-0.4055,-0.2623
0.9197,-8.6987,-2.5675,-0.3060,-0.3970,-0.0971
1.2646,-8.7754,-2.3375,-0.2623,-0.3825,0.0024
1.4945,-9.3502,-2.2609,-0.2015,-0.3254,0.0474
0.9963,-10.8063,-1.9160,-0.0911,-0.3387,0.0607
1.3412,-10.8063,-2.2226,0.0838,-0.3715,0.0668
1.6861,-10.5764,-5.5181,-0.1117,-0.3060,0.0498
0.4215,-12.5307,-3.0273,0.1603,-0.2914,0.0704
2.8740,-11.9559,-2.7207,0.0777,-0.1141,0.0279
3.4488,-12.8756,-0.9963,0.0000,-0.1323,-0.1384
1.3029,-12.1475,-0.6131,0.0753,-0.1918,-0.1882
-2.7974,-12.3008,-5.0200,-0.3740,-0.1372,-0.3084
1.8394,-15.4431,-0.7281,0.2052,-0.0097,-0.4626
3.7554,-9.9250,-3.3339,0.2683,-0.0255,-0.5039
2.8740,-7.3192,-7.9323,0.0449,0.1578,-0.2926
0.7281,-9.5034,-7.2042,-0.1008,0.2562,-0.1809
-2.7207,-9.6184,-7.0126,-0.0874,0.0109,-0.3934
-4.2152,-9.0436,-5.4798,-0.2647,-0.0728,-0.4844
-2.4525,-10.1166,-3.9087,-0.3448,0.0000,-0.3740
1.4179,-10.7680,-4.4452,-0.1008,-0.0206,-0.0279
3.1806,-10.2698,-4.8284,0.0097,0.1481,0.3460
2.8357,-8.9286,-4.3302,0.1348,0.3315,0.6131
1.6478,-7.5874,-3.7554,0.1821,0.4043,0.7151
0.4598,-7.1659,-3.5255,0.1408,0.4589,0.5646
-0.6131,-7.6257,-2.9890,0.0741,0.5415,0.4371
-0.3832,-7.5491,-2.7207,-0.0704,0.6459,0.3934
-0.0383,-7.8940,-2.6058,-0.1603,0.6496,0.3970
-0.3066,-8.5071,-2.3375,-0.1105,0.5233,0.3412
-0.3832,-8.7754,-2.2992,-0.0668,0.3849,0.2574
0.0000,-8.6987,-2.1076,-0.0898,0.3302,0.1651
0.4982,-8.3155,-2.0310,-0.1591,0.3242,0.0862
0.4598,-8.4688,-2.0310,-0.1336,0.3497,0.0340
1.0346,-9.2352,-1.9927,0.0134,0.3812,-0.0595
1.5328,-9.9633,-2.0693,0.1372,0.4626,-0.1639
-0.9963,-10.0016,-4.1386,0.2100,0.2574,-0.3642
-0.4598,-12.2242,-4.1769,-0.0146,0.3873,-0.1809
-1.1113,-11.4195,-2.6441,0.1894,0.2368,-0.2890
-1.4945,-13.1822,0.0766,0.0109,0.1591,-0.0219
0.2299,-12.6457,0.2299,0.0643,0.1093,0.1056
-0.0383,-11.7643,-2.6058,0.0255,-0.0801,0.1700
-0.2299,-15.9413,-1.2646,-0.5282,0.1166,0.4565
-1.6478,-12.5307,-2.4525,0.2768,-0.1530,0.4043
-3.0273,-8.7754,-4.8667,0.3642,-0.6581,0.0801
-3.1806,-9.5801,-8.5071,-0.0219,-0.7370,0.1457
0.9963,-8.6987,-6.2845,-0.1214,-0.2695,0.5294
3.6787,-7.2425,-7.5874,-0.2975,-0.1287,0.7443
3.8320,-10.8446,-5.3648,-0.3242,-0.0996,0.7370
1.4562,-10.7680,-4.4835,0.0911,-0.1396,0.3193
-1.5328,-10.0016,-4.7134,0.0304,-0.3181,-0.1166
-2.3759,-9.3885,-3.4871,-0.1530,-0.2538,-0.4092
-2.1076,-8.7754,-3.5638,-0.2671,-0.3169,-0.5840
-0.4598,-8.0473,-3.3339,-0.2489,-0.4395,-0.5294
1.2263,-7.2042,-3.6404,-0.2283,-0.5925,-0.4128
2.1076,-7.8557,-3.2572,-0.2210,-0.5864,-0.3849
1.8777,-8.3538,-2.9890,-0.1833,-0.5209,-0.4468
1.3029,-8.2772,-2.4908,-0.2489,-0.4759,-0.4553
1.1879,-8.0856,-2.2992,-0.2489,-0.4262,-0.4080
0.7664,-8.1239,-2.4142,-0.2841,-0.3752,-0.2659
0.8047,-8.4305,-1.9927,-0.2489,-0.3169,-0.0911
1.0346,-8.9286,-1.8777,-0.1591,-0.2768,0.0304
1.1113,-9.5034,-1.9160,-0.0219,-0.2343,0.0923
1.3795,-9.6567,-2.2609,0.1117,-0.1554,0.0874
2.3759,-9.8100,-5.2499,-0.0862,-0.0571,0.0826
0.4982,-12.2625,-3.2572,-0.0559,0.0316,0.0789
1.9160,-11.6877,-3.9470,0.0219,0.1408,0.0947
3.5255,-12.9906,-1.8394,-0.2125,0.2258,-0.0983
1.8011,-12.2625,-0.3066,-0.0546,0.1700,-0.2198
-0.3066,-12.5307,-3.9853,-0.2088,0.2198,-0.2501
0.0766,-17.5124,-0.4982,-0.2635,0.1591,-0.3230
2.2992,-13.0289,-4.5601,0.2477,0.0668,-0.3861
3.3339,-9.3118,-7.0126,0.3958,0.3011,-0.1493
1.9543,-8.7370,-7.6257,0.1311,0.4468,-0.0085
-1.8394,-8.3538,-7.2809,0.0219,0.1955,-0.1724
-4.5601,-6.9360,-6.0163,-0.1251,0.0923,-0.2926
-3.2955,-9.1969,-4.4068,-0.4371,0.1287,-0.1554
0.5748,-10.4614,-4.1386,-0.2428,0.0777,0.1202
2.6058,-10.4998,-4.7900,-0.0692,0.1736,0.4747
2.0693,-9.0436,-4.7134,0.0874,0.3096,0.7758
1.0730,-7.9706,-3.7937,0.0437,0.3472,0.8633
0.0383,-7.5491,-3.2572,0.0486,0.3351,0.7163
-0.9580,-7.4725,-3.0273,-0.0267,0.3946,0.5439
-0.9580,-7.6641,-2.8357,-0.1615,0.4638,0.4517
-0.8814,-7.8940,-2.5291,-0.2125,0.4092,0.4201
-0.6131,-7.8173,-2.2226,-0.1421,0.2574,0.4116
-0.2682,-8.7370,-1.6861,-0.2040,0.1833,0.3302
-0.0766,-9.0819,-1.9160,-0.1493,0.1930,0.1943
0.1916,-8.9670,-1.9543,-0.1457,0.2246,0.0534
0.6898,-9.1586,-1.9927,-0.0874,0.2708,-0.0461
0.1150,-9.8483,-2.5675,0.2100,0.3533,-0.1263
0.0000,-10.5764,-3.1806,0.0340,0.3327,-0.2003
-1.1879,-10.6914,-3.2572,0.1615,0.2683,-0.2683
-1.9927,-12.5691,-3.5638,-0.2113,0.1809,-0.0996
-1.9160,-13.9486,-3.4105,-0.2817,0.0474,0.1275
-2.4142,-13.7953,-2.7974,-0.4067,-0.0777,0.2040
-2.7207,-14.7150,-3.4105,-0.3776,-0.2708,0.2538
-1.3412,-13.6420,-2.7974,-0.0085,-0.3922,0.1918
0.0000,-10.1549,-3.5255,0.1663,-0.4759,-0.1093
1.1496,-7.8557,-6.5145,0.1591,-0.1627,-0.3497
1.5328,-5.4798,-7.1276,-0.1323,0.1870,-0.3193
0.1150,-7.2425,-8.3155,-0.2088,0.2865,0.0935
0.8814,-11.0363,-5.0583,-0.4213,0.2015,0.4213
-0.1916,-11.9559,-4.3685,0.0813,-0.2100,0.2331
-1.4562,-10.1549,-6.1313,0.2331,-0.5063,-0.1117

