-.-.-
0.7664,-9.3885,-2.3375,0.1955,0.1603,-0.2161
1.3412,-9.0436,-2.5291,0.1214,0.1311,-0.2234
1.6478,-8.6221,-2.4908,0.1093,0.1190,-0.2064
1.7627,-8.6221,-2.3759,0.0656,0.1032,-0.1688
1.6095,-8.3155,-2.4908,-0.0121,0.0692,-0.1506
1.5328,-8.6987,-2.1459,-0.0886,0.0340,-0.1263
1.5328,-8.8137,-2.1459,-0.0886,0.0158,-0.0898
1.5328,-8.8903,-1.9543,-0.0474,-0.0170,-0.0461
1.1879,-8.8903,-1.5711,-0.0012,-0.0316,-0.0134
1.1113,-8.9670,-1.3412,0.0121,-0.0692,0.0291
0.9197,-9.3502,-1.0346,0.0243,-0.1433,0.0753
0.6131,-9.7717,-1.1496,0.0158,-0.2635,0.1275
0.2682,-9.4651,-0.9963,0.0656,-0.3618,0.1469
0.1150,-9.1969,-0.6898,0.1238,-0.4504,0.1384
0.0000,-9.2735,-0.3449,0.2003,-0.4893,0.1700
0.0383,-9.3118,-0.1916,0.2246,-0.5379,0.1821
0.0000,-9.7334,0.0000,0.2841,-0.6411,0.2198
-0.3832,-9.2352,-0.5365,0.4116,-0.7783,0.2513
-0.4598,-9.4268,-2.2992,0.3703,-0.8378,0.2708
0.0000,-11.3811,-3.1039,0.1481,-0.8293,0.2283
0.1533,-13.6804,-2.3375,0.1299,-0.7710,0.0947
0.2299,-11.1129,-3.9853,0.2465,-0.5439,-0.0983
2.2609,-7.5874,-3.2572,0.2307,-0.6168,-0.2562
2.7207,-6.4761,-3.0273,-0.1129,-0.6216,-0.3023
2.1076,-9.1202,-3.7554,-0.4893,-0.5609,-0.2161
0.9197,-11.2662,-3.7554,-0.6034,-0.4201,-0.0668
-0.4598,-11.9943,-3.1039,-0.3169,-0.3545,0.0474
-0.9963,-10.8446,-2.7974,0.0728,-0.2610,0.0461
0.0766,-9.0053,-2.2609,0.1226,-0.2076,0.0097
0.3449,-8.2389,-2.1843,-0.0522,-0.2586,0.0401
0.0000,-8.5454,-1.8777,-0.1724,-0.2938,0.0716
0.0000,-8.4688,-1.8011,-0.1821,-0.2550,0.0741
0.0000,-8.4688,-1.6095,-0.1797,-0.1251,0.0716
0.0000,-8.2005,-1.3029,-0.1809,-0.0437,0.0534
-0.3449,-8.0473,-0.9197,-0.1870,0.0243,0.0231
-0.3449,-8.2389,-0.9197,-0.2003,0.1081,-0.0146
-0.2299,-8.3921,-0.7664,-0.2125,0.2064,-0.0486
-0.0766,-8.3538,-0.3449,-0.1578,0.2368,-0.0813
-0.5365,-8.3155,-0.4982,-0.1226,0.2392,-0.1020
-1.1113,-8.9670,-0.1150,-0.0571,0.2538,-0.0947
-1.3412,-9.6950,-0.1916,0.0983,0.1833,-0.1032
-1.1496,-9.7717,-0.6514,0.3509,0.1178,-0.0947
-1.5328,-9.6567,-1.6478,0.4419,0.0728,-0.0206
-1.5711,-10.3465,-1.4562,0.4820,0.0923,0.1214
0.6514,-11.1895,-2.2609,0.6326,0.3084,0.2513
0.1533,-10.9596,-6.9743,0.2793,0.1651,0.3424
0.9963,-14.7150,-5.9780,-0.0631,0.3825,0.4237
2.9123,-14.1019,-5.7864,0.2295,0.6107,0.2501
3.1039,-10.8063,-5.2882,0.5379,0.7528,0.0874
2.2226,-8.0856,-3.9087,0.5804,0.8511,0.0595
0.6131,-7.8173,-3.0273,0.2392,0.7078,0.0437
-0.3832,-9.5034,-2.7974,-0.1323,0.3788,-0.0862
-0.3449,-9.9250,-2.9890,-0.1554,0.0862,-0.2647
0.8047,-9.3502,-3.1423,0.0583,-0.0668,-0.3375
2.0310,-8.8137,-2.4908,0.2368,-0.0862,-0.3424
2.7207,-7.9323,-2.4142,0.3254,-0.0619,-0.3727
2.4908,-7.2809,-2.1076,0.2453,-0.0631,-0.3776
1.9543,-7.2809,-1.9927,0.1153,-0.0716,-0.3363
1.4179,-7.4341,-2.5291,0.0024,-0.0692,-0.2865
1.1879,-7.7407,-2.2992,-0.0874,-0.0692,-0.2198
1.4562,-8.7370,-2.1459,-0.1554,-0.0522,-0.1712
1.7244,-9.2352,-2.0693,-0.1105,-0.0862,-0.1360
1.6478,-9.3502,-1.9927,-0.0364,-0.1530,-0.0911
1.3029,-9.4268,-1.4945,0.0316,-0.2064,-0.0328
0.8047,-9.4651,-1.2263,0.1020,-0.3084,-0.0012
0.7664,-9.4268,-0.9197,0.1372,-0.4104,0.0024
1.1496,-9.3118,-0.8814,0.1627,-0.4929,0.0109
1.3029,-9.1969,-0.6514,0.1591,-0.5609,0.0559
1.4179,-9.1202,-0.7281,0.1493,-0.5901,0.0971
1.2646,-9.2735,-0.5365,0.1481,-0.6386,0.1129
1.0730,-9.6184,-0.2682,0.2015,-0.7042,0.1226
0.6514,-9.6567,0.1150,0.2732,-0.7734,0.1238
0.8430,-9.3118,0.0383,0.3995,-0.7333,0.1712
1.8011,-9.4268,-0.4598,0.4298,-0.6714,0.1748
2.5291,-10.0016,-2.1076,0.2902,-0.5767,0.1396
3.0656,-11.3428,-4.1003,-0.0923,-0.3970,0.0728
2.9507,-12.9523,-5.1732,-0.4310,-0.1263,-0.1433
-1.1496,-12.1092,-3.5255,0.1833,-0.0959,-0.2598
-3.9853,-8.6987,-3.6404,0.7734,-0.4383,-0.1603
-2.8740,-8.1239,-3.2572,0.6969,-0.7953,-0.1263
0.4215,-9.6184,-3.4871,0.2720,-0.9033,-0.1785
3.1039,-10.3465,-3.1423,0.0437,-0.6362,-0.1603
2.8357,-10.1549,-2.4142,0.0874,-0.2307,-0.0449
0.6514,-9.4268,-2.2992,0.2708,0.0546,0.0619
-0.4598,-8.8903,-2.1076,0.3788,0.1360,0.1153
-0.8814,-8.7370,-2.2609,0.3120,0.1105,0.1372
-0.3832,-8.6221,-2.3375,0.2222,0.0886,0.1493
-0.1533,-8.3155,-2.2609,0.1809,0.1178,0.1663
0.0000,-8.2389,-2.0310,0.1627,0.1469,0.1967
-0.2299,-8.1622,-1.9160,0.0983,0.1700,0.2040
-0.3832,-8.1622,-2.1076,0.0474,0.1870,0.1858
-0.2682,-8.2389,-2.2609,-0.0134,0.2100,0.1457
-0.4982,-8.8137,-2.0310,-0.0716,0.2113,0.1020
-0.6898,-9.1969,-1.8011,-0.0631,0.1724,0.0704
-0.5748,-9.3885,-1.6095,-0.0316,0.1542,0.0316
-0.3066,-9.5034,-1.4179,0.0073,0.1299,0.0012
0.0000,-9.3118,-1.0346,0.0474,0.1469,-0.0486
0.0383,-8.9670,-1.1113,0.0668,0.1615,-0.0959
-0.0383,-8.8903,-0.8814,0.0498,0.1578,-0.1238
-0.1150,-9.1586,-0.6131,0.0073,0.1663,-0.1433
0.1533,-9.2735,-0.4982,-0.0316,0.1991,-0.1809
0.4598,-9.4651,-0.4982,-0.0692,0.2355,-0.2064
0.7664,-9.7334,-0.5365,-0.0959,0.3035,-0.2052
0.8047,-9.8483,-0.6131,-0.1141,0.3910,-0.1906
0.6514,-9.8866,-0.1916,-0.0947,0.4796,-0.1821
0.9963,-9.7334,0.0000,-0.0607,0.5974,-0.1566
1.4945,-9.6567,-0.4598,-0.0510,0.7467,-0.1226
0.8430,-9.9250,-1.8011,-0.1676,0.8523,-0.0583
0.2299,-12.1092,-2.1843,-0.2671,0.9640,0.0267
0.0766,-13.0672,-2.3375,-0.0498,1.0842,0.0631
0.9580,-11.6494,-2.8740,0.3266,1.1474,0.1081
1.4562,-8.6221,-3.7937,0.5864,1.3805,0.1445
1.0346,-7.5491,-4.0620,0.3897,1.4545,0.2513
-0.1150,-8.7754,-3.1039,0.0182,1.2821,0.2829
-1.0346,-10.3465,-2.6441,-0.1639,1.0381,0.1967
-1.1879,-11.0746,-2.3375,-0.0741,0.8050,0.0668
-0.8430,-10.3465,-2.1843,0.1238,0.6119,-0.0304
-0.4982,-9.7334,-1.8777,0.2428,0.4067,-0.1008
0.0383,-9.1969,-1.8777,0.2210,0.2173,-0.1506
0.5365,-8.8137,-1.8394,0.2064,0.0631,-0.1773
0.9580,-8.3921,-2.0310,0.2125,-0.0680,-0.1809
1.2646,-7.8940,-2.1843,0.1651,-0.1384,-0.1493
1.7244,-8.1239,-2.3759,0.0935,-0.1518,-0.1190
2.0310,-8.2389,-2.3375,0.0061,-0.1008,-0.1263
2.3375,-8.3155,-2.2992,-0.0449,-0.0243,-0.1396
2.4525,-8.6987,-2.2609,-0.1117,0.0911,-0.1226
2.1459,-9.1586,-1.8394,-0.1651,0.1639,-0.0862
1.6478,-9.6950,-1.6095,-0.1797,0.1384,-0.0364

