-.-.-
-0.3066,-9.3885,-2.4525,-0.5075,-0.0510,0.0801
-0.3449,-9.4651,-2.4908,-0.4954,-0.0437,0.0753
-0.3066,-9.3885,-2.6058,-0.4881,-0.0291,0.0765
-0.4598,-9.1969,-2.7207,-0.5002,-0.0304,0.0874
-0.2682,-9.3118,-2.7974,-0.5051,-0.0194,0.0838
-0.3066,-9.3118,-2.6824,-0.4747,0.0121,0.0704
-0.2682,-9.3885,-2.7207,-0.4784,0.0085,0.0571
-0.3066,-9.4651,-3.0656,-0.5136,0.0073,0.0437
-0.5748,-9.5418,-3.0656,-0.5063,0.0194,0.0328
-0.6514,-9.4268,-2.9123,-0.4541,0.0291,0.0267
-0.5365,-9.4268,-2.8740,-0.4371,-0.0061,0.0291
-0.6898,-9.3885,-3.4871,-0.4966,-0.0449,0.0656
-0.3066,-9.4268,-3.4871,-0.5136,-0.0437,0.0765
-0.3832,-9.1202,-3.3339,-0.4966,-0.0352,0.0559
-0.3066,-9.0819,-3.3722,-0.4832,-0.0340,0.0559
-0.6131,-9.1969,-3.5638,-0.5464,-0.0328,0.0741
-0.4215,-9.2735,-3.3722,-0.5961,-0.0304,0.0838
-0.4598,-9.2352,-3.7171,-0.5512,-0.0219,0.0704
-0.2299,-9.0053,-3.7171,-0.5245,0.0134,0.0571
-0.3449,-8.8137,-3.9087,-0.5706,0.0376,0.0753
-0.6131,-8.7754,-3.9853,-0.6362,0.0182,0.0947
-0.6131,-9.0053,-3.8704,-0.6411,0.0243,0.1044
-0.5365,-8.8137,-4.2536,-0.5840,0.0534,0.0777
-0.6514,-8.7754,-4.5601,-0.5949,0.0668,0.0668
-0.7664,-8.9286,-4.3302,-0.6471,0.0728,0.0898
-0.7664,-8.9286,-4.6368,-0.6751,0.0607,0.1202
-0.7664,-8.9286,-4.7900,-0.6471,0.0461,0.1226
-0.7664,-8.6604,-5.0200,-0.6544,0.0231,0.1238
-0.7281,-8.5454,-4.9050,-0.7273,0.0182,0.1396
-0.8047,-8.6604,-5.1732,-0.8025,0.0036,0.1591
-0.9197,-8.6987,-5.0966,-0.8280,-0.0267,0.1712
-0.8047,-8.7370,-5.2499,-0.8244,-0.0364,0.1845
-0.7281,-8.6221,-5.7480,-0.8535,-0.0328,0.1724
-0.7281,-8.5071,-5.5948,-0.8875,-0.0255,0.1712
-0.8430,-8.3538,-5.7864,-0.8997,-0.0279,0.1797
-1.0346,-8.3538,-6.0929,-0.9167,-0.0352,0.1882
-1.0346,-8.3155,-5.8630,-0.9276,-0.0170,0.1967
-0.9580,-8.4688,-6.2462,-0.9397,0.0000,0.2015
-0.9197,-8.1239,-6.0546,-0.9349,0.0024,0.2003
-0.8430,-7.9323,-6.2079,-0.9142,0.0364,0.1918
-0.7664,-7.7407,-6.2079,-0.9227,0.0692,0.1821
-1.1496,-7.8557,-6.2845,-0.9640,0.0753,0.1930
-1.2263,-7.4341,-6.5145,-0.9701,0.0947,0.2246
-1.0730,-7.2042,-6.4761,-0.9689,0.1421,0.2355
-0.7664,-7.3192,-6.8210,-1.0539,0.1858,0.2404
-0.7664,-7.4341,-6.9743,-1.0806,0.2222,0.2453
-1.1113,-7.3192,-6.8210,-1.0721,0.2392,0.2550
-1.2646,-7.2425,-7.0509,-1.0842,0.2392,0.2841
-0.9197,-7.2809,-6.9743,-1.0818,0.2793,0.2865
-0.7664,-7.2425,-7.0893,-1.0867,0.3339,0.2793
-0.7664,-7.3192,-7.0126,-1.0624,0.3934,0.2659
-0.8047,-7.2042,-7.0509,-1.0454,0.4347,0.2635
-1.1496,-7.3575,-6.8593,-1.0296,0.4480,0.2732
-1.3412,-7.3575,-6.8210,-0.9725,0.4674,0.2938
-1.4179,-7.3192,-7.0509,-0.8936,0.4796,0.2999
-1.4945,-7.0509,-6.8593,-0.8790,0.4735,0.3132
-1.6095,-7.0126,-6.8977,-0.8948,0.4504,0.3533
-1.8011,-6.9743,-6.8977,-0.8645,0.4383,0.3922
-2.2992,-6.7061,-6.7827,-0.8220,0.4541,0.4249
-2.2992,-6.9360,-6.6677,-0.8426,0.4565,0.4504
-2.0693,-7.3575,-6.3229,-0.7686,0.4723,0.4808
-1.8777,-7.1659,-6.0163,-0.6751,0.6180,0.5439
-1.6095,-7.1276,-5.9396,-0.6253,0.7892,0.5852
-1.4179,-7.0893,-5.4798,-0.5197,1.0332,0.5294
-1.3029,-6.8977,-4.9433,-0.4213,1.4351,0.4517
-0.9197,-6.7444,-3.9087,-0.5075,1.8989,0.2853
-0.8047,-5.2882,-3.4871,-0.5949,2.3421,-0.0012
-0.8047,-3.3722,-2.7591,-0.8365,2.6480,-0.2416
-0.5748,-0.1916,-0.9963,-1.6342,2.8739,-0.3278
0.2299,1.8777,-1.8011,-3.3085,3.2333,-0.2768
-1.7244,-3.1806,-0.6131,-3.4409,3.2794,-0.5160
-1.9927,-2.5291,3.5638,-1.3635,2.5886,-0.6204
1.2646,1.5711,2.6441,-0.5209,2.5679,-0.5524
4.7517,1.8777,-1.9927,-0.0461,3.1677,-0.6022
8.9286,2.0693,-8.3921,0.7018,4.3296,-0.6921
10.7680,4.6368,-12.8373,1.4108,5.1662,-0.2355
12.0709,2.9890,-18.7386,1.6245,5.4515,0.5464
36.4043,9.6184,-25.9429,-2.6323,3.1349,-1.0090
16.5927,11.8410,-36.9025,-2.9164,1.7884,-2.9079
34.7565,0.5365,-42.1523,-5.1176,2.5181,-2.6893
20.9612,-1.3029,-16.0179,-4.0164,2.2449,-3.2745
2.6824,-9.2735,-3.2572,-2.0968,1.5152,-1.6901
4.0620,-6.9743,6.4761,1.1510,-1.1801,0.4638
2.1076,4.4835,-6.0163,2.5849,-3.7954,1.0976
1.6095,6.7827,-9.6184,-0.4189,-3.0900,1.2311
10.2698,6.3612,-8.6221,-1.1765,-2.8702,1.2263
10.3848,3.9470,-6.3995,-1.1546,-2.4477,1.0175
8.9286,1.4945,-3.7937,-0.5269,-1.5468,0.7467
6.0163,4.1386,-4.3302,-0.7406,-1.3222,0.1445
4.6751,5.7480,-5.6714,-0.5451,-1.3003,-0.0279
7.0126,2.3759,-6.0163,-0.3946,-0.7321,0.2513
9.3885,2.4908,-7.0893,-0.4662,-0.4978,0.0158
2.8740,3.4488,-5.2882,-0.5051,-0.4104,-0.2173
7.7790,2.1076,-8.8903,-0.3072,-0.9349,0.0425
7.2809,2.3759,-10.8830,-0.3752,-1.0745,-0.1117
6.5528,3.1806,-13.1055,-0.1153,-0.9070,-0.2222
6.0546,0.8814,-12.3391,0.0243,-0.7758,-0.0668
6.2079,0.5748,-12.6457,0.0291,-0.4383,-0.0559
4.4068,0.4598,-11.0363,0.0777,-0.3727,0.0182
4.4452,1.2646,-10.5764,0.3120,-0.4249,0.1238
4.1769,1.4945,-9.2352,0.3557,-0.4140,0.1676
4.0236,1.0346,-9.1969,0.2538,-0.4298,0.1433
4.1386,1.1113,-9.9250,0.0789,-0.4310,0.1287
3.6787,0.4982,-9.9633,0.0061,-0.3072,0.1129
3.4105,0.4598,-9.6567,0.0340,-0.1688,0.1238
3.7554,0.2299,-10.1549,0.0291,-0.0425,0.0996
3.9470,0.4982,-9.9633,-0.0231,0.0461,0.0619
3.9853,0.4598,-10.1166,-0.0328,0.0935,0.0340
4.1769,0.5365,-10.2315,-0.0656,0.1506,0.0061
4.1386,0.6898,-10.4231,-0.1008,0.2088,-0.0109
4.2536,0.7664,-10.3848,-0.1226,0.2720,-0.0182
4.2919,0.9197,-10.1166,-0.1469,0.3230,-0.0389
4.4835,0.9963,-10.1932,-0.1627,0.3363,-0.0607
4.4452,0.8814,-9.8100,-0.1821,0.3387,-0.0874
4.4068,0.9580,-9.4651,-0.2015,0.3424,-0.1105
4.6368,1.0730,-9.4268,-0.2040,0.3035,-0.1178
4.6751,0.9197,-9.2352,-0.1809,0.2404,-0.1093
4.4452,1.0346,-9.3885,-0.1542,0.1761,-0.0911
4.5601,1.0730,-9.3118,-0.1323,0.1141,-0.0680
4.5601,0.9963,-9.7334,-0.1020,0.0765,-0.0498
4.5984,1.0730,-9.6184,-0.0571,0.0522,-0.0340
4.5984,1.0730,-9.7717,-0.0425,0.0279,-0.0340
4.6751,1.1113,-9.7334,-0.0401,0.0243,-0.0401
4.5984,1.0346,-9.5418,-0.0510,0.0109,-0.0267
4.6368,0.8814,-9.8483,-0.0583,-0.0146,-0.0206
4.5601,1.2263,-9.7334,-0.0704,-0.0085,-0.0194
4.5984,1.1113,-9.6950,-0.0704,-0.0073,-0.0170
4.5984,0.9197,-9.6950,-0.0680,-0.0158,-0.0158

