-.-.-
1.0730,-9.1586,-2.8357,0.0595,0.0474,-0.0231
1.2646,-9.1586,-2.6058,0.0668,0.0486,-0.0158
1.1113,-9.2735,-2.7591,0.0692,0.0498,-0.0170
1.0346,-9.2735,-2.7591,0.0777,0.0498,-0.0134
1.1113,-9.1969,-2.6058,0.0813,0.0498,-0.0121
1.0730,-9.0436,-2.7207,0.0801,0.0461,-0.0109
1.1113,-9.0819,-2.8357,0.0789,0.0401,-0.0073
1.1113,-9.1586,-2.7974,0.0692,0.0340,-0.0061
1.1879,-9.1202,-2.8357,0.0571,0.0340,-0.0121
1.0730,-9.1202,-2.6824,0.0498,0.0401,-0.0109
1.1879,-9.1586,-2.7207,0.0522,0.0437,-0.0061
0.9963,-9.1969,-2.6824,0.0571,0.0449,-0.0073
0.9197,-9.1969,-2.8357,0.0534,0.0376,-0.0134
0.9580,-9.1202,-2.7591,0.0474,0.0291,-0.0121
0.9580,-9.1586,-2.7974,0.0401,0.0255,-0.0097
1.0346,-9.1586,-2.6824,0.0328,0.0255,-0.0049
0.8430,-9.1202,-2.4908,0.0328,0.0267,-0.0097
0.7281,-9.3118,-2.6824,0.0352,0.0194,-0.0134
0.8047,-9.1202,-2.6824,0.0267,0.0085,-0.0121
0.6898,-9.0053,-2.5291,0.0231,-0.0158,-0.0134
0.6514,-8.9286,-2.6441,0.0109,-0.0498,-0.0255
0.4598,-8.8520,-2.4525,-0.0194,-0.0801,-0.0376
0.4215,-9.0819,-2.2226,-0.0352,-0.1190,-0.0461
0.4982,-9.2735,-2.3759,-0.0413,-0.1360,-0.0571
0.7281,-9.4651,-2.3759,-0.0534,-0.1117,-0.0741
0.7664,-9.3885,-2.4908,-0.0838,-0.0643,-0.0716
0.6131,-9.2735,-2.5291,-0.1166,-0.0401,-0.0668
0.3066,-9.0436,-2.5291,-0.1056,-0.0643,-0.0510
0.3066,-9.1586,-2.6058,-0.1020,-0.0680,-0.0231
0.7281,-9.1586,-2.7591,-0.0959,-0.0838,0.0024
1.1496,-9.1586,-2.6824,-0.1032,-0.0911,0.0619
1.1113,-8.8520,-2.4908,-0.1166,-0.0801,0.0886
0.9197,-8.4688,-2.8357,-0.0838,-0.0486,0.0935
0.9580,-8.5838,-2.7591,-0.1736,0.0146,0.1093
1.7627,-8.5071,-2.9507,-0.2028,0.0850,0.1214
1.6861,-8.7370,-2.7974,-0.1651,0.0619,0.0826
1.2263,-9.7334,-2.7591,-0.1323,0.0437,0.0498
0.7281,-10.4231,-3.0273,-0.1615,0.0789,0.0437
0.6514,-9.9250,-2.3375,-0.1336,0.0801,0.0352
0.4215,-9.5801,-1.3795,0.0461,-0.0352,0.0134
0.3066,-9.6950,-1.5328,0.0668,-0.2161,-0.0328
0.7664,-9.8483,-2.3759,-0.0328,-0.3667,-0.1384
1.9927,-10.0399,-2.7974,-0.0704,-0.4152,-0.2708
2.1076,-9.2352,-2.6058,-0.0134,-0.3387,-0.3460
1.5711,-8.0089,-2.2992,0.0121,-0.2064,-0.3096
1.5711,-7.7790,-2.2226,0.0279,-0.0692,-0.2210
1.5328,-8.4688,-2.0693,0.0134,-0.0304,-0.1663
1.4179,-9.0053,-1.8394,-0.0255,-0.0789,-0.1445
0.9963,-9.0053,-1.8011,-0.0097,-0.1688,-0.1336
0.9580,-9.0436,-1.4179,0.0704,-0.2453,-0.1433
1.2263,-9.0819,-1.3412,0.1493,-0.3242,-0.1724
1.1113,-9.6184,-1.4945,0.1676,-0.3703,-0.1870
1.3029,-9.8866,-1.6095,0.1554,-0.3837,-0.2028
1.4179,-9.8866,-1.3795,0.1712,-0.3885,-0.2149
1.4945,-9.8866,-1.0730,0.2635,-0.3885,-0.2076
1.6095,-10.1166,-0.9197,0.3570,-0.3922,-0.1651
1.9927,-10.3082,-0.3449,0.4310,-0.4395,-0.1287
2.6824,-10.2315,-1.3029,0.3727,-0.4152,-0.1372
3.4105,-11.1895,-2.4525,0.1858,-0.2914,-0.2161
3.9470,-12.6840,-2.8740,0.1918,-0.1797,-0.3108
3.6404,-12.3391,-3.9853,0.3715,0.1251,-0.3885
2.1459,-10.6147,-4.5601,0.2550,0.5318,-0.3242
0.1916,-9.1969,-4.0620,0.2088,0.4043,-0.1906
-0.3832,-7.9706,-4.3302,0.2088,0.0134,-0.1056
-0.4598,-7.2809,-4.6751,0.1797,-0.4019,-0.0607
0.2299,-7.4725,-4.9433,0.1093,-0.5099,-0.0097
1.4562,-8.0473,-4.4835,0.0716,-0.3230,-0.0097
1.9927,-7.7790,-4.4452,0.1251,-0.0898,-0.0158
2.4142,-8.1239,-3.8320,0.0862,0.1214,0.0643
2.6058,-8.6604,-3.9853,-0.0413,0.2878,0.2234
2.2992,-8.4688,-3.9853,-0.1360,0.3424,0.3545
1.6095,-8.1622,-3.6404,-0.0886,0.4444,0.4371
1.0346,-8.1239,-3.3339,-0.0109,0.5427,0.5099
0.6514,-8.3155,-3.0656,0.0546,0.5913,0.5464
0.0000,-8.3155,-3.0273,0.0340,0.6229,0.5585
0.0766,-8.2005,-3.0273,-0.0291,0.6277,0.5646
0.1533,-8.2005,-2.3759,-0.0304,0.5889,0.5002
0.4215,-8.3538,-2.6824,-0.0291,0.5464,0.4371
0.2682,-8.2389,-2.2609,-0.0437,0.5221,0.3533
0.3832,-8.2389,-2.1459,-0.0049,0.5294,0.2878
0.2682,-8.3538,-2.0310,0.0219,0.5451,0.2270
0.3066,-8.5071,-1.8394,0.0158,0.5318,0.1663
0.1916,-8.5071,-1.6478,0.0170,0.5027,0.1190
0.0000,-9.0819,-1.6478,0.0389,0.4905,0.0668
-0.0766,-9.6950,-1.5711,0.0789,0.4735,0.0595
0.4598,-10.3465,-1.3795,0.1506,0.4541,0.0886
0.6898,-10.3465,-1.2263,0.2088,0.4978,0.1056
0.6131,-9.8866,-0.5748,0.2890,0.5294,0.0534
0.1533,-9.7334,-0.0383,0.3910,0.5221,0.0449
-0.0383,-9.8483,-1.4179,0.3485,0.4310,0.0704
-0.9963,-12.4924,-3.7554,-0.0571,0.2076,0.1408
-1.4179,-14.6384,-3.2955,0.0085,0.0158,0.3679
-0.5365,-12.7990,-3.7554,0.4602,-0.3582,0.5925
0.8047,-9.6184,-5.3265,0.3642,-0.6229,0.3740
2.1076,-7.8173,-5.2116,0.1979,-0.2343,0.2550
2.9890,-7.5491,-4.9050,0.2477,0.2283,0.2902
2.8740,-7.4341,-4.8667,0.2064,0.5039,0.2732
1.9927,-7.6257,-4.5601,0.1627,0.5136,0.1445
0.1916,-8.2772,-3.8704,0.1991,0.3400,0.0364
-1.4562,-8.6221,-3.1423,0.2185,0.0595,0.0121
-1.7244,-9.4651,-3.4871,0.1166,-0.2064,-0.0716
-0.4215,-9.4268,-3.3339,0.0826,-0.2708,-0.1943
0.4982,-8.6604,-2.9123,0.1785,-0.2950,-0.2732
0.9580,-8.0856,-2.6441,0.2878,-0.4177,-0.2647
0.8814,-7.6641,-2.7591,0.2258,-0.4917,-0.2647
0.7664,-7.7024,-2.6824,0.0862,-0.5257,-0.3351
1.1879,-8.0473,-2.2609,-0.0097,-0.6326,-0.4031
1.3412,-8.2772,-2.3759,-0.0656,-0.6981,-0.4055
1.4945,-8.4305,-2.1459,-0.0304,-0.6957,-0.3448
0.8814,-8.2005,-1.8394,0.0486,-0.6884,-0.2501
0.6514,-8.3921,-1.5711,0.1263,-0.6836,-0.1724
0.4982,-8.0473,-1.3029,0.1530,-0.6666,-0.1166
0.7664,-7.8173,-1.0346,0.0935,-0.6593,-0.0631
1.2646,-8.5071,-0.8047,0.0838,-0.6508,-0.0352
1.5711,-9.3885,-0.9197,0.0801,-0.5937,-0.0158
1.4562,-10.0399,-0.9197,0.0996,-0.5342,0.0121
1.3029,-10.3848,-0.5365,0.1894,-0.4929,0.0607
1.2263,-10.5381,0.0766,0.3387,-0.4529,0.0704
1.1113,-10.6530,0.9580,0.4929,-0.3642,0.0012
0.8430,-10.5381,0.8430,0.6156,-0.2768,-0.0643
1.4179,-12.0326,-1.9160,0.4310,-0.1991,-0.1603
2.8740,-14.5617,-3.1806,-0.0097,-0.1700,-0.2805
6.0163,-13.1439,-4.9816,0.2198,0.4237,-0.6083
4.3685,-10.5764,-5.5948,0.1214,1.0636,-0.7491
0.1916,-8.7370,-4.8284,0.1700,1.0017,-0.4031
-3.8320,-7.4725,-4.2919,0.2477,0.3533,-0.1336
-4.5218,-7.0893,-4.4068,0.3679,-0.1081,0.0024
-0.8814,-8.1622,-4.1386,0.1894,-0.2307,0.0146

