-.-.-
1.4179,-10.8446,-1.4179,0.0134,-0.1238,0.0911
2.3375,-10.9596,-1.0346,0.0546,0.0546,0.2963
2.9123,-10.3848,-1.3412,0.0898,0.2149,0.4650
2.3759,-9.3502,-1.6478,0.0777,0.3448,0.6131
1.3795,-9.7334,-1.2263,-0.0024,0.4092,0.6544
0.8430,-9.5034,-1.1113,0.0364,0.4553,0.6289
0.0766,-8.7754,-0.7664,0.0959,0.4517,0.5791
-0.3832,-8.3921,-0.5365,0.0898,0.4334,0.5500
-0.5748,-8.3538,-0.3449,0.0109,0.3752,0.5476
-0.6514,-8.4305,0.0383,-0.0097,0.3254,0.5524
-0.3066,-8.6604,0.1916,-0.0461,0.3072,0.5330
0.6898,-8.5838,0.1916,-0.0510,0.3072,0.4577
1.1879,-8.3921,0.4598,-0.0291,0.3776,0.3387
1.1113,-8.8137,0.5365,-0.0449,0.4978,0.2319
1.3412,-9.2352,0.8814,-0.0182,0.6471,0.1214
1.3029,-10.0016,1.0730,0.0097,0.8001,0.0510
1.0730,-10.4614,0.8047,0.0061,0.9264,-0.0012
1.1879,-10.9596,1.3029,0.0206,1.1073,-0.0935
0.0766,-11.7643,1.9543,0.0983,1.2008,-0.1263
-0.8430,-12.2242,2.4908,0.2173,1.2579,-0.0801
-2.5675,-11.3811,2.7974,0.2003,1.1874,-0.0279
-3.4105,-10.7680,2.6058,0.0316,0.9337,0.0364
-3.0273,-11.3811,2.7974,-0.1554,0.6229,0.1542
-1.8394,-12.8756,1.3412,-0.3946,0.4832,0.3011
-0.8047,-13.6804,-1.0346,-0.5391,0.3424,0.4444
-0.5365,-13.7570,-3.5638,-0.4929,0.1724,0.4662
-0.0383,-13.2205,-5.6331,-0.3521,0.0753,0.5197
1.6478,-11.7643,-4.7134,0.0012,0.1433,0.6301
1.8777,-10.6530,-4.2919,0.1348,0.1785,0.5621
1.3412,-10.4614,-3.2189,0.1554,0.1591,0.4007
0.6898,-10.9979,-2.4142,0.1506,0.1918,0.1821
-0.3066,-11.0746,-1.7627,0.1603,0.1663,-0.0121
-0.3832,-10.4614,-1.4562,0.1445,0.0753,-0.1481
-0.1150,-9.9250,-1.3795,0.1214,0.0510,-0.2987
0.3832,-9.8483,-1.3029,0.0826,0.0279,-0.4359
-0.0383,-9.6184,-1.0346,0.0801,0.0219,-0.5039
0.4598,-9.4651,-0.6514,0.0898,-0.0121,-0.5112
0.2682,-9.5418,-0.3449,0.1530,-0.1020,-0.4650
0.3832,-9.3502,-0.3066,0.0898,-0.2185,-0.4942
0.3449,-8.7370,0.1150,0.1603,-0.2865,-0.5415
0.4982,-8.5071,0.6514,0.1421,-0.3230,-0.5852
0.5748,-8.1622,0.4982,0.1166,-0.3035,-0.5694
0.8047,-7.7407,0.5365,0.0741,-0.2671,-0.5500
1.0730,-7.5108,0.4215,-0.0316,-0.2635,-0.5245
0.7281,-8.1239,0.5748,-0.1311,-0.2999,-0.4298
0.6131,-9.1202,1.2646,-0.1421,-0.4140,-0.3545
0.4982,-10.1166,1.5328,0.0304,-0.5476,-0.2732
0.5365,-10.3082,1.8394,0.2768,-0.6811,-0.1797
-0.3832,-10.2315,2.0693,0.3727,-0.8985,-0.0935
-0.1150,-10.4231,2.6058,0.3885,-1.0357,-0.0085
1.9543,-10.0782,2.3759,0.3557,-0.9859,0.0437
4.4452,-10.6914,0.6131,0.0073,-0.8329,-0.0170
7.0126,-13.0289,-1.1879,-0.5172,-0.4808,-0.2598
6.3612,-16.2095,-1.1879,-0.9737,0.0741,-0.7103
3.4105,-14.4468,-0.1533,-0.3764,0.5051,-0.9713
-0.1533,-12.3775,-2.4142,-0.1287,0.2829,-0.7479
-2.3375,-10.3082,-3.7554,-0.0049,-0.1676,-0.3752
-2.6058,-9.2352,-3.4105,0.1178,-0.5342,-0.1081
-0.3066,-9.5801,-3.1039,0.0510,-0.6471,0.0474
3.1039,-10.3848,-2.5675,-0.1032,-0.5840,0.1469
4.5218,-10.6147,-2.3375,-0.2695,-0.4213,0.2258
3.4105,-10.4231,-1.6861,-0.2841,-0.1955,0.3035
1.9927,-10.0782,-1.4945,-0.2125,0.0352,0.4407
1.3412,-9.8866,-1.7627,-0.1736,0.1724,0.5974
1.1496,-9.6567,-1.2263,-0.1093,0.3145,0.7054
1.1879,-9.5801,-1.1113,-0.0316,0.3800,0.7006
0.9580,-9.2352,-0.6131,0.0728,0.4614,0.6678
0.4982,-9.2735,-0.3066,0.1396,0.4747,0.5804
0.0000,-8.6987,-0.1916,0.1639,0.4517,0.5706
-0.4215,-8.4305,-0.1150,0.0474,0.4395,0.5439
0.4598,-8.2005,0.0000,-0.0753,0.3618,0.4747
0.8814,-8.4305,0.0383,-0.1882,0.3655,0.4177
0.9197,-8.8520,0.1150,-0.2477,0.4517,0.4383
0.5748,-9.2352,0.1916,-0.2198,0.5464,0.4322
-0.0383,-9.6184,0.3449,-0.2100,0.5840,0.4383
-0.0766,-9.8483,0.4598,-0.1773,0.5876,0.4334
-0.1533,-10.4231,1.0730,-0.0449,0.5439,0.3995
-0.1533,-10.8446,1.4945,0.1348,0.5330,0.3485
0.3066,-10.3848,1.6095,0.2355,0.5670,0.2683
-0.1150,-10.2698,1.4562,0.2999,0.5621,0.1591
-0.6131,-10.1166,1.5328,0.2744,0.5755,0.0801
-0.6898,-10.7680,1.9927,0.2246,0.5549,0.0850
-0.0766,-11.5727,2.2609,0.1761,0.5512,0.1433
0.1150,-12.4924,1.9543,0.0838,0.5682,0.2113
0.6514,-13.2588,-0.2299,-0.1311,0.6386,0.3047
-0.3449,-13.6037,-2.2992,-0.2270,0.7843,0.2975
-0.4215,-12.8373,-4.0236,-0.1578,0.8110,0.2805
-0.2299,-10.5381,-5.0583,0.0255,0.9446,0.2841
1.0346,-8.6987,-4.8284,0.1421,1.0587,0.2999
0.5365,-9.1202,-3.1423,0.1141,0.9604,0.1688
-0.4215,-10.6147,-1.9927,-0.0012,0.7576,-0.0376
-1.4945,-10.8446,-1.6095,-0.0996,0.5112,-0.1991
-1.6478,-10.4614,-1.3412,-0.1955,0.2501,-0.3072
-0.8047,-10.3848,-1.1496,-0.1578,0.1287,-0.4007
0.1916,-10.1932,-1.2646,-0.1518,0.0862,-0.4699
0.9197,-9.1969,-0.8814,-0.0376,0.1105,-0.5221
0.6514,-8.6221,-0.7664,0.0583,0.1943,-0.5221
0.5748,-8.1239,-0.9580,0.0109,0.2938,-0.5354
0.9580,-8.2005,-0.7281,-0.1202,0.3618,-0.5791
1.3029,-8.2389,-0.2299,-0.2489,0.4177,-0.5731
1.2646,-8.5454,0.2299,-0.3497,0.5075,-0.5075
1.0346,-9.0819,0.6514,-0.3594,0.6374,-0.4942
0.9197,-9.0053,0.6514,-0.3412,0.7722,-0.5197
0.8047,-8.7754,0.8430,-0.2659,0.8900,-0.5464
0.6131,-9.0819,0.9197,-0.1226,1.0199,-0.5573
0.3832,-9.0053,1.0730,0.0012,1.1304,-0.5403
0.0383,-8.7370,1.4179,0.1311,1.1559,-0.4419
0.0383,-8.0473,0.9963,0.1591,1.1109,-0.3023
1.6478,-7.5874,-0.2682,-0.0073,1.1680,-0.2404
3.3722,-8.2389,0.0383,-0.2076,1.3708,-0.4019
4.4835,-9.0053,-1.6478,-0.3922,1.5347,-0.7054
2.5291,-8.3155,-3.5638,-0.8062,1.7569,-1.0175
-0.3066,-6.4761,-3.6787,-0.6556,2.2887,-1.0405
1.4179,-6.1696,-3.2572,-0.4225,2.8120,-0.7467
3.4871,-5.4415,-4.4068,-0.6241,3.1859,-0.4759
3.2189,-6.2845,-4.7517,-0.9349,3.5684,-0.3897
0.7281,-6.4378,-4.5218,-1.0320,3.9848,-0.2647
-1.2646,-7.1659,-4.3302,-0.9859,4.2519,-0.2064
-2.7591,-6.5528,-4.5218,-1.0636,4.1815,-0.2732
-3.7171,-6.3995,-4.4068,-1.2421,4.0856,-0.1870
-3.1806,-7.6641,-2.7974,-1.1049,4.2021,0.0316
-1.9543,-8.1622,-4.2152,-0.8742,4.2495,0.2052
-1.4562,-7.3575,-3.3339,-1.0090,4.3005,0.4019
-3.0273,-6.0163,-3.6787,-0.8098,4.3005,0.4784
-3.2955,-6.5528,-2.4908,-1.3064,4.1414,0.3946
-2.0693,-9.9633,-3.9087,-1.2894,3.9982,0.2671
-0.3832,-9.9250,-3.1423,-1.2226,3.7590,0.0741
0.4982,-8.9670,-3.4488,-1.3768,3.7723,-0.2185

