-.-.-
-4.4835,-1.9927,-4.9050,0.8839,0.3266,-0.3157
-4.7517,-5.9396,-3.2189,-0.0522,-0.1943,0.0012
-1.9160,-10.7680,-3.6787,-0.8815,-0.1712,0.1663
0.6131,-11.5727,-4.7900,-1.0466,0.0243,0.3703
2.2609,-9.9633,-2.6824,-0.5354,-0.0279,0.5221
3.0273,-8.3155,-1.5328,0.2100,-0.1833,0.6581
1.4945,-6.3229,-1.4179,0.7054,-0.2125,0.7176
0.8047,-5.5181,-1.7244,0.6059,-0.0061,0.6447
-0.4982,-6.2462,-1.5328,0.1845,0.3047,0.6192
-1.9927,-6.5528,-1.2646,-0.0911,0.3545,0.5367
-3.5638,-6.2845,-0.6898,-0.0704,0.2113,0.4067
-3.3339,-5.6331,-0.8814,0.0631,0.0607,0.3120
-1.4179,-5.7097,-1.3795,0.1773,0.0425,0.3217
-0.1150,-7.8557,-1.9543,-0.0789,-0.0352,0.1481
0.9197,-9.6950,-2.7974,-0.3934,0.1773,0.1870
1.6861,-12.3775,-1.5711,-0.3363,0.6981,0.3072
0.7664,-13.7953,-0.4598,0.2173,1.0138,0.3193
-1.0730,-12.6457,-2.1076,0.6471,1.3647,0.3120
-4.8667,-11.6877,-0.3066,0.5961,1.5905,0.2477
-7.3958,-11.4578,0.4215,0.5245,1.1959,0.1141
-7.3958,-11.1895,0.8814,0.4116,0.6083,-0.0522
-5.5564,-11.1129,-0.3449,0.2525,0.0631,-0.2185
-3.7937,-11.0363,-1.6861,0.0304,-0.2222,-0.2319
-1.4179,-10.3082,-3.2189,-0.0170,-0.3922,-0.0643
0.9197,-7.4725,-4.4452,0.1761,-0.4869,0.1287
1.2646,-7.7024,-7.1276,0.1639,-0.5233,-0.1797
-0.2682,-8.6987,-11.0746,-0.7176,-0.2744,-0.4759
-0.2299,-12.2242,-11.9559,-1.5128,-0.2246,-0.3582
-0.1150,-16.8226,-6.0163,-0.9883,-0.4881,0.5087
3.9087,-15.0599,-6.3612,0.1348,-0.6399,1.0369
7.2425,-11.5344,-5.1732,0.5063,-0.1651,0.5961
3.3722,-8.1239,-3.5255,0.4954,0.7333,-0.2173
-1.8394,-7.7407,-2.8740,-0.2525,0.9094,-0.8123
-4.7517,-9.0053,-3.1039,-0.3703,0.6471,-0.8426
-4.9050,-9.2735,-2.5291,-0.4177,0.2780,-0.6314
-3.9087,-7.6641,-1.6478,-0.1445,-0.0874,-0.4322
-1.2646,-5.8630,-1.3795,0.2623,-0.3472,-0.4165
1.7627,-4.6368,-0.3066,0.4055,-0.4383,-0.4541
3.8320,-4.0236,-0.0766,0.2173,-0.3145,-0.5014
2.6058,-4.9816,-0.3832,-0.3776,-0.2246,-0.5257
0.4598,-7.0893,-1.1113,-0.5403,-0.2173,-0.4128
-0.8814,-8.1239,-1.9543,-0.4456,-0.2149,-0.2623
-0.8047,-8.7754,-2.0693,-0.3764,-0.1688,-0.1797
0.0383,-9.0436,-2.1076,-0.2793,-0.1773,-0.2015
0.5365,-9.6567,-0.4982,-0.0024,-0.2938,-0.2841
0.2682,-9.2352,0.2682,0.2926,-0.5257,-0.3363
-0.1533,-8.6604,0.1150,0.2428,-0.8633,-0.2477
-0.2299,-10.9213,0.9197,0.2198,-0.8244,-0.0838
0.5365,-13.7953,1.5711,0.2015,-0.7965,-0.1081
0.3066,-13.9103,0.0383,0.0801,-0.9045,-0.3509
0.4598,-12.4158,-1.3795,0.0146,-0.6532,-0.3776
2.3375,-12.6074,-2.8357,-0.0146,-0.0741,-0.2683
3.3339,-14.3701,-4.4835,-0.1821,0.3752,-0.4177
3.7937,-13.0672,-7.4341,-0.3545,0.7394,-0.5391
1.1879,-8.9670,-8.5071,0.0971,0.9264,-0.3570
0.2682,-7.1659,-8.1239,0.4857,0.6496,0.0583
0.0766,-8.0856,-8.0089,0.3982,0.2708,0.1918
1.1496,-11.0363,-7.4725,0.2489,0.5027,0.0461
1.4945,-13.1439,-7.0509,-0.0194,0.7892,-0.2076
-0.0766,-12.3391,-6.0929,-0.0024,0.7601,-0.2040
-1.5711,-10.8830,-4.3685,0.1056,0.4165,0.1481
-1.7244,-9.1969,-3.0656,0.3084,0.1554,0.4759
-0.6514,-8.3538,-2.4525,0.4347,0.0291,0.4966
0.6131,-8.7370,-1.8011,0.3691,0.0656,0.5027
1.4179,-9.6950,-1.3412,0.2914,0.1542,0.6180
2.0693,-9.3118,-1.1879,0.3630,0.3618,0.8378
1.9543,-8.8903,-1.1113,0.5646,0.5804,0.9737
0.7664,-7.7024,-0.8430,0.6229,0.7831,0.9543
-0.3066,-6.1696,-1.1496,0.5124,0.9592,0.8900
-1.9927,-5.4032,-1.1113,0.3230,1.1389,0.8147
-3.2572,-5.4415,-1.1113,0.4978,1.0952,0.7321
-3.6787,-5.9780,-0.7664,0.7443,0.9458,0.6350
-2.5291,-6.3229,-0.8047,0.8074,0.7734,0.4177
-1.6861,-7.1659,0.6131,0.8062,0.6933,0.1736
-0.9580,-7.0893,1.0730,0.9482,0.7516,0.0510
-0.4982,-7.1276,0.6898,0.9652,0.7540,-0.0996
-1.0730,-8.5838,1.3029,1.0757,0.8256,-0.3412
-2.2226,-10.4998,1.1879,1.1704,0.7066,-0.4602
-2.8357,-11.3045,1.0346,1.1874,0.4359,-0.3205
-4.5601,-9.4651,0.1916,1.3076,0.1554,-0.0049
-5.9013,-5.4415,-1.6095,1.2991,-0.1615,0.2841
-4.4452,-1.7627,-6.2845,0.7868,-0.3812,0.4759
2.7974,0.3449,-8.2772,0.4031,0.0206,0.5804
7.4725,-0.2682,-5.0966,0.4152,0.2963,0.2610
6.3229,-3.3339,-4.3302,-0.0073,0.4687,0.2064
4.8667,-6.8977,-9.0819,-1.3149,0.5136,0.4796
4.2536,-11.9176,-16.4777,-3.4008,0.5889,0.5294
1.9160,-19.3134,-10.8446,-3.5744,0.0267,0.6204
-7.3192,-23.8352,1.6095,-0.5039,-0.8414,1.4618
-5.5181,-15.0216,-1.2263,2.2656,-2.1381,1.9438
0.9197,-4.3302,0.4982,2.6748,-1.9718,1.6342
0.7664,5.4798,5.3265,1.0175,-0.7953,0.3132
-0.1533,0.2299,3.6021,-0.6520,-0.2671,-1.3938
-4.0620,-9.7717,-0.3066,-0.6168,-0.5451,-1.6901
-5.3648,-14.1785,-3.3722,0.1882,-1.4120,-0.7540
-3.8704,-13.2205,-2.6441,0.9592,-2.0859,0.4359
-0.7664,-4.4452,-2.1076,1.8892,-2.4514,0.8123
3.4488,4.7900,-2.6824,1.8273,-2.0592,0.6435
10.4231,8.2005,-1.6861,0.9446,-0.8353,0.3096
6.2462,-8.3538,-0.0383,1.1182,-0.2963,-0.4614
0.0766,-21.5360,-1.0730,3.6910,-0.4747,-0.1906
-1.7244,-17.4741,-9.1586,3.9193,-0.1700,0.7382
0.0000,-3.2189,-4.7134,1.3222,0.5901,1.2457
-4.1769,-2.0693,-0.9963,1.4861,0.8548,0.8790
-3.5638,-0.1916,-1.4179,2.7622,0.1408,0.4019
-3.0273,0.4598,-2.7591,2.8909,0.1238,0.2088
-4.7517,-3.5255,4.7134,2.4174,-0.2744,0.1736
-5.2499,-19.1218,16.0562,2.7877,-0.6872,0.0583
-24.8699,-39.6998,24.0652,3.2794,-1.4072,-0.6010
-17.3208,-61.7340,39.8531,3.5198,-1.0879,-0.1542
-13.1822,-43.2636,4.9816,6.6171,-2.0373,0.3715
10.9979,-3.4871,6.3229,7.4597,-0.4881,1.0211
4.2152,6.4378,0.6898,6.9328,-0.4213,1.3076
-0.1533,5.0200,2.4525,5.1722,-1.4412,1.2506
3.2572,-1.3029,5.3265,3.4567,-1.0466,0.8147
2.1459,-2.7207,8.3155,2.6493,-0.6726,0.4711
1.1879,4.4452,9.3502,1.8321,-0.3691,0.3448
0.3832,11.6494,9.8100,0.6034,-0.4128,0.3582
1.1113,11.9559,10.8063,-0.4650,-0.1918,0.3764
1.4179,5.7480,10.8830,-0.8086,-0.1591,0.1008
-0.6898,1.0346,9.2735,-0.8159,-0.1408,0.0182
-1.7244,-0.2682,6.4761,-0.5354,-0.0340,0.0049
-1.8011,0.6514,6.1696,-0.1506,0.0522,0.0959
-0.6514,3.4488,8.8903,0.2477,-0.0850,0.1603
0.4982,4.7517,11.2279,0.3910,-0.3193,0.0704
0.2299,2.9123,11.9559,-0.0376,-0.3290,-0.1421
0.1916,0.6898,11.7260,-0.4019,-0.2890,-0.2610
0.6514,-0.4215,10.6147,-0.3497,-0.0583,-0.2125

