-.-.-
-14.0636,0.4982,1.3412,0.1214,-0.3727,1.5298
-13.1822,-0.6898,1.7627,0.3096,0.5743,0.4917
-10.2698,1.4179,1.8777,1.2178,0.8705,-0.1238
-7.4725,4.1003,2.9890,1.2396,0.8232,0.0194
-5.7864,3.8704,2.4908,0.7370,0.9312,0.1530
-6.8210,2.6058,2.3759,0.4043,0.9191,0.0304
-5.9780,1.1113,2.2992,0.2368,0.6702,0.0571
-7.0893,0.8430,2.0310,0.4687,0.4517,0.4189
-8.4688,1.1113,2.4525,0.2732,0.4165,0.5075
-9.1969,2.2992,2.4525,0.2003,0.4347,0.3703
-9.1586,4.5984,1.9927,0.4262,0.5391,0.3970
-9.5418,4.2536,0.8430,0.5002,0.8633,0.3120
-10.6530,3.6404,0.3832,0.2550,1.0065,0.0534
-11.2279,3.2955,-0.7281,-0.1469,0.9944,-0.1093
-12.1092,2.9123,-0.8814,-0.3023,0.9070,-0.0971
-11.6494,3.1039,-1.1496,-0.4723,0.7528,-0.0231
-10.9979,2.6824,-1.0346,-0.5488,0.6763,-0.1761
-10.1932,1.0346,-1.3412,-0.5306,0.6059,-0.3509
-9.5418,0.4215,-1.6095,-0.5306,0.5087,-0.4808
-9.1586,0.0383,-1.7244,-0.4492,0.4189,-0.4432
-9.3118,-0.1533,-1.3795,-0.2926,0.3327,-0.3205
-9.7717,-0.1533,-1.2646,-0.2550,0.2477,-0.2198
-9.8866,0.1150,-1.1113,-0.3485,0.1433,-0.2149
-9.7717,0.3066,-1.1879,-0.4638,0.1105,-0.2076
-9.7717,0.1533,-1.1879,-0.5160,0.1153,-0.1833
-9.9250,-0.0766,-1.3029,-0.4711,0.1068,-0.1530
-10.0399,-0.3449,-1.1879,-0.3618,0.1008,-0.1226
-10.1932,-0.3066,-1.3795,-0.2440,0.0935,-0.0850
-10.1549,-0.1150,-1.1496,-0.1020,0.0643,-0.0243
-9.8483,-0.1150,-1.1113,-0.0097,0.0158,0.0413
-9.8100,-0.0383,-0.9580,0.0619,-0.0049,0.0607
-9.7717,0.1533,-0.8430,0.0838,-0.0364,0.0826
-9.7334,0.4215,-0.6131,0.1093,-0.0692,0.1081
-9.7717,0.5365,-0.6898,0.1323,-0.0680,0.1323
-9.8100,0.8430,-0.7281,0.1311,-0.0486,0.1336
-9.7717,1.0346,-0.4598,0.1117,-0.0340,0.1214
-9.7334,1.1113,-0.4598,0.0741,-0.0146,0.0935
-9.7334,1.1496,-0.5748,0.0376,0.0121,0.0559
-9.8100,0.9963,-0.4598,0.0109,0.0364,0.0146
-9.8866,0.8430,-0.4598,-0.0097,0.0546,-0.0121
-9.8483,0.8814,-0.6514,-0.0255,0.0595,-0.0291
-9.8100,0.6514,-0.5748,-0.0340,0.0607,-0.0401
-9.8100,0.7281,-0.5748,-0.0352,0.0631,-0.0449
-9.8100,0.6131,-0.6898,-0.0401,0.0631,-0.0474
-9.8100,0.6131,-0.6514,-0.0425,0.0631,-0.0449
-9.8100,0.5365,-0.5748,-0.0437,0.0656,-0.0401
-9.8100,0.5365,-0.5365,-0.0449,0.0753,-0.0328
-9.8483,0.5365,-0.5365,-0.0425,0.0753,-0.0255
-9.8483,0.5365,-0.5365,-0.0437,0.0704,-0.0134
-9.7717,0.4598,-0.4982,-0.0413,0.0741,-0.0024
-9.8866,0.6131,-0.5365,-0.0389,0.0801,0.0085
-9.7717,0.6131,-0.4982,-0.0316,0.0813,0.0109
-9.8483,0.5748,-0.5365,-0.0304,0.0850,0.0085
-9.8100,0.6131,-0.5748,-0.0291,0.0862,0.0109
-9.7717,0.5365,-0.5748,-0.0243,0.0838,0.0182
-9.8100,0.4982,-0.5748,-0.0219,0.0826,0.0267
-9.7717,0.5748,-0.6131,-0.0219,0.0801,0.0279
-9.8483,0.8047,-0.4982,-0.0194,0.0777,0.0219
-9.8100,0.6898,-0.6514,-0.0219,0.0765,0.0182
-9.8100,0.6131,-0.6131,-0.0255,0.0777,0.0146
-9.8100,0.7281,-0.6131,-0.0316,0.0801,0.0109
-9.8100,0.6131,-0.6131,-0.0364,0.0765,0.0049
-9.8483,0.6131,-0.5748,-0.0376,0.0765,-0.0012
-9.8483,0.5748,-0.6131,-0.0352,0.0765,-0.0012
-9.8483,0.7664,-0.5365,-0.0279,0.0801,-0.0073
-9.8100,0.5748,-0.5748,-0.0279,0.0765,-0.0097
-9.8483,0.6131,-0.5365,-0.0304,0.0741,-0.0073
-9.8483,0.7281,-0.7281,-0.0340,0.0716,-0.0049
-9.8100,0.7664,-0.6514,-0.0328,0.0716,-0.0049
-9.8100,0.7664,-0.5748,-0.0340,0.0704,-0.0036
-9.8100,0.6131,-0.5748,-0.0328,0.0680,-0.0036
-9.8100,0.5748,-0.6131,-0.0304,0.0656,-0.0036
-9.8100,0.6131,-0.6131,-0.0328,0.0631,0.0012
-9.8483,0.5748,-0.6898,-0.0376,0.0595,0.0073
-9.7334,0.5365,-0.6131,-0.0389,0.0643,0.0085
-9.8483,0.5365,-0.4982,-0.0328,0.0595,0.0085
-9.7334,0.6514,-0.5748,-0.0316,0.0619,0.0134
-9.7717,0.6131,-0.7281,-0.0158,0.0583,0.0121
-9.7717,0.6131,-0.4215,-0.0085,0.0571,0.0134
-9.9633,0.7281,-0.4982,-0.0036,0.0607,0.0134
-9.8866,0.6898,-0.4598,-0.0061,0.0607,0.0146
-9.8483,0.6131,-1.0346,-0.0036,0.0571,0.0109
-9.8100,0.7664,-0.4215,-0.0012,0.0559,0.0085
-9.8866,0.7664,-0.4598,-0.0036,0.0546,0.0061
-9.7717,0.7664,-0.6898,-0.0061,0.0583,0.0073
-9.6950,0.7281,-0.3832,-0.0061,0.0595,0.0073
-9.6950,0.8430,-0.4982,0.0012,0.0559,0.0036
-9.7334,0.6514,-0.3449,-0.0012,0.0534,0.0049
-9.8866,0.6898,-0.5365,-0.0024,0.0607,0.0085
-9.8100,0.6898,-0.5365,0.0061,0.0619,0.0061
-9.7334,0.5748,-0.5365,0.0121,0.0571,0.0036
-9.8483,0.6898,-0.3832,0.0182,0.0474,0.0024
-9.7717,0.7281,-0.4982,0.0170,0.0461,0.0012
-9.6950,0.6514,-0.5365,0.0243,0.0461,-0.0024
-9.8100,0.6131,-0.3832,0.0158,0.0559,0.0024
-9.8483,0.5748,-0.3832,0.0194,0.0498,0.0085
-9.8483,0.8430,-0.5748,0.0243,0.0486,0.0073
-9.8100,0.7664,-0.4215,0.0267,0.0486,0.0085
-9.8483,0.8430,-0.4598,0.0279,0.0352,0.0085
-9.9250,0.8430,-0.4598,0.0291,0.0340,0.0073
-9.8483,0.7281,-0.3832,0.0352,0.0182,0.0073
-9.8483,0.6898,-0.3832,0.0425,0.0279,0.0000
-9.8483,0.7281,-0.4215,0.0231,0.0401,0.0036
-9.8100,0.6514,-0.3449,0.0219,0.0413,0.0073
-9.8100,0.6898,-0.4598,0.0243,0.0437,0.0061
-9.8483,0.6898,-0.4215,0.0182,0.0510,0.0049
-9.8100,0.7281,-0.3832,0.0182,0.0522,0.0049
-9.8483,0.6898,-0.1916,0.0121,0.0559,0.0049
-9.8100,0.7281,-0.2682,0.0049,0.0656,0.0061
-9.8100,0.8047,-0.3066,0.0024,0.0668,0.0049
-9.8100,0.7281,-0.2682,0.0024,0.0692,0.0085
-9.8100,0.7664,-0.4215,0.0036,0.0741,0.0085
-9.8483,0.7664,-0.2682,0.0036,0.0668,0.0073
-9.8866,0.7281,-0.3449,0.0012,0.0680,0.0061
-9.8100,0.7281,-0.2682,0.0024,0.0704,0.0061
-9.8100,0.7281,-0.3449,0.0012,0.0668,0.0036
-9.8483,0.6898,-0.3066,0.0012,0.0656,0.0036
-9.8100,0.8430,-0.3832,0.0012,0.0668,0.0012
-9.7717,0.6898,-0.3449,-0.0024,0.0607,0.0012
-9.8100,0.6514,-0.2299,-0.0036,0.0583,0.0036
-9.8483,0.7281,-0.1916,-0.0036,0.0619,0.0024
-9.8483,1.0730,-0.1150,-0.0036,0.0571,0.0024
-9.8100,0.6514,-0.3832,0.0061,0.0571,0.0000
-9.9250,0.8047,-0.1916,-0.0061,0.0607,0.0024
-9.7334,0.6514,-0.3066,-0.0109,0.0607,0.0036
-9.8100,0.6898,-0.2682,-0.0146,0.0668,0.0024
-9.6950,0.6514,-0.3449,-0.0134,0.0728,0.0000
-9.9250,0.6898,-0.3832,-0.0097,0.0704,0.0000

