-.-.-
0.1916,-10.2315,-1.6478,-0.0728,0.0716,-0.0206
0.2682,-10.3465,-1.4179,-0.0728,0.0668,-0.0243
0.0383,-10.3082,-1.3795,-0.0789,0.0668,-0.0231
-0.0383,-10.3465,-1.4562,-0.0704,0.0643,-0.0194
-0.1916,-10.3848,-1.4945,-0.0826,0.0437,-0.0061
-0.3832,-10.3465,-1.4562,-0.1105,0.0121,0.0012
-0.0383,-10.0016,-0.7281,-0.1141,-0.0194,0.0024
-0.3066,-10.1549,-0.8814,-0.1008,-0.0291,-0.0036
-0.3449,-10.5764,-1.3412,-0.0996,-0.0279,-0.0134
-0.1150,-10.2698,-0.9580,-0.0959,-0.0231,-0.0304
-0.2299,-10.5381,-0.9963,-0.0668,-0.0182,-0.0474
-0.3066,-10.3082,-0.9580,-0.0437,-0.0146,-0.0607
-0.3066,-10.2315,-1.1496,-0.0376,-0.0085,-0.0668
-0.2682,-10.1549,-1.5328,-0.0643,0.0219,-0.0546
0.0766,-9.9250,-1.9543,-0.0947,0.0996,-0.0413
0.6131,-9.5034,-1.9927,-0.1530,0.2270,-0.0243
1.1113,-9.4651,-1.9543,-0.2258,0.3412,0.0097
1.2646,-10.0782,-1.7627,-0.2428,0.4589,0.0728
0.7664,-10.8063,-1.1879,-0.2331,0.5257,0.0947
-0.0766,-10.9213,-1.2263,-0.2623,0.4614,0.0510
-0.6898,-10.3082,-1.0730,-0.2598,0.3266,0.0352
-1.1113,-10.1166,-0.6514,-0.2137,0.2137,0.0328
-0.8047,-10.5381,-0.4215,-0.2416,0.0813,0.0073
-0.3832,-10.6530,-0.2299,-0.2610,-0.1032,-0.0486
0.4598,-10.8446,-0.5365,-0.2975,-0.2319,-0.1287
0.9963,-10.6147,-1.0346,-0.3302,-0.2720,-0.2198
1.1113,-10.2315,-1.0346,-0.2708,-0.2331,-0.2671
0.8430,-9.7334,-0.8430,-0.1894,-0.1724,-0.2708
0.9963,-9.7717,-0.7281,-0.1627,-0.1166,-0.2610
0.7664,-9.7334,-0.4215,-0.1566,-0.0862,-0.2453
0.6514,-9.5418,-0.1916,-0.1457,-0.0631,-0.2198
0.6514,-9.6184,-0.0766,-0.1275,-0.0546,-0.1748
0.2682,-9.4651,-0.1916,-0.0996,-0.0935,-0.1202
0.3832,-9.5034,-0.0766,-0.0789,-0.1275,-0.0559
0.2682,-10.1932,-0.1533,-0.0595,-0.1591,0.0012
0.2299,-11.3811,-0.5365,-0.0279,-0.2355,0.0449
0.0383,-11.6877,-0.9580,-0.0109,-0.3715,0.0826
0.0000,-11.6494,-0.9580,-0.0024,-0.4662,0.0996
1.1496,-12.2242,-0.1150,0.1214,-0.5354,0.0461
2.0693,-12.3391,0.3066,0.3217,-0.5099,-0.0886
1.4945,-12.0709,0.6898,0.4784,-0.4796,-0.2088
0.1533,-13.1055,0.7281,0.4237,-0.5415,-0.3108
0.9963,-13.7570,-1.5328,-0.0012,-0.5597,-0.4140
1.5328,-13.0289,-2.6058,-0.1214,-0.5014,-0.5197
2.7591,-11.8793,-2.4142,-0.2088,-0.3011,-0.5221
2.1459,-11.5727,-2.8357,-0.1809,-0.2015,-0.4966
0.1533,-9.5801,-3.6404,-0.1263,-0.2902,-0.4371
-0.7664,-7.2809,-3.7554,-0.1020,-0.5318,-0.2793
-0.3449,-7.0893,-3.1039,-0.0401,-0.6399,-0.2076
0.8430,-8.6987,-3.2955,-0.0959,-0.6071,-0.1845
2.2226,-9.7717,-3.8320,-0.2744,-0.4638,-0.1506
2.9890,-10.6914,-3.2955,-0.3703,-0.1056,-0.0971
2.2226,-10.9979,-3.1039,-0.2404,0.1226,0.0061
0.5748,-10.6147,-2.6058,-0.0182,0.2064,0.1481
-0.4598,-9.7334,-2.3759,0.1433,0.2404,0.2878
-0.4215,-9.0053,-2.1459,0.1858,0.2113,0.3752
0.2299,-8.9670,-1.9927,0.1117,0.0983,0.4128
0.8047,-9.0436,-1.5711,0.0097,0.0656,0.3910
0.3449,-9.1202,-1.4945,-0.0352,0.1384,0.4080
-0.1150,-9.1202,-1.1113,-0.0401,0.1858,0.4165
-0.1533,-9.1586,-0.9580,-0.0401,0.1785,0.4165
0.0766,-9.0819,-0.9963,-0.0425,0.2088,0.3934
0.5748,-9.0053,-0.6514,-0.0219,0.2489,0.3509
0.6131,-8.8520,-0.7281,0.0012,0.2538,0.3375
0.1150,-8.9286,-0.4598,0.0061,0.3023,0.2963
-0.2682,-9.8866,-0.3066,0.0898,0.3885,0.2331
-0.1150,-10.6147,0.0766,0.2307,0.4772,0.1930
-0.0766,-10.8446,-0.3449,0.3327,0.5609,0.1603
0.3832,-11.6494,-0.7281,0.3278,0.6484,0.1651
1.0730,-11.7260,-0.4598,0.2829,0.8159,0.1457
-0.8047,-12.1475,-0.4982,0.1797,0.7965,0.1542
-2.1843,-12.1475,0.9580,0.3715,0.7054,0.3436
-1.3029,-15.7113,0.6898,0.4080,0.7965,0.6702
-2.2609,-15.9796,-4.1769,0.1044,0.6981,0.9592
-1.5711,-13.1439,-3.4488,0.1384,0.5937,1.0539
-1.2646,-9.8866,-4.4835,0.0243,0.1651,0.9458
-0.7664,-8.2389,-5.3648,-0.0291,0.2683,0.7418
0.6514,-7.8557,-5.0583,-0.2173,0.4589,0.5197
0.6514,-9.3885,-3.6787,-0.2440,0.6520,0.3230
-0.9963,-10.3082,-2.7207,-0.2355,0.7370,0.2210
-2.1076,-11.0363,-1.7627,-0.0498,0.5512,0.1129
-2.2609,-10.2315,-1.8777,0.1020,0.3145,-0.0401
-1.8394,-9.6567,-2.3759,0.1214,0.0741,-0.2501
-1.4179,-9.0436,-2.9507,0.0534,-0.1323,-0.4092
-1.3412,-8.2389,-3.0273,-0.1044,-0.2659,-0.4808
-0.9197,-7.6641,-2.4908,-0.0911,-0.3557,-0.5039
-0.4215,-7.7407,-2.0693,-0.0425,-0.4468,-0.4905
-0.1916,-7.8557,-2.0310,-0.1093,-0.5002,-0.3436
0.0383,-9.7334,-1.7244,-0.1761,-0.4286,-0.3715
1.3795,-9.9633,-1.2263,-0.2550,-0.4165,-0.2829
1.7244,-9.8100,-1.4179,-0.3217,-0.2878,-0.2416
1.3795,-9.5801,-0.9963,-0.2100,-0.1688,-0.2270
0.6514,-9.5801,-0.8047,-0.1008,-0.0801,-0.1833
-0.4215,-10.4231,-0.5748,-0.0073,-0.0085,-0.1141
-1.4179,-10.7297,-0.4215,0.0789,-0.1044,-0.0413
-1.1496,-10.8446,-0.4598,0.1761,-0.2173,0.0340
-1.3029,-10.8830,0.1150,0.2283,-0.3412,0.0243
-0.6514,-10.7680,0.1150,0.1748,-0.5439,-0.0097
0.3066,-11.3045,-0.1916,0.0243,-0.5682,-0.1153
1.9927,-13.3738,0.8430,0.1530,-0.3412,-0.2720
2.5675,-17.3974,-3.6021,-0.0935,-0.2708,-0.7309
1.4179,-15.1748,-4.4068,-0.2137,-0.1105,-1.1874
-0.6898,-12.4541,-4.9816,-0.0170,0.0838,-1.2166
-1.3412,-8.7754,-6.0929,-0.0328,0.0255,-1.0709
-2.3375,-6.3995,-4.4452,-0.0680,-0.2768,-0.8754
-1.2646,-7.4341,-2.7591,-0.0631,-0.4881,-0.6277
0.1916,-8.8903,-2.6441,-0.1894,-0.6653,-0.2610
2.4908,-9.3885,-2.6058,-0.3278,-0.5427,-0.0389
5.1349,-10.1932,-2.9507,-0.4092,-0.0801,-0.0498
4.6751,-10.3848,-3.3722,-0.4857,0.3266,0.1068
1.2263,-10.6147,-3.2572,-0.2975,0.4674,0.3497
-0.9580,-9.6184,-2.9507,-0.0680,0.5184,0.5160
-1.1496,-8.8137,-2.5675,0.0510,0.4796,0.5197
0.4215,-8.2005,-1.7627,0.0607,0.4007,0.5221
0.6898,-8.0089,-1.1879,-0.0607,0.3327,0.5051
0.2299,-8.1622,-1.1113,-0.1251,0.3108,0.5415
-1.0346,-8.7370,-0.6131,-0.1469,0.3849,0.5160
-1.0730,-9.1969,-0.9197,-0.1093,0.3400,0.4747
-0.4215,-9.3885,-1.1113,-0.1263,0.2829,0.4080
0.4215,-9.8483,-1.3412,-0.1651,0.3570,0.3217
1.4945,-10.4998,-1.3795,-0.1554,0.5621,0.2125
1.4562,-11.6111,-0.8430,0.0340,0.7273,0.1117
0.6514,-11.6494,-0.5748,0.2586,0.8705,0.0704
-1.5711,-11.1512,-0.3066,0.4165,0.8256,0.1566
-2.7591,-11.6877,0.1150,0.4723,0.6144,0.2732
-1.7244,-10.7297,1.0346,0.5051,0.4589,0.3800
-0.1916,-14.7533,-1.4562,0.2270,0.5184,0.6374
-1.0730,-15.6730,-5.0966,-0.2076,0.3448,0.8499

