-.-.-
0.1150,-4.5984,-2.2609,0.2088,-1.0053,0.1833
1.2646,-3.8320,-2.3375,0.1275,-0.8924,0.1056
2.0310,-4.0236,-1.6095,0.2283,-0.8475,0.0911
0.9963,-4.9433,-2.0310,0.2623,-0.9106,0.1797
0.7281,-5.8247,-2.2992,0.2380,-0.8730,0.3885
1.1879,-5.7480,-3.2955,0.2258,-0.9361,0.6690
0.3832,-5.6714,-3.7554,0.2477,-1.1182,0.8924
-2.1843,-5.5181,-4.0236,0.2453,-1.3987,1.1704
-5.2499,-5.4415,-4.7517,0.3740,-1.8831,1.6634
-6.7444,-6.4378,-5.9396,0.5063,-2.2887,2.1381
-5.0583,-7.9323,-5.7097,0.7309,-2.6845,2.3494
-4.9050,-7.8557,-1.2646,1.0162,-3.0718,2.2814
-8.7370,-7.6257,-0.9580,1.2287,-3.0560,2.6905
-24.0652,-15.0216,-0.1150,0.7928,-3.6813,3.3559
-85.4926,-43.5319,-11.3045,0.8365,-4.3078,4.9148
-5.4032,-57.4421,1.6095,-0.7333,-4.0188,3.0997
19.6200,-4.5218,-6.4378,2.8484,-4.1427,4.9537
17.7040,17.0142,3.7171,1.9863,-2.2911,4.6672
-9.0819,3.4488,24.0652,-3.7675,2.3931,4.3381
-17.9722,-18.2788,-17.5124,0.3035,-1.2955,4.6222
-9.3118,-11.8027,0.0766,0.5804,-1.3368,4.6987
0.1533,-4.1769,1.7244,0.4419,-0.9786,4.7898
3.5255,-0.7664,8.4305,0.1627,-1.0964,4.9719
-8.3921,-1.4179,11.5344,0.6314,-1.7362,5.2390
-15.9029,-3.8320,10.6530,0.8608,-2.2826,5.2196
-14.3701,-0.0766,9.3885,0.8135,-2.3615,4.8444
-11.6111,9.8483,0.6898,0.6192,-0.1627,3.1386
-10.6147,13.8720,2.0693,2.5376,2.5412,0.2926
-7.5874,8.1239,7.3958,3.0924,2.3093,-0.5755
-7.6641,2.0693,5.8630,1.0247,2.9224,-0.4674
-7.4341,-3.7171,3.2572,0.4905,1.6694,-0.0340
-8.1239,0.1916,3.7937,0.7601,0.2853,0.2040
-9.3118,7.6257,2.5675,1.2214,-0.0886,0.1833
-8.6987,9.0436,2.4908,1.3477,0.3740,0.3812
-4.9433,5.1732,2.2226,0.8790,0.2695,0.4942
-2.4142,1.0730,2.5291,0.4942,-0.1591,0.0243
-4.3685,3.3339,1.6861,0.7066,-0.2161,-0.7467
-5.2499,4.7517,1.6861,1.0296,-0.1251,-1.1437
-4.0236,4.4835,1.6478,1.2979,0.0486,-1.4983
-3.1423,3.9470,2.1459,1.2579,0.2756,-1.9038
-6.7827,1.8011,1.6095,1.4266,0.7455,-2.3057
-14.2552,1.1879,0.0766,1.6415,1.0709,-2.2462
-17.5124,3.7171,-2.1843,1.2409,1.0138,-1.8710
-16.4011,4.6368,-2.6058,0.7236,1.2178,-1.3890
-14.6000,2.7974,-2.2226,0.3509,1.4655,-0.9021
-11.6877,1.5711,-0.6898,-0.4322,1.6294,-0.7467
-11.2662,1.5328,0.5365,-0.9215,1.9876,-0.4832
-10.4614,0.3832,0.3066,-0.8025,2.1162,-0.1542
-8.3155,0.4982,-0.8430,-0.5488,1.9487,0.1493
-8.6987,0.6131,-0.8430,-0.3181,1.8188,0.3205
-7.4341,-0.0383,-0.9963,-0.3630,1.5237,0.1396
-8.6987,1.6095,-3.1806,-0.3181,0.8511,-0.4322
-10.4231,0.0766,-3.3339,-0.5719,0.3157,-0.6277
-11.0363,-1.5711,-4.0236,-0.7358,0.0838,-0.4347
-10.3848,-1.6478,-4.1386,-0.7261,-0.1238,-0.2040
-9.5418,-1.1496,-4.2536,-0.5172,-0.3545,-0.3557
-10.4614,-1.2263,-4.1769,-0.3885,-0.3812,-0.4917
-10.8446,-2.4142,-3.6787,-0.1639,-0.3557,-0.3618
-10.2315,-2.2992,-3.1039,0.0716,-0.3327,-0.2028
-9.6567,-1.1113,-2.6441,0.0935,-0.4152,-0.1566
-9.3118,-0.9963,-2.2226,0.0595,-0.5233,-0.1712
-9.3885,-1.3795,-1.6861,0.0656,-0.5840,-0.1651
-9.6567,-1.6095,-1.3795,0.0971,-0.5913,-0.0923
-9.5034,-1.6478,-1.1113,0.1287,-0.5816,0.0061
-9.6184,-1.3795,-0.9963,0.1542,-0.6071,0.0789
-9.8100,-0.9197,-0.7281,0.1554,-0.6204,0.1287
-9.8866,-0.2682,-0.5748,0.1724,-0.5609,0.1469
-9.9633,-0.1916,-0.4215,0.1506,-0.4407,0.1311
-10.0016,-0.1916,-0.2682,0.1226,-0.2938,0.1117
-9.8866,-0.1533,-0.0383,0.1372,-0.1603,0.0801
-9.7334,0.2682,-0.0383,0.1493,-0.0474,0.0425
-9.6184,0.5365,0.0000,0.1251,0.0413,0.0243
-9.7717,0.8430,0.0766,0.0704,0.0862,0.0134
-9.7717,0.4215,-0.1533,0.0000,0.1141,0.0000
-9.6567,0.3066,-0.3449,-0.0510,0.1469,-0.0061
-9.8100,0.0766,-0.1533,-0.0704,0.1870,-0.0121
-9.9250,0.0766,-0.4215,-0.0777,0.2258,-0.0401
-10.1166,-0.1533,-0.8047,-0.0607,0.2586,-0.0656
-10.0016,-0.2299,-0.6898,-0.0364,0.2659,-0.0728
-9.9250,-0.2682,-0.7281,-0.0085,0.2489,-0.0789
-9.8866,-0.2682,-0.8430,0.0061,0.2234,-0.0874
-9.9250,-0.4215,-0.8430,0.0182,0.2137,-0.0898
-9.8866,-0.6514,-0.9197,0.0255,0.1979,-0.0777
-9.8866,-0.6514,-0.9580,0.0219,0.1748,-0.0571
-9.8483,-0.7664,-0.9580,0.0243,0.1481,-0.0364
-9.8866,-0.6514,-1.1496,0.0389,0.1153,-0.0194
-9.9250,-0.6514,-1.2263,0.0231,0.0850,-0.0097
-9.8866,-0.6131,-1.1113,0.0012,0.0522,-0.0049
-9.8866,-0.6131,-1.1113,-0.0061,0.0243,-0.0024
-9.8100,-0.6514,-0.9963,-0.0036,-0.0036,0.0024
-9.8483,-0.6131,-0.7664,-0.0061,-0.0279,0.0061
-9.9633,-0.4215,-0.8430,0.0109,-0.0364,0.0109
-9.8866,-0.3832,-0.7664,0.0243,-0.0389,0.0109
-9.8100,-0.2299,-0.5365,0.0291,-0.0474,0.0000
-9.8100,-0.4982,-0.7664,0.0328,-0.0449,0.0000
-9.8483,-0.3066,-0.6898,0.0401,-0.0316,-0.0061
-9.8100,-0.2682,-0.7664,0.0389,-0.0121,-0.0085
-9.8866,-0.2299,-0.6898,0.0085,-0.0061,-0.0219
-9.8866,-0.3832,-0.5748,-0.0121,-0.0109,-0.0255
-9.8866,-0.2682,-0.5748,-0.0012,0.0012,-0.0255
-9.9250,-0.2682,-0.4982,0.0024,0.0243,-0.0243
-9.8866,-0.4598,-0.5365,-0.0036,0.0425,-0.0291
-9.8866,-0.3449,-0.6131,-0.0097,0.0559,-0.0316
-9.8866,-0.4598,-0.6898,-0.0146,0.0741,-0.0304
-9.8483,-0.4982,-0.6131,-0.0158,0.0886,-0.0291
-9.9250,-0.5365,-0.5365,-0.0158,0.0959,-0.0255
-9.9250,-0.4598,-0.6898,-0.0158,0.1020,-0.0243
-9.8100,-0.5748,-0.6514,-0.0182,0.1056,-0.0194
-9.8100,-0.6131,-0.5365,-0.0170,0.1068,-0.0121
-9.8483,-0.6131,-0.5365,-0.0170,0.1008,-0.0036
-9.8866,-0.5365,-0.6131,-0.0146,0.0959,-0.0024
-9.8100,-0.4598,-0.6898,-0.0121,0.0898,-0.0012
-10.0016,-0.4982,-0.6514,-0.0206,0.0813,-0.0024
-9.8483,-0.4598,-0.6514,-0.0243,0.0680,-0.0024
-9.8100,-0.6131,-0.6898,-0.0194,0.0595,-0.0012
-9.8100,-0.4215,-0.6131,-0.0134,0.0571,0.0000
-9.9250,-0.3832,-0.6131,-0.0134,0.0534,0.0024
-9.9250,-0.3832,-0.6131,-0.0182,0.0583,-0.0024
-9.8866,-0.4598,-0.5748,-0.0134,0.0656,-0.0024
-9.8483,-0.4982,-0.5365,-0.0085,0.0692,-0.0073
-9.9633,-0.3449,-0.5365,-0.0024,0.0813,-0.0073
-9.8866,-0.4982,-0.4982,0.0000,0.0898,-0.0097
-9.8100,-0.5365,-0.4982,-0.0012,0.1032,-0.0085
-10.0016,-0.5365,-0.4598,0.0061,0.1153,-0.0073
-10.0399,-0.3449,-0.5748,0.0170,0.1263,-0.0061
-9.8483,-0.4215,-0.7281,0.0267,0.1348,-0.0073
-9.8483,-0.5365,-0.5365,0.0279,0.1506,-0.0036
-9.8483,-0.5365,-0.6514,0.0134,0.1566,-0.0049

