-.-.-
-1.3412,-7.6641,-0.4982,0.4881,-0.2343,-0.8208
-2.2226,-6.2079,0.5365,0.5464,-0.4735,-0.5549
-1.6095,-4.5984,-0.5365,0.4286,-0.8317,-0.6046
0.9580,-5.1732,0.1150,0.0425,-0.9057,-0.6653
2.1459,-6.8977,0.5748,-0.0401,-0.7467,-0.5828
1.5328,-7.4341,1.1496,-0.2258,-0.7224,-0.5354
0.9197,-7.5108,1.5711,-0.2198,-0.6569,-0.3193
0.4215,-8.0473,0.1916,-0.0559,-0.6896,-0.0486
3.6021,-8.9670,-2.1076,-0.7710,-0.6993,0.0619
3.1423,-10.0016,-1.0730,-0.8997,-0.5063,0.0036
1.5711,-11.6877,-4.5601,-1.3829,-0.0911,-0.1238
-0.0766,-12.4924,-9.4268,-1.3562,0.5367,-0.2683
7.8173,-8.9670,-3.6787,-0.1833,2.2777,-0.4844
2.6058,-12.7990,1.9160,-0.2076,1.2967,-0.3970
-3.3339,-17.9722,-3.0656,-0.8110,0.4929,-0.7418
-6.8210,-17.0142,0.4598,-0.5864,-0.0425,-1.0150
1.2263,-10.9596,-2.1076,-1.3817,-0.7564,-0.7734
4.7517,-10.6530,-1.5328,-1.4788,-0.3752,-0.9701
6.0929,-8.7370,2.7974,-2.0349,0.3278,-1.2955
5.3265,-4.9433,5.5564,-2.4101,0.6726,-0.9883
2.6058,-3.1806,7.8173,-1.3113,-0.0146,-0.0886
0.5748,-4.1386,9.6950,0.4055,-0.6059,0.9652
1.2263,-4.5984,9.9250,1.6112,-1.1134,1.5140
2.2609,-0.1150,4.6368,2.1247,-1.4145,1.7241
1.7627,3.0656,-6.1696,1.7095,-1.3987,1.5444
1.1879,3.6404,-33.2237,-0.8875,0.3412,1.0612
4.8667,-49.2033,15.9413,-3.5477,-0.3861,-2.5315
2.4525,-9.6950,-5.7864,0.6107,1.8576,-2.0689
-8.3538,-7.3575,-4.3685,1.5662,-1.5055,1.8734
-8.6987,-11.2662,-0.7281,1.8831,-1.5371,2.8617
5.6331,-11.4961,-3.2955,0.0024,-1.5881,1.4388
9.3502,-18.3171,1.9543,-1.8613,-0.0765,0.1858
1.4179,-15.0216,2.6824,-1.0490,0.0267,0.8426
-4.7900,-14.8683,-3.5638,0.8463,0.8086,1.4254
-4.2919,-11.4195,-0.8814,1.5650,0.5634,1.8236
-1.1496,-10.3465,-2.9123,0.7370,0.0146,1.6694
0.2682,-8.5071,-3.6021,0.1166,0.0449,0.9142
0.6131,-2.1076,-4.5218,-0.2137,0.3290,0.2149
0.1916,-0.3066,-4.0236,-0.9337,0.4638,0.1967
-0.1533,-4.0236,-4.6751,-1.3611,0.6629,0.3861
0.6514,-6.5145,-4.2919,-1.4594,0.9215,0.3193
1.2263,-8.0089,-2.3375,-1.4084,1.1304,0.2137
1.4179,-5.0966,-2.4525,-1.1911,1.6015,0.0716
2.7207,-2.8740,-5.4032,-1.7168,1.6719,-0.1724
0.6514,-6.9360,-6.3612,-3.4506,1.1061,0.2343
-12.9139,-8.0089,-4.2536,-3.2138,0.8402,0.5706
-2.6824,-13.5271,-8.0473,-2.7172,1.1971,-0.1506
6.7827,-13.8720,-4.7517,-1.9378,1.4764,-0.8548
3.2189,-7.2425,-9.1969,-2.2595,1.9013,-1.2664
0.3449,-11.8793,-13.9486,-2.8532,2.4902,-0.7807
-2.0693,-17.5507,-10.4614,-2.7124,2.8423,-0.8305
1.1879,-18.3554,-11.6494,-2.2195,2.3129,-1.9378
2.9890,-14.4084,-9.6567,-2.1818,1.4740,-3.0099
2.2226,-11.9559,-7.5108,-2.1138,0.6071,-2.9030
0.9963,-8.0089,-4.0620,-2.0021,-0.0898,-2.6918
-0.4215,-5.5564,3.4105,-1.6075,0.1445,-2.2449
0.3449,-4.0236,-1.8011,-0.8135,-0.3849,-1.4157
-1.8777,5.4415,2.7974,-1.2615,-1.1267,-0.8973
-3.8704,2.6824,1.6861,-1.8431,-0.8973,-0.5464
-3.1806,3.6021,0.8814,-2.4368,-1.3246,0.3861
-0.1916,4.7134,1.0730,-2.9831,-0.8973,0.5670
2.9123,2.3759,-4.5218,-2.4016,-0.8232,-0.1845
1.7244,1.9160,-3.6021,-3.3013,-0.6059,-0.5257
0.5365,1.9543,-5.1732,-3.0220,-0.2610,-0.3387
-4.0236,5.7864,-8.2772,-2.6347,-0.3278,0.0097
-3.0273,0.7281,-5.5181,-3.1386,-0.6435,0.4747
3.8704,-4.2536,0.0383,-4.0358,-0.5706,0.3679
1.8394,-0.6514,0.3066,-3.7408,-0.1275,-0.2416
-1.3795,0.3449,-3.0656,-3.2830,-0.4080,-0.5148
-6.7827,0.0000,-4.3302,-2.9528,-1.0320,-0.3351
-2.7974,-0.7664,-3.8704,-2.7294,-1.3720,-0.1542
4.1003,0.0383,1.1879,-2.2097,-1.6658,-0.4529
9.3502,2.4525,-2.5291,-1.6755,-1.6342,-0.5051
-2.6058,3.7554,-4.5601,-1.1012,-2.0009,-0.8074
-10.5764,1.0730,-6.9360,-0.6860,-2.6893,-0.3035
-8.5071,4.5218,-6.5911,-1.2676,-3.8537,-0.3351
-7.4725,9.4268,-2.2226,-1.0903,-4.2325,-0.2683
-1.7627,14.6384,-7.5874,-0.4092,-2.7391,-1.5347
24.2184,4.8284,-11.8410,0.2987,3.9253,-2.0325
4.6368,-0.3066,-24.0268,0.8718,3.8415,-0.7188
2.6824,4.4452,-14.9449,1.9912,5.7259,-1.3550
-6.0546,18.6620,-4.9050,1.9220,5.6348,-1.0357
-14.3701,32.1124,-25.9429,3.1179,2.4161,-3.1738
-1.9160,25.2148,-20.6930,1.5480,0.8669,-3.1179
7.8557,-0.2299,-28.0121,2.9370,0.7115,-0.6751
-3.1806,24.3334,-22.7623,2.9455,1.0612,0.0923
-0.9197,19.5050,-2.4908,4.1220,1.7751,0.8766
7.9323,11.3045,-13.0289,5.0557,0.5889,1.8394
1.8777,12.4158,-14.9832,2.9868,4.3430,3.1313
11.3428,4.5984,-7.6257,-5.3204,0.1493,0.3812
4.8284,1.7627,-5.9013,-3.8743,1.3368,0.3060
5.7097,1.1496,-6.4761,-0.6083,2.7233,0.7637
-6.3995,4.4452,-5.6714,1.6002,2.3324,0.8705
-9.7334,6.0929,-6.8593,0.7382,1.4169,0.6314
-3.8320,5.1732,-6.5911,-0.4298,0.9361,1.0150
-4.1003,7.5108,-5.7864,0.5014,1.3210,1.1753
2.7207,-8.5838,-1.9927,0.4019,0.2695,0.3533
-3.0273,-0.4982,-7.1276,4.6975,-0.7091,-2.2012
6.8210,23.5287,-8.6604,-0.5779,-1.4266,-0.1979
2.3375,5.0583,-2.2992,0.5245,-0.8013,0.5621
3.7171,-6.3229,-2.4908,0.4905,-0.8681,0.7576
9.2352,-1.4179,-11.6877,-0.0364,-0.9482,0.0680
9.0436,1.1496,-10.7297,-0.2926,-1.0017,-0.2987
5.6331,0.4982,-10.8830,-0.4577,-1.5978,-0.3800
4.7900,-0.6131,-11.6111,0.2610,-0.9592,-0.2246
5.3648,-2.3375,-9.7334,0.3715,-0.5658,-0.2088
4.4068,-0.3449,-10.9596,0.4723,-0.2890,-0.1676
3.6021,2.0693,-9.1586,-0.6229,0.4614,0.2963
2.5675,3.5255,-7.9706,-0.7528,0.6411,0.0959
0.7281,0.5748,-8.5071,-0.2246,0.4347,0.0073
0.0000,-0.6514,-8.0473,0.2210,0.0716,0.1311
0.4982,0.5748,-8.5454,0.7115,-0.1627,0.0571
2.0693,0.2682,-8.2772,0.7176,-0.3290,-0.0158
2.3759,-0.4598,-8.3538,0.7928,-0.3035,-0.0012
1.6861,-0.6514,-8.3155,0.8171,-0.1627,-0.0340
1.4179,-0.1533,-7.0893,0.7783,0.0364,-0.1348
2.2226,-0.0766,-9.1969,1.0332,0.0425,-0.1930
3.1806,-0.1916,-10.4231,1.1158,0.0073,-0.1093
2.8357,0.6131,-10.2315,0.8220,-0.0376,-0.0158
2.6441,0.8430,-10.3082,0.5075,-0.1542,-0.0097
2.4908,1.1496,-10.0016,0.2720,-0.0862,-0.0340
2.5675,0.3066,-9.5418,0.1263,-0.1129,0.0255
3.0656,0.7281,-9.3118,0.0947,-0.1761,0.1105
2.6824,0.1533,-8.6221,-0.0304,-0.0291,0.2258
2.6824,-0.1150,-8.5454,0.0000,0.0036,0.2440
2.7974,-0.1916,-8.0089,0.0401,0.0182,0.2465
2.8740,-0.5365,-8.2005,0.1226,-0.0206,0.2732
2.6824,-0.7281,-8.4305,0.2015,-0.0413,0.3254

