-.-.-
-0.6514,-8.6221,-2.0310,-0.1081,0.4237,0.1421
-0.0383,-8.3921,-1.8394,-0.0243,0.4468,0.0716
-0.1150,-8.0856,-1.9160,0.0158,0.4772,0.0279
-0.2299,-8.3921,-1.8011,0.0243,0.4857,0.0194
-0.1916,-9.3502,-1.5711,0.0231,0.4650,0.0267
-0.3449,-9.7717,-1.7627,0.0668,0.4419,0.0425
-0.0383,-9.9250,-1.5711,0.1129,0.4456,0.0826
0.0000,-9.8483,-1.5328,0.2198,0.4589,0.1105
-0.8047,-9.7334,-1.4562,0.3023,0.4177,0.1761
-0.3832,-10.1166,-0.4598,0.3290,0.6204,0.2368
0.4598,-10.3465,-0.4982,0.3812,0.9252,0.2295
1.3029,-10.5381,-3.4871,0.0328,1.0175,0.2708
0.4598,-11.4961,-6.5528,-0.4067,0.6666,0.3715
-2.9123,-13.6037,-4.2536,-0.0583,0.1748,0.6010
-1.9927,-12.3775,-5.4798,0.3047,0.0024,0.6338
-1.4945,-10.2698,-6.2462,0.3290,0.3594,0.5852
0.7281,-7.6257,-6.0546,0.2137,0.7758,0.4602
2.3375,-7.2425,-5.7097,0.1627,0.9640,0.3606
3.6021,-7.2042,-5.4032,0.0243,0.8293,0.3108
2.1459,-8.3155,-4.5218,-0.1299,0.7309,0.2076
-0.3832,-8.8903,-3.7554,-0.1518,0.7018,0.0498
-0.9580,-8.8137,-3.5638,-0.2003,0.6350,-0.1178
-0.1533,-8.0856,-3.5255,-0.0996,0.6119,-0.2586
0.2682,-7.1659,-3.4105,-0.0170,0.6738,-0.2950
0.3832,-7.0509,-2.7591,-0.1396,0.6581,-0.2720
0.0000,-7.1659,-2.4525,-0.1736,0.5294,-0.1870
0.4215,-7.0893,-2.4525,-0.1032,0.3982,-0.1032
0.5748,-7.0126,-2.4525,-0.1068,0.2890,-0.0559
0.8814,-7.4341,-2.6058,-0.2003,0.2015,-0.0425
1.2646,-8.3155,-2.4142,-0.2865,0.1858,-0.0364
1.1113,-8.7754,-2.3375,-0.2392,0.2125,0.0109
0.7281,-9.1202,-1.8777,-0.0716,0.2040,0.0619
0.5748,-8.8520,-1.4945,0.0813,0.0947,0.0838
-0.0766,-9.3118,-1.3412,0.1056,-0.0898,0.1008
-0.5748,-9.7717,-1.3029,0.1906,-0.2076,0.1226
-0.1150,-10.1932,-1.7244,0.2793,-0.2440,0.0789
1.1496,-9.8483,-2.1076,0.2865,-0.1190,0.0316
1.9160,-9.9633,-1.1113,0.3011,-0.1056,-0.0886
1.5328,-10.0016,-0.8047,0.4322,-0.1202,-0.1481
1.8777,-10.8063,-0.9963,0.4723,-0.2756,-0.1421
2.2226,-10.7297,-6.3612,-0.2076,-0.1858,-0.2161
5.3648,-12.3775,-8.8137,-0.7710,0.3594,-0.3849
3.7171,-13.3738,-5.1349,-0.0121,0.8997,-0.2695
0.1150,-12.1475,-4.7517,0.3375,0.8815,-0.0753
-2.8740,-8.7370,-7.0509,0.4602,0.3557,0.0206
-3.2572,-6.1696,-7.1659,0.3084,0.0000,0.0619
-1.3412,-6.7827,-5.3265,-0.0049,-0.1724,0.1603
0.0383,-8.0856,-4.1769,-0.1809,-0.1056,0.2574
0.4982,-9.0436,-4.0236,-0.2246,0.0340,0.3145
0.4215,-9.3502,-3.8704,-0.0461,0.1178,0.4031
-0.1150,-8.3538,-3.3722,0.1845,0.1202,0.4905
0.0000,-6.7444,-3.4488,0.1736,0.0898,0.5124
0.3832,-6.0929,-3.3339,0.0376,0.1141,0.4990
0.4215,-6.5911,-2.9507,-0.0583,0.1554,0.4541
0.2299,-7.1276,-3.1806,-0.1117,0.2295,0.3897
-0.6898,-7.1276,-3.4871,-0.1166,0.3278,0.3460
-1.1113,-7.4725,-3.2572,-0.1627,0.3788,0.2938
-1.1113,-8.0473,-2.7591,-0.2113,0.3995,0.2635
-0.8430,-8.8137,-2.6058,-0.1748,0.3557,0.2015
-0.0766,-8.9286,-2.2992,-0.0947,0.3351,0.0874
0.0000,-8.8903,-2.1843,0.0061,0.3946,-0.0146
-0.0766,-8.6987,-2.1843,0.1275,0.4456,-0.0971
-0.2682,-8.6987,-2.1076,0.1930,0.4954,-0.1542
-0.1533,-9.1969,-1.8011,0.1955,0.5282,-0.1506
-0.0383,-9.7334,-1.4562,0.1991,0.5852,-0.0777
-0.1916,-9.8866,-1.8777,0.2853,0.4711,-0.0401
-0.9197,-9.6950,-1.3029,0.4322,0.3485,-0.0219
-1.2646,-9.2735,-1.4179,0.5124,0.3181,-0.0182
-0.9963,-9.6184,-1.4562,0.4444,0.3776,-0.0109
0.3832,-9.9633,-2.8740,0.0425,0.3885,0.1153
0.1533,-11.8410,-5.2116,-0.3970,0.1238,0.2647
-1.9160,-12.4158,-4.8284,-0.1943,-0.2817,0.4007
-2.6058,-11.6877,-5.7864,0.1202,-0.2829,0.3788
-2.4908,-9.9633,-7.3192,0.1299,0.1603,0.2222
0.0000,-8.6604,-6.4761,0.2076,0.4844,0.1870
0.0766,-7.3958,-6.4378,0.1712,0.5585,0.1251
1.9543,-7.9323,-5.1732,-0.0449,0.3315,0.0801
0.6898,-8.9670,-4.9433,-0.1153,0.1797,-0.0401
-0.6898,-9.4268,-4.4452,0.0109,0.1748,-0.1311
-1.1496,-9.2352,-4.2152,0.0024,0.1445,-0.3023
-0.3832,-8.2389,-3.7937,-0.0061,0.1991,-0.4772
0.3449,-7.3958,-3.1423,-0.0036,0.2793,-0.5014
0.8430,-6.9360,-2.6441,-0.0231,0.2647,-0.4249
0.6514,-6.2845,-2.6058,0.0158,0.1578,-0.3472
0.4982,-5.9396,-2.6441,0.0486,0.0121,-0.2635
0.5365,-6.0546,-2.1459,-0.0073,-0.0753,-0.1615
0.5748,-6.3612,-2.7207,-0.1336,-0.0947,-0.1202
0.9580,-7.3192,-2.6824,-0.2149,-0.0813,-0.1032
1.0730,-8.2772,-2.6441,-0.1882,-0.0971,-0.0437
0.7281,-8.6221,-2.1076,-0.0801,-0.1639,0.0340
0.3066,-8.8137,-1.1113,0.0413,-0.2817,0.0486
-0.4215,-9.5801,-0.5365,0.1894,-0.4614,0.0389
-0.9197,-9.9633,-1.4179,0.3545,-0.5269,0.0437
0.5748,-9.8100,-1.3412,0.3982,-0.3084,0.0012
1.6095,-9.1586,-2.1076,0.5597,-0.0522,0.0243
3.4488,-9.5034,-2.7591,0.3776,0.1153,-0.0109
2.7974,-10.1166,-4.9050,-0.0571,0.2270,-0.1530
2.7974,-12.0326,-7.1659,-0.4638,0.6823,-0.3400
2.1076,-13.2588,-5.7480,-0.5209,1.0927,-0.5500
-0.0383,-13.4888,-4.3685,-0.0510,0.9677,-0.3655
-2.3759,-11.6111,-5.7864,0.3740,0.4978,-0.1153
-2.3375,-8.2389,-6.7827,0.6459,-0.2720,0.0461
-1.9160,-7.3575,-7.1276,0.2817,-0.5099,0.0656
0.0383,-7.6257,-6.4378,0.0340,-0.2963,0.0668
0.9963,-8.3921,-5.0966,-0.0316,-0.0389,0.0158
0.8814,-9.0053,-4.0236,0.0583,0.1093,-0.0012
0.4982,-9.0053,-4.1003,0.0850,0.0862,0.1821
0.2299,-8.3538,-3.6787,0.1044,-0.0425,0.3302
0.1916,-7.0126,-3.5255,0.1809,-0.0668,0.3582
0.2682,-6.3229,-3.2572,0.1117,-0.0134,0.3436
0.0000,-6.2079,-2.7974,0.0522,0.0522,0.2817
-0.7664,-6.1696,-2.5291,0.0838,0.1117,0.2125
-1.0346,-6.3229,-2.6824,0.0546,0.1530,0.1518
-0.9580,-6.8593,-2.5675,-0.0316,0.1081,0.1008
-0.8814,-7.4341,-2.4908,-0.0789,-0.0061,0.0206
-0.7281,-7.9706,-2.1459,-0.0607,-0.0631,-0.0777
-0.4598,-8.0089,-1.9543,0.0546,-0.0486,-0.1785
-0.1533,-8.0856,-1.8011,0.1421,0.0316,-0.2198
0.2299,-8.3155,-1.6095,0.1603,0.0947,-0.1930
0.6131,-9.2352,-1.3412,0.2064,0.1408,-0.1396
1.0346,-9.8100,-1.4945,0.3023,0.1991,-0.1336
-0.0383,-10.1166,-1.7244,0.4322,0.1214,-0.1421
-1.6478,-9.9633,-1.7244,0.5367,0.0158,-0.0741
-1.8011,-10.0016,-1.1113,0.5233,0.0862,-0.0109
-1.3412,-10.3465,-1.4179,0.4759,0.1530,0.0413
-0.6514,-11.0746,-2.2992,0.1360,0.1372,0.1833
0.6131,-11.6111,-4.7134,-0.1761,-0.0328,0.3023
-0.6131,-11.7643,-6.5911,-0.1299,-0.3120,0.3642

