-.-.-
0.4215,-10.3848,-0.6898,-0.0049,-0.3327,0.0255
0.3832,-11.1895,-0.1916,0.0243,-0.3800,0.0182
0.0766,-11.6111,0.1916,0.0777,-0.3351,0.0097
-0.2682,-10.9596,1.4179,0.1967,-0.3885,0.0012
-0.7281,-10.6147,1.8394,0.2683,-0.5512,-0.0449
-1.3412,-12.3775,-1.8394,-0.0643,-0.6423,-0.1457
0.6898,-13.1822,-3.5255,-0.3630,-0.4043,-0.2258
3.8320,-9.8483,-4.0236,0.0437,0.0255,-0.2368
2.3375,-8.4305,-3.9087,-0.0182,0.0474,-0.3120
-1.0730,-9.5801,-2.5291,-0.0194,-0.2270,-0.3327
-2.4908,-10.1549,-3.3339,-0.0036,-0.3521,-0.1858
-0.7281,-9.5801,-3.7171,-0.0886,-0.4517,-0.0291
0.4215,-9.2735,-3.4871,-0.0279,-0.3023,0.0073
1.6095,-8.6604,-2.6824,-0.0206,-0.0073,0.0206
1.0346,-8.6221,-2.3375,-0.0947,0.2428,0.0583
0.0766,-8.3155,-2.2992,-0.1518,0.2659,0.1263
-0.6514,-8.0473,-2.2226,-0.2125,0.1797,0.1918
-0.8047,-7.8557,-2.1076,-0.2392,0.1785,0.2149
-0.4982,-7.7790,-2.1076,-0.2283,0.2440,0.2015
-0.1533,-7.7407,-2.2226,-0.2477,0.3448,0.1809
-0.4215,-7.7790,-2.0693,-0.2550,0.4881,0.1457
-0.6514,-7.7790,-2.1076,-0.2343,0.5998,0.1202
-0.4982,-8.3538,-1.9160,-0.2477,0.5852,0.0923
-0.3832,-8.9670,-1.7627,-0.2185,0.5221,0.0510
-0.4598,-8.9670,-1.6861,-0.1445,0.4942,0.0036
-0.6514,-8.9286,-1.3412,-0.0813,0.4990,-0.0304
-0.1533,-9.5034,-1.1879,-0.0474,0.5998,-0.0595
0.1533,-9.5801,-1.4562,-0.0049,0.6702,-0.0983
0.0000,-9.6567,-1.0346,-0.0061,0.7309,-0.1408
-0.2682,-9.7334,-1.5328,0.0194,0.7637,-0.1481
-0.9963,-10.5381,-1.5328,-0.0194,0.7601,-0.1251
-1.5328,-11.0746,-1.6478,0.0134,0.6569,-0.1093
-1.4562,-11.3428,-1.4945,0.0886,0.5585,-0.0801
-0.3449,-10.9979,-0.4598,0.2137,0.5148,-0.0534
0.4982,-10.6914,0.2299,0.3642,0.5597,-0.0279
0.8430,-11.8793,-0.3066,0.3764,0.7977,0.0328
-1.2263,-13.1055,-2.7974,0.1469,0.7224,0.1700
-2.1076,-11.1895,-3.2955,0.2501,0.3035,0.2793
-1.2263,-7.5108,-4.7517,0.4177,0.0923,0.2647
1.1496,-7.4341,-3.9470,0.2635,0.1979,0.3193
3.0273,-9.6184,-3.5638,0.2623,0.4359,0.3472
2.1459,-10.3082,-3.7171,0.2283,0.7236,0.1979
0.2299,-9.7334,-3.0273,0.2708,0.6799,0.0789
-0.8814,-9.6184,-2.4142,0.3424,0.4844,0.0486
-0.9197,-9.8483,-2.1843,0.4201,0.1421,-0.0073
-0.0383,-9.8100,-2.4142,0.3873,-0.0474,-0.0643
0.4982,-9.2735,-2.6441,0.3509,-0.0134,-0.0741
1.4945,-8.0473,-2.3759,0.3618,0.0486,-0.0704
1.6478,-7.5491,-2.3375,0.2841,0.0947,-0.0643
1.3795,-7.4341,-1.9543,0.1445,0.0886,-0.0765
0.9580,-7.8557,-1.8394,0.0498,0.0401,-0.0826
0.8430,-8.1622,-1.5711,0.0097,-0.0328,-0.0486
0.8430,-8.2772,-1.4179,-0.0024,-0.1202,-0.0012
0.4598,-8.2772,-1.2646,0.0267,-0.1603,0.0231
0.2299,-8.6987,-1.2263,0.0328,-0.1967,0.0643
0.3832,-9.0053,-0.8814,0.0571,-0.2380,0.0668
0.1533,-9.5034,-0.4598,0.0947,-0.2768,0.0704
-0.1533,-9.5034,-0.1533,0.2064,-0.3655,0.0911
-0.3066,-9.1202,0.2682,0.2598,-0.4104,0.1117
-0.1150,-8.8520,0.2299,0.2793,-0.4553,0.0971
0.1150,-9.8866,0.0000,0.2987,-0.5160,0.0291
0.3066,-10.6147,-0.4598,0.2368,-0.6241,-0.0012
0.3449,-11.0746,-0.5748,0.2380,-0.6666,0.0061
0.4982,-11.1129,-0.1533,0.2440,-0.6216,0.0134
0.3449,-10.8830,1.0346,0.3120,-0.5949,0.0024
-0.2682,-10.1549,1.6095,0.3582,-0.6386,0.0061
-0.5748,-11.3811,0.6898,0.2368,-0.8183,-0.0813
0.6898,-13.6420,-2.8357,-0.2173,-0.8390,-0.2623
3.3722,-12.1859,-3.5638,-0.1906,-0.2780,-0.3205
4.2536,-8.8520,-4.0236,0.1530,0.3060,-0.3047
1.2263,-9.0436,-2.8357,0.1348,0.1833,-0.2805
-1.8777,-9.9633,-2.6441,0.1603,-0.0522,-0.1615
-2.2992,-10.0399,-3.1039,0.1360,-0.2950,-0.0243
-1.0730,-9.5801,-2.6058,0.1044,-0.3667,0.0680
0.1533,-9.3502,-2.4142,0.1651,-0.2015,0.0886
1.2646,-9.1202,-2.2609,0.1481,0.1821,0.0971
1.5711,-8.5071,-1.8394,0.0813,0.4007,0.1469
0.9963,-8.2772,-1.8011,0.0559,0.3776,0.1943
-0.0766,-8.5454,-1.7627,0.0109,0.3460,0.2416
-0.8430,-8.5838,-1.9543,-0.0328,0.3630,0.2501
-1.0730,-8.0089,-1.7627,-0.0498,0.3995,0.2380
-0.7664,-7.7790,-1.8011,-0.0850,0.4468,0.2210
-0.4982,-7.7407,-1.7244,-0.1348,0.4735,0.1882
-0.5365,-8.0856,-1.6095,-0.1748,0.4687,0.1408
-0.6898,-8.8520,-1.0346,-0.1615,0.4723,0.0983
-0.6514,-9.2352,-0.9197,-0.0753,0.4310,0.0316
-0.8430,-9.1202,-0.8430,0.0097,0.3606,-0.0413
-0.9580,-8.9286,-0.1916,0.0486,0.3217,-0.0911
-0.9197,-8.8137,0.0000,0.0704,0.3011,-0.1226
-0.1150,-8.8520,0.0000,0.0643,0.3169,-0.1578
0.4598,-9.1586,-0.0383,0.0364,0.4468,-0.1906
0.6514,-9.3885,-0.1916,0.0546,0.5986,-0.1870
0.2682,-9.8483,-0.6514,0.0352,0.7443,-0.1676
-0.2299,-10.7297,-0.8047,-0.0134,0.8718,-0.1433
-0.9197,-11.8793,-0.6898,0.0243,0.9167,-0.1481
-1.2646,-12.3008,-0.2299,0.1056,0.8317,-0.1056
-0.8430,-11.3428,0.6131,0.2149,0.7540,-0.0716
-0.5365,-10.4231,1.3412,0.2768,0.6860,-0.0583
0.2299,-11.4195,0.3832,0.2125,0.8378,-0.0036
-1.7244,-13.0289,-2.3759,-0.1117,0.8681,0.1554
-2.4908,-11.3045,-2.9123,0.0765,0.3533,0.2950
-0.4982,-7.5491,-4.2152,0.3521,0.0364,0.1833
1.6095,-9.3502,-4.1386,0.1166,0.1493,0.1809
2.7591,-11.7260,-3.4105,0.0534,0.3873,0.2695
1.3412,-10.4998,-2.7974,0.2198,0.5014,0.1578
-0.6131,-9.2735,-1.9160,0.3060,0.4541,0.0182
-1.1113,-9.5034,-1.3795,0.3084,0.2574,-0.0546
-0.3449,-9.6184,-1.6478,0.1979,0.0668,-0.1360
0.4982,-8.8137,-1.6478,0.1202,-0.0619,-0.1991
1.0730,-8.0856,-1.9543,0.0923,-0.0874,-0.1773
1.3029,-7.7407,-1.8011,0.0631,0.0000,-0.1384
0.9963,-7.9706,-1.7244,-0.0049,0.0437,-0.1469
1.0346,-8.0089,-1.6861,-0.0631,0.0024,-0.1627
1.2263,-8.1622,-1.3029,-0.1129,-0.0389,-0.1651
1.4179,-8.5838,-1.3412,-0.0898,-0.0631,-0.1238
1.3795,-8.7754,-1.1496,-0.0061,-0.0765,-0.0522
1.3029,-8.5838,-0.9580,0.0631,-0.0510,0.0206
0.8430,-8.1622,-0.8430,0.0680,-0.0097,0.0704
0.5748,-8.5838,-0.6514,0.0036,0.0170,0.1226
0.1150,-8.8137,-0.4215,-0.0425,0.0073,0.1712
-0.1916,-8.9670,-0.3832,-0.0510,-0.0643,0.1724
-0.3449,-9.3502,-0.4215,-0.0583,-0.1603,0.1153
-0.4598,-9.5034,-0.6898,-0.0813,-0.2902,0.0911
-0.5748,-10.0782,-0.1533,-0.1093,-0.3885,0.0425
-0.1533,-10.1549,-0.0766,-0.0656,-0.5937,0.0182
0.6514,-11.4195,0.0383,-0.1008,-0.6301,-0.0267
1.4179,-12.3008,0.1533,-0.0741,-0.5464,-0.0401
1.9543,-11.8793,0.1150,-0.0255,-0.3509,0.0012

