-.-.-
-0.0766,-8.3155,-2.0310,0.0546,-0.1979,0.3132
-0.4215,-8.2389,-2.1843,-0.0401,-0.2392,0.3193
-1.1879,-8.1622,-2.4142,-0.1263,-0.2878,0.3011
-1.3412,-8.6987,-2.1076,-0.1323,-0.2853,0.2793
-1.1879,-9.6184,-1.8394,-0.1578,-0.2440,0.2732
-0.8814,-10.4231,-1.6861,-0.1736,-0.2100,0.2914
-0.4598,-10.9213,-1.3795,-0.1093,-0.1627,0.3424
0.0000,-10.7680,-1.3029,-0.0461,-0.0935,0.3982
0.1150,-10.1932,-0.9963,0.0474,-0.0267,0.4492
-0.3066,-9.5418,-1.3029,0.0668,0.0134,0.4772
-0.6514,-9.1202,-1.1113,0.0085,0.0158,0.4347
-1.1113,-8.9670,-0.9963,-0.0413,0.0170,0.3764
-1.2263,-8.8520,-0.9197,-0.0874,0.0291,0.3412
-1.1879,-8.6604,-0.7281,-0.1032,0.0486,0.3108
-1.0346,-8.6221,-0.7281,-0.1238,0.0595,0.2513
-0.7664,-8.7754,-0.4215,-0.1360,0.0680,0.1433
-0.4598,-9.0819,-0.4982,-0.1238,0.0801,0.0389
-0.5748,-9.1969,-0.2682,-0.0874,0.0862,-0.0607
-0.8047,-8.8137,0.1916,0.0146,0.1360,-0.1299
-0.7281,-9.1586,0.3832,0.0716,0.2380,-0.1627
-0.3832,-9.4268,0.3449,0.0983,0.3351,-0.2064
-0.0766,-9.7334,0.2299,0.0898,0.4104,-0.2720
-0.3832,-9.8100,-0.0383,0.0291,0.4638,-0.3497
-0.6131,-9.9633,0.0000,-0.0474,0.4893,-0.3825
-1.3029,-10.6530,0.1533,-0.0923,0.4929,-0.3193
-1.7627,-11.3428,0.7664,-0.0656,0.4893,-0.2173
-1.7627,-11.5344,1.4562,0.0777,0.5318,-0.1117
-1.6095,-11.3428,1.7627,0.1591,0.6010,0.0085
-1.4562,-11.3045,0.0000,0.1202,0.5767,0.1336
-2.2609,-12.4541,-1.3795,-0.1591,0.4917,0.2914
-3.4871,-13.9103,-1.6861,-0.3545,0.3606,0.4553
-3.0656,-12.7990,-1.8011,-0.2210,0.2088,0.5403
-1.2263,-10.4614,-1.4945,0.1566,0.2647,0.3982
1.1879,-8.1239,-2.9123,0.3873,0.3776,0.1372
3.1806,-6.7061,-2.7591,0.3011,0.5318,-0.0850
3.1039,-6.5145,-2.2609,0.0898,0.5160,-0.1918
1.8777,-7.8940,-2.1843,-0.1894,0.3861,-0.2185
0.8047,-10.9979,-1.4945,-0.3885,0.3217,-0.2562
-0.4598,-11.8793,-0.9197,-0.2768,0.2550,-0.4225
-1.3029,-11.5344,-1.2263,0.0935,0.0850,-0.4662
-1.1113,-9.8866,-1.8011,0.3278,-0.0838,-0.4553
-0.3066,-9.0436,-1.9543,0.3339,-0.2161,-0.4177
0.4598,-8.2005,-1.6478,0.3351,-0.3120,-0.3885
1.0730,-8.0089,-1.5711,0.2173,-0.3776,-0.3570
1.4562,-7.9323,-0.9963,0.0789,-0.3958,-0.3873
1.7627,-8.2389,-0.8047,-0.0291,-0.3618,-0.4128
1.8777,-8.6221,-0.4215,-0.1336,-0.2841,-0.3667
1.7627,-9.1202,0.2299,-0.1833,-0.2003,-0.2635
1.6095,-9.1202,0.1150,-0.1615,-0.1372,-0.1445
1.3412,-8.9286,0.2682,-0.1008,-0.1117,-0.0631
0.8814,-8.6221,0.3449,-0.0571,-0.1323,-0.0049
0.3449,-8.8137,0.5365,-0.0352,-0.2100,0.0437
-0.1916,-9.4268,0.4982,-0.0097,-0.2902,0.0862
-0.1150,-9.6950,0.7281,0.0000,-0.3727,0.1493
0.7664,-10.0782,0.3066,0.0182,-0.3982,0.2222
1.5711,-10.3465,-0.3066,-0.0316,-0.3594,0.1712
2.2226,-10.7297,1.6095,-0.0474,-0.3557,0.0874
2.1076,-11.4961,2.2992,0.0716,-0.3788,0.0595
1.3795,-12.4541,-1.4945,0.0801,-0.4007,-0.0437
2.4908,-13.8720,-2.6058,-0.1930,-0.2756,-0.3800
3.6021,-13.1439,-1.1879,-0.3400,-0.1056,-0.5646
1.1113,-11.6111,-0.5748,-0.0898,-0.2113,-0.4067
-0.4982,-10.1166,-1.9543,0.2355,-0.4893,-0.1251
-3.1039,-8.0473,-3.7937,0.3545,-0.6738,0.0753
-3.2955,-7.0126,-4.4068,0.1093,-0.7127,0.1408
-1.3029,-7.1276,-3.7554,-0.1275,-0.5330,0.1251
0.6514,-8.6604,-2.0310,-0.4262,-0.4237,0.1639
0.9963,-10.3848,-1.1496,-0.4298,-0.2440,0.2319
2.2609,-11.4195,-1.1879,-0.2635,-0.0243,0.3448
1.8777,-11.6111,-1.4945,-0.0474,0.2064,0.4747
0.5365,-9.8100,-1.0730,0.0619,0.3436,0.5512
-0.2682,-8.5071,-1.4945,0.3193,0.4177,0.5233
-0.8047,-8.3155,-1.5328,0.2756,0.5209,0.4383
-1.2646,-7.7407,-1.2263,0.2210,0.5367,0.3825
-1.1879,-7.1276,-1.3029,0.2185,0.5099,0.3545
-1.0346,-7.3958,-1.5328,0.0534,0.4942,0.2453
-1.1113,-8.1239,-1.1113,-0.1797,0.4614,0.1117
-1.1113,-8.7370,-0.6514,-0.2428,0.3958,0.0049
-1.2646,-8.8520,-0.3449,-0.1214,0.3958,-0.1081
-1.1496,-8.8520,0.2299,0.0291,0.4626,-0.1748
-0.5748,-9.0053,0.5748,0.1578,0.5804,-0.1797
0.0000,-9.8866,0.3832,0.1821,0.6265,-0.1943
0.1150,-10.4998,0.3832,0.2052,0.6823,-0.2610
-0.8047,-10.7680,-0.7664,0.1117,0.5646,-0.2865
-1.9543,-10.9979,0.0766,-0.0024,0.5427,-0.2173
-2.7591,-11.3428,1.8394,0.0255,0.5682,-0.0813
-2.9123,-11.2662,1.4945,0.2963,0.5791,0.0474
-1.0730,-11.8410,-0.6131,0.3120,0.5889,0.1906
-0.7664,-13.4504,-1.7627,-0.1469,0.5318,0.3472
-2.6441,-14.2552,-2.5291,-0.4359,0.2222,0.4942
-2.1843,-12.4541,-3.1039,-0.2853,0.0886,0.5269
0.6131,-9.7717,-3.6021,0.1700,0.3570,0.3837
3.2572,-7.1276,-2.7591,0.3740,0.4480,0.2938
3.6787,-7.0893,-2.1843,0.2744,0.3157,0.1785
2.7207,-9.2735,-1.5711,-0.1141,0.1360,-0.0121
0.4982,-10.4614,-0.6131,-0.2732,0.0607,-0.3861
-0.9580,-10.3082,-1.0346,-0.1093,-0.1068,-0.5694
-1.2263,-9.8866,-1.6478,0.0959,-0.2756,-0.6180
-0.4598,-9.3118,-2.0310,0.1238,-0.4104,-0.5864
0.2299,-8.5454,-1.8777,0.1566,-0.5512,-0.4699
1.4179,-7.5874,-1.6095,0.1785,-0.6532,-0.3982
1.8011,-7.5108,-1.2646,0.0692,-0.6993,-0.3412
1.9543,-8.0856,-0.8430,-0.1008,-0.6399,-0.2756
2.1076,-8.9286,-0.6514,-0.1396,-0.5209,-0.2307
2.1843,-9.2735,-0.4598,-0.1773,-0.3582,-0.2052
2.0693,-9.5034,-0.0383,-0.1967,-0.2052,-0.1421
1.8777,-9.2352,0.3449,-0.1530,-0.0898,-0.0595
1.5328,-8.9670,0.4215,-0.0182,-0.0219,0.0170
1.1113,-8.6221,0.3066,0.0425,-0.0364,0.0801
0.4982,-8.9670,0.4215,0.0231,-0.1044,0.1421
-0.1916,-9.0436,0.5365,0.0170,-0.1445,0.1773
0.1533,-9.6567,0.4982,0.0024,-0.2088,0.2659
0.9580,-10.0016,-0.7664,-0.0243,-0.1275,0.2720
1.6861,-10.4614,0.9197,-0.1348,-0.1554,0.1943
1.7244,-11.0746,3.2189,-0.0728,-0.2100,0.0971
1.3795,-11.7260,2.0310,0.1955,-0.3193,0.0619
1.1113,-12.6840,-2.9123,0.1008,-0.3242,-0.1396
2.4908,-14.4468,-2.7974,-0.3011,-0.1603,-0.4857
3.1039,-13.6037,-0.6514,-0.2926,0.0036,-0.6010
1.1496,-11.7643,-1.2646,0.0983,-0.2319,-0.4249
-1.6095,-9.3885,-3.0656,0.4893,-0.4019,-0.2137
-3.3339,-7.2425,-4.2919,0.4978,-0.5621,-0.0182
-2.5291,-7.1659,-4.1003,0.1894,-0.4529,0.1384
-0.4982,-7.7790,-2.4908,-0.2343,-0.3715,0.2465
1.2263,-9.1202,-1.1113,-0.3970,-0.2319,0.3582
2.2609,-10.4998,-0.7664,-0.3521,-0.0134,0.3922
2.2992,-11.2662,-0.9580,-0.1639,0.2489,0.4869
1.1113,-10.6530,-1.4562,0.0996,0.4602,0.5840

