-.-.-
0.4215,-8.2005,3.8704,-0.0559,0.0304,-0.0097
0.4215,-8.1239,3.9470,-0.0619,0.0304,-0.0061
0.3066,-8.0856,4.1386,-0.0583,0.0255,-0.0061
0.3832,-7.9323,3.9853,-0.0619,0.0231,-0.0073
0.3066,-8.1239,3.9087,-0.0704,0.0219,-0.0073
0.3449,-8.0856,3.9087,-0.0583,0.0182,-0.0073
0.3449,-8.0473,3.9087,-0.0522,0.0170,-0.0073
0.3832,-8.0473,3.9853,-0.0498,0.0146,-0.0036
0.3449,-7.9323,3.8320,-0.0607,0.0146,-0.0024
0.2682,-7.9706,3.9470,-0.0789,0.0097,-0.0085
0.3449,-8.0856,3.9853,-0.0777,0.0097,-0.0097
0.3066,-8.0856,4.0236,-0.0631,0.0134,-0.0049
0.3449,-8.1622,4.0620,-0.0486,0.0121,-0.0073
0.3066,-8.0089,3.9087,-0.0474,0.0146,-0.0073
0.3832,-8.1622,3.7937,-0.0510,0.0097,-0.0073
0.3832,-8.0856,3.8704,-0.0534,0.0085,-0.0049
0.3449,-7.9706,4.0236,-0.0656,0.0109,-0.0012
0.3832,-8.1239,3.9087,-0.0753,0.0085,0.0024
0.4598,-8.1239,3.9087,-0.0801,0.0085,0.0073
0.4215,-8.2005,3.9470,-0.0692,0.0134,0.0024
0.3449,-8.0089,3.9087,-0.0656,0.0146,-0.0049
0.3832,-8.2005,3.7171,-0.0668,0.0134,-0.0085
0.4598,-8.0856,3.9087,-0.0680,0.0097,-0.0085
0.2682,-8.0089,3.8704,-0.0704,0.0061,-0.0049
0.3449,-8.1622,3.8320,-0.0704,0.0061,-0.0024
0.4598,-8.1622,3.9470,-0.0704,0.0061,-0.0061
0.3832,-8.1239,4.1769,-0.0619,0.0097,-0.0097
0.4215,-8.1622,3.7937,-0.0571,0.0170,-0.0097
0.3449,-8.0856,3.5638,-0.0571,0.0243,-0.0085
0.3449,-8.0089,3.8704,-0.0619,0.0243,-0.0061
0.4215,-8.0473,3.9853,-0.0668,0.0206,-0.0073
0.4598,-7.9323,3.7171,-0.0728,0.0170,-0.0073
0.3832,-8.1239,3.9087,-0.0656,0.0182,-0.0049
0.3066,-8.0856,3.9470,-0.0534,0.0170,-0.0012
0.3832,-8.0473,3.9470,-0.0559,0.0158,-0.0024
0.3449,-8.0473,3.8704,-0.0607,0.0206,-0.0049
0.2682,-8.0473,3.7171,-0.0777,0.0194,-0.0049
0.3832,-8.0473,3.8320,-0.0971,0.0158,-0.0024
0.3066,-8.1622,3.9087,-0.1008,0.0219,0.0000
0.3832,-8.1622,3.9853,-0.0947,0.0243,0.0024
0.4598,-7.9706,4.0236,-0.0850,0.0304,-0.0012
0.3066,-8.0473,3.6404,-0.0911,0.0255,-0.0085
0.3066,-8.0473,3.8320,-0.1081,0.0291,-0.0109
0.4982,-7.6641,3.7937,-0.1299,0.0291,-0.0073
0.2682,-8.0089,3.8320,-0.1493,0.0279,0.0024
0.0383,-7.8173,3.8704,-0.1724,0.0121,0.0085
0.2299,-8.0473,3.6404,-0.1870,0.0146,0.0121
0.2682,-8.0473,3.5255,-0.2015,0.0304,0.0182
0.4982,-8.0473,3.7554,-0.2416,0.0316,0.0085
0.4215,-8.6604,3.9470,-0.2768,0.0146,-0.0073
0.3449,-7.9706,3.6787,-0.2914,0.0219,-0.0255
0.1916,-8.2005,3.1423,-0.3035,0.0328,-0.0340
0.4982,-8.2005,3.6021,-0.3715,0.0134,-0.0243
0.4982,-8.1239,3.5255,-0.4869,0.0158,-0.0291
0.4215,-8.0856,3.7937,-0.5136,0.0291,-0.0304
0.5748,-7.7407,3.5255,-0.4529,0.0024,-0.0243
-0.0766,-7.8173,3.4871,-0.4517,0.0000,-0.0304
0.6898,-8.2772,3.0273,-0.5597,0.0583,-0.0267
0.3066,-7.7790,3.3722,-0.5597,0.1068,-0.0134
0.8047,-7.4725,2.4142,-0.5585,0.1141,0.0024
0.3832,-7.9323,3.0273,-0.6338,0.0911,-0.0012
0.0766,-8.5454,2.9890,-0.7892,0.1105,0.0170
0.7664,-8.6221,2.7591,-0.8657,0.1336,0.0316
0.5365,-8.5071,2.7591,-0.9142,0.1979,0.0389
0.7281,-8.6604,2.3375,-0.9070,0.1591,0.1056
0.6898,-8.6604,2.0693,-0.9968,0.1979,0.1663
0.9580,-8.4688,2.1076,-1.1292,0.2440,0.2732
0.6131,-8.5071,2.7591,-1.4120,0.2246,0.3169
0.0383,-8.5454,2.9507,-1.4740,0.1251,0.2975
-0.2682,-8.8520,2.3759,-1.4873,0.0206,0.1870
-0.6898,-9.7717,2.6058,-1.6792,0.0206,0.0304
-0.8430,-10.6530,2.1459,-1.9985,0.0328,-0.0231
-0.7664,-11.9943,1.9543,-2.4161,-0.0571,0.0255
-0.8430,-13.1822,2.0310,-2.4781,-0.2453,0.0680
-0.7281,-14.5234,1.4562,-2.0143,-0.3582,0.0000
-0.1150,-14.0636,0.6898,-1.3319,-0.3800,-0.0437
0.3066,-13.6037,0.8430,-0.7807,-0.3400,-0.0971
0.0000,-12.6457,-0.4982,-0.4359,-0.2950,-0.1433
-0.3449,-11.7643,-1.2646,-0.4602,-0.1991,-0.1773
-0.6131,-11.2279,-1.8011,-0.4577,-0.1081,-0.1287
-0.5748,-10.9213,-1.9160,-0.4432,-0.0789,0.0194
-0.3066,-10.9596,-2.0693,-0.3655,-0.0024,0.1214
0.0000,-10.9979,-1.8011,-0.2975,0.1506,0.1445
0.0766,-10.8830,-1.3412,-0.2003,0.2331,0.1214
0.2682,-10.6530,-1.0730,-0.1930,0.2453,0.1214
-0.0766,-10.3465,-0.4982,-0.1336,0.2720,0.1384
-0.2682,-9.6567,-0.6898,0.0134,0.3533,0.1445
-0.0766,-9.3502,-0.9197,-0.0073,0.4735,0.1712
-0.0383,-9.0053,-1.1113,-0.0862,0.6277,0.1930
0.3066,-8.7754,-1.3795,-0.1105,0.7309,0.1894
0.4598,-9.2352,-0.8814,-0.0461,0.8766,0.1530
0.6514,-9.1969,-1.1496,0.1542,1.0344,0.0401
0.6131,-8.9670,-1.4179,0.2222,1.1692,-0.0826
0.5365,-8.8520,-1.7627,0.0571,1.2554,-0.1530
-0.8430,-8.0473,-2.0310,-0.0765,1.2821,-0.1530
-1.6095,-7.0509,-2.2226,-0.0716,1.1935,-0.0789
-1.1113,-7.3575,-1.7627,0.0753,1.2166,0.0085
-1.1879,-6.2462,-1.8777,0.1408,1.2833,0.0510
-0.6514,-6.8210,-1.1879,0.1469,1.3647,0.0486
-0.5365,-6.8593,-1.8394,0.0279,1.4813,0.0571
-0.1533,-7.7790,-1.4562,-0.1360,1.5954,0.0474
-0.1533,-8.4688,-1.5328,-0.1591,1.7144,0.0243
-0.3832,-8.8137,-1.4562,-0.0510,1.8370,-0.0559
-0.4598,-8.0473,-1.8394,0.0413,1.9997,-0.1117
-0.5365,-7.2809,-2.1459,0.1688,2.1369,-0.1906
-0.4982,-6.8210,-2.2226,0.1578,2.1806,-0.1918
-0.6131,-5.9780,-2.7974,0.3375,2.2510,-0.1858
-0.4598,-5.4798,-3.6021,0.3145,2.4344,-0.2015
-0.2682,-5.3648,-3.4488,0.2331,2.6031,-0.2780
0.0000,-5.4032,-2.6058,0.1360,2.5315,-0.2210
-0.2682,-5.3265,-1.7627,0.1821,2.3591,-0.0813
-0.6514,-5.5564,-0.9197,0.3448,2.3178,-0.0134
-0.7281,-5.9780,-0.8430,0.5209,2.2935,-0.0813
-0.3449,-5.5564,-1.1879,0.5706,2.1247,-0.1979
0.2682,-4.9816,-1.9927,0.4128,1.9621,-0.1809
0.3449,-4.9433,-1.5711,0.1833,1.9268,-0.1688
0.3449,-5.2499,-0.5748,0.0364,1.9876,-0.2416
0.0766,-6.3995,0.0383,0.0389,1.9900,-0.3448
-0.4982,-7.1276,-0.5748,0.1979,1.8868,-0.3642
-0.9963,-7.1276,-1.4945,0.3132,1.8042,-0.2914
-2.2609,-6.9743,-1.3029,0.3254,1.6391,-0.1906
-3.3339,-7.0893,-0.9580,0.3302,1.4825,-0.0838
-4.2536,-7.7790,-1.4179,0.3727,1.4254,-0.1396
-3.4488,-7.2809,-2.2609,0.2635,1.3258,-0.4177
-2.2992,-7.0509,-2.3375,-0.0340,1.0879,-0.7309
-1.0730,-7.8557,-0.6898,-0.1396,0.8948,-0.9385
-0.9197,-9.6950,0.1916,-0.0619,0.7151,-1.2506
-0.8814,-10.9979,-0.3832,-0.0777,0.6872,-1.6403

