-.-.-
-0.7281,-6.5528,-0.1916,-0.3254,0.6399,0.2671
-1.1879,-7.0126,-0.1916,-0.3594,0.7989,0.2380
-1.2646,-7.9323,0.4598,-0.3545,0.9580,0.1967
-1.1113,-8.5071,1.2646,-0.2793,1.0769,0.1408
-0.3449,-8.6987,1.7244,-0.1166,1.1437,0.0073
0.4215,-8.6221,1.6095,0.0340,1.1862,-0.2100
-0.0383,-8.5454,1.6095,0.0923,1.1401,-0.4019
-0.6898,-8.8903,1.1496,0.0983,0.9871,-0.4893
-1.7627,-9.3885,0.7281,-0.0061,0.8171,-0.4249
-2.8740,-9.6950,1.9543,-0.0073,0.6823,-0.2647
-3.0656,-10.3082,2.8740,0.1918,0.5245,-0.0510
-2.7974,-10.0782,3.1039,0.3655,0.3934,0.1360
-1.5711,-9.7334,2.5675,0.4043,0.4274,0.1700
-0.1916,-11.0746,0.7664,0.1809,0.5609,0.1396
-0.7281,-13.7953,0.3066,-0.1809,0.6423,0.1020
-1.7627,-14.9066,1.2646,-0.0753,0.5051,0.2028
-1.7244,-13.4504,-0.0766,0.4808,0.2793,0.4104
-1.2263,-11.1895,-2.6058,0.7503,0.2550,0.4262
-0.1533,-8.6221,-3.3339,0.5342,0.5427,0.2793
1.3412,-6.8977,-2.4142,0.3995,0.9094,0.1578
1.8394,-6.9743,-1.2263,0.1457,1.1049,-0.0170
0.9197,-9.0819,-0.3449,-0.1445,0.9082,-0.1287
-0.5748,-10.8446,0.3832,-0.3169,0.4929,-0.2319
-2.5675,-12.0326,0.6898,-0.2610,0.1603,-0.3436
-3.1806,-11.2279,0.3832,0.1008,-0.0231,-0.3727
-2.7591,-9.4651,-0.3066,0.3254,-0.0498,-0.3570
-1.6095,-7.7024,-0.6131,0.1481,-0.0158,-0.3521
-0.6514,-6.4761,-0.2299,-0.0437,-0.0935,-0.3485
-0.0383,-6.5145,0.2299,-0.1469,-0.2331,-0.3230
0.1150,-7.0509,0.6131,-0.1663,-0.3958,-0.2756
0.2682,-8.0473,1.1113,-0.1615,-0.5257,-0.2040
0.2682,-8.5071,1.3412,-0.1845,-0.5949,-0.1493
0.2299,-8.9670,1.8011,-0.2270,-0.6411,-0.1008
0.0383,-8.6604,2.2992,-0.1688,-0.6738,-0.0206
-0.2299,-8.2389,2.8357,-0.0219,-0.7163,0.1348
-0.4598,-8.0089,2.2609,0.0753,-0.7103,0.3485
-0.4982,-7.7790,1.6861,-0.0206,-0.6532,0.5451
-0.1916,-8.5838,1.5328,-0.0692,-0.5852,0.5998
0.2299,-9.2735,1.8394,-0.1275,-0.3193,0.4177
1.3029,-10.4998,3.1423,-0.1408,-0.1117,0.0267
1.8777,-10.7680,4.2152,-0.0134,-0.0753,-0.3618
1.3795,-10.9213,3.2189,0.2477,-0.1566,-0.5269
-1.2646,-12.1475,1.8394,-0.0389,-0.1518,-0.7297
-1.4562,-15.0599,1.1113,-0.3861,-0.0728,-0.6993
-0.6514,-15.0599,0.3066,-0.0231,-0.0219,-0.5804
-0.0766,-12.7223,-1.6095,0.3448,-0.1603,-0.3630
-1.1496,-9.4651,-2.3375,0.4456,-0.5488,-0.1639
-1.0730,-6.7061,-2.7591,0.3679,-0.8475,0.0085
-1.5328,-6.5145,-2.1459,0.0036,-0.6823,0.0631
-1.4945,-8.3155,-0.4215,-0.3861,-0.5257,0.0461
-0.8430,-10.1932,0.1150,-0.4978,-0.3169,0.0619
0.2299,-11.3045,0.3066,-0.4832,-0.0231,0.1676
0.8814,-11.6877,0.9580,-0.3084,0.1845,0.3242
0.9963,-10.5764,0.5748,-0.0607,0.1930,0.4565
0.5748,-8.6987,-0.1916,0.0012,0.1384,0.5342
0.1533,-7.1276,-0.4982,-0.1287,0.1336,0.5524
-0.6131,-6.3229,-0.5365,-0.3060,0.1882,0.4954
-1.2646,-6.4378,-0.0766,-0.3849,0.3060,0.3679
-1.5328,-7.1276,0.3832,-0.3642,0.4262,0.2283
-1.6478,-8.0856,0.9963,-0.3934,0.5403,0.1153
-1.4562,-8.8137,1.7244,-0.3509,0.6411,0.0801
-0.9580,-8.9670,1.9927,-0.2574,0.6678,0.0121
-0.5748,-8.7754,2.1076,-0.1396,0.6532,-0.1202
-0.4215,-8.6221,1.8777,-0.0352,0.6605,-0.3084
-0.6898,-8.6221,1.3412,0.0024,0.5876,-0.4383
-1.5328,-9.1202,0.8814,-0.0801,0.3910,-0.4334
-2.4525,-9.6184,1.5328,-0.0813,0.2708,-0.3254
-2.7974,-10.3465,2.6824,0.0631,0.1906,-0.1785
-2.5675,-10.5381,3.2955,0.3242,0.0753,-0.0328
-1.5711,-9.7334,3.2955,0.4553,0.0498,0.0461
-0.6131,-9.4651,2.8357,0.4577,0.1967,0.0000
0.1533,-10.4231,1.1113,0.2246,0.4383,-0.0571
-0.8814,-13.1439,-0.1916,-0.1821,0.5597,-0.0971
-2.7207,-14.2552,-0.9197,-0.2453,0.2853,0.1008
-3.2189,-13.7570,-1.4179,0.0595,0.1372,0.4080
-2.1459,-11.2662,-2.6824,0.4529,0.1275,0.5658
0.4982,-8.2772,-3.1039,0.6204,0.3667,0.5197
1.9160,-6.5528,-2.7974,0.4480,0.5986,0.3375
1.4562,-7.4725,-0.9197,0.0012,0.5573,0.1469
0.1533,-9.4268,0.0383,-0.3545,0.3193,-0.0206
-1.4945,-10.9979,0.4215,-0.5391,0.0437,-0.2173
-3.0273,-11.6494,0.6131,-0.4140,-0.2270,-0.3351
-2.7974,-10.9596,0.6898,0.0182,-0.3290,-0.3254
-2.0693,-9.3118,0.4982,0.2100,-0.3060,-0.2453
-1.3795,-7.9706,0.1150,0.1081,-0.3582,-0.1688
-0.5748,-7.4341,-0.2682,-0.1020,-0.5427,-0.0850
0.5365,-7.3958,0.2682,-0.1712,-0.6702,-0.0291
0.4598,-7.6257,0.9197,-0.0753,-0.6957,-0.0449
-0.1150,-8.4688,1.0346,-0.0643,-0.7637,-0.0449
-0.6131,-8.8903,1.1879,-0.1190,-0.9252,-0.0219
-1.0730,-8.3538,1.4562,-0.1251,-1.0308,0.0656
-1.9543,-8.0089,1.4562,-0.1263,-1.0211,0.2307
-1.9543,-7.8557,1.6095,-0.1943,-0.9434,0.3740
-0.6514,-8.0856,1.8011,-0.1433,-0.9057,0.4772
0.3832,-7.8173,0.3832,-0.0850,-0.7382,0.3618
0.5748,-8.8137,0.4215,-0.3800,-0.6095,0.1068
0.3832,-10.3082,2.1076,-0.4553,-0.6945,-0.0862
0.0000,-10.8446,3.4488,-0.2538,-0.6690,-0.1493
-0.1150,-10.4231,3.2189,0.0121,-0.6471,-0.0728
-1.5711,-10.6530,1.9543,-0.0886,-0.6459,-0.0571
-2.0310,-12.6457,0.8430,-0.6034,-0.4504,-0.1991
-1.3029,-14.7150,0.6898,-0.6981,-0.2113,-0.5148
0.5748,-13.8336,0.8430,-0.3436,-0.1688,-0.8244
1.5328,-12.2242,0.2682,0.0947,-0.1688,-0.8681
0.3832,-9.2352,-0.5365,0.4626,-0.3630,-0.5269
-0.6131,-6.4378,-1.2646,0.4917,-0.5597,-0.0012
-1.4179,-5.0966,-1.7244,0.2283,-0.6957,0.2732
-0.9963,-6.3995,-0.7664,-0.1481,-0.5706,0.3181
-0.7281,-8.5454,-0.1533,-0.4322,-0.1979,0.2149
-0.5365,-10.9979,-0.2299,-0.4978,0.1809,0.0777
0.2682,-11.9559,0.0766,-0.3594,0.3788,-0.0036
0.7281,-11.1129,0.1150,-0.1639,0.2853,0.0571
0.6898,-9.1586,-0.1150,0.1068,0.1700,0.2003
-0.2299,-7.8173,-0.0383,0.0983,0.2513,0.2865
-1.3029,-7.4341,-0.4215,-0.0158,0.3339,0.2902
-1.8394,-7.8940,-0.8047,-0.1214,0.4322,0.2404
-2.5291,-8.2005,-0.3832,-0.2695,0.5998,0.1736
-1.8011,-9.0053,0.0766,-0.4650,0.6277,0.1578
-1.9160,-9.3118,0.3449,-0.4383,0.4796,0.1663
-1.6095,-8.6221,0.1150,-0.2440,0.2586,0.1518
-1.6478,-7.5491,-0.3449,-0.2088,0.1348,0.1044
-1.5711,-7.3575,-0.4215,-0.3242,0.0279,0.0437
-1.7627,-7.2042,-0.3449,-0.5597,-0.0413,-0.0316
-2.0693,-7.3575,-0.3449,-0.8596,-0.0546,-0.0935
-1.8777,-7.5874,-0.5748,-1.0988,-0.0376,-0.1396
-1.2646,-7.5874,-0.3449,-1.1899,-0.0643,-0.1736
-0.6131,-7.5874,-0.4598,-1.2943,-0.1700,-0.1408
-0.5748,-8.1622,-0.7281,-1.3198,-0.2428,-0.0850

