-.-.-
5.0966,-3.1039,13.8336,-0.1773,0.9203,0.8560
5.5181,-4.0236,12.7607,0.4929,0.5172,0.6362
4.3685,-2.9890,11.2662,0.7722,0.4249,0.5597
3.0656,-1.4179,10.0016,0.3557,0.2404,0.5609
2.2992,-1.0730,8.2772,0.3023,-0.0073,0.5767
3.7554,-0.7664,7.5108,0.8220,-0.0971,0.4857
4.7517,-0.4215,7.8173,0.9725,-0.1044,0.4990
4.9050,-0.2682,7.8557,0.6787,-0.1251,0.5391
6.5528,-0.4215,8.0473,0.3108,-0.2538,0.4589
7.0893,-0.4598,7.8557,0.0971,-0.3995,0.2987
7.6257,-0.4215,7.6641,-0.0024,-0.4820,0.1566
7.8940,-0.3449,7.5108,-0.0449,-0.5282,0.0498
7.7024,-0.6898,7.4341,-0.0546,-0.5646,-0.0049
8.4305,-0.7281,6.9360,-0.0546,-0.5706,-0.0765
8.5838,-0.9197,6.5911,-0.0935,-0.5257,-0.1566
8.4688,-0.8814,6.3612,-0.0971,-0.4322,-0.2125
8.0473,-1.1113,6.1696,-0.0680,-0.3145,-0.2052
7.5874,-0.8430,6.2462,-0.0619,-0.1967,-0.1858
7.5874,-0.8430,6.3995,-0.0813,-0.0862,-0.1117
7.7790,-0.9580,6.4378,-0.0983,0.0134,-0.0279
7.8557,-1.1496,6.5145,-0.0935,0.0765,0.0474
7.8557,-1.3029,6.5911,-0.1068,0.1263,0.0813
7.7407,-1.4945,6.6677,-0.1226,0.1700,0.0959
7.8173,-1.6478,6.4378,-0.1433,0.2003,0.0983
7.3575,-1.9543,6.7444,-0.1542,0.2137,0.0826
7.1659,-2.1076,6.7827,-0.1457,0.2185,0.0546
6.9743,-2.1076,6.9360,-0.1226,0.2283,0.0097
6.8593,-1.9543,7.1276,-0.0886,0.2307,-0.0267
6.7444,-1.8777,7.2809,-0.0389,0.2161,-0.0437
6.7444,-1.8011,7.2809,0.0255,0.2003,-0.0376
6.7827,-1.7627,7.3958,0.0826,0.1773,-0.0206
6.7061,-1.6095,7.3958,0.1275,0.1421,-0.0024
6.9360,-1.3412,7.3958,0.1578,0.1081,0.0085
6.9743,-1.2263,7.3575,0.1712,0.0789,0.0073
7.1276,-1.0346,7.3575,0.1773,0.0656,-0.0012
7.0509,-0.9580,7.2425,0.1761,0.0619,-0.0121
7.2042,-0.8814,7.2425,0.1639,0.0643,-0.0316
7.1276,-0.8814,7.1276,0.1190,0.0741,-0.0085
7.3575,-0.8814,7.1659,0.0862,0.0813,-0.0121
7.1659,-0.9197,7.1659,0.0474,0.0777,0.0000
7.3192,-0.9580,7.2425,0.0219,0.0728,0.0036
7.2042,-0.9580,7.2425,0.0109,0.0728,0.0097
7.2809,-0.9963,7.1276,0.0036,0.0753,0.0024
7.1659,-1.0730,7.2425,-0.0073,0.0813,-0.0024
7.1276,-1.1113,7.1276,-0.0158,0.0886,-0.0073
7.0126,-1.1113,7.2809,-0.0146,0.0959,-0.0073
7.2809,-1.2646,7.2809,-0.0036,0.0947,-0.0170
7.1659,-1.1879,7.2425,-0.0073,0.1008,-0.0097
7.1276,-1.1496,7.1276,0.0085,0.0971,-0.0097
7.0509,-1.3029,7.2042,0.0206,0.0886,-0.0049
7.0893,-1.3412,7.1659,0.0158,0.0838,-0.0024
7.0893,-1.2263,7.0126,0.0267,0.0765,-0.0121
7.1276,-1.3412,7.0893,0.0425,0.0680,-0.0194
7.0509,-1.1879,7.2809,0.0486,0.0510,-0.0291
7.1659,-1.1879,7.1276,0.0692,0.0328,-0.0291
7.1659,-0.9963,7.2042,0.0898,0.0267,-0.0291
7.0126,-0.9197,7.0509,0.0898,0.0304,-0.0231
7.0893,-0.9580,7.2809,0.0728,0.0449,-0.0170
7.2425,-1.0346,7.2042,0.0668,0.0619,-0.0085
7.2809,-0.9580,7.1659,0.0668,0.0716,-0.0012
7.2425,-0.9580,7.2042,0.0716,0.0777,0.0000
7.1276,-0.7281,6.8593,0.0583,0.0813,-0.0012
7.2042,-0.9580,7.1659,0.0425,0.0874,-0.0036
7.1659,-0.9197,7.1659,0.0340,0.0886,0.0000
7.1659,-0.9580,7.1276,0.0231,0.0886,-0.0024
7.2042,-0.9197,7.2042,0.0134,0.0959,-0.0036
7.2042,-0.9580,7.1659,0.0109,0.0886,-0.0073
7.2425,-0.9580,7.1276,0.0134,0.0607,-0.0158
7.1276,-0.9197,7.2042,0.0316,0.0243,-0.0097
7.1659,-0.9197,7.2425,0.0352,0.0085,-0.0097
7.1276,-0.9580,7.0893,0.0328,0.0121,-0.0085
7.1276,-0.8814,7.2042,0.0304,0.0328,-0.0036
7.0893,-1.1496,7.3192,0.0316,0.0559,0.0036
7.1659,-0.8814,7.0893,0.0328,0.0692,0.0073
7.2425,-0.9580,6.9360,0.0376,0.0741,0.0012
7.2809,-0.8430,7.0126,0.0376,0.0813,-0.0024
7.2042,-0.9197,7.1659,0.0316,0.0874,-0.0012
7.2042,-0.9580,7.0893,0.0243,0.0874,-0.0012
7.2042,-0.8430,7.2042,0.0146,0.0826,-0.0024
7.2425,-0.9197,7.2042,0.0194,0.0789,-0.0049
7.2425,-0.8047,7.1659,0.0267,0.0728,-0.0109
7.2425,-0.8430,7.0126,0.0328,0.0607,-0.0085
7.2042,-0.8814,7.1276,0.0279,0.0595,-0.0036
7.2809,-0.9197,7.2425,0.0194,0.0583,0.0012
7.1659,-0.9580,7.2809,0.0231,0.0680,0.0134
7.1659,-0.8430,7.2042,0.0194,0.0728,0.0061
7.2042,-0.8430,7.2042,0.0121,0.0850,0.0024
7.2042,-0.8430,7.2425,0.0146,0.0911,-0.0036
7.2042,-0.8814,7.0126,0.0219,0.0886,-0.0024
7.1659,-0.7664,7.1659,0.0170,0.0898,-0.0036
7.2042,-0.8047,7.0893,0.0061,0.0923,-0.0036
7.2425,-0.7664,7.1659,0.0024,0.0886,-0.0061
7.2809,-0.8430,7.2042,0.0085,0.0874,-0.0061
7.2042,-0.7281,7.0893,0.0304,0.0850,-0.0109
7.2809,-0.8430,7.0509,0.0352,0.0862,-0.0097
7.2425,-0.7281,7.1659,0.0267,0.0874,-0.0036
7.2425,-0.7664,7.0126,0.0206,0.0898,0.0024
7.2425,-0.7664,7.2425,0.0097,0.0923,0.0061
7.2425,-0.8047,7.0893,0.0109,0.0911,0.0036
7.2042,-0.7281,7.2042,0.0109,0.0935,0.0049
7.1659,-0.7664,7.0893,0.0036,0.0947,0.0036
7.2425,-0.8047,7.2809,-0.0024,0.0923,0.0036
7.2809,-0.8430,7.1659,-0.0012,0.0874,0.0012
7.0893,-0.8047,7.1659,-0.0061,0.0911,-0.0049
7.2042,-0.8430,7.2042,-0.0170,0.0886,-0.0061
7.2425,-0.8814,7.1659,-0.0243,0.0874,-0.0061
7.2042,-0.8814,7.1276,-0.0279,0.0862,-0.0085
7.0893,-0.7281,7.2042,-0.0243,0.0850,-0.0073
7.2425,-0.7664,7.0893,-0.0146,0.0838,-0.0049
7.2425,-0.7281,7.1276,-0.0085,0.0801,-0.0024
7.1659,-0.8430,7.1659,-0.0036,0.0826,-0.0012
7.2042,-0.7664,7.2425,-0.0024,0.0838,-0.0012
7.1659,-0.7664,7.1276,-0.0024,0.0838,0.0000
7.2042,-0.8430,7.1276,-0.0061,0.0838,-0.0012
7.3192,-0.8430,7.2042,-0.0036,0.0850,0.0000
7.2809,-0.7664,7.2809,-0.0061,0.0850,-0.0012
7.2042,-0.7281,7.1659,-0.0061,0.0850,-0.0036
7.3192,-0.8814,7.2042,-0.0073,0.0850,-0.0012
7.2425,-0.8047,7.2809,-0.0036,0.0874,-0.0024
7.2809,-0.8047,7.1659,-0.0036,0.0886,-0.0036
7.2809,-0.7664,7.2042,-0.0036,0.0911,-0.0024
7.1276,-0.8047,7.1659,-0.0036,0.0935,-0.0024
7.2042,-0.7664,7.1276,-0.0049,0.0971,-0.0012
7.1659,-0.7664,7.0893,-0.0024,0.0983,0.0036
7.2042,-0.8047,7.1659,0.0012,0.0959,0.0024
7.2042,-0.8047,7.2425,0.0036,0.0959,0.0036
7.2042,-0.7281,7.2042,0.0012,0.0996,0.0049
7.1276,-0.6514,7.2042,0.0085,0.0996,0.0061

