-.-.-
-2.4142,-6.8210,3.3339,0.3339,-0.9677,1.0138
-2.9123,-8.3538,2.4908,0.2234,-1.2008,1.0769
-0.3449,-12.8756,0.9963,-0.0158,-1.1716,0.9373
0.8047,-16.8993,3.5255,-0.1967,-0.9640,0.5949
-2.4525,-16.8609,4.7134,0.3788,-0.7309,0.4419
-5.9013,-11.0363,1.3412,0.9118,-0.5876,0.9604
-4.1769,-7.5108,-0.9580,-0.0789,-1.2190,1.5225
-2.2992,-7.9323,-1.3412,-0.7637,-1.5068,1.6974
-1.6861,-7.4725,-1.8011,-1.0697,-1.5420,1.6185
-2.2226,-6.5145,-1.9927,-1.1437,-1.6354,1.5699
-2.2992,-7.0509,-1.4562,-1.2530,-1.6015,1.5820
-1.1879,-8.5071,0.6514,-1.3380,-1.3659,1.5250
-1.0346,-8.9670,1.0730,-1.0187,-1.0964,1.4315
-1.6095,-8.5071,0.4598,-0.6702,-0.9737,1.4618
-2.1843,-8.0473,0.7664,-0.4419,-0.8936,1.5274
-2.2609,-7.4725,0.7281,-0.1408,-0.8742,1.5917
-2.2609,-6.7061,0.4598,-0.0522,-0.7843,1.6354
-1.6478,-6.7061,0.2299,-0.1870,-0.6763,1.5857
-1.4179,-6.7061,0.4982,-0.1214,-0.4310,1.4776
0.1533,-7.6257,0.8430,-0.0765,-0.0595,1.2044
-0.5748,-8.6604,2.2992,-0.0911,0.3825,0.6884
-3.0273,-8.2005,1.3029,-0.0801,0.5816,0.2744
-5.2499,-6.6677,1.1113,-0.3230,0.4432,0.0801
-5.6331,-6.2079,1.2646,-0.9118,0.4213,-0.1336
-6.6677,-8.5838,0.8430,-1.2955,0.7552,-0.3290
-7.9323,-11.0363,1.4179,-1.1777,1.0806,-0.3363
-8.2772,-11.3428,2.2609,-0.6678,0.9920,-0.2149
-7.6641,-9.7334,1.7244,-0.1117,0.9859,-0.1141
-7.6641,-8.5071,1.5711,-0.0061,1.2008,-0.1554
-6.4378,-8.8903,1.8394,0.0304,1.4060,-0.2380
-5.7480,-8.5071,2.4142,0.1554,1.7144,-0.3181
-5.4032,-7.8557,2.5291,0.2538,2.0143,-0.3521
-5.0583,-6.8210,2.3375,0.1809,2.3020,-0.3363
-3.8320,-6.0929,1.6478,-0.0571,2.6128,-0.3570
-2.9890,-6.3229,1.1879,-0.2926,2.9382,-0.4140
-2.7974,-7.7024,1.8011,-0.5342,3.2393,-0.5901
-4.2919,-8.0856,1.3029,-0.6083,3.2915,-0.6702
-5.8247,-10.3848,0.1533,-0.4274,3.2260,-0.7394
-6.1696,-11.9943,-1.0730,0.2744,3.1738,-0.7018
-5.2882,-9.8100,-1.8394,1.6949,2.7185,-0.3400
-3.0656,-6.1313,-2.5675,2.1551,2.1539,-0.3096
-1.4179,-5.2882,-2.0693,1.5322,2.0568,-0.5087
-1.1113,-6.0546,-1.7244,1.1292,2.0725,-0.7188
-2.2992,-7.6257,-1.1496,0.9531,2.0689,-0.8875
-3.0273,-8.9670,-1.2646,1.0782,1.9645,-0.9932
-2.7207,-8.4305,-1.7244,1.3562,1.7593,-1.0114
-1.5711,-6.6677,-1.9927,1.5189,1.6051,-1.1037
-2.4142,-6.2462,-1.9927,1.3356,1.5529,-1.4048
-2.7207,-6.6677,-1.8394,1.0964,1.4096,-1.6100
-2.6824,-6.8210,-1.9543,1.0745,1.4254,-1.7095
-3.2189,-6.9360,-2.3759,1.0454,1.3938,-1.7896
-3.2189,-7.2809,-2.2992,0.9276,1.3125,-1.8079
-2.4908,-8.2389,-1.8011,0.7406,1.2129,-1.7860
-3.6404,-8.6604,-2.5291,0.7078,0.8135,-1.7848
-7.3575,-9.8100,-2.7974,0.1882,0.2210,-1.5359
-8.3921,-13.9869,-2.7591,-0.2805,-0.1311,-1.3271
-7.9706,-13.7570,-2.6058,-0.1688,-0.7564,-1.3538
-4.9433,-9.6950,-4.5984,-0.2890,-1.3635,-1.4084
-0.4598,-7.0893,-3.7171,-0.8778,-1.4521,-1.4788
4.7134,-6.8593,-2.4908,-1.4800,-1.3635,-1.7350
8.2772,-6.0546,-1.6478,-1.7241,-0.8341,-2.2110
9.1586,-5.5181,-1.3795,-1.7921,-0.0838,-2.7306
8.3921,-5.7097,-1.1496,-1.1595,0.2987,-3.0791
6.0163,-4.9816,-0.9580,-0.4589,0.6884,-3.2879
5.7864,-3.4871,-1.0730,-0.2161,1.2566,-3.4773
6.7827,-3.3339,-1.5711,-0.5160,1.8309,-3.7736
7.5108,-4.5984,-2.2226,-0.6836,2.1879,-4.0176
9.3502,-6.5528,-3.1806,-0.8620,2.2911,-4.3515
11.4578,-9.6184,-2.7207,-1.1789,2.4999,-4.8432
15.1748,-14.0252,-0.4598,-1.1765,2.2644,-5.2427
20.6546,-18.9686,-0.6514,-0.5209,2.1357,-5.6700
20.7313,-19.8882,5.0583,0.5451,2.1162,-6.0306
9.1202,-10.2698,5.4798,1.5760,1.7265,-5.8704
3.4488,-5.9780,0.7664,1.1219,0.9312,-5.5996
4.9433,-5.8630,0.8814,0.5925,1.4108,-5.1213
11.4195,-2.0693,2.6824,0.9179,2.0252,-4.9282
13.0672,0.8047,1.9160,1.6427,1.7010,-5.2912
16.9376,7.2042,0.3832,1.7751,1.4412,-5.2050
17.7040,10.1932,-0.7281,0.7940,1.9256,-4.1269
19.0835,9.5801,2.1843,-0.2732,2.5655,-1.1874
12.8756,6.3612,6.0546,0.4687,2.4344,0.2683
12.4924,3.4105,3.1806,0.8220,2.8423,0.1821
5.0200,3.2955,0.6514,-0.3570,4.3041,-1.0454
0.1533,2.6441,0.8430,-0.3533,4.9488,-1.1462
-4.5601,5.0583,0.1916,0.7030,3.7553,-0.6338
-2.9507,4.8284,2.3375,1.1219,2.8508,-0.3315
0.8047,5.3265,3.3339,1.1619,2.3251,-0.3679
2.4908,7.4341,3.2572,0.7491,2.0568,-0.4237
2.4142,8.9670,3.9087,0.0643,1.7399,-0.4638
1.4945,8.6987,4.7900,-0.6775,1.3975,-0.5160
-0.7664,7.1659,6.1696,-1.1984,1.1862,-0.5354
3.7554,7.1659,6.8977,-1.4254,1.0187,-0.4589
2.7591,6.0929,8.0856,-1.1207,0.7030,-0.2963
3.4871,6.2079,9.7334,-0.7989,-0.0753,-0.0194
3.0656,3.9853,10.5764,-0.2793,-0.7018,-0.0728
1.9160,5.0200,10.9596,0.4213,-0.8013,-0.2125
-0.7281,5.8247,9.0436,0.6860,-0.7382,-0.2040
-1.3029,5.2499,8.4688,0.2829,-0.6617,0.0474
0.5748,4.4068,7.0893,0.1578,-0.6678,0.2938
2.3759,3.5638,6.0929,0.1724,-0.5682,0.4929
3.9470,3.1423,6.2079,0.1105,-0.5391,0.7212
4.9433,2.9507,6.7061,0.0692,-0.5706,0.9252
5.7097,2.7974,6.9743,0.0291,-0.6520,1.0332
6.1696,2.6441,6.8210,0.0716,-0.6921,1.0320
6.7827,2.3759,6.4761,0.0911,-0.7078,0.9592
6.8593,2.6824,6.1313,0.1578,-0.6775,0.8548
7.2042,3.0656,5.7864,0.1639,-0.6836,0.7588
8.0089,3.0273,5.5564,0.0777,-0.7042,0.6775
8.2389,2.7591,5.2499,-0.0595,-0.7139,0.5840
8.5454,1.8011,5.0966,-0.1117,-0.6180,0.4565
8.5454,2.0310,4.3302,0.0024,-0.5294,0.3096
8.2389,2.4908,4.0620,0.0595,-0.3764,0.1991
8.3921,2.7974,3.9087,0.0170,-0.2137,0.0777
8.4688,2.8740,4.2536,-0.0668,-0.0826,-0.0158
8.1622,2.9890,4.6751,-0.1870,0.0219,-0.0935
7.6257,3.1423,5.5948,-0.2671,0.0874,-0.1323
7.1659,3.0273,5.3648,-0.2647,0.1275,-0.1445
6.7061,2.8740,5.4798,-0.2270,0.1773,-0.1530
6.4761,3.1039,5.4032,-0.1797,0.2270,-0.1736
6.2462,3.3339,5.5948,-0.2003,0.2829,-0.2198
6.1313,3.4105,5.8247,-0.1955,0.3084,-0.2052
6.0163,3.2955,6.2079,-0.2161,0.3181,-0.1748
5.9780,3.2955,6.1696,-0.2222,0.2987,-0.1773
5.9780,3.4105,6.3229,-0.2307,0.2331,-0.1275
5.8247,3.1806,6.2462,-0.2161,0.1481,-0.0728
5.7480,3.1039,6.3995,-0.1676,0.0850,-0.0291
5.8630,3.0273,6.4761,-0.1251,0.0364,0.0061
5.8630,2.9507,6.3995,-0.0813,0.0024,0.0316

