-.-.-
0.3066,-9.1202,-2.7974,0.0704,0.0182,-0.0036
0.3066,-9.0436,-2.7207,0.0643,0.0182,-0.0073
0.2299,-9.0819,-2.7974,0.0522,0.0219,-0.0109
0.2299,-9.0053,-2.8357,0.0474,0.0219,-0.0097
0.3832,-9.1586,-2.6058,0.0461,0.0231,-0.0097
0.3449,-9.0436,-2.8740,0.0461,0.0206,-0.0109
0.3066,-9.1586,-2.7207,0.0437,0.0219,-0.0109
0.1916,-9.0053,-2.8357,0.0449,0.0243,-0.0085
0.2682,-9.0819,-2.9123,0.0449,0.0291,-0.0121
0.2682,-9.0819,-2.7974,0.0376,0.0328,-0.0109
0.3066,-9.1586,-2.7591,0.0401,0.0389,-0.0049
0.1916,-9.1586,-2.6824,0.0389,0.0413,-0.0036
0.3449,-9.0436,-2.5675,0.0304,0.0425,-0.0073
0.3066,-9.1969,-2.6824,0.0291,0.0461,-0.0073
0.1916,-9.1202,-2.9507,0.0364,0.0486,-0.0012
0.3449,-9.0053,-2.6824,0.0389,0.0583,0.0012
0.3832,-9.1969,-2.9123,0.0425,0.0680,0.0024
0.1533,-9.1586,-2.7974,0.0474,0.0789,0.0024
0.2682,-8.9670,-2.5675,0.0486,0.0862,0.0061
0.3449,-9.1202,-2.7591,0.0510,0.0850,0.0073
0.2682,-9.2352,-2.7974,0.0546,0.0862,0.0121
0.2682,-9.0819,-2.7207,0.0534,0.0923,0.0146
0.1916,-9.1202,-2.9507,0.0534,0.1032,0.0170
0.1916,-9.0053,-2.8740,0.0583,0.1141,0.0194
0.3449,-9.0053,-2.8740,0.0461,0.1275,0.0243
0.3066,-9.0053,-2.7591,0.0389,0.1384,0.0291
0.4215,-9.0436,-2.7974,0.0352,0.1493,0.0304
0.3832,-8.8903,-2.9890,0.0279,0.1748,0.0243
0.6514,-8.8520,-3.1039,-0.0291,0.2295,0.0219
0.7281,-8.5071,-3.4105,-0.0862,0.3217,0.0194
1.3795,-8.4305,-3.4871,-0.1408,0.4407,0.0194
1.8394,-8.3538,-3.5638,-0.2319,0.5694,0.0134
2.1843,-8.7370,-4.1003,-0.2878,0.7333,-0.0061
2.3375,-8.8520,-4.2152,-0.2708,0.8973,0.0024
2.1459,-8.6604,-4.1386,-0.2428,1.0211,0.0461
1.6095,-8.5071,-3.5638,-0.2841,1.1158,0.1044
1.3029,-8.7754,-3.3339,-0.3472,1.2008,0.1408
0.9963,-8.6604,-3.5255,-0.3946,1.2664,0.1712
0.9197,-8.5454,-3.6021,-0.4092,1.3198,0.2295
1.1879,-8.2389,-3.4488,-0.3679,1.3428,0.3047
1.3795,-8.8520,-2.7591,-0.3217,1.2894,0.3861
1.4179,-9.0053,-2.6058,-0.3011,1.2202,0.4395
1.2646,-9.6184,-2.3759,-0.2598,1.1085,0.4626
1.1113,-9.6184,-2.5291,-0.1845,0.9980,0.4869
1.1496,-9.5418,-2.5675,-0.0850,0.9130,0.5233
1.4179,-9.2735,-2.5675,0.0291,0.8985,0.5731
1.9543,-8.9670,-2.6441,0.0947,0.9312,0.6277
2.4908,-8.6987,-2.5291,0.1105,0.9956,0.6605
2.6441,-8.7754,-2.6058,0.1166,1.0320,0.6751
2.1843,-9.0819,-3.0273,0.0607,0.9495,0.6969
1.3029,-9.6184,-3.7171,-0.0364,0.8912,0.6811
0.9580,-10.0399,-3.8704,-0.1032,0.9349,0.6071
0.9580,-9.7334,-3.6021,0.0716,1.0090,0.5306
1.3412,-9.0053,-3.3722,0.2805,1.0235,0.4784
1.0730,-8.7370,-2.9890,0.3375,0.9847,0.4577
1.3795,-8.6987,-3.2572,0.3096,0.9300,0.4784
1.8011,-8.8520,-3.3339,0.1530,0.9191,0.4857
1.8394,-8.9286,-3.4871,0.0643,0.9871,0.4820
1.6861,-8.8903,-3.5255,0.0716,1.0636,0.5014
1.0730,-8.5838,-3.9470,0.1190,1.0769,0.5549
0.2682,-8.3921,-4.0236,0.1153,1.0260,0.6204
-0.3066,-8.5454,-3.9470,0.0583,0.9337,0.6860
-0.8430,-8.4688,-4.0236,-0.0012,0.8790,0.7115
-0.6898,-8.7370,-3.8320,-0.0206,0.9240,0.6848
-0.4598,-8.6221,-3.7171,0.0036,0.9920,0.6314
-0.4598,-8.6221,-3.4871,0.0474,1.0551,0.6010
-0.0766,-9.0053,-3.5638,-0.0036,1.1571,0.6204
0.0000,-9.1202,-3.8320,-0.0486,1.2129,0.6326
-0.0383,-8.8520,-3.6021,-0.0146,1.2348,0.6338
-0.4982,-8.2389,-3.4871,-0.0328,1.2324,0.6301
-0.7281,-8.3921,-3.4105,-0.0789,1.2154,0.6241
-1.0730,-8.3155,-3.2572,-0.1178,1.2044,0.5961
-0.9197,-8.2772,-3.4488,-0.1615,1.1571,0.5694
-0.6898,-8.4305,-3.3339,-0.2355,1.0939,0.5585
-0.7664,-8.5454,-3.1423,-0.2829,1.0429,0.5524
-0.7281,-8.5838,-2.9890,-0.2975,1.0017,0.5354
-0.1533,-8.7754,-3.0656,-0.3035,0.9847,0.5027
0.0000,-8.9670,-2.7591,-0.3072,0.9859,0.4602
-0.1150,-8.8520,-2.6058,-0.2768,0.9701,0.3995
-0.3066,-8.5838,-2.4525,-0.2416,0.9312,0.3460
-0.5365,-8.8520,-2.2609,-0.2198,0.8414,0.3047
-0.5365,-9.3118,-2.0693,-0.2088,0.7613,0.2732
0.0000,-9.6567,-1.6478,-0.1724,0.7273,0.2404
0.1150,-10.0782,-1.8394,-0.0571,0.6799,0.2015
-0.2682,-9.9250,-1.9543,0.1129,0.5476,0.1748
0.2299,-9.9633,-1.4945,0.2878,0.6265,0.1445
1.6861,-10.2315,-0.9580,0.4007,0.8244,0.0813
1.8777,-10.3848,-1.5328,0.4225,1.0150,0.0316
1.9160,-10.5764,-4.7900,-0.0085,0.9397,0.1129
0.0383,-11.4961,-6.6294,-0.5039,0.5160,0.1918
-3.0656,-12.3008,-5.0583,-0.1226,0.2028,0.3315
-2.8740,-11.0363,-5.7864,0.2732,0.3242,0.3387
-1.4562,-8.6987,-6.1313,0.6034,0.7006,0.3545
-0.1533,-5.7480,-5.5948,0.7346,1.0405,0.3885
0.5365,-6.2079,-5.1732,0.3047,1.0284,0.3047
1.1879,-7.8173,-4.7900,-0.0850,0.7042,0.1991
0.5365,-8.8137,-4.9433,-0.0291,0.5439,0.1506
-0.2682,-9.2735,-4.9050,0.1263,0.5573,0.0631
-0.7281,-8.5838,-4.7134,0.2343,0.6131,-0.1299
-0.3449,-7.7024,-3.9087,0.2222,0.6156,-0.2780
0.1150,-6.9360,-3.6787,0.1275,0.5670,-0.2950
0.4598,-6.5528,-3.4871,-0.0170,0.4917,-0.2040
0.6131,-6.7827,-3.2955,-0.0510,0.3885,-0.1105
0.4215,-6.9360,-3.0273,0.0158,0.2574,-0.0656
0.3066,-7.0509,-2.7974,0.0231,0.1578,-0.0413
0.6898,-7.3192,-2.8740,-0.0656,0.1190,-0.0486
0.9197,-7.5108,-2.8740,-0.2076,0.0813,-0.0607
1.0346,-7.8940,-2.5675,-0.2768,0.0352,-0.0291
1.1113,-8.8137,-1.8394,-0.2331,-0.0559,-0.0121
0.7664,-9.7717,-0.9580,-0.1068,-0.1542,-0.0231
0.5365,-10.1932,-1.3795,0.0789,-0.1906,-0.0073
1.0346,-10.0782,-1.8777,0.2380,-0.1008,0.0522
2.0693,-9.6950,-2.4525,0.3837,0.0923,0.1190
3.7554,-9.8100,-2.1843,0.4177,0.2732,0.1178
2.1076,-11.0746,-0.8047,0.4942,0.1408,0.0449
0.0766,-11.6877,-4.9433,0.1360,0.0073,-0.0534
0.6898,-12.0709,-7.0126,-0.5451,0.2708,-0.1251
1.6861,-13.0672,-5.5181,-0.0194,0.5549,-0.2270
0.0000,-11.9559,-5.7864,0.5245,0.4322,-0.1991
-1.8777,-9.0819,-6.9360,0.7503,-0.1688,-0.2489
-3.3722,-7.1659,-7.2042,0.6083,-0.6593,-0.2501
-1.7244,-7.2425,-5.9780,0.3533,-0.5889,-0.2513
-0.0766,-7.8940,-4.2919,0.1129,-0.3363,-0.2501
1.1496,-9.1202,-4.0236,0.0838,-0.1433,-0.2173
1.6478,-8.5838,-4.7517,0.1688,-0.2270,-0.0838
0.7281,-7.6257,-3.8704,0.3448,-0.3072,0.1129
0.1916,-6.8210,-3.2572,0.2088,-0.2319,0.2477
-0.0766,-6.2079,-3.0656,0.0134,-0.2040,0.2525

