-.-.-
2.4142,0.9580,-9.3885,-0.0121,0.0850,-0.0036
2.4908,0.7664,-9.2352,-0.0182,0.0898,-0.0049
2.4525,0.9963,-9.3885,-0.0097,0.0826,-0.0036
2.4525,0.9580,-9.3885,-0.0194,0.0777,-0.0049
2.4142,0.9580,-9.2735,-0.0182,0.0777,-0.0049
2.4525,0.9963,-9.3502,-0.0085,0.0777,-0.0049
2.4908,0.8430,-9.4651,-0.0109,0.0765,-0.0036
2.4142,0.9580,-9.5034,-0.0121,0.0789,-0.0061
2.4525,0.9963,-9.4651,-0.0134,0.0801,-0.0024
2.4525,0.8814,-9.3885,-0.0134,0.0777,-0.0036
2.3375,1.0346,-9.5034,-0.0121,0.0765,-0.0036
2.4525,0.8814,-9.5801,-0.0134,0.0765,-0.0036
2.4142,0.8814,-9.1969,-0.0134,0.0765,-0.0024
2.4142,0.8814,-9.5034,-0.0146,0.0789,-0.0036
2.4525,0.9580,-9.3885,-0.0134,0.0813,-0.0036
2.4525,0.8047,-9.3885,-0.0134,0.0765,-0.0049
2.3759,0.9580,-9.3502,-0.0146,0.0789,-0.0036
2.4525,0.9963,-9.5418,-0.0134,0.0777,-0.0036
2.4525,0.9963,-9.4651,-0.0121,0.0813,-0.0049
2.4142,0.9580,-9.5034,-0.0097,0.0801,-0.0049
2.4525,0.9197,-9.4268,-0.0109,0.0765,-0.0049
2.3759,0.9963,-9.4268,-0.0085,0.0789,-0.0049
2.4142,0.9580,-9.5801,-0.0097,0.0741,-0.0036
2.3759,0.8430,-9.3885,-0.0097,0.0777,-0.0049
2.4525,0.9197,-9.5034,-0.0134,0.0777,-0.0049
2.4908,0.8814,-9.4268,-0.0121,0.0777,-0.0036
2.3759,0.8047,-9.4268,-0.0109,0.0838,-0.0049
2.4142,0.8430,-9.3502,-0.0182,0.0838,-0.0049
2.2992,0.9963,-9.4651,-0.0073,0.0753,-0.0049
2.4142,0.9580,-9.3885,-0.0097,0.0753,-0.0049
2.4142,0.9197,-9.4268,-0.0097,0.0765,-0.0036
2.5291,0.9580,-9.4268,-0.0097,0.0826,-0.0049
2.3375,0.8814,-9.4651,-0.0097,0.0789,-0.0036
2.4525,0.9580,-9.5418,-0.0146,0.0765,-0.0036
2.3759,0.7664,-9.3885,-0.0134,0.0838,-0.0036
2.4142,0.9580,-9.4651,-0.0121,0.0826,-0.0036
2.4908,0.8814,-9.3885,-0.0134,0.0789,-0.0036
2.4525,0.9963,-9.5418,-0.0134,0.0789,-0.0036
2.4525,0.8814,-9.4268,-0.0121,0.0777,-0.0036
2.4908,0.8814,-9.4268,-0.0134,0.0801,-0.0049
2.4142,0.9580,-9.3885,-0.0109,0.0801,-0.0036
2.4908,0.9963,-9.4268,-0.0134,0.0765,-0.0036
2.2992,0.9580,-9.6567,-0.0146,0.0826,-0.0036
2.3759,0.8814,-9.3502,-0.0134,0.0838,-0.0036
2.4142,0.9197,-9.2735,-0.0146,0.0801,-0.0036
2.4142,0.8430,-9.4651,-0.0109,0.0813,-0.0049
2.3375,0.8814,-9.4268,-0.0121,0.0826,-0.0049
2.4142,0.9197,-9.4268,-0.0158,0.0813,-0.0049
2.4525,0.9963,-9.4268,-0.0134,0.0813,-0.0036
2.3375,0.8814,-9.3885,-0.0158,0.0789,-0.0036
2.3759,0.8814,-9.3502,-0.0134,0.0813,-0.0036
2.4142,0.9197,-9.3502,-0.0146,0.0765,-0.0036
2.4142,0.9580,-9.4268,-0.0146,0.0777,-0.0049
2.3759,0.8430,-9.3885,-0.0170,0.0862,-0.0036
2.4142,0.9197,-9.5034,-0.0109,0.0801,-0.0049
2.4142,0.8430,-9.4268,-0.0146,0.0813,-0.0049
2.4525,0.9580,-9.4651,-0.0134,0.0801,-0.0036
2.4525,0.9197,-9.3885,-0.0158,0.0850,-0.0061
2.4142,1.0346,-9.3885,-0.0097,0.0838,-0.0049
2.4525,0.8814,-9.4651,-0.0121,0.0801,-0.0036
2.2992,0.9963,-9.5034,-0.0134,0.0813,-0.0024
2.4142,0.8047,-9.3118,-0.0134,0.0838,-0.0036
2.3759,0.8430,-9.3885,-0.0146,0.0813,-0.0036
2.3375,0.8047,-9.5034,-0.0158,0.0801,-0.0036
2.4142,0.8814,-9.4268,-0.0158,0.0826,-0.0024
2.4525,0.9197,-9.4268,-0.0158,0.0801,-0.0036
2.4525,0.8047,-9.6567,-0.0170,0.0826,-0.0049
2.3375,0.9197,-9.4268,-0.0206,0.0826,-0.0061
2.4525,0.9197,-9.5418,-0.0182,0.0838,-0.0049
2.3759,1.0730,-9.4651,-0.0170,0.0862,-0.0036
2.3375,0.9963,-9.4268,-0.0194,0.0886,-0.0061
2.4142,0.9580,-9.5801,-0.0194,0.0898,-0.0049
2.4525,0.8430,-9.3502,-0.0194,0.0911,-0.0049
2.3759,0.9197,-9.4651,-0.0194,0.0886,-0.0036
2.2609,0.8430,-9.3502,-0.0206,0.0862,-0.0036
2.3759,0.9580,-9.3885,-0.0194,0.0886,-0.0036
2.4525,0.8814,-9.4651,-0.0182,0.0898,-0.0049
2.3759,0.9197,-9.4268,-0.0182,0.0886,-0.0036
2.4525,0.8430,-9.4651,-0.0206,0.0862,-0.0036
2.4142,0.8430,-9.4268,-0.0158,0.0886,-0.0049
2.4908,0.8814,-9.3118,-0.0231,0.0898,-0.0036
2.4142,0.9580,-9.5034,-0.0170,0.0898,-0.0049
2.3759,0.8814,-9.3885,-0.0194,0.0826,-0.0036
2.3759,0.9197,-9.2735,-0.0206,0.0801,-0.0061
2.2609,0.9197,-9.5418,-0.0134,0.0850,-0.0061
2.4142,0.8814,-9.5034,-0.0121,0.0850,-0.0049
2.3759,0.9197,-9.4651,-0.0170,0.0838,-0.0049
2.4142,0.9580,-9.3502,-0.0194,0.0886,-0.0036
2.3759,0.9197,-9.4651,-0.0158,0.0838,-0.0036
2.3759,1.0346,-9.3885,-0.0134,0.0838,-0.0049
2.2226,1.1113,-9.7334,-0.0134,0.0826,-0.0036
2.4525,0.9963,-9.5801,-0.0134,0.0813,-0.0036
2.4142,0.8814,-9.2735,-0.0158,0.0850,-0.0049
2.4908,0.9197,-9.3885,-0.0182,0.0874,-0.0061
2.4142,0.8814,-9.4651,-0.0182,0.0838,-0.0049
2.3759,0.9580,-9.5801,-0.0170,0.0826,-0.0036
2.3759,0.9963,-9.3885,-0.0146,0.0886,-0.0024
2.4142,0.8814,-9.5418,-0.0134,0.0838,-0.0049
2.4142,1.0346,-9.4651,-0.0134,0.0826,-0.0049
2.4142,0.9197,-9.4651,-0.0146,0.0826,-0.0036
2.3759,0.8430,-9.4651,-0.0121,0.0850,-0.0049
2.4142,0.9580,-9.3118,-0.0109,0.0862,-0.0049
2.3759,0.9197,-9.5034,-0.0121,0.0838,-0.0024
2.4525,0.8814,-9.4268,-0.0109,0.0801,-0.0049
2.4525,0.9197,-9.6567,-0.0109,0.0789,-0.0024
2.3759,0.9963,-9.3502,-0.0134,0.0801,-0.0036
2.2226,0.9963,-9.3502,-0.0121,0.0813,-0.0049
2.4525,0.8047,-9.3885,-0.0182,0.0850,-0.0049
2.5291,0.8430,-9.5034,-0.0146,0.0850,-0.0049
2.3759,0.9963,-9.4268,-0.0134,0.0801,-0.0049
2.4525,0.8814,-9.4651,-0.0158,0.0813,-0.0049
2.4142,0.9963,-9.4268,-0.0109,0.0862,-0.0036
2.3759,0.8814,-9.4268,-0.0109,0.0850,-0.0049
2.4142,0.9580,-9.4651,-0.0134,0.0838,-0.0036
2.4525,0.9580,-9.3885,-0.0158,0.0813,-0.0036
2.4142,0.8814,-9.4268,-0.0134,0.0826,-0.0036
2.4525,0.8430,-9.3502,-0.0146,0.0826,-0.0036
2.3759,0.8814,-9.4651,-0.0134,0.0838,-0.0024
2.4142,0.9197,-9.4651,-0.0146,0.0826,-0.0036
2.4142,0.8814,-9.3502,-0.0158,0.0850,-0.0024
2.4908,0.8814,-9.4651,-0.0146,0.0813,-0.0036
2.4142,0.9197,-9.3502,-0.0146,0.0801,-0.0049
2.3375,0.7281,-9.5418,-0.0146,0.0826,-0.0049
2.5291,0.9197,-9.4268,-0.0146,0.0838,-0.0049
2.4142,0.9197,-9.3502,-0.0134,0.0838,-0.0036
2.4142,0.9963,-9.5418,-0.0134,0.0801,-0.0049
2.3375,0.9580,-9.4651,-0.0134,0.0826,-0.0061
2.3759,0.9197,-9.5418,-0.0121,0.0813,-0.0049

