-.-.-
-0.4598,-11.2662,-2.1843,-0.2538,0.1263,-0.2659
-0.6131,-12.4541,-2.1843,-0.2404,-0.0777,-0.2416
-0.9580,-12.6457,-2.4525,-0.1761,-0.2999,-0.1724
-0.9580,-11.5344,-2.9890,0.0061,-0.4565,-0.0886
0.1533,-10.4614,-2.9123,0.1384,-0.4310,-0.1263
1.2263,-9.3885,-3.4871,0.2125,-0.2222,-0.2780
1.5711,-8.0473,-4.3302,0.1578,0.0170,-0.4334
1.5711,-7.7790,-4.7517,0.0000,0.1833,-0.4990
1.2263,-9.0436,-4.3685,-0.1433,0.2307,-0.4456
0.5748,-10.7680,-3.2955,-0.1360,0.1008,-0.3120
0.0000,-11.5727,-3.3339,0.0061,-0.1166,-0.2295
-0.1533,-11.2662,-3.8320,0.1408,-0.3132,-0.2052
0.3449,-10.2698,-3.9470,0.2368,-0.4517,-0.2501
0.7281,-9.8866,-3.6404,0.2404,-0.5367,-0.3120
1.2263,-9.4651,-3.4871,0.2149,-0.5585,-0.3655
1.3412,-9.1586,-3.3722,0.2149,-0.5476,-0.3545
1.2263,-8.8137,-2.9123,0.1918,-0.5901,-0.3047
1.1496,-8.6987,-3.2189,0.1311,-0.6180,-0.2513
1.6095,-8.5454,-2.7974,0.1032,-0.6289,-0.2149
1.7244,-8.8137,-2.8740,0.0583,-0.6289,-0.1408
1.7244,-8.9670,-2.6824,0.0510,-0.6301,-0.0656
1.7627,-9.3885,-2.3375,0.0376,-0.6168,0.0304
1.2646,-9.8100,-1.9160,0.0813,-0.6253,0.1068
1.0346,-9.8866,-1.7627,0.1493,-0.6678,0.1530
0.6898,-10.1549,-1.4562,0.1955,-0.7176,0.1761
1.1879,-10.6530,-1.6095,0.2963,-0.7613,0.1894
2.1459,-10.3465,-1.7244,0.3132,-0.6823,0.1396
1.5711,-10.6914,-1.1879,0.3533,-0.7576,0.1445
1.2263,-10.8063,-0.9580,0.4165,-0.7928,0.1979
1.5328,-10.7680,-0.4215,0.4723,-0.7576,0.2003
1.8011,-10.4231,-0.3449,0.5415,-0.8244,0.1821
1.1879,-10.8446,-0.8047,0.4772,-0.9410,0.1833
0.0000,-12.3008,-2.4525,0.2392,-1.1947,0.2064
0.0000,-13.1822,-2.7974,0.1785,-1.2943,0.1384
1.1496,-11.9176,-4.1386,0.3169,-1.0927,-0.0304
1.8011,-8.3538,-5.6331,0.2185,-0.8705,-0.2149
0.1916,-7.0509,-5.0966,0.0631,-0.8985,-0.2987
-1.4562,-8.0089,-3.8704,-0.0813,-0.9580,-0.1858
-1.5328,-9.1202,-3.4871,-0.1712,-0.8790,-0.0546
-0.8047,-10.7297,-3.1423,-0.2501,-0.8912,0.1323
-0.4215,-11.4961,-2.6824,-0.2416,-0.9312,0.3084
-0.5365,-10.8063,-2.9890,-0.0449,-0.9956,0.4080
-0.7664,-9.6950,-2.8740,0.0716,-0.9968,0.4031
-0.6898,-9.0053,-2.7207,0.0243,-0.9871,0.3521
-0.3449,-8.8137,-2.5291,-0.0291,-0.9859,0.3060
-0.0383,-8.6987,-2.3759,-0.1190,-1.0029,0.2586
-0.3066,-8.5838,-2.0310,-0.1991,-0.9835,0.2149
-0.5748,-8.9286,-2.2226,-0.2793,-0.9215,0.1821
-0.2682,-9.2735,-2.1843,-0.2987,-0.8378,0.1518
0.0000,-9.4268,-2.1843,-0.3132,-0.7686,0.0838
0.1916,-9.3885,-2.1843,-0.3047,-0.7443,-0.0061
-0.2299,-9.3118,-2.3375,-0.3084,-0.6969,-0.0959
-0.4982,-9.7717,-2.0693,-0.2853,-0.6544,-0.1408
-0.3066,-10.1932,-1.6095,-0.2040,-0.6277,-0.2100
0.0000,-10.2698,-1.4179,-0.0959,-0.6071,-0.2659
0.0383,-9.6567,-1.6095,-0.0255,-0.5779,-0.2817
0.3832,-10.1166,-1.4179,-0.0364,-0.5172,-0.2720
0.1916,-10.6530,-1.1879,0.0024,-0.4529,-0.3035
0.4982,-10.9596,-1.0730,0.0498,-0.4165,-0.3205
0.5365,-10.4231,-1.2263,0.0486,-0.3387,-0.3047
0.9963,-10.5381,-0.4982,0.0498,-0.1736,-0.2647
1.1113,-10.7680,0.1916,0.0206,0.0267,-0.2489
0.7664,-11.3045,0.0766,0.0449,0.1785,-0.2975
-0.3449,-12.7607,-1.4179,-0.1238,0.1821,-0.2841
-2.3375,-13.6420,-2.8740,-0.3072,0.0741,-0.1955
-3.7171,-13.0672,-3.1423,-0.1396,-0.1178,-0.0680
-2.1459,-11.6111,-3.6404,0.0619,-0.4140,0.0061
0.1533,-9.6950,-4.0236,0.2198,-0.4529,-0.0595
2.4525,-8.1622,-4.9433,0.1348,-0.2878,-0.1615
3.5255,-7.5874,-4.7900,-0.0498,0.0304,-0.2368
3.2572,-8.3155,-3.9853,-0.1809,0.2428,-0.2440
1.7244,-9.7334,-2.8740,-0.2319,0.2732,-0.3157
0.1533,-10.7680,-2.7974,-0.2671,0.1591,-0.3812
-0.3449,-10.1932,-2.9507,-0.1020,-0.0219,-0.3667
-0.1916,-9.0819,-3.1423,0.0304,-0.1967,-0.2926
0.3066,-8.5454,-2.9507,-0.0012,-0.3157,-0.2440
0.9963,-8.8137,-2.9123,-0.0935,-0.3812,-0.2125
1.5328,-8.8903,-2.6058,-0.1906,-0.4310,-0.1967
1.6861,-9.1969,-2.5675,-0.2865,-0.4480,-0.1894
1.5711,-9.5801,-2.4142,-0.3011,-0.4699,-0.1870
1.9543,-9.7334,-2.2226,-0.2610,-0.4334,-0.1542
1.9927,-9.6567,-1.8777,-0.2125,-0.3873,-0.0983
2.1459,-9.5801,-1.7627,-0.1627,-0.3132,-0.0522
1.7244,-9.6950,-1.8777,-0.1360,-0.2562,-0.0024
1.5328,-9.5801,-1.8394,-0.1056,-0.2307,0.0559
1.1113,-9.3118,-1.8394,-0.0765,-0.2246,0.1178
0.9197,-9.3885,-1.8011,-0.1032,-0.2113,0.1700
1.6095,-9.5418,-1.9160,-0.1093,-0.1918,0.1979
2.2226,-9.7717,-2.0310,-0.1712,-0.1238,0.1530
1.2263,-10.2698,-1.3029,-0.0813,-0.2355,0.1615
0.1533,-10.7680,-1.0346,-0.0389,-0.3181,0.2416
0.0766,-11.1512,-1.0730,0.0389,-0.3982,0.3060
0.4982,-11.0746,-0.8814,0.0813,-0.4687,0.3315
0.6131,-10.9979,-0.2682,0.1591,-0.5585,0.3217
1.2263,-10.4231,-0.2299,0.2598,-0.6277,0.3023
0.7281,-11.4961,-2.3759,0.0813,-0.7370,0.2598
0.8814,-13.6804,-3.9470,-0.3351,-0.8730,0.1821
2.5675,-13.6420,-4.9816,-0.1396,-0.7722,0.0571
2.7591,-11.0363,-6.8593,-0.0680,-0.4553,-0.2003
2.1076,-8.5071,-6.4378,0.0668,-0.3618,-0.3169
-0.5748,-8.1622,-4.1769,0.0291,-0.5767,-0.2647
-1.2263,-8.7754,-3.3722,-0.0182,-0.5524,-0.0813
0.5748,-9.7717,-3.4105,-0.2064,-0.4747,0.1299
2.3759,-10.4998,-3.4488,-0.3145,-0.3436,0.2708
2.5291,-10.8830,-3.4105,-0.1627,-0.1530,0.3606
1.7627,-9.9250,-3.2572,-0.0206,0.0097,0.3193
0.6131,-9.0436,-3.2189,0.0194,0.1542,0.3072
-0.1150,-8.3155,-3.1039,-0.0826,0.2210,0.3327
-0.4982,-8.3155,-3.0656,-0.0996,0.2453,0.3375
0.1150,-8.4688,-3.2189,-0.1178,0.3096,0.2598
0.4982,-8.8520,-3.1039,-0.1372,0.3958,0.1845
0.2299,-8.8520,-2.6824,-0.1445,0.4249,0.1178
-0.2682,-8.5071,-2.6824,-0.1736,0.3740,0.0571
-0.0383,-8.5838,-2.7591,-0.1882,0.3035,-0.0073
0.4215,-9.4268,-2.1843,-0.1845,0.2829,-0.0996
0.8047,-9.8483,-1.5711,-0.1081,0.2817,-0.2258
0.7281,-9.9250,-1.7627,-0.0061,0.2999,-0.3096
0.4982,-9.8866,-1.9160,0.0571,0.2963,-0.3448
0.0766,-9.9633,-2.1843,0.0413,0.2708,-0.3290
0.5748,-10.8063,-2.0693,0.0498,0.2805,-0.3120
1.5328,-11.0363,-1.8011,0.0911,0.3679,-0.3278
2.1459,-10.9596,-1.4179,0.1396,0.5197,-0.3788
2.1076,-11.3428,-0.9963,0.1384,0.6532,-0.3922
1.8394,-11.5344,-0.2682,0.1833,0.7540,-0.3557
1.7244,-11.2662,0.3832,0.3327,0.9094,-0.2975
1.1496,-11.4195,-0.6131,0.4419,1.0551,-0.2671
1.9927,-13.1439,-4.6368,-0.0996,0.9859,-0.2125
-1.9927,-13.1055,-3.5638,-0.1481,0.8596,-0.0401

