-.-.-
-7.3192,1.2646,-7.3192,-0.0522,-0.0656,0.0012
-7.3575,1.2263,-7.2425,-0.0571,-0.0510,0.0012
-7.3192,1.2263,-7.2809,-0.0607,-0.0389,0.0000
-7.3192,1.3029,-7.3192,-0.0522,-0.0219,-0.0012
-7.3192,1.3029,-7.2809,-0.0474,-0.0024,-0.0073
-7.2809,1.1496,-7.2809,-0.0413,0.0121,-0.0146
-7.3192,1.2263,-7.2042,-0.0486,0.0328,-0.0097
-7.4341,1.3029,-7.3192,-0.0486,0.0474,-0.0073
-7.2809,1.1879,-7.2809,-0.0401,0.0607,-0.0097
-7.3192,1.1879,-7.2809,-0.0510,0.0595,-0.0036
-7.3575,1.3029,-7.2809,-0.0583,0.0583,-0.0049
-7.3192,1.3029,-7.3575,-0.0522,0.0656,-0.0049
-7.3958,1.3795,-7.3958,-0.0498,0.0704,-0.0061
-7.3192,1.3029,-7.4341,-0.0498,0.0692,-0.0073
-7.3958,1.2646,-7.4341,-0.0449,0.0643,-0.0073
-7.2042,1.2646,-7.4341,-0.0474,0.0534,-0.0097
-7.3192,1.1113,-7.4341,-0.0449,0.0425,-0.0109
-7.2809,1.0730,-7.4341,-0.0486,0.0316,-0.0109
-7.3575,1.1879,-7.3958,-0.0522,0.0243,-0.0073
-7.2425,1.2646,-7.4725,-0.0510,0.0170,-0.0061
-7.2809,1.2646,-7.3575,-0.0522,0.0085,-0.0061
-7.2809,1.2646,-7.3575,-0.0522,0.0036,-0.0049
-7.3575,1.1879,-7.3958,-0.0522,0.0024,0.0000
-7.3575,1.2646,-7.5491,-0.0546,-0.0036,0.0024
-7.3192,1.4179,-7.3575,-0.0559,-0.0134,0.0036
-7.2809,1.3029,-7.3958,-0.0534,-0.0121,0.0024
-7.3575,1.3412,-7.3575,-0.0534,-0.0085,0.0012
-7.3575,1.3029,-7.3958,-0.0534,-0.0049,-0.0012
-7.3192,1.3029,-7.2425,-0.0510,-0.0012,-0.0049
-7.3575,1.3412,-7.4341,-0.0486,0.0085,-0.0085
-7.3192,1.2263,-7.3575,-0.0474,0.0170,-0.0085
-7.3575,1.3412,-7.3958,-0.0486,0.0231,-0.0085
-7.3575,1.1879,-7.5491,-0.0474,0.0267,-0.0036
-7.3192,1.1879,-7.4341,-0.0461,0.0304,-0.0073
-7.3575,1.2263,-7.3192,-0.0498,0.0267,-0.0146
-7.3192,1.2646,-7.2042,-0.0522,0.0291,-0.0073
-7.3958,1.2646,-7.3192,-0.0534,0.0413,0.0012
-7.3575,1.2263,-7.3958,-0.0486,0.0425,-0.0012
-7.2425,1.2263,-7.4341,-0.0571,0.0279,0.0036
-7.2809,1.2263,-7.0893,-0.0595,0.0219,0.0049
-7.3192,1.1879,-7.3192,-0.0546,0.0255,0.0000
-7.3575,1.2646,-7.3575,-0.0486,0.0328,0.0000
-7.3958,1.3029,-7.4725,-0.0498,0.0316,-0.0036
-7.3192,1.1879,-7.5108,-0.0474,0.0291,-0.0036
-7.2809,1.2263,-7.3575,-0.0474,0.0279,-0.0049
-7.3958,1.2646,-7.3958,-0.0486,0.0255,-0.0073
-7.3575,1.3412,-7.3575,-0.0522,0.0182,-0.0085
-7.3958,1.1879,-7.5874,-0.0522,0.0146,-0.0049
-7.2809,1.3412,-7.3192,-0.0498,0.0097,-0.0049
-7.3192,1.3412,-7.2425,-0.0486,0.0049,-0.0036
-7.2809,1.2646,-7.5874,-0.0510,0.0024,-0.0073
-7.2809,1.1879,-7.3958,-0.0510,0.0000,-0.0012
-7.2809,1.1879,-7.3575,-0.0534,0.0012,0.0024
-7.2809,1.1879,-7.2809,-0.0522,0.0073,0.0024
-7.3575,1.1879,-7.3575,-0.0510,0.0073,0.0024
-7.2809,1.2263,-7.3192,-0.0534,0.0121,0.0012
-7.3958,1.2646,-7.3192,-0.0559,0.0121,0.0049
-7.3575,1.2263,-7.2809,-0.0546,0.0134,0.0024
-7.4341,1.3412,-7.3575,-0.0522,0.0109,0.0024
-7.3575,1.1879,-7.3575,-0.0510,0.0109,0.0024
-7.3958,1.3029,-7.3958,-0.0498,0.0134,-0.0012
-7.3575,1.2646,-7.3575,-0.0522,0.0170,-0.0024
-7.3958,1.2646,-7.3192,-0.0534,0.0170,-0.0036
-7.2809,1.2646,-7.2809,-0.0559,0.0134,-0.0049
-7.3192,1.2646,-7.3575,-0.0522,0.0134,-0.0036
-7.2809,1.2646,-7.4341,-0.0510,0.0109,-0.0061
-7.3958,1.3029,-7.3192,-0.0474,0.0109,-0.0085
-7.3575,1.1496,-7.1276,-0.0559,0.0219,-0.0024
-7.3575,1.3029,-7.3958,-0.0486,0.0389,-0.0012
-7.2809,1.1879,-7.3958,-0.0510,0.0304,0.0024
-7.3575,1.2263,-7.3958,-0.0534,0.0231,0.0061
-7.3192,1.2263,-7.3958,-0.0534,0.0219,0.0036
-7.3958,1.2646,-7.4341,-0.0546,0.0255,0.0012
-7.3575,1.2646,-7.3575,-0.0534,0.0267,-0.0012
-7.3192,1.2646,-7.3958,-0.0546,0.0255,0.0000
-7.3958,1.2263,-7.2809,-0.0510,0.0231,-0.0024
-7.4341,1.2646,-7.3192,-0.0510,0.0243,-0.0049
-7.3192,1.2263,-7.3958,-0.0571,0.0231,-0.0061
-7.3958,1.4179,-7.3192,-0.0546,0.0194,-0.0061
-7.4341,1.4179,-7.2809,-0.0546,0.0182,-0.0073
-7.3192,1.1879,-7.4341,-0.0559,0.0182,-0.0073
-7.3575,1.1879,-7.2809,-0.0571,0.0219,-0.0073
-7.3192,1.3412,-7.3575,-0.0559,0.0219,-0.0097
-7.2809,1.3029,-7.3958,-0.0583,0.0219,-0.0073
-7.3958,1.2646,-7.3192,-0.0607,0.0194,-0.0073
-7.3575,1.3795,-7.3575,-0.0571,0.0206,-0.0109
-7.2809,1.3029,-7.2809,-0.0534,0.0279,-0.0121
-7.3958,1.4179,-7.3958,-0.0534,0.0316,-0.0134
-7.2809,1.3412,-7.3575,-0.0522,0.0304,-0.0121
-7.2425,1.2263,-7.3575,-0.0510,0.0279,-0.0146
-7.3192,1.2646,-7.3958,-0.0522,0.0304,-0.0158
-7.3192,1.2263,-7.3575,-0.0510,0.0316,-0.0146
-7.2809,1.3795,-7.2809,-0.0534,0.0316,-0.0146
-7.3575,1.3029,-7.4341,-0.0522,0.0291,-0.0134
-7.3575,1.2263,-7.3575,-0.0534,0.0340,-0.0158
-7.3192,1.2646,-7.3958,-0.0510,0.0376,-0.0170
-7.3575,1.3029,-7.3575,-0.0522,0.0376,-0.0134
-7.3192,1.3412,-7.3575,-0.0546,0.0389,-0.0158
-7.2809,1.2263,-7.3958,-0.0498,0.0437,-0.0134
-7.3192,1.1496,-7.3958,-0.0510,0.0437,-0.0194
-7.2809,1.1113,-7.3575,-0.0559,0.0449,-0.0170
-7.2425,1.2263,-7.2425,-0.0631,0.0546,-0.0109
-7.3958,1.3795,-7.4341,-0.0498,0.0692,-0.0121
-7.3192,1.3412,-7.3958,-0.0534,0.0510,-0.0121
-7.3192,1.2646,-7.3958,-0.0619,0.0425,-0.0049
-7.3575,1.1879,-7.4341,-0.0595,0.0413,-0.0097
-7.2425,1.3029,-7.5491,-0.0571,0.0461,-0.0109
-7.2809,1.1879,-7.3192,-0.0571,0.0486,-0.0121
-7.4341,1.3029,-7.4725,-0.0559,0.0461,-0.0134
-7.3575,1.3029,-7.4341,-0.0534,0.0413,-0.0170
-7.2425,1.3412,-7.3958,-0.0522,0.0340,-0.0194
-7.3192,1.2263,-7.4725,-0.0546,0.0279,-0.0170
-7.2425,1.3029,-7.3958,-0.0534,0.0206,-0.0194
-7.2425,1.1113,-7.4341,-0.0522,0.0097,-0.0170
-7.3958,1.4179,-7.3192,-0.0571,0.0061,-0.0121
-7.2425,1.2263,-7.3958,-0.0559,0.0109,-0.0134
-7.2809,1.3029,-7.3575,-0.0607,0.0134,-0.0134
-7.2042,1.1496,-7.3958,-0.0668,0.0170,-0.0109
-7.2425,1.3029,-7.3958,-0.0619,0.0255,-0.0134
-7.2809,1.3412,-7.3575,-0.0571,0.0328,-0.0134
-7.2425,1.1496,-7.3958,-0.0559,0.0389,-0.0121
-7.2809,1.2646,-7.4341,-0.0607,0.0510,-0.0134
-7.3192,1.3029,-7.4341,-0.0595,0.0534,-0.0158
-7.2425,1.1879,-7.5108,-0.0571,0.0486,-0.0194
-7.2809,1.3412,-7.4725,-0.0534,0.0510,-0.0219
-7.2425,1.3412,-7.3575,-0.0546,0.0498,-0.0194
-7.3575,1.1496,-7.4341,-0.0583,0.0474,-0.0182
-7.2809,1.2646,-7.4725,-0.0607,0.0461,-0.0182

