-.-.-
-8.2389,-17.0909,-0.5365,-0.0753,-0.7431,-0.7030
-11.4195,-11.1129,1.3412,-1.6124,-0.7358,-1.6221
-7.6641,-13.7187,1.8394,-0.7734,-2.0264,-1.0842
-4.2536,-13.6420,1.0730,-0.2562,-2.4768,-0.5889
-2.0310,-10.8830,-0.4982,-0.2538,-2.6213,-0.6969
3.6021,-7.1276,0.3449,-0.9155,-2.3882,-1.1097
7.1276,-4.6751,1.0730,-1.5468,-1.8868,-1.3574
4.9433,-1.9927,-0.0766,-1.6270,-1.6828,-1.5007
3.2955,-1.1113,-1.9543,-1.0090,-1.1061,-1.4958
3.7937,-1.6478,-1.9543,0.3181,-0.0534,-0.9689
4.0236,-0.0766,-3.4105,0.9992,0.2768,-0.2380
2.4525,0.5365,-6.0163,0.8365,0.0971,0.1821
-1.0730,-1.9927,-4.2152,0.6848,-0.2635,0.5282
-0.6514,-7.8173,-7.7790,1.9341,-0.2525,0.7358
3.2572,-11.5344,-11.0363,2.0009,0.6338,0.3679
1.9160,-25.4447,-2.5291,-1.1656,-0.2283,-0.8620
-4.2152,-30.8095,-5.2116,-1.8479,-0.4262,-2.6820
-5.4032,-20.9229,0.1916,1.4849,-0.6569,-2.5412
2.0310,-16.0945,-2.9890,1.2906,-1.1546,-0.0862
2.1076,-14.2935,-1.9543,0.7734,-1.8224,1.0721
0.0000,-14.2168,-0.3449,-0.0728,-2.4538,0.9871
-2.3375,-14.2935,0.8814,-0.9300,-2.6225,0.6471
-4.6368,-17.5507,2.7207,-0.1323,-3.0645,0.3764
-3.2572,-13.8336,-0.3832,0.6386,-3.0147,0.4116
-2.1076,-7.1276,-2.8357,0.4237,-3.4639,0.5585
-0.3449,-2.6441,-2.7974,-0.3436,-3.3802,0.6447
2.6441,-1.3029,-1.1879,-0.1979,-2.9115,0.4152
3.7171,0.8814,-3.2572,-0.1372,-2.5181,-0.1190
3.7171,2.0310,-3.3722,0.3120,-2.0349,-0.5439
2.1459,1.8394,-3.5638,0.4832,-1.6257,-0.6593
1.2646,-1.3029,-4.1769,0.6933,-1.1850,-0.7904
3.8704,-2.7591,-2.7974,0.8147,-0.5864,-0.9665
4.7900,-3.7554,-2.0693,1.1267,-0.4165,-1.1255
-1.6478,-6.0163,-7.8940,1.8115,-1.9366,-0.8790
-11.2279,-15.7113,-10.8446,0.4808,-1.5055,0.2064
-14.2935,-26.5177,1.1879,-2.0325,-0.1421,2.1757
14.5617,-30.7712,-5.6331,-0.2768,-3.3085,4.6623
8.7754,-28.5103,1.5711,0.6131,-2.2364,2.2182
-0.2682,-21.6510,1.8777,0.9920,-1.5335,-1.2627
-2.8357,-10.1166,-0.9963,0.0255,-1.3343,-1.5650
-3.6404,-10.5764,2.7974,-1.1583,-1.7751,-1.0648
-4.2152,-13.7953,0.1533,-1.2518,-2.2462,-0.9300
-3.2189,-12.4541,-1.0730,-1.0126,-1.8236,-1.2251
1.7627,-10.6530,-1.2263,-1.0612,-1.6100,-1.3428
8.3921,-8.6987,0.3066,-1.2044,-1.2967,-1.0891
7.6257,-6.2079,1.1879,-1.1304,-1.0988,-1.0332
2.0310,-4.2536,-1.1879,-0.7940,-0.7370,-1.0357
-0.3832,-1.4562,-2.8740,-0.1518,-0.3776,-0.7103
-0.5365,1.4179,-1.0346,0.5184,0.0777,0.1748
1.3029,0.0000,-1.4562,1.4108,-0.0073,0.8669
0.8814,-1.5328,-4.5601,1.4837,-0.3995,0.9604
2.9890,-4.1386,-10.0399,1.7472,-0.2817,0.8268
3.2955,-9.4268,-6.1696,1.1049,-0.2185,0.4857
2.7207,-20.3098,3.7554,1.2627,0.0121,-0.0874
-0.9580,-24.7166,-8.5454,-0.1591,0.0801,-1.6075
0.0000,-20.8463,-3.9470,-0.2283,-0.3740,-2.3761
4.4835,-18.3171,-0.9963,0.4541,-0.2416,-0.6581
3.6021,-15.9413,-1.1113,1.2214,-0.4165,1.0005
-0.9580,-14.5617,-2.8357,0.1141,-1.0587,1.6306
-4.0236,-15.2132,1.0730,-1.0247,-1.5068,1.3853
-4.5984,-16.2095,1.3412,-0.8353,-1.7605,1.0429
-2.9890,-14.2552,-0.3066,-0.1591,-2.1490,0.8487
-2.4142,-9.0053,-2.3759,0.0656,-2.5072,0.9252
-0.4982,-3.4488,-3.0273,-0.3400,-2.4064,1.0502
2.5291,-1.0730,-2.0693,-0.4966,-2.1539,0.7880
3.5255,1.6095,-3.2572,-0.2513,-1.7217,0.0959
4.8667,2.2609,-2.4525,0.4128,-1.2202,-0.4249
3.8320,0.4982,-1.9160,0.7880,-0.7880,-0.7467
3.9470,-0.4215,-1.8394,0.8450,-0.3594,-0.7200
5.1732,-2.4908,0.4598,0.8778,0.2052,-0.6107
4.2536,-5.4032,-3.0273,1.6294,-0.0898,-0.5913
-5.8630,-9.6567,-13.5654,2.5230,-2.3202,-0.2647
-19.3518,-20.8846,-5.8630,-1.0041,0.8062,0.6144
-2.8740,-24.5633,-4.9433,-2.3445,-1.3671,3.4554
8.6221,-26.8625,-0.1916,0.4395,-2.5339,3.6971
5.9780,-28.2804,1.2646,0.9665,-1.0442,0.4832
-0.4215,-17.8573,-1.7244,1.2421,-0.7552,-2.0155
0.2299,-8.6987,-1.3029,-0.3837,-0.4249,-1.8783
-0.8047,-10.9213,2.1843,-0.6362,-0.3509,-1.5541
-2.2609,-10.4231,-0.1150,-0.8147,-0.5306,-1.0429
-2.3759,-9.5034,-1.8011,-1.3768,-0.4905,-0.9203
1.6478,-9.5034,0.7664,-2.1709,-0.2295,-0.7625
3.3339,-8.9670,2.0693,-1.5590,-0.2975,-0.6459
1.1879,-4.2152,-1.4945,-0.5585,-0.6010,-0.7892
1.6861,-1.1496,-2.9890,0.2817,-0.3157,-0.5002
2.6441,-0.1150,-2.4142,0.8232,0.3667,0.0316
3.2955,1.6478,-4.2919,1.5298,0.2720,0.6350
1.3412,1.5711,-3.9853,1.0988,-0.1748,0.8256
-1.2263,-0.1150,-4.1769,1.2239,-0.2295,0.9167
2.7591,-4.8284,-9.0053,1.7775,0.6702,0.7358
4.9050,-14.1019,-1.2646,1.0466,0.8183,-0.0546
6.3229,-23.5670,0.2682,-0.5719,0.4092,-1.4570
-1.5711,-24.1035,-8.7754,-1.3173,0.7722,-3.3037
-1.8394,-18.7003,-0.8814,-0.5439,0.7916,-2.8617
3.5638,-17.5124,0.6898,0.7176,0.3290,-0.3521
5.5948,-18.2021,1.1113,-0.0741,-0.2841,1.0490
0.9197,-18.5470,2.1843,-0.8608,-0.7115,1.3793
-1.1496,-18.1638,2.9507,-0.4480,-0.8620,1.6027
-1.8394,-14.1402,0.7281,0.0364,-1.2348,1.7411
-1.6095,-10.6530,-0.4982,-0.0801,-1.4570,1.7581
-0.4215,-10.6530,-0.3066,-0.3982,-1.4388,1.4800
2.4908,-8.7754,0.3832,-0.0182,-1.2627,0.9701
4.5218,-2.6824,-3.0656,-0.2841,-0.8499,0.4553
4.7900,2.2609,-4.1003,-0.7042,-0.5706,-0.1299
4.0620,2.4525,-1.8394,-0.5500,-0.5512,-1.0272
1.3029,0.8430,-2.0310,0.5160,0.0267,-1.4521
0.9197,0.9963,-2.6441,0.5439,0.3825,-1.1510
0.6514,-1.3412,-3.6021,0.2149,0.1323,-0.6569
-1.2646,-5.5948,-7.6257,0.0704,-0.4480,-0.3302
-5.3265,-9.6567,-10.3082,-0.3715,-1.0187,0.1943
-10.0399,-13.8720,-4.4835,-1.4363,-0.8426,1.3902
0.2682,-19.2368,-1.8011,-0.8633,-1.2360,2.8205
6.3612,-19.6966,-2.1843,0.6520,-1.9693,2.5388
6.0163,-21.3061,-1.4179,0.6484,-1.6864,0.6678
1.7244,-18.2405,0.6898,0.4249,-1.2105,-1.1619
-0.6898,-11.3428,-1.6478,-0.4626,-1.2239,-1.5638
-2.1459,-9.8100,2.2992,-1.7265,-1.4545,-1.4290
-0.9580,-11.3045,0.9963,-1.1984,-1.6075,-1.4375
-0.9963,-9.9250,-1.8394,-0.6569,-1.2833,-1.3441
2.1076,-11.8027,-4.1769,-0.7795,-0.9567,-0.5646
5.5948,-10.7680,-5.4415,-0.2258,-0.8705,0.2550
6.7444,-8.4305,-4.4835,0.2453,-0.3363,0.2003
6.1313,-6.8977,-4.0236,0.3934,0.5087,-0.0862
3.1806,-5.7864,-5.5181,0.2040,0.9543,0.1676
0.0766,-0.6898,-4.5601,0.2234,0.8669,0.9980
-4.3302,3.7554,-5.3648,-0.0231,0.6666,1.4643
-6.6677,4.7134,-5.4798,-0.9713,0.1566,1.4630
-6.7827,0.0766,-7.7790,-0.9288,-0.5828,0.8098

