-.-.-
-5.6331,5.0583,1.1879,-1.2020,-0.7018,-0.0316
-1.9927,7.2425,4.2536,-2.1405,-1.2469,0.7795
-0.3449,4.2919,4.9050,-1.4958,-1.8164,1.1207
-3.2955,2.7207,5.5948,-0.6107,-2.3858,1.1401
-7.0893,2.6058,6.9360,-0.1979,-2.4453,0.8365
-8.1239,3.1806,6.0546,0.5330,-2.2280,0.6314
-5.5948,4.4835,5.6331,0.2234,-1.5662,0.4662
-5.5564,4.2536,6.7444,-0.2149,-1.1971,0.2198
-4.3302,4.4452,7.0509,-0.1506,-1.2664,0.1190
-4.2152,3.0273,6.6294,0.0097,-1.0684,-0.1287
-3.7171,2.6824,7.4341,0.2100,-0.6241,-0.3812
-4.6368,2.8740,7.0126,0.3387,-0.3740,-0.5039
-5.7480,2.8740,6.2845,0.2683,-0.2635,-0.5136
-6.0163,2.6824,5.2499,0.2355,-0.1214,-0.5488
-5.7864,3.0656,5.0966,0.3400,0.1008,-0.5864
-5.5948,3.6404,5.2882,0.4747,0.3205,-0.6216
-5.6331,4.0620,5.4032,0.5318,0.5245,-0.6204
-5.7864,4.1769,5.4415,0.4759,0.6265,-0.5670
-5.6714,3.7171,5.5564,0.4249,0.7285,-0.5221
-6.2845,3.3339,5.7097,0.2914,0.8025,-0.5197
-6.3229,3.0273,5.1732,0.1530,0.8936,-0.5755
-6.4761,3.0273,4.9050,0.0789,1.0417,-0.6289
-6.9360,3.0273,4.6751,0.0243,1.0830,-0.7358
-7.0509,3.1423,4.5601,0.1408,1.1474,-0.8487
-7.1276,3.3722,4.2919,0.2950,1.0721,-0.9312
-8.5454,3.3722,4.3685,0.4529,0.9859,-0.9519
-8.9670,3.3339,3.7937,0.6083,0.9422,-0.9482
-8.1622,2.5291,3.2572,0.6277,1.0587,-0.9701
-8.7370,1.5328,2.5675,0.5986,1.1522,-0.9713
-8.5838,1.3412,1.4945,0.3606,0.9932,-0.9009
-9.0436,1.6095,1.6861,0.0813,0.8098,-0.6629
-9.5418,2.1843,1.1496,-0.1238,0.6763,-0.5148
-10.0399,2.1076,0.9963,-0.3327,0.6180,-0.4893
-10.2315,1.6478,0.6898,-0.5342,0.5561,-0.4565
-10.6914,0.6131,0.9580,-0.7285,0.2914,-0.4893
-10.8063,-0.1916,1.3795,-0.8280,0.1153,-0.3400
-11.0363,-0.8047,1.1113,-0.7601,-0.0061,-0.1809
-10.8446,-0.9963,1.4945,-0.6265,-0.0595,-0.0255
-10.4614,-0.7281,1.8394,-0.3703,-0.1153,0.0583
-9.7334,-0.6898,2.2992,-0.1894,-0.1663,0.0352
-9.5418,-0.5748,2.2609,-0.1299,-0.1445,-0.0073
-9.5034,0.0000,2.2226,-0.2149,-0.2015,-0.0073
-9.4268,0.4215,2.4142,-0.3120,-0.2720,0.0595
-9.1202,0.5365,2.6058,-0.3630,-0.3047,0.1287
-8.7754,0.4982,2.8357,-0.3266,-0.3072,0.1736
-8.6221,0.6131,3.1039,-0.2440,-0.2938,0.1967
-8.5454,0.7664,3.2572,-0.1481,-0.2926,0.2040
-8.6221,0.8047,3.1806,-0.0352,-0.3011,0.2149
-8.6604,0.8814,3.1806,0.0449,-0.2938,0.2198
-8.8520,1.2263,3.2955,0.1323,-0.2586,0.2234
-8.8520,1.3029,3.2955,0.1676,-0.2125,0.1700
-9.0436,1.5328,3.1806,0.2173,-0.1445,0.1081
-8.6604,1.5328,3.3722,0.2647,-0.0741,0.0437
-8.6221,1.5711,3.1423,0.3084,-0.0364,-0.0206
-8.6604,1.6478,3.1423,0.3557,-0.0219,-0.0728
-8.5838,1.6095,2.9507,0.3934,-0.0340,-0.1129
-8.6604,1.8394,2.9507,0.4529,-0.0692,-0.1518
-8.6987,1.8777,3.0273,0.4407,-0.0813,-0.1761
-8.7754,1.9927,2.9890,0.4249,-0.0850,-0.1736
-8.6221,2.0310,2.9123,0.3570,-0.0850,-0.1712
-8.7754,2.0310,2.9507,0.2574,-0.0546,-0.1445
-8.6604,1.8394,3.0273,0.1457,-0.0704,-0.1360
-8.7754,1.6095,3.1039,0.0401,-0.0607,-0.1166
-8.7754,1.6478,2.9507,-0.0291,-0.0534,-0.0886
-8.6604,1.4179,2.9890,-0.0838,-0.0546,-0.0522
-8.7754,1.4945,3.1806,-0.1299,-0.0559,-0.0231
-8.7370,1.3795,2.9507,-0.1627,-0.0656,-0.0012
-8.6987,1.3412,3.1423,-0.1821,-0.0813,0.0146
-8.8137,1.1879,3.1806,-0.1797,-0.0971,0.0255
-8.6987,1.1879,3.2189,-0.1700,-0.0911,0.0291
-8.5838,1.1113,3.3339,-0.1554,-0.0716,0.0279
-8.5071,1.1879,3.1806,-0.1396,-0.0486,0.0279
-8.5071,1.1496,3.1806,-0.1251,-0.0304,0.0243
-8.5454,1.1113,3.5255,-0.1056,-0.0170,0.0243
-8.5454,1.2646,3.4871,-0.0838,0.0024,0.0206
-8.5454,1.3795,3.4488,-0.0656,0.0194,0.0134
-8.5071,1.2646,3.5255,-0.0498,0.0340,0.0061
-8.6604,1.2646,3.2189,-0.0340,0.0425,0.0024
-8.6221,1.3412,3.2955,-0.0219,0.0522,0.0000
-8.6604,1.4562,3.4488,-0.0134,0.0583,-0.0061
-8.6221,1.3795,3.1423,-0.0061,0.0583,-0.0085
-8.6987,1.5328,3.3339,-0.0073,0.0546,-0.0085
-8.7370,1.4562,3.1423,-0.0049,0.0534,-0.0085
-8.7754,1.4562,3.1806,-0.0061,0.0510,-0.0134
-8.7370,1.6478,3.0656,-0.0146,0.0425,-0.0146
-8.8520,1.5328,2.9890,-0.0279,0.0304,-0.0134
-8.9286,1.6095,3.0656,-0.0376,0.0194,-0.0134
-8.7754,1.4562,3.1806,-0.0437,0.0061,-0.0109
-8.7754,1.4179,3.2572,-0.0522,-0.0036,-0.0073
-8.6987,1.4562,3.1806,-0.0656,-0.0146,-0.0024
-8.6604,1.4562,3.1423,-0.0765,-0.0182,0.0000
-8.7370,1.4562,3.1806,-0.0801,-0.0206,0.0036
-8.6221,1.3029,3.2572,-0.0777,-0.0182,-0.0012
-8.5454,1.3029,3.2189,-0.0704,-0.0182,0.0012
-8.7370,1.3412,3.2189,-0.0680,-0.0170,-0.0012
-8.4688,1.4945,3.4488,-0.0704,-0.0134,-0.0073
-8.6221,1.3029,3.3722,-0.0656,-0.0036,-0.0049
-8.5454,1.3029,3.4488,-0.0559,0.0000,-0.0012
-8.5071,1.3412,3.2572,-0.0474,0.0012,-0.0012
-8.6604,1.3412,3.2572,-0.0413,-0.0061,0.0036
-8.6604,1.2646,3.1806,-0.0474,-0.0121,0.0024
-8.5454,1.3412,3.2572,-0.0425,-0.0097,0.0012
-8.6987,1.3029,3.3339,-0.0364,0.0073,-0.0036
-8.6604,1.4945,3.4105,-0.0304,0.0231,-0.0061
-8.6604,1.4562,3.2572,-0.0340,0.0316,-0.0061
-8.5454,1.4179,3.2955,-0.0352,0.0304,-0.0049
-8.6221,1.2646,3.3339,-0.0340,0.0279,-0.0073
-8.5454,1.3795,3.2189,-0.0340,0.0231,-0.0049
-8.7754,1.3795,3.3339,-0.0437,0.0243,-0.0061
-8.6604,1.4945,3.2572,-0.0546,0.0255,-0.0073
-8.7370,1.4945,3.1806,-0.0619,0.0243,-0.0036
-8.6221,1.2646,3.2189,-0.0668,0.0231,-0.0024
-8.5838,1.4179,3.2955,-0.0680,0.0194,-0.0012
-8.7370,1.4179,3.1039,-0.0668,0.0121,-0.0012
-8.7370,1.5328,3.2955,-0.0680,0.0109,-0.0012
-8.6221,1.4179,3.1806,-0.0692,0.0109,-0.0049
-8.6604,1.3795,3.2955,-0.0692,0.0097,-0.0024
-8.5838,1.3795,3.3722,-0.0668,0.0073,-0.0024
-8.5838,1.2646,3.2189,-0.0631,0.0085,-0.0036
-8.6987,1.3795,3.4105,-0.0595,0.0049,-0.0061
-8.6221,1.3795,3.1806,-0.0534,0.0073,-0.0061
-8.6987,1.3795,3.2955,-0.0498,0.0109,-0.0061
-8.6221,1.4562,3.2189,-0.0474,0.0109,-0.0061
-8.5838,1.4179,3.2955,-0.0461,0.0146,-0.0061
-8.7370,1.4562,3.1423,-0.0461,0.0170,-0.0061
-8.5454,1.4945,3.3339,-0.0474,0.0158,-0.0061
-8.6604,1.3795,3.2572,-0.0510,0.0146,-0.0036
-8.5838,1.4562,3.2189,-0.0474,0.0182,-0.0036

