-.-.-
-0.4598,-5.9396,-5.9780,-0.0741,-1.1279,-0.4189
-0.4598,-5.8630,-5.9780,-0.0206,-1.1765,-0.4055
-0.3832,-5.6331,-5.4798,0.0012,-1.2251,-0.3897
-0.4598,-5.6331,-6.0163,-0.0279,-1.2457,-0.3837
-0.5365,-5.8247,-5.8630,-0.0425,-1.2736,-0.3800
-0.6514,-5.7864,-5.8247,-0.0291,-1.3258,-0.3655
-0.8430,-5.7480,-5.8247,0.0255,-1.3756,-0.3545
-0.8814,-5.6714,-5.8630,0.0680,-1.4266,-0.3266
-0.8814,-5.4415,-5.6331,0.0886,-1.4740,-0.3084
-0.7664,-5.4415,-5.6331,0.1129,-1.4958,-0.2975
-0.7281,-5.3648,-5.2882,0.1433,-1.5480,-0.2683
-0.9197,-5.1732,-5.3648,0.2064,-1.6185,-0.2246
-1.1496,-4.9433,-5.1349,0.2440,-1.6694,-0.1906
-1.1496,-4.6368,-4.9433,0.2732,-1.7289,-0.1578
-0.9197,-4.6368,-4.7900,0.2695,-1.8139,-0.1299
-0.9963,-4.7517,-4.4835,0.2513,-1.9147,-0.0923
-1.2646,-4.4835,-4.5218,0.3132,-2.0203,-0.0619
-1.0730,-4.5218,-3.8320,0.4359,-2.0968,-0.0134
-0.8430,-3.8704,-3.3339,0.6350,-2.1478,0.0486
-0.6131,-2.7591,-2.4908,0.7479,-2.2328,0.1566
-0.3066,-2.2609,-1.7627,0.7455,-2.3530,0.2950
-0.1150,-1.9927,-0.3832,0.7078,-2.5448,0.4954
-0.9197,-1.8394,0.7281,0.7916,-2.9273,0.6799
-1.8011,-2.3759,1.4179,0.9094,-3.2891,0.7491
-2.5291,-3.1039,1.7627,1.0405,-3.5186,0.7576
-3.1423,-4.0236,2.5291,1.4388,-3.6436,0.6848
-5.0966,-6.2462,2.6058,2.0895,-3.6971,0.3897
-12.8756,-8.1622,1.4179,3.3437,-4.0443,0.4177
-26.0195,-13.0672,1.4179,3.6096,-4.3138,0.7309
-52.1539,-35.0248,12.9139,5.0035,-5.0423,1.9985
-40.3896,-33.1088,4.4068,4.7279,-3.9897,3.8658
-4.6751,-7.3192,12.3391,5.3908,-2.2292,3.3304
6.7061,4.4835,20.9612,3.9994,-0.5427,4.5931
-0.8047,3.5638,-0.3066,2.3105,-0.7843,4.5749
-8.0856,-10.3082,0.2682,2.4380,-0.2671,3.1398
-7.4725,-10.1549,2.1076,3.3705,-0.9179,2.0118
-2.2992,7.5491,5.3648,1.7241,-1.1377,1.2748
-8.8903,15.5964,5.8247,1.0114,-0.0656,0.2623
-11.8410,7.1276,7.1276,1.1559,0.5706,-0.5512
-12.6074,3.6787,9.8100,0.5755,0.1894,-0.9458
-11.9176,1.3029,5.3265,-0.1506,-0.4687,-0.9944
-4.8284,3.2955,3.0273,0.1433,-1.3878,-1.0539
-3.1806,5.8247,6.2079,0.3691,-1.8164,-0.9252
-1.7244,4.1003,6.9743,0.0522,-1.5092,-0.6556
-1.6095,3.0656,7.4725,-0.2805,-1.2129,-0.4966
-4.6368,2.3759,9.3118,-0.3995,-1.3963,-0.4189
-4.8667,0.8047,9.2735,-0.3412,-1.2117,-0.4905
-5.5948,-0.3066,9.7717,-0.3035,-0.6908,-0.5500
-7.1276,-0.4215,9.9250,-0.1578,-0.2720,-0.5451
-5.4415,-0.0766,9.2352,-0.0243,-0.1809,-0.4504
-4.1769,0.0766,9.8866,0.1408,-0.1821,-0.2659
-3.1039,-0.1916,10.6147,0.2380,-0.0352,-0.2173
-3.2189,-1.0346,9.4268,0.2100,0.2088,-0.2683
-3.1039,-1.4945,8.2005,0.2780,0.5318,-0.2489
-3.3722,-0.9963,7.3192,0.3800,0.7054,-0.2829
-4.4452,-1.1496,7.1659,0.3800,0.7151,-0.3096
-5.2882,-1.0730,7.4725,0.3557,0.7078,-0.3812
-5.5948,-1.4562,7.2042,0.3205,0.7758,-0.4395
-5.7864,-1.5711,7.2425,0.3060,0.8900,-0.5184
-9.1202,-0.9580,6.6677,0.2708,0.9859,-0.5160
-7.0126,-2.3759,6.5911,0.2246,0.8487,-0.2185
-6.7827,-1.5328,6.2462,0.3315,0.9737,-0.1736
-6.8977,-1.9543,5.8630,0.2428,0.9519,-0.2076
-7.1659,-1.8394,5.9780,0.1955,0.9264,-0.2076
-7.3192,-2.0693,5.5181,0.1372,0.9179,-0.2319
-7.4725,-2.2226,5.3648,0.1178,0.9519,-0.2392
-8.0089,-2.0310,5.4415,0.0959,0.9070,-0.1955
-7.9323,-1.6095,5.2116,0.0316,0.7807,-0.1408
-8.4688,-1.4179,5.2499,-0.0340,0.7176,-0.0765
-9.0819,-1.1879,5.2499,-0.0559,0.7018,0.0049
-8.9670,-1.7627,4.8284,-0.1287,0.6034,0.0510
-9.8100,-1.9543,4.7517,-0.1190,0.5451,0.1275
-9.1969,-2.1459,4.6751,-0.0267,0.4796,0.1773
-8.5071,-2.0693,4.5218,-0.0231,0.2647,0.1433
-8.0473,-1.7627,4.5218,0.0498,0.1724,0.1044
-7.7790,-1.4562,4.7517,0.0765,0.0631,0.0862
-8.0473,-1.3412,4.9050,0.0777,-0.0146,0.0595
-8.1239,-1.4562,4.9816,0.0911,-0.0753,0.0401
-8.3921,-1.3412,5.0966,0.0959,-0.1153,0.0279
-8.3155,-1.3412,5.0583,0.1105,-0.1068,0.0194
-8.5071,-1.0346,5.1349,0.1202,-0.0971,0.0024
-8.4305,-0.9580,5.2499,0.0959,-0.1178,-0.0182
-8.1622,-1.1113,5.3265,0.1044,-0.1384,-0.0304
-7.7024,-1.0346,5.3265,0.0874,-0.1736,-0.0413
-7.7024,-1.2263,5.5948,0.0522,-0.2040,-0.0583
-7.7024,-1.5711,5.4798,0.0486,-0.2258,-0.0838
-7.6257,-1.6095,5.5181,0.0741,-0.2149,-0.0983
-7.5108,-1.4945,5.4415,0.0923,-0.2040,-0.1068
-7.5874,-1.4945,5.7097,0.0898,-0.2052,-0.1020
-7.4725,-1.5711,5.8247,0.0704,-0.1785,-0.0923
-7.4725,-1.6478,5.7480,0.0716,-0.1421,-0.0777
-7.5874,-1.6478,5.8247,0.0777,-0.1093,-0.0595
-7.3958,-1.6095,6.0163,0.0656,-0.0607,-0.0437
-7.3958,-1.4179,5.9396,0.0425,-0.0304,-0.0328
-7.4341,-1.6478,5.8630,0.0449,0.0121,-0.0291
-7.5491,-1.7244,5.7097,0.0559,0.0449,-0.0255
-7.6257,-1.4562,5.5948,0.0728,0.0583,-0.0243
-7.6257,-1.3795,5.5181,0.0741,0.0449,-0.0243
-7.6641,-1.2263,5.5948,0.0522,0.0352,-0.0158
-7.4341,-1.2646,5.6331,0.0219,0.0182,-0.0061
-7.6257,-1.3795,5.4415,-0.0061,-0.0170,0.0061
-7.9323,-1.4562,5.3265,0.0121,-0.0231,-0.0109
-7.8557,-1.4945,5.7097,0.0364,-0.0206,-0.0364
-7.6641,-1.4179,5.7864,0.0413,-0.0109,-0.0243
-7.7024,-1.4945,5.6714,0.0449,-0.0061,-0.0194
-7.6257,-1.5711,5.6714,0.0607,-0.0061,-0.0206
-7.6641,-1.4945,5.7480,0.0692,-0.0049,-0.0194
-7.5108,-1.6861,5.7480,0.0680,0.0024,-0.0231
-7.5874,-1.8011,5.6331,0.0741,0.0061,-0.0194
-7.4341,-1.5711,5.2116,0.0813,0.0024,-0.0182
-7.7407,-1.4562,5.4798,0.0668,-0.0121,-0.0243
-7.7024,-1.6478,5.5564,0.0607,-0.0206,-0.0255
-7.7790,-1.5711,5.4415,0.0789,-0.0255,-0.0194
-7.5491,-1.4945,5.8630,0.0643,-0.0279,-0.0255
-7.5874,-1.6095,5.8247,0.0486,-0.0206,-0.0267
-7.4725,-1.7627,5.7097,0.0425,-0.0012,-0.0243
-7.6257,-1.7627,5.8247,0.0680,0.0182,-0.0121
-7.3958,-1.6095,5.7864,0.1020,0.0231,-0.0036
-7.5874,-1.3795,5.9013,0.0996,0.0109,0.0036
-7.5108,-1.3029,5.7097,0.0692,-0.0036,0.0049
-7.6257,-1.4562,5.5948,0.0449,0.0000,-0.0012
-7.5874,-1.4562,5.9780,0.0255,0.0121,-0.0073
-7.5108,-1.6478,5.6714,0.0194,0.0376,-0.0073
-7.5491,-1.7244,5.8630,0.0194,0.0510,-0.0061
-7.7024,-1.6478,5.7480,0.0364,0.0546,-0.0049
-7.5874,-1.4945,5.7864,0.0425,0.0498,-0.0024
-7.5491,-1.3795,5.6714,0.0364,0.0510,-0.0036
-7.5491,-1.6861,5.6714,0.0340,0.0534,-0.0036

