-.-.-
2.3375,-7.2809,-4.7134,0.3120,-0.5027,0.2780
3.6021,-6.6294,-4.5218,0.2987,0.0449,0.0777
3.2572,-7.1659,-4.5601,0.0486,0.4602,0.1190
1.3029,-8.1622,-4.2152,-0.1930,0.5367,0.1530
-0.6514,-9.0053,-4.2152,-0.1396,0.4177,0.1214
-1.2263,-9.2735,-3.5255,0.0607,0.1676,0.0692
-0.8430,-9.5034,-3.0273,0.1651,-0.0571,-0.0328
-0.1533,-9.1586,-2.7974,0.1603,-0.1615,-0.1785
0.3832,-8.5454,-2.6441,0.1773,-0.1894,-0.2890
0.3832,-8.2389,-2.3375,0.1688,-0.2355,-0.3072
0.3832,-7.9706,-2.1843,0.1141,-0.3472,-0.2987
0.9963,-7.7790,-1.8777,0.0486,-0.4784,-0.3509
1.6861,-7.7790,-2.1459,-0.0838,-0.5354,-0.4140
2.2226,-8.3921,-2.0693,-0.1797,-0.6095,-0.4504
1.6861,-8.9286,-2.1076,-0.1251,-0.5852,-0.3436
1.2646,-8.9286,-1.9927,-0.0728,-0.5755,-0.2525
0.8430,-8.6987,-1.6478,0.0109,-0.5719,-0.1918
1.0730,-8.5071,-1.2263,0.0777,-0.5573,-0.1554
1.2263,-8.1239,-0.9197,0.1141,-0.5415,-0.1056
1.4945,-8.2005,-1.0346,0.1032,-0.5427,-0.0486
1.9160,-8.2772,-0.9197,0.0425,-0.4942,-0.0219
2.2226,-8.5838,-0.9197,-0.0085,-0.4468,-0.0134
1.9927,-9.2735,-0.9963,-0.0364,-0.4007,-0.0097
1.4179,-9.7717,-0.8814,-0.0291,-0.3521,-0.0049
1.6095,-10.0399,-0.6898,0.0340,-0.3400,-0.0121
1.9927,-10.4998,-0.2682,0.1506,-0.3193,-0.0534
1.8777,-11.0746,0.4982,0.3375,-0.2793,-0.1202
1.8011,-10.9596,0.3449,0.4869,-0.2270,-0.1688
2.1459,-12.0326,-2.4525,0.2440,-0.1056,-0.2926
4.3685,-14.7533,-2.7591,-0.0850,-0.0680,-0.5136
5.5564,-12.9139,-4.1386,0.2610,0.5488,-0.9094
4.1769,-10.3848,-5.0966,0.1311,1.2020,-0.7188
0.4982,-8.5454,-4.1386,0.1457,1.0721,-0.3157
-2.4525,-7.2809,-3.2189,0.3363,0.3570,-0.0376
-3.7171,-6.5145,-2.9507,0.5051,-0.2295,0.0352
-1.2263,-7.7407,-2.9507,0.2610,-0.4407,-0.0194
1.6478,-9.2735,-3.1806,0.1238,-0.4286,-0.1396
3.8704,-9.0819,-3.5638,0.1129,-0.1676,-0.2100
3.8704,-8.5454,-3.6021,0.0328,0.1396,-0.0801
2.6824,-8.6221,-3.3339,-0.0583,0.2841,0.1833
1.1496,-8.9286,-2.6824,0.0121,0.2938,0.3497
1.3795,-8.4305,-2.7974,-0.0340,0.3679,0.3703
2.2226,-8.1622,-2.6824,-0.1032,0.5585,0.3618
1.7627,-7.8940,-2.1459,-0.0838,0.7188,0.4407
0.7664,-7.7790,-1.4945,-0.0959,0.7977,0.5379
0.0000,-8.2389,-1.6478,-0.1724,0.8244,0.5403
-0.3449,-8.4305,-1.4562,-0.1493,0.8013,0.4468
-0.6514,-8.1239,-1.1113,-0.0692,0.7370,0.3460
-0.1533,-8.3155,-0.7281,-0.0340,0.6386,0.2404
0.6514,-8.0473,-0.8814,-0.0643,0.5549,0.1323
1.0346,-8.2005,-0.7664,-0.1421,0.5524,0.0510
1.5328,-8.6987,-0.9197,-0.1943,0.6010,0.0146
1.1879,-9.3885,-1.0346,-0.2003,0.6520,0.0109
0.3066,-10.7297,-0.7281,-0.0559,0.6532,0.0231
-0.3832,-11.1512,-0.8047,0.0789,0.6022,0.0777
-0.2682,-10.8446,-0.1916,0.1591,0.4881,0.1044
0.0000,-10.1166,0.8047,0.2914,0.3776,0.0692
0.4598,-10.0399,1.6478,0.4237,0.3436,0.0643
0.9963,-9.8100,0.3449,0.3290,0.3132,0.1044
0.3449,-11.9176,-1.9543,0.0668,0.1663,0.2076
-1.5711,-14.4468,-2.2609,0.0850,-0.0607,0.4201
-0.6131,-13.9103,-2.0693,0.5658,-0.2902,0.6569
0.1916,-11.0746,-4.0236,0.5112,-0.6411,0.6265
2.4908,-8.5838,-5.3648,0.1785,-0.4322,0.3982
4.0236,-7.0126,-4.5218,0.0971,0.1457,0.2501
3.5255,-7.2809,-4.4835,-0.0304,0.4492,0.1408
1.5328,-8.2389,-3.8704,-0.2355,0.4723,0.0219
-0.1916,-9.3885,-3.2189,-0.2683,0.3436,-0.0486
-1.1879,-9.7334,-2.8740,-0.0996,0.1166,-0.1093
-0.8814,-9.2735,-2.6058,0.0413,-0.1372,-0.2307
-0.1916,-8.8520,-2.4142,0.0607,-0.3230,-0.3873
0.3066,-8.3921,-2.1459,0.0741,-0.4262,-0.5087
0.6131,-8.1622,-2.0310,0.1081,-0.5245,-0.4638
0.3832,-7.7407,-2.1459,0.0522,-0.7151,-0.4456
0.9580,-7.5491,-1.9543,-0.0449,-0.8390,-0.4541
1.7627,-7.5491,-1.8011,-0.0898,-0.8815,-0.4905
2.3759,-8.0473,-1.8394,-0.1457,-0.9337,-0.4626
2.5291,-8.1239,-1.8011,-0.1566,-0.9410,-0.3910
2.3375,-8.6221,-1.7627,-0.0474,-0.8329,-0.2392
1.8777,-8.5838,-1.3412,0.0437,-0.6884,-0.1433
1.4562,-8.2005,-0.8047,0.1166,-0.6338,-0.0789
1.2263,-8.1239,-0.4982,0.0911,-0.6447,-0.0146
1.1879,-8.2005,-0.8047,0.0085,-0.6459,0.0474
1.9543,-8.6221,-1.1113,-0.0656,-0.5961,0.0619
2.2992,-9.5034,-0.9963,-0.0959,-0.5112,0.0279
2.2992,-10.3848,-0.9580,-0.0073,-0.4128,-0.0206
2.3759,-10.8446,-0.2299,0.1481,-0.3533,-0.0631
1.9927,-10.8830,0.8814,0.3727,-0.3266,-0.0923
1.4562,-10.8830,1.4562,0.6216,-0.2938,-0.1081
2.2226,-10.4231,-0.3832,0.5002,-0.2355,-0.1566
2.9507,-12.7990,-4.1386,-0.1153,-0.2113,-0.3363
6.0163,-14.4468,-2.7974,0.0219,0.0874,-0.6751
5.8630,-12.0709,-4.7517,0.1117,0.8268,-0.9070
0.8047,-9.9633,-4.6751,-0.1251,1.2105,-0.7321
-3.4871,-7.6641,-5.0583,0.0024,0.8159,-0.3570
-3.3339,-7.3958,-4.5601,0.1676,-0.0061,-0.1299
-0.3832,-8.6604,-3.7937,0.0158,-0.4189,-0.1008
2.0693,-8.9670,-4.3302,-0.1190,-0.2987,-0.1032
3.7937,-8.2772,-4.0620,-0.0134,0.0838,-0.0583
4.1003,-7.7024,-3.9470,0.0413,0.4929,0.0680
2.6441,-8.1239,-3.0273,-0.0401,0.6872,0.2829
1.3029,-8.8903,-2.1843,0.0680,0.7418,0.4419
1.2263,-8.9286,-2.2992,0.1591,0.7576,0.4237
1.4945,-8.2005,-2.4908,0.0983,0.8511,0.3703
1.1113,-7.9323,-2.1076,0.0364,0.9482,0.4116
0.4598,-7.7024,-1.4562,0.0024,1.0077,0.5014
-0.0766,-8.0089,-1.3412,-0.0911,0.9847,0.5209
-0.3832,-8.4688,-1.3795,-0.1056,0.9276,0.4602
-0.1150,-8.5454,-1.3412,-0.0765,0.8293,0.3533
-0.0766,-8.3155,-0.9963,-0.0255,0.7018,0.2331
0.0000,-8.2005,-0.5365,-0.0291,0.5512,0.1408
0.1150,-7.9706,-0.3449,-0.0607,0.4468,0.0716
0.4598,-7.9323,-0.3066,-0.0886,0.3982,0.0170
0.9963,-8.4305,-0.4215,-0.1263,0.3533,-0.0182
0.6898,-9.0819,-0.9197,-0.1445,0.2999,-0.0206
0.5365,-9.6950,-0.6131,-0.1554,0.3217,-0.0036
0.8814,-10.0399,-0.5748,-0.1032,0.3460,-0.0012
0.7664,-10.8063,-0.1916,0.0522,0.3691,-0.0121
0.7664,-11.4578,0.4598,0.2088,0.4031,-0.0073
1.2263,-11.1129,1.0730,0.3302,0.4213,0.0449
1.7244,-10.2315,1.0346,0.4055,0.4432,0.0583
-0.1533,-10.8446,-2.3375,0.1336,0.1955,0.1287
-3.2189,-16.1329,-3.1806,-0.0595,-0.1421,0.4565
-1.8394,-16.2478,-2.2992,0.5646,-0.4007,0.7880
-0.0766,-11.4961,-5.2116,0.4857,-0.9616,0.7479
3.4871,-7.0509,-6.6677,0.1178,-0.9737,0.3958
5.1732,-6.9360,-4.3302,0.2453,-0.1918,0.0971
4.0236,-8.6987,-4.3685,0.2052,0.2950,0.0886

