-.-.-
-0.7281,-9.6950,-2.2609,-1.1389,-0.2853,0.1384
-0.9197,-9.4268,-2.5675,-1.2154,-0.3302,0.0996
-0.5365,-9.3502,-2.8740,-1.3186,-0.3315,0.1032
-0.4215,-9.0436,-3.4105,-1.3938,-0.2999,0.1093
0.2299,-9.2352,-3.5255,-1.4618,-0.2331,0.1166
0.3832,-9.2735,-3.6021,-1.5031,-0.1408,0.1773
0.6898,-8.9670,-3.6404,-1.4655,-0.0959,0.2125
0.6514,-8.8520,-4.0236,-1.4133,-0.0668,0.2610
0.7664,-8.9286,-3.6404,-1.4193,-0.0376,0.2780
0.3066,-9.3118,-4.0620,-1.6245,0.0036,0.2404
-0.3066,-8.9670,-4.2536,-1.9548,0.0389,0.1943
-0.4982,-9.2735,-4.8284,-2.3336,0.1299,0.1214
-0.4982,-9.5034,-5.7097,-2.4902,0.2149,0.0571
-0.7664,-9.3885,-6.7444,-2.6359,0.2720,0.1384
-1.0346,-9.3885,-7.4341,-2.6675,0.1481,0.1833
-1.1879,-9.5034,-7.7024,-2.9504,0.0571,0.1773
-1.7244,-11.1895,-8.4305,-2.7597,0.0534,0.1858
-1.8394,-9.3885,-8.6604,-2.3664,0.1093,0.2222
-0.7664,-9.5034,-9.1202,-1.9366,0.0668,0.2404
-0.7281,-9.3502,-9.0436,-1.5930,0.0291,0.3169
-1.1496,-8.0089,-9.4651,-1.4594,-0.0036,0.4225
-1.5711,-7.2042,-9.7334,-1.4181,0.0121,0.4529
-1.5711,-6.8593,-9.9250,-1.2918,0.0510,0.4577
-1.1496,-6.5911,-9.6567,-1.2324,0.1020,0.4419
-1.1113,-6.0929,-9.1969,-1.1838,0.0425,0.4165
-0.8814,-6.2462,-9.1202,-1.0769,-0.0255,0.3861
-0.7281,-6.5145,-8.9286,-0.9458,0.0134,0.3521
-0.7664,-6.0546,-9.0436,-0.8329,0.0983,0.3157
-0.9197,-5.4032,-9.0436,-0.7236,0.1639,0.2768
-1.0346,-4.9816,-8.7370,-0.6459,0.1943,0.2477
-0.6514,-4.7517,-8.6987,-0.6107,0.1761,0.2258
-1.0346,-4.2919,-9.0053,-0.6229,0.1797,0.2270
-0.9963,-4.2919,-9.2352,-0.6411,0.2100,0.2161
-0.9580,-4.5984,-9.4268,-0.6532,0.2756,0.2015
-0.7664,-4.5218,-9.5034,-0.6386,0.3060,0.1833
-0.8430,-4.3302,-9.3885,-0.5864,0.2647,0.1396
-0.8814,-4.1769,-9.3118,-0.5512,0.1894,0.1056
-0.8814,-3.6787,-9.0436,-0.5403,0.1396,0.0911
-0.4982,-3.6021,-8.6604,-0.5500,0.1044,0.0728
-0.0383,-3.4871,-8.5071,-0.5889,0.0923,0.0583
0.0000,-3.4488,-8.4305,-0.5670,0.1214,0.0571
-0.0766,-3.6021,-8.4688,-0.5136,0.1238,0.0510
-0.2299,-3.6787,-8.4688,-0.4189,0.0267,0.0206
-0.4982,-3.9853,-8.0473,-0.2234,-0.1336,-0.0255
-0.6131,-4.2152,-7.8173,0.0243,-0.3157,-0.0741
-0.6898,-4.1003,-7.5108,0.2149,-0.4723,-0.1651
-1.0730,-4.2152,-7.5108,0.3193,-0.5791,-0.2513
-1.1496,-3.8704,-7.4341,0.3533,-0.6520,-0.3363
-0.9580,-3.9087,-7.8940,0.3412,-0.6678,-0.4031
-0.3066,-4.2536,-8.1239,0.3897,-0.7103,-0.5002
-0.1150,-4.1769,-8.4688,0.5112,-0.7758,-0.6010
-0.3832,-4.1003,-8.3538,0.5925,-0.8633,-0.6435
-0.6131,-4.1386,-8.0473,0.5828,-0.9106,-0.6216
-0.9197,-4.0620,-7.5874,0.5694,-0.9750,-0.5779
-0.5748,-4.1386,-7.4725,0.5816,-0.9798,-0.5524
-0.1916,-4.9050,-7.0509,0.5585,-0.9422,-0.5658
-0.1916,-5.5948,-6.7444,0.6156,-0.9057,-0.6083
0.0383,-5.7480,-6.3612,0.7686,-0.9288,-0.6714
-0.9963,-5.0966,-6.1313,0.8778,-1.0939,-0.7212
-1.7244,-4.8284,-6.5145,0.9118,-1.3623,-0.7406
-1.6095,-4.6751,-6.7444,0.8572,-1.5796,-0.7103
-0.9580,-4.9050,-6.8977,0.7601,-1.6379,-0.7115
-0.2682,-5.5564,-6.5145,0.6981,-1.5699,-0.7540
-0.6514,-5.8630,-6.1696,0.6484,-1.7484,-0.7661
-2.0693,-6.0546,-6.4761,0.5634,-2.1393,-0.7297
-2.0693,-4.9050,-7.2809,0.4359,-2.3627,-0.7309
-1.1113,-4.2152,-7.3192,0.6301,-2.3008,-0.7406
-0.5365,-3.1039,-6.7444,0.7346,-2.1927,-0.7855
-1.0730,-3.8320,-5.8247,0.6156,-2.1539,-0.5609
-3.1039,-5.4032,-6.3612,0.1299,-2.7877,-0.1700
-4.3685,-5.8247,-6.9360,-0.2137,-3.5113,-0.0049
-4.3302,-4.9050,-6.1696,0.1676,-3.6861,0.1299
-2.8740,-3.4105,-4.5984,-0.0364,-3.7335,0.0219
-3.1039,-2.8357,-3.7171,-1.1073,-3.9484,-0.0328
-4.8667,-5.5564,-6.6677,-0.9713,-4.5081,0.1299
-7.1276,-6.3995,-2.4142,-0.3958,-4.8991,0.5245
-8.9670,-4.2919,-2.1459,-0.5561,-4.9173,0.7613
-15.0599,-5.6331,-3.2955,-0.5986,-5.0059,1.6160
-25.9429,-13.8720,-4.7900,-0.3327,-5.0011,2.2862
-49.4332,-19.2368,-6.8210,0.6484,-4.9258,3.5429
-27.1691,-18.2405,-0.5365,1.1462,-4.2119,3.3583
0.0000,-5.3648,-0.7281,1.7945,-3.6910,2.6650
-2.7974,-4.6368,2.6441,1.9268,-2.6225,3.6084
-13.4504,-8.2005,-2.5675,2.5631,-1.9536,3.2381
-4.3685,-8.5454,0.7664,1.9973,-1.5128,2.4222
-3.1806,-0.8430,0.2682,1.4460,-1.8054,1.7593
-7.1276,5.5181,1.6478,1.4885,-2.2280,2.0252
-10.9979,3.5638,3.7937,1.4436,-1.7763,1.6646
-11.6877,3.9470,4.3302,0.9531,-2.4016,1.1899
-14.4851,5.4415,4.4835,0.4674,-2.6735,0.5451
-12.9139,2.9123,6.6677,-0.2113,-2.5934,-0.4177
-7.5491,2.9123,9.3118,-0.6653,-1.9268,-1.3392
-3.9853,3.9853,11.0363,-0.0753,-0.9883,-1.1656
-3.5638,1.3795,5.5181,0.3157,-1.6864,-1.1923
-2.8740,1.7627,6.4761,0.7625,-2.4344,-1.2506
-3.1039,1.5328,6.9743,0.7892,-2.8642,-1.3258
-3.0273,1.9160,5.9396,0.7528,-2.5970,-1.5310
-1.3412,3.1423,5.5181,0.4602,-2.0349,-1.5966
-0.2682,2.4142,6.0163,-0.0437,-1.7641,-1.7556
-1.9160,0.3449,6.0929,-0.3582,-1.5407,-1.8977
-2.6058,0.5748,6.8210,-0.5197,-1.3101,-1.9402
-1.2646,-0.7281,7.8940,-0.2222,-0.9616,-1.6342
-3.4871,-0.4982,9.5418,0.1336,-0.5209,-1.4473
-5.1732,-2.4142,10.0782,0.2780,-0.6386,-0.9932
-4.3302,-2.9890,10.1549,0.3606,-1.0211,-0.6411
-4.5601,-2.2609,9.9633,0.2538,-1.0599,-0.4820
-5.3265,-2.1843,9.3118,-0.0838,-0.8742,-0.3315
-3.6787,-2.0693,7.6257,-0.4419,-0.6848,-0.2428
-2.3759,-2.0310,6.6677,-0.6763,-0.6350,-0.2319
-3.7554,-2.5675,6.6294,-0.6362,-0.6508,-0.1020
-3.3339,-2.4525,5.7480,-0.6399,-0.7285,-0.0741
-3.2189,-2.7974,6.2462,-0.4857,-0.9227,0.0692
-3.1423,-2.7207,7.1659,-0.3752,-0.9337,0.1299
-2.6058,-2.2992,7.1659,-0.2902,-0.9689,0.1651
-2.3375,-2.9123,7.5108,-0.4541,-1.0745,0.1712
-2.5675,-3.6021,7.7024,-0.4225,-1.0381,0.1445
-2.0310,-4.1386,8.1622,-0.4674,-1.0709,0.1226
-1.3795,-4.7517,8.2389,-0.3120,-1.1304,0.1202
-0.1150,-5.2116,8.0089,-0.1493,-1.0636,0.0911
1.3412,-4.6368,8.0856,-0.1178,-0.8098,0.0753
1.5328,-4.6368,7.7024,0.1651,-0.3776,0.1081
1.3029,-2.7207,7.8940,0.4031,-0.1651,0.1761
-0.8814,-2.1459,8.2772,0.3290,-0.3922,0.2404
-2.8357,-1.2263,7.8557,0.1166,-0.7540,0.3327
-1.6095,-0.6131,6.4378,-0.2853,-0.8730,0.1748
-0.3832,-3.0656,6.3995,-0.8463,-0.6945,-0.0449
1.1113,-5.9013,7.1276,-0.5597,-0.4541,-0.1081
0.0383,-4.0236,8.7370,0.2185,-0.2805,-0.0534

