-.-.-
-0.8814,-6.3612,-2.4908,0.0546,0.2538,0.2744
-1.0730,-6.7444,-2.5675,-0.0194,0.2465,0.2185
-0.7664,-7.4341,-2.1843,-0.1081,0.1700,0.1712
-0.5365,-8.0089,-2.0310,-0.0983,0.1323,0.0789
0.0766,-8.4305,-1.7244,0.0085,0.1894,-0.0486
0.3066,-8.2389,-1.5328,0.1676,0.2550,-0.1542
0.0383,-8.3155,-1.3795,0.2938,0.2950,-0.1943
0.0383,-8.9286,-0.8814,0.3570,0.2853,-0.1603
0.1150,-9.5034,-1.1113,0.4541,0.2550,-0.1105
0.3066,-9.6184,-1.0346,0.5002,0.2113,-0.0971
-1.1113,-9.2352,-2.1843,0.5172,0.0121,-0.0850
-1.5711,-9.4651,-1.3029,0.4480,0.0413,-0.0291
-0.3449,-10.2315,-0.9963,0.2550,0.1930,0.0134
0.1916,-11.4961,-2.3759,-0.0619,0.1833,0.1627
0.8814,-12.9523,-4.6751,-0.3788,-0.1129,0.4480
-0.5748,-13.4888,-4.9433,-0.1117,-0.3934,0.6738
-1.1879,-12.6840,-6.5145,0.1833,-0.1761,0.5367
-2.4142,-10.6914,-7.3192,0.2052,0.2283,0.2368
-0.5365,-9.0053,-6.8977,0.0583,0.5658,0.1457
0.1916,-7.6641,-6.4761,0.0498,0.6071,0.1311
1.9543,-7.8173,-4.7517,-0.1202,0.3339,0.1845
1.2646,-8.6221,-4.7517,-0.2173,0.2028,0.0826
-0.1150,-8.9286,-3.7937,-0.0741,0.2295,-0.0716
-1.0346,-8.5838,-3.6787,-0.1044,0.2125,-0.2950
-0.6514,-8.3538,-3.5638,-0.1603,0.2938,-0.4674
0.0766,-7.2809,-2.6441,-0.1141,0.3703,-0.4747
0.6131,-6.4761,-2.1459,-0.1506,0.3084,-0.3885
0.6514,-6.2462,-2.1076,-0.1603,0.1700,-0.2768
0.2299,-6.2079,-2.4525,-0.0923,0.0813,-0.1396
0.2682,-6.0163,-2.5675,-0.1032,0.0267,-0.0340
0.3066,-6.3995,-2.1459,-0.1712,0.0146,0.0340
0.8430,-7.3575,-2.3375,-0.2198,0.0121,0.0753
0.9197,-8.2005,-1.8394,-0.1773,-0.0121,0.1166
0.4215,-9.0053,-1.4179,-0.0911,-0.1044,0.1238
-0.0383,-9.6184,-0.4598,0.0291,-0.2853,0.0838
-0.4215,-10.1549,-0.4215,0.3145,-0.3667,0.0595
-0.2682,-9.9633,-0.6514,0.4529,-0.3145,0.0328
0.2682,-9.5801,-0.6898,0.5112,-0.1578,-0.0340
1.8011,-8.7754,-1.9927,0.5731,0.0741,-0.0024
2.2609,-9.7717,-2.4142,0.2659,0.1372,-0.0474
1.2263,-11.2662,-4.4835,-0.1712,0.1141,-0.1445
0.8814,-12.7607,-7.3958,-0.6216,0.3788,-0.2914
1.7244,-13.7953,-6.5145,-0.5306,0.6253,-0.4152
0.2299,-12.3008,-6.3612,0.0267,0.5755,-0.2853
-1.3029,-9.1202,-7.2425,0.2926,-0.0704,-0.1153
-3.3722,-6.9360,-7.5491,0.0571,-0.5609,-0.1081
-2.1843,-6.6677,-6.8593,-0.2647,-0.5488,-0.0886
0.4215,-7.4725,-5.3648,-0.5306,-0.3752,-0.0583
2.1843,-8.4688,-4.7517,-0.5961,-0.1554,0.0376
1.8394,-8.6604,-4.7517,-0.5621,-0.1287,0.1773
0.0766,-7.8940,-4.4452,-0.3132,-0.2780,0.1967
-0.9963,-6.5528,-3.4105,-0.3788,-0.3351,0.2185
-0.9580,-6.0163,-3.2189,-0.5876,-0.3910,0.2307
-0.4215,-5.8630,-2.7974,-0.7115,-0.3800,0.1930
-0.3832,-5.9780,-2.6824,-0.7103,-0.2793,0.1882
-0.6514,-6.2845,-2.6824,-0.6520,-0.2708,0.1202
-1.2646,-7.1276,-2.4525,-0.6666,-0.3849,0.0716
-0.9580,-8.9670,-2.3375,-0.7309,-0.4589,0.0449
0.1533,-9.8483,-2.2609,-0.7212,-0.2732,0.0474
1.6095,-9.2735,-2.8740,-0.6690,0.0364,0.0486
1.7244,-7.3958,-3.0656,-0.6204,0.1360,-0.0255
1.0346,-7.6641,-4.1003,-0.6447,0.3825,0.2440
0.2682,-9.5418,-3.6021,-0.4407,0.5755,0.5051
-0.5748,-9.8483,-5.2499,-0.4092,0.7491,0.6010
0.4982,-9.0053,-7.1276,-0.3934,1.3234,0.5476
2.5675,-5.9780,-9.6950,-0.3315,2.0810,0.6362
-0.3449,1.4562,-15.6730,-0.5573,2.3069,0.6399
-5.4415,-1.2263,-11.0363,-1.9329,1.7981,0.4917
-7.8940,-9.4651,-9.3118,-2.3360,0.4019,0.3169
-3.9087,-12.0326,-13.6804,-1.8479,-1.1316,0.4055
0.4215,-8.4305,-12.9523,-1.8564,-0.7151,-0.1773
2.6824,-5.5948,-10.4998,-2.4089,-0.2210,-0.6690
5.4798,-4.7900,-8.0473,-3.1483,-0.0437,-0.7783
5.4032,-6.5528,-7.5108,-3.3183,0.1421,-0.9106
0.0000,-8.1622,-4.8667,-3.0791,-0.1700,-1.0818
-4.1003,-5.9780,-0.6514,-2.7257,-0.4480,-1.2020
-7.1276,-5.3265,1.6095,-2.2571,-0.7880,-1.2409
-2.1076,-4.7900,3.1806,-1.8139,-1.3611,-0.7115
2.4142,-6.5145,2.5291,-1.5517,-1.9305,-0.4808
4.9433,-5.3265,-1.1113,-0.4419,-2.1053,-0.5148
2.8357,-1.4945,-0.9580,0.4347,-1.4400,-0.5682
0.6514,1.6861,-5.1349,0.3570,-1.0005,-0.4152
-1.5711,0.4598,-10.3465,-0.4286,-0.6326,-0.1178
-1.0730,-4.4452,-13.5271,-1.2433,-0.0121,0.2732
-0.4982,-4.4452,-13.1055,-1.2724,0.7455,0.4468
-2.4908,-3.1423,-10.8830,-1.1899,0.8620,0.6459
-3.1806,-2.3759,-12.4158,-1.3222,0.6702,0.4055
-2.4908,-0.5365,-13.7570,-1.4509,0.4213,0.2307
-1.3795,-2.1459,-14.2935,-1.9426,0.1178,0.3181
0.2682,-3.7171,-15.0216,-2.2025,-0.1166,0.3922
-0.2299,-3.2189,-15.6730,-2.2255,-0.3145,0.3230
-1.3412,-3.7937,-15.8263,-2.2304,-0.4565,0.2708
-0.4215,-5.0200,-13.0289,-2.2462,-0.5172,0.1433
-1.2646,-5.2116,-12.6457,-2.2632,-0.6131,0.0219
-0.3449,-6.1313,-10.1166,-1.9147,-0.8948,0.0340
-1.8394,-7.5874,-4.9433,-1.7107,-1.1583,-0.0546
-3.4488,-7.4341,-1.1113,-1.5808,-1.2287,-0.1445
-1.6861,-7.1276,4.2152,-1.1401,-1.3368,-0.3472
0.0000,-4.9816,7.7790,-1.1219,-1.4970,-0.4869
1.1879,-0.1533,5.2499,-0.8839,-1.6512,-0.5184
-0.2299,1.8777,0.8430,-0.5427,-1.4218,-0.1930
-2.2609,0.4598,-2.0693,-0.1566,-1.0223,0.2635
-1.8777,-1.9543,-1.7627,0.1882,-0.3849,0.4990
3.4488,2.7207,-3.1039,0.5039,1.0175,0.9737
7.0509,3.4871,-4.9816,0.4262,2.2474,1.4594
7.0126,6.7827,-7.0509,0.8851,3.8148,2.0373
4.6751,8.1622,-14.5617,0.7285,5.0350,2.5108
0.8814,6.8210,-13.7953,0.3023,5.4345,2.8387
2.8357,5.2882,-12.5691,0.1360,5.6482,2.8763
8.9286,12.2625,-16.8609,-0.6301,6.0501,2.7379
5.2499,16.9376,-15.8263,-1.4618,6.1338,2.6347
2.7207,11.7260,-16.7843,-1.3853,5.4005,2.4768
9.8100,12.4541,-17.8189,-0.9361,4.2859,1.6002
15.3664,21.3827,-19.9266,0.1991,1.4740,-0.0692
16.2478,9.0819,-13.4504,1.4813,0.5524,-0.0352
18.6620,5.5948,-13.6804,1.7180,0.0158,0.1858
15.9413,11.9943,-11.8793,1.4485,-0.6083,0.2404
11.4578,7.5874,-10.2315,0.6095,-0.6180,0.2768
9.1586,3.9087,-7.8940,-0.1251,-0.7321,0.4990
9.7717,4.0236,-7.9323,0.1979,-1.2688,0.5221
11.6494,2.8357,-4.4835,0.3679,-1.4218,0.2015
10.8446,3.2189,-5.2116,0.0765,-0.9057,-0.1336
8.1622,4.1386,-6.1696,0.1967,-0.5075,-0.4468
3.7171,1.7627,-3.7937,0.1845,-0.5998,-0.5367
0.8047,0.8430,-3.2189,0.1663,-0.7977,-0.5609
2.1076,0.7664,-4.1769,0.2513,-1.1462,-0.4274
3.0273,0.5748,-5.8247,0.4480,-1.5917,-0.4444
4.1769,0.3449,-5.7480,0.5682,-1.6160,-0.4942

