-.-.-
9.0819,-2.7591,1.9927,-0.0134,0.0898,-0.0049
9.1586,-2.9507,2.1459,0.0061,0.0886,-0.0049
9.0819,-2.8357,1.9927,0.0158,0.0777,-0.0121
9.0819,-2.9507,2.1459,-0.0012,0.0765,-0.0134
9.0819,-2.7591,1.9927,-0.0158,0.0898,-0.0109
9.0436,-2.8357,1.8777,-0.0109,0.0886,-0.0085
9.1969,-2.7591,1.9160,0.0000,0.0777,-0.0049
9.1202,-2.7591,2.0310,0.0024,0.0716,-0.0085
9.0436,-2.7974,1.9160,-0.0073,0.0765,-0.0121
9.1202,-2.6824,2.0693,-0.0146,0.0801,-0.0134
9.1969,-2.6824,1.9927,-0.0182,0.0838,-0.0146
9.1969,-2.8357,1.8777,-0.0121,0.0850,-0.0109
9.1969,-2.8357,2.0693,0.0097,0.0753,-0.0097
9.1202,-2.6824,1.8394,-0.0024,0.0813,-0.0121
9.0436,-2.7974,1.9927,-0.0231,0.0886,-0.0109
9.1202,-2.7974,1.9927,-0.0206,0.0874,-0.0049
9.4651,-2.6058,1.8777,-0.0182,0.0850,0.0000
9.1202,-2.7591,1.9160,-0.0170,0.0923,0.0012
9.1586,-2.6824,1.9543,-0.0170,0.0959,0.0000
9.1969,-2.8357,1.9543,-0.0146,0.0971,0.0036
9.1586,-2.6824,1.9927,-0.0049,0.0935,0.0024
9.3118,-2.7591,1.9160,0.0085,0.0947,0.0024
9.1202,-2.7207,1.9543,0.0097,0.0971,0.0049
9.0819,-2.7974,2.0693,0.0073,0.0971,0.0049
9.0053,-2.6824,2.0310,0.0097,0.0935,0.0049
9.0819,-2.7207,2.0693,0.0036,0.0935,0.0036
9.1969,-2.7974,1.9927,-0.0024,0.0911,0.0036
9.1586,-3.1423,2.0693,-0.0012,0.0874,0.0036
9.0436,-2.7591,2.0310,0.0000,0.0874,0.0024
9.0053,-2.7207,1.9927,-0.0134,0.0911,-0.0024
9.1202,-2.7591,1.9160,-0.0158,0.0911,-0.0012
9.0819,-2.7591,2.0693,-0.0109,0.0826,-0.0024
9.0436,-2.7974,2.1076,-0.0170,0.0789,-0.0061
9.0819,-2.6824,2.1076,-0.0170,0.0777,-0.0073
9.1586,-2.8357,1.9543,-0.0085,0.0777,-0.0109
9.1202,-2.7207,1.9543,-0.0085,0.0862,-0.0061
9.1202,-2.8357,1.9160,0.0109,0.0813,0.0036
9.1202,-2.7591,2.0310,0.0121,0.0850,0.0073
9.1586,-2.7207,2.0693,-0.0061,0.0874,-0.0012
9.1202,-2.8357,1.8777,-0.0109,0.0874,-0.0036
9.0819,-2.7591,2.1076,0.0036,0.0947,-0.0012
9.1586,-2.8357,1.9543,0.0061,0.0911,-0.0012
9.0819,-2.7591,1.9927,0.0000,0.0850,-0.0012
9.1586,-2.7591,2.0310,-0.0073,0.0850,-0.0049
9.0053,-2.7207,2.0693,-0.0146,0.0850,-0.0085
9.1202,-2.7974,2.0310,-0.0219,0.0911,-0.0134
9.0053,-2.7591,2.0310,-0.0279,0.0850,-0.0134
9.0819,-2.7591,2.1459,-0.0316,0.0813,-0.0109
9.0819,-2.8357,2.1843,-0.0401,0.0753,-0.0121
9.1586,-2.7974,1.9927,-0.0461,0.0777,-0.0121
9.1586,-2.8357,2.0693,-0.0425,0.0789,-0.0109
9.2352,-2.7207,1.9160,-0.0316,0.0728,-0.0146
9.1969,-2.7974,2.0693,-0.0510,0.0741,-0.0158
9.0819,-2.7591,2.0693,-0.0668,0.0789,-0.0194
9.0819,-2.7207,2.0693,-0.0607,0.0716,-0.0182
9.1969,-2.8357,2.1076,-0.0583,0.0668,-0.0182
9.0819,-2.7591,1.9927,-0.0571,0.0680,-0.0182
9.1969,-2.6824,1.9543,-0.0498,0.0680,-0.0170
9.0819,-2.6824,1.8777,-0.0498,0.0656,-0.0158
9.1586,-2.8357,2.0693,-0.0510,0.0631,-0.0121
9.1586,-2.7974,1.9927,-0.0498,0.0643,-0.0158
9.0819,-2.8357,1.9160,-0.0474,0.0692,-0.0158
9.1202,-2.8357,1.9927,-0.0486,0.0680,-0.0121
9.0436,-2.6824,1.9160,-0.0461,0.0643,-0.0109
9.1969,-2.8740,2.0310,-0.0486,0.0668,-0.0121
8.7754,-2.9123,1.8777,-0.0425,0.0704,-0.0121
9.0053,-2.9123,1.9160,-0.0413,0.0668,-0.0097
8.8903,-2.6824,1.7244,-0.0449,0.0668,-0.0146
9.1202,-2.7974,1.9543,-0.0534,0.0789,-0.0121
9.1969,-2.9123,2.1459,-0.0486,0.0753,-0.0085
9.1202,-2.6058,2.4525,-0.0486,0.0607,-0.0109
9.2735,-3.0273,1.4562,-0.0498,0.0631,-0.0170
9.1202,-2.7974,1.8777,-0.0486,0.0595,-0.0170
9.1969,-3.1423,2.0310,-0.0401,0.0571,-0.0182
8.9670,-3.5255,2.1843,-0.0340,0.0631,-0.0182
9.3502,-3.1423,2.1843,-0.0194,0.0680,-0.0085
9.1202,-2.7591,1.8777,-0.0304,0.0716,-0.0061
9.3502,-2.8740,1.6095,-0.0583,0.0680,-0.0170
9.2352,-2.8357,1.8011,-0.0619,0.0583,-0.0219
9.1202,-2.7974,1.9927,-0.0401,0.0546,-0.0243
8.8903,-2.5291,1.9543,-0.0231,0.0546,-0.0243
9.1586,-2.6441,2.1076,-0.0243,0.0559,-0.0231
9.2352,-2.6824,1.9927,-0.0316,0.0619,-0.0170
9.1969,-2.5675,1.7244,-0.0401,0.0607,-0.0170
9.2352,-2.6058,1.8394,-0.0486,0.0607,-0.0170
8.9286,-2.7591,2.0693,-0.0461,0.0619,-0.0206
9.0436,-2.6058,2.0310,-0.0401,0.0656,-0.0231
9.1969,-2.8357,1.9543,-0.0328,0.0728,-0.0243
9.2352,-2.6441,1.8394,-0.0304,0.0728,-0.0243
9.1586,-2.7207,1.7627,-0.0182,0.0753,-0.0231
9.0436,-2.6824,1.8394,-0.0182,0.0728,-0.0243
9.1586,-2.6824,1.8011,-0.0425,0.0850,-0.0267
9.1969,-2.7591,1.8777,-0.0425,0.0741,-0.0243
9.1969,-2.7591,1.8777,-0.0328,0.0583,-0.0219
9.1202,-2.7207,1.8394,-0.0316,0.0534,-0.0219
9.2735,-2.7207,1.7627,-0.0304,0.0631,-0.0243
9.2352,-2.6824,1.7627,-0.0231,0.0631,-0.0182
9.1969,-2.6441,1.8011,-0.0170,0.0607,-0.0121
9.1969,-2.6824,1.7627,-0.0170,0.0607,-0.0109
9.1969,-2.7207,1.6861,-0.0170,0.0680,-0.0121
9.1202,-2.8740,1.8394,-0.0158,0.0741,-0.0085
9.2735,-2.6824,1.7244,-0.0170,0.0850,-0.0073
9.1969,-2.7207,1.6861,-0.0170,0.0874,0.0000
9.1586,-2.8357,1.8011,-0.0146,0.0874,0.0024
9.2735,-2.6058,1.7627,-0.0121,0.0935,0.0036
9.2352,-2.6441,1.7244,-0.0194,0.1068,0.0012
9.1969,-2.6824,1.8777,-0.0170,0.1056,0.0024
9.2352,-2.6824,1.8394,-0.0024,0.0996,0.0073
9.1202,-2.6824,1.8777,-0.0049,0.0947,0.0049
9.0819,-2.6441,1.7244,-0.0121,0.0911,0.0036
9.1969,-2.7591,1.9543,-0.0073,0.0813,0.0000
9.0819,-2.5675,1.7627,-0.0036,0.0850,-0.0024
9.1202,-2.5675,1.6861,0.0012,0.0886,0.0036
9.1586,-2.6824,1.8394,-0.0061,0.0898,0.0061
9.1586,-2.7974,2.0693,-0.0328,0.0898,-0.0024
9.2735,-2.8357,1.8011,-0.0316,0.0777,-0.0097
9.3118,-2.7207,1.8011,-0.0158,0.0716,-0.0109
9.2352,-2.4908,1.7627,0.0000,0.0753,-0.0121
9.2352,-2.6441,1.7244,0.0000,0.0789,-0.0097
9.1586,-2.5291,1.8777,0.0012,0.0850,-0.0024
9.2735,-2.6824,1.7244,-0.0085,0.0898,0.0049
9.2352,-2.7207,1.7627,-0.0121,0.0923,0.0049
9.1202,-2.6824,1.7627,-0.0061,0.0935,0.0085
9.3118,-2.7591,1.6478,0.0049,0.0983,0.0097
9.1202,-2.7207,1.6095,0.0194,0.1044,0.0109
9.2735,-2.5675,1.7244,0.0255,0.1153,0.0097
9.2735,-2.6441,1.7627,0.0158,0.1238,0.0170
9.1586,-2.7974,1.7244,0.0267,0.1214,0.0194

