-.-.-
10.1549,1.1879,4.0620,0.1044,0.1287,-0.0619
9.5801,1.8394,3.7171,0.0437,0.0316,-0.0546
9.5034,1.9927,3.4105,-0.0425,-0.0182,-0.0413
9.3118,1.9543,3.3339,-0.0267,-0.0073,-0.0413
9.3885,1.8777,2.6441,-0.0073,-0.0109,-0.0389
9.5418,1.7627,2.8357,-0.0777,-0.0304,-0.0364
9.4268,1.6861,3.1039,-0.1141,0.0012,-0.0291
9.3885,1.6478,3.0656,-0.1178,0.0267,-0.0231
9.2735,1.4945,3.1423,-0.1226,0.0474,-0.0085
9.3885,1.3412,3.2572,-0.0935,0.0534,0.0073
9.4268,1.3795,3.2572,-0.0194,0.0534,0.0158
9.3885,1.5711,3.1039,0.0182,0.0559,0.0158
9.5418,1.6095,3.1806,0.0182,0.0571,0.0206
9.4268,1.5328,3.1806,0.0085,0.0352,0.0255
9.6567,1.3795,2.8740,-0.0182,0.0267,0.0194
9.4268,1.4945,3.1039,-0.0316,0.0231,0.0097
9.4268,1.6095,3.0656,-0.0231,0.0219,0.0036
9.4268,1.4562,3.1423,-0.0267,0.0134,-0.0024
9.4651,1.4945,3.2572,-0.0425,0.0194,-0.0073
9.3118,1.4945,3.1039,-0.0498,0.0376,-0.0182
9.4268,1.4562,3.2955,-0.0595,0.0449,-0.0194
9.4268,1.4945,3.2572,-0.0643,0.0413,-0.0158
9.5418,1.5711,3.2955,-0.0595,0.0425,-0.0121
9.5034,1.4945,3.1423,-0.0534,0.0449,-0.0097
9.5034,1.6478,3.2955,-0.0559,0.0437,-0.0049
9.3502,1.5328,3.0656,-0.0595,0.0376,-0.0012
9.3118,1.4562,3.4105,-0.0680,0.0364,-0.0012
9.3885,1.5328,3.2189,-0.0656,0.0328,-0.0012
9.2735,1.2646,3.2955,-0.0595,0.0291,-0.0036
9.4268,1.4179,3.3339,-0.0449,0.0291,-0.0036
9.3885,1.4562,3.3722,-0.0340,0.0267,-0.0049
9.4651,1.5711,3.2572,-0.0206,0.0328,-0.0036
9.3502,1.6095,3.1806,-0.0219,0.0279,-0.0012
9.1969,1.3795,3.1806,-0.0583,0.0328,0.0012
9.3502,1.4179,3.1423,-0.0692,0.0134,0.0000
9.3118,1.4562,3.2572,-0.0571,0.0158,-0.0134
9.3118,1.5328,3.4105,-0.0437,0.0413,-0.0231
9.3118,1.5328,3.3339,-0.0364,0.0510,-0.0206
9.4268,1.6478,3.1039,-0.0413,0.0304,-0.0109
9.4268,1.6861,3.1806,-0.0680,0.0182,-0.0036
9.3885,1.6478,3.1806,-0.0789,0.0255,0.0012
9.3502,1.5711,3.1423,-0.0656,0.0352,0.0012
9.4268,1.5328,3.3339,-0.0546,0.0461,0.0036
9.3885,1.4179,3.1806,-0.0474,0.0559,0.0085
9.3885,1.4562,3.5255,-0.0437,0.0571,0.0036
9.3885,1.5328,3.2572,-0.0486,0.0449,-0.0012
9.3885,1.5328,3.1039,-0.0619,0.0364,-0.0049
9.2735,1.5328,3.0273,-0.0619,0.0279,-0.0097
9.2735,1.4945,3.4871,-0.0777,0.0182,-0.0134
9.3118,1.6478,3.4871,-0.0996,0.0085,-0.0219
9.2352,1.3412,3.3339,-0.0886,0.0061,-0.0243
9.3118,1.6095,3.4871,-0.0607,-0.0036,-0.0206
9.3502,1.6478,3.4488,-0.0546,-0.0073,-0.0121
9.3118,1.6095,3.1423,-0.0668,-0.0073,-0.0097
9.4651,1.6095,3.1423,-0.0631,0.0049,-0.0024
9.4651,1.6095,3.2189,-0.0522,0.0158,-0.0049
9.4651,1.6095,3.1423,-0.0510,0.0219,-0.0049
9.5034,1.4562,3.1423,-0.0619,0.0304,-0.0024
9.5418,1.4945,3.2572,-0.0546,0.0401,-0.0012
9.3885,1.6478,3.1039,-0.0425,0.0425,0.0000
9.4651,1.5711,3.1423,-0.0486,0.0352,-0.0024
9.4651,1.5328,3.1806,-0.0559,0.0304,0.0000
9.3885,1.5711,3.2189,-0.0692,0.0510,-0.0036
9.3885,1.1496,3.3722,-0.0826,0.0595,-0.0036
9.3502,1.5711,3.3339,-0.0765,0.0631,-0.0036
9.3118,1.6478,3.3339,-0.0680,0.0595,-0.0024
9.3502,1.5328,3.2572,-0.0692,0.0571,0.0000
9.2735,1.5328,3.4871,-0.0741,0.0437,-0.0073
9.3502,1.7244,3.5638,-0.0680,0.0437,-0.0097
9.3885,1.5711,3.2572,-0.0534,0.0437,-0.0061
9.3118,1.5328,3.3722,-0.0607,0.0401,-0.0073
9.3502,1.2263,3.7554,-0.0716,0.0352,-0.0061
9.3502,1.3412,3.2955,-0.0571,0.0316,-0.0061
9.2735,1.5711,3.2572,-0.0510,0.0316,-0.0061
9.2352,1.5328,3.4105,-0.0668,0.0206,-0.0049
9.3502,1.4945,3.4105,-0.0716,0.0146,-0.0061
9.3885,1.6478,3.2189,-0.0559,0.0182,-0.0049
9.4268,1.4562,3.4105,-0.0461,0.0097,-0.0036
9.3118,1.4179,3.2572,-0.0522,0.0170,-0.0024
9.2735,1.5711,3.1423,-0.0607,0.0206,0.0000
9.3502,1.5328,3.3722,-0.0716,0.0304,0.0061
9.3118,1.6478,3.3339,-0.0522,0.0255,0.0109
9.2735,1.6095,3.3339,-0.0376,0.0461,0.0073
9.5418,1.5328,3.4871,-0.0413,0.0874,0.0097
9.3502,1.6095,3.3339,-0.0583,0.0474,0.0049
9.3502,1.4945,3.2572,-0.0680,0.0510,0.0012
9.3118,1.6095,3.4488,-0.0656,0.0437,-0.0012
9.3502,1.5328,3.5255,-0.0607,0.0413,-0.0036
9.2735,1.4562,3.4105,-0.0631,0.0376,-0.0036
9.2735,1.3795,3.3722,-0.0656,0.0376,-0.0061
9.2352,1.6095,3.4488,-0.0522,0.0328,-0.0097
9.1586,1.8394,3.1806,-0.0595,0.0073,-0.0146
9.3502,1.6478,3.4105,-0.1226,0.0304,-0.0097
9.2352,1.5711,3.2955,-0.1651,0.0449,-0.0012
9.2735,1.4945,3.3722,-0.1566,0.0401,-0.0012
9.1586,1.3795,3.4488,-0.1287,0.0437,-0.0073
9.3502,1.4179,3.6021,-0.0971,0.0474,-0.0121
9.3118,1.4562,3.4488,-0.0765,0.0425,-0.0085
9.2352,1.4562,3.4105,-0.0619,0.0389,0.0012
9.1969,1.4945,3.4871,-0.0461,0.0364,-0.0024
9.2735,1.2646,3.5255,-0.0364,0.0328,-0.0049
9.3118,1.4179,3.3722,-0.0243,0.0316,-0.0024
9.3885,1.4562,3.3339,-0.0182,0.0279,0.0000
9.2735,1.6478,3.4488,-0.0231,0.0255,0.0024
9.3118,1.5711,3.2955,-0.0352,0.0267,0.0012
9.3885,1.4179,3.3339,-0.0534,0.0437,0.0024
9.3118,1.4945,3.4871,-0.0546,0.0486,0.0073
9.3885,1.4945,3.4871,-0.0364,0.0304,0.0121
9.3885,1.4179,3.5638,-0.0340,0.0340,0.0085
9.3502,1.1879,3.4105,-0.0680,0.0389,0.0073
9.3502,1.3029,3.5255,-0.0765,0.0777,-0.0049
9.3502,1.3029,3.4105,-0.0255,0.0437,-0.0036
9.1202,1.3412,3.5255,0.0024,0.0413,-0.0061
9.2352,1.5711,3.4871,-0.0279,0.0267,-0.0097
9.1586,1.4945,3.6021,-0.0534,0.0219,-0.0121
9.1586,1.4562,3.4871,-0.0522,0.0267,-0.0134
9.1969,1.5328,3.6021,-0.0510,0.0291,-0.0121
9.3502,1.3795,3.5255,-0.0571,0.0291,-0.0097
9.1969,1.6478,3.4871,-0.0571,0.0231,-0.0049
9.1969,1.6095,3.5255,-0.0534,0.0170,0.0012
9.2352,1.4945,3.5255,-0.0522,0.0109,0.0036
9.1586,1.4179,3.4488,-0.0510,0.0073,0.0024
9.2735,1.4562,3.2572,-0.0522,0.0073,0.0000
9.3118,1.4179,3.5255,-0.0546,0.0243,0.0036
9.3118,1.6478,3.4105,-0.0522,0.0316,0.0049
9.3118,1.4179,3.4488,-0.0643,0.0328,0.0085
9.2735,1.5328,3.5638,-0.0741,0.0316,0.0109
9.1969,1.3029,3.6021,-0.0826,0.0279,0.0121

