-.-.-
-0.1150,-6.3995,-8.0089,-0.1748,0.0789,0.0680
0.1150,-6.5911,-8.1239,-0.1943,0.0461,0.0389
0.0383,-6.5528,-8.0856,-0.2040,0.0461,0.0073
0.0383,-6.3612,-7.9706,-0.2015,0.0692,-0.0061
-0.1533,-6.1696,-7.8557,-0.2198,0.0838,-0.0085
-0.1150,-6.2079,-7.7024,-0.2428,0.0716,-0.0109
-0.1533,-6.2845,-7.7790,-0.2404,0.0546,-0.0194
0.0000,-6.3229,-7.5108,-0.2234,0.0279,-0.0304
-0.1150,-6.3995,-7.0509,-0.1761,-0.0085,-0.0352
-0.3449,-6.1696,-6.9743,-0.1238,-0.0340,-0.0522
-0.0766,-6.3612,-6.9743,-0.0971,-0.0364,-0.0583
0.0000,-6.2462,-6.9743,-0.0680,-0.0352,-0.0631
0.0000,-6.4761,-7.0893,-0.0668,-0.0352,-0.0668
-0.2682,-6.2462,-7.0509,-0.0692,-0.0704,-0.0692
-0.4215,-6.3995,-7.1276,-0.0631,-0.1226,-0.0704
-0.3449,-6.3229,-7.3575,-0.1032,-0.1845,-0.0753
-0.1533,-6.2079,-7.5874,-0.1348,-0.2392,-0.0935
0.0000,-6.3995,-7.5874,-0.1785,-0.2586,-0.0996
-0.0383,-6.4378,-7.5874,-0.2258,-0.2319,-0.0959
0.0000,-6.3229,-7.8173,-0.2999,-0.1979,-0.0911
-0.0383,-6.4761,-7.6641,-0.3667,-0.1773,-0.0862
0.0000,-6.7061,-7.8173,-0.4274,-0.1639,-0.0741
-0.4215,-6.3612,-7.9323,-0.4832,-0.1736,-0.0522
0.0000,-6.3612,-8.0856,-0.5840,-0.1894,-0.0146
-0.0383,-6.4761,-8.3155,-0.6993,-0.1870,0.0000
-0.3449,-6.0929,-8.7370,-0.8293,-0.1627,0.0231
-0.0766,-6.2079,-9.1202,-1.0077,-0.1323,0.0716
-0.0766,-6.0546,-9.4651,-1.1850,-0.1190,0.1129
-0.0766,-5.8630,-9.8100,-1.3732,-0.0911,0.1712
0.0000,-5.5948,-10.0016,-1.5480,-0.0656,0.2331
0.0383,-5.4798,-9.7334,-1.7180,-0.0061,0.3035
0.3832,-5.4798,-9.5418,-1.8297,0.0971,0.4055
0.3832,-5.2116,-9.3118,-1.9281,0.2246,0.5221
0.3066,-4.9050,-9.0053,-2.0264,0.2671,0.6180
0.2682,-4.4452,-8.6221,-2.1090,0.2720,0.6957
0.1150,-3.5638,-8.9286,-2.2959,0.2210,0.6787
0.2299,-2.4142,-8.8520,-2.5594,0.0886,0.6144
0.1533,-1.4562,-8.8903,-2.7792,-0.0328,0.5694
0.1150,-0.5748,-9.7717,-2.9455,0.0364,0.5318
-0.0766,0.3066,-10.9979,-3.2223,0.4383,0.5597
0.3832,-1.6095,-13.0289,-3.6958,0.9883,0.5294
0.4598,-2.8357,-11.9559,-3.8294,1.2311,0.3861
0.0766,-3.0656,-9.0819,-3.3413,0.6738,0.0498
1.0730,-2.9890,-10.3082,-3.0572,0.1481,-0.2404
2.6058,-4.2536,-10.9596,-2.8484,0.1663,-0.4262
2.5291,-7.1276,-8.2389,-2.2692,0.4444,-0.5367
1.3029,-8.5454,-6.2462,-1.4315,0.3982,-0.8693
-1.1113,-6.9743,-5.1349,-0.7516,-0.1821,-1.3526
-2.6441,-4.9433,-2.2992,-0.9227,-0.7273,-1.7107
-4.7900,-4.0236,1.3412,-1.1437,-1.4558,-1.7520
-4.1003,-2.9507,4.3302,-1.2494,-2.1952,-1.4813
-3.3339,0.1916,1.8777,-0.9094,-2.7877,-1.4776
-3.0273,3.7554,-2.6824,-0.7042,-1.7508,-1.5055
-1.7244,2.9507,4.3685,-0.0012,-2.0507,-1.8297
-0.9197,2.3375,6.7827,1.7253,-1.7860,-1.9390
-9.0053,9.1202,1.2646,2.6808,-2.0738,-1.4242
-38.2437,65.9109,-3.3339,1.8868,2.1320,4.9986
-17.9339,-8.6221,-25.1381,5.7526,0.0656,-0.5027
-17.1675,30.3497,-51.3109,1.1219,2.2037,0.0571
-8.0089,-17.1292,-27.3607,-2.8593,0.2708,1.4436
-9.8100,2.0310,-8.8137,-0.0571,-2.5898,0.9980
-7.0126,5.0583,-5.4798,-0.2453,-2.3275,0.6508
-2.6058,12.5307,-1.3795,0.9640,-1.6051,-0.9155
0.2682,14.1785,-1.8777,1.6731,-0.3302,-1.3210
0.3832,12.9523,-7.6257,0.2732,-0.8487,-0.7722
1.1113,4.0620,-1.7244,-1.0988,-0.1955,-0.3691
-0.0383,5.3265,-2.9890,-0.8329,0.2428,-0.3606
-0.6514,1.9543,-2.2609,-0.3047,0.6933,-0.0522
-2.5291,1.0346,-3.6787,0.2234,0.9264,-0.2829
-4.3302,4.7517,-7.4341,0.2999,1.4084,-0.0971
-4.4452,4.7134,-7.8557,0.7091,1.3246,-0.2732
-5.9780,3.5255,-11.6877,1.1352,1.1607,-0.2513
-4.6368,3.0273,-12.4924,0.9689,1.0697,-0.1214
-4.9433,3.1423,-13.5271,0.5670,0.6678,-0.0959
-4.6751,2.5675,-11.2279,0.4116,0.3011,-0.0874
-3.6404,2.6441,-9.9250,0.2865,0.3132,-0.0765
-2.9890,2.6824,-8.7754,0.2890,0.3691,-0.1591
-3.3722,2.2226,-8.6604,0.2938,0.3837,-0.1700
-2.5291,1.8394,-8.4688,0.3873,0.3302,-0.1591
-2.2226,1.6861,-8.6987,0.3922,0.2865,-0.1955
-1.8011,1.3412,-8.9286,0.3691,0.3035,-0.2052
-2.7974,1.3412,-9.0053,0.1603,0.2040,-0.1251
-2.8740,1.8394,-9.9250,0.0656,0.1506,-0.0813
-2.7591,1.1496,-9.8866,-0.0206,0.1166,-0.0631
-3.2955,1.8011,-9.5801,-0.0643,0.0437,-0.0522
-3.5638,1.6478,-9.5034,-0.0898,-0.0437,-0.0425
-3.8320,1.7627,-9.3885,-0.1093,-0.0777,-0.0231
-3.5638,1.7627,-9.2352,-0.1081,-0.0692,-0.0012
-3.4488,1.8394,-8.8903,-0.1093,-0.0364,0.0146
-3.3339,1.9543,-8.8903,-0.1068,0.0352,0.0231
-3.2955,1.8777,-8.6221,-0.0838,0.1348,0.0304
-3.1423,1.8394,-8.3155,-0.0631,0.2283,0.0401
-3.1806,2.0693,-8.6987,-0.0534,0.2963,0.0461
-3.1806,1.9543,-9.0819,-0.0522,0.3266,0.0437
-3.1039,1.9160,-9.2352,-0.0498,0.3351,0.0389
-3.1039,1.9543,-9.1586,-0.0401,0.3436,0.0376
-3.1039,1.9160,-9.1969,-0.0340,0.3497,0.0340
-2.9507,2.0310,-9.3502,-0.0267,0.3254,0.0316
-2.9890,1.9927,-9.3885,-0.0206,0.2841,0.0243
-2.7207,2.0693,-9.3885,-0.0243,0.2610,0.0231
-2.8357,2.1076,-9.4651,-0.0255,0.2319,0.0182
-2.7974,2.0693,-9.2735,-0.0206,0.1930,0.0134
-2.7974,2.0693,-9.1969,-0.0194,0.1651,0.0085
-2.6824,1.9160,-9.0436,-0.0134,0.1384,0.0097
-2.7974,2.0310,-9.1586,-0.0049,0.1093,0.0036
-2.8357,1.9927,-9.3118,-0.0073,0.0923,0.0000
-2.7591,1.9160,-9.3885,-0.0085,0.0789,0.0000
-2.8740,1.9543,-9.3118,-0.0061,0.0692,-0.0036
-2.7591,1.9543,-9.2352,-0.0073,0.0680,-0.0012
-2.8357,1.8777,-9.2352,-0.0049,0.0716,-0.0073
-2.9123,1.9160,-9.1586,-0.0036,0.0911,-0.0024
-2.8740,2.0310,-9.1202,0.0000,0.1008,-0.0024
-2.7974,1.9543,-9.0436,-0.0012,0.1081,-0.0012
-2.7974,1.9543,-9.1202,-0.0061,0.1081,-0.0012
-2.9123,1.9543,-9.2352,-0.0134,0.1166,0.0024
-2.7591,1.9543,-9.1969,-0.0146,0.1214,0.0036
-2.7207,1.9927,-9.2352,-0.0231,0.1299,0.0049
-2.7591,1.9160,-9.1969,-0.0206,0.1348,0.0061
-2.7974,2.1076,-9.1586,-0.0158,0.1384,0.0061
-2.7974,2.0310,-9.1969,-0.0219,0.1396,0.0073
-2.7591,2.0693,-9.3885,-0.0146,0.1360,0.0024
-2.8357,2.1076,-9.2352,-0.0170,0.1323,0.0036
-2.6824,2.1076,-9.1969,-0.0194,0.1238,0.0012
-2.6441,2.1076,-9.1969,-0.0255,0.1093,0.0000
-2.7974,1.8777,-9.2735,-0.0194,0.1056,0.0012
-2.7207,1.9160,-9.1969,-0.0182,0.1008,-0.0012
-2.7974,2.0693,-9.0819,-0.0146,0.0971,-0.0036
-2.6824,2.0310,-9.2735,-0.0121,0.0947,-0.0012

