-.-.-
-2.5291,-8.5071,-1.9543,0.1566,0.1663,-0.3922
-3.5638,-6.4761,-0.6131,0.1129,0.0911,-0.2319
-2.4142,-7.8173,0.4598,-0.0352,0.0692,-0.0534
-0.1533,-10.6914,1.3795,-0.5318,0.0983,0.0643
1.4945,-12.1859,0.6898,-0.7819,0.2525,0.0498
0.9963,-11.8027,0.6514,-0.4007,0.4662,0.0158
-0.1533,-10.8063,1.3412,0.1639,0.6180,0.1056
-1.0346,-9.0053,1.3795,0.3582,0.6981,0.2198
-0.6898,-8.7370,1.3795,0.1384,0.7588,0.3108
-0.1150,-8.3538,1.4562,0.0328,0.8001,0.3339
0.1150,-8.2005,1.9543,-0.1190,0.8353,0.3108
-0.3449,-8.8137,2.1843,-0.1457,0.8863,0.3169
-0.4598,-8.3155,2.0310,0.1044,0.9713,0.2283
-0.9580,-8.1239,2.0310,-0.0134,1.0539,0.2198
-1.1113,-7.7024,2.4908,-0.1190,1.0235,0.1166
-1.4179,-7.2425,2.7591,-0.1190,0.9689,0.0656
-0.9197,-7.5874,3.1423,-0.1081,0.8803,0.0255
-0.6131,-8.0089,3.3339,-0.0534,0.7843,-0.0328
-0.3066,-8.5454,3.1423,-0.0279,0.6823,-0.1129
-0.2682,-9.7334,3.0656,0.0777,0.6751,-0.1821
-0.5748,-10.4231,3.3722,0.2404,0.7503,-0.2550
-0.1533,-9.1969,3.3722,0.2428,0.7503,-0.2999
-0.5365,-9.6950,4.4452,0.2695,0.6641,-0.2489
-1.0346,-10.3465,4.2919,0.3011,0.5876,-0.1348
-1.3029,-9.8866,4.8284,0.1433,0.5901,-0.0352
-1.0346,-9.3502,4.4835,0.0886,0.5524,0.0559
-2.2992,-10.5381,4.2536,0.0121,0.4541,0.1821
-3.0273,-13.2588,3.1423,-0.1906,0.3679,0.3715
-4.9050,-16.4011,0.6131,-0.4577,0.1554,0.5974
-4.6368,-16.4011,-1.6478,-0.2477,-0.2246,0.8293
-2.4908,-12.6074,-2.3375,0.2113,-0.3472,0.8596
-0.5748,-9.6567,-2.1076,0.3679,-0.3594,0.7297
0.2682,-8.6221,-1.5711,0.1311,-0.3582,0.6204
0.3066,-11.0746,0.3449,-0.4262,-0.3982,0.3752
-0.0766,-12.4158,0.8047,-0.5172,-0.4541,0.0898
-1.3412,-12.4158,0.9580,-0.2453,-0.5682,-0.1797
-2.0310,-11.8410,1.0346,0.0498,-0.6872,-0.4626
-2.4525,-10.4998,1.4562,0.1663,-0.8523,-0.5840
-1.3029,-9.0436,1.5328,0.1833,-0.9397,-0.5937
-0.4215,-7.6257,1.4945,0.1384,-1.0090,-0.5184
0.6514,-6.5911,0.6898,0.0401,-0.9737,-0.4468
0.8430,-7.4725,1.4945,-0.3084,-0.9264,-0.4565
1.1496,-8.5454,1.5711,-0.3776,-0.8693,-0.4480
0.8814,-9.0053,1.9160,-0.3193,-0.8365,-0.3946
0.6898,-8.9286,2.4142,-0.1566,-0.7382,-0.2550
0.2299,-8.0856,3.3722,0.1141,-0.6884,-0.1178
0.1150,-7.8557,3.4871,0.2307,-0.6714,-0.0085
0.0000,-7.7790,3.4488,0.3618,-0.6386,0.0874
0.0766,-8.3155,3.0656,0.4638,-0.5852,0.1202
0.6898,-9.3118,4.1769,0.4942,-0.5670,0.1214
0.6514,-9.7334,4.0236,0.4602,-0.5658,0.1481
1.0730,-9.5034,4.1386,0.4650,-0.4796,0.1287
1.3029,-9.3502,4.8667,0.3400,-0.3485,0.1372
2.3375,-9.5418,5.0200,0.2416,-0.2865,0.1700
2.4525,-10.6914,4.0236,-0.0741,-0.1906,0.1676
1.5711,-12.9139,2.8740,-0.5282,-0.0838,0.1044
0.8814,-15.5580,-0.2682,-0.8001,0.0000,0.0352
-0.3832,-16.7460,-3.0656,-0.8754,0.1833,-0.0631
-0.3449,-14.7533,-3.3722,-0.3497,0.3290,-0.2270
-0.2682,-10.4614,-1.7244,0.1712,0.4468,-0.4602
-1.3412,-7.8557,-0.3832,0.1688,0.5148,-0.5245
-2.0693,-8.5071,0.3832,-0.3339,0.5014,-0.2489
-2.1459,-10.7297,1.8777,-0.4140,0.4492,0.1408
-1.8011,-10.3465,1.3795,-0.3995,0.4225,0.5731
-0.6514,-11.3045,1.2263,-0.4468,0.3655,0.7649
0.0766,-11.0746,1.6095,-0.0389,0.4492,0.7200
0.7281,-10.1932,1.7244,0.1518,0.5925,0.4589
0.0766,-8.7754,1.6095,0.0850,0.7042,0.2805
-0.4598,-7.6641,1.3029,-0.0243,0.7528,0.2513
-1.9543,-7.0893,1.3795,-0.0765,0.6921,0.3812
-2.6441,-7.7790,2.5291,-0.2768,0.5573,0.5609
-2.3759,-8.3538,2.6441,-0.1955,0.4456,0.6180
-1.6478,-9.0053,2.6058,-0.0923,0.3448,0.6289
-1.0730,-9.6184,2.6058,-0.0716,0.2914,0.4881
-0.9963,-8.8903,2.7591,0.0935,0.3084,0.2768
-0.6131,-8.8520,2.9123,0.2659,0.4310,-0.0036
0.1916,-8.8137,2.6441,0.4298,0.6144,-0.0959
0.0383,-8.3538,2.6441,0.4031,0.7855,-0.0801
-0.3449,-8.5454,3.4105,0.3254,0.8827,-0.1445
-1.1879,-8.5454,3.1806,0.2368,0.9288,-0.2477
-1.7244,-9.3502,3.0656,0.0267,0.9507,-0.2598
-1.8394,-10.1166,2.9507,-0.1712,0.8888,-0.2295
-1.8394,-11.6494,3.1039,-0.3800,0.8208,-0.1639
-2.4142,-12.7990,2.6058,-0.3922,0.7431,-0.1081
-4.0620,-12.8373,2.4525,-0.2768,0.6083,-0.0522
-4.3685,-13.1055,3.0273,-0.2453,0.3873,0.0534
-3.1806,-13.3355,3.9853,-0.1882,0.1785,0.1724
-2.1076,-12.9139,3.6404,-0.1651,0.0559,0.1845
-1.1496,-12.3391,2.6058,-0.1153,0.1129,0.0437
-0.2299,-10.9213,1.1113,0.0571,0.2732,-0.1627
-0.1533,-8.6987,-0.8430,0.2392,0.4189,-0.2586
-0.1916,-7.5491,-1.3412,0.2477,0.4492,-0.2610
-0.8430,-8.0856,-1.0346,0.1991,0.4602,-0.2003
-1.9160,-9.1202,-1.0346,-0.0559,0.2416,-0.1554
-2.4908,-10.0016,-1.1113,-0.2938,-0.0012,-0.0182
-1.8777,-11.3428,-0.4982,-0.3995,-0.2368,0.1056
-0.7281,-12.0709,0.0000,-0.2307,-0.3035,0.1263
0.1916,-12.0709,1.2263,0.1336,-0.3108,-0.0206
0.3832,-11.0746,1.2646,0.3302,-0.3072,-0.1845
0.1150,-10.3082,1.4179,0.3023,-0.2428,-0.2768
0.4598,-10.4614,0.9580,0.3023,-0.1773,-0.3460
-0.3449,-10.3848,1.5711,0.1870,-0.1530,-0.3339
-0.9963,-10.3465,2.1459,0.0898,-0.2695,-0.3594
-1.0346,-9.9250,2.2609,0.1263,-0.3509,-0.3582
-0.9963,-9.1586,2.1843,0.2647,-0.4869,-0.4359
-0.4598,-7.8173,1.9927,0.2465,-0.5949,-0.4553
0.0000,-7.0893,1.4179,0.0486,-0.6763,-0.4796
0.3449,-6.8593,1.6095,-0.0534,-0.6702,-0.3084
0.7281,-6.9743,1.6095,-0.0947,-0.6981,-0.1639
0.5748,-7.7024,2.1843,-0.0680,-0.7625,-0.0109
0.2299,-7.6257,2.2226,0.0546,-0.8548,0.1627
-0.2682,-7.7407,2.9123,0.2137,-0.9021,0.2647
-0.5748,-7.9706,3.5255,0.3278,-0.9835,0.3302
-0.3832,-7.7407,3.3722,0.5427,-1.0794,0.3436
0.8047,-7.6257,2.5675,0.7066,-1.1292,0.3509
1.7244,-7.6257,2.6058,0.5512,-1.0842,0.3995
2.2992,-8.3538,3.2189,0.1396,-0.8718,0.4152
2.4525,-9.1202,4.0236,-0.0425,-0.6301,0.3339
3.6787,-10.9596,4.9050,-0.1032,-0.3278,0.1663
4.5984,-12.6840,4.0236,-0.1105,-0.0085,-0.0498
3.5638,-13.6037,4.1386,-0.1251,0.3825,-0.2841
2.3375,-14.3701,3.9470,-0.0838,0.7176,-0.4577
2.0310,-15.9413,1.8011,-0.1627,0.9057,-0.4626
0.7281,-16.0179,-0.8814,-0.1663,0.8147,-0.4007
-0.4982,-14.0636,-3.8704,-0.1700,0.8511,-0.4711
-2.7207,-11.7260,-3.2572,0.0109,0.9762,-0.6484
-3.3722,-9.7717,-1.8011,0.1238,0.9410,-0.7977
-3.4488,-10.8830,-0.1533,-0.3387,0.8535,-0.5694

