-.-.-
-0.0383,-9.4651,-2.7591,-0.0631,0.0376,0.0012
0.1150,-9.6184,-2.8357,-0.0631,0.0376,-0.0024
0.0383,-9.4268,-2.7591,-0.0559,0.0376,-0.0036
0.0000,-9.5418,-2.7591,-0.0546,0.0376,-0.0049
-0.1150,-9.4651,-2.9123,-0.0510,0.0291,-0.0049
0.0383,-9.5801,-2.8357,-0.0425,0.0267,-0.0036
-0.0766,-9.3885,-2.7974,-0.0401,0.0231,-0.0036
0.0383,-9.5034,-2.7207,-0.0389,0.0194,-0.0061
-0.0383,-9.4268,-2.6824,-0.0401,0.0182,-0.0073
-0.0383,-9.3885,-2.6824,-0.0413,0.0146,-0.0121
-0.0383,-9.4268,-2.6824,-0.0449,0.0097,-0.0097
0.0383,-9.5034,-2.7974,-0.0510,0.0049,-0.0073
-0.1533,-9.3885,-2.7591,-0.0571,0.0036,-0.0049
-0.0766,-9.4651,-2.6441,-0.0607,0.0024,-0.0024
0.0000,-9.5418,-2.6824,-0.0607,0.0024,0.0012
0.0383,-9.4651,-2.7974,-0.0741,0.0012,0.0024
0.0000,-9.5034,-2.6441,-0.0838,-0.0024,0.0049
0.0000,-9.4268,-2.7207,-0.0874,-0.0049,0.0073
-0.0766,-9.5034,-2.6058,-0.0947,-0.0073,0.0109
-0.1150,-9.4651,-2.6824,-0.0996,-0.0121,0.0097
-0.1150,-9.6184,-2.6824,-0.1020,-0.0170,0.0061
-0.0383,-9.6567,-2.7207,-0.0996,-0.0219,0.0073
-0.0383,-9.5801,-2.6824,-0.0923,-0.0255,0.0109
-0.0766,-9.4651,-2.7207,-0.0898,-0.0304,0.0146
0.1916,-9.3885,-2.7974,-0.1008,-0.0340,0.0121
-0.2682,-9.3118,-2.5291,-0.1287,-0.0352,0.0049
-0.1533,-9.4268,-2.6441,-0.1275,-0.0486,0.0085
-0.1150,-9.4268,-2.6824,-0.1311,-0.0607,0.0158
-0.0383,-9.5034,-2.5291,-0.1445,-0.0643,0.0194
-0.0766,-9.5418,-2.7591,-0.1530,-0.0680,0.0206
-0.1916,-9.3885,-2.6058,-0.1627,-0.0728,0.0146
-0.1916,-9.2735,-2.6441,-0.1748,-0.0850,0.0085
-0.2682,-9.2735,-2.7974,-0.1894,-0.1008,0.0097
-0.1916,-9.2735,-2.8357,-0.2137,-0.1226,0.0170
-0.3449,-8.9670,-3.0656,-0.2489,-0.1506,0.0267
-0.3066,-9.0053,-3.2572,-0.2829,-0.1845,0.0461
-0.2682,-8.7370,-3.3722,-0.3072,-0.2210,0.0668
-0.4215,-8.4688,-3.5638,-0.3290,-0.2525,0.0983
-0.1916,-7.8557,-4.1769,-0.3630,-0.2841,0.1384
-0.1916,-7.2425,-4.4452,-0.4614,-0.2963,0.1785
0.1150,-5.9396,-4.5218,-0.5779,-0.3630,0.2246
-0.4215,-4.7900,-4.1003,-0.7236,-0.4529,0.2076
-0.4215,-3.8320,-3.7171,-0.8365,-0.5488,0.1408
-0.3449,-3.4105,-3.1039,-0.8742,-0.5184,0.0607
0.1916,-2.9123,-3.4105,-0.9106,-0.5342,-0.0546
-0.4215,-3.0656,-3.5255,-1.0393,-0.4347,-0.1518
-0.3832,-4.2536,-3.5638,-1.2299,-0.3642,-0.1797
-0.4598,-5.4415,-3.1423,-1.2870,-0.2331,-0.1421
-0.0766,-6.9743,-2.6058,-1.1510,-0.0413,-0.0085
-0.9963,-7.5491,-3.0273,-1.0102,0.2064,0.2270
-0.7664,-7.7024,-4.2919,-1.0697,0.3679,0.3885
0.4215,-8.8520,-4.4452,-1.1231,0.6131,0.3837
0.8814,-10.2315,-5.1349,-0.9652,0.8147,0.2331
0.4982,-10.1549,-6.0929,-0.8645,0.8402,0.1566
-0.6514,-10.7680,-5.7864,-0.8669,0.6981,0.1906
-0.9197,-11.9943,-4.4452,-0.6544,0.6265,0.3290
-0.3832,-12.6074,-3.5638,-0.3424,0.5027,0.3230
-0.4215,-13.2588,-3.3722,-0.2149,0.4869,0.2003
-1.8777,-13.4504,-2.2609,-0.0607,0.2829,-0.0012
-1.5328,-10.8063,-3.0656,0.1287,0.2246,-0.0328
-1.3029,-10.6530,-2.1076,0.1214,0.1469,-0.1251
-1.1496,-10.3465,-1.9543,0.1748,0.0619,-0.2003
-0.7664,-9.9250,-1.7244,0.2440,0.0607,-0.2343
-0.8430,-9.0819,-1.9543,0.3169,0.1396,-0.2015
-0.8047,-8.4305,-2.4142,0.3084,0.1688,-0.1190
-0.4598,-7.9706,-2.8357,0.2270,0.2015,-0.0498
-0.1533,-8.2772,-2.9507,0.1530,0.2768,0.0024
-0.1150,-8.3538,-4.1003,0.1676,0.4444,0.0401
0.4215,-8.0089,-5.6714,0.0753,0.7078,0.1591
0.4215,-6.8977,-7.8557,-0.0219,0.9798,0.3557
-0.3832,-6.5145,-10.8063,-0.4869,1.3040,0.5269
-0.4598,-5.4415,-14.4851,-0.9737,1.6027,0.5585
-2.0310,-4.9050,-18.1638,-1.8261,1.8819,0.5257
-1.2263,-4.7134,-20.1948,-2.7998,1.9900,0.3375
1.7627,-7.4341,-19.6966,-3.4117,2.1600,-0.0109
1.9927,-11.0746,-17.8189,-3.4773,1.8686,-0.4917
-0.3449,-12.2242,-13.1439,-3.3098,0.7455,-0.8195
-2.6058,-12.3391,-8.3155,-2.9613,-0.3060,-0.7176
-0.9197,-10.1932,-5.6331,-2.5278,-0.8171,-0.4432
1.5328,-7.2425,-3.8320,-2.1855,-1.0223,-0.2902
2.9890,-4.9050,-3.6021,-1.9839,-0.8450,-0.3521
2.3759,-3.9087,-3.2189,-2.0895,-0.6083,-0.5245
1.9543,-4.5218,-2.9123,-2.2729,-0.4990,-0.5172
1.8777,-4.4068,-3.8320,-2.1478,-0.4602,-0.4189
1.5328,-3.9087,-4.8284,-2.0677,-0.4832,-0.3910
1.1496,-3.1806,-5.3648,-2.1332,-0.4699,-0.3108
1.1879,-2.7974,-5.2882,-2.3081,-0.5269,-0.2841
0.6131,-3.3339,-3.6404,-2.4975,-0.5767,-0.2392
0.0766,-4.0620,-3.7554,-2.4331,-0.5791,-0.1506
-0.0766,-3.2955,-5.8247,-2.3736,-0.5476,-0.1979
1.3795,-2.1843,-6.8210,-2.7136,-0.3521,-0.1736
2.0693,-0.1916,-5.1732,-2.8132,0.0134,-0.1481
0.1150,4.7517,-4.9050,-2.4064,0.7904,-0.1360
1.5328,12.4541,-18.4321,-0.7091,0.6593,-0.4383
0.0000,6.9360,-10.4614,-2.4246,2.1466,0.6083
-2.7974,17.9722,-19.8116,-1.4995,1.4630,0.6775
-2.6441,6.0929,-15.5964,-1.4691,1.0818,0.5051
0.0766,-4.3685,-18.3938,-0.2380,1.5869,0.3315
3.6787,8.2389,-18.3938,0.2283,1.7423,0.2805
5.4798,11.1895,-15.9796,-0.2319,1.7289,0.3582
2.8740,8.7370,-16.6310,-0.5961,1.7411,0.3339
1.7627,2.5291,-14.4468,-0.8803,1.8479,0.2708
3.1423,5.4415,-13.7953,-1.1085,1.8625,0.2902
2.9123,6.1696,-12.0326,-1.4303,1.8285,0.4723
1.4179,6.4761,-9.3885,-0.8863,1.6658,0.6168
2.2609,5.8247,-7.0126,-0.2623,1.3756,0.5427
2.7207,8.1239,-5.5948,-0.0073,0.9094,0.4092
3.2189,7.4725,-4.8667,-0.0097,0.3667,0.1906
3.9853,6.0929,-3.9470,0.0267,-0.1287,0.0182
4.0236,6.6294,-3.2572,0.1396,-0.4456,-0.1493
4.1386,6.6677,-3.4488,0.2695,-0.6921,-0.2295
4.1003,6.8210,-4.5984,0.3351,-0.9045,-0.2744
3.6787,4.8284,-6.9360,0.1833,-0.7807,-0.2234
3.0273,3.6021,-7.3575,0.4844,-0.8620,-0.0923
3.0273,3.6404,-8.0473,0.8341,-1.1037,-0.0716
2.5291,3.2189,-9.8100,1.0672,-1.2251,-0.0704
2.6824,3.2955,-10.5381,1.1680,-1.1862,-0.0109
2.7591,2.7974,-11.7643,1.1850,-1.1644,-0.0376
2.4142,2.6441,-11.7260,0.9968,-1.1000,-0.0765
2.0693,2.4142,-11.8027,0.7346,-1.0199,-0.1117
1.9543,2.2609,-11.4578,0.4844,-0.8766,-0.1348
1.5711,2.3759,-10.7680,0.2647,-0.7455,-0.1384
1.3412,2.0310,-10.8830,0.2064,-0.6945,-0.1591
1.1113,1.6095,-10.4231,0.0789,-0.5828,-0.1336
1.0730,1.7244,-9.9633,0.0631,-0.5524,-0.1615
0.4982,1.6861,-10.1166,-0.0134,-0.4189,-0.1348
0.4982,1.9927,-10.1549,-0.0328,-0.3327,-0.1372
0.6131,1.9543,-9.8100,-0.0510,-0.2100,-0.1117

