-.-.-
-2.0693,-0.8047,-3.8704,-0.6277,-0.7455,0.7248
-4.2536,1.0730,-4.8667,-0.6702,-0.7406,0.6435
-5.7864,7.3192,-14.6384,-1.4290,-0.7722,0.9142
7.0893,10.2698,-41.6925,-5.3568,0.7491,0.5561
11.6877,-16.6693,-38.2437,-6.4920,1.9621,-0.9713
-14.3701,-24.0268,-21.6510,-3.2175,3.8318,-0.8110
-16.6693,-14.8683,-5.7097,-4.5421,-0.6314,6.0744
-24.1418,-11.6877,0.0000,-3.6643,-1.8965,7.3310
-17.0525,-0.7664,4.8284,-4.7704,-1.2069,4.4146
-7.7407,3.7937,-1.4562,-3.7833,-1.7107,1.0211
7.8557,0.2682,1.6095,-4.3163,0.1044,0.9604
4.7517,1.7627,-0.4598,-4.4085,1.9693,1.7860
-3.2955,-1.0730,-3.7554,-3.7711,1.5432,2.2547
-17.8573,31.3843,-9.6184,-2.4659,2.5036,3.6995
25.4830,33.2237,-15.9796,-5.0350,-0.1724,1.5687
-19.3901,7.7790,-19.3518,-3.0062,-0.3400,0.1967
-20.1182,17.3974,-34.8332,-0.7564,0.0753,0.7018
-5.5948,14.8300,-38.4353,-0.8936,-0.3278,2.0058
-3.4488,-21.5360,-33.6069,-0.6022,-1.7034,1.6197
2.1843,-1.8394,-20.4630,1.7617,-0.5961,-1.1559
2.4525,15.5197,-8.3538,-1.7969,0.7139,-1.6148
-0.2299,17.3974,1.9160,-3.4166,1.1012,-1.7119
-6.1696,24.5250,6.0929,-2.9297,1.5553,-2.1041
-10.6147,19.9649,0.7664,-0.7418,1.2627,-0.6314
-8.1239,4.5601,-0.9197,-0.0522,0.2817,-0.1930
-5.2116,-1.0730,-1.0346,0.2489,-0.2841,-0.3715
-3.4105,-1.2646,-1.2263,0.3873,-0.5864,-0.4589
-1.6861,2.1459,-1.5328,0.6156,-0.7285,-0.4371
0.3066,8.8137,-1.3795,1.0782,-0.7406,-0.1445
0.0766,15.3281,-3.2955,1.0514,-0.7200,0.0352
-3.1806,5.3265,-5.3265,2.3275,0.0328,-0.8754
-3.7554,10.9979,-9.3885,2.2680,0.6277,-0.6156
-5.2882,10.4231,-10.2315,1.9608,0.5670,-0.5889
-6.8210,14.0636,-12.1859,1.1668,0.6241,-0.0024
-5.2116,7.5874,-11.7643,-0.2465,0.4820,0.1323
-3.8704,7.0509,-10.0016,-0.7333,0.3897,0.2100
-3.9087,6.5911,-8.0089,-0.8888,0.2283,0.0097
-4.0236,5.0583,-7.1276,-0.4869,0.2283,-0.0255
-3.1423,4.2152,-6.7827,-0.0267,0.3800,-0.0376
-2.9507,3.9087,-6.2462,0.5779,0.6447,-0.1591
-2.4908,3.7171,-5.9013,1.5274,0.8195,-0.2295
-2.3375,2.9123,-6.3612,2.4938,0.7843,-0.2100
-2.4142,1.5711,-8.6221,2.4040,0.8159,-0.1979
-2.3759,2.1459,-9.1969,2.1818,0.8147,-0.1336
-2.4142,1.1879,-10.7297,1.8746,0.7916,-0.1323
-2.0310,0.5365,-11.1512,1.2894,0.6751,-0.1020
-2.6441,0.5748,-11.0363,0.8548,0.5269,-0.0911
-2.4142,0.8814,-11.1129,0.5670,0.4492,-0.0862
-2.0693,1.0346,-10.4998,0.4007,0.3412,-0.0631
-1.9160,0.3832,-10.1166,0.3011,0.2562,-0.0534
-2.1076,0.6514,-9.9250,0.2319,0.1591,-0.0328
-1.9160,0.9580,-9.5034,0.1591,0.1020,-0.0279
-1.8777,0.4982,-9.5418,0.1166,0.0826,-0.0243
-1.8394,0.8047,-9.5801,0.0522,0.0510,-0.0146
-2.1843,1.2646,-9.7334,0.0134,0.0158,-0.0036
-1.9543,1.0730,-9.6184,-0.0024,0.0449,-0.0061
-1.9543,1.2263,-9.7334,-0.0631,0.0182,0.0085
-2.0310,1.4945,-9.8483,-0.0935,-0.0085,0.0097
-1.9543,1.3795,-9.8483,-0.1068,-0.0255,0.0073
-2.1459,1.4179,-9.8100,-0.1129,-0.0401,0.0024
-2.1459,1.5711,-9.8866,-0.1275,-0.0571,-0.0036
-2.0310,1.4562,-9.8100,-0.1323,-0.0777,-0.0121
-2.0310,1.3412,-9.4651,-0.1263,-0.0862,-0.0158
-2.0693,1.4945,-9.3118,-0.0801,-0.0692,-0.0182
-2.0310,1.4562,-9.3118,0.0012,-0.0498,-0.0231
-2.1076,1.5711,-9.3118,0.0607,-0.0328,-0.0206
-2.0693,1.6095,-9.1586,0.1105,0.0097,-0.0243
-1.9927,1.4945,-9.1969,0.1518,0.0498,-0.0243
-2.1459,1.4562,-9.5034,0.1821,0.0874,-0.0231
-2.0310,1.4179,-9.6567,0.1955,0.1105,-0.0243
-2.0310,1.3029,-9.6950,0.1870,0.1081,-0.0231
-1.9927,1.3795,-9.8866,0.1627,0.0911,-0.0231
-1.9543,1.2646,-9.8483,0.1372,0.0728,-0.0182
-2.0310,1.2263,-9.9250,0.1056,0.0522,-0.0158
-1.9927,1.3029,-9.6950,0.0911,0.0291,-0.0158
-2.0310,1.3412,-9.5801,0.0826,0.0194,-0.0146
-2.2226,1.1113,-9.8100,0.0741,0.0109,-0.0158
-1.9927,1.1879,-9.4651,0.0680,0.0073,-0.0158
-2.1076,1.3029,-9.7717,0.0668,0.0073,-0.0170
-2.0310,1.2263,-9.4651,0.0728,0.0097,-0.0158
-2.0693,1.3795,-9.7717,0.0716,0.0121,-0.0182
-1.9927,1.2263,-9.3885,0.0741,0.0194,-0.0194
-2.0693,1.3412,-9.5418,0.0716,0.0267,-0.0170
-1.9927,1.3029,-9.5418,0.0801,0.0376,-0.0170
-1.8011,1.4945,-9.3118,0.0704,0.0449,-0.0146
-2.1459,1.4179,-9.5801,0.0728,0.0510,-0.0158
-2.0310,1.3029,-9.5034,0.0765,0.0498,-0.0146
-2.1076,1.3029,-9.6950,0.0777,0.0571,-0.0109
-1.9927,1.3795,-9.5801,0.0728,0.0595,-0.0121
-1.9927,1.3029,-9.6184,0.0668,0.0571,-0.0085
-1.9927,1.2646,-9.6950,0.0643,0.0534,-0.0085
-1.9160,1.2646,-9.5418,0.0643,0.0571,-0.0073
-2.1076,1.6861,-9.6184,0.0607,0.0607,-0.0073
-1.8394,1.2263,-9.5418,0.0643,0.0656,-0.0036
-2.0310,1.3029,-9.6567,0.0595,0.0643,-0.0061
-1.8394,1.2263,-9.7717,0.0595,0.0619,-0.0049
-1.9543,1.3029,-9.6567,0.0583,0.0534,-0.0085
-1.7627,1.2263,-9.6567,0.0534,0.0474,-0.0085
-1.8777,1.1879,-9.7334,0.0534,0.0376,-0.0097
-1.9160,1.3029,-9.6184,0.0522,0.0340,-0.0109
-2.0310,1.2646,-9.8866,0.0510,0.0279,-0.0121
-1.9160,1.2646,-9.7334,0.0498,0.0231,-0.0134
-1.6861,1.3029,-9.6567,0.0498,0.0206,-0.0134
-1.9160,1.3412,-9.6567,0.0534,0.0194,-0.0134
-1.7627,1.3412,-9.7334,0.0534,0.0194,-0.0134
-1.8394,1.3412,-9.6184,0.0546,0.0219,-0.0134
-1.7244,1.1879,-9.7334,0.0571,0.0219,-0.0109
-1.8011,1.3029,-9.7334,0.0571,0.0231,-0.0097
-1.9160,1.1879,-9.6184,0.0643,0.0231,-0.0121
-1.7627,1.2263,-9.5801,0.0656,0.0206,-0.0121
-1.8777,1.1879,-9.5034,0.0643,0.0206,-0.0097
-1.8394,1.2646,-9.6950,0.0559,0.0267,-0.0085
-1.8777,1.1879,-9.6950,0.0741,0.0316,-0.0097
-1.8011,1.2646,-9.8100,0.0704,0.0352,-0.0097
-1.8394,1.2646,-9.6567,0.0680,0.0340,-0.0097
-1.8011,1.1879,-9.6567,0.0692,0.0291,-0.0109
-1.9927,1.3412,-9.5801,0.0680,0.0279,-0.0097
-1.9543,1.3029,-9.6567,0.0656,0.0267,-0.0097
-1.9543,1.3795,-9.6567,0.0631,0.0243,-0.0097
-1.8394,1.2263,-9.5418,0.0619,0.0219,-0.0097
-1.8394,1.2263,-9.6184,0.0583,0.0219,-0.0109
-1.7244,1.3795,-9.5034,0.0595,0.0206,-0.0121
-1.8777,1.1496,-9.7334,0.0619,0.0206,-0.0121
-1.8011,1.2263,-9.6950,0.0571,0.0182,-0.0097
-1.7244,1.3029,-9.2735,0.0583,0.0206,-0.0109
-1.8777,1.2263,-9.7334,0.0559,0.0194,-0.0121
-1.8394,1.2646,-9.6184,0.0559,0.0206,-0.0097
-1.8777,1.2646,-9.6184,0.0571,0.0231,-0.0121

