-.-.-
-0.4982,-8.2005,-1.8394,-0.0886,0.5755,0.3958
-0.6514,-8.5838,-1.6861,-0.1736,0.5245,0.4626
-0.3832,-8.7754,-1.7627,-0.2331,0.4929,0.4699
-0.4982,-8.5454,-1.9160,-0.2950,0.4614,0.4262
-0.0383,-8.3921,-1.7627,-0.2926,0.4602,0.3861
-0.3066,-8.5454,-1.5328,-0.2914,0.4589,0.3315
-0.4598,-8.7370,-1.1496,-0.2416,0.4614,0.2817
-0.4598,-8.7370,-1.0346,-0.1943,0.4577,0.2440
-0.3449,-8.5454,-0.8047,-0.1930,0.4249,0.1991
-0.4598,-8.6987,-0.8430,-0.1845,0.3946,0.1530
-0.2299,-9.2735,-0.6514,-0.1578,0.3946,0.1068
-0.3449,-10.0016,-0.6514,-0.1068,0.4189,0.0571
-0.5748,-10.2698,-0.8814,-0.0850,0.4262,0.0425
-0.9963,-10.4998,-0.3832,-0.0243,0.4055,0.0656
-0.5365,-10.9979,0.0000,0.1117,0.4043,0.0971
-0.3449,-11.0363,0.5365,0.1979,0.4116,0.0959
-0.1916,-10.1166,0.3449,0.2319,0.3387,0.0898
-1.4562,-10.4231,-1.8011,-0.0121,0.1663,0.0352
-2.4525,-13.2971,-2.7974,-0.2610,0.0243,0.1336
-1.1879,-15.2132,-2.4142,0.0000,-0.0291,0.3764
0.8047,-12.1859,-4.9816,0.2003,-0.4383,0.5087
0.2299,-8.3921,-6.0546,-0.0036,-0.5330,0.3642
1.1879,-7.3192,-5.0200,0.0680,-0.0352,0.3460
2.6824,-8.0473,-4.7134,0.0789,0.3606,0.2513
2.3375,-8.3155,-4.2919,-0.0024,0.4808,0.0401
1.1879,-8.0089,-4.0620,0.0631,0.3897,-0.1214
-0.7664,-7.9323,-3.4105,0.1627,0.2453,-0.1833
-1.9543,-8.5071,-3.2955,0.1178,0.0316,-0.2550
-1.8394,-8.5454,-3.1423,0.0376,-0.1603,-0.3460
-0.5748,-8.4305,-2.7207,-0.0267,-0.3047,-0.3885
0.4215,-7.8940,-2.8740,0.0109,-0.4237,-0.4007
1.1496,-7.5491,-2.6824,-0.0109,-0.5027,-0.4165
1.2646,-7.5108,-2.2992,0.0316,-0.5209,-0.4577
1.4562,-8.0089,-2.2992,0.0996,-0.4869,-0.5039
1.2646,-8.3538,-2.3759,0.1032,-0.4529,-0.5112
1.4179,-8.5838,-2.2609,0.1275,-0.4614,-0.4747
1.2263,-8.3155,-1.7244,0.1360,-0.4808,-0.4055
0.7664,-7.9706,-1.1879,0.1433,-0.5415,-0.3363
0.3449,-8.2389,-0.6898,0.1809,-0.6216,-0.2635
-0.0766,-8.5454,-0.3066,0.2040,-0.7163,-0.1676
0.0383,-8.8520,-0.3832,0.1906,-0.7928,-0.0789
0.4982,-9.3885,-0.3066,0.1566,-0.7734,-0.0194
1.6478,-9.9633,-0.4598,0.1797,-0.6326,-0.0182
2.4908,-10.5381,-0.0766,0.3169,-0.4772,-0.0668
2.9890,-10.8446,0.9580,0.5415,-0.3958,-0.1688
2.4142,-10.2698,0.9580,0.7054,-0.3060,-0.2647
2.2992,-11.7643,-3.2572,0.2173,0.0619,-0.3557
2.3375,-14.5234,-4.2152,-0.4140,0.2295,-0.4893
4.3302,-14.2552,-5.7097,0.1773,0.6386,-0.7528
0.6898,-11.4961,-7.3192,-0.0073,0.8839,-0.9507
-3.5638,-7.9706,-5.5948,0.1809,0.5451,-0.7601
-3.9470,-8.3538,-4.7900,0.2865,0.1153,-0.3193
-0.6898,-9.5418,-4.0620,0.2404,-0.1238,0.0267
3.2572,-10.2315,-3.8320,0.1251,-0.0753,0.2100
4.7134,-9.1586,-3.7937,0.0728,0.2380,0.3108
2.9507,-7.1659,-3.6404,0.1469,0.6411,0.4565
1.1496,-6.4761,-2.4908,0.1372,0.9434,0.6241
0.6898,-6.1313,-2.6058,-0.0413,1.0867,0.7431
0.7664,-6.3229,-2.7207,-0.2902,1.1546,0.7540
0.9197,-6.8593,-2.7591,-0.4347,1.1959,0.6860
0.3832,-7.3575,-2.7207,-0.4225,1.2032,0.6399
-0.6514,-8.0856,-2.2226,-0.2453,1.2324,0.5779
-1.6861,-8.6221,-1.9160,-0.0777,1.1838,0.4553
-1.7627,-8.6604,-1.7244,-0.0024,1.0636,0.3181
-1.0730,-8.3155,-1.4562,0.0036,0.9070,0.2040
-0.0766,-8.3155,-0.9580,-0.0134,0.7625,0.1238
0.6514,-8.8903,-0.6898,0.0437,0.6702,0.0704
0.6514,-9.6950,-0.8430,0.0498,0.6605,0.0340
0.1533,-10.1932,-0.6898,0.0704,0.6738,0.0413
-0.3832,-10.4614,-0.4982,0.1554,0.6459,0.0911
-1.4179,-10.1932,-0.3066,0.1639,0.5172,0.1056
-2.1076,-10.3082,0.7281,0.2829,0.3594,0.0862
-1.9543,-10.5381,1.4945,0.3837,0.1809,0.1129
-0.4215,-9.8100,-0.7281,0.2525,-0.0389,0.1493
-0.9580,-13.1055,-4.2536,-0.3448,-0.3181,0.2283
-1.5328,-15.5197,-2.6441,0.1736,-0.5245,0.5779
-0.1150,-13.1055,-4.9050,0.5257,-0.8535,0.9118
1.8394,-8.0473,-7.8173,0.1287,-0.9944,0.6641
3.2955,-6.7827,-6.2462,0.1809,-0.3472,0.4262
2.9123,-9.6184,-5.0200,0.1918,0.0510,0.1651
0.7664,-10.2698,-4.3685,0.0522,0.0619,-0.0534
-1.1113,-9.5034,-3.4488,0.1360,-0.1676,-0.2380
-2.0693,-8.6987,-2.4525,0.2319,-0.3630,-0.3740
-1.9927,-8.0473,-2.4525,0.1554,-0.5609,-0.4650
-0.4982,-7.9706,-1.9543,0.1226,-0.7528,-0.5549
0.4215,-7.3958,-1.8011,0.1384,-0.8499,-0.6216
0.7281,-7.0893,-2.0310,0.0134,-0.8754,-0.5876
0.6131,-6.9743,-2.3759,-0.0692,-0.9482,-0.5330
0.4598,-7.2425,-2.2609,-0.1081,-0.9580,-0.5306
0.7281,-7.7790,-1.6095,-0.0571,-0.9567,-0.5391
1.4945,-7.6641,-1.8777,-0.0158,-0.9422,-0.4602
1.8777,-7.9706,-1.5328,0.0024,-0.8851,-0.3618
1.9927,-8.3538,-1.1879,0.0692,-0.7734,-0.2647
1.4179,-8.5838,-0.5748,0.1384,-0.6726,-0.1870
0.6898,-8.6604,-0.2682,0.1930,-0.6265,-0.1044
0.4982,-9.2735,-0.0766,0.1906,-0.6180,-0.0583
0.6898,-9.6950,-0.2682,0.1712,-0.5719,-0.0231
2.0310,-10.0782,-0.1533,0.1275,-0.3533,0.0000
3.1806,-10.8063,0.8430,0.1894,-0.1433,-0.0571
2.5675,-11.3811,1.8777,0.3849,-0.0813,-0.1882
1.0346,-10.8063,2.0693,0.4383,-0.1323,-0.2453
0.9580,-10.4998,-0.7281,0.1105,0.0012,-0.2440
2.1076,-12.7223,-4.4452,-0.5791,0.0838,-0.3084
4.8667,-13.4121,-5.2499,-0.2525,0.3946,-0.5257
3.4871,-12.6457,-7.3192,-0.2513,0.8997,-0.7479
-1.9160,-9.3118,-6.5145,-0.0983,0.6216,-0.7382
-5.0200,-7.4725,-5.0200,0.1008,0.2598,-0.4444
-3.0656,-7.6641,-4.1386,0.0692,0.1615,-0.0449
1.6861,-9.1586,-3.2955,-0.0631,0.1736,0.2477
4.8284,-10.1932,-3.6404,-0.1833,0.2817,0.4177
4.0620,-8.3538,-3.8704,-0.3557,0.5876,0.4699
1.4945,-6.7444,-2.7974,-0.3424,0.9337,0.5245
-0.3066,-6.2079,-2.3375,-0.2647,1.0478,0.6399
-0.5748,-7.0126,-2.2226,-0.3594,1.0041,0.7212
0.1533,-7.7407,-2.6824,-0.5257,0.8863,0.6216
0.3449,-7.5491,-2.5675,-0.5840,0.7916,0.5233
-0.4598,-7.5874,-2.1843,-0.3533,0.7540,0.5124
-1.2646,-7.8940,-1.8394,-0.1870,0.6981,0.4735
-1.3029,-8.2772,-1.9927,-0.2015,0.6581,0.3885
-0.8430,-8.3538,-1.5711,-0.2319,0.5512,0.3230
0.3449,-9.4268,-1.5711,-0.1663,0.4881,0.2768
0.7281,-9.8866,-1.6095,-0.0401,0.5609,0.2525
0.4982,-10.2315,-1.2646,0.0619,0.6629,0.2198
-0.5748,-10.3082,-0.4215,0.2125,0.6496,0.1979
-2.1076,-10.5381,-0.3832,0.3485,0.4201,0.1943
-2.9123,-10.8063,-0.2682,0.3412,0.2246,0.1870
-1.5328,-10.6530,0.9197,0.3691,0.1214,0.2040
-0.1533,-9.7334,-1.0730,0.3339,-0.1081,0.1736

