-.-.-
1.1113,-11.3045,1.8011,0.0425,0.4711,0.2647
2.7974,-12.0709,-3.0656,-0.2805,0.7880,0.0983
1.9543,-13.4121,-8.0473,-0.7103,0.1214,0.3509
-2.5675,-15.7496,-4.8667,-0.4759,-0.0340,0.6799
-3.1423,-12.7223,-6.8593,-0.0279,0.0182,0.8778
0.0383,-9.4651,-5.4415,0.4990,0.7916,0.5743
2.4908,-6.5145,-5.3648,0.2720,0.9227,0.3642
1.9543,-7.2425,-2.9507,-0.0656,0.6204,0.1493
0.1916,-8.0856,-2.9507,-0.1724,0.3060,0.1554
-0.3832,-9.6950,-3.4105,-0.0583,0.2477,0.0206
0.0000,-9.6567,-3.4488,0.1275,0.3837,-0.3691
0.3449,-8.6987,-2.2609,0.0194,0.5282,-0.6556
0.0766,-7.4725,-1.9160,-0.1396,0.4893,-0.6702
-0.2682,-6.3995,-1.4179,-0.2052,0.2113,-0.5209
0.0000,-5.0200,-1.3029,-0.1238,-0.0996,-0.2829
0.4215,-4.4068,-1.4945,-0.0437,-0.2598,-0.0874
1.2646,-5.2116,-1.5711,-0.0886,-0.2914,-0.0121
1.9160,-7.3958,-1.6478,-0.1251,-0.3436,-0.0049
1.9543,-9.3118,-0.9197,0.0255,-0.3849,0.0146
0.9580,-11.3045,0.4598,0.2890,-0.4517,0.0085
-0.0766,-11.5727,1.1879,0.8766,-0.6216,0.0449
0.1533,-9.9633,0.0000,1.1729,-0.3934,0.0911
1.5328,-9.5418,-0.1150,0.8973,0.0595,0.0073
3.1039,-8.1622,-0.9963,0.3642,0.3509,-0.0279
2.0310,-8.6987,2.1843,0.2113,0.1651,-0.1166
0.7281,-8.8520,1.3029,0.0777,-0.1238,-0.0559
-0.4598,-12.2625,-4.1769,-0.8195,-0.2125,-0.1882
2.4525,-16.4394,-8.0473,-0.8572,0.1360,-0.5925
4.8284,-15.0216,-6.0546,0.3205,0.6581,-0.7734
2.6058,-12.4158,-5.7480,0.6787,0.5294,-0.5949
-1.0730,-10.4231,-4.1769,0.7722,-0.0862,-0.2878
-2.0693,-9.3118,-6.7444,0.0838,-0.2088,-0.1578
-0.9197,-8.1622,-3.9470,0.0753,-0.0862,-0.1396
1.9927,-7.7407,-2.4525,0.0765,0.0413,-0.1809
3.3722,-8.1239,-2.4908,0.0316,0.1032,-0.0413
3.1806,-7.7407,-2.9507,0.0631,0.1384,0.3327
1.9160,-8.9286,-2.4525,-0.2829,0.2513,0.5998
0.6131,-7.7790,-2.5291,-0.4116,0.4407,0.6848
0.0383,-5.5181,-2.1843,-0.3157,0.5148,0.6836
-0.5748,-4.0620,-1.7244,-0.2683,0.4990,0.5051
-0.8047,-4.3685,-1.4562,-0.2343,0.4492,0.2234
-0.9197,-6.2845,-1.6478,-0.1360,0.3570,0.0024
-1.3795,-8.2772,-1.1879,-0.0036,0.2671,-0.1190
-0.7664,-9.0819,-0.9580,0.1918,0.1433,-0.1093
0.4215,-9.3502,-0.5365,0.4371,0.1323,-0.0704
1.2646,-9.6950,0.0383,0.5597,0.2270,-0.0838
1.5328,-10.0782,0.3832,0.6289,0.2185,-0.0583
1.7244,-9.9633,-0.1150,0.5282,0.1178,0.0461
0.3832,-10.2315,0.1150,0.2440,0.0182,0.1433
-0.6514,-10.3082,0.6131,0.0425,0.0461,0.3132
0.8814,-11.2279,1.4179,-0.0862,0.4577,0.2635
2.0693,-12.2625,-2.6824,-0.3242,0.5597,0.1882
1.2646,-13.6037,-7.6257,-0.6156,-0.1323,0.5063
-2.2992,-15.8263,-5.7097,-0.5755,-0.1032,0.8050
-2.1459,-13.3355,-7.2425,-0.0777,0.0461,0.8450
0.3832,-9.8483,-5.6714,0.4298,0.7928,0.5112
2.3375,-6.3995,-5.2882,0.2465,0.8839,0.2890
2.0693,-6.9360,-2.6058,-0.0401,0.5986,0.1421
0.5748,-7.5491,-3.0656,-0.2161,0.3533,0.1129
-0.3066,-8.9670,-3.1423,-0.1153,0.2950,-0.0619
-0.2299,-9.0053,-3.0273,0.0862,0.3509,-0.3934
-0.0766,-8.1622,-2.6441,0.0194,0.4602,-0.6690
-0.0383,-7.7407,-1.8394,-0.1761,0.4116,-0.7042
-0.3832,-6.9360,-1.3029,-0.2100,0.1336,-0.5597
-0.0383,-5.5564,-1.1496,-0.0401,-0.1894,-0.3035
0.8047,-4.7900,-1.4562,0.0486,-0.3545,-0.1105
1.6861,-5.2499,-1.6095,-0.0376,-0.3715,-0.0231
2.4142,-7.1659,-1.5328,-0.1251,-0.3958,0.0267
2.3759,-9.1969,-1.0730,-0.0898,-0.4019,0.0728
1.6095,-10.9596,0.8430,0.1348,-0.3885,0.0874
0.2682,-12.0709,1.3029,0.6945,-0.4796,0.0838
0.0383,-10.7680,-0.1150,1.0709,-0.3302,0.0777
1.2263,-9.8483,-0.6514,0.9215,0.0619,-0.0085
3.2955,-8.6987,-1.0730,0.3630,0.4189,-0.0036
2.3759,-9.2352,2.4525,0.2586,0.2780,-0.1226
1.5711,-8.9670,0.9580,0.2137,0.0328,-0.1518
-0.1533,-11.9176,-5.1349,-0.7965,-0.1858,-0.2720
2.6441,-15.4814,-7.7024,-0.7261,0.2987,-0.5621
4.6751,-14.0252,-5.8247,0.3132,0.7564,-0.7139
2.2992,-12.1475,-5.4032,0.4772,0.5706,-0.5318
-1.7244,-10.8830,-3.9853,0.4881,-0.0862,-0.3400
-2.8357,-10.3465,-6.3612,0.0255,-0.2368,-0.2635
-1.7627,-8.5838,-4.0620,0.1882,-0.0801,-0.1627
1.3795,-7.3575,-2.5675,0.2525,0.0474,-0.1166
2.9890,-7.8173,-2.2609,0.0704,0.0534,0.0024
3.1423,-7.3575,-2.6441,0.1506,-0.0061,0.3254
1.8394,-8.2005,-2.3759,-0.1530,0.1238,0.5536
0.9580,-8.0089,-2.0693,-0.2805,0.3315,0.5937
0.1533,-6.1696,-1.8011,-0.2088,0.4929,0.5573
-0.3066,-4.8284,-1.5328,-0.1639,0.5415,0.4092
-0.3832,-4.9433,-1.4179,-0.1785,0.4881,0.1845
-0.9580,-6.3612,-1.1496,-0.1408,0.3885,-0.0036
-1.5711,-8.0856,-1.0346,-0.0559,0.2671,-0.1141
-1.4945,-9.1586,-0.5365,0.0656,0.1129,-0.1105
-0.6514,-9.5034,-0.6131,0.2392,-0.0194,-0.0595
0.3066,-9.3885,-0.6898,0.3897,-0.0461,-0.0789
0.9197,-9.7717,0.0383,0.4444,-0.0170,-0.1336
1.0346,-9.7334,0.2299,0.5039,-0.0170,-0.1214
1.5328,-10.0016,0.0000,0.3023,-0.0886,-0.0255
0.9197,-10.3082,0.6514,0.0401,-0.0826,0.0886
0.9197,-10.4998,1.3412,-0.0826,0.1530,0.2331
1.9543,-11.3811,-0.4215,-0.1591,0.5901,0.2234
2.4908,-12.8756,-6.9743,-0.5172,0.3642,0.3242
-1.2646,-14.9066,-6.0163,-0.4541,0.0061,0.7042
-2.8740,-14.8683,-6.4378,-0.2137,0.0983,0.8912
0.4215,-11.4195,-5.9013,0.0777,0.5767,0.7297
1.8011,-7.8940,-5.3265,0.2938,1.1656,0.3691
2.2609,-6.9360,-3.6021,0.1845,0.7066,0.2465
0.0000,-7.4725,-2.3759,-0.0741,0.3400,0.1603
-1.2646,-8.8137,-2.9507,-0.0777,0.1676,0.0680
-1.4562,-9.5801,-3.2955,0.0449,0.0850,-0.2841
-0.1150,-8.9670,-3.1806,0.0680,0.1724,-0.6726
0.5748,-8.8903,-2.1459,-0.1093,0.1506,-0.7928
0.4982,-7.7790,-1.4179,-0.1336,-0.0656,-0.6896
0.4598,-6.0163,-1.4562,0.0121,-0.3533,-0.4274
0.6898,-4.3302,-1.3795,0.0813,-0.4687,-0.1651
1.3029,-3.9087,-1.5711,-0.0243,-0.4189,-0.0376
2.1459,-5.6331,-1.4562,-0.2149,-0.3448,-0.0182
2.2226,-8.0856,-1.2263,-0.2793,-0.3181,0.0267
1.9160,-10.1166,0.0766,-0.0826,-0.3412,0.0801
0.8430,-11.7260,1.3412,0.3849,-0.4492,0.0911
-0.4215,-11.4578,1.0730,0.9555,-0.5197,0.1506
0.9963,-9.9633,-0.3832,1.0187,-0.1153,0.1372
2.4908,-8.4688,-2.4908,0.6471,0.3970,0.0692
2.5675,-8.9286,1.7627,0.2355,0.4225,0.0061
0.3449,-8.8520,2.8740,0.4359,-0.0158,0.0546
-0.6131,-10.5381,-1.3795,-0.2841,-0.0741,-0.0352
0.6514,-15.8646,-7.6257,-0.8803,-0.0376,-0.5561

