-.-.-
3.5638,-3.2955,-5.9780,1.7994,1.4630,-0.1785
0.1150,0.9963,-6.0546,1.2627,1.4242,0.2100
-3.7171,3.2189,-5.4798,1.2251,0.6702,0.2805
-5.5181,3.8320,-5.1349,1.7532,0.2453,0.1943
-1.9543,3.1806,-5.8247,1.2251,0.5536,-0.1408
1.1879,1.3412,-4.1386,0.1930,1.5250,-0.3642
2.2992,-2.7207,-1.7627,-0.0911,2.5995,-0.1870
3.1423,-4.4452,-0.0766,-0.0024,2.6432,-0.2780
2.5675,-3.2572,-0.2299,0.3400,2.0446,-0.4104
0.3832,-2.2609,-1.8011,1.0879,1.7751,-0.3193
-2.4142,-0.4982,-5.0200,1.5383,1.9827,-0.0716
0.1916,-0.1533,-4.2152,1.2032,2.0337,0.2817
2.2992,-4.9050,-0.6514,1.1801,1.8419,0.1688
5.9396,0.3832,-2.9890,1.6039,2.1757,-0.1311
0.0000,4.2919,-7.4341,0.4007,2.2097,-0.0643
1.2263,1.6861,-9.7334,-1.4011,2.2814,-0.5027
-0.2682,-18.2405,-1.2646,-0.5767,3.1677,-1.2870
17.5507,-65.6427,-6.6294,0.4140,3.5356,0.6241
138.9495,-13.1822,-34.7948,-4.9768,3.1871,-3.8634
20.0032,-17.8956,-10.4998,6.0136,5.9384,-1.1207
-10.5764,-11.3428,2.9123,3.5951,2.6553,-3.3547
-10.4998,-18.3938,-7.9323,5.7089,0.0911,-6.3682
0.2299,-10.3848,-5.5948,5.3410,-0.1930,-5.8473
13.3738,15.2898,3.0656,1.1207,-0.7370,-5.1540
19.4667,8.5454,4.3302,-4.0273,-1.7678,-3.9180
19.6966,-7.3192,-1.3795,-1.6646,-1.8977,-2.0531
9.6567,-5.7480,2.6824,0.2185,-1.0842,-0.8110
1.0730,0.8047,5.8247,-1.4764,-1.9572,-0.5561
-1.7627,4.1386,4.6368,-1.8856,-1.6027,-1.6209
2.8740,2.3375,1.5711,0.5330,-1.7726,-2.6408
6.1313,0.6898,1.3029,0.3910,-1.9086,-2.4975
10.8830,1.9927,0.1533,-0.1481,-1.6270,-1.8042
14.0252,2.4908,0.2299,-0.3715,-0.8620,-1.2566
13.3738,2.6824,0.3449,-0.5488,-0.1736,-0.8268
11.3045,2.1843,0.0766,-0.7904,0.0559,-0.3145
8.5071,1.6478,0.3449,-0.5864,-0.0643,0.0741
5.6714,1.6861,1.0346,-0.1748,-0.3242,0.1469
5.0966,1.9160,1.3029,0.1676,-0.4177,0.1882
7.9706,2.9123,2.1459,0.2902,-0.3946,0.0231
11.3045,3.7937,1.6095,0.1845,-0.3157,-0.1408
12.8756,3.6404,0.0000,0.1530,-0.3630,-0.2380
13.2205,3.1806,-1.5711,0.3145,-0.3873,-0.2343
11.5727,2.1459,-2.4142,0.3436,-0.4213,-0.1299
10.3465,0.7281,-1.8394,0.5573,-0.5160,-0.0983
9.5801,0.5365,-1.3029,0.9373,-0.6180,-0.0983
9.1969,0.5365,-1.6095,0.9640,-0.6520,-0.1068
8.8903,0.0766,-1.1496,0.7212,-0.7030,-0.1238
9.7717,1.1113,-0.7281,0.6799,-0.7285,-0.2015
11.1512,2.8357,-1.0730,0.5318,-0.6059,-0.4796
5.8630,0.1533,-1.5711,-0.3448,-0.8730,-0.7819
3.8320,1.8394,-4.4452,-0.7576,-0.8305,-0.8074
8.5071,4.4068,-6.1696,-0.7855,-0.4565,-0.9531
14.5617,2.2226,-6.0546,-0.6435,-0.1955,-1.0806
15.1365,0.4598,-4.0236,-0.2975,-0.0291,-0.7892
15.3664,0.3066,-2.9890,0.4589,-0.1190,-0.4565
13.1055,-0.8047,-3.8320,0.6908,-0.2137,-0.3570
10.5764,-1.1879,-4.5601,0.6690,-0.0607,-0.2683
8.1622,-0.5365,-4.0620,0.4286,0.1809,-0.0267
6.0929,0.6131,-3.6404,0.1627,0.2501,0.1773
5.7097,1.8394,-3.7171,-0.1493,0.2623,0.3278
7.4725,2.2992,-2.8740,-0.4480,0.3485,0.3509
9.5418,2.1076,-1.6478,-0.3752,0.4067,0.3242
10.3082,1.4179,-1.1879,-0.1190,0.3630,0.3521
10.1166,0.7664,-2.1843,-0.0182,0.3509,0.4067
9.6950,0.8814,-2.7591,-0.1299,0.2963,0.4869
9.8483,1.2263,-2.7974,-0.2647,0.2598,0.5294
10.1549,1.6095,-2.9123,-0.2817,0.2890,0.4869
10.1549,1.5328,-2.5675,-0.1882,0.2513,0.3922
10.3082,1.1879,-2.1843,-0.1275,0.1445,0.2841
9.9633,0.3832,-2.4142,-0.0704,0.1202,0.1736
9.7717,0.1916,-2.3375,-0.0121,0.1773,0.1396
9.4651,0.1916,-2.1843,0.0813,0.1943,0.1748
9.0053,0.3449,-1.7244,0.1275,0.1615,0.2258
9.1586,0.2682,-1.8777,0.1554,0.1372,0.2623
9.6950,0.1533,-1.9927,0.1845,0.1554,0.2926
10.1932,0.2299,-1.8394,0.1870,0.1967,0.2938
9.8866,0.4215,-1.8394,0.1639,0.2331,0.2817
9.8866,0.1916,-2.1843,0.1202,0.2319,0.2744
9.6184,-0.0766,-2.2226,0.0947,0.1979,0.2780
9.5801,-0.1916,-2.3759,0.0959,0.1700,0.2683
9.4268,-0.2299,-2.2609,0.1141,0.1785,0.2440
9.4268,-0.1916,-2.0693,0.1214,0.2028,0.2295
9.5418,0.0000,-1.8777,0.1068,0.2283,0.2295
9.5034,0.0000,-1.8394,0.1032,0.2501,0.2307
9.7334,0.0000,-1.6095,0.0983,0.2574,0.2428
10.0016,-0.0383,-1.6861,0.0801,0.2368,0.2392
10.0399,0.0766,-1.9160,0.0656,0.2028,0.2173
10.0399,-0.1533,-1.6478,0.0619,0.1870,0.2052
10.0399,-0.1533,-1.6095,0.0826,0.1761,0.2088
9.8866,-0.3066,-1.4179,0.1044,0.1591,0.2198
9.7334,-0.3832,-1.4945,0.1408,0.1408,0.2295
9.6184,-0.3066,-1.4179,0.1627,0.1117,0.2295
9.5801,-0.3066,-1.5711,0.1748,0.0874,0.2258
9.6950,-0.1916,-1.3029,0.1979,0.0911,0.1918
9.6950,-0.3066,-1.4562,0.2113,0.1323,0.1676
9.6950,-0.2299,-0.9963,0.1918,0.1518,0.1712
9.6950,-0.2682,-1.3412,0.1566,0.1323,0.1809
9.9633,-0.5748,-1.5328,0.1481,0.0971,0.1894
9.9633,-0.5365,-1.6478,0.0996,0.0765,0.1967
9.8100,-0.5748,-1.5711,0.0619,0.1044,0.1870
9.6567,-0.4982,-1.4945,0.0474,0.1457,0.1955
9.5801,-0.5365,-1.3795,0.0413,0.1821,0.2222
9.6567,-0.8047,-1.2646,0.0486,0.1967,0.2550
9.6184,-0.8814,-1.3029,0.0631,0.2125,0.2732
9.8100,-0.8047,-1.0346,0.0595,0.2270,0.2720
9.8100,-0.6131,-1.3029,0.0158,0.2210,0.2610
9.6950,-0.8430,-1.0730,-0.0231,0.2113,0.2501
9.7334,-1.0730,-0.9197,-0.0401,0.2137,0.2355
9.7334,-1.1879,-1.1113,-0.0461,0.2028,0.2173
9.6184,-1.3412,-0.9197,-0.0437,0.2040,0.2137
9.6567,-1.3029,-0.9580,-0.0389,0.1821,0.2064
9.6184,-1.3412,-0.9963,-0.0340,0.1433,0.2015
9.6567,-1.3412,-0.8047,-0.0109,0.1202,0.1943
9.5418,-1.4945,-0.4982,0.0231,0.1178,0.1833
9.6184,-1.5711,-0.8814,0.0449,0.1068,0.1627
9.6184,-1.8011,-0.8814,0.0765,0.0996,0.1348
9.5034,-1.9160,-1.0346,0.1032,0.1020,0.1068
9.5801,-1.6478,-0.8430,0.1141,0.0996,0.0874
9.6567,-1.6478,-0.8814,0.1117,0.0886,0.0765
9.6184,-1.7244,-0.8047,0.1093,0.0813,0.0643
9.7334,-1.6478,-0.7281,0.1056,0.0789,0.0546
9.6950,-1.5711,-0.7281,0.0996,0.0583,0.0401
9.6184,-1.5328,-0.7664,0.1068,0.0522,0.0206
9.4268,-1.4945,-0.7281,0.1105,0.0474,-0.0036
9.4651,-1.6861,-0.6514,0.0862,0.0461,-0.0170
9.6567,-1.7627,-0.6514,0.0728,0.0376,-0.0194
9.5801,-1.6095,-0.8047,0.0813,0.0328,-0.0291
9.6567,-1.6095,-0.7281,0.0704,0.0231,-0.0413

