-.-.-
-1.0346,-9.0436,-0.3066,0.1008,0.7989,0.0680
-0.5365,-8.5454,-0.5365,0.2878,0.7928,-0.0376
-0.8430,-7.8557,-0.3066,0.2076,0.7261,-0.1506
-0.6898,-8.4688,0.0383,0.0352,0.6957,-0.1858
-0.3832,-9.1586,0.4598,0.0571,0.7576,-0.1906
0.2299,-9.3118,0.3066,0.1166,0.8487,-0.2234
0.6514,-9.3502,-0.1916,0.0121,0.9009,-0.2671
-0.2299,-9.6950,-0.4982,-0.1214,0.8778,-0.2902
-1.3412,-10.8446,-0.1533,-0.1918,0.7855,-0.2780
-2.3375,-12.4924,0.8047,-0.1457,0.7382,-0.2113
-3.1039,-13.6037,1.4945,0.0947,0.6641,-0.0413
-3.1423,-14.1019,1.4179,0.1833,0.5269,0.1445
-3.0273,-13.5654,2.0693,0.1591,0.3837,0.2890
-2.2226,-11.3811,2.4142,0.2040,0.2975,0.3339
-0.7664,-9.5418,1.4179,0.2562,0.3023,0.2258
1.4562,-8.0856,-2.9123,0.0789,0.3145,0.0291
1.1496,-7.5491,-6.6294,-0.2052,0.1178,-0.1663
-1.5711,-9.1969,-8.3921,-0.7248,-0.4019,-0.1336
-1.0346,-13.0672,-6.0163,-0.8450,-0.7564,0.2501
0.8047,-14.6767,-4.4452,-0.2380,-1.1571,0.4881
4.2152,-12.6074,-3.7171,0.4177,-1.1316,0.2829
3.9853,-9.4268,-3.7171,0.4407,-1.0332,-0.1773
1.8777,-9.9633,-2.7591,0.1153,-0.9021,-0.4893
0.3832,-10.3848,-1.4562,0.2355,-0.7018,-0.5828
0.6898,-8.3538,-2.1076,0.5451,-0.5609,-0.4917
0.9580,-6.5145,-2.5675,0.3970,-0.6083,-0.4262
1.9160,-5.7097,-2.5291,0.0643,-0.6799,-0.4929
1.8011,-5.6714,-1.9160,-0.2368,-0.6532,-0.5658
1.6095,-6.3995,-1.2263,-0.3485,-0.5634,-0.5112
1.4179,-8.0089,-1.0346,-0.2744,-0.5039,-0.4565
1.0346,-9.3502,-0.9580,-0.2683,-0.4978,-0.3897
0.7664,-9.4651,-0.8047,-0.1396,-0.4614,-0.3120
0.8430,-8.6221,-0.9963,-0.0219,-0.4687,-0.2380
0.8430,-7.6641,-1.1113,-0.0413,-0.4298,-0.1202
1.0346,-7.1659,-1.2263,-0.1761,-0.3752,-0.0061
1.2263,-7.4725,-0.9580,-0.4201,-0.3667,0.0182
1.6478,-7.8173,-1.2263,-0.6034,-0.3290,0.0437
1.9543,-7.8940,-1.7627,-0.6690,-0.2222,0.0607
2.0693,-8.0473,-2.1843,-0.7965,-0.1396,0.0546
1.5711,-8.5071,-2.1459,-0.9737,-0.0886,0.0498
1.3795,-8.8903,-1.9543,-1.1292,-0.0996,0.0340
1.9543,-8.7754,-2.3375,-1.3149,-0.0619,-0.0134
1.8394,-9.3885,-3.1806,-1.5310,-0.1020,-0.0813
1.5711,-10.3082,-2.4525,-1.6512,-0.3715,-0.0631
0.9963,-10.9979,-0.8814,-1.5917,-0.7018,0.0389
0.0000,-11.1129,0.3066,-1.3088,-1.1352,0.0935
-1.4179,-10.4998,1.4179,-0.8535,-1.5760,0.1105
-3.1039,-9.2352,1.9927,-0.5464,-2.0944,0.1068
-4.3302,-7.8173,2.0310,-0.3278,-2.8144,0.1700
-4.1769,-7.0893,0.0000,-0.2902,-3.5671,0.2198
-3.0273,-6.6294,-0.6898,-0.4832,-4.2592,0.2477
-1.6478,-7.0509,-1.1113,-0.4772,-4.5518,0.2343
-0.1150,-6.2462,-1.9927,-0.4140,-4.5640,0.1481
-0.1533,-3.8704,-4.0236,-0.6593,-4.5919,0.1044
1.1113,-1.6861,-5.9013,-1.0029,-4.3308,0.0073
3.2572,-0.8047,-6.0929,-1.2348,-3.8488,-0.1166
7.5874,-2.3375,-5.2882,-1.5468,-3.2527,-0.2088
7.0893,-6.5911,-4.7900,-1.6755,-2.6468,-0.3387
4.8667,-10.0016,-3.2955,-1.1777,-2.0640,-0.2149
1.9160,-9.8866,-2.7974,-0.6811,-1.7374,0.0000
-0.4598,-7.7790,-2.0693,-0.3691,-1.6209,0.2040
-2.9123,-2.6058,-0.3832,-0.0522,-1.7848,0.5536
-4.0620,3.7554,-2.1843,-0.2088,-1.9414,0.8001
0.6514,5.5948,-0.9580,-0.3375,-1.8904,0.9033
3.4871,1.6478,-3.4488,-1.1729,-1.6391,0.5318
-2.2226,-11.4195,-2.0310,-0.8402,-1.9038,0.4262
-24.5250,-22.5323,5.1349,2.1090,-3.2612,1.5092
-25.5213,-4.7900,-10.8830,4.8675,-5.2415,4.6356
-13.3355,3.0656,-17.2441,2.5011,-4.9112,5.1662
-4.3685,-9.6950,-8.2772,-0.4104,-4.1281,4.4984
-5.6714,-28.5870,-3.6787,0.5585,-3.0876,5.1856
-21.4594,-19.0835,1.2646,0.2125,-1.7896,5.7053
-31.1544,-7.7024,5.1349,-0.7916,-1.8309,5.8655
-34.9481,0.1150,4.3685,-0.4128,-1.6427,5.8570
-29.3917,-1.9160,-0.8430,-1.5492,-1.2591,5.2184
-22.7623,-3.5255,-0.2682,-1.1170,-0.8693,4.4632
-17.1292,-4.6368,4.6751,-0.3023,-0.2708,3.6873
-11.9559,1.3795,3.2189,0.6823,0.6216,2.4234
-7.2809,7.6641,2.3759,-0.4990,1.3926,1.2627
-6.7827,1.7244,-0.1916,-3.0487,1.1971,0.0680
-5.8247,-3.3722,1.9160,-2.7804,0.8523,0.1651
-4.2536,-1.6478,0.3832,-1.2056,0.8195,0.5027
-2.6441,0.0383,-0.5748,-0.2841,0.9944,0.6957
-2.1076,2.1076,-0.3832,-0.2161,1.1340,0.6860
-3.3339,2.4908,0.6514,-0.2817,1.1814,0.6605
-3.7937,2.4142,0.5748,-0.2853,1.1401,0.6593
-4.3302,2.2992,0.8430,-0.3278,1.0502,0.5974
-4.4835,0.5748,1.5328,-0.3885,0.9871,0.3849
-5.6714,1.5328,2.1076,-0.2975,1.0175,0.2902
-8.0856,2.3759,2.6058,-0.0983,1.0636,0.2914
-9.1586,3.7554,1.8011,0.2878,1.0065,0.3727
-11.0363,4.2536,0.8430,0.3412,0.9106,0.4322
-12.1092,4.9816,0.0383,0.1906,0.9373,0.4662
-11.0363,6.7061,-1.2646,0.3120,1.2093,0.4262
-11.4195,7.2042,1.0730,0.4650,0.9240,-0.2283
-16.0562,7.8940,1.2263,0.9713,0.8268,-0.4626
-15.0216,6.8210,0.0000,1.3683,0.6678,-0.4298
-14.1785,7.6257,-3.3722,0.9410,0.8280,-0.5415
-11.0746,6.7061,-2.8357,0.2938,0.7916,-0.6629
-7.8557,4.6751,-2.9123,-0.4092,0.4602,-0.9397
-7.5491,3.1039,-3.5638,-0.8256,0.0571,-1.2566
-6.5145,1.6095,-3.7937,-0.7601,-0.2683,-1.4157
-7.7407,0.1916,-4.1003,0.0546,-0.1311,-1.1704
-6.8210,0.9963,-5.7097,0.5014,0.3096,-0.7224
-7.7407,0.3066,-5.2499,-0.0971,0.6520,-0.6180
-10.0016,-0.9963,-4.2919,-0.7346,0.6301,-0.4444
-10.7297,-0.2682,-4.1769,-0.8268,0.7127,-0.1542
-11.0363,0.7664,-4.9050,-0.6678,0.7795,0.0704
-10.4998,0.9963,-5.1732,-0.7006,0.8098,0.1117
-10.1549,0.1533,-4.9050,-0.7746,0.7516,0.0498
-10.0782,-1.0346,-4.7134,-0.7078,0.5719,-0.0364
-9.7717,-1.8394,-4.5218,-0.4517,0.3594,-0.0583
-9.2735,-1.6478,-3.6021,-0.0559,0.2355,-0.0474
-8.7370,-0.2682,-3.1039,0.3011,0.1785,-0.0206
-8.3921,0.6131,-3.3339,0.4213,0.1311,-0.0012
-8.3538,0.8814,-3.3722,0.2975,0.1299,-0.0170
-8.6987,0.3832,-3.2189,0.1481,0.1785,-0.0231
-9.3502,0.2299,-3.7937,0.0668,0.2586,-0.0024
-9.8483,0.2682,-4.2536,0.0425,0.3424,0.0425
-10.0016,0.3832,-4.7134,0.0279,0.3557,0.0777
-10.0399,0.4215,-4.9050,-0.0255,0.3363,0.0753
-9.6567,0.5748,-4.8667,-0.0595,0.2999,0.0886
-9.3502,0.5365,-4.7134,-0.0522,0.2355,0.0850
-9.1969,0.4215,-4.4452,-0.0158,0.1554,0.0510
-9.1202,0.3066,-4.3685,0.0194,0.0911,0.0146
-9.1202,0.4598,-4.2536,0.0474,0.0716,0.0170
-9.0053,0.4598,-4.2152,0.0522,0.0498,0.0279
-8.9286,0.6131,-4.2152,0.0376,0.0425,0.0340

