-.-.-
-0.4215,-9.8483,-2.0693,0.0838,0.6775,0.2015
-0.4215,-9.6950,-1.9927,0.1396,0.7321,0.1238
-0.6514,-9.2352,-2.1843,0.1348,0.7661,0.0401
-0.8047,-8.9670,-2.0310,0.0680,0.7795,-0.0449
-1.1496,-8.9286,-2.0693,-0.0340,0.7940,-0.1129
-1.4945,-9.4268,-1.9927,-0.1421,0.8025,-0.1530
-1.2646,-9.8866,-1.7627,-0.2003,0.8280,-0.1578
-0.8047,-10.3848,-1.7627,-0.1688,0.8754,-0.1530
-0.5748,-10.4614,-1.9160,-0.1105,0.8900,-0.1724
-0.6514,-10.3082,-1.9927,-0.0826,0.8681,-0.2052
-0.8430,-10.3465,-1.3029,-0.0267,0.8948,-0.2368
-0.6131,-9.9250,-0.8430,0.0692,0.9652,-0.2768
-0.2299,-9.8100,-1.1879,0.1348,1.0369,-0.3290
0.4598,-9.7717,-2.5675,-0.0461,1.1571,-0.3667
-0.0383,-12.3008,-3.5255,-0.4529,1.2603,-0.3157
-1.2646,-14.9832,-3.7171,-0.4529,1.1462,-0.1809
-1.3029,-14.8683,-4.2152,-0.1141,0.7722,0.1360
-0.4215,-12.2625,-4.9050,0.1748,0.4080,0.3096
0.7281,-9.3502,-4.2919,0.3375,0.4638,0.2489
2.0693,-6.7444,-3.4105,0.3290,0.7491,0.0328
3.1423,-4.9433,-2.5675,0.2817,0.9737,-0.2270
2.7974,-5.0966,-2.1459,0.1906,1.0090,-0.3922
1.5328,-6.7827,-2.2226,-0.0983,0.8803,-0.3606
-0.1533,-9.6567,-2.6441,-0.5403,0.5099,-0.1906
-1.4945,-12.4541,-2.9890,-0.7576,0.0036,-0.0036
-1.8011,-14.0252,-3.4871,-0.6229,-0.3545,0.0279
-0.8814,-13.6804,-3.2572,-0.0413,-0.4492,-0.1469
0.7281,-11.3045,-2.7974,0.4687,-0.4929,-0.3047
2.0693,-9.1969,-2.2992,0.5124,-0.5306,-0.3703
2.7591,-8.0856,-1.9927,0.4492,-0.5573,-0.3193
3.0273,-7.7407,-2.3375,0.3618,-0.6083,-0.2416
2.6824,-8.1239,-2.1459,0.1761,-0.6289,-0.1821
1.9543,-9.0436,-1.9927,-0.0109,-0.6386,-0.1676
1.4945,-9.6950,-1.9160,-0.1311,-0.6653,-0.1882
0.9580,-9.9633,-1.9543,-0.0935,-0.6326,-0.1226
0.6898,-9.6950,-1.8011,0.0024,-0.6508,-0.0425
0.9580,-9.2735,-1.7627,0.0862,-0.6993,0.0643
1.2646,-8.8520,-1.4179,0.1032,-0.7406,0.1627
1.2646,-8.4688,-1.6095,0.0243,-0.7625,0.2100
1.3795,-8.8903,-1.5328,-0.1166,-0.7758,0.2173
1.1496,-9.6567,-1.5711,-0.2416,-0.7880,0.2198
0.8814,-10.2315,-1.6095,-0.3412,-0.8062,0.2015
0.8814,-10.6147,-1.6095,-0.3691,-0.7710,0.2113
0.6514,-10.7680,-1.5711,-0.3363,-0.7686,0.2076
0.3449,-10.8063,-1.1496,-0.2720,-0.8062,0.1967
0.0000,-10.6530,-0.6898,-0.1833,-0.9082,0.1833
-0.1916,-9.9633,-0.7664,-0.1093,-1.0187,0.1870
0.3832,-9.7334,-1.9543,-0.2149,-1.0745,0.1712
1.3795,-10.9979,-2.8740,-0.5755,-1.1377,0.0923
0.7664,-13.6037,-3.9853,-0.8341,-1.2081,-0.0109
0.0766,-14.6384,-4.0236,-0.7236,-1.1789,-0.1117
0.0000,-13.1055,-4.4452,-0.2453,-1.1194,-0.2015
-0.5365,-10.4614,-4.6751,0.1736,-1.1340,-0.2076
-0.9963,-7.8557,-4.4068,0.2999,-1.3404,-0.1967
-0.9197,-5.7097,-3.9470,0.2380,-1.6015,-0.1408
-0.6131,-5.0200,-3.6787,0.1093,-1.7265,-0.0862
0.4598,-5.9396,-3.4105,-0.1275,-1.6573,-0.0935
1.7244,-8.1622,-3.7171,-0.5451,-1.3708,-0.2173
2.4525,-10.8446,-3.8704,-0.8353,-0.9021,-0.3242
2.1076,-13.1822,-4.1386,-0.6726,-0.5027,-0.3193
1.3795,-13.2588,-4.3685,-0.2015,-0.3011,-0.1712
0.5748,-11.5727,-4.0236,0.0959,-0.1930,0.0546
-0.0383,-10.1166,-3.3339,0.1688,-0.1469,0.2076
-0.5365,-9.1586,-2.9123,0.2125,-0.0656,0.2926
-0.5748,-8.4688,-2.9123,0.2987,0.0461,0.2865
-0.2682,-8.5454,-2.3375,0.2890,0.1748,0.2489
-0.1533,-9.3502,-2.3375,0.1724,0.3047,0.2100
-0.4215,-9.8100,-2.6441,0.0036,0.3885,0.1603
-0.4982,-9.8100,-2.4525,-0.0267,0.4419,0.1530
-0.4598,-9.4268,-2.4525,0.0279,0.5694,0.1481
-0.4598,-9.1586,-2.1459,0.0935,0.7030,0.1032
-0.3832,-8.8137,-2.2992,0.1032,0.7564,0.0413
-0.3832,-8.9286,-2.2992,0.0206,0.7686,0.0024
-0.5365,-9.3885,-2.1459,-0.0595,0.8086,-0.0219
-0.5365,-9.8100,-1.9160,-0.0753,0.8705,-0.0352
-0.6514,-10.1549,-2.1459,-0.0571,0.9519,-0.0534
-0.5365,-10.0016,-2.3375,-0.0461,1.0393,-0.0716
-0.6131,-9.6950,-2.6824,-0.0801,1.1073,-0.0741
-0.4982,-10.1166,-3.4871,-0.2550,1.1462,-0.0328
-0.7281,-11.8793,-4.4452,-0.5816,1.2275,0.0546
-0.5365,-14.2935,-4.5218,-0.7212,1.2833,0.1700
0.2299,-14.5617,-4.4068,-0.4286,1.0247,0.2805
1.3029,-12.4158,-4.5601,-0.1105,0.8487,0.2805
1.9160,-10.0016,-4.8284,0.0134,0.9725,0.2185
2.2609,-8.2389,-4.7134,0.0546,1.2409,0.0996
2.5675,-7.0126,-4.3685,0.0498,1.5577,-0.0595
1.9543,-6.1696,-3.8320,0.0389,1.7326,-0.1336
0.4982,-6.7061,-3.7554,-0.0352,1.7265,-0.0595
-0.5748,-8.1622,-3.6021,-0.3460,1.4934,0.0437
-1.1496,-9.9250,-3.3339,-0.6593,1.0660,0.1481
-0.6898,-11.4195,-2.8740,-0.6702,0.5901,0.1251
0.1533,-11.6877,-3.4105,-0.4444,0.3594,0.0097
0.8430,-11.0363,-3.6787,-0.1299,0.2829,-0.0692
1.5711,-9.8483,-3.3722,0.0304,0.2258,-0.0862
1.8777,-9.1202,-2.8357,0.0522,0.1724,-0.0437
1.5711,-8.6221,-2.6058,0.0352,0.0898,0.0170
1.3412,-8.5454,-2.6441,-0.0437,-0.0316,0.0231
0.5365,-9.1202,-2.6058,-0.1469,-0.1724,-0.0352
0.3066,-9.6950,-2.5675,-0.1955,-0.2938,-0.0425
0.1533,-9.7334,-2.2226,-0.1518,-0.3970,-0.0498
0.3832,-9.7717,-1.8777,-0.0510,-0.5027,-0.0134
0.5365,-9.5801,-1.8011,0.0510,-0.6192,0.0607
0.8814,-9.4268,-1.8011,0.0959,-0.7066,0.1275
0.9963,-9.2352,-1.9543,0.0631,-0.7394,0.1761
0.8047,-9.5801,-1.7627,-0.0146,-0.7625,0.2052
0.4982,-9.8483,-1.7627,-0.0461,-0.7977,0.2550
0.3449,-10.1549,-1.2646,0.0668,-0.8450,0.3521
0.6898,-10.4614,-0.9963,0.3060,-0.9325,0.4152
1.2263,-10.0782,-2.8357,0.3460,-0.9057,0.3691
1.6861,-12.4158,-5.5181,-0.2950,-0.8159,0.0510
0.6131,-17.2441,-7.0893,-0.7953,-0.9567,-0.3570
-0.8814,-16.2095,-7.2425,-0.2392,-0.7552,-0.5245
-0.8430,-12.3008,-6.4761,0.5282,-0.5755,-0.4650
-1.2263,-8.0473,-5.4415,0.7346,-0.6180,-0.3521
-1.2646,-5.2116,-4.4068,0.5354,-0.8657,-0.1663
-0.6514,-4.2919,-2.9507,0.3679,-1.1801,-0.0474
0.3066,-5.0583,-2.9890,0.2392,-1.2639,-0.0340
1.7244,-7.1659,-4.2536,-0.0595,-1.0636,-0.1311
2.0693,-9.8483,-4.8667,-0.3885,-0.6156,-0.2890
1.6861,-11.9559,-4.5218,-0.3533,-0.1469,-0.3570
1.5711,-12.1475,-4.0236,-0.0194,0.0643,-0.2258
0.8814,-11.1895,-3.8704,0.1858,0.1578,0.0109
0.4982,-9.8483,-3.8320,0.2550,0.2392,0.1348
0.1150,-9.6184,-4.1003,0.1493,0.1943,0.2623
-0.5365,-8.7370,-2.7591,-0.0170,0.4468,0.3472
-1.0346,-8.4305,-2.3759,0.1056,1.0138,0.2732
-0.6898,-9.1969,-2.6824,0.0801,1.0818,0.1700
-0.3066,-9.5801,-2.6824,0.0607,0.9446,0.0134

