-.-.-
1.1113,-10.3848,-2.3759,-0.4177,0.0243,-0.0267
1.1113,-10.3848,-2.4525,-0.3800,0.0267,-0.0170
1.1879,-10.2698,-2.4908,-0.3302,0.0291,-0.0049
1.1113,-10.2315,-2.7207,-0.3023,0.0243,0.0024
1.1879,-10.2315,-2.5675,-0.3072,0.0206,0.0024
1.1879,-10.1166,-2.7207,-0.3060,0.0219,0.0036
1.1496,-10.1549,-2.7591,-0.2890,0.0231,0.0036
1.1879,-10.2698,-2.7974,-0.2841,0.0231,-0.0049
1.1496,-10.0016,-2.6824,-0.2793,0.0291,-0.0061
1.1113,-10.1166,-2.6824,-0.2708,0.0340,-0.0121
1.1113,-10.0782,-2.8357,-0.2623,0.0364,-0.0097
1.1113,-10.1166,-2.9123,-0.2368,0.0401,-0.0049
1.1879,-10.1166,-3.1423,-0.2137,0.0474,0.0000
1.1496,-9.9250,-3.1806,-0.1979,0.0534,0.0036
1.1879,-10.0782,-3.2572,-0.1748,0.0583,0.0061
1.1113,-9.9633,-3.2189,-0.1493,0.0643,0.0073
1.1496,-9.8866,-3.1423,-0.1408,0.0680,0.0097
1.1496,-10.0016,-3.2189,-0.1457,0.0741,0.0121
1.0346,-9.9250,-3.2189,-0.1421,0.0753,0.0097
1.0730,-10.0399,-3.2572,-0.1421,0.0716,0.0036
1.0346,-9.9633,-3.1806,-0.1299,0.0716,0.0049
1.0346,-10.0782,-3.1423,-0.1178,0.0692,0.0012
1.0346,-10.0399,-3.1806,-0.1117,0.0704,0.0000
0.9963,-10.0016,-3.2955,-0.1117,0.0716,0.0061
1.0346,-10.0399,-3.4871,-0.1044,0.0680,0.0073
1.0730,-10.0782,-3.2955,-0.0935,0.0692,0.0061
1.0730,-10.1549,-3.3339,-0.0801,0.0728,0.0073
1.2263,-10.0782,-3.2189,-0.0546,0.0704,0.0085
1.1113,-10.0016,-3.3339,-0.0461,0.0716,0.0061
1.1496,-9.9633,-3.2955,-0.0425,0.0704,0.0012
1.0730,-9.9633,-3.4488,-0.0376,0.0741,0.0024
1.0730,-9.9633,-3.4105,-0.0267,0.0765,0.0012
1.1113,-10.0016,-3.4488,-0.0219,0.0741,0.0024
1.1496,-10.0782,-3.4871,-0.0206,0.0728,0.0000
1.1496,-10.0016,-3.3722,-0.0158,0.0741,-0.0012
1.0346,-10.0016,-3.2189,-0.0182,0.0716,-0.0024
1.0346,-9.9633,-3.2955,-0.0231,0.0704,-0.0049
1.0730,-10.0782,-3.2189,-0.0255,0.0668,-0.0073
1.1113,-9.9633,-3.2955,-0.0328,0.0668,-0.0109
1.1496,-10.1166,-3.2955,-0.0340,0.0680,-0.0170
1.1496,-10.0782,-3.3339,-0.0279,0.0668,-0.0194
1.0730,-9.8866,-3.3339,-0.0291,0.0643,-0.0182
1.0730,-10.0016,-3.4105,-0.0279,0.0607,-0.0206
1.0730,-9.8100,-3.4488,-0.0231,0.0631,-0.0243
1.1879,-9.9633,-3.2572,-0.0255,0.0631,-0.0219
1.1879,-9.9633,-3.3722,-0.0158,0.0656,-0.0182
1.0730,-10.0016,-3.2955,-0.0158,0.0680,-0.0194
1.1113,-10.0016,-3.5255,-0.0085,0.0716,-0.0170
1.1879,-9.9633,-3.4105,0.0061,0.0765,-0.0109
1.2263,-9.9633,-3.4871,0.0146,0.0801,-0.0097
0.9963,-9.9633,-3.1806,0.0121,0.0777,-0.0146
1.0730,-10.0399,-3.3339,0.0109,0.0789,-0.0170
1.1879,-10.0399,-3.2955,0.0109,0.0813,-0.0182
1.0346,-9.9633,-3.4105,0.0061,0.0801,-0.0146
1.1879,-10.0016,-3.1806,0.0073,0.0801,-0.0109
1.2263,-10.1549,-3.3339,0.0012,0.0789,-0.0097
1.0346,-10.0399,-3.2572,0.0000,0.0801,-0.0073
1.2263,-10.0399,-3.4105,0.0036,0.0765,-0.0061
1.1879,-10.0399,-3.2955,0.0073,0.0753,0.0012
1.1879,-9.9633,-3.1039,0.0036,0.0753,0.0012
1.1879,-10.0399,-3.2572,-0.0036,0.0728,-0.0024
1.2263,-10.1166,-3.2189,0.0000,0.0704,-0.0012
1.2263,-10.0016,-3.3722,0.0036,0.0704,-0.0024
1.1496,-10.0016,-3.3339,0.0049,0.0704,0.0000
1.1113,-10.1166,-3.1423,0.0085,0.0728,0.0012
1.1113,-9.9250,-3.1806,0.0000,0.0741,0.0061
1.1496,-10.0399,-3.2189,-0.0121,0.0716,0.0085
1.1496,-9.9633,-3.3339,-0.0109,0.0692,0.0012
1.0730,-10.0016,-3.2572,-0.0134,0.0716,-0.0012
1.1113,-9.9250,-3.3339,-0.0097,0.0668,0.0000
1.1496,-9.9633,-3.2572,-0.0049,0.0656,0.0049
1.0730,-10.0016,-3.1806,-0.0085,0.0692,0.0036
1.1113,-10.0399,-3.2955,-0.0024,0.0753,0.0036
1.1496,-10.0016,-3.2189,0.0024,0.0741,0.0024
1.1496,-9.9633,-3.2572,0.0024,0.0716,0.0012
1.3029,-10.0782,-3.2955,-0.0012,0.0716,-0.0024
1.2263,-10.0016,-3.2955,0.0000,0.0728,-0.0012
1.1496,-9.8866,-3.1806,0.0012,0.0753,0.0024
1.1496,-10.0016,-3.2572,0.0012,0.0789,0.0061
1.1879,-10.0782,-3.1423,-0.0024,0.0777,0.0061
1.0346,-10.0016,-3.2955,-0.0121,0.0741,0.0049
1.1113,-9.9250,-3.2572,0.0000,0.0765,0.0049
1.1496,-9.9633,-3.3722,0.0036,0.0753,0.0049
1.0730,-10.0399,-3.2955,0.0073,0.0741,0.0012
1.1113,-10.0399,-3.2189,0.0085,0.0716,0.0000
1.1113,-9.9633,-3.2189,0.0000,0.0704,-0.0024
1.1113,-10.0399,-3.2189,0.0000,0.0692,-0.0024
1.1879,-10.0782,-3.2189,0.0036,0.0668,-0.0036
1.1496,-10.0399,-3.2189,0.0049,0.0668,-0.0024
1.1496,-10.0399,-3.2572,0.0049,0.0680,-0.0049
1.2263,-10.0399,-3.2189,0.0061,0.0704,-0.0036
1.1879,-10.1166,-3.1806,0.0012,0.0668,0.0024
1.3029,-10.0399,-3.1423,0.0061,0.0692,0.0024
1.1113,-9.9633,-3.2572,0.0000,0.0741,0.0024
1.1879,-10.0399,-3.2189,-0.0024,0.0753,0.0061
1.1879,-10.1166,-3.0656,0.0012,0.0741,0.0085
1.1879,-10.0399,-3.1039,0.0024,0.0741,0.0061
1.0730,-10.0016,-3.2572,0.0000,0.0765,0.0036
0.9963,-9.9633,-3.2189,-0.0049,0.0741,0.0012
1.0730,-10.0016,-3.1039,-0.0085,0.0716,0.0036
1.1496,-10.0399,-3.1423,-0.0085,0.0728,0.0024
1.0730,-10.0399,-3.3339,-0.0061,0.0741,0.0012
1.1113,-9.9633,-3.1806,-0.0049,0.0704,0.0000
1.1113,-10.0399,-3.2955,-0.0049,0.0692,-0.0012
1.1496,-9.9633,-3.2572,-0.0012,0.0692,0.0012
1.1113,-10.0399,-3.1423,-0.0024,0.0692,-0.0024
1.1113,-9.9250,-3.1039,-0.0073,0.0692,0.0000
1.1496,-10.0782,-3.2955,-0.0109,0.0692,-0.0012
1.1496,-10.0399,-3.1806,-0.0097,0.0728,0.0012
1.0346,-10.1166,-3.0656,-0.0085,0.0716,0.0012
1.1113,-10.0016,-3.1423,-0.0061,0.0716,0.0000
1.1496,-10.0016,-3.2189,-0.0073,0.0692,-0.0024
1.0730,-10.0016,-3.1039,-0.0134,0.0668,-0.0024
1.1496,-10.0016,-3.2955,-0.0109,0.0716,-0.0024
1.1879,-10.0016,-3.0656,-0.0182,0.0716,-0.0024
0.9963,-10.0782,-3.1423,-0.0182,0.0716,0.0012
1.1113,-10.0399,-3.0656,-0.0085,0.0765,0.0036
1.1113,-10.0399,-3.0656,-0.0109,0.0753,0.0036
1.0730,-10.0399,-3.1423,-0.0194,0.0716,0.0000
1.1496,-10.0399,-3.1806,-0.0255,0.0680,-0.0049
1.0730,-10.1166,-3.1806,-0.0291,0.0692,-0.0036
1.0346,-10.0016,-3.1806,-0.0316,0.0680,-0.0012
1.1113,-10.0782,-3.0273,-0.0328,0.0680,-0.0024
1.1496,-10.1166,-3.1039,-0.0328,0.0692,-0.0049
1.1496,-10.0782,-3.2572,-0.0291,0.0692,-0.0073
1.0346,-10.0016,-3.2189,-0.0255,0.0704,-0.0073
1.1879,-9.9633,-3.0656,-0.0243,0.0704,-0.0073
1.2263,-10.0399,-3.0273,-0.0291,0.0716,-0.0085

