-.-.-
-0.0766,-9.0436,-0.6898,-0.0716,0.9968,0.1748
0.0000,-8.5838,-0.4215,-0.0826,1.0332,0.1530
0.1916,-8.2005,-0.8814,-0.1178,1.0599,0.1384
0.0000,-8.2389,-0.8814,-0.1809,1.0660,0.1032
-0.1533,-8.5071,-1.2646,-0.2598,1.0527,0.0643
-0.1916,-8.5838,-2.4142,-0.3667,0.9968,0.0049
-1.4945,-10.5764,-2.6441,-0.4395,0.8778,-0.0134
1.3412,-12.3391,-0.3449,-0.1408,1.1158,-0.0304
2.4142,-9.9250,-3.1039,-0.0243,1.2093,-0.0510
0.6514,-9.8866,-4.1769,-0.2780,1.2906,0.0194
0.0000,-10.5381,-3.8704,-0.4249,1.3416,0.0716
0.7664,-10.1549,-3.1423,-0.4407,1.2263,-0.0085
1.9543,-8.7370,-3.2572,-0.4589,1.1656,-0.1056
1.7627,-7.9323,-3.3722,-0.5112,1.2032,-0.1591
0.4598,-8.0856,-2.4908,-0.5634,1.1182,-0.1773
0.0766,-8.7370,-1.5328,-0.4954,0.8548,-0.2355
0.7664,-9.0053,-1.8011,-0.3970,0.5585,-0.3618
1.4562,-8.8520,-2.0310,-0.3703,0.3157,-0.5063
0.9580,-7.9706,-2.6824,-0.4322,0.1238,-0.5828
1.8011,-7.0509,-3.2189,-0.5719,0.0194,-0.5998
2.3759,-7.0509,-3.5255,-0.7394,-0.0073,-0.6301
2.5291,-7.3958,-3.1806,-0.8851,0.0109,-0.6326
2.7591,-7.7790,-3.0656,-0.9312,0.0583,-0.6034
2.7207,-7.7790,-3.1423,-1.0126,0.1591,-0.5961
2.0693,-7.2425,-3.3339,-1.1777,0.1943,-0.6532
2.0310,-7.1276,-3.4871,-1.3283,0.2270,-0.7006
1.8777,-7.4341,-3.4105,-1.5031,0.1566,-0.7127
1.4562,-7.4725,-3.8704,-1.7556,-0.0704,-0.7418
1.5711,-7.7407,-4.2152,-1.9827,-0.1736,-0.8074
1.9160,-9.0053,-2.8357,-2.0713,-0.2283,-0.8548
1.1113,-10.1166,-3.2189,-1.9135,-0.3570,-0.8693
1.0730,-10.8830,-3.0656,-1.6464,-0.2902,-0.8948
2.6824,-10.6530,-1.7627,-1.6707,0.0243,-0.7649
4.7517,-13.2971,1.1113,-1.7848,0.4832,-0.6241
8.2772,-15.4814,-4.9816,-1.5286,0.6022,-0.3339
7.8173,-14.2552,-12.4541,-0.2100,1.5917,-0.2987
5.5948,-6.6677,-10.5764,0.6508,1.9147,0.1020
2.4525,-5.3265,-9.6184,0.6993,1.5553,0.3812
1.4562,-3.6021,-10.4998,0.8790,0.9397,0.5403
2.9123,-2.1076,-8.9286,0.7965,0.4492,0.5949
5.4415,-1.2263,-8.4305,0.5925,0.1408,0.4784
7.2809,-1.5711,-7.7407,0.4517,0.1918,0.2768
7.3958,-2.8357,-7.3958,0.3740,0.4735,0.2647
6.3612,-3.4871,-8.6604,0.3557,0.4990,0.3266
6.9743,-3.5255,-7.7407,0.4687,0.5621,0.4007
7.3192,-4.4068,-6.1313,0.5039,0.7030,0.4917
6.8593,-5.2882,-6.6294,0.5160,0.8985,0.6010
6.0929,-5.1732,-5.8630,0.5549,0.9543,0.6034
4.9050,-5.1349,-6.1696,0.5269,0.9422,0.5585
4.9050,-4.9433,-5.9013,0.5634,0.9616,0.5354
4.8667,-5.9780,-5.1732,0.5379,0.9094,0.5087
4.0236,-6.5145,-4.6751,0.6532,0.7418,0.3120
4.8667,-6.0163,-4.4068,0.6034,0.6374,0.1518
6.6677,-6.4378,-4.7134,0.5014,0.6848,0.1178
7.4341,-6.4378,-5.2882,0.4990,0.7843,0.1421
6.8210,-6.7061,-5.4032,0.5039,0.9555,0.0947
5.3648,-6.6677,-5.3265,0.4881,0.9701,-0.0267
5.0200,-6.4761,-5.4415,0.4286,0.8790,-0.1032
5.4032,-6.6294,-5.2882,0.3995,0.8293,-0.1287
5.1732,-6.4761,-5.1732,0.4067,0.7248,-0.1627
4.4452,-6.2462,-4.7900,0.3351,0.5269,-0.1979
4.6368,-6.8210,-5.0200,0.3047,0.3606,-0.2489
5.1349,-7.2809,-4.9050,0.3594,0.2890,-0.2805
5.4798,-7.0126,-4.8667,0.3897,0.3072,-0.2865
4.9816,-6.8593,-4.8667,0.3946,0.2987,-0.3266
4.5984,-6.8977,-4.6368,0.4189,0.2562,-0.3679
4.5984,-7.2425,-4.1386,0.4735,0.2465,-0.4067
5.0200,-7.0893,-3.9853,0.5391,0.3230,-0.4395
4.7517,-7.0893,-3.5638,0.5949,0.3922,-0.4844
3.9087,-6.9360,-3.3339,0.6229,0.4577,-0.5379
3.6787,-6.5911,-3.5255,0.6581,0.5160,-0.5658
3.2572,-6.5528,-3.1039,0.7030,0.5670,-0.6095
2.5675,-6.7444,-3.1423,0.7843,0.5658,-0.6799
2.1459,-6.4378,-2.9123,0.8681,0.5512,-0.7528
2.8740,-6.0929,-2.6441,0.9167,0.6544,-0.7855
3.2955,-5.9396,-2.2992,0.9580,0.7455,-0.8596
2.3375,-5.9780,-2.1843,0.9968,0.7940,-0.9446
1.5711,-5.0966,-2.1076,1.0769,0.7928,-1.0454
1.6861,-4.1386,-1.9927,1.1207,0.8596,-1.1449
1.8011,-3.8704,-1.7627,1.1304,0.9240,-1.2287
2.1076,-3.3339,-1.8777,1.0587,0.8960,-1.3441
2.4142,-2.4908,-1.6861,1.0442,1.0357,-1.4594
2.6824,-1.9160,-1.1113,1.0029,1.2603,-1.6075
3.2572,-1.8394,-0.6514,0.9519,1.5043,-1.7241
3.5638,-1.5328,-0.3449,0.8754,1.7909,-1.7945
3.2189,-1.2646,-0.5365,0.8183,2.1636,-1.8649
2.9890,-0.6514,-0.0766,0.7406,2.4295,-1.9159
3.4105,-0.8814,0.1533,0.5585,2.7160,-1.8989
4.2536,-1.9543,0.3449,0.1870,3.2855,-1.7399
8.1622,-5.7864,2.1459,0.2586,3.9399,-1.6974
13.2971,-11.9559,8.1622,1.0624,4.8189,-1.7811
38.8568,-21.8426,27.5140,2.5327,6.1023,-2.0203
48.6668,-21.9959,43.7235,3.6206,7.4755,-2.5946
4.6751,3.7171,13.4121,3.4130,3.7723,-2.2522
10.9979,4.9433,11.2279,2.4550,2.5594,-1.9366
11.7643,2.2992,6.3612,1.4910,2.4295,-0.5439
4.9050,-5.4415,7.4341,0.6010,2.2814,0.7516
1.7627,-1.9927,4.9050,1.0988,1.8637,0.7370
7.6257,3.6787,4.7900,0.6641,3.1082,0.1360
0.4598,3.4488,4.1003,0.0911,4.4025,0.1202
-3.7171,2.2226,5.1349,0.4517,3.9168,0.3485
-2.6441,3.7171,5.8247,0.8098,3.1604,0.3788
0.0766,7.5874,6.7444,0.8900,2.8763,0.3727
-1.7244,7.2042,8.6604,0.2817,1.9086,0.4347
-1.4179,2.2992,8.4688,-0.1870,1.0381,0.1323
-1.5328,-0.0766,7.8557,-0.2829,1.0308,-0.0522
-2.2226,1.1113,7.9706,-0.3230,0.8766,0.1712
-3.6404,1.7244,8.8520,-0.2732,0.8426,0.2368
-4.9050,1.1113,10.2315,-0.2428,0.6156,0.1178
-5.9396,0.4982,11.6111,-0.3120,0.2525,-0.0559
-5.5948,0.3066,11.6494,-0.4565,-0.0194,-0.1821
-5.7864,0.7664,11.3428,-0.5913,0.1918,-0.1712
-5.0966,-0.0383,12.7990,-0.6107,0.1396,-0.1906
-3.4488,-1.9927,13.2588,-0.5634,-0.2283,-0.3169
-1.5328,-2.4525,12.1092,-0.4334,-0.4019,-0.4310
0.1150,-0.5748,11.0746,-0.3740,-0.3533,-0.4553
2.1843,0.6514,9.8866,-0.4492,-0.3667,-0.5184
3.1039,0.4215,9.0053,-0.3958,-0.2890,-0.6253
2.2992,-0.3066,8.6604,-0.2574,-0.3897,-0.6933
2.2226,0.0766,8.9670,-0.1020,-0.2817,-0.7018
2.1459,0.7281,8.9286,-0.2987,-0.1542,-0.6496
1.1496,0.9197,8.2389,-0.5221,-0.1129,-0.5682
0.8814,-0.8047,8.3921,-0.7892,0.0643,-0.2501
1.2263,-4.2536,10.1549,-0.5743,0.0716,0.0728
1.6478,-6.3229,10.0016,-0.0510,-0.2234,0.1724
2.3759,-5.4798,9.6950,0.2938,-0.3132,-0.0109
2.5675,-3.3339,8.1239,0.4067,-0.4007,-0.3861
2.4908,-2.8740,6.3229,0.2878,-0.3351,-0.4602

