-.-.-
8.1622,-3.0656,4.2152,-0.1202,-0.0073,0.0959
8.3155,-3.4488,4.4835,-0.0862,0.0826,0.0826
7.9706,-3.5638,5.1349,-0.0522,0.1226,0.0838
7.7790,-3.0656,4.9816,-0.1068,0.0668,0.1129
7.5874,-2.8740,4.8667,-0.0983,0.0401,0.1615
7.7407,-2.9123,4.9433,-0.0862,0.0838,0.1797
7.8173,-3.1423,5.1349,-0.1238,0.0898,0.1748
7.7407,-3.1423,5.4798,-0.1603,0.0801,0.1627
7.7407,-3.2955,5.1349,-0.1991,0.0498,0.1603
7.4341,-3.2189,4.7517,-0.1542,0.0826,0.1700
7.7407,-3.6787,4.9433,-0.1214,0.1554,0.1578
7.7407,-3.9087,5.1732,-0.1214,0.1469,0.1336
7.5491,-3.8320,5.0966,-0.1263,0.0668,0.1214
7.3575,-3.6787,4.8284,-0.0801,0.1008,0.1044
7.2425,-3.8704,5.2499,-0.0401,0.1663,0.0777
7.3575,-3.8704,5.2499,-0.0316,0.1493,0.0850
7.1276,-3.7937,4.9433,-0.0461,0.1105,0.1190
7.3958,-4.0236,4.7517,0.0012,0.1299,0.1384
8.3921,-3.9470,5.0583,0.0049,0.2137,0.1493
7.8940,-4.0620,4.5218,-0.0777,0.1833,0.1433
7.3958,-4.2536,4.5984,0.0024,0.2404,0.1105
7.3192,-4.2536,4.8667,0.0850,0.2793,0.0813
7.0509,-4.2152,5.1349,0.0923,0.3570,0.0643
6.6294,-4.8284,5.1349,0.1093,0.2950,0.0571
6.6294,-4.8667,5.3265,0.1639,0.2161,0.0267
6.5911,-4.5218,5.4415,0.2088,0.1676,0.0085
6.5528,-4.3685,5.4032,0.1748,0.1299,-0.0061
6.7827,-4.2919,5.5181,0.1251,0.0850,-0.0231
6.8210,-4.1003,5.4415,0.1251,0.0486,-0.0340
6.9360,-4.1003,5.5564,0.1457,0.0206,-0.0413
6.9360,-3.7554,5.2116,0.1858,0.0243,-0.0534
7.2809,-3.4871,5.2882,0.2210,0.0437,-0.0595
7.3575,-3.4105,5.3648,0.2538,0.0486,-0.0668
7.2809,-3.3339,5.5564,0.2477,0.0559,-0.0607
7.3575,-3.3722,5.6331,0.1761,0.0704,-0.0498
7.4725,-3.3722,5.4798,0.1020,0.0643,-0.0389
7.4341,-3.5255,5.4798,0.1020,0.0510,-0.0304
7.3575,-3.7554,5.4032,0.1238,0.0546,-0.0340
7.0509,-3.6787,5.2882,0.1117,0.0571,-0.0243
7.0893,-3.7171,5.4798,0.0328,0.0668,-0.0109
6.9360,-3.9087,5.4798,-0.0328,0.0607,0.0085
6.9743,-4.0236,5.4032,0.0182,0.0546,0.0085
6.8210,-4.1003,5.4032,0.1044,0.0765,0.0024
6.8977,-4.0620,5.4415,0.1153,0.0656,0.0085
7.0126,-3.9470,5.4798,0.1408,0.0753,0.0121
7.0509,-3.8704,5.2882,0.1712,0.0838,0.0061
7.0893,-3.9470,5.6331,0.1894,0.0571,0.0049
7.0893,-3.9087,5.9013,0.1481,-0.0049,-0.0061
6.8977,-3.7554,5.4798,0.1348,-0.0255,-0.0097
7.2809,-3.6404,5.6331,0.1991,0.0134,-0.0170
7.0509,-3.6404,5.4415,0.2574,0.0643,-0.0194
7.0126,-3.6787,5.5948,0.2477,0.0862,-0.0085
7.0126,-3.6404,5.6714,0.2137,0.0643,0.0061
7.0893,-3.4488,5.6331,0.1979,0.0376,0.0121
7.2042,-3.6787,5.6331,0.1785,0.0340,0.0194
7.0893,-3.6404,5.7480,0.1348,0.0340,0.0024
6.9743,-3.6021,5.6331,0.1226,0.0425,-0.0085
7.0509,-3.6021,5.8247,0.1226,0.0522,-0.0073
7.0509,-3.6787,5.7480,0.1226,0.0619,-0.0061
6.9743,-3.5638,5.6714,0.1202,0.0692,-0.0073
7.0509,-3.6404,5.7097,0.1129,0.0716,0.0012
6.9743,-3.6787,5.7864,0.0874,0.0583,0.0012
7.0893,-3.6021,5.8630,0.0838,0.0595,-0.0024
6.9743,-3.6404,5.7097,0.0838,0.0510,-0.0061
7.0126,-3.7171,5.9013,0.0874,0.0401,-0.0036
6.9743,-3.6787,5.8630,0.1068,0.0389,-0.0049
6.8977,-3.6404,5.8247,0.1153,0.0401,-0.0049
6.8593,-3.6021,5.9013,0.0983,0.0401,0.0000
6.8593,-3.7171,5.7864,0.0765,0.0316,-0.0012
6.9743,-3.6404,5.8630,0.0704,0.0206,0.0049
6.8977,-3.6021,5.7480,0.0680,0.0206,0.0061
6.9743,-3.5638,5.7480,0.0753,0.0219,0.0000
6.9360,-3.4871,5.7480,0.0741,0.0158,-0.0036
6.8593,-3.5255,5.7864,0.0741,0.0170,-0.0049
6.8977,-3.6021,5.7480,0.0680,0.0206,-0.0012
6.9743,-3.6404,5.8247,0.0631,0.0219,-0.0024
6.9743,-3.5255,5.7480,0.0522,0.0182,-0.0085
6.9360,-3.6021,5.6714,0.0534,0.0146,-0.0085
6.8977,-3.6787,5.7480,0.0461,0.0073,-0.0121
6.8593,-3.8704,5.7480,0.0328,-0.0061,-0.0134
6.9360,-3.7171,5.6331,0.0571,-0.0085,-0.0182
7.0509,-3.5255,5.7480,0.0923,0.0061,-0.0158
6.8977,-3.5255,5.8247,0.0789,0.0182,-0.0158
6.8977,-3.6021,5.8630,0.0364,0.0109,-0.0219
6.9360,-3.6404,5.8247,0.0134,-0.0012,-0.0206
6.9360,-3.6021,5.8247,0.0231,-0.0024,-0.0194
6.9360,-3.6021,5.5564,0.0340,-0.0012,-0.0170
6.9360,-3.6404,5.5564,0.0304,-0.0061,-0.0219
6.9743,-3.5255,5.7480,0.0206,-0.0012,-0.0194
6.8593,-3.6021,5.7480,0.0085,0.0049,-0.0121
6.8593,-3.6021,5.6714,0.0085,0.0073,-0.0085
7.0126,-3.7554,5.5948,0.0182,0.0061,-0.0073
6.8593,-3.6787,5.8247,0.0316,0.0097,-0.0097
7.0509,-3.6787,5.6331,0.0291,0.0109,-0.0134
7.1276,-3.7937,5.7864,0.0267,0.0109,-0.0146
6.8977,-3.6021,5.7097,0.0182,0.0036,-0.0158
6.9360,-3.6787,5.8630,0.0036,-0.0061,-0.0194
6.9743,-3.7554,5.7864,-0.0024,-0.0085,-0.0194
6.9360,-3.7554,6.1696,0.0012,-0.0109,-0.0182
6.8977,-3.7171,5.7864,-0.0012,-0.0134,-0.0194
6.9743,-3.7171,5.7097,0.0012,-0.0182,-0.0194
7.0126,-3.7171,5.7480,0.0061,-0.0219,-0.0231
6.8977,-3.7171,5.7097,-0.0036,-0.0267,-0.0243
7.0509,-3.6787,5.5948,-0.0206,-0.0340,-0.0255
7.0126,-3.6787,5.7097,-0.0146,-0.0364,-0.0255
7.0893,-3.6787,5.5948,0.0000,-0.0340,-0.0291
6.9360,-3.6787,5.5181,0.0097,-0.0206,-0.0279
7.0893,-3.7937,5.5948,0.0109,-0.0073,-0.0219
6.8977,-3.7171,5.6714,0.0194,-0.0085,-0.0206
7.0893,-3.5638,5.4798,0.0291,-0.0073,-0.0231
7.1659,-3.7171,5.4798,0.0267,-0.0036,-0.0194
7.0126,-3.7937,5.5948,0.0340,-0.0061,-0.0194
7.0126,-3.7554,5.5181,0.0643,-0.0061,-0.0194
6.9743,-3.7171,5.4415,0.1056,0.0134,-0.0134
6.9360,-3.7171,5.5564,0.1190,0.0449,-0.0049
6.9360,-3.7171,5.6331,0.1153,0.0571,-0.0012
7.0126,-3.7171,5.8630,0.1190,0.0413,0.0000
7.1276,-3.6021,5.6714,0.1129,0.0231,-0.0061
7.0126,-3.7554,5.5564,0.1166,0.0231,-0.0073
7.0509,-3.7937,5.5564,0.1202,0.0316,-0.0024
6.9743,-3.6787,5.6714,0.1202,0.0364,0.0012
7.0126,-3.7554,5.7097,0.1190,0.0364,0.0000
6.8977,-3.7171,5.7864,0.1275,0.0389,0.0000
6.9360,-3.7171,5.7480,0.1287,0.0413,0.0024
7.0126,-3.7171,5.5181,0.1238,0.0437,0.0024
7.0126,-3.5638,5.5564,0.1141,0.0474,0.0024
7.0126,-3.6787,5.6714,0.1081,0.0474,-0.0024
7.1659,-3.6787,5.7864,0.1226,0.0437,-0.0049

