-.-.-
-9.8483,0.2682,-4.3302,-0.4662,1.2336,0.3230
-10.3465,0.0000,-4.4835,-0.3885,0.9932,0.2137
-10.6530,-0.5365,-4.7134,-0.2550,0.7431,0.1918
-10.7297,-0.3449,-5.2882,-0.1287,0.4905,0.2829
-10.7297,-0.4982,-5.3648,0.0376,0.2234,0.4201
-10.1549,0.0383,-4.9050,0.2003,0.0728,0.4844
-9.4651,1.3029,-4.3685,0.2610,0.0340,0.3825
-9.1202,2.1076,-4.2919,0.1238,-0.0425,0.2088
-9.2352,1.7627,-4.3685,-0.0959,-0.2137,0.1408
-9.5418,0.9963,-4.2919,-0.1384,-0.3873,0.1020
-10.2315,0.6514,-4.4068,-0.0595,-0.5002,0.0170
-10.2698,0.0000,-4.5601,-0.0085,-0.6690,0.0668
-10.3082,0.5365,-4.2152,-0.0097,-0.7843,0.1008
-10.0782,0.7664,-3.4871,-0.0376,-0.7370,0.0486
-10.0399,0.8814,-3.6021,-0.0012,-0.7151,-0.0097
-10.1549,0.7664,-3.4871,0.0376,-0.8013,-0.0486
-10.1166,0.8047,-3.1806,0.0522,-0.8803,-0.0850
-10.0782,0.6898,-2.9890,0.0376,-0.8997,-0.1275
-10.2315,0.3449,-2.7207,0.0219,-0.8645,-0.1518
-10.0016,0.0383,-2.4142,0.0194,-0.7892,-0.1311
-9.9250,0.1150,-2.1076,0.0158,-0.6908,-0.0947
-9.7717,0.1533,-1.9927,-0.0085,-0.6144,-0.0741
-9.5801,0.2682,-1.7627,-0.0486,-0.5719,-0.0741
-9.5034,0.2682,-1.7244,-0.0947,-0.5488,-0.0777
-9.7334,0.2682,-1.6095,-0.0983,-0.5209,-0.0765
-9.9250,0.1150,-1.5711,-0.0777,-0.4784,-0.0619
-9.9633,0.0000,-1.3029,-0.0461,-0.4067,-0.0352
-10.2315,0.3066,-1.4562,-0.0061,-0.3351,-0.0304
-6.6294,1.6861,-3.6021,0.3327,-0.5646,0.0304
-9.8866,-0.0383,-0.9963,-0.0668,-0.2841,0.0170
-9.9250,0.2299,-0.9580,0.0085,-0.1591,0.0073
-9.7717,0.3449,-1.3029,-0.0073,-0.0971,0.0194
-9.7334,0.2682,-1.5328,-0.0085,-0.0971,0.0340
-9.8483,0.3832,-0.9963,-0.0170,-0.1081,0.0316
-9.8100,0.1916,-1.1113,-0.0121,-0.0862,0.0316
-9.8100,0.1150,-1.0346,0.0024,-0.0340,0.0364
-9.6567,0.2682,-0.9963,0.0134,0.0231,0.0364
-9.7717,0.2299,-1.1879,0.0061,0.0619,0.0389
-9.8866,0.3066,-1.1879,-0.0061,0.0886,0.0425
-9.8483,0.1916,-1.0346,-0.0206,0.1238,0.0437
-9.8866,0.2299,-1.1879,-0.0182,0.1493,0.0461
-9.9633,0.3066,-1.2646,-0.0194,0.1712,0.0340
-9.9633,0.4982,-1.4179,-0.0170,0.1882,0.0206
-9.9633,0.4982,-1.4179,-0.0219,0.2040,0.0121
-9.9633,0.6514,-1.2263,-0.0401,0.2052,0.0097
-10.0016,0.3066,-1.4562,-0.0486,0.2076,0.0085
-10.0016,0.4215,-1.6095,-0.0413,0.2149,0.0012
-10.1166,0.3449,-1.6861,-0.0364,0.2173,-0.0024
-10.0782,0.3449,-1.6478,-0.0461,0.2149,-0.0061
-10.1166,0.3449,-1.7244,-0.0559,0.2052,-0.0109
-10.1549,0.4598,-1.8394,-0.0631,0.1943,-0.0121
-9.9633,0.3066,-1.7244,-0.0656,0.1724,-0.0012
-9.9250,0.3449,-1.9160,-0.0716,0.1578,0.0036
-10.1166,0.3066,-1.9927,-0.0704,0.1421,0.0000
-10.1166,0.2299,-1.9160,-0.0741,0.1251,-0.0024
-10.1932,0.3066,-1.8394,-0.0753,0.1105,0.0012
-10.1932,0.3832,-2.1076,-0.0741,0.0996,0.0073
-10.0016,0.3066,-1.9543,-0.0704,0.0813,0.0109
-10.1166,0.3832,-2.0693,-0.0631,0.0607,0.0170
-10.0782,0.4982,-1.9927,-0.0583,0.0340,0.0121
-10.0399,0.3066,-1.8011,-0.0534,0.0061,0.0085
-10.1166,0.3832,-2.0693,-0.0546,-0.0134,0.0049
-10.0016,0.3066,-1.9160,-0.0486,-0.0231,0.0024
-10.0782,0.3449,-2.0310,-0.0474,-0.0255,-0.0024
-10.0782,0.4598,-1.8394,-0.0486,-0.0267,0.0000
-10.0782,0.3832,-1.7627,-0.0498,-0.0243,0.0000
-10.0016,0.4215,-1.9927,-0.0461,-0.0316,-0.0012
-9.9633,0.3449,-1.8011,-0.0449,-0.0364,-0.0073
-9.9250,0.5748,-1.8777,-0.0474,-0.0401,-0.0109
-10.0016,0.3832,-1.9160,-0.0498,-0.0461,-0.0097
-10.0016,0.3832,-1.7627,-0.0546,-0.0498,-0.0073
-9.9250,0.4598,-1.8777,-0.0559,-0.0474,-0.0073
-10.0399,0.3449,-1.8777,-0.0571,-0.0449,-0.0085
-9.9250,0.3832,-1.7244,-0.0522,-0.0437,-0.0061
-9.9633,0.2682,-1.8394,-0.0522,-0.0449,-0.0049
-9.9633,0.3449,-1.7244,-0.0498,-0.0401,-0.0024
-9.9250,0.1916,-1.8394,-0.0461,-0.0425,-0.0049
-9.9250,0.4215,-1.8011,-0.0498,-0.0352,-0.0012
-10.0016,0.3832,-1.7244,-0.0534,-0.0328,0.0036
-10.0399,0.4215,-1.6478,-0.0522,-0.0304,0.0036
-10.0016,0.4215,-1.6861,-0.0486,-0.0279,0.0012
-10.1932,0.3449,-1.5711,-0.0546,-0.0267,0.0049
-9.9633,0.3832,-1.4945,-0.0559,-0.0194,0.0061
-10.0782,0.2682,-1.6095,-0.0461,-0.0073,0.0061
-10.0016,0.2682,-1.6478,-0.0498,0.0146,0.0024
-10.0016,0.4215,-1.6478,-0.0522,0.0279,0.0000
-9.8100,0.3066,-1.7244,-0.0498,0.0376,-0.0024
-10.0399,0.2682,-1.7244,-0.0437,0.0389,0.0000
-10.0782,0.3832,-1.6095,-0.0376,0.0376,-0.0012
-10.1932,0.5365,-1.6861,-0.0376,0.0389,-0.0036
-10.0016,0.3832,-1.6861,-0.0449,0.0413,-0.0036
-9.9633,0.3066,-1.6095,-0.0498,0.0437,-0.0036
-10.1932,0.3832,-1.5711,-0.0522,0.0461,-0.0024
-10.0399,0.3066,-1.6861,-0.0510,0.0437,-0.0036
-10.1166,0.3066,-1.8394,-0.0522,0.0352,-0.0036
-10.0016,0.4215,-1.5711,-0.0522,0.0316,-0.0049
-10.0016,0.3449,-1.6478,-0.0486,0.0376,-0.0061
-10.0016,0.4598,-1.7627,-0.0510,0.0461,-0.0036
-9.9250,0.3449,-1.6095,-0.0534,0.0510,-0.0061
-9.9633,0.3066,-1.7244,-0.0522,0.0522,-0.0049
-10.1549,0.3449,-1.8011,-0.0486,0.0498,-0.0073
-10.0399,0.2682,-1.6095,-0.0425,0.0498,-0.0109
-10.0782,0.3832,-1.6478,-0.0389,0.0498,-0.0109
-10.0016,0.3066,-1.8011,-0.0376,0.0498,-0.0121
-10.0016,0.4598,-1.7244,-0.0413,0.0449,-0.0121
-9.9633,0.3066,-1.6861,-0.0437,0.0255,-0.0036
-9.9633,0.3449,-1.8011,-0.0474,0.0085,-0.0036
-10.0782,0.3449,-1.8394,-0.0425,-0.0109,-0.0036
-9.9250,0.3449,-1.4562,-0.0376,-0.0206,-0.0036
-10.0016,0.3449,-1.7244,-0.0304,-0.0158,0.0000
-10.1166,0.3449,-1.6861,-0.0364,0.0000,-0.0012
-9.9633,0.3066,-1.5711,-0.0486,0.0194,0.0012
-9.8866,0.3449,-1.6861,-0.0498,0.0304,0.0012
-9.9250,0.3066,-1.6478,-0.0389,0.0243,0.0012
-10.0782,0.3832,-1.6478,-0.0291,0.0158,0.0024
-9.9250,0.3449,-1.9160,-0.0243,0.0097,0.0012
-10.1549,0.7281,-1.8011,-0.0291,0.0109,-0.0024
-10.0016,0.4598,-1.6095,-0.0364,0.0121,-0.0049
-9.9250,0.5365,-1.8394,-0.0449,0.0134,-0.0073
-10.0782,0.3066,-1.8394,-0.0534,0.0134,-0.0097
-9.9633,0.3449,-1.8394,-0.0631,0.0146,-0.0073
-9.9633,0.3449,-1.6095,-0.0716,0.0158,-0.0109
-10.0399,0.3066,-1.8011,-0.0656,0.0231,-0.0121
-10.0399,0.2682,-1.7244,-0.0607,0.0279,-0.0109
-10.1166,0.6131,-1.4945,-0.0571,0.0291,-0.0061
-9.9633,0.4598,-1.6095,-0.0571,0.0291,-0.0049
-9.9633,0.3449,-1.8394,-0.0546,0.0291,-0.0085
-9.9633,0.3832,-1.7627,-0.0498,0.0316,-0.0073

