-.-.-
2.8740,-7.2425,0.9963,1.1207,-0.0340,0.0049
-0.1533,-9.3118,2.0693,1.8698,-0.7333,0.2113
-2.6058,-6.3995,-2.9890,2.1199,-1.4861,0.7018
-3.0656,-2.1076,-10.3848,2.0956,-1.1704,1.4181
0.5748,-6.7444,-9.6567,1.5505,0.0826,1.4157
7.4341,-15.2898,0.0000,1.1935,1.2797,0.1724
4.7517,-12.7607,-0.8814,1.4521,1.7702,-0.6059
7.0893,-7.4725,-3.4488,2.6395,1.9390,-0.6848
-1.5711,5.3265,1.3029,3.6886,1.9451,0.4055
-2.3375,3.1039,1.5328,2.7075,-0.2392,2.0155
-2.3759,-2.5675,-1.6861,3.0936,-0.3472,2.7003
-5.2882,-6.3995,-3.4488,3.4045,0.4905,2.8047
-1.2646,-7.8940,0.4982,3.9800,0.5597,1.7204
1.1496,-16.5927,19.4667,4.2847,0.3132,0.2052
-38.5502,-59.3582,39.3933,5.5462,-0.4371,-0.2756
-26.1728,-82.1204,22.6856,0.8414,-2.7136,2.5533
11.2279,-40.0830,-1.5711,7.2144,-0.6423,4.1694
8.3921,-9.7334,-1.8394,4.8857,-0.5184,2.5339
10.6147,16.0945,-3.2189,3.6157,-1.2324,1.4970
10.4614,19.8882,0.4215,2.7039,-1.1340,1.2226
0.9963,4.9433,-9.8866,5.2366,-0.5087,0.6556
1.1496,2.4525,0.1150,3.6011,-0.0595,0.5488
-4.6751,-2.9507,14.3318,2.9139,-0.1967,0.8013
-14.2168,0.9963,6.9360,3.4797,-0.9689,1.0599
-6.7444,5.9396,8.3538,2.5995,-1.3878,1.3101
-4.3685,9.6567,13.4888,3.2976,-1.7933,1.2105
-1.4562,15.1365,15.2132,3.1301,-1.7945,1.0065
2.9507,17.0142,12.4158,1.9305,-1.4218,0.5925
2.8740,17.4357,10.1166,0.4322,-1.1486,-0.0874
1.6861,13.5271,9.1202,-1.2433,-0.7516,-0.8050
-1.4945,6.2845,9.0053,-1.5553,-0.5925,-0.7916
0.4982,1.3029,6.5911,-0.5646,-0.7042,-0.4262
0.2299,0.8814,2.7974,0.3060,-0.9737,-0.1178
0.6131,2.0693,0.4598,0.2878,-1.0830,0.0073
1.3412,3.5638,0.9197,-0.0571,-1.1522,0.1093
2.1843,4.5984,2.4908,-0.4007,-0.7710,0.1056
2.4525,6.3612,4.0236,-0.6957,-0.3788,-0.0012
2.2992,7.0509,5.5564,-0.8827,-0.1153,0.0024
2.4908,6.4761,6.6677,-0.8074,0.0947,0.0826
1.6095,5.0200,8.0856,-0.7661,0.3108,0.0923
1.5711,3.6021,10.3465,-0.9628,0.2525,0.0692
1.4562,2.7207,12.1859,-0.9567,0.0000,0.0789
1.2263,3.1423,12.1475,-0.7309,-0.0716,0.0328
0.9963,3.7171,12.0326,-0.6095,-0.0716,-0.0911
1.2263,4.8284,11.5727,-0.5706,-0.0206,-0.1821
1.1879,3.4871,10.4998,-0.5549,0.1603,-0.1821
1.1879,3.2189,9.2735,-0.0923,0.3715,-0.0291
1.5328,2.7207,8.4305,0.1833,0.4019,0.0777
0.4215,3.3722,7.1659,-0.2853,0.3448,0.0911
0.4215,2.8740,6.7827,-1.0247,0.2610,0.0073
0.6514,1.0730,7.0509,-1.2044,0.2963,-0.0243
-0.0766,1.9927,6.4761,-1.4849,0.3897,0.0425
-2.1076,1.9927,7.4725,-1.1996,0.4772,-0.1044
-0.4982,3.1423,6.5911,-0.8499,0.4723,-0.1663
-0.9580,0.0383,7.0126,-0.7637,0.3205,-0.1408
-0.4598,-6.7061,8.6987,-0.8511,0.3727,0.0474
-1.4562,-11.1895,14.0252,-0.1712,0.3715,-0.0352
-2.3759,-10.9979,13.0289,0.8730,-0.0643,-0.0983
-2.9890,-3.2189,5.8630,0.9980,-0.3035,-0.0328
-1.1879,2.5675,1.4179,0.5913,0.1251,0.0971
0.3832,2.1076,2.9123,-0.6556,0.2392,0.0024
0.7281,0.3449,6.3995,-1.2336,0.1578,-0.0704
0.4598,-2.8740,8.8520,-0.6144,-0.1421,-0.0255
-0.3449,-3.6021,8.5454,0.0121,-0.2926,-0.0121
-0.6898,-3.1039,8.9670,0.1214,-0.2161,-0.0061
-1.4945,-3.4105,9.7334,0.1773,-0.0364,-0.0219
-1.1113,-1.8011,9.7717,0.1044,0.0231,0.0219
-0.4215,0.3066,9.1969,-0.0024,-0.0886,0.0231
0.6514,2.2609,9.1202,-0.0631,-0.1081,-0.0461
1.1113,3.4105,8.3538,-0.0886,-0.0437,-0.1226
1.1496,3.0273,8.0473,-0.1761,0.0704,-0.1360
0.3066,1.9927,8.2772,-0.2343,0.1129,-0.0546
-0.1150,0.4982,7.9323,-0.1226,0.0109,0.0158
-0.2682,-0.0766,8.1239,-0.0801,-0.0923,0.0668
-0.3832,-0.7664,8.2005,-0.1336,-0.0728,0.0680
-0.3832,-0.4598,8.4688,-0.1603,0.0097,0.0474
-0.1150,0.0000,8.8520,-0.1238,0.1020,0.0364
-0.0383,0.0000,9.1586,-0.0947,0.1578,0.0461
-0.3066,-0.2299,8.8520,-0.0680,0.1323,0.0413
-0.5365,-0.5365,8.7754,-0.0049,0.0559,0.0498
-0.6514,-0.5748,8.2772,0.0376,-0.0182,0.0765
-0.9580,-0.4982,7.8940,0.0061,-0.0437,0.0947
-0.6898,-0.4982,7.7790,-0.0510,-0.0267,0.0971
-0.2682,-0.6131,7.9323,-0.0935,-0.0061,0.0631
0.1150,-0.3832,8.2772,-0.1044,0.0097,0.0024
0.3449,-0.1150,8.1239,-0.0813,0.0279,-0.0510
0.2682,-0.1533,8.3921,-0.0571,0.0389,-0.0777
0.1533,-0.3832,8.2772,-0.0474,0.0389,-0.0753
0.0383,-0.3066,8.2772,-0.0437,0.0340,-0.0571
-0.2299,-0.2682,8.3538,-0.0364,0.0304,-0.0316
-0.2682,-0.1150,8.4688,-0.0340,0.0352,-0.0121
-0.1916,0.0000,8.4305,-0.0328,0.0534,-0.0036
0.0000,0.0000,8.6604,-0.0352,0.0595,-0.0049
-0.2299,0.2299,8.5454,-0.0413,0.0449,-0.0097
-0.0766,0.0766,8.5838,-0.0474,0.0182,-0.0085
-0.3832,0.0000,8.4305,-0.0595,0.0000,-0.0109
-0.1916,0.0000,8.1239,-0.0716,0.0049,-0.0012
-0.3449,-0.1916,8.5071,-0.0741,0.0219,0.0121
-0.3832,-0.3832,8.4305,-0.0656,0.0413,0.0182
-0.3449,-0.3449,8.2005,-0.0474,0.0546,0.0146
-0.3832,-0.4215,8.2772,-0.0316,0.0474,0.0085
-0.2682,-0.2299,8.2005,-0.0328,0.0304,0.0012
-0.2682,-0.2299,8.2005,-0.0461,0.0134,-0.0085
-0.3066,-0.0766,8.2389,-0.0643,0.0000,-0.0182
-0.1916,-0.1150,8.4688,-0.0741,0.0024,-0.0206
-0.0766,-0.0383,8.1239,-0.0643,0.0121,-0.0243
-0.1150,0.0000,8.3538,-0.0534,0.0182,-0.0219
-0.3832,0.0000,8.3538,-0.0437,0.0304,-0.0158
-0.2299,-0.0383,8.5454,-0.0486,0.0304,-0.0158
-0.0766,-0.0766,8.3921,-0.0510,0.0206,-0.0158
-0.2299,-0.2682,8.3921,-0.0510,0.0109,-0.0158
-0.2299,-0.1150,8.5071,-0.0559,0.0049,-0.0231
-0.1150,-0.1533,8.4688,-0.0777,-0.0134,-0.0401
-0.2682,-0.0383,8.3921,-0.0692,0.0134,-0.0219
-0.3066,-0.2299,8.3921,-0.0643,0.0194,-0.0134
-0.1916,-0.3832,8.3921,-0.0571,0.0219,-0.0109
-0.2682,-0.1533,8.4305,-0.0583,0.0170,-0.0134
-0.2299,-0.1916,8.2389,-0.0571,0.0121,-0.0146
-0.1916,-0.2299,8.2005,-0.0692,0.0121,-0.0158
-0.1533,-0.1533,8.4305,-0.0704,0.0146,-0.0182
-0.1533,-0.0383,8.4688,-0.0680,0.0158,-0.0146
-0.2682,-0.0383,8.4305,-0.0643,0.0146,-0.0121
-0.3066,-0.0383,8.4688,-0.0619,0.0146,-0.0121
-0.1533,-0.2299,8.5071,-0.0631,0.0158,-0.0085
-0.1150,-0.2299,8.4305,-0.0631,0.0134,-0.0049
-0.2299,-0.0766,8.3921,-0.0680,0.0146,-0.0097
-0.1150,-0.1916,8.0473,-0.0704,0.0146,-0.0073
-0.1533,-0.2299,8.3921,-0.0668,0.0134,-0.0061

