-.-.-
0.0000,-9.1969,-1.0730,-0.2659,0.3497,-0.1627
0.1533,-9.8100,-0.9580,-0.2368,0.1955,-0.1639
-0.2682,-9.9633,-0.7281,-0.0959,0.0643,-0.1591
-0.5365,-9.6567,-0.6514,-0.0182,-0.0352,-0.1166
-0.6131,-9.1969,-0.3066,0.0425,-0.1542,-0.0291
-0.5365,-9.0053,-0.0383,0.1129,-0.2950,0.0862
-0.2682,-9.0053,0.1916,0.1627,-0.4031,0.2003
0.0766,-9.0819,0.4982,0.1858,-0.4614,0.2732
0.0383,-9.4651,0.1533,0.2125,-0.4772,0.3096
0.0000,-9.8100,0.1150,0.1445,-0.4529,0.2878
-0.1533,-9.9633,0.4215,0.0146,-0.4019,0.1870
-0.3066,-10.0399,0.7281,-0.1129,-0.4638,0.0874
-0.6131,-10.0016,1.3412,-0.1833,-0.6107,0.1093
-0.4982,-10.1549,1.6095,-0.1979,-0.6848,0.2040
1.2646,-11.0746,-0.2682,-0.2708,-0.4893,0.1918
3.2955,-13.5654,-3.0273,-0.8718,0.0121,-0.1093
5.5948,-16.0562,-2.7591,-0.9713,0.4165,-0.5124
3.9470,-14.7150,-2.8740,-0.1311,1.3088,-0.9397
2.1843,-12.3008,-0.8814,0.1493,1.4630,-1.0636
2.2609,-10.7680,-1.1496,-0.0364,1.4533,-1.0478
1.3795,-9.2352,-2.9507,-0.6350,1.3453,-0.7649
0.6514,-7.8557,-4.2152,-0.8718,0.9057,-0.3970
0.3449,-7.7024,-4.3685,-0.6192,0.7625,-0.1238
0.4215,-8.9670,-3.7554,-0.2525,0.8378,-0.0704
2.0310,-10.3465,-4.3685,-0.2088,0.9580,-0.1542
4.0620,-11.2662,-4.3685,-0.2489,1.4764,-0.2465
4.4068,-10.9596,-3.4105,-0.1178,1.6986,-0.2586
3.5255,-10.0016,-3.3722,0.1117,1.4873,0.0134
1.9160,-9.3885,-3.8320,0.0498,1.6063,0.3060
1.1496,-9.2352,-3.8704,-0.1275,1.7484,0.4565
1.1879,-9.5801,-3.3722,-0.2513,1.7921,0.5282
1.8777,-9.8866,-3.2572,-0.2198,1.8188,0.5209
2.1076,-10.3465,-3.0273,-0.2392,2.0373,0.4808
2.0310,-10.7680,-3.2189,-0.2319,2.2389,0.4007
1.1879,-10.0782,-3.4105,-0.0474,2.3639,0.4128
0.0766,-9.2352,-3.6021,0.1712,2.3773,0.5172
-0.5748,-8.8137,-3.0656,0.2003,2.2862,0.5949
-1.0730,-9.0053,-2.6824,0.2173,2.1612,0.5634
-1.3412,-9.1202,-2.2609,0.2635,1.9778,0.4310
-1.8011,-9.1969,-2.0693,0.2963,1.7241,0.2695
-2.1459,-9.2735,-1.4945,0.3315,1.4157,0.1493
-1.9927,-9.2735,-1.1879,0.4480,1.1328,0.0643
-1.1496,-8.8137,-0.8430,0.5330,0.9227,0.0036
-0.3832,-8.6221,-0.5365,0.5282,0.7746,-0.0304
0.3449,-8.3921,-0.0766,0.4383,0.6884,-0.0352
0.9963,-8.5071,0.1916,0.3509,0.6666,-0.0389
1.3029,-8.2389,0.2299,0.2695,0.7006,-0.0668
1.1879,-8.5454,0.0000,0.1603,0.7977,-0.1081
1.3412,-9.3885,0.2299,0.0510,0.8827,-0.1506
1.3412,-10.2698,0.6131,0.0000,0.9616,-0.1943
1.1879,-10.5381,1.2263,-0.0012,0.9871,-0.2076
1.2646,-10.4614,1.6095,0.0352,1.0514,-0.1955
1.2646,-9.6567,2.3375,0.0668,1.2069,-0.1773
1.9543,-9.5034,0.3832,-0.0741,1.3319,-0.1979
0.3066,-10.8446,-3.2955,-0.7321,1.1595,-0.1117
-2.4908,-14.6384,-4.8667,-1.2603,0.6338,0.2307
-4.1386,-17.3591,-5.7097,-0.8705,0.1688,0.7746
-0.7664,-18.0872,-4.6751,-0.3436,-0.2404,1.2736
0.1533,-14.6767,-5.4415,0.3230,-0.4480,1.3526
1.4179,-9.5034,-4.6751,0.5682,-0.0243,0.7576
1.3029,-5.5948,-3.6787,0.4626,0.5706,0.1445
1.3412,-4.1003,-2.9507,-0.0231,0.7224,-0.3861
0.9197,-7.2042,-2.4908,-0.0741,0.7758,-0.6265
-0.3449,-9.0819,-3.1806,0.0304,0.7248,-0.7637
-2.2992,-11.4961,-3.1806,-0.0073,0.3776,-0.3448
-3.0273,-12.8756,-3.1423,-0.0389,0.1578,0.1736
-1.3029,-11.9559,-3.1039,0.3302,0.0401,0.1845
0.9580,-9.5801,-2.6824,0.8038,0.1748,-0.2113
2.1843,-8.5071,-2.5675,0.5949,0.3205,-0.5136
2.1076,-8.2389,-2.4142,0.2064,0.5124,-0.4844
0.5748,-8.2389,-2.5291,0.0389,0.6556,-0.3533
-0.6898,-8.6221,-1.9543,0.0813,0.6848,-0.2489
-1.6478,-9.0819,-0.9580,0.1603,0.5524,-0.1372
-1.8011,-9.4268,-0.9197,0.1190,0.3472,-0.0668
-1.0730,-9.6950,-0.8047,0.0559,0.1688,-0.1117
-0.4215,-9.5801,-0.6514,0.1263,0.0206,-0.1955
-0.0383,-9.2735,-0.7281,0.2149,-0.1506,-0.1748
-0.0383,-8.4688,-0.6514,0.1845,-0.1943,-0.1166
0.1533,-8.4688,-0.7281,0.0801,-0.2270,-0.0765
0.5365,-8.8903,-0.4598,0.0219,-0.2064,-0.0474
1.0730,-9.7717,-0.4215,-0.0024,-0.1396,-0.0206
1.3412,-10.2315,-0.2299,-0.0498,-0.0170,0.0158
1.3029,-10.4614,0.0766,-0.0182,0.1056,0.0291
1.0730,-10.4231,0.1150,0.0389,0.2210,-0.0559
0.2682,-10.2698,0.4982,0.0765,0.2865,-0.2113
-0.8814,-9.9250,0.6131,0.0813,0.2331,-0.3533
-1.2263,-9.5801,0.5365,0.0389,0.0741,-0.3995
-1.4179,-9.2352,0.7281,-0.0340,-0.0935,-0.3970
-1.3412,-9.1969,1.1879,-0.1032,-0.3242,-0.3885
-0.9197,-9.2352,0.6514,-0.2015,-0.5682,-0.3266
-0.2299,-9.4268,-0.5365,-0.4869,-0.5585,-0.2780
0.6131,-10.6530,-1.5328,-0.9349,-0.5658,-0.2113
2.4908,-12.3008,-2.5291,-1.1194,-0.3108,-0.1603
3.5255,-13.4121,-3.6021,-1.0672,-0.0049,-0.1493
4.0236,-14.3701,-3.8704,-0.8548,0.2295,-0.1275
3.9087,-13.6420,-4.6368,-0.6034,0.5257,-0.1433
2.6824,-12.3391,-5.0583,-0.5949,0.6095,-0.1299
1.8777,-11.1512,-4.7517,-0.5184,0.5318,-0.1493
0.7281,-9.9633,-4.0620,-0.3812,0.4201,-0.2331
0.2299,-9.5801,-3.4488,-0.3472,0.3084,-0.3254
0.0383,-9.2352,-2.7974,-0.2586,0.2440,-0.3460
0.6898,-9.5418,-2.2609,-0.0437,0.2708,-0.2574
1.1113,-9.8483,-2.1459,0.0559,0.3315,-0.0765
1.6095,-10.3465,-2.6058,-0.0206,0.3934,0.1348
1.6861,-10.3848,-2.9890,-0.0449,0.4395,0.2950
1.3412,-9.6950,-2.6441,0.0692,0.4407,0.3582
1.4562,-8.9670,-2.4908,0.1930,0.5209,0.2938
1.3412,-8.8137,-2.5675,0.0583,0.6787,0.2404
1.3029,-9.0436,-3.0656,-0.1275,0.8038,0.2270
0.6514,-9.4268,-3.0273,-0.1748,0.8475,0.2453
0.1916,-9.9250,-3.1806,-0.0813,0.8669,0.2222
-0.2299,-9.9250,-2.8740,-0.0267,0.8875,0.1639
-0.3449,-9.8100,-2.4525,0.0838,0.8790,0.1311
-0.1150,-9.7717,-2.4142,0.1894,0.8110,0.1008
0.0766,-9.6184,-2.0693,0.2829,0.7236,0.0643
0.2299,-9.1202,-1.9927,0.3363,0.6860,0.0109
0.2682,-8.9286,-1.8394,0.3035,0.6775,-0.0389
0.5365,-8.3538,-1.4945,0.2307,0.6896,-0.0304
1.0346,-8.3155,-1.3029,0.1141,0.7224,0.0000
1.3412,-8.0856,-0.9963,-0.0061,0.7625,0.0243
1.5711,-8.0856,-0.5365,-0.0971,0.8293,0.0194
1.6478,-8.3538,-0.1150,-0.1056,0.9446,-0.0170
1.6861,-9.0053,0.4982,-0.0061,1.0539,-0.0607
1.6095,-9.7717,0.9197,0.2210,1.1413,-0.0777
1.8777,-9.3502,0.7664,0.2817,1.1984,-0.0874
1.5711,-8.8903,-0.9197,0.1263,1.1413,-0.1396
0.6131,-8.9286,-1.1113,-0.2185,0.9871,-0.1894
0.0000,-9.8483,-0.6131,-0.2343,0.9458,-0.2477

