-.-.-
9.687854,-1.247805,-0.807122,-0.034907,0.002182,0.009681
9.680669,-0.605940,-0.773591,-0.024544,0.007636,0.006954
9.680669,-0.605940,-0.773591,-0.024544,0.007636,0.006954
9.687854,-1.254990,-0.811912,-0.049769,-0.015272,0.006818
9.570498,-1.276545,-0.778381,-0.052360,0.027680,0.011590
9.711804,-1.305286,-0.785566,-0.045406,0.007363,0.011181
9.711804,-1.305286,-0.785566,-0.045406,0.007363,0.011181
9.671089,-0.562830,-0.761616,-0.043088,-0.013772,0.016635
9.671089,-0.562830,-0.761616,-0.043088,-0.013772,0.016635
9.632769,-1.302891,-0.728086,0.007636,0.017317,0.011863
9.692644,-1.259780,-0.713716,-0.012954,0.050315,0.011317
9.687854,-1.259780,-0.761616,0.005591,0.040633,0.006681
9.718989,-1.305286,-0.761616,-0.041861,0.039815,0.007499
9.718989,-1.305286,-0.761616,-0.041861,0.039815,0.007499
9.654324,-1.314866,-0.759221,-0.020180,0.024816,0.010090
9.687854,-1.259780,-0.704136,-0.018544,0.050587,0.011045
9.762100,-0.541274,-0.814307,0.023726,0.023180,-0.011590
9.798025,-0.771196,-0.864602,0.163625,0.055087,-0.007909
9.807605,-0.663420,-0.871787,0.343884,0.111537,-0.004227
9.699829,-0.692161,-0.893342,0.485829,0.093948,0.005591
9.699829,-0.692161,-0.893342,0.485829,0.093948,0.005591
9.778865,-0.888552,-0.440684,0.558642,0.147671,-0.048133
9.728569,-1.310076,-0.447869,0.444923,0.175896,-0.085903
9.604028,-0.613125,-0.419128,0.132263,0.164988,-0.053587
9.620793,-0.558040,-0.543669,-0.013090,0.163079,-0.080994
9.735754,-1.326841,-0.579595,-0.155852,0.253073,-0.027543
9.647139,-1.029858,-1.338816,-0.406198,0.279116,-0.046360
10.073452,-2.351909,0.057480,-1.250774,-0.075267,-0.142081
10.576406,-1.350791,1.381926,-1.311042,-0.056996,-0.112083
9.505833,-0.907712,1.128054,-0.390654,0.065586,-0.094493
9.065149,-0.775986,1.278940,0.065995,-0.008999,0.014726
9.831555,-0.881367,0.074246,0.852484,0.053587,0.237256
9.180110,-0.886157,-0.526904,1.066287,0.011317,0.364065
9.793235,-1.223855,1.923201,0.838713,1.320451,-0.160216
9.596843,-2.378254,2.967429,0.856711,0.654635,0.325068
9.596843,-2.378254,2.967429,0.856711,0.654635,0.325068
9.596843,-2.378254,2.967429,0.856711,0.654635,0.325068
9.905801,-1.003513,2.672842,0.462649,0.122446,0.314296
7.886799,-0.387993,2.373464,0.698813,-0.290706,0.020044
9.623188,0.914897,0.742456,0.519645,-0.328340,-0.021271
10.545271,-0.617915,0.438289,0.567641,-0.096811,-0.046360
10.030342,-0.407153,-0.510139,0.208212,0.148762,-0.208758
8.109536,-0.804727,-0.004790,-0.208621,-0.151898,-0.477920
11.503279,0.684976,-3.130291,-0.009817,-0.279662,-0.095311
11.503279,0.684976,-3.130291,-0.009817,-0.279662,-0.095311
5.942043,-3.288362,-0.399968,0.088221,0.150262,-0.036406
5.942043,-3.288362,-0.399968,0.088221,0.150262,-0.036406
9.127419,-1.367556,0.134121,-1.441669,-0.105811,0.313068
9.127419,-1.367556,0.134121,-1.441669,-0.105811,0.313068
13.826448,-4.136199,6.011499,-2.310107,1.363538,0.710813
4.905000,1.781895,3.832031,-0.945478,-0.057269,0.217348
9.903406,-0.203577,4.473896,-0.341294,0.684224,-0.024407
9.163345,-3.616479,1.736389,-0.320022,0.133218,0.252255
4.057163,1.259780,0.866997,0.605684,0.276798,-0.036406
8.171807,-1.504072,2.509980,1.035198,1.341858,0.420924
5.642666,-2.859653,3.719465,0.074313,0.443423,0.388199
7.824529,4.306245,4.617598,0.635136,2.592905,0.496737
4.289480,-1.247805,5.269043,1.748602,2.076669,0.467012
7.836504,0.821492,6.615044,1.139236,2.306153,-0.747492
7.836504,0.821492,6.615044,1.139236,2.306153,-0.747492
15.608342,-0.632285,14.698235,-0.117264,2.756529,-1.376356
17.811760,-3.844006,17.304016,0.280071,4.433000,0.221711
6.607859,-3.216511,7.300020,-0.030134,4.199153,-0.627909
-4.234395,-2.981799,8.729846,0.420652,3.480432,-0.593957
-7.759863,2.114802,6.967112,1.651109,2.743303,-0.532189
-7.987390,-1.106499,6.320457,2.319243,1.548162,0.104856
-7.987390,-1.106499,6.320457,2.319243,1.548162,0.104856
-5.422324,0.819097,2.191443,0.913025,-0.019908,0.931842
-4.761299,-4.334985,4.241580,0.800943,-0.120673,1.147281
-6.140830,-5.915698,6.507268,0.054405,-0.631591,1.017881
-4.014053,-8.123906,7.673643,-0.085221,-0.737402,1.189824
-4.014053,-8.123906,7.673643,-0.085221,-0.737402,1.189824
-2.648892,-7.369475,5.898933,-0.307069,-0.345657,0.713131
-2.648892,-7.369475,5.898933,-0.307069,-0.345657,0.713131
-0.507744,-8.533455,5.680986,-1.084968,-0.746537,0.571732
0.790356,-7.676038,6.993457,-1.358902,-0.419424,-0.167033
0.009580,-3.451223,11.017090,-0.703722,0.053996,-0.537234
-0.922083,-3.374583,10.207573,-0.376609,0.099947,-0.278844
-0.922083,-3.374583,10.207573,-0.376609,0.099947,-0.278844
-0.316143,-2.129172,9.889036,-0.147535,0.116310,-0.219121
-0.316143,-2.129172,9.889036,-0.147535,0.116310,-0.219121
-2.589016,-3.130291,10.027947,0.042542,0.069950,-0.079903
-2.157913,-4.330195,9.069939,-0.105947,-0.009817,-0.030816
-2.584226,-4.152964,9.869875,-0.113446,-0.084948,0.153398
-1.767524,-5.209167,10.087822,0.217621,-0.091493,0.190077
-1.767524,-5.209167,10.087822,0.217621,-0.091493,0.190077
-1.611848,-4.730164,9.321416,0.232892,-0.010636,0.161852
-1.060994,-5.654641,9.050779,0.031225,-0.113855,0.189532
-1.477727,-5.731282,9.084309,0.045951,-0.049496,0.151898
-1.458567,-4.885840,8.986113,-0.040088,-0.051678,0.086585
-1.458567,-4.885840,8.986113,-0.040088,-0.051678,0.086585
-1.463357,-4.809199,9.453142,-0.062314,-0.085630,0.041043
-1.463357,-4.809199,9.453142,-0.062314,-0.085630,0.041043
-1.015488,-4.885840,8.957373,-0.154898,-0.048815,-0.016226
-1.015488,-4.885840,8.957373,-0.154898,-0.048815,-0.016226
-1.013093,-4.835544,9.151370,-0.124900,0.037906,0.000818
-0.998723,-5.201982,9.999207,-0.106356,-0.005181,-0.047587
-0.998723,-5.201982,9.999207,-0.106356,-0.005181,-0.047587
-1.108894,-5.046306,9.896221,-0.114674,-0.028634,0.011181
-1.525627,-5.079836,9.879456,-0.022771,-0.009954,0.036952
-1.089734,-4.629573,9.043594,-0.034907,0.078949,-0.009408
-1.116079,-5.187612,9.158555,-0.023180,-0.001500,-0.012817
-1.046624,-5.190007,9.141790,-0.024544,-0.016635,-0.011726
-1.032253,-5.149292,9.146580,-0.020317,0.013635,-0.016908
-1.060994,-5.180427,9.091494,-0.022362,0.035316,0.013635
-1.084944,-5.204377,9.146580,-0.021408,0.017181,0.011863
-1.099314,-5.175637,9.189690,-0.021135,0.035179,0.010227
-1.080154,-5.178032,9.182505,-0.019908,-0.017453,0.001227
-1.111289,-5.137317,9.096284,-0.032180,0.004091,0.010499
-1.111289,-5.137317,9.096284,-0.032180,0.004091,0.010499
-1.065784,-5.127737,9.194480,-0.021680,-0.035043,0.007636
-1.034648,-5.168452,9.084309,-0.047860,0.052224,-0.013908
-1.034648,-5.168452,9.084309,-0.047860,0.052224,-0.013908
-1.063389,-5.122947,9.117839,-0.026180,0.053314,0.013363
-1.063389,-5.122947,9.117839,-0.026180,0.053314,0.013363
-1.118474,-5.170847,9.814790,-0.047997,0.009817,-0.014454
-1.089734,-5.192402,9.824370,-0.024816,-0.012545,0.016226
-1.060994,-5.175637,9.170530,-0.024816,0.004091,0.009954
-1.039438,-5.197192,9.096284,-0.051951,0.011454,0.010227
-1.120869,-5.146897,9.144185,-0.050315,-0.016772,0.011726
-1.068179,-5.161267,9.177715,-0.020317,-0.038861,0.011045
-1.087339,-5.115762,9.172925,-0.051951,0.015544,0.008454
-1.077759,-5.151687,9.824370,-0.021953,0.004091,0.010363
-1.044229,-5.142107,9.134604,-0.049360,0.002318,0.009408
-1.068179,-5.175637,9.180110,-0.050315,-0.040497,0.014317
-1.017883,-5.089417,9.831555,-0.029452,-0.001091,0.004363
-1.022673,-5.156477,9.196875,0.008863,0.031634,0.016226
-1.092129,-5.120552,9.151370,-0.050451,0.025362,0.008999

