-.-.-
-1.9376,0.7975,-1.1616,-0.0874,-0.2322,0.3494
-0.9700,1.0682,-1.9567,0.3377,-0.0330,0.6732
2.6321,-0.7305,-2.5363,2.6461,0.4570,1.1803
10.6507,-5.8343,-0.4670,4.3111,-0.0256,1.5297
18.9662,-11.6158,-1.7891,1.1995,-0.3164,1.5297
25.5381,-7.8461,-1.9328,-0.3419,0.2748,0.0703
25.0160,-1.9112,1.9040,-0.8778,-0.3483,-0.0224
19.8379,0.9221,2.5028,0.0011,-0.7904,-0.0575
17.6441,1.2167,2.4669,0.5060,-0.6775,-0.2834
16.1424,0.1461,2.3735,0.8171,-0.4740,-0.5646
12.2841,-2.5746,2.0430,0.3579,-0.1087,-0.5550
8.9047,-1.9280,3.6811,0.2301,0.0043,-0.5571
6.2821,-2.0382,2.5986,-0.0437,-0.1214,-0.6136
3.6476,-1.4466,0.1772,-0.7318,-0.0224,-0.6605
1.3125,0.4910,0.3281,-0.5838,0.1641,-0.5625
0.8814,-0.1796,1.9112,0.3707,-0.0756,-0.3622
-0.6419,-2.2393,0.9460,-0.0586,-0.4517,0.0256
-1.9807,-1.3939,0.5365,-0.3686,-0.4250,0.3675
-1.1568,-0.0575,0.4431,-0.3569,-0.3238,0.5902
1.9495,-3.7746,-4.3781,1.3902,-0.1523,0.8192
10.7896,-6.8617,2.3495,1.1239,-0.2237,0.8639
22.8150,-5.3864,-5.3050,-2.4139,1.1313,0.4932
24.1777,7.2545,1.7172,-0.1353,-0.3345,-0.4677
10.2555,0.5532,-0.5173,2.4767,0.1928,-0.1182
12.0948,-6.0810,0.7640,0.7191,1.1750,0.1641
17.7040,-4.8355,0.5628,0.1055,1.2059,-0.0682
16.8322,-2.8285,0.5509,-0.6147,0.9278,-0.1076
13.6636,-0.9867,-0.3736,-0.3910,1.0141,-0.1971
13.5343,-1.6502,0.3616,-0.1960,0.9268,-0.5614
12.7319,-1.3819,1.1831,-0.8501,0.5305,-0.5475
9.5082,0.0000,1.0562,-0.6189,0.0447,-0.5454
5.0727,0.3329,1.2167,-0.9598,-0.2471,-0.4719
2.5675,0.1245,0.4191,-1.3049,-0.5348,-0.2791
1.2981,1.2981,-0.2203,-1.0322,-0.6125,-0.2248
-1.0370,1.3029,-0.7065,-0.0383,-0.4186,-0.1864
-2.5339,-0.2515,-1.5304,-0.1172,-0.3814,0.0383
-2.3088,-0.2227,-2.3280,-0.1491,-0.0575,0.5177
1.3364,-0.4742,-1.8873,1.8120,0.2344,1.0227
8.6149,-2.0693,-0.3425,3.9713,0.2940,1.6341
18.3075,-8.2987,-0.6586,1.7801,-0.2471,1.7044
27.3344,-9.2184,-1.2526,1.0557,0.0011,0.3036
25.1884,-5.3050,0.3377,-0.4357,-0.7329,0.0202
17.8070,0.2730,1.5113,-0.0522,-1.1398,-0.0405
16.4849,1.0778,2.1340,0.6828,-0.6434,-0.2301
16.4610,-0.9891,0.8574,0.6871,-0.3856,-0.5401
14.2863,-2.5052,3.2716,0.8416,-0.4250,-0.5646
9.9777,-3.6069,3.1135,0.4133,-0.4144,-0.5795
6.2558,-2.5172,1.8202,-0.1545,-0.4911,-0.6882
2.9387,-0.5772,0.0862,-1.2059,0.0905,-0.6551
0.8407,1.0969,-0.2299,-0.5380,0.2621,-0.4730
0.0719,0.2132,1.6286,0.2770,0.1087,-0.2844
-0.0407,-1.1879,1.0897,0.1694,-0.1545,0.1033
-0.7520,-1.8514,-0.0072,0.0394,-0.1534,0.3441
0.3305,-1.3532,1.1975,-0.4985,-0.1747,0.5135
0.5604,-0.1509,0.2012,-0.6690,0.0660,0.6424
2.6010,-2.3232,-0.7999,3.0797,-0.0138,0.7862
15.1054,-15.6898,1.6909,1.3369,-1.3039,0.2322
32.2465,-7.3647,-14.1091,-3.5899,1.9548,-0.2258
21.2510,9.6352,7.9084,0.6839,-1.3955,-0.5646
8.0880,-3.6668,-1.0107,1.7225,0.4836,0.3185
12.0158,-3.7985,2.1507,0.1087,1.3295,0.4815
17.1028,-5.1134,-0.3952,0.2482,1.2368,-0.2898
15.9436,-2.9650,0.7113,-0.9215,0.8597,-0.1992
13.6085,0.0383,-0.4383,-0.5720,1.1111,-0.1960
12.7439,-1.1927,0.4431,-0.4442,0.8895,-0.2898
11.7811,-0.8646,1.5448,-0.5273,0.3952,-0.5326
8.3323,-0.8886,1.7172,-0.7958,0.0682,-0.4538
5.6043,-0.8047,1.4131,-1.3870,-0.4027,-0.2471
3.1207,0.8335,0.1174,-1.3816,-0.4964,0.0341
1.2861,1.7292,-0.6059,-0.6818,-0.5188,-0.1108
-1.3197,1.4202,-0.8335,-0.0107,-0.3995,0.0703
-2.3423,0.6898,-0.6251,0.4240,-0.4250,0.3558
-2.3112,0.2395,-2.3830,0.3739,-0.2386,0.6285
0.3042,1.4035,-3.6452,1.2272,0.6743,1.1526
9.8819,-2.7926,-1.7124,5.6992,0.1694,1.6405
26.1584,-10.0160,-0.7928,2.0293,-0.1246,1.6224
31.8657,-11.5033,0.0503,0.6754,-1.1366,0.5028
18.5566,-6.8306,-0.9029,-0.8735,-1.1835,0.1182
13.7283,-1.9855,0.6467,-0.8021,-0.6157,0.1278
17.3543,1.5448,2.1268,-0.5348,-0.1736,-0.3100
19.0763,2.9147,2.6417,0.7340,-0.5902,-0.7734
15.7305,-1.3700,2.0765,1.9846,-1.2091,-0.8480
9.4244,-5.0367,1.9567,-0.0565,-0.2578,-0.6818
5.4535,-2.2298,1.7939,-0.6008,-0.0810,-0.7222
2.6824,-0.2132,0.4766,-0.7489,0.3643,-0.7212
1.2167,0.3904,0.9341,0.0064,0.3728,-0.5241
1.0179,-1.0562,2.5723,0.2940,0.2727,-0.1971
0.7904,-2.1771,2.2489,-0.0149,-0.0905,0.0724
0.0216,-1.9328,0.1317,-0.4900,-0.2077,0.2535
0.1772,-0.7401,0.1557,-0.6903,-0.2077,0.3324
0.5030,-1.6286,-3.5087,-0.1822,0.1523,0.3920
4.2919,-3.7746,0.7089,1.6458,-0.2258,0.6189
11.7308,-8.9933,-0.4263,-0.3963,-0.7947,0.6903
20.8870,-1.7148,-6.6582,-3.2309,1.6000,0.6637
23.5909,11.9176,7.6593,1.2900,-0.5230,-0.3941
11.2973,-1.6861,-0.9197,2.2371,-0.0618,0.0874
12.0565,-4.6966,2.8261,0.6125,1.1888,0.1790
15.9508,-5.6259,1.1209,0.0479,1.0109,-0.0810
14.5354,-2.0070,1.3173,-0.9172,1.0504,-0.0639
13.2181,0.1820,0.0048,-0.2301,1.1334,-0.2109
13.5846,-1.5232,-0.0359,0.1108,1.0525,-0.5230
13.1008,-2.9123,0.5030,-0.0053,0.6498,-0.7382
10.3177,-1.5424,1.2286,-0.6104,0.1268,-0.6338
6.5288,0.2060,1.7603,-1.2027,-0.2951,-0.3920
3.1566,2.5483,0.5652,-0.7840,-0.5369,0.0245
0.9412,1.2550,-0.8478,-0.9289,-0.4953,-0.2322
-0.5556,1.3771,-1.7196,-0.2109,-0.3111,0.0639
-2.2801,0.6179,-1.3221,0.2077,-0.0533,0.2684
-1.4059,-0.2467,-2.0956,0.3910,0.1023,0.5465
1.9472,-0.6443,-1.6861,1.9920,0.4645,1.0258
9.8986,-4.6775,-3.5398,4.1865,-0.0298,1.5894
20.4726,-12.6170,1.1736,1.2496,-0.6242,1.5468
25.7560,-12.5691,-1.3005,-0.6456,-0.7382,0.5284
21.6653,-3.5327,0.6395,-1.7321,-0.3558,-0.1236
19.5314,1.2286,2.0310,-1.7087,-0.3782,-0.2152
19.4811,5.5038,4.0332,-0.1236,-0.5987,-0.4495
17.0454,1.5951,1.4466,0.7254,-0.2887,-0.6200
13.9749,-1.3077,2.6537,1.4477,-0.6732,-0.6424
9.1298,-3.9733,2.8189,0.8831,-0.4453,-0.6157
5.7241,-3.2572,2.9291,0.2631,-0.5028,-0.6743
2.3327,-2.8644,0.5652,-1.1025,0.1896,-0.7286
1.1568,0.3114,1.6071,-0.7052,0.2120,-0.5444
0.2227,-0.2132,1.4298,-0.1427,-0.0245,-0.2173
-0.5844,-0.9580,1.4179,-0.3057,-0.1598,0.2248
-1.3939,-0.9820,0.3042,-0.3760,-0.2972,0.3931
-0.9820,-0.6898,-0.7856,-0.8107,-0.0682,0.5486
0.1126,-0.4646,-1.7915,-0.3270,0.3047,0.7031
4.1865,-2.0717,2.0142,2.4746,-0.2993,0.9854

