-.-.-
7.4102,-0.5652,6.1480,-0.0213,0.0266,0.0032
7.4054,-0.5413,6.1744,-0.0213,0.0288,0.0043
7.4054,-0.5389,6.1744,-0.0224,0.0298,0.0096
7.4030,-0.5389,6.1624,-0.0192,0.0341,0.0075
7.4030,-0.5269,6.1624,-0.0160,0.0277,0.0085
7.4294,-0.4694,6.1672,-0.0128,0.0266,0.0075
7.4413,-0.4622,6.1336,-0.0128,0.0224,0.0085
7.4413,-0.4670,6.1432,-0.0064,0.0202,0.0085
7.4222,-0.4646,6.1528,-0.0096,0.0256,0.0096
7.4078,-0.4790,6.1289,-0.0117,0.0256,0.0107
7.4126,-0.5077,6.1289,-0.0064,0.0234,0.0107
7.4150,-0.5461,6.1265,-0.0149,0.0320,0.0160
7.3815,-0.5556,6.1432,-0.0160,0.0277,0.0160
7.3767,-0.5509,6.1456,-0.0181,0.0277,0.0202
7.3815,-0.5245,6.1935,-0.0192,0.0320,0.0149
7.4222,-0.5006,6.1959,-0.0170,0.0362,0.0160
7.4294,-0.5030,6.1552,-0.0202,0.0330,0.0149
7.4317,-0.4646,6.1480,-0.0224,0.0277,0.0170
7.4317,-0.4694,6.1504,-0.0234,0.0256,0.0149
7.4701,-0.4431,6.1456,-0.0160,0.0298,0.0128
7.4796,-0.4886,6.0881,-0.0107,0.0213,0.0170
7.4701,-0.4670,6.1049,-0.0107,0.0107,0.0181
7.3958,-0.4119,6.1504,0.0000,0.0160,0.0181
7.4126,-0.4239,6.1504,-0.0011,0.0213,0.0096
7.4270,-0.4598,6.1600,-0.0064,0.0224,0.0107
7.4126,-0.4814,6.1720,-0.0160,0.0202,0.0096
7.4174,-0.4886,6.1696,-0.0117,0.0128,0.0043
7.4054,-0.4742,6.1768,-0.0117,0.0181,0.0107
7.4078,-0.4670,6.1696,-0.0085,0.0202,0.0053
7.4006,-0.4862,6.1744,-0.0064,0.0181,0.0075
7.3862,-0.5030,6.1720,-0.0032,0.0245,0.0064
7.4006,-0.5077,6.1696,-0.0053,0.0234,0.0043
7.4078,-0.5006,6.1744,-0.0128,0.0234,0.0085
7.3910,-0.4910,6.1600,-0.0202,0.0245,0.0096
7.3934,-0.4694,6.1576,-0.0138,0.0277,0.0085
7.4030,-0.4503,6.1648,-0.0128,0.0277,0.0107
7.4174,-0.4479,6.1504,-0.0128,0.0298,0.0075
7.4341,-0.4527,6.1552,-0.0117,0.0266,0.0064
7.4246,-0.4551,6.1480,-0.0149,0.0266,0.0096
7.4270,-0.4670,6.1672,-0.0107,0.0224,0.0085
7.4030,-0.4790,6.1480,-0.0096,0.0245,0.0138
7.3791,-0.4742,6.1672,-0.0064,0.0245,0.0096
7.4006,-0.4790,6.1792,-0.0107,0.0213,0.0075
7.4174,-0.5006,6.1672,-0.0075,0.0266,0.0064
7.3934,-0.5006,6.1528,-0.0117,0.0277,0.0107
7.3910,-0.4790,6.1863,-0.0107,0.0202,0.0096
7.4222,-0.4598,6.1792,-0.0075,0.0245,0.0064
7.4413,-0.4958,6.1384,-0.0107,0.0245,0.0117
7.4365,-0.5077,6.1480,-0.0085,0.0192,0.0149
7.3958,-0.4407,6.1744,-0.0085,0.0096,0.0096
7.3815,-0.4455,6.1576,-0.0043,0.0224,0.0075
7.3862,-0.4790,6.1672,-0.0117,0.0170,0.0096
7.3719,-0.4574,6.2055,-0.0138,0.0149,0.0085
7.3671,-0.4551,6.2247,-0.0128,0.0224,0.0053
7.3982,-0.4574,6.1839,-0.0107,0.0266,0.0075
7.4078,-0.4718,6.1624,-0.0064,0.0277,0.0043
7.4174,-0.4742,6.1696,-0.0107,0.0224,0.0085
7.3886,-0.4766,6.1911,-0.0043,0.0256,0.0043
7.3838,-0.4958,6.1624,-0.0011,0.0352,0.0021
7.3791,-0.5149,6.1432,-0.0032,0.0383,0.0011
7.3862,-0.5053,6.1528,-0.0085,0.0362,-0.0011
7.4198,-0.4934,6.1384,-0.0138,0.0373,0.0000
7.4246,-0.4742,6.1360,-0.0170,0.0309,0.0000
7.4413,-0.4263,6.1696,-0.0213,0.0245,0.0011
7.4940,-0.4072,6.2175,-0.0192,0.0234,0.0021
7.4773,-0.3928,6.1768,-0.0234,0.0192,0.0032
7.4341,-0.4072,6.1456,-0.0224,0.0128,0.0000
7.3815,-0.4024,6.1600,-0.0075,0.0192,0.0075
7.4150,-0.4143,6.1792,-0.0011,0.0245,0.0043
7.4341,-0.4646,6.1815,0.0075,0.0213,0.0021
7.4078,-0.5077,6.1600,0.0096,0.0213,0.0107
7.3503,-0.5485,6.1241,0.0043,0.0256,0.0117
7.2880,-0.5580,6.1456,0.0000,0.0309,0.0170
7.2473,-0.5676,6.2247,-0.0032,0.0352,0.0075
7.3240,-0.5485,6.2606,-0.0032,0.0607,0.0107
7.4102,-0.6203,6.1863,-0.0096,0.0629,0.0138
7.4485,-0.6011,6.1576,-0.0128,0.0394,0.0149
7.4246,-0.4982,6.1935,-0.0192,0.0309,0.0117
7.4341,-0.4455,6.1696,-0.0213,0.0373,0.0043
7.4725,-0.4718,6.1289,-0.0298,0.0415,0.0085
7.4868,-0.3042,6.0666,-0.0053,0.0394,0.0085
7.4246,-0.2587,6.0402,0.0202,0.0234,-0.0234
7.2904,-0.6107,6.2342,-0.0298,0.0075,-0.0149
7.5994,-0.5652,6.2534,-0.0426,0.0565,0.0298
7.5275,-0.3401,6.2199,-0.0426,0.0597,0.0362
7.5228,-0.2108,6.0091,0.0021,0.0415,-0.0021
7.4317,-0.3305,5.9253,0.0224,-0.0107,-0.0373
7.3671,-0.5532,6.0570,0.0266,-0.0117,-0.0383
7.4006,-0.6227,6.1576,0.0138,0.0202,-0.0032
7.3934,-0.6035,6.2223,-0.0032,0.0362,0.0256
7.3767,-0.6131,6.2271,-0.0170,0.0394,0.0277
7.3743,-0.6011,6.2342,-0.0085,0.0394,0.0085
7.3791,-0.5485,6.1959,-0.0043,0.0362,0.0011
7.4102,-0.5365,6.1313,0.0011,0.0298,-0.0053
7.4246,-0.5245,6.0905,-0.0043,0.0309,0.0032
7.4102,-0.5149,6.0881,-0.0043,0.0330,0.0043
7.4389,-0.5101,6.1193,-0.0075,0.0394,0.0160
7.4509,-0.4862,6.1384,-0.0149,0.0415,0.0128
7.4461,-0.4838,6.1025,-0.0170,0.0458,0.0117
7.4413,-0.5030,6.1097,-0.0181,0.0352,0.0043
7.4341,-0.5101,6.1504,-0.0160,0.0277,0.0032
7.4461,-0.4838,6.1624,-0.0138,0.0298,0.0000
7.4868,-0.5149,6.1073,-0.0149,0.0362,0.0053
7.5012,-0.5101,6.0666,-0.0128,0.0256,0.0107
7.4317,-0.4718,6.0977,-0.0075,0.0181,0.0096
7.4126,-0.4886,6.1073,-0.0011,0.0288,0.0075
7.4222,-0.5221,6.1456,-0.0053,0.0288,0.0075
7.4341,-0.5221,6.1576,-0.0075,0.0288,0.0096
7.4270,-0.4790,6.1384,-0.0075,0.0298,0.0064
7.4246,-0.4790,6.1289,-0.0032,0.0341,0.0064
7.4437,-0.5077,6.1073,-0.0043,0.0298,0.0043
7.4629,-0.5221,6.0953,-0.0075,0.0298,0.0000
7.4533,-0.5556,6.0977,-0.0096,0.0256,0.0011
7.4557,-0.5532,6.0762,-0.0128,0.0245,0.0064
7.4509,-0.5413,6.0762,-0.0096,0.0224,0.0096
7.4437,-0.5221,6.1073,-0.0107,0.0149,0.0075
7.4222,-0.5053,6.1313,-0.0117,0.0149,0.0096
7.4341,-0.5006,6.1432,-0.0075,0.0202,0.0085
7.4413,-0.5006,6.1480,-0.0128,0.0256,0.0085
7.4413,-0.4886,6.1432,-0.0138,0.0234,0.0107
7.4509,-0.4790,6.1384,-0.0128,0.0234,0.0085
7.4533,-0.5101,6.1169,-0.0085,0.0234,0.0085
7.4365,-0.5053,6.1313,-0.0075,0.0245,0.0096
7.4294,-0.5053,6.1384,-0.0085,0.0266,0.0117
7.4294,-0.5125,6.1217,-0.0096,0.0288,0.0085
7.4317,-0.5269,6.1169,-0.0117,0.0266,0.0064
7.4341,-0.5149,6.1384,-0.0096,0.0234,0.0085
7.4485,-0.4958,6.1313,-0.0181,0.0213,0.0075

