-.-.-
5.5612,2.0717,-1.3676,-1.1334,0.8117,-0.3388
8.4472,2.2896,-2.7950,-1.1526,1.0280,-0.4953
12.2553,3.6476,-2.0669,-0.6935,0.6413,-0.5145
15.1916,3.4201,-3.2860,0.1747,0.5326,-0.3270
17.4836,5.2331,-1.8514,-0.1662,0.6349,0.3888
17.7567,8.2365,-0.1389,0.1843,-0.3792,0.7670
12.5475,3.1566,-0.5149,0.6647,-0.7979,0.5390
8.9478,-0.4574,-6.9360,0.8799,-0.0043,0.1023
8.4808,2.6800,-6.7899,0.5880,-0.2855,0.6924
7.4820,3.0848,-9.1442,1.9665,0.0778,0.5763
10.4231,-2.4717,-6.1528,1.6544,0.5475,0.3451
15.6562,-3.8847,-5.5038,0.9566,-0.2546,-0.1992
14.6120,-5.9875,-6.0019,1.0962,0.0341,-0.6040
14.1689,-5.1086,-4.1745,-0.3462,-0.7169,-0.5838
11.5775,0.3760,-1.0442,-0.8586,-2.0773,-0.5550
5.7792,3.2381,-2.1819,0.9193,-1.2559,-1.0163
3.3578,1.0514,-3.0896,0.9481,-0.4389,-1.0269
3.0369,0.7664,-1.6765,0.6392,-0.4964,-0.9651
2.7447,1.7819,-1.4011,0.9289,-0.2876,-0.9119
2.0501,1.3005,-1.8322,0.7958,0.4016,-0.6349
3.4201,0.4311,-0.2347,0.6338,0.8384,-0.2855
4.5529,-0.5748,1.0778,0.5316,0.6583,-0.1278
5.2882,-0.8215,0.5844,0.8639,0.5891,-0.0820
6.7204,-0.7736,-0.9388,1.1302,0.6115,0.0224
9.8866,-2.0621,-1.6190,1.4988,0.4282,0.2674
15.1245,-1.8969,-2.8860,1.4275,-0.0629,0.0266
18.7099,-2.6633,-4.3350,0.7638,0.2993,-0.3707
19.2272,-2.3495,2.5866,-0.1800,-0.1310,-0.4868
14.7677,-4.0332,2.4357,0.2003,-0.6828,-0.5987
12.9307,-0.9796,-5.2499,-0.0234,-0.3622,-0.6850
16.0826,-5.3505,-6.9503,0.1150,-0.2354,-1.1366
11.8410,-6.1049,-7.4892,-0.7393,-1.5936,-0.8469
3.3937,-0.8239,-3.9206,-1.3561,-1.5319,0.0426
5.0942,1.7316,-5.8127,-0.5731,0.2173,-0.0128
12.0493,4.5889,-5.0942,-0.2557,1.3358,0.0085
14.5210,3.8153,-2.2250,-0.1470,0.5976,0.9172
11.2350,-0.4000,-2.8118,-0.3984,0.0000,1.3721
7.5994,-2.0717,-2.7495,-0.7468,-0.1790,1.5979
5.1972,-1.0107,-1.5352,-0.9758,-0.0767,1.3540
3.3746,-0.1605,-1.2071,-0.5220,0.2929,0.9438
2.5555,-0.2587,-1.8274,-0.5422,0.5902,0.8394
3.8009,-0.1485,-2.1914,-0.8160,1.1814,0.5305
6.3899,0.3760,-0.2323,-1.0791,0.9747,0.2131
6.2462,1.3388,-0.8071,-1.0227,0.5145,0.0490
5.2020,1.4274,-1.3891,-1.0599,0.6157,-0.1779
6.6055,1.7651,-2.0358,-1.0493,1.0535,-0.4953
11.0267,2.4717,-2.7255,-1.1558,0.6658,-0.5454
12.8397,3.6261,-3.6859,-0.4634,0.0937,-0.5444
15.0048,4.3494,-3.4536,-0.0213,0.5284,-0.2152
18.8967,6.7132,1.6190,0.1150,0.4432,0.5486
16.4155,7.3264,0.6850,0.2237,-0.6871,0.7052
8.9598,2.7040,-4.1027,1.0642,-0.1971,0.2908
9.8004,2.4980,-10.0639,1.2314,0.4240,0.3089
10.0040,3.4081,-10.6507,1.9313,0.4389,0.7979
12.8134,-1.9951,-5.6522,1.6245,0.2461,0.4762
14.2264,-1.8801,-4.2248,1.1366,-0.9001,-0.2471
11.7859,-5.3696,-7.0677,1.6256,-0.1406,-0.7041
12.1835,-7.1851,-6.6605,0.2866,0.0266,-0.4858
12.7199,-1.9304,-1.8226,-0.9161,-1.4520,-0.3803
8.7658,2.4669,-1.1951,0.3377,-1.6256,-0.7265
4.1362,0.9460,-3.3674,1.3614,-0.7169,-1.0344
2.2417,0.4000,-3.1279,0.7713,-0.5657,-0.9108
1.7915,2.0789,-1.7100,0.9151,-0.5444,-0.9385
1.4969,2.6369,-2.4501,1.1920,0.1012,-0.8096
2.9267,1.1616,-1.6310,1.0376,0.8991,-0.4964
4.5194,-0.5628,0.3090,0.7915,0.5848,-0.1747
4.7373,-2.4836,0.4143,0.8980,0.6392,-0.0778
6.7108,-2.9219,0.0814,0.8394,0.8330,0.0000
9.2615,-2.5603,-1.0466,1.0365,0.3973,0.2067
11.5105,-2.4525,-2.6633,1.1015,-0.0309,0.3409
16.3484,1.6214,-3.1135,1.1430,-0.1491,0.0000
20.4822,-1.4442,-2.9483,0.2631,0.3196,-0.5475
17.8836,-2.3471,3.1279,0.0469,-0.4772,-0.5081
12.7607,-3.0968,0.0000,0.0618,-0.6977,-0.4602
11.9152,-2.9028,-5.8630,0.1332,-0.2216,-0.3995
14.3462,-9.7621,-7.2066,-0.0341,-0.3835,-0.9065
7.1898,-5.9468,-7.2689,-1.3167,-1.7715,-0.2344
4.8547,0.2227,-4.6224,-1.3785,-0.3505,-0.0980
9.7980,4.1362,-6.9312,-1.0408,0.5699,0.0202
13.4959,5.3217,-4.1027,-0.8021,0.8096,0.5124
12.5571,2.2250,-2.6225,-0.6349,0.1630,1.2528
9.4124,-0.7975,-2.7040,-0.8298,-0.2748,1.5649
7.0150,-1.3460,-2.5603,-1.1505,-0.2312,1.4828
5.0367,-0.8143,-1.6023,-1.1878,-0.1662,1.1824
3.4129,-1.5352,-1.8274,-0.9406,0.1417,0.8522
2.1100,-1.5520,-2.7016,-1.4115,0.3920,0.6935
3.0393,-0.1269,-2.2369,-1.4935,1.1185,0.3270
5.7241,0.9149,-0.3353,-1.6554,1.0535,0.0501
6.6438,2.1867,0.2132,-1.5340,0.7627,-0.1065
6.8498,2.7471,-0.0407,-1.6107,0.7382,-0.1960
7.9275,3.5710,-1.0179,-1.4924,0.6477,-0.1886
9.1538,5.3648,-4.0260,-1.0812,0.3356,-0.1577
10.9189,4.0260,-4.9625,0.1204,0.7372,-0.2535
16.1688,1.7915,-1.1017,-0.0554,0.9470,-0.0511
19.4164,3.9326,0.1006,0.0490,0.1843,0.3238
15.7592,5.3409,0.4072,0.0352,-0.7372,0.4815
9.8747,5.2379,-5.7840,0.7638,-0.3846,0.0426
10.1453,3.8201,-8.3945,1.3348,0.6871,0.3750
11.4338,3.9973,-8.3538,2.1465,0.0565,0.8511
11.4314,-2.0286,-6.1911,2.0272,-0.1193,0.6775
11.8434,-1.2765,-5.1062,1.2559,-0.9406,-0.0373
10.3848,-4.6200,-8.6269,1.8972,0.4240,-0.7212
13.5151,-6.7947,-5.8007,0.3675,0.5103,-0.6264
14.4803,-2.2968,-1.3987,-0.7681,-1.4434,-0.4943
9.1586,1.3652,-1.3316,0.3558,-1.6117,-0.8426
3.8416,-0.0766,-3.8488,0.9854,-0.6903,-1.0983
1.9879,0.0599,-3.2021,0.4037,-0.4048,-1.0312
1.7124,1.7532,-1.6023,0.6317,-0.2802,-1.0930
2.4812,2.6561,-1.7963,0.8160,0.2706,-0.8682
4.1961,1.2263,-0.6467,0.6338,0.6445,-0.4804
4.8116,-0.3664,0.2395,0.5614,0.4953,-0.1534
4.9481,-2.0789,0.1389,0.6253,0.6168,-0.0703
6.4402,-1.9448,-0.0982,0.4698,0.6338,-0.0458
9.0963,-1.2742,-0.9005,0.9577,0.3547,0.0778
13.0002,-1.6933,-3.0297,1.3369,-0.0394,0.0394
16.6669,0.2970,-4.8571,0.9928,-0.1609,-0.0895
19.9936,-0.5485,-0.4598,0.0639,0.0948,-0.4602
16.6837,-2.7279,4.1362,0.1896,-0.5220,-0.5444
11.0626,-3.0800,-1.4250,-0.0575,-0.7702,-0.5358
12.5260,-1.9927,-5.1565,0.4048,-0.1502,-0.6711
14.8108,-9.4484,-9.4244,0.1033,-0.4314,-1.1761
7.4222,-4.5865,-6.6797,-1.6203,-2.0837,-0.0309
4.7302,-0.5844,-4.1554,-1.2559,-0.6413,0.1140
9.0460,2.1148,-7.0869,-1.1824,0.6029,0.0213
12.5499,5.6618,-2.9555,-0.5795,0.9886,0.5071
12.5116,2.1196,-1.9567,-0.4229,0.3164,1.2826
9.3430,-0.9173,-3.9542,-0.9449,-0.0586,1.5926
6.7707,-1.4705,-3.2860,-1.2954,-0.0724,1.5276

