-.-.-
6.7037,-5.9396,1.1352,0.7084,-0.4879,0.1161
6.8617,-6.0762,0.8909,0.7766,-0.4282,0.1300
7.6808,-6.0307,0.8263,0.7968,-0.4602,0.1353
8.1670,-5.7265,0.6227,0.8000,-0.4868,0.1523
8.5694,-5.9732,0.5964,0.8096,-0.5124,0.1140
8.7634,-6.5815,0.6658,0.7499,-0.6051,0.0831
8.4760,-6.7731,0.8838,0.6754,-0.6732,0.0415
8.3347,-6.5216,1.3436,0.6583,-0.6594,-0.0160
8.5287,-6.6701,1.5592,0.6764,-0.6232,-0.0671
9.0795,-7.1563,1.0849,0.7329,-0.6051,-0.1417
9.4124,-8.0425,0.2874,0.6967,-0.6487,-0.2684
9.0963,-8.9023,-0.2060,0.4762,-0.6988,-0.4186
8.1239,-8.4209,-1.4250,0.2791,-0.5252,-0.4421
7.0318,-8.4736,-0.9508,0.1854,-0.5145,-0.3419
5.7337,-7.4389,-0.1892,0.2354,-0.5848,-0.2248
4.8164,-6.3516,-0.3209,0.3739,-0.6061,-0.0969
4.8403,-5.4822,-1.3747,0.5529,-0.4559,-0.0458
5.6690,-6.0690,-2.6058,0.7244,-0.2131,-0.0447
7.1803,-7.3383,-3.0034,0.6285,-0.2535,0.0170
7.2593,-7.6090,-2.4884,0.3846,-0.4549,0.1886
6.4474,-6.8809,-1.3221,0.4048,-0.3867,0.3249
6.3444,-6.6390,-0.7760,0.5156,-0.2610,0.3792
6.5576,-6.4091,-0.8694,0.5454,-0.2344,0.4336
6.5552,-6.2294,-1.0778,0.5241,-0.2312,0.4879
6.6989,-5.9540,-1.1592,0.6147,-0.1449,0.4943
6.9168,-6.4402,-0.8670,0.5582,-0.1502,0.4463
6.8186,-6.3324,-0.6203,0.4463,-0.1715,0.3494
6.9503,-5.9852,-0.6562,0.4463,-0.0969,0.2322
7.2976,-5.6331,-0.7712,0.4623,-0.1129,0.1598
7.4749,-5.2858,-0.9245,0.5262,-0.1119,0.1364
7.4174,-5.8582,-1.0514,0.6083,-0.0852,0.1278
7.3120,-6.0283,-0.9652,0.5657,-0.1087,0.1587
7.3982,-6.1480,-1.0323,0.5720,-0.0373,0.1289
7.5156,-6.3348,-1.1376,0.5071,-0.0639,0.1033
7.3335,-6.1408,-1.0586,0.4346,-0.0703,0.0927
7.3072,-6.0498,-0.8550,0.3728,-0.0756,0.0501
7.3120,-5.6978,-0.7449,0.3004,-0.0671,-0.0117
7.7838,-5.4750,-0.7951,0.2823,-0.0288,-0.0650
8.1431,-5.3289,-0.9388,0.2248,-0.0788,-0.1119
8.0089,-5.0583,-0.7592,0.2226,-0.1268,-0.1470
8.0377,-5.1924,-0.8430,0.2503,-0.0874,-0.2099
7.8796,-5.5349,-0.8981,0.2184,-0.1587,-0.2344
7.4030,-5.7001,-0.8167,0.1939,-0.1278,-0.2301
7.4389,-6.1001,-0.7089,0.2003,-0.0224,-0.2162
8.0257,-6.4330,-0.6491,0.1001,0.0905,-0.1886
8.6915,-6.4953,-0.7017,0.0479,0.1704,-0.1662
8.7298,-6.3372,-0.7017,0.0266,0.1768,-0.1193
8.7466,-5.9732,-0.3664,-0.0021,0.2045,-0.0810
8.8544,-5.7241,-0.1844,0.0554,0.3111,-0.0533
9.2975,-6.2103,-0.1245,0.0948,0.2461,-0.0256
9.2807,-6.2414,-0.7329,0.1353,0.1310,0.0320
9.4915,-6.1025,-1.7005,0.3558,0.0533,0.1619
9.2831,-6.2127,-2.7279,0.5848,-0.1342,0.4293
7.9036,-6.1145,-3.4033,0.7649,-0.2450,0.6008
6.6725,-7.6233,-3.3842,0.7425,-0.3270,0.5369
6.1983,-8.7562,-3.5853,0.3473,-0.4016,0.3771
5.5660,-8.6724,-3.3434,-0.1065,-0.6136,0.1928
5.3409,-7.7335,-2.1220,-0.3185,-0.7787,0.1427
6.1360,-6.6222,-1.2718,-0.1012,-0.5944,0.2152
7.9922,-6.7827,-1.2957,0.0884,-0.5028,0.1949
8.8328,-6.9408,-1.3101,0.0075,-0.7830,0.1246
8.0640,-6.8761,-1.3580,0.0117,-0.8991,-0.0224
7.0126,-6.3803,-1.4442,0.1545,-0.8511,-0.1065
6.7755,-5.8894,-1.0083,0.2972,-0.9108,-0.1619
6.6558,-5.5205,-0.9317,0.4996,-0.8320,-0.1182
7.0030,-5.9037,-0.6323,0.5486,-0.8842,-0.0788
6.8953,-6.2055,-0.3593,0.5582,-0.9460,-0.0799
6.6845,-6.3779,-0.1605,0.5955,-0.8639,-0.0767
6.5432,-6.4426,-0.1653,0.6349,-0.8021,-0.0724
6.1313,-6.5456,-0.3018,0.5784,-0.7958,-0.0703
5.7337,-6.4378,-0.3616,0.5625,-0.6914,-0.0533
5.6642,-6.2390,-0.2491,0.5699,-0.5614,-0.0426
5.6762,-6.0929,-0.3856,0.6072,-0.4091,-0.0405
5.9660,-6.2390,-0.3952,0.6136,-0.2983,-0.0234
6.2007,-6.3779,-0.3018,0.6136,-0.2162,-0.0117
6.5432,-6.3708,-0.3401,0.5742,-0.1587,0.0213
6.7995,-6.2438,-0.0455,0.5465,-0.0927,0.0224
7.2234,-6.4067,-0.0096,0.5614,-0.0948,0.0138
7.3862,-7.0366,0.0551,0.4400,-0.2024,0.0309
7.2186,-6.7947,0.2850,0.3302,-0.3132,0.0788
7.3695,-6.3947,0.0455,0.3505,-0.2621,0.0724
7.9634,-6.5025,-0.0168,0.3483,-0.2780,0.0149
8.1287,-6.8378,0.3760,0.2780,-0.3270,-0.0234
7.9347,-6.7971,0.9676,0.2162,-0.3419,-0.0543
7.9682,-6.4546,1.3963,0.2429,-0.2983,-0.1119
8.0856,-6.2582,1.7532,0.3153,-0.2748,-0.1651
8.1311,-6.5168,2.2154,0.3675,-0.2557,-0.1534
7.7383,-7.0078,2.1603,0.4005,-0.2674,-0.1321
7.0701,-7.8485,1.4442,0.4197,-0.1214,-0.2131
7.7096,-8.7658,0.7856,0.3654,0.0341,-0.3206
8.1814,-9.8651,0.0192,0.1055,0.0767,-0.4336
8.8999,-10.0854,-1.1113,-0.1491,0.1374,-0.5444
7.9898,-9.8052,-1.7172,-0.6051,0.0352,-0.4943
6.1624,-8.0425,-0.4670,-0.7414,-0.0511,-0.3334
4.8308,-5.7816,-0.0934,-0.5156,-0.0629,-0.1268
4.6679,-4.5889,-0.8335,-0.2162,0.0234,0.0437
4.8787,-4.4260,-1.9352,0.0639,0.1939,0.1065
6.3420,-6.1935,-2.6273,0.3004,0.3984,-0.0362
8.0856,-8.0257,-2.7782,0.0234,0.0842,-0.0692
7.7814,-7.2401,-1.7484,-0.3217,-0.3451,0.1300
7.0078,-6.0043,-0.8502,-0.0980,-0.0799,0.2354
7.0964,-6.4761,-1.2239,0.0778,0.1491,0.2557
6.5336,-6.9815,-1.2119,0.0916,0.0969,0.3579
5.7552,-7.0366,-0.9867,0.0533,0.1886,0.4698
5.4535,-6.8953,-1.0299,0.0639,0.3430,0.4783
5.8295,-6.5911,-1.2718,0.0245,0.4645,0.4080
6.6246,-6.4737,-1.2789,-0.0948,0.3995,0.3238
7.2138,-6.0570,-1.0586,-0.1321,0.3771,0.2866
7.6521,-5.7073,-1.0059,-0.1225,0.3260,0.2525
7.6856,-5.5061,-0.8981,-0.0692,0.2983,0.2290
7.6257,-5.6307,-0.7999,-0.0011,0.2780,0.2141
7.5659,-5.7241,-0.6083,0.0277,0.2546,0.2067
7.3815,-5.9037,-0.6610,0.0607,0.2514,0.1843
7.2641,-6.0235,-0.6299,0.0543,0.2631,0.1140
7.2689,-6.0977,-0.5940,0.0181,0.2898,0.0565
7.2186,-6.0331,-0.5365,-0.0522,0.3047,-0.0149
7.1084,-5.8989,-0.5413,-0.0724,0.3931,-0.0937
7.3288,-5.7337,-0.5149,-0.0959,0.4442,-0.1790
7.4629,-5.6283,-0.6347,-0.1534,0.4112,-0.2471
7.5060,-5.4247,-0.5868,-0.1609,0.3888,-0.2940
7.6808,-5.6355,-0.8215,-0.0959,0.3963,-0.3174
7.8317,-6.0977,-0.8909,-0.1353,0.3366,-0.2972
7.6593,-6.5552,-0.7209,-0.1598,0.2674,-0.2653
7.5994,-6.7276,-0.6874,-0.1949,0.2376,-0.2056
8.2963,-6.2534,-0.5916,-0.2141,0.2866,-0.0980
9.2184,-5.7816,-0.1269,-0.1939,0.2631,-0.0138
9.1777,-5.4127,0.1892,-0.0927,0.2450,0.0735
9.3765,-5.4726,0.1341,0.0309,0.2791,0.1076

