-.-.-
9.5130,-2.3040,-0.8215,0.0533,-0.2045,-0.2088
9.0268,-2.8908,-1.0107,0.0852,-0.3111,-0.2162
8.2987,-3.0824,-0.7425,0.0916,-0.3622,-0.2312
7.6042,-3.3482,-0.5700,0.1289,-0.2493,-0.2503
7.5994,-3.7003,-0.3856,0.0948,-0.0820,-0.2269
8.0113,-4.0715,-0.4407,0.0181,-0.0234,-0.1843
8.4377,-3.9901,-0.5077,-0.0597,-0.0117,-0.1502
8.6340,-3.6596,-0.4838,-0.0969,-0.0234,-0.1321
8.4784,-3.2500,-0.3760,-0.1129,-0.0256,-0.1119
8.4424,-2.8956,-0.2611,-0.0756,0.0298,-0.0969
8.4448,-2.5220,-0.0719,-0.0447,0.0980,-0.0682
8.4017,-2.3591,0.1293,0.0128,0.1332,-0.0511
8.3299,-2.2992,0.3377,0.0724,0.1694,-0.0394
8.4784,-2.3783,0.3736,0.1353,0.1864,-0.0107
8.5023,-2.7471,0.1221,0.1875,0.1502,0.0383
8.6724,-3.6117,-0.1102,0.2024,0.1172,0.0522
9.0843,-3.7099,0.0862,0.1768,0.1257,0.0426
9.7525,-3.5949,-0.1581,0.1630,0.1886,0.0085
10.2555,-3.6141,-0.1653,0.1342,0.1193,-0.0234
10.5596,-3.4009,0.5844,0.0874,-0.0043,-0.0128
10.3225,-3.0249,1.0394,0.0905,-0.0842,-0.0011
10.5046,-2.4621,1.6334,0.2546,-0.0671,-0.0660
10.2938,-2.6202,1.6334,0.3047,-0.1981,-0.1044
9.7190,-3.2405,0.9556,0.3324,-0.1076,-0.1587
10.0902,-4.6056,0.3425,0.3334,0.0266,-0.2738
11.2446,-6.2941,-0.6634,0.0639,0.0149,-0.4016
11.3404,-6.1815,-1.3747,-0.2716,-0.0607,-0.4155
10.7009,-6.3133,-1.3077,-0.4346,-0.1374,-0.3398
9.1418,-4.7613,-0.4886,-0.5081,-0.4687,-0.1470
6.2031,-2.1148,-0.8550,-0.2599,-0.2141,0.1651
6.3684,-2.0166,-1.7076,-0.0767,0.0788,0.2226
7.5802,-2.6752,-2.5076,0.0458,0.1981,0.0810
8.8999,-3.7578,-2.4357,0.0011,0.1417,-0.0746
9.1490,-3.9230,-2.1292,-0.1523,0.0000,-0.0533
9.0891,-3.4129,-1.6574,-0.1641,0.0565,0.0937
9.1250,-3.4728,-1.3412,-0.1023,0.0298,0.2439
8.4832,-4.0188,-1.3628,-0.1491,0.0479,0.3910
8.0353,-4.4547,-1.4897,-0.2493,0.2695,0.4602
8.0185,-4.7709,-1.6861,-0.4101,0.3941,0.4549
8.3874,-4.2296,-1.5951,-0.5060,0.4719,0.4357
8.9909,-3.2572,-1.4634,-0.6019,0.3505,0.3707
9.3382,-2.3304,-1.2334,-0.6008,0.2738,0.3164
9.3741,-1.7005,-1.0035,-0.5145,0.2216,0.2844
9.2544,-1.4777,-0.7712,-0.3856,0.1939,0.2376
9.1514,-1.5951,-0.5269,-0.2589,0.1694,0.1864
9.1370,-1.8873,-0.3185,-0.1555,0.1108,0.1598
9.0867,-2.0022,-0.0263,-0.0905,0.0181,0.1577
8.9167,-1.7532,-0.0287,-0.0650,0.0309,0.1342
9.2879,-1.5975,-0.1892,-0.0128,0.1140,0.0660
9.6208,-2.0262,-0.1437,0.0064,0.1087,-0.0213
8.9861,-2.1220,-0.0910,-0.0192,0.1310,-0.0948
8.6005,-2.0070,-0.0383,-0.0394,0.2599,-0.2194
8.8448,-1.8370,-0.0814,-0.0820,0.3728,-0.3015
9.4100,-1.7747,-0.3832,-0.1619,0.4282,-0.3089
9.6064,-1.9639,-0.7544,-0.1864,0.3537,-0.2727
9.4603,-2.6417,-1.0490,-0.1800,0.2812,-0.2301
9.4316,-3.0441,-1.0754,-0.2376,0.1843,-0.1438
9.3358,-2.6441,-1.0658,-0.2759,0.1800,-0.0256
9.7094,-1.9376,-0.7975,-0.2631,0.2162,0.1300
10.1740,-2.3016,-0.0024,-0.2812,0.2365,0.1843
10.7656,-3.1638,0.1820,-0.3643,0.3409,0.1630
11.2638,-2.7088,-0.3545,-0.4016,0.2983,0.1257
11.5679,-1.6190,-0.9748,-0.1459,0.3846,0.1917
11.9727,-1.1760,-1.6933,0.0309,0.4368,0.3696
11.3548,-1.8418,-2.3136,0.2770,0.3888,0.3931
10.5836,-3.5135,-2.3064,0.2439,0.1672,0.3313
9.2711,-4.1266,-2.5938,-0.0181,-0.2184,0.2525
7.2569,-3.8033,-2.6824,-0.1278,-0.4943,0.1577
5.8965,-3.9302,-2.2154,-0.1736,-0.4932,0.1513
6.4881,-3.8057,-1.7005,-0.1459,-0.2290,0.2503
8.7777,-4.3973,-1.5616,-0.1822,-0.1481,0.3206
10.4327,-4.8906,-1.3676,-0.3004,-0.3143,0.2812
10.7872,-4.0141,-1.1089,-0.3995,-0.3206,0.1289
10.6650,-3.1782,-0.9844,-0.3665,-0.1715,-0.0746
10.2938,-2.2920,-0.7329,-0.2120,-0.2290,-0.1704
9.6471,-2.1435,-0.5676,-0.0373,-0.2535,-0.2003
8.9454,-2.0022,-0.8239,0.0959,-0.3473,-0.2407
8.4951,-2.4477,-0.8478,0.1854,-0.2961,-0.2951
8.2437,-2.9243,-0.3904,0.2237,-0.2407,-0.3505
8.2077,-3.3602,-0.0790,0.1907,-0.1768,-0.3558
8.2461,-3.6811,0.0144,0.1374,-0.1683,-0.3153
8.1526,-3.5806,-0.0503,0.0905,-0.1385,-0.2461
8.1167,-3.5087,-0.1796,0.0479,-0.1108,-0.1981
8.1024,-3.3794,-0.1629,0.0213,-0.0650,-0.1630
8.1095,-3.2476,-0.0814,0.0266,0.0032,-0.1513
7.9994,-2.9674,0.1054,0.0383,0.1055,-0.1374
8.1910,-2.7662,0.4455,0.0756,0.1619,-0.1268
8.4760,-2.6130,0.3832,0.1076,0.2003,-0.0927
8.6508,-2.4621,0.3090,0.1438,0.1619,-0.0224
8.6556,-2.4118,0.1796,0.2067,0.1694,0.0405
9.1346,-2.9052,-0.0024,0.2290,0.1779,0.0501
10.0232,-3.7195,0.0144,0.2322,0.1204,0.0170
10.2387,-3.6620,0.2132,0.1513,-0.0874,0.0032
10.0519,-3.0273,0.1054,0.1758,-0.0756,-0.0075
10.7057,-3.1471,1.0586,0.2162,-0.1502,-0.0533
10.7584,-3.0321,1.4490,0.2546,-0.2621,-0.0799
10.5189,-2.9459,1.0370,0.3164,-0.2109,-0.1097
10.4303,-3.5901,0.6035,0.4208,-0.1342,-0.1545
10.8638,-5.2427,-0.0766,0.3217,-0.0874,-0.2450
11.0243,-5.8391,-0.3688,0.1257,-0.0607,-0.3143
10.1740,-5.3816,-0.2419,-0.0064,-0.0490,-0.2898
9.7334,-5.2187,-0.1533,-0.0905,-0.1790,-0.1992
7.8102,-3.2836,-0.1916,-0.0852,-0.3015,0.0245
6.5743,-2.3327,-0.8215,0.0852,-0.0692,0.2184
7.1946,-2.6441,-1.6502,0.2418,0.0618,0.1758
7.9107,-3.2237,-2.1771,0.2621,0.1310,-0.0096
8.5550,-3.6668,-2.3543,0.1662,0.0874,-0.1438
9.2975,-3.1016,-2.2178,0.1577,0.0650,-0.1236
9.7645,-2.6657,-1.7747,0.2280,-0.0724,-0.0160
9.2089,-2.7734,-1.4801,0.2791,-0.1374,0.1321
8.6724,-3.3027,-1.5927,0.2993,0.0043,0.2716
8.6963,-4.3470,-1.6693,0.1854,0.1300,0.3707
8.8927,-4.7469,-1.5975,0.0085,0.1832,0.3984
8.6796,-4.3158,-1.4059,-0.1257,0.0575,0.4176
8.5502,-3.2045,-1.1664,-0.1779,0.0937,0.3984
8.9047,-2.2322,-0.9532,-0.1928,0.1374,0.3665
9.2256,-1.6118,-0.7137,-0.1438,0.1246,0.3185
9.2184,-1.5448,-0.4718,-0.0682,0.1129,0.2674
9.0843,-1.5544,-0.1820,0.0096,0.0874,0.2013
9.0508,-1.4250,-0.1365,0.0810,0.0905,0.1193
9.3813,-1.2670,-0.2443,0.1768,0.0863,0.0554
9.4627,-1.3843,-0.3042,0.2631,0.0533,0.0075
9.3717,-1.6981,-0.3664,0.3270,0.0639,-0.0394
9.2663,-2.1364,-0.2347,0.3260,0.0629,-0.0703
9.0723,-2.3854,-0.1796,0.2706,0.0788,-0.1012
8.9693,-2.2848,-0.2251,0.2088,0.1204,-0.1523
9.1322,-2.0334,-0.4072,0.1321,0.1502,-0.1875
9.3645,-1.8442,-0.5317,0.0874,0.1353,-0.1939

