-.-.-
9.5394,-0.1700,1.8011,-0.0053,0.0192,0.0213
9.6040,-0.1198,1.7987,0.0128,0.0362,0.0245
9.6783,-0.0551,1.8585,0.0149,0.0362,0.0245
9.6400,-0.0192,1.9232,0.0138,0.0298,0.0170
9.6088,0.0838,1.9304,0.0160,0.0298,0.0170
9.6208,0.2108,1.9543,0.0469,0.0277,0.0160
9.6112,0.2156,1.9208,0.0863,0.0341,0.0245
9.5585,0.1413,1.9328,0.1204,0.0320,0.0234
9.5010,0.0431,1.9208,0.1385,0.0394,0.0256
9.5921,0.0263,1.8609,0.1523,0.0415,0.0309
9.6759,0.0024,1.8681,0.1651,0.0415,0.0298
9.7022,-0.0503,1.8346,0.1747,0.0447,0.0309
9.6879,-0.1174,1.8274,0.1758,0.0362,0.0352
9.6304,-0.1700,1.7412,0.1641,0.0320,0.0405
9.5489,-0.1557,1.7292,0.1683,0.0522,0.0362
9.6663,-0.1964,1.7029,0.1758,0.0650,0.0352
9.7358,-0.2443,1.7100,0.1726,0.0618,0.0373
9.7334,-0.2778,1.7100,0.1289,0.0341,0.0426
9.5992,-0.2203,1.6885,0.1204,0.0320,0.0426
9.5801,-0.2419,1.6789,0.1129,0.0362,0.0426
9.7022,-0.2539,1.7053,0.1055,0.0330,0.0415
9.7118,-0.2658,1.7484,0.0842,0.0128,0.0405
9.6160,-0.2227,1.6693,0.0799,0.0202,0.0447
9.7094,-0.1653,1.7029,0.0650,0.0213,0.0447
9.7118,-0.1150,1.7364,0.0756,0.0224,0.0426
9.6759,-0.1413,1.7148,0.0948,0.0202,0.0341
9.6400,-0.2132,1.6310,0.0980,0.0224,0.0426
9.5537,-0.2156,1.6765,0.0799,0.0224,0.0426
9.6160,-0.2299,1.6909,0.0820,0.0192,0.0426
9.6735,-0.2730,1.6526,0.0629,0.0202,0.0437
9.7932,-0.2371,1.6717,0.0565,0.0064,0.0394
9.7070,-0.1700,1.7172,0.0415,0.0043,0.0405
9.7214,-0.1293,1.6789,0.0447,0.0053,0.0426
9.7118,-0.0838,1.6765,0.0479,0.0085,0.0373
9.6879,-0.1509,1.6765,0.0575,0.0096,0.0352
9.6016,-0.1844,1.6071,0.0639,0.0138,0.0298
9.5418,-0.2587,1.6310,0.0383,0.0149,0.0256
9.5801,-0.2467,1.7076,-0.0021,0.0096,0.0320
9.7693,-0.1078,1.7005,-0.0021,0.0138,0.0330
9.8172,-0.0575,1.7532,0.0032,0.0149,0.0309
9.7334,-0.1581,1.7005,0.0149,-0.0032,0.0277
9.4915,-0.1724,1.6717,0.0096,0.0032,0.0288
9.5202,-0.1892,1.6693,-0.0138,0.0117,0.0245
9.7118,-0.1269,1.6502,-0.0256,0.0149,0.0362
9.8459,-0.0671,1.7124,-0.0405,-0.0043,0.0330
9.7860,-0.0503,1.7987,-0.0341,-0.0373,0.0277
9.6088,-0.0359,1.6526,-0.0298,-0.0288,0.0192
9.5130,0.0096,1.6382,-0.0405,0.0053,0.0128
9.6160,0.0240,1.7268,-0.0213,0.0170,0.0096
9.7358,-0.0096,1.6813,-0.0032,0.0170,0.0160
9.7046,-0.0144,1.7124,-0.0234,0.0011,0.0181
9.6088,0.0096,1.7364,-0.0224,0.0011,0.0170
9.6016,0.0742,1.7484,0.0011,0.0107,0.0160
9.7046,0.0240,1.7268,0.0234,0.0075,0.0149
9.6352,-0.0263,1.7579,0.0096,0.0021,0.0202
9.5513,-0.0335,1.7603,-0.0021,0.0032,0.0288
9.5442,-0.0503,1.7699,-0.0224,0.0128,0.0266
9.7334,0.0144,1.7268,-0.0160,0.0128,0.0245
9.7669,0.0910,1.7579,0.0053,-0.0011,0.0234
9.6663,-0.0120,1.8106,0.0170,0.0096,0.0170
9.6112,-0.1078,1.7915,0.0075,0.0032,0.0128
9.6447,-0.1102,1.7795,-0.0245,0.0075,0.0085
9.6591,-0.0216,1.7579,-0.0309,0.0096,0.0085
9.6711,-0.0192,1.7915,-0.0288,0.0021,0.0096
9.5992,-0.0096,1.8130,-0.0426,0.0011,0.0149
9.4843,-0.0048,1.8202,-0.0437,-0.0032,0.0085
9.5106,0.0263,1.8154,-0.0394,0.0181,0.0117
9.7334,0.0623,1.9016,-0.0277,0.0213,0.0181
9.8292,0.0311,1.9256,-0.0405,0.0053,0.0128
9.6495,0.0838,1.8969,-0.0597,-0.0096,0.0107
9.5346,0.1509,1.9136,-0.0298,0.0011,-0.0032
9.5322,0.1437,1.8394,0.0053,0.0181,0.0032
9.6208,-0.0072,1.7843,0.0309,0.0256,0.0138
9.6711,-0.1461,1.7963,0.0032,0.0107,0.0245
9.6902,-0.1892,1.7555,-0.0447,0.0053,0.0309
9.7693,-0.1006,1.8633,-0.0639,0.0011,0.0266
9.7334,-0.1078,1.8106,-0.0650,-0.0298,0.0320
9.5202,-0.1126,1.7244,-0.0735,-0.0128,0.0234
9.4292,-0.1126,1.7555,-0.0810,0.0011,0.0138
9.5130,-0.1126,1.7508,-0.0703,0.0213,0.0064
9.8507,-0.1916,1.7340,-0.0799,0.0138,0.0053
9.9393,-0.1581,1.7532,-0.0905,-0.0160,-0.0043
9.7286,-0.1748,1.8657,-0.1289,-0.0298,-0.0085
9.4651,-0.1653,1.7843,-0.1385,-0.0192,-0.0181
9.4388,-0.0599,1.7723,-0.1342,-0.0021,-0.0245
9.5298,-0.0144,1.7268,-0.1225,0.0202,-0.0256
9.7429,-0.0311,1.8753,-0.1161,0.0043,-0.0288
9.6831,-0.0671,1.8633,-0.1566,-0.0085,-0.0298
9.5657,0.0168,1.8657,-0.1641,-0.0107,-0.0320
9.6088,0.1030,1.8394,-0.1502,0.0128,-0.0288
9.6687,0.1461,1.9448,-0.1236,0.0085,-0.0245
9.6447,0.0695,1.9639,-0.1268,0.0011,-0.0224
9.5250,0.0719,1.8681,-0.1342,-0.0085,-0.0256
9.4531,0.1365,1.8490,-0.1278,-0.0011,-0.0245
9.5729,0.1700,1.8490,-0.1033,0.0192,-0.0224
9.6902,0.1174,1.9064,-0.0874,0.0160,-0.0181
9.6998,0.0623,1.9687,-0.0905,-0.0075,-0.0160
9.6352,0.0383,1.9495,-0.0895,-0.0107,-0.0149
9.6184,0.1317,1.9448,-0.0863,-0.0128,-0.0192
9.6136,0.1341,1.8705,-0.0778,0.0043,-0.0096
9.6160,0.0958,2.0118,-0.0650,-0.0064,-0.0085
9.4723,0.0335,1.8058,-0.0607,0.0043,-0.0075
9.4699,0.1054,1.8394,-0.0597,0.0192,-0.0138
9.6040,0.0671,1.8657,-0.0490,0.0373,-0.0128
9.7621,0.0240,1.9304,-0.0565,0.0277,-0.0160
9.7190,-0.0503,1.9232,-0.0629,0.0096,-0.0138
9.5801,-0.0335,1.9088,-0.0703,0.0107,-0.0128
9.6495,0.0551,1.8753,-0.0735,0.0245,-0.0117
9.7980,0.0862,1.9256,-0.0639,0.0096,-0.0107
9.6855,0.0216,1.8777,-0.0447,0.0032,-0.0160
9.5897,-0.1150,1.8370,-0.0309,0.0000,-0.0234
9.4100,-0.1365,1.7340,-0.0458,0.0053,-0.0309
9.5130,-0.1437,1.7627,-0.0554,0.0245,-0.0341
9.7645,-0.1341,1.8753,-0.0703,0.0107,-0.0352
9.8268,-0.0934,1.8202,-0.0724,0.0160,-0.0298
9.7429,-0.0623,1.8657,-0.0820,0.0000,-0.0256
9.5130,-0.0455,1.8130,-0.0820,0.0032,-0.0277
9.4436,0.0479,1.8250,-0.0650,0.0192,-0.0192
9.6352,0.0287,1.8897,-0.0682,0.0096,-0.0117
9.6208,0.0671,1.8849,-0.0501,0.0107,-0.0032
9.6256,0.0144,1.9352,-0.0533,0.0043,-0.0011
9.6400,-0.0024,1.9495,-0.0437,-0.0021,0.0011
9.7094,-0.0263,1.8753,-0.0415,0.0011,0.0053
9.7405,-0.0096,1.9927,-0.0426,-0.0043,0.0107
9.7022,-0.0048,1.8657,-0.0479,-0.0128,0.0075
9.5753,0.0048,1.8849,-0.0352,-0.0032,0.0021
9.4891,-0.0120,1.7963,-0.0288,0.0128,-0.0096
9.5298,-0.0479,1.8609,-0.0117,0.0160,-0.0128

