-.-.-
3.6356,-3.8560,-0.5245,0.1161,-0.0991,0.0138
5.0798,-5.3529,-2.2178,0.6338,0.0799,-0.0863
6.6222,-7.9515,-3.1518,0.5305,-0.0362,-0.1289
6.7827,-8.9741,-2.7830,0.1023,-0.2461,0.0256
5.3768,-8.0688,-1.4394,0.1182,-0.2407,0.1523
4.1027,-7.5132,-1.0514,0.3505,-0.0149,0.2216
3.5350,-7.9371,-1.4705,0.3654,0.1758,0.2961
3.8392,-8.7969,-1.8705,0.3750,0.4037,0.3590
4.7158,-9.2424,-2.4142,0.0980,0.4357,0.4186
5.5301,-8.6101,-1.9998,-0.1651,0.3270,0.4123
6.3971,-7.2952,-1.3388,-0.2461,0.2695,0.3601
6.9599,-6.1552,-0.9293,-0.1172,0.2578,0.2695
7.0390,-5.8295,-0.8742,0.0884,0.1683,0.1768
6.6079,-6.1887,-0.8598,0.2535,0.1012,0.1044
6.3157,-6.8593,-0.9245,0.3281,0.0554,0.0703
6.2055,-7.3575,-0.9197,0.3079,0.0043,0.0639
6.1432,-7.3168,-0.9652,0.2844,-0.0138,0.0586
6.0378,-7.1946,-0.9987,0.3015,-0.0043,0.0415
5.8941,-7.2952,-0.9412,0.2866,-0.0394,0.0277
5.6020,-7.2928,-0.7616,0.2120,-0.0479,0.0138
5.9085,-6.9192,-0.6778,0.1917,0.0256,-0.0309
6.6222,-6.8593,-0.8814,0.1875,0.0692,-0.0724
7.1156,-6.9456,-0.9939,0.1364,0.0064,-0.1097
7.0150,-6.8114,-0.8790,0.1012,-0.0266,-0.1225
6.8234,-6.7587,-0.8862,0.1268,-0.0352,-0.1683
6.6629,-7.0461,-1.0849,0.1417,-0.0842,-0.2152
6.4163,-7.4940,-1.1233,0.0991,-0.1672,-0.2301
6.1720,-7.6353,-1.1352,0.0746,-0.1683,-0.1875
6.4522,-7.3838,-1.1496,0.1140,-0.0735,-0.1108
7.3743,-7.3240,-1.1304,0.1566,-0.0288,-0.0522
7.6593,-7.6233,-0.7449,0.1481,-0.0682,-0.0490
7.6760,-8.1431,-0.6251,0.1577,-0.0394,-0.0479
8.1958,-8.3993,-1.1089,0.1726,-0.0948,-0.0138
8.4616,-8.4377,-1.9376,0.3398,-0.2471,0.1736
8.4592,-7.9563,-2.7447,0.4751,-0.4485,0.3867
7.4150,-6.9120,-3.2644,0.6008,-0.6093,0.3867
5.5900,-7.2521,-3.6955,0.6711,-0.6711,0.2770
3.6931,-8.3898,-3.6620,0.4794,-0.7404,0.1566
3.1039,-8.7514,-2.1364,-0.0234,-0.8629,0.0756
3.8560,-8.3227,-0.8694,-0.2077,-0.8181,0.0511
6.0259,-8.2484,-0.9317,0.0160,-0.6264,0.0756
8.2700,-8.6317,-2.1867,0.0277,-0.9065,0.0660
7.9227,-7.8437,-1.8849,-0.0565,-1.2677,0.0096
6.3420,-7.1060,-1.4322,0.2898,-1.2506,-0.0746
5.8917,-7.1276,-1.4442,0.5646,-1.1143,-0.1278
5.8750,-7.5084,-1.4897,0.6935,-1.1281,-0.1981
5.6810,-7.9443,-1.4681,0.5944,-1.2687,-0.1981
5.1828,-7.8652,-1.0969,0.4634,-1.3497,-0.1577
4.8667,-7.5946,-0.4766,0.4421,-1.3252,-0.1246
4.7206,-7.4677,-0.1892,0.5156,-1.2101,-0.1065
4.8116,-7.4701,-0.4838,0.5625,-1.0908,-0.1097
4.7421,-7.3551,-0.7089,0.5380,-0.9790,-0.0991
4.4212,-6.9743,-0.6443,0.5816,-0.7744,-0.0746
4.3470,-7.0390,-0.4766,0.6583,-0.5486,-0.0543
4.4907,-7.5587,-0.3042,0.6008,-0.4101,-0.0458
4.6224,-7.6952,-0.1150,0.5135,-0.2855,0.0149
4.9936,-7.6880,0.1198,0.4730,-0.2045,0.0586
5.4559,-7.7623,0.2898,0.4197,-0.1790,0.0703
5.9684,-7.7958,0.7161,0.4016,-0.2471,0.0330
6.2318,-7.4629,0.6107,0.3984,-0.3260,0.0224
6.6246,-7.5611,0.4814,0.4293,-0.4261,0.0096
7.1012,-7.3599,0.3808,0.4101,-0.5507,-0.0021
7.3264,-7.3431,0.2323,0.4783,-0.6147,-0.0277
7.5084,-7.9467,0.4359,0.4943,-0.7286,-0.0501
7.1515,-8.2077,0.9412,0.4069,-0.9097,-0.0501
6.6989,-7.8317,1.6789,0.3792,-1.0376,-0.0511
6.9432,-7.5156,1.3963,0.4911,-1.0035,-0.0639
7.2090,-8.4688,0.3305,0.6413,-0.8884,-0.1065
7.1875,-11.1392,-0.7736,0.7073,-0.7073,-0.2972
6.9575,-12.6649,-2.3783,0.4900,-0.4368,-0.4687
5.4678,-12.5834,-2.3327,0.0522,-0.4730,-0.4229
4.5002,-9.7166,-1.2167,-0.1736,-0.6615,-0.2770
3.5973,-5.9061,0.4143,-0.0629,-0.8000,0.0107
3.0489,-3.8272,-0.2922,0.3462,-0.6498,0.2184
4.3062,-3.9326,-1.8897,0.8448,-0.3941,0.1683
6.0905,-6.9096,-3.1279,1.0706,-0.2173,-0.0703
6.9671,-9.5657,-3.7674,0.6434,-0.3760,-0.0937
5.8846,-9.6759,-2.4262,0.2248,-0.6210,0.1523
4.3709,-8.3754,-0.7975,0.2152,-0.4815,0.3718
3.9901,-7.6808,-0.8023,0.3025,-0.2312,0.4602
4.8092,-7.7958,-1.3412,0.3899,-0.0447,0.5412
5.6451,-8.1982,-1.6789,0.2791,-0.0692,0.6274
5.7480,-7.3335,-1.5089,0.1491,-0.1417,0.6168
5.8654,-6.0786,-1.0778,0.1811,-0.1321,0.4708
6.3468,-5.6163,-0.9604,0.3782,-0.0692,0.2727
6.8857,-6.1839,-1.1807,0.4900,-0.0511,0.1161
6.9240,-6.7564,-1.3053,0.5284,-0.0575,0.0362
6.6725,-7.0725,-1.3604,0.5603,-0.0767,0.0245
6.4618,-7.5060,-1.5711,0.5390,-0.1427,0.0330
6.3133,-7.3288,-1.5160,0.5081,-0.1747,0.0437
6.1001,-7.3934,-1.5568,0.4985,-0.1630,0.0362
6.0067,-7.3431,-1.5400,0.4645,-0.1246,0.0298
5.8630,-7.3815,-1.5137,0.3973,-0.0799,0.0149
5.7888,-7.3192,-1.3532,0.2866,-0.0362,-0.0277
5.9085,-7.1635,-1.1304,0.1854,0.0405,-0.0810
6.2510,-7.0150,-0.9724,0.1236,0.1172,-0.1438
6.6342,-6.9120,-1.0083,0.0607,0.1321,-0.1939
6.7587,-6.8617,-1.1065,0.0778,0.1055,-0.2258
6.7132,-7.1922,-1.3149,0.0980,0.0703,-0.2621
6.3636,-7.6808,-1.3053,0.0511,0.0330,-0.2695
6.0283,-7.7096,-1.3556,0.0426,0.1023,-0.1896
6.6749,-7.5515,-1.4011,0.0565,0.2216,-0.0767
7.1731,-7.8365,-1.3197,0.0128,0.2344,-0.0288
7.0964,-7.8892,-0.9915,-0.0597,0.2695,0.0021
7.3288,-7.9227,-0.7305,-0.0927,0.3324,0.0277
8.0568,-7.7335,-0.7520,-0.1502,0.3004,0.0011
8.8089,-7.2761,-1.2861,-0.0810,0.2109,0.0075
9.3118,-7.3647,-1.8609,0.1513,-0.0117,0.1225
9.0149,-7.2186,-2.4932,0.3515,-0.1886,0.2503
7.7335,-7.5994,-2.8668,0.4442,-0.3856,0.2898
5.9492,-8.0281,-2.8046,0.3409,-0.5145,0.2844
4.3350,-8.0712,-3.0896,0.1225,-0.5699,0.2365
3.0896,-7.4581,-3.0201,-0.0905,-0.5997,0.1694
2.8118,-7.3383,-2.2130,-0.1257,-0.4985,0.0980
4.0308,-8.2820,-1.6741,-0.1619,-0.4048,0.1566
6.1528,-9.0580,-1.5639,-0.3302,-0.4506,0.1779
7.1036,-8.7418,-1.6861,-0.2983,-0.5539,0.0213
7.0917,-8.2101,-1.4729,-0.1768,-0.6125,-0.0107
7.3551,-7.7072,-1.5113,-0.0202,-0.6914,-0.0810
7.2880,-7.5252,-1.6478,0.2525,-0.7734,-0.1822
7.0414,-7.7407,-1.5113,0.3409,-0.8480,-0.2482
6.4115,-7.9060,-1.1903,0.2898,-0.9555,-0.2386
5.5756,-7.8581,-0.7640,0.1427,-1.1057,-0.2141
4.5649,-7.3527,-0.2347,0.1672,-1.1164,-0.2344
4.1913,-7.1228,0.0240,0.2599,-1.0301,-0.2088
4.1362,-6.9959,-0.0048,0.2653,-0.9342,-0.1491
4.0524,-6.9024,-0.0168,0.3164,-0.7776,-0.0852
4.2344,-6.9551,-0.0287,0.3643,-0.6242,-0.0511

