-.-.-
8.7059,-2.5675,-0.3952,-0.1342,0.1044,-0.1651
8.3682,-2.1316,-0.6467,-0.1406,0.0724,-0.1619
8.4832,-2.0789,-0.4119,-0.0810,0.0842,-0.1427
9.0029,-2.0142,-0.2491,-0.0703,0.0426,-0.1395
9.1154,-1.9424,-0.4479,-0.0298,0.0341,-0.1651
8.8640,-1.9639,-0.5173,-0.0075,0.0021,-0.2035
8.3227,-1.8609,-0.2706,0.0341,-0.0170,-0.1992
8.1526,-2.1388,-0.2802,0.0533,0.0085,-0.2088
8.2437,-2.6130,-0.3832,-0.0043,-0.0075,-0.2397
8.4951,-2.8501,0.2970,-0.1150,-0.0852,-0.2503
8.5287,-2.7998,0.1796,-0.2056,-0.1609,-0.2226
8.5957,-3.3123,-1.7723,-0.1598,-0.0703,-0.1523
10.3896,-4.6703,-2.0238,0.0639,0.0543,0.1566
12.4685,-5.2451,0.0000,-0.0160,-0.2929,0.3835
11.9488,-4.6463,0.0335,-0.0469,-0.3089,0.2067
10.9548,-4.3565,-0.4982,0.0533,-0.1587,-0.0330
10.7273,-5.1397,-0.7808,0.1246,-0.0117,-0.0692
11.1776,-6.3636,-0.7425,0.0724,0.1342,-0.0330
11.3428,-7.0893,-0.2395,-0.1609,-0.0682,0.0511
10.1070,-6.5576,-0.1461,-0.3398,-0.1641,0.1214
8.9765,-5.6283,-0.3090,-0.4368,-0.0735,0.0437
8.3395,-4.0188,-0.5772,-0.4304,-0.0373,-0.0927
7.8988,-2.7758,-0.5293,-0.3047,0.0607,-0.1736
8.1359,-2.6776,-0.1437,-0.1843,0.2248,-0.1076
8.4424,-3.3626,-0.1868,-0.1694,0.2418,-0.0075
7.9802,-3.9183,-0.4455,-0.2120,0.1981,0.0245
7.3168,-3.9350,-0.6323,-0.2269,0.2237,-0.0064
7.2425,-3.6716,-0.6874,-0.2152,0.3377,-0.0234
7.9850,-3.5327,-0.3569,-0.1790,0.3398,0.0075
8.8688,-3.6955,-0.0814,-0.1854,0.2706,0.0831
9.3262,-3.8919,-0.0240,-0.1981,0.1694,0.1577
9.3358,-3.7817,0.0551,-0.1779,0.0714,0.1939
9.1250,-3.2524,0.0575,-0.1097,-0.0021,0.1971
8.8113,-2.8620,0.2730,-0.0778,-0.0575,0.2141
8.3945,-2.5938,0.3664,-0.0309,-0.0288,0.2844
7.9826,-2.5124,0.3784,0.0394,-0.0554,0.2929
7.4773,-2.5459,0.5245,0.1119,-0.0799,0.2226
7.2856,-2.6082,0.6898,0.1736,0.0447,0.1236
7.9563,-2.8716,0.4119,0.2738,0.2674,0.0969
9.0412,-3.0944,0.2227,0.2983,0.2216,0.1150
8.8951,-2.8908,0.0168,0.3324,0.0075,0.0916
8.3011,-2.1627,0.2682,0.4069,0.0597,0.0362
8.4017,-2.0406,0.6658,0.4645,0.1875,0.0352
8.9717,-2.5914,0.9005,0.4421,0.1896,0.1023
9.5633,-3.1111,1.1879,0.4005,0.0341,0.1193
9.5082,-2.7303,1.1999,0.3899,-0.1534,0.0810
8.8951,-2.2920,1.0442,0.4325,-0.2525,0.0394
8.1886,-1.9016,0.7425,0.5561,-0.1758,0.0554
8.5598,-3.2476,0.4215,0.6189,-0.0202,0.0053
10.7153,-4.8571,-0.4000,0.4357,0.1150,-0.1321
13.0361,-6.5911,-1.5496,0.1374,0.1470,-0.1662
13.4097,-6.4282,-1.7076,-0.0629,-0.3441,-0.0415
9.9585,-4.9769,-1.1999,-0.2322,-0.6701,0.1353
8.2700,-3.4967,-1.2334,-0.1097,-0.0053,0.0330
10.0782,-2.3375,-1.4945,-0.0724,0.1182,-0.0064
9.6016,-1.9304,-1.7436,-0.0415,-0.1161,0.0692
9.5058,-2.3088,-1.2909,0.0607,0.1332,0.0373
10.9476,-3.0728,-1.3292,-0.0011,0.1023,0.0266
10.7967,-3.0129,-1.8921,-0.0213,-0.0266,0.0831
11.0650,-2.7160,-2.4501,0.0021,0.0810,-0.0170
10.5501,-2.8094,-2.6800,0.0330,-0.0117,-0.0330
9.1586,-2.8405,-2.0262,0.1065,-0.0469,0.0021
8.2556,-3.2596,-1.3460,0.1832,0.0799,0.0458
8.5766,-3.7219,-0.7951,0.1843,0.1300,0.0831
8.9646,-3.5853,-0.6562,0.0724,0.0362,0.1278
8.9598,-2.8764,-1.1688,0.0309,0.1065,0.0714
9.1394,-2.3375,-1.2885,0.0863,0.2120,-0.0373
9.2400,-2.5148,-1.2646,0.1140,0.2376,-0.0969
9.3693,-3.0010,-1.1568,0.1395,0.2407,-0.1364
9.0915,-3.4440,-0.9604,0.1076,0.1917,-0.0927
8.9430,-3.4824,-0.7592,0.0586,0.1662,-0.0490
9.0172,-3.0584,-0.9221,0.0160,0.1672,-0.0032
9.0460,-2.3806,-1.1376,0.0298,0.1747,0.0149
9.2783,-2.0430,-1.2143,0.0778,0.1704,0.0000
9.4986,-2.3351,-1.0251,0.0980,0.1406,-0.0170
9.4627,-2.7375,-0.7401,0.0692,0.0980,-0.0245
9.3549,-2.8597,-0.5437,0.0192,0.0671,-0.0192
9.2089,-2.7710,-0.5077,-0.0224,0.0362,-0.0277
8.8975,-2.6249,-0.6682,-0.0405,0.0309,-0.0490
8.3323,-2.5507,-1.0825,-0.0511,0.0682,-0.0714
7.8317,-2.6561,-1.3388,-0.0522,0.1268,-0.1395
7.5754,-2.5651,-1.0179,-0.0831,0.1513,-0.2248
7.5108,-2.3136,-0.3545,-0.1800,0.0341,-0.2397
7.4533,-2.3088,-0.5556,-0.3111,0.0586,-0.2450
7.9347,-2.0142,-0.6491,-0.2578,0.1374,-0.2940
8.6364,-2.0238,-0.4431,-0.2045,0.0288,-0.3398
8.7825,-1.8490,0.0599,-0.1555,-0.1119,-0.3143
8.5718,-2.0837,-0.2156,-0.1449,-0.0895,-0.2557
8.9143,-2.3471,-0.3209,-0.1001,-0.0692,-0.2322
8.9382,-2.9076,-0.3425,-0.1470,-0.0692,-0.2024
8.8233,-3.0010,-0.1916,-0.2258,-0.0224,-0.1513
8.8975,-2.7854,-0.1245,-0.3100,-0.0234,-0.1246
8.7706,-2.9243,-0.5485,-0.3590,-0.0202,-0.0554
9.8938,-4.3086,-0.7544,-0.3079,0.0820,0.1342
11.9655,-4.9098,-0.8574,-0.2748,0.0959,0.4101
12.5068,-4.6224,-1.4083,-0.3206,-0.1012,0.4389
11.7883,-3.9877,-0.4383,-0.2866,-0.2855,0.2226
10.6363,-3.7075,-0.2802,-0.1875,-0.2716,0.0543
10.4375,-4.2464,-0.1844,-0.0330,-0.0703,-0.0043
10.9093,-4.5457,-0.1198,0.0266,-0.0714,-0.0043
10.1333,-4.6966,-0.0335,0.0266,-0.1459,-0.1012
9.3262,-4.7589,-0.1653,0.0192,-0.0895,-0.1417
9.2017,-5.3026,-0.2156,-0.0128,-0.1108,-0.0724
9.0460,-5.4319,-0.1293,-0.0490,-0.1374,-0.0096
8.6748,-5.0200,-0.2826,-0.0629,-0.0852,-0.0075
8.1503,-4.3661,-0.5461,-0.0554,-0.0234,-0.0447
7.9036,-3.7410,-0.4742,-0.0138,0.0501,-0.0373
7.9706,-3.5997,-0.4191,0.0096,0.0788,-0.0096
8.0592,-3.4416,-0.4359,0.0053,0.0650,0.0437
7.9658,-3.3219,-0.4359,0.0330,0.0266,0.0969
7.6808,-3.1614,-0.3952,0.0714,-0.0160,0.1172
7.4054,-2.7974,-0.1724,0.1577,0.0000,0.1300
7.5802,-2.4381,0.1221,0.2642,0.0394,0.1779
8.1071,-2.4190,0.3569,0.3899,0.0160,0.2525
8.2077,-2.6082,0.3161,0.4783,-0.0980,0.2695
7.7000,-2.7974,-0.4790,0.5848,-0.1662,0.1694
7.4629,-1.9927,0.0575,0.5763,-0.2280,0.1033
7.4222,-1.7819,0.5796,0.6754,-0.0394,0.1651
8.6652,-2.9866,0.8095,0.7041,0.0213,0.2365
9.6519,-3.5039,1.2071,0.5742,-0.2418,0.1587
9.2352,-2.8237,1.3244,0.4858,-0.3590,0.0501
8.6412,-2.4717,0.9772,0.5699,-0.2194,0.0437
9.3669,-2.1747,0.8838,0.6935,-0.1672,0.0874
10.0232,-2.4836,1.3843,0.7180,-0.2876,0.0533
9.5633,-2.9411,1.5783,0.6914,-0.3302,-0.0266
8.7346,-2.8716,1.8609,0.6594,-0.3643,-0.0543
8.0640,-2.3160,2.0238,0.7009,-0.3462,-0.0362
8.8089,-2.6249,2.2729,0.7617,-0.2684,-0.0117

