-.-.-
10.2100,-1.4634,-0.9269,-0.0692,0.2727,-0.0916
10.9381,-1.5520,-1.0538,-0.0565,0.3846,-0.1736
11.6494,-2.0262,-1.1951,-0.0671,0.4463,-0.2791
11.7021,-2.5387,-1.3101,-0.0820,0.4698,-0.3569
11.8985,-3.1351,-1.9615,-0.0192,0.4879,-0.3569
12.5954,-2.3854,-1.3244,-0.0767,0.3079,-0.1246
11.3141,-2.8884,-1.0562,-0.1225,0.4112,0.0394
10.4974,-3.1974,-1.8442,-0.2706,0.5582,-0.0735
10.5261,-2.1316,-2.9507,-0.1449,0.5731,-0.2354
10.1932,-3.1231,-3.4704,-0.0234,0.4389,-0.2173
9.8363,-4.5913,-3.2955,-0.0937,0.2695,-0.2003
9.8100,-5.0679,-2.8525,-0.2844,0.0128,-0.2482
9.0196,-4.5721,-2.4980,-0.3846,-0.1523,-0.2663
8.1335,-3.7458,-2.6058,-0.3473,-0.0501,-0.2397
7.9754,-2.9052,-2.6513,-0.2248,0.0266,-0.2067
8.2125,-2.1962,-2.1555,-0.0788,-0.0799,-0.1577
8.4089,-2.2705,-1.9951,0.0373,-0.1513,-0.1268
8.7275,-2.7471,-1.9088,0.1513,-0.1502,-0.1417
8.8616,-3.4392,-1.6190,0.1768,-0.2695,-0.1630
8.2604,-4.0763,-1.6693,0.1182,-0.3856,-0.1587
7.6832,-4.4955,-1.6190,0.0224,-0.3558,-0.1438
7.3120,-4.6415,-1.7987,-0.1023,-0.3111,-0.1055
7.2952,-4.1769,-1.7987,-0.2035,-0.2418,-0.0714
7.5228,-3.8823,-1.7292,-0.2599,-0.1555,-0.0692
7.8054,-3.8560,-1.6957,-0.2898,-0.0948,-0.0756
8.0664,-3.9733,-1.7532,-0.3398,-0.1076,-0.0831
8.0209,-3.9422,-1.7939,-0.3910,-0.1470,-0.0969
7.9419,-3.7099,-1.2646,-0.4027,-0.1406,-0.1119
7.7191,-3.4249,-1.0155,-0.3718,-0.0820,-0.1332
7.6377,-3.3674,-0.8143,-0.3196,-0.0138,-0.1641
7.4006,-3.1997,-0.7712,-0.2748,0.0138,-0.1811
7.2114,-3.2453,-0.8167,-0.2056,0.0991,-0.1779
7.1587,-3.5327,-0.6970,-0.1971,0.1481,-0.1481
7.3264,-3.8225,-0.3664,-0.2439,0.1577,-0.0778
7.4916,-3.6380,-0.0120,-0.2866,0.1747,0.0213
7.6257,-3.1974,0.1581,-0.2727,0.2653,0.1300
8.3442,-2.7519,0.4742,-0.2045,0.2450,0.1949
8.7658,-2.5196,0.1437,-0.1555,0.1534,0.2322
9.1490,-2.5363,-0.0096,-0.0799,0.1108,0.2439
9.8004,-2.6585,0.1150,-0.0138,0.0650,0.2099
10.2172,-2.7136,0.3832,0.0170,-0.0202,0.1779
10.6722,-2.5842,0.8694,0.0341,-0.0490,0.1225
10.8734,-2.9842,1.2861,0.1779,-0.1225,0.0256
10.5237,-3.8991,1.4179,0.1726,-0.3728,0.0032
10.6818,-8.4856,-3.5303,0.1598,-0.1864,-0.1332
14.3031,-9.5609,-1.7627,-0.4155,-0.2535,-0.3036
10.5165,-6.1983,-1.9016,-0.8469,-0.4176,0.0469
7.3623,-3.8225,-0.5604,-0.6147,-0.1545,0.2024
5.4367,-3.2045,-1.6765,-0.5071,-0.0437,0.2045
5.4702,-4.5529,-1.8801,-0.3164,0.3824,0.1119
7.2545,-5.8654,-2.2274,-0.4762,0.5326,0.2407
9.6974,-5.8175,-2.6393,-0.7595,0.6807,0.3973
10.9285,-4.7972,-2.5244,-1.0131,0.4123,0.4485
9.6735,-3.4416,-1.9424,-1.0354,0.1672,0.5390
7.7670,-3.7746,-1.3915,-0.9278,0.2354,0.6179
6.8522,-4.1865,-1.3460,-0.8938,0.4474,0.5987
6.9264,-4.2296,-1.8514,-0.9523,0.6551,0.5369
7.8820,-3.6548,-2.1819,-1.0227,0.7627,0.4527
8.5933,-2.9387,-2.4812,-1.0983,0.6530,0.4400
8.7730,-2.7255,-2.3783,-1.1324,0.5614,0.4037
8.7035,-2.9507,-2.1986,-1.1675,0.5827,0.3185
8.5478,-3.6356,-2.1867,-1.2144,0.6402,0.2397
8.6101,-3.5255,-1.7053,-1.2474,0.6179,0.1726
8.7849,-2.9171,-1.7005,-1.2176,0.6551,0.1577
9.1681,-2.1316,-1.7723,-1.1398,0.6914,0.1683
9.6352,-1.5999,-1.5735,-1.0290,0.6136,0.1704
9.5537,-1.3843,-1.4250,-0.9172,0.5049,0.1161
9.2208,-1.1472,-1.2598,-0.7989,0.4655,0.0138
9.0963,-1.3077,-1.1736,-0.6977,0.4975,-0.0905
8.9574,-1.7484,-1.1137,-0.6477,0.5113,-0.1736
8.9574,-2.0549,-0.9939,-0.6701,0.5198,-0.2184
9.1633,-2.5794,-0.8814,-0.7329,0.4943,-0.2226
9.3573,-2.6130,-1.3460,-0.7670,0.4698,-0.1747
9.8363,-2.9411,-1.3412,-0.7894,0.3665,-0.1300
10.0160,-2.4908,-1.1496,-0.8224,0.2514,-0.0820
10.1740,-2.0693,-0.8454,-0.7723,0.2397,0.0213
10.4399,-1.8298,-0.4263,-0.7191,0.2407,0.1246
10.4974,-2.2369,-0.0910,-0.6328,0.2727,0.1545
10.6866,-3.0417,-0.0168,-0.6413,0.2748,0.1651
10.9476,-3.0081,-0.1844,-0.6711,0.2312,0.1992
10.7345,-1.9903,-1.1760,-0.5326,0.2599,0.2759
10.8542,-2.4812,-2.3711,-0.1662,0.3302,0.4389
10.8303,-3.1806,-2.6585,-0.1087,0.2248,0.5965
9.9777,-3.4704,-3.4321,-0.1204,0.1268,0.6583
8.9574,-4.8403,-3.6428,-0.2493,-0.2216,0.4858
7.5635,-5.9875,-2.9746,-0.5209,-0.5678,0.2535
7.0414,-6.4498,-2.0046,-0.6839,-0.5571,0.1811
7.8964,-5.2786,-1.6909,-0.7787,-0.4048,0.2067
9.0053,-3.3147,-1.9903,-0.7542,-0.1704,0.2258
9.8890,-3.0129,-2.0621,-0.5923,0.0905,0.0884
10.2100,-3.6165,-1.7555,-0.5965,-0.0213,-0.1044
9.7358,-3.5374,-1.6502,-0.5667,-0.0543,-0.2844
9.2544,-3.5207,-1.2239,-0.5625,-0.1886,-0.3121
8.3035,-3.3075,-1.0754,-0.5081,-0.1939,-0.2812
7.7335,-3.3171,-0.6323,-0.4485,-0.1108,-0.2397
7.4461,-3.3890,-0.4958,-0.4538,-0.0788,-0.2194
7.0940,-3.1590,-0.4814,-0.4432,-0.0437,-0.2237
7.2856,-3.1638,-0.3640,-0.3643,0.1023,-0.2503
7.5180,-3.0321,-0.3832,-0.3174,0.1662,-0.2184
7.6210,-2.9866,-0.2012,-0.2546,0.2120,-0.1374
7.6257,-3.0417,-0.0048,-0.1864,0.2631,-0.0533
7.9012,-3.0776,0.0719,-0.1374,0.3473,0.0234
8.4879,-2.9602,0.1988,-0.1491,0.3366,0.0916
8.9047,-2.8477,0.2275,-0.1523,0.2248,0.1555
8.8759,-3.0393,0.1413,-0.1630,0.1491,0.2354
8.9167,-3.7889,-0.1269,-0.1971,0.1140,0.2567
9.4747,-4.1649,-0.0527,-0.2599,0.1577,0.1864
10.1525,-3.4057,0.3545,-0.2812,0.1832,0.1555
10.9907,-2.7375,0.5844,-0.2109,0.1427,0.0980
11.4075,-2.6010,0.9724,-0.1406,-0.0629,0.0170
11.4314,-3.8201,0.6203,-0.0799,-0.1481,-0.0607
12.8181,-7.1491,-1.9184,-0.2866,-0.1406,-0.2631
13.4552,-8.2580,-1.4083,-0.6338,-0.2589,-0.3324
9.3262,-5.7720,-0.0335,-0.7808,-0.4687,-0.1236
6.6582,-3.8991,0.3114,-0.6317,-0.2397,0.0298
5.5564,-2.7782,-1.4059,-0.4730,0.0085,0.1033
6.4163,-3.0536,-2.4142,-0.3217,0.3100,0.0128
7.9395,-4.7900,-3.1518,-0.4474,0.4005,-0.0511
9.6711,-5.7169,-2.8333,-0.7350,0.4953,0.0107
10.0806,-5.2738,-1.8897,-0.9790,0.2045,0.1566
8.7418,-4.3374,-1.4753,-1.0514,0.1342,0.2983
7.7766,-3.9662,-1.3747,-0.9886,0.3185,0.4346
7.7455,-4.0835,-1.5759,-1.0131,0.4645,0.4634
7.8844,-3.6740,-1.9328,-1.0450,0.5806,0.4357
8.1766,-2.8429,-2.0094,-1.0546,0.5784,0.3579
8.4879,-2.3471,-1.8274,-1.0205,0.5784,0.2887
8.7634,-2.4166,-1.6334,-0.9577,0.5710,0.2546
8.9837,-2.5244,-1.4274,-0.9523,0.5273,0.2056

