-.-.-
9.4100,-1.4801,1.7220,-0.0043,0.0213,0.0043
9.4076,-1.4634,1.7292,-0.0032,0.0234,0.0021
9.4412,-1.4634,1.7220,-0.0075,0.0234,-0.0021
9.4675,-1.4274,1.7340,-0.0011,0.0213,0.0075
9.4675,-1.4514,1.7340,0.0096,0.0266,0.0043
9.4531,-1.4729,1.7220,-0.0011,0.0224,0.0053
9.4388,-1.4753,1.7076,0.0011,0.0213,0.0053
9.4244,-1.4945,1.7029,-0.0064,0.0234,0.0011
9.4148,-1.4897,1.7292,-0.0075,0.0288,0.0021
9.4507,-1.4681,1.7364,-0.0117,0.0224,0.0000
9.4507,-1.4490,1.7076,-0.0043,0.0213,0.0021
9.4507,-1.4346,1.7412,-0.0021,0.0213,0.0032
9.4388,-1.4202,1.7029,0.0000,0.0320,-0.0043
9.5082,-1.4753,1.6789,0.0021,0.0298,-0.0021
9.4412,-1.4777,1.7005,0.0043,0.0224,-0.0021
9.3885,-1.5328,1.6765,-0.0043,0.0362,0.0000
9.4364,-1.5328,1.6981,-0.0149,0.0213,-0.0032
9.4364,-1.4753,1.7029,-0.0149,0.0213,0.0000
9.4531,-1.4179,1.7124,-0.0043,0.0234,-0.0032
9.4651,-1.4514,1.7100,-0.0021,0.0234,0.0032
9.4507,-1.4370,1.7292,-0.0096,0.0277,0.0053
9.4603,-1.4346,1.7220,0.0021,0.0245,0.0021
9.4627,-1.4538,1.6933,-0.0021,0.0181,0.0075
9.4268,-1.5041,1.6933,0.0011,0.0202,0.0043
9.4364,-1.5208,1.6741,-0.0149,0.0298,-0.0011
9.4747,-1.4777,1.6981,-0.0149,0.0234,0.0032
9.4627,-1.4705,1.6885,-0.0128,0.0160,0.0032
9.4316,-1.4705,1.7029,-0.0096,0.0213,0.0011
9.4579,-1.4370,1.6741,0.0000,0.0224,0.0011
9.5058,-1.4346,1.6861,0.0021,0.0181,0.0000
9.4651,-1.4873,1.6717,0.0000,0.0128,0.0000
9.4148,-1.4921,1.6717,-0.0053,0.0245,0.0000
9.4268,-1.5160,1.6741,-0.0053,0.0256,0.0000
9.4388,-1.5256,1.6813,-0.0096,0.0181,0.0000
9.4460,-1.5089,1.6526,-0.0117,0.0170,0.0011
9.4531,-1.4466,1.6741,-0.0138,0.0170,0.0075
9.4507,-1.4442,1.7076,-0.0043,0.0149,0.0075
9.4460,-1.4442,1.6909,-0.0032,0.0224,0.0075
9.5058,-1.4322,1.6789,0.0021,0.0213,0.0011
9.4699,-1.4705,1.6789,0.0011,0.0170,-0.0011
9.3933,-1.5160,1.6885,0.0011,0.0277,0.0000
9.4196,-1.5280,1.6933,-0.0032,0.0266,0.0000
9.4603,-1.4945,1.6837,-0.0234,0.0181,0.0032
9.4531,-1.4298,1.6933,-0.0085,0.0170,0.0021
9.4555,-1.4490,1.6981,-0.0021,0.0181,0.0032
9.4555,-1.4849,1.7148,0.0021,0.0170,0.0011
9.4244,-1.4586,1.7172,-0.0085,0.0192,0.0107
9.4316,-1.5041,1.6837,0.0000,0.0224,0.0075
9.4316,-1.4945,1.6957,-0.0043,0.0202,0.0043
9.4316,-1.5328,1.7005,0.0053,0.0149,0.0075
9.4364,-1.5208,1.6981,-0.0021,0.0192,0.0107
9.4627,-1.5017,1.6981,-0.0053,0.0213,0.0117
9.4555,-1.5137,1.6741,-0.0096,0.0149,0.0107
9.4052,-1.4849,1.7124,-0.0128,0.0202,0.0138
9.4364,-1.4705,1.7100,-0.0117,0.0245,0.0096
9.4819,-1.4681,1.7196,-0.0096,0.0181,0.0107
9.4795,-1.4562,1.7388,-0.0064,0.0181,0.0096
9.4507,-1.4562,1.7172,-0.0096,0.0181,0.0075
9.3885,-1.5089,1.6621,-0.0107,0.0256,0.0021
9.3909,-1.5184,1.6669,-0.0149,0.0330,0.0032
9.4292,-1.5137,1.6645,-0.0107,0.0224,0.0096
9.4076,-1.5232,1.6741,-0.0107,0.0138,0.0149
9.3789,-1.5208,1.7029,-0.0245,0.0192,0.0256
9.4460,-1.4131,1.6981,-0.0383,0.0234,0.0288
9.4388,-1.3316,1.7005,-0.0149,0.0202,0.0288
9.4268,-1.3628,1.7388,-0.0075,0.0373,0.0298
9.4771,-1.3580,1.8226,-0.0021,0.0447,0.0298
9.5298,-1.4394,1.8106,-0.0181,0.0394,0.0277
9.5082,-1.3795,1.7795,-0.0383,0.0309,0.0288
9.4819,-1.3149,1.8346,-0.0234,0.0234,0.0181
9.4843,-1.3412,1.8346,-0.0107,0.0234,0.0107
9.5130,-1.3676,1.8490,-0.0032,0.0266,0.0000
9.4723,-1.3005,1.8034,0.0043,0.0352,-0.0149
9.4412,-1.2981,1.7244,0.0320,0.0405,-0.0256
9.5034,-1.4131,1.6837,0.0437,0.0383,-0.0320
9.5226,-1.4250,1.6358,0.0415,0.0266,-0.0330
9.4986,-1.4466,1.5879,0.0575,0.0298,-0.0362
9.4460,-1.5879,1.5256,0.0597,0.0245,-0.0405
9.3741,-1.6861,1.5137,0.0405,0.0298,-0.0341
9.4076,-1.6310,1.4825,0.0096,0.0415,-0.0320
9.4579,-1.5520,1.4993,0.0011,0.0362,-0.0309
9.4052,-1.5496,1.4897,0.0032,0.0341,-0.0298
9.3981,-1.5783,1.5065,-0.0053,0.0383,-0.0266
9.5058,-1.6190,1.5256,-0.0149,0.0341,-0.0192
9.5106,-1.5687,1.5783,-0.0320,0.0138,-0.0170
9.3765,-1.5304,1.6071,-0.0405,0.0202,-0.0075
9.4292,-1.4298,1.6837,-0.0330,0.0362,-0.0011
9.5418,-1.4370,1.7029,-0.0309,0.0245,0.0043
9.4819,-1.4131,1.7292,-0.0234,0.0053,0.0011
9.4005,-1.3412,1.7364,-0.0170,0.0245,-0.0021
9.4651,-1.3604,1.7005,0.0021,0.0330,-0.0075
9.5370,-1.4274,1.6741,0.0149,0.0298,-0.0075
9.5010,-1.4777,1.6717,0.0288,0.0298,-0.0064
9.4531,-1.5687,1.6238,0.0266,0.0426,-0.0085
9.4627,-1.5927,1.5663,0.0213,0.0373,-0.0011
9.4747,-1.5903,1.5616,0.0213,0.0298,-0.0032
9.4699,-1.6454,1.5280,0.0117,0.0309,-0.0064
9.4675,-1.6597,1.5520,-0.0011,0.0277,-0.0085
9.4172,-1.6023,1.5208,-0.0064,0.0224,-0.0085
9.4220,-1.6190,1.5017,-0.0043,0.0245,-0.0064
9.4747,-1.6142,1.5065,-0.0096,0.0256,-0.0064
9.4603,-1.6262,1.4993,-0.0075,0.0181,-0.0032
9.4148,-1.6478,1.5041,-0.0064,0.0213,-0.0021
9.4507,-1.6047,1.5280,-0.0192,0.0213,0.0000
9.4484,-1.5663,1.5568,0.0000,0.0170,0.0000
9.4268,-1.6238,1.5735,0.0021,0.0266,0.0032
9.4531,-1.6789,1.5975,-0.0107,0.0234,0.0043
9.4939,-1.6430,1.6358,-0.0213,0.0213,0.0053
9.4603,-1.5711,1.6214,-0.0117,0.0202,0.0011
9.4460,-1.5616,1.6262,-0.0075,0.0192,0.0011
9.4172,-1.5759,1.6118,-0.0064,0.0320,0.0043
9.4244,-1.5783,1.6095,0.0053,0.0288,0.0053
9.4172,-1.6142,1.5520,0.0202,0.0341,0.0064
9.4172,-1.6286,1.5568,0.0138,0.0213,0.0064
9.4460,-1.6118,1.5568,0.0149,0.0181,0.0085
9.4747,-1.5999,1.5783,0.0245,0.0096,0.0096
9.4747,-1.6765,1.5328,0.0192,0.0245,0.0053
9.5250,-1.7100,1.4897,-0.0032,0.0256,0.0000
9.4795,-1.6885,1.5472,0.0000,0.0192,0.0032
9.4244,-1.7124,1.5424,-0.0043,0.0277,0.0021
9.3981,-1.6741,1.5352,-0.0138,0.0234,-0.0064
9.4196,-1.5879,1.5280,-0.0085,0.0234,-0.0011
9.4747,-1.6166,1.5735,0.0000,0.0170,-0.0032
9.4555,-1.6574,1.5735,-0.0032,0.0224,-0.0075
9.4651,-1.6358,1.5783,-0.0096,0.0213,-0.0096
9.4795,-1.5759,1.5855,-0.0053,0.0256,-0.0064
9.4747,-1.6214,1.5160,0.0021,0.0277,-0.0096
9.4603,-1.6550,1.5568,0.0085,0.0234,-0.0117

