-.-.-
4.7709,-2.0286,-2.5651,0.3228,0.4581,1.1569
13.0457,-3.1135,-5.7696,3.3993,0.3590,1.4871
24.4364,-3.1447,1.4897,1.2538,-0.6498,1.4647
32.4693,-4.6080,-2.5244,-0.8394,-0.7073,0.0011
23.7131,-0.0575,2.2705,-1.6171,-1.5201,-0.0149
15.4551,4.8882,3.3866,-0.9513,-1.2027,0.0298
14.4899,8.1838,1.7675,0.2162,-0.7414,-0.5017
15.2251,6.6677,1.7651,1.0855,-0.3238,-0.8362
14.4013,1.5017,2.9674,1.1228,-0.2557,-0.8203
9.3765,-1.3556,3.0057,0.3824,-0.1395,-0.8682
5.5205,-1.6789,1.8466,-0.7499,-0.1087,-0.8767
1.3412,0.9269,0.0623,-0.9939,0.1587,-0.6722
-0.7329,1.4514,0.1557,-0.1342,0.0543,-0.3728
-0.4287,-1.7891,1.3747,0.7872,-0.1907,0.0160
-1.4131,-4.0548,1.5568,0.0298,-0.5539,0.4101
-1.7651,-2.2393,0.1964,-0.4645,-0.7478,0.6615
-0.5389,0.6491,0.4143,-0.6285,-0.2461,0.7766
2.9962,0.2156,-4.0069,0.0948,0.2514,1.0557
10.0854,-4.2943,-2.2992,2.1465,0.0075,0.7872
19.5266,1.1592,0.4143,0.5422,0.3462,0.0138
22.5036,1.0059,-5.5828,-1.6991,0.5870,-0.3281
11.1512,5.7361,4.1913,1.9271,1.0280,-0.2280
14.3126,-3.3746,-0.0695,-0.4250,1.1089,0.3398
18.8799,1.1520,2.8597,-0.6051,1.2229,-0.0479
18.1207,1.1592,1.7124,-1.6107,1.0067,-0.0607
15.2060,4.0380,0.3616,-1.3422,1.1409,-0.0575
14.8108,5.8822,0.5509,-0.4314,0.9619,-0.5017
12.6337,3.9398,0.6778,0.0746,0.6977,-0.5912
9.0244,0.6491,0.9652,-0.2003,0.2759,-0.6658
7.1515,1.2694,2.6297,-0.3409,-0.1385,-0.6615
5.0224,0.9604,2.4836,0.1917,-0.8043,-0.5422
0.1437,-0.2898,-2.3591,-0.4932,-1.0131,-0.5497
-3.0129,0.7017,-3.4345,-0.6210,-0.4357,-0.2120
-3.9063,1.8226,-0.8095,0.3217,0.0288,0.1161
-0.7449,0.0958,-0.4024,0.8160,0.2919,0.5188
1.9879,-0.3137,-0.5485,1.0461,0.1097,0.7308
3.9039,-1.6382,-4.0787,-0.0320,-0.1651,1.0184
8.7203,0.0647,-1.4346,3.5420,0.2471,1.2378
21.8689,-4.8020,-5.8822,2.5428,-0.0522,2.0624
36.4235,-2.5938,-1.8801,-0.9481,-0.1907,0.0991
26.2829,0.5365,-0.7616,-0.5646,-1.4083,0.1257
13.0361,1.3484,3.0345,0.1129,-1.3220,-0.0149
11.8553,2.1555,3.3554,0.1779,-0.8554,-0.3004
14.0803,4.5841,1.8226,0.3462,-0.3696,-0.8565
15.9245,3.6021,3.2788,0.4634,-0.0394,-0.7457
13.1870,0.6946,4.4499,0.5294,-0.2514,-0.6424
7.4102,-1.3891,2.2441,-0.5060,-0.2290,-0.7286
2.4525,0.4143,0.8215,-1.2442,-0.0320,-0.8820
-0.9580,3.7147,0.2251,-0.1001,0.2312,-0.7372
-0.1437,-0.1533,-0.1557,0.8288,0.3121,-0.1907
1.4825,-4.2871,0.6658,0.4229,-0.2855,0.1768
0.1581,-3.1614,1.5160,-0.3686,-0.6796,0.3686
0.8574,-1.5424,0.2682,-0.3398,-0.3643,0.4463
4.5625,-0.3569,-0.6514,0.0863,-0.8309,0.8139
5.2595,-2.9219,-5.7217,0.6903,-0.3270,1.1516
11.5224,0.6011,-0.8670,-0.1715,1.2421,0.2557
24.5945,3.9446,-1.1281,-0.4101,1.1132,-0.8437
18.0129,4.7158,2.2010,1.6874,0.2866,-0.4293
14.1330,-2.5842,0.8143,-0.1545,1.1313,0.2152
17.5675,0.7856,2.0358,-0.6445,1.4104,0.0810
19.9769,3.8919,2.5986,-0.9044,1.0791,-0.0490
17.2010,4.5793,0.7880,-0.6775,0.9108,-0.1864
14.9617,4.0236,0.5413,0.1577,0.8799,-0.5369
13.2660,1.8250,0.7496,-0.1726,0.4964,-0.6083
10.7800,1.0131,1.3508,-0.0256,-0.0415,-0.7063
7.1132,1.0083,2.5028,-0.3313,-0.5284,-0.6509
3.3099,1.7076,2.1867,-0.0991,-1.0855,-0.5380
-0.9844,1.4155,-2.9411,-0.5582,-1.2133,-0.4091
-3.8464,2.3136,-2.8405,-0.0362,-0.4527,-0.1374
-4.1290,1.6142,-1.1783,1.1952,0.1545,0.1097
-1.1041,-1.8226,-1.1927,1.2027,0.1321,0.4282
1.4202,-1.3197,-2.5315,0.6370,0.1065,0.7127
5.0008,-0.9700,-3.8177,1.7694,0.2099,1.1462
12.2098,-2.8932,-2.4645,2.8741,0.0458,1.5372
21.6438,-2.8501,-1.0586,1.3241,-0.6701,1.6075
28.4576,-1.1400,-1.2765,0.6285,-0.6008,0.5667
24.3813,0.1557,1.3963,-0.0565,-1.0440,0.2642
16.4514,2.9123,3.0872,0.1364,-1.1910,0.1055
15.8143,5.4630,3.0513,0.6839,-0.7169,-0.4144
16.7556,5.1732,1.4969,1.0290,-0.2898,-0.9662
15.5293,2.8573,3.3219,1.4988,-0.3185,-0.7084
11.4530,-0.4048,4.0859,1.1910,-0.3324,-0.6072
6.8761,-0.9963,1.3723,0.3675,-0.1545,-0.7425
2.9028,1.2406,0.6658,-0.3899,-0.1811,-0.6061
0.9053,2.1148,0.6275,0.6583,-0.1992,-0.5135
-0.0982,-1.7124,0.3952,0.8000,-0.1214,-0.2248
-0.8454,-3.3003,1.4897,0.5667,-0.4165,0.1300
-0.8478,-3.4919,0.5628,-0.0330,-0.6924,0.2780
-0.9676,-1.2358,0.1724,-0.5081,-0.5273,0.4123
-0.1892,0.4239,-1.7148,-0.9577,-0.2376,0.6946
2.4142,1.2406,-3.2955,1.8674,0.2237,1.2868
13.0648,-8.0353,-2.8477,1.7108,0.4868,0.7361
33.2692,0.2802,-5.9780,-2.8112,1.5446,-0.6253
21.5288,13.7019,5.1804,1.8759,-1.5500,-0.3963
8.7298,1.9687,1.8202,2.5886,0.2919,0.3824
10.7297,-3.7626,-1.4083,-0.7968,1.9313,0.8341
20.5900,0.7425,3.1183,0.7659,1.5585,-0.1822
19.1506,0.6251,0.5197,-0.7915,0.8671,0.2322
14.2288,2.9099,-0.3545,-0.2024,1.1910,0.1715
14.4611,2.7279,0.7113,0.2439,1.0312,-0.2844
13.4097,2.3471,1.1664,0.1971,0.4240,-0.4666
9.4148,0.9077,1.4298,-0.2269,-0.2312,-0.4155
4.5936,1.9376,1.3029,-0.4815,-0.5135,-0.3984
2.2944,2.2082,2.8620,0.2684,-0.6594,-0.4261
0.7377,2.0693,-0.5556,0.0618,-0.8543,-0.3846
-1.0251,3.0369,-2.1747,1.1025,-0.2972,-0.3803
-1.8897,0.1485,-1.7963,1.4104,-0.1310,-0.1417
-1.6933,-0.0647,-0.0263,2.4618,0.1534,0.2024
0.4646,-2.7926,-3.3315,1.8355,0.0991,0.4687
2.7112,-2.3112,-6.1217,-0.0533,0.1747,0.8788
9.4292,-0.8862,-5.2259,3.6187,0.9545,1.2741
24.5992,-3.4345,0.0192,1.5872,-0.6445,1.8557
28.6349,-0.8215,-2.7758,0.2461,-0.9215,1.0621
22.2952,1.6095,0.1820,0.1214,-0.9896,0.5049
15.9724,2.6609,3.1159,0.7468,-0.8437,0.2173
17.1388,5.2666,3.0968,0.9183,-0.5177,-0.1374
19.6128,7.7191,2.3471,1.6405,-0.2716,-0.6743
18.8919,4.4092,2.5124,2.8901,-0.7244,-0.6807
11.9056,-1.3939,2.5675,2.4139,-0.7585,-0.6328
6.6558,-2.0956,2.5052,1.1377,-0.6200,-0.5848
4.9649,0.2203,0.5796,0.7595,-0.4698,-0.6338
3.5207,1.8322,-1.0706,0.9683,-0.1097,-0.3760
2.5818,-0.2347,0.0671,1.1739,-0.1555,-0.1289
1.1640,-1.9256,1.4442,1.0056,-0.3462,0.1044
-0.0359,-2.1771,1.6023,0.5944,-0.6871,0.2866
-0.9604,-1.3005,0.7616,0.2674,-0.6882,0.4272
-0.6059,0.7472,0.8383,0.2376,-0.5060,0.5198
-0.1102,1.2071,-3.5494,-0.2354,-0.3419,0.8416

