-.-.-
5.5612,-2.7423,0.2635,1.2506,-1.1217,-0.1236
3.9853,-2.3064,0.8838,0.8405,-0.7872,-0.2450
3.1926,-2.3088,0.7496,0.8416,-0.4112,-0.4101
3.2309,-1.3939,1.4011,0.5252,-0.0075,-0.4123
3.7889,-0.5604,1.1017,0.5145,0.4719,-0.2898
5.0894,-0.5365,2.0477,0.4559,0.8639,-0.1662
6.2726,-0.6754,3.0417,0.4037,0.9854,-0.1044
8.0928,-0.2179,4.8523,0.4123,0.9843,-0.1321
10.1261,-0.7185,4.0691,0.7478,0.4250,-0.0149
11.5368,-0.5892,0.0240,0.2919,-0.0341,0.4740
13.0265,-1.7100,1.2310,0.4495,0.4708,0.2812
13.8217,-2.7351,6.3947,0.4559,0.4101,-0.1981
12.5164,-0.5030,7.2928,-0.1417,-0.1172,-0.4261
12.8038,2.2010,3.4321,0.1310,-0.3835,-0.1811
15.8933,-1.6717,-0.5077,1.3433,-0.5902,-0.2216
17.9291,-9.4747,-3.8296,1.6054,-0.6860,-0.5294
14.5569,-9.2065,-1.8825,-0.7681,-1.3710,-0.9055
4.9673,-1.7867,0.4598,-0.7073,-0.8586,-0.5412
2.6776,-0.8478,-1.4753,-0.3377,-0.2621,-0.1236
5.4678,0.0599,-1.2478,-0.1193,0.2972,0.2908
8.7538,-1.7819,-1.6621,0.2216,0.8490,0.2621
9.9657,-4.4931,-0.2395,0.2898,1.2346,0.1161
11.5272,-4.4212,2.0118,-0.4804,0.7116,0.2344
9.7813,-3.0153,0.9939,-1.3422,0.0874,0.3771
6.5312,-0.7951,0.1102,-1.1846,0.1854,0.2823
4.9912,-1.3771,-0.3114,-1.3156,0.6061,0.0021
6.0283,0.1389,0.7377,-1.0844,0.7830,-0.1150
7.6784,-0.5413,0.5676,-1.1377,0.7180,-0.2333
8.9717,0.7425,0.9724,-0.7009,0.5113,-0.2610
8.4185,0.2227,1.3340,-0.7734,0.2738,-0.3249
8.1143,0.0623,1.5065,-0.9832,0.1449,-0.4591
8.1455,1.0370,1.4131,-0.2802,0.1960,-0.4730
8.4903,-0.3952,1.2909,0.2674,0.4698,-0.6892
8.8520,-1.4801,1.7771,-0.3654,0.4005,-0.5859
8.6340,-1.4969,1.8729,-0.4400,0.4879,-0.2663
8.9047,-0.5341,1.6933,-0.6413,0.5571,-0.0234
9.9034,0.9221,1.1017,-0.6392,0.6732,0.1992
10.8566,0.9556,1.4514,-0.1917,0.8586,0.3643
12.1116,-1.2718,0.5413,-0.3569,0.7425,0.5028
11.5967,-1.5711,-1.2430,-0.7286,0.7372,0.7883
10.9093,-1.7340,-3.6117,-0.9513,0.6413,1.3018
12.2457,0.3473,0.1485,-0.1555,-0.0128,1.8056
14.1282,-1.9280,-0.9293,1.4157,-0.9151,1.8386
17.8213,-5.0966,-1.8609,0.8213,-0.9641,1.2559
18.5494,-5.2786,-0.6299,-0.2184,-1.2751,0.2216
14.6479,-1.8130,-0.6850,-0.9918,-1.0866,-0.1896
10.9093,3.0297,0.9005,-0.1619,-0.9310,-0.2908
8.9047,3.9614,1.8418,1.3252,-1.0120,-0.3015
7.1539,1.7148,0.9556,1.4637,-1.1313,-0.2162
4.9721,-0.9820,-0.0072,1.6607,-1.0184,-0.1811
3.8775,-2.4333,0.2203,0.9705,-0.6424,-0.2876
2.7399,-1.5807,0.4431,0.9257,-0.2557,-0.5039
2.8357,-1.0370,0.8718,0.7073,0.2546,-0.4943
4.2033,0.1341,1.0538,0.8075,0.4677,-0.3931
5.8870,-0.7616,1.7963,0.8831,0.7063,-0.2567
6.9264,-1.5160,2.6968,0.6179,0.7073,-0.1811
8.2580,-1.0011,4.6559,0.5039,0.7936,-0.1332
10.8399,-1.5759,5.5277,0.4570,0.4112,-0.0650
11.7643,-0.1509,1.3149,0.0298,-0.0991,0.3814
12.1260,0.7664,1.8370,0.4240,0.2407,0.2386
13.7450,-0.8526,5.3385,0.9523,0.2354,-0.2727
12.8469,0.1317,6.9791,0.4272,-0.2940,-0.5071
12.3631,1.7723,1.5280,1.0738,-0.6466,-0.0756
16.0945,-5.2331,-2.5291,1.8099,-0.7191,-0.1119
18.3554,-13.2325,-8.1814,1.0599,-0.4740,-0.7808
13.3355,-6.3755,-1.0011,-1.7545,-1.8770,-0.6722
1.9304,-0.5772,0.9029,-0.0724,-0.5486,-0.3270
2.4836,-2.0525,-2.5315,-0.2365,-0.0085,0.2812
6.7659,-0.6993,-0.7664,-0.2056,0.7148,0.5816
9.2136,-3.7722,-1.7244,-0.0383,1.4211,0.4879
11.9751,-4.3781,0.3736,-0.4325,1.7886,0.2386
13.3450,-3.6021,0.8335,-1.2261,0.5220,0.4037
9.8579,-1.2310,0.6898,-1.5617,-0.2109,0.4155
5.1373,-1.3604,-1.0299,-1.6458,0.2141,0.1502
3.7578,-0.0263,-0.1293,-1.3380,0.7404,-0.1044
5.9516,0.7592,1.3364,-1.0269,0.8373,-0.3015
8.1862,0.3521,0.8790,-0.7755,0.6669,-0.4250
8.3754,0.2036,1.4298,-1.0440,0.3707,-0.5380
7.5060,1.4083,0.9388,-0.6274,0.1832,-0.6562
7.6353,0.7760,1.0514,-0.2866,0.2706,-0.7872
8.6293,-0.6538,0.2156,-0.2983,0.3835,-0.7830
9.7573,-1.5184,2.9818,-0.0341,0.4176,-0.7084
10.0160,-1.0586,1.4777,-0.5358,0.2397,-0.3143
9.6280,1.0370,2.1364,-0.6924,0.3611,0.0096
10.2914,2.7543,2.2872,-0.1907,0.5944,0.2503
10.6698,0.3640,0.7784,0.3388,0.8959,0.4421
12.9475,-2.2920,-0.2635,-0.2056,0.8778,0.7414
13.4193,-1.7388,-4.3613,-0.3760,0.6253,1.1377
11.6877,-0.9269,-3.2285,0.3931,0.4708,1.6714
13.2301,-3.4680,-1.0179,1.5691,-0.5955,1.8046
15.0886,-6.2893,-2.5986,0.8511,-0.9747,1.4765
16.5520,-6.5959,-2.1004,0.1119,-1.4839,0.7798
14.6000,-5.5756,-0.4287,-1.1622,-1.4243,0.1374
11.8362,-0.6826,-0.5724,-1.7971,-0.9193,-0.1832
10.3177,4.4212,1.3436,-0.4250,-0.8501,-0.1150
9.2783,4.4404,1.8585,1.4104,-1.0685,-0.0799
7.4389,1.3556,0.4527,1.5787,-1.1952,-0.0415
5.2499,-0.9077,0.3640,1.3635,-0.8980,-0.0607
3.9805,-2.1028,1.1328,0.9726,-0.6285,-0.1662
3.0081,-2.2154,1.1376,0.8021,-0.3920,-0.2951
1.8130,-1.0346,0.4048,0.5220,0.3526,-0.3782
3.4848,0.0527,1.5903,0.7489,0.6892,-0.2706
4.9433,0.8718,2.6058,0.8160,0.8053,-0.2269
5.9468,0.8766,2.7830,0.7872,0.9683,-0.2695
8.2604,0.6491,5.1972,1.0855,1.0258,-0.3398
11.6566,-0.5006,1.7292,0.8213,-0.0266,0.1672
12.9810,-2.5267,-0.1964,0.4272,0.0053,0.5657
14.1139,-3.2788,4.5434,0.7776,0.5720,-0.0405
15.0144,-2.5459,8.4161,0.6434,-0.3920,-0.7105
12.7271,1.5544,2.1699,-0.3846,-0.8490,-0.3601
15.3617,0.9436,-1.4298,1.2048,-0.6850,-0.2439
18.6620,-10.0208,-5.3648,2.0379,-0.7478,-0.5486
17.5627,-9.5585,-2.1867,-0.9481,-1.2016,-0.8480
6.2390,-1.3101,0.7904,-0.2013,-1.4509,-0.6179
0.7856,-2.1819,-2.8309,-0.0703,-0.5113,-0.0096
3.9135,-0.0527,-1.9974,0.0362,0.5412,0.4783
7.7814,-1.7771,-1.4418,0.7446,1.4040,0.5209
10.6123,-5.6403,-0.4958,0.6924,1.6852,0.4133
13.2540,-5.0319,1.1831,-0.6519,0.8725,0.4080
11.2470,-3.1303,0.4024,-1.0994,-0.0341,0.5230
6.6845,-2.9123,-0.7592,-1.9782,0.0618,0.2983
4.5649,0.1198,-0.6754,-1.4402,0.5262,0.1214
5.2164,0.4598,0.7736,-1.5063,0.6754,-0.1523
6.8498,1.0802,0.6562,-0.8064,0.6338,-0.3547
7.7168,0.6514,1.3221,-0.7446,0.5401,-0.4602
8.0904,0.5365,1.1161,-0.4442,0.4123,-0.5944
7.9539,0.5389,1.2478,-0.5603,0.2589,-0.7691
8.4808,0.6922,1.7843,-0.1268,0.2525,-0.9364

