-.-.-
9.6663,0.1221,0.7904,-0.0309,-0.0021,-0.0075
9.6639,0.1293,0.7760,-0.0256,0.0000,-0.0053
9.6807,0.0934,0.7808,-0.0181,-0.0032,-0.0064
9.6783,0.0742,0.7832,-0.0213,0.0011,-0.0085
9.6543,0.0719,0.8023,-0.0277,-0.0021,-0.0075
9.6328,0.0862,0.7928,-0.0288,-0.0053,-0.0096
9.6759,0.1102,0.8095,-0.0277,-0.0032,-0.0075
9.6639,0.0934,0.8095,-0.0256,0.0000,-0.0117
9.6783,0.0982,0.8143,-0.0298,0.0021,-0.0117
9.6519,0.1030,0.8191,-0.0256,-0.0011,-0.0117
9.6639,0.0886,0.8263,-0.0170,0.0032,-0.0138
9.6495,0.0647,0.8095,-0.0064,0.0064,-0.0170
9.6735,0.0407,0.8311,-0.0202,0.0043,-0.0138
9.6807,0.0431,0.8335,-0.0320,0.0032,-0.0149
9.6495,0.0503,0.8311,-0.0426,0.0021,-0.0138
9.7597,0.0814,0.8095,-0.0394,0.0032,-0.0117
9.6735,0.1006,0.8071,-0.0341,0.0021,-0.0138
9.5897,0.1198,0.8814,-0.0138,0.0075,-0.0075
9.6184,0.0120,0.8239,-0.0298,0.0096,-0.0011
9.6232,0.0766,0.8430,-0.0330,0.0064,-0.0053
9.6376,0.1293,0.8454,-0.0075,0.0096,-0.0053
9.6902,0.0647,0.8718,-0.0117,0.0096,-0.0064
9.6519,0.0383,0.8694,-0.0149,0.0117,-0.0107
9.6471,0.0671,0.8550,-0.0224,0.0107,-0.0117
9.6447,0.0671,0.8670,-0.0224,0.0117,-0.0085
9.6328,0.0527,0.8502,-0.0149,0.0138,-0.0085
9.6088,0.0168,0.8263,-0.0170,0.0192,-0.0096
9.6280,0.0000,0.8622,-0.0160,0.0224,-0.0032
9.6495,0.0240,0.8862,-0.0213,0.0160,0.0011
9.6735,0.0407,0.8335,-0.0277,0.0149,0.0011
9.6543,0.0407,0.8598,-0.0362,0.0192,0.0021
9.6711,0.0407,0.8478,-0.0341,0.0117,0.0043
9.6543,0.0359,0.8526,-0.0213,0.0128,0.0011
9.6495,0.0431,0.8478,-0.0277,0.0096,0.0043
9.6495,0.0287,0.8167,-0.0192,0.0128,0.0000
9.6591,0.0240,0.8191,-0.0064,0.0170,-0.0043
9.6280,-0.0072,0.8335,-0.0160,0.0192,-0.0032
9.6639,0.0216,0.8383,-0.0138,0.0224,0.0011
9.7453,0.0168,0.8047,-0.0021,0.0138,-0.0011
9.6639,0.0216,0.7856,0.0032,0.0138,-0.0107
9.6280,0.0072,0.8263,0.0117,0.0107,-0.0075
9.6016,-0.0096,0.7928,-0.0032,0.0181,-0.0053
9.6376,0.0048,0.8167,-0.0149,0.0224,0.0000
9.6759,0.0048,0.8239,-0.0149,0.0213,-0.0032
9.6759,0.0120,0.8119,-0.0170,0.0202,-0.0011
9.6495,0.0287,0.7664,-0.0213,0.0160,0.0021
9.6400,0.0527,0.8119,-0.0256,0.0256,0.0021
9.6687,0.0742,0.7999,-0.0202,0.0181,-0.0021
9.6423,0.0335,0.8407,0.0032,0.0138,-0.0085
9.6783,0.0719,0.8023,-0.0053,-0.0064,-0.0043
9.5968,0.1317,0.7640,0.0085,0.0117,-0.0021
9.6136,0.1868,0.7640,0.0053,0.0288,-0.0032
9.7166,0.2467,0.7688,0.0362,0.0362,0.0043
9.7717,0.2611,0.7520,0.0383,0.0213,0.0149
9.7166,0.0886,0.7377,0.0160,0.0149,0.0245
9.7022,-0.0359,0.8047,-0.0170,0.0107,0.0490
9.7094,0.0575,0.8742,-0.0671,-0.0202,0.0778
9.5801,0.3209,0.7760,-0.0799,-0.0320,0.1097
9.3885,0.4239,0.7161,-0.0565,-0.0309,0.1641
9.2544,0.1724,0.7353,-0.0053,-0.0586,0.2056
9.4651,-0.1485,0.8167,-0.0352,-0.1236,0.2578
9.5130,-0.0263,0.7353,-0.0490,-0.2056,0.3345
9.4963,0.1126,1.0155,0.0256,-0.3047,0.4048
9.5130,0.2467,1.1017,0.1768,-0.3505,0.3920
9.7573,0.7808,1.6885,0.1609,-0.3760,0.3654
9.7501,1.3292,2.1268,0.2184,-0.3665,0.3047
9.8004,1.5113,3.0057,0.2354,-0.4293,0.2429
9.5705,1.5711,2.5675,0.3313,-0.4144,0.1470
9.7070,1.5017,2.6992,0.4059,-0.3718,0.0522
10.4399,1.1879,2.7351,0.4538,-0.3654,-0.0660
10.7488,0.7161,2.9099,0.3334,-0.4783,-0.1182
10.0136,0.3736,2.7686,0.2344,-0.4953,-0.1854
9.2160,-0.0263,2.6992,-0.0085,-0.3995,-0.2099
8.8233,0.3137,2.9123,-0.0053,-0.3398,-0.2461
8.5095,0.3928,2.9028,0.1310,-0.2684,-0.2716
8.0473,-0.0072,2.8788,0.0618,-0.1012,-0.2844
7.8269,-0.1341,3.0010,-0.0352,0.0160,-0.2770
7.7431,-0.1557,3.1303,-0.1310,0.1619,-0.2589
7.9682,0.0335,3.3243,-0.1662,0.2045,-0.2397
8.0928,0.2826,3.3626,-0.1949,0.2525,-0.2397
8.2437,0.3952,3.3961,-0.2162,0.2557,-0.2237
8.5933,0.7640,3.8153,-0.2237,0.2418,-0.1971
9.0843,1.1448,4.1218,-0.1310,0.1374,-0.1555
9.0723,1.2143,4.1099,-0.1055,0.0629,-0.0650
9.0388,1.0490,4.3326,-0.0554,0.0629,-0.0117
8.7897,1.1089,4.7565,-0.0554,0.0884,0.0554
8.7011,1.3628,4.9481,0.0405,0.0874,0.0660
8.3538,1.5927,4.9170,0.2322,0.1715,0.0874
8.1047,1.2263,4.4811,0.4613,0.2972,0.1023
8.8376,0.3497,3.9135,0.7318,0.3206,0.0714
11.8625,-1.6885,2.3447,1.1196,0.0543,0.0043
14.1594,-3.4369,0.3090,0.4346,0.0692,-0.0245
13.9007,-2.9650,1.9376,-0.4517,0.1790,-0.2631
10.2411,-0.1078,4.3685,-0.2461,0.1417,-0.1651
9.1969,-0.4359,2.9890,-0.0714,-0.0692,0.0991
9.9417,-0.6491,1.3652,0.2738,-0.2993,0.1768
9.6256,-1.9591,-0.9221,-0.2216,-0.2344,0.1694
8.6532,-1.1831,-2.0765,-1.0120,0.2376,0.0799
9.0795,1.9903,-0.6203,-0.4634,0.4847,0.0522
9.7693,2.4190,0.2419,-0.0266,0.3643,0.2194
9.1801,1.4011,0.7185,0.3856,0.3803,0.2940
8.5047,-1.1807,1.2574,0.2557,0.5039,0.3441
9.2232,-2.2130,1.3939,-0.1960,0.4602,0.2823
9.6711,-1.1185,0.9317,-0.6605,0.4858,0.2791
9.8579,-0.0814,0.8622,-0.7691,0.4293,0.2333
9.0053,1.0921,0.9460,-0.6232,0.3366,0.2333
7.4485,0.9221,0.9125,-0.6306,0.2695,0.1033
6.5767,1.5041,0.6419,-0.4389,0.4655,0.0170
7.3934,0.9580,0.7712,-0.4953,0.5806,-0.0927
8.6867,1.6262,0.9772,-0.3015,0.5763,-0.1534
8.6915,1.7172,0.9963,-0.3590,0.4677,-0.2109
7.7766,2.1052,0.3976,-0.3143,0.5720,-0.3015
8.8712,2.0813,0.5676,0.1364,0.7276,-0.3910
11.1895,0.5724,1.1496,0.2589,0.4410,-0.3846
10.6770,-0.1413,0.5724,0.0160,0.1087,-0.2514
9.6998,-0.4119,1.1855,-0.3867,0.0085,-0.1023
8.8472,0.8838,0.6203,-0.6594,0.0320,0.0394
8.8879,1.6238,0.3712,-0.6338,0.2493,0.1097
10.4878,1.2718,0.8143,-0.6242,0.4346,0.1545
12.3320,1.1903,0.8071,-0.8735,0.3665,0.1577
13.4576,2.0477,0.2706,-0.7318,0.2653,0.1992
13.2660,3.2932,-0.4479,-0.7883,0.0991,0.3558
12.3655,4.6463,-1.3005,-0.1182,0.4155,0.7105
12.6601,2.9076,-1.8561,0.1491,0.3686,0.9534
11.5200,0.8622,-1.8178,0.1928,0.0852,0.9705
10.9261,-1.1281,-0.7449,0.5529,-0.4240,0.8511
9.7142,-1.7579,0.1605,0.6487,-1.1537,0.7116
8.8400,-1.3436,-0.4982,0.5284,-1.1228,0.5582

