-.-.-
19.0739,-2.0310,4.8403,-0.6498,0.2503,-0.0479
19.4308,-1.9184,5.0248,-0.2855,0.4186,0.1470
20.0152,-2.7088,6.3061,-0.8256,0.3430,0.2461
19.9745,-0.1557,6.7444,-0.9747,0.9406,0.3377
20.6834,0.8143,5.6427,-0.1161,1.4040,0.4964
18.7841,-1.2813,1.5687,-0.4133,1.0780,0.3121
12.5331,-1.1616,-2.3543,-0.7531,0.5465,0.1023
5.8870,-1.7076,-4.5505,-0.4155,0.2322,-0.2855
0.0647,-3.4153,-1.7244,1.0173,-1.3220,-1.0024
-4.1506,-5.6355,-0.8023,2.9540,-4.2685,-1.4477
-11.9871,-11.4626,-6.2366,-0.6647,-0.6807,-0.7681
-5.0200,-3.3075,-5.6043,-2.5066,1.7747,-0.0767
1.0610,1.4011,-1.7627,-2.3393,2.4352,0.1427
5.7457,3.5374,3.0560,0.5486,0.3515,0.6519
3.9015,-0.3640,-0.9844,-0.4325,-0.3941,0.0501
2.8477,0.5820,0.6993,-0.2301,-1.5979,-0.2961
-0.7928,1.0658,1.0299,-0.1332,-1.2709,-0.5060
-2.4741,1.1017,-0.7353,-0.1065,0.2365,-0.5039
0.2179,1.6238,0.3497,0.0288,0.3696,-0.4304
1.4586,1.4298,0.0431,0.4559,-0.2109,-0.2312
0.5173,0.0096,-0.7377,0.6253,-0.3995,-0.0767
-0.2635,-1.1400,-1.0299,0.3931,-0.3025,0.0607
-0.1030,-1.0538,-1.2981,0.1822,-0.1555,0.0969
1.5017,-0.6730,0.7209,0.9566,-0.4346,0.1225
2.8501,-2.7806,0.8790,1.5265,-0.5412,0.2514
6.3372,-6.8426,0.0527,2.3446,0.0831,0.3185
17.6249,-14.3510,3.8416,0.1001,0.5848,0.6083
28.9941,-2.9387,7.9371,-3.7625,0.5103,0.3537
24.8220,4.7206,6.9288,0.4261,0.6690,1.1792
28.2804,-5.2786,3.7865,-0.6647,-0.3249,0.1811
22.6617,3.5159,8.2341,0.0394,-0.5380,0.2237
17.8453,1.5783,6.0211,1.5510,-0.6370,-0.2280
14.4563,-4.5242,4.4212,1.3231,-0.2684,-0.0533
13.2852,-6.4666,3.3147,0.0607,0.8927,0.2173
13.3546,-4.6320,2.4645,-0.2280,0.9172,0.1896
11.1392,-2.8836,1.2047,-0.4069,0.2898,0.0469
8.4089,-2.0166,0.4503,-0.2397,-0.2791,-0.0277
5.3624,-2.6944,-0.0240,-0.1971,-0.4964,-0.0618
2.8333,-3.5949,-0.2658,-0.2557,-0.5614,-0.2099
1.4801,-2.9962,-0.4718,-0.4570,0.0586,-0.2482
2.6441,-1.2670,0.0096,-0.3324,0.5561,-0.1332
4.9960,-0.2347,0.5772,-0.0937,0.4155,0.0426
6.8114,-0.2275,1.4729,0.3143,-0.0554,0.1555
7.8078,-1.4202,2.0765,0.6860,-0.2120,0.1822
9.3214,-2.9004,3.0081,0.5475,0.1012,0.1971
12.1404,-3.2932,3.8057,0.1182,0.2386,0.2067
14.5952,-2.7064,4.1601,-0.2791,-0.0352,0.1502
13.5606,-1.4202,4.1530,-0.4218,-0.2770,0.1044
10.9979,-0.8790,4.0548,-0.3324,-0.1534,0.0426
9.6376,-0.6682,3.7769,-0.2162,-0.0064,-0.0309
8.9765,-0.8909,3.2069,0.0192,0.0884,-0.1534
8.6628,-1.5160,2.6752,0.1843,0.1449,-0.2397
8.2532,-2.1914,2.2154,0.2535,0.0746,-0.2301
7.5778,-2.7040,1.8537,0.2173,-0.0277,-0.1523
7.0246,-2.8333,1.4969,0.1204,-0.0447,-0.0565
7.1875,-2.5842,1.4083,0.1438,-0.0032,0.0383
7.9802,-2.7830,1.7124,0.1694,-0.0352,0.1204
8.7897,-3.1854,1.9519,0.0256,-0.0490,0.1736
9.3789,-3.0201,2.3471,-0.1555,-0.0309,0.1683
9.4196,-2.5531,2.6848,-0.3089,-0.0309,0.1172
9.2520,-1.8729,2.7567,-0.3366,0.0511,0.0639
9.4939,-1.2310,2.8932,-0.2514,0.1108,0.0181
9.8387,-0.9508,2.8070,-0.1204,0.0959,-0.0149
9.7214,-1.0394,2.5866,-0.0202,0.0383,-0.0181
9.2687,-1.3580,2.3902,0.0746,0.0256,-0.0362
8.9837,-2.0046,2.5363,0.1726,0.0170,-0.0490
8.8975,-2.7950,2.5531,0.0607,0.0309,-0.0522
8.9837,-2.7136,2.4980,-0.1225,0.0490,-0.0085
9.2089,-2.0597,2.4836,-0.1768,0.0735,0.0234
9.6112,-1.8011,2.5004,-0.1214,0.0852,-0.0138
9.7956,-1.9448,2.5507,-0.1087,0.0511,-0.0586
9.6016,-1.9184,2.5914,-0.1214,0.0138,-0.0884
9.3933,-1.5065,2.6633,-0.1119,0.0405,-0.0746
9.4148,-1.1975,2.5100,-0.0160,0.0224,-0.0352
9.2400,-1.4131,2.4932,0.1225,-0.0064,-0.0053
9.0388,-1.7579,2.5363,0.1459,0.0192,0.0149
8.9813,-1.7340,2.6537,0.1981,0.0277,0.0202
9.0436,-1.8897,2.5723,0.2557,-0.0629,0.0415
8.5574,-2.0980,1.4083,0.0948,0.0714,0.0969
8.7011,-1.6550,2.2058,0.1150,0.2205,0.1012
8.9693,-1.6118,1.7963,0.2088,0.2791,0.0980
9.2639,-2.1579,1.7460,0.3707,0.3153,0.0991
9.5585,-3.0992,1.4298,0.2695,0.2599,0.0639
9.6352,-2.7327,1.3508,0.0181,0.2621,0.0160
9.7453,-2.2633,1.2526,0.0394,0.3270,-0.0224
9.8531,-2.3399,1.0059,0.0607,0.2557,-0.0469
9.4699,-2.1603,0.9820,0.0533,0.1289,-0.0437
8.8400,-2.1316,1.2310,0.0671,0.1023,-0.0234
8.5742,-2.3304,1.1161,0.0501,0.2194,-0.0149
8.9813,-2.3639,1.2191,0.0064,0.2610,-0.0341
9.5825,-2.1723,1.3771,-0.0554,0.1843,-0.0565
9.8052,-2.0118,1.3604,-0.0671,0.0522,-0.0820
9.6974,-1.9112,1.4969,-0.0660,-0.0138,-0.0991
9.6783,-1.8561,1.6071,-0.0639,0.0170,-0.1055
9.8723,-1.8466,1.6885,-0.0437,0.0192,-0.1023
9.7956,-1.8873,1.6909,-0.0383,-0.0149,-0.0905
9.3094,-1.8514,1.6526,0.0181,0.0053,-0.0874
9.0292,-1.9256,1.6502,0.0501,0.0522,-0.0703
9.1657,-2.0238,1.7076,0.0746,0.0682,-0.0533
9.3047,-2.1340,1.7124,0.0415,0.0320,-0.0479
9.3023,-2.2106,1.5807,0.0245,0.0107,-0.0501
9.3597,-2.2178,1.5592,-0.0320,0.0053,-0.0469
9.3861,-2.1411,1.5376,-0.0469,-0.0011,-0.0362
9.3430,-2.0885,1.5759,-0.0607,0.0021,-0.0096
9.3047,-2.0238,1.7220,-0.0437,0.0075,0.0064
9.3957,-2.0932,1.6909,-0.0373,0.0245,0.0160
9.3933,-2.1986,1.5472,-0.0501,0.0181,0.0202
9.3262,-2.1579,1.6382,-0.0352,-0.0032,0.0213
9.3094,-2.2058,1.6023,-0.0234,0.0138,0.0128
9.3526,-2.2681,1.5472,-0.0330,0.0000,0.0021
9.3190,-2.1962,1.5592,-0.0447,-0.0107,-0.0075
9.3118,-2.0909,1.6190,-0.0192,0.0053,-0.0128
9.3310,-2.1364,1.6262,0.0309,0.0138,-0.0170
9.2639,-2.2561,1.5256,0.0298,0.0096,-0.0277
9.2448,-2.2992,1.5208,0.0117,0.0192,-0.0138
9.2927,-2.2537,1.5496,-0.0107,0.0170,-0.0075
9.3310,-2.0813,1.6190,0.0288,-0.0053,-0.0075
9.3238,-2.1316,1.6334,0.0746,-0.0021,-0.0011
9.3645,-2.3711,1.5496,0.0852,0.0192,0.0000
9.3142,-2.4285,1.5137,0.0501,0.0170,0.0117
9.2615,-2.3519,1.5639,0.0469,0.0170,0.0011
9.3238,-2.4046,1.5328,0.0479,0.0245,-0.0053
9.3645,-2.4765,1.4658,0.0202,0.0096,-0.0053
9.3094,-2.4597,1.4969,0.0032,0.0075,-0.0021
9.2783,-2.4525,1.5160,0.0000,0.0138,0.0032
9.3070,-2.5100,1.5376,-0.0234,0.0011,0.0032
9.2951,-2.4860,1.5855,-0.0447,0.0011,0.0075
9.2879,-2.4860,1.5711,-0.0522,0.0138,0.0011

