-.-.-
16.2837,-3.4848,-5.0559,0.1907,-0.1385,-1.0461
12.8134,-2.5244,-4.3949,-0.4378,-1.3603,-0.5934
6.0810,-0.4503,-5.8055,-0.2919,-1.2549,-0.1193
3.4560,1.4202,-4.7637,-0.1917,-0.5582,0.0479
3.2644,2.5938,-3.5877,0.1502,-0.0234,0.2791
5.5564,0.9915,-3.7650,0.4389,0.3728,0.3867
9.3310,-1.7675,-4.5745,0.1172,0.5305,0.2972
12.0733,-1.3484,-3.0848,-0.1172,0.2780,0.2589
11.4506,-0.0144,-2.9435,-0.2397,-0.1353,0.4005
8.8807,0.2730,-3.4680,-0.1161,-0.2205,0.5294
7.3216,0.1868,-3.5710,-0.1886,-0.0170,0.6775
7.9443,0.4287,-2.9555,-0.1726,0.2354,0.7191
9.0771,0.5628,-2.5890,-0.2099,0.1609,0.7020
8.8975,0.0263,-2.5986,-0.2152,0.0213,0.5784
8.1934,0.3066,-2.5459,-0.3558,0.1246,0.4730
8.0568,0.8287,-2.0909,-0.3483,0.2109,0.3739
7.9682,1.1304,-2.0094,-0.3398,0.3100,0.3057
8.3490,1.1736,-1.7747,-0.3206,0.3462,0.2131
8.7801,1.4514,-1.4921,-0.3558,0.2929,0.1246
9.0101,1.7867,-1.4274,-0.3963,0.2258,0.0394
9.1753,1.8250,-1.1424,-0.3590,0.1651,0.0032
9.2017,1.5616,-1.2622,-0.3814,0.0682,-0.0053
9.3597,1.5759,-1.5232,-0.3920,0.0277,0.0064
9.1705,0.7928,-2.3112,-0.2791,-0.1001,0.0107
8.3969,0.1030,-3.1255,-0.2557,-0.0277,0.0479
8.9214,1.0945,-2.5818,-0.3398,0.1928,0.1545
10.2555,2.5004,-2.1867,-0.3622,0.3036,0.2866
11.5584,2.5052,-2.0549,-0.2525,0.2471,0.3260
11.9344,1.7268,-4.3781,-0.0842,0.3164,0.3931
14.3773,1.9759,-4.9505,-0.0458,0.4677,0.6306
14.1354,2.6752,-2.6010,0.0192,-0.4666,0.6392
10.6770,1.3244,-3.4656,0.0202,-0.8501,0.4378
7.1946,0.5077,-4.3422,0.2067,-1.0727,0.2780
4.6631,-2.0693,-6.2247,0.2972,-0.3995,0.1353
6.2606,-2.7974,-4.9888,-0.2312,0.3750,0.2194
10.9189,-1.2598,-3.3482,-0.2876,0.3164,0.0415
13.2373,0.0240,-2.9315,-0.0714,-0.1928,-0.1662
11.7955,0.2395,-2.7112,-0.1427,-0.4868,-0.2653
9.7597,0.5748,-3.3458,-0.1033,-0.4655,-0.3739
8.7730,0.5916,-4.0811,-0.0969,-0.2706,-0.4602
9.1298,0.6730,-2.6920,-0.1683,-0.1939,-0.4794
9.2639,0.2419,-1.6334,0.0692,-0.2557,-0.5177
8.5287,-0.8311,-1.9879,0.1332,-0.2887,-0.5316
7.3743,-0.8263,-2.8261,0.1300,-0.0980,-0.5507
7.1803,-0.4551,-2.6585,0.0405,0.0085,-0.5071
7.2018,0.2203,-2.3830,-0.0032,0.1832,-0.4186
7.4078,0.5844,-1.9903,0.1268,0.2855,-0.3569
7.6736,0.0000,-2.0956,0.1119,0.4091,-0.1917
7.9970,-0.5580,-1.5903,-0.0011,0.3569,-0.0437
7.9994,-0.5532,-1.4442,-0.0138,0.3867,0.0266
8.5215,-0.1868,-1.3316,-0.0096,0.3771,0.0671
9.1130,0.3904,-0.8814,-0.0266,0.3409,0.1108
9.4412,0.6898,-0.8335,0.0852,0.2237,0.1491
8.8999,0.0048,-1.9807,0.1587,0.2418,0.1491
9.3262,-0.8071,-2.1483,0.1278,0.3782,0.0479
10.6004,-0.0144,-1.7268,0.1406,0.4506,-0.0724
11.8051,0.6682,-1.5089,0.2216,0.4059,-0.1630
12.8493,-0.1485,-0.3760,0.2929,0.0362,-0.1577
12.0469,-0.8071,0.0096,0.2983,-0.1917,-0.1587
10.9189,-1.3867,-1.3915,0.2333,0.0447,-0.2354
12.6768,-3.3913,-3.4943,0.2951,0.5433,-0.5422
18.8129,-5.2451,-6.5145,0.2919,0.5454,-1.2101
14.3749,-2.4956,-5.5780,-0.7489,-1.6799,-0.3846
6.7755,-0.6706,-5.8007,-0.6498,-1.3955,-0.0586
4.5074,1.6166,-3.8799,-0.4932,-0.9097,0.0618
2.6345,3.1997,-4.1075,-0.2301,-0.3899,0.3249
3.8608,2.3064,-5.1708,0.2013,0.7361,0.2993
9.7860,-0.1269,-4.5841,0.0788,1.2006,0.1843
14.2576,-0.7353,-1.9783,-0.1747,0.0383,0.3931
10.5046,-1.1113,-3.8919,-0.3174,-0.5401,0.6093
7.4006,-1.4681,-4.5841,-0.3377,-0.1960,0.6179
7.4341,-0.7161,-4.0883,-0.4133,0.3558,0.6040
8.9430,0.0623,-2.7830,-0.5401,0.3707,0.6637
9.4220,1.2933,-2.3615,-0.4890,0.1907,0.7095
9.0843,1.8801,-2.4142,-0.4389,0.0597,0.6456
8.6173,2.0789,-2.2681,-0.3377,0.1246,0.5571
8.5143,1.6334,-2.0286,-0.2759,0.1971,0.4751
8.3059,1.1137,-1.8825,-0.2407,0.1939,0.3878
8.7730,0.9915,-1.7675,-0.2908,0.2706,0.2706
9.3047,1.3149,-1.0490,-0.2684,0.1310,0.1886
8.8017,1.3364,-1.0658,-0.2344,0.0405,0.1023
8.5023,1.4179,-0.9460,-0.2376,0.0895,0.0128
8.5885,1.7005,-0.7305,-0.2684,0.1129,-0.0522
8.7682,2.1459,-0.8454,-0.3185,0.0650,-0.0948
8.7107,2.0501,-1.8466,-0.1694,0.0362,-0.1395
8.6963,1.3125,-2.8501,-0.1023,0.0746,-0.1502
9.4460,1.0107,-2.7639,-0.0788,0.1470,-0.0437
10.3585,1.3221,-1.9136,-0.0788,0.0810,0.1033
10.8830,1.3771,-1.0155,-0.1555,-0.0671,0.2088
10.3297,1.0610,-0.7041,-0.1949,-0.1619,0.1694
9.6519,2.1028,-1.8729,-0.4783,0.0117,0.0874
10.5668,4.5457,-5.7337,-0.1949,0.5390,0.1992
14.7485,5.3744,-5.9253,0.3015,0.4794,0.6189
13.3355,1.5711,-5.5948,0.7681,-0.5071,0.7691
10.2794,-3.8153,-5.5924,0.3867,-0.8863,0.6413
7.3503,-4.7948,-4.9433,-0.0075,-0.8298,0.3675
7.0414,-3.8201,-4.9218,-0.1886,-0.2418,0.0447
9.4891,-1.0778,-4.8595,-0.5539,0.0746,-0.0927
12.0972,2.0453,-2.7686,-0.4591,-0.1822,-0.2024
11.1919,3.1399,-1.8274,0.2003,-0.4495,-0.3888
8.9454,1.1855,-3.2165,0.1875,-0.4858,-0.4538
7.6569,1.0562,-3.1997,0.1150,-0.2844,-0.4964
7.5754,0.3736,-2.4597,0.3739,-0.0479,-0.5774
8.0425,-0.7425,-1.9495,0.4080,-0.0320,-0.5870
8.2652,-0.9676,-2.1435,0.3057,0.0991,-0.5412
8.2628,-0.9436,-1.9639,0.1758,0.0969,-0.4453
8.2389,-0.5916,-2.1292,0.1395,0.1843,-0.3526
7.9970,-0.6826,-2.3304,0.0490,0.2035,-0.2557
7.6593,-0.8718,-2.3256,-0.0245,0.3686,-0.1609
7.7048,-0.7712,-1.5496,-0.1459,0.4112,-0.0692
7.9395,-0.6323,-1.0299,-0.2152,0.4570,0.0362
8.7322,0.0455,-0.7975,-0.2365,0.3792,0.1427
9.0292,0.6371,-1.0658,-0.0927,0.2131,0.2205
8.5814,0.6538,-1.2286,0.0522,0.1577,0.2684
8.8712,-0.4622,-2.0238,0.1609,0.3760,0.2056
10.8949,-1.1185,-2.7662,-0.0948,0.5167,0.0884
12.1380,1.2526,-1.6071,-0.0330,0.3015,0.0660
12.2577,0.5149,-0.4886,0.0469,-0.0043,0.0298
11.4242,-0.6946,0.2299,0.1598,-0.1555,-0.0160
10.1549,-0.5341,-1.4346,0.0107,-0.0437,-0.0426
10.7297,0.1724,-2.4741,0.0724,0.4250,-0.0724
14.7198,-3.2548,-5.1541,0.3728,0.4613,-0.4112
15.8239,-6.8809,-6.1241,-0.3047,-0.5795,-0.6839
8.9837,-2.6225,-6.9695,-1.2591,-1.3870,-0.3228
4.5050,1.2861,-6.9240,-1.0131,-0.2120,-0.2322
5.9444,2.8836,-3.3770,-0.6732,0.1598,0.0490
7.4102,3.3099,-3.5279,-0.3760,0.0160,0.5529
9.4867,-0.2563,-5.4487,-0.3206,0.3143,0.5678

