-.-.-
-0.500310,-9.672660,0.882900,-0.050000,-0.232000,0.024000
-0.647460,-9.692280,0.843660,-0.042000,-0.227000,0.037000
-0.784800,-9.751140,0.774990,-0.036000,-0.235000,0.045000
-0.843660,-9.888480,1.245870,-0.009000,-0.295000,0.036000
-0.774990,-10.535940,1.079100,-0.058000,-0.282000,0.015000
-0.706320,-10.614420,0.598410,-0.081000,-0.237000,-0.006000
-0.578790,-9.898290,0.500310,-0.054000,-0.216000,-0.031000
-0.559170,-9.427410,0.608220,-0.060000,-0.210000,-0.038000
-0.431640,-9.407790,0.578790,-0.081000,-0.217000,-0.042000
-0.343350,-9.574560,0.568980,-0.081000,-0.255000,-0.047000
-0.304110,-9.653040,0.863280,-0.036000,-0.294000,-0.053000
-0.382590,-9.711900,1.010430,-0.018000,-0.265000,-0.051000
-0.480690,-9.721710,1.098720,-0.017000,-0.237000,-0.048000
-0.578790,-9.770760,1.079100,-0.026000,-0.205000,-0.036000
-0.568980,-9.878670,1.108530,-0.045000,-0.157000,-0.023000
-0.451260,-9.947340,0.931950,-0.075000,-0.127000,-0.013000
-0.461070,-9.986580,0.804420,-0.086000,-0.133000,-0.019000
-0.608220,-9.976770,0.882900,-0.084000,-0.096000,-0.046000
-0.725940,-9.888480,0.882900,-0.094000,-0.015000,-0.079000
-0.725940,-9.790380,0.804420,-0.112000,0.038000,-0.106000
-0.667080,-9.819810,0.824040,-0.123000,0.054000,-0.106000
-0.480690,-9.937530,1.010430,-0.145000,0.095000,-0.092000
-0.343350,-9.966960,0.990810,-0.180000,0.097000,-0.068000
-0.127530,-9.839430,0.922140,-0.195000,0.012000,-0.037000
-0.107910,-9.800190,1.059480,-0.223000,-0.059000,-0.004000
-0.009810,-9.770760,0.951570,-0.267000,-0.110000,0.008000
-0.215820,-9.741330,0.892710,-0.275000,-0.212000,0.014000
-0.421830,-9.692280,0.814230,-0.262000,-0.281000,-0.004000
-0.421830,-9.927720,0.716130,-0.225000,-0.305000,0.017000
-0.166770,-9.741330,0.421830,-0.260000,-0.374000,0.080000
-0.078480,-9.241020,0.313920,-0.192000,-0.570000,0.124000
-0.588600,-8.829000,0.480690,-0.089000,-0.773000,0.113000
-1.098720,-8.740710,0.519930,0.013000,-0.843000,0.085000
-1.422450,-8.819190,0.412020,0.074000,-0.802000,0.025000
-1.422450,-9.025200,0.882900,0.219000,-0.763000,-0.088000
-1.128150,-9.672660,1.677510,0.250000,-0.790000,-0.286000
-1.285110,-10.016010,2.099340,0.129000,-0.660000,-0.471000
-0.755370,-10.114110,2.982240,0.002000,-0.175000,-0.539000
0.049050,-10.810620,2.903760,-0.181000,0.253000,-0.520000
-0.353160,-10.261260,1.137960,-0.626000,0.536000,-0.263000
-0.480690,-11.350170,1.746180,-0.715000,0.497000,-0.121000
-0.009810,-11.703330,2.462310,-0.548000,0.538000,-0.196000
0.559170,-11.134350,3.099960,-0.357000,0.475000,-0.296000
0.765180,-11.801430,2.736990,-0.330000,0.320000,-0.336000
0.784800,-11.389410,1.716750,-0.462000,0.356000,-0.346000
0.500310,-10.212210,0.853470,-0.623000,0.423000,-0.368000
0.549360,-8.907480,0.519930,-0.668000,0.332000,-0.333000
0.637650,-8.093250,0.362970,-0.666000,0.203000,-0.237000
0.755370,-7.543890,0.049050,-0.634000,0.106000,-0.136000
0.774990,-7.318260,0.333540,-0.539000,0.014000,-0.113000
0.667080,-7.602750,0.647460,-0.471000,-0.081000,-0.179000
0.451260,-8.230590,0.853470,-0.416000,-0.095000,-0.170000
0.304110,-8.730900,1.098720,-0.397000,-0.007000,-0.114000
0.490500,-9.142920,0.725940,-0.450000,0.135000,-0.030000
0.451260,-9.241020,0.461070,-0.475000,0.177000,0.073000
-0.156960,-9.996390,0.657270,-0.550000,0.151000,0.123000
-0.412020,-9.564750,1.618650,-0.420000,0.056000,0.087000
0.382590,-10.192590,2.285730,-0.133000,0.056000,0.018000
0.882900,-10.575180,2.707560,0.051000,0.010000,-0.012000
0.676890,-11.085300,3.168630,0.134000,0.007000,0.055000
-0.196200,-12.998250,2.629080,-0.116000,-0.010000,0.147000
0.667080,-13.792860,-1.353780,-0.603000,0.869000,0.153000
0.176580,-9.260640,-1.697130,-0.139000,0.642000,0.179000
0.667080,-6.405930,0.137340,0.083000,-0.017000,0.185000
1.775610,-7.151490,-1.648080,-0.028000,-0.114000,-0.025000
2.530980,-8.946720,-1.667700,-0.162000,-0.188000,-0.172000
1.579410,-12.311550,-2.943000,-0.379000,-0.087000,-0.193000
-0.412020,-14.636520,-2.580030,-0.459000,-0.013000,-0.120000
-0.294300,-14.901390,-2.423070,-0.423000,-0.092000,0.056000
1.667700,-15.970680,-1.206630,-0.288000,-0.180000,0.168000
3.659130,-17.981730,-0.598410,-0.252000,-0.209000,0.263000
2.560410,-17.883630,0.372780,-0.263000,-0.346000,0.373000
2.030670,-18.138690,0.049050,-0.261000,-0.557000,0.298000
1.540170,-16.176690,0.147150,-0.111000,-0.948000,0.201000
0.892710,-13.626090,-0.206010,0.148000,-1.048000,0.059000
-0.206010,-9.005580,-0.372780,0.456000,-1.151000,0.239000
-0.892710,-6.042960,0.245250,0.721000,-1.118000,0.320000
-1.373400,-3.256920,0.235440,0.967000,-0.884000,0.098000
-2.275920,-0.588600,1.236060,1.177000,-0.981000,-0.152000
-1.471500,0.745560,1.461690,1.046000,-0.725000,-0.409000
-0.441450,1.314540,0.117720,0.882000,-0.317000,-0.571000
-0.755370,0.313920,-0.794610,0.774000,-0.004000,-0.349000
-2.442690,0.402210,-0.196200,0.778000,0.038000,0.057000
-2.187630,0.245250,0.519930,0.847000,0.168000,0.368000
0.863280,-2.746800,-3.551220,0.349000,0.606000,0.427000
2.364210,-8.868240,-8.917290,-0.129000,0.467000,0.619000
3.345210,-17.187120,-3.600270,0.128000,-0.045000,0.717000
-0.176580,-13.547610,-1.324350,-0.027000,0.347000,0.280000
-4.522410,-15.323220,-0.559170,0.077000,0.481000,0.162000
-4.257540,-22.945590,2.364210,-0.054000,0.591000,-0.073000
0.304110,-21.052260,4.718610,-0.039000,0.690000,-0.217000
0.039240,-19.806390,4.169250,-0.096000,1.074000,-0.398000
-2.256300,-19.335510,4.787280,-0.044000,1.168000,-0.505000
-3.904380,-18.040590,4.610700,0.102000,1.486001,-0.314000
-2.501550,-14.401080,4.473360,0.301000,2.134001,-0.025000
2.315160,-9.388170,1.697130,0.386000,2.549001,-0.110000
5.993910,-7.220160,0.412020,0.711000,2.160001,-0.131000
4.551840,-5.807520,-1.039860,0.681000,1.336000,0.274000
2.560410,-3.688560,-2.658510,0.629000,0.929000,0.787000
1.187010,0.588600,-2.756610,0.673000,0.372000,0.806000
1.030050,4.355640,-1.775610,0.857000,-0.121000,0.445000
1.500930,4.797090,1.716750,1.076000,-0.320000,0.000000
1.461690,1.255680,1.069290,0.769000,-0.119000,-0.124000
0.814230,-3.668940,-1.677510,0.389000,-0.318000,0.025000
2.403450,-9.859050,-5.267970,-0.331000,-0.077000,-0.238000
0.362970,-16.941870,-6.857190,-0.805000,0.188000,-0.923000
-2.040480,-17.285220,-1.049670,-0.215000,0.006000,-0.654000
1.491120,-11.379600,0.627840,-0.116000,-0.329000,0.250000
2.040480,-16.912440,1.530360,-0.480000,-0.720000,0.439000
2.658510,-21.964590,3.355020,-0.395000,-0.449000,0.100000
2.874330,-20.404800,4.198680,-0.076000,-0.780000,0.290000
3.217680,-18.256410,6.700230,0.162000,-1.089000,0.520000
1.893330,-15.607710,6.072390,0.136000,-1.291000,0.571000
-0.529740,-15.136830,4.855950,0.095000,-1.433001,0.329000
-2.266110,-11.762190,3.580650,0.225000,-1.315000,-0.026000
-2.580030,-7.779330,-1.491120,0.813000,-0.931000,-0.025000
-2.148390,-3.933810,-2.109150,1.342000,-0.610000,0.134000
-3.296160,0.529740,-0.716130,1.412001,-0.262000,0.261000
-2.207250,1.402830,-0.951570,0.778000,0.024000,0.095000
0.490500,0.981000,-2.030670,0.495000,-0.139000,-0.086000
1.510740,0.480690,-1.854090,0.474000,-0.211000,-0.021000
0.451260,-1.471500,-2.099340,0.334000,-0.132000,0.174000
2.403450,-5.483790,-4.365450,-0.375000,0.559000,0.438000
1.599030,-14.312790,-2.177820,-0.362000,1.058000,0.434000
-7.141680,-28.262610,-1.795230,-0.532000,1.294000,-0.325000
-6.504030,-16.520040,-0.078480,0.104000,1.500001,0.147000
-2.168010,-18.864630,3.060720,0.051000,1.375000,0.110000
0.961380,-18.903870,4.061340,-0.422000,1.728001,0.070000

