-.-.-
0.529740,-9.221400,0.814230,-0.200000,-0.873000,0.266000
0.215820,-8.485650,0.863280,-0.041000,-0.820000,0.342000
0.755370,-9.191970,1.579410,0.171000,-0.877000,0.310000
1.177200,-11.065680,1.589220,0.005000,-0.683000,0.147000
-0.049050,-11.526750,2.138580,0.000000,-0.426000,0.082000
-1.500930,-11.860290,2.913570,-0.016000,-0.273000,0.031000
-0.686700,-12.095730,2.069910,0.082000,-0.344000,-0.049000
1.294920,-12.615660,1.334160,0.299000,-0.335000,-0.141000
1.932570,-11.772000,-1.520550,0.272000,-0.427000,-0.243000
-0.107910,-11.104920,-2.118960,0.235000,-0.171000,-0.473000
-1.903140,-9.142920,-1.589220,0.240000,-0.003000,-0.574000
0.009810,-9.505890,-1.039860,0.145000,-0.026000,-0.392000
1.039860,-12.645090,-0.372780,0.121000,-0.010000,-0.203000
0.245250,-14.067540,-0.029430,0.135000,0.133000,-0.116000
-0.519930,-12.596040,0.255060,0.202000,0.280000,-0.046000
-1.196820,-11.134350,0.686700,0.121000,0.380000,0.128000
-1.726560,-9.241020,0.686700,0.024000,0.473000,0.280000
-1.599030,-7.700850,0.686700,-0.018000,0.657000,0.298000
-1.491120,-6.808140,0.667080,-0.018000,0.846000,0.299000
-1.285110,-6.660990,0.774990,-0.050000,1.001000,0.324000
-1.206630,-6.553080,0.922140,-0.081000,1.109000,0.258000
-0.696510,-6.690420,1.314540,-0.124000,1.213000,0.102000
-0.068670,-7.102440,1.069290,-0.303000,1.226000,-0.038000
0.284490,-7.573320,1.069290,-0.275000,1.074000,-0.065000
0.461070,-8.112870,0.892710,-0.296000,0.861000,-0.102000
0.372780,-8.642610,1.245870,-0.230000,0.807000,-0.222000
0.029430,-9.113490,1.716750,-0.024000,0.566000,-0.188000
-0.480690,-10.212210,2.118960,0.016000,0.389000,-0.045000
-1.402830,-12.321360,0.784800,-0.111000,0.245000,0.121000
0.019620,-12.497940,0.765180,-0.031000,0.114000,0.226000
0.843660,-11.075490,3.894570,0.221000,0.417000,0.079000
-0.981000,-11.644470,3.256920,-0.024000,0.722000,0.011000
-3.188250,-11.654280,0.676890,0.165000,0.899000,0.037000
-0.107910,-11.477700,-2.550600,-0.017000,0.862000,0.336000
4.551840,-12.802050,-3.884760,0.094000,0.181000,0.870000
5.532840,-14.008680,-2.472120,0.297000,0.247000,1.023000
-0.598410,-12.213450,-1.393020,0.079000,0.304000,0.823000
-6.023340,-10.604610,-0.529740,0.105000,0.180000,0.215000
-4.649940,-10.202400,0.686700,0.139000,0.202000,-0.360000
0.000000,-10.016010,0.362970,-0.085000,0.301000,-0.609000
3.541410,-8.603370,-0.088290,-0.237000,0.163000,-0.531000
3.894570,-7.180920,0.215820,-0.163000,-0.140000,-0.333000
2.226870,-7.210350,1.000620,0.052000,-0.442000,-0.190000
0.323730,-7.612560,1.677510,0.114000,-0.546000,-0.088000
-0.588600,-7.131870,1.442070,0.229000,-0.600000,-0.038000
-0.696510,-7.553700,1.530360,0.236000,-0.660000,0.025000
0.284490,-7.504650,1.736370,0.374000,-0.648000,0.102000
0.725940,-7.867620,2.668320,0.475000,-0.613000,0.199000
0.725940,-8.799570,3.011670,0.394000,-0.537000,0.239000
0.676890,-9.417600,1.216440,0.042000,-0.412000,0.203000
0.539550,-9.103680,0.627840,0.000000,-0.507000,0.234000
1.088910,-9.299880,0.588600,0.045000,-0.607000,0.246000
1.805040,-9.888480,0.441450,-0.036000,-0.358000,0.109000
0.196200,-10.006200,1.952190,0.190000,-0.208000,0.017000
-1.451880,-11.516940,2.236680,0.327000,-0.084000,-0.060000
-2.383830,-12.360600,1.520550,0.081000,0.131000,-0.154000
-1.775610,-13.233690,0.274680,0.317000,0.625000,-0.443000
-2.138580,-14.616900,-2.217060,0.192000,1.035000,-0.900000
-0.313920,-9.751140,-1.530360,0.385000,1.177000,-0.862000
1.559790,-6.190110,0.421830,0.086000,0.847000,-0.365000
0.853470,-9.996390,-0.529740,-0.030000,0.839000,-0.207000
-2.423070,-17.716860,-0.863280,-0.092000,1.374000,-0.447000
-3.502170,-16.068780,0.137340,0.032000,1.720001,-0.475000
-3.296160,-12.409650,0.529740,0.134000,2.062001,-0.251000
-2.501550,-10.712520,0.902520,0.094000,2.316001,0.011000
-1.137960,-9.476460,1.069290,-0.045000,2.511001,0.026000
0.000000,-8.936910,1.147770,-0.120000,2.560001,-0.051000
0.196200,-8.495460,1.088910,-0.161000,2.540001,-0.059000
-0.117720,-7.995150,1.059480,-0.184000,2.567001,-0.053000
-0.451260,-7.681230,1.059480,-0.244000,2.613001,-0.077000
-0.931950,-7.406550,1.049670,-0.252000,2.703001,-0.134000
-1.206630,-7.357500,0.971190,-0.171000,2.818001,-0.184000
-0.833850,-7.641990,1.196820,-0.050000,2.929001,-0.199000
-0.058860,-7.534080,0.971190,0.097000,2.818001,-0.169000
0.578790,-7.210350,1.177200,0.222000,2.491001,-0.181000
0.627840,-7.848000,1.608840,0.282000,2.303001,-0.222000
-0.421830,-9.015390,1.893330,0.340000,2.210001,-0.225000
-1.500930,-9.829620,1.402830,0.350000,2.049001,-0.248000
-0.922140,-10.133730,1.412640,0.344000,1.855001,-0.307000
1.981620,-10.722330,0.618030,0.207000,1.735001,-0.347000
3.443310,-10.928340,1.128150,0.060000,1.673001,-0.345000
2.462310,-10.624230,-1.128150,-0.056000,1.734001,-0.179000
0.981000,-11.340360,-0.647460,0.085000,1.672001,0.187000
1.706940,-12.056490,-1.638270,-0.091000,1.363000,0.509000
3.423690,-13.979250,-1.785420,0.077000,0.930000,0.428000
2.236680,-14.244120,-0.353160,0.194000,0.716000,-0.039000
0.647460,-12.458700,1.069290,0.062000,0.849000,-0.429000
0.313920,-11.801430,1.500930,-0.171000,1.255000,-0.504000
0.353160,-11.369790,1.461690,-0.224000,1.631001,-0.370000
0.461070,-10.045440,0.941760,-0.236000,1.729001,-0.240000
1.500930,-8.309070,0.588600,-0.230000,1.556001,-0.222000
2.687940,-7.023960,0.490500,-0.258000,1.320000,-0.249000
3.021480,-6.572700,0.539550,-0.277000,1.073000,-0.250000
2.972430,-6.827760,0.451260,-0.201000,0.802000,-0.266000
2.776230,-7.239780,0.225630,-0.061000,0.615000,-0.239000
1.834470,-7.337880,0.206010,0.056000,0.557000,-0.108000
0.627840,-7.543890,0.686700,0.161000,0.643000,0.057000
-0.245250,-8.485650,0.745560,0.163000,0.918000,0.150000
-0.981000,-10.006200,0.412020,0.170000,1.167000,0.194000
-1.549980,-10.987200,0.510120,0.184000,1.220000,0.305000
-1.020240,-11.399220,0.500310,0.224000,1.242000,0.390000
0.402210,-13.302360,0.931950,0.290000,1.358000,0.178000
1.432260,-13.979250,1.206630,0.182000,1.329000,-0.153000
2.795850,-10.820430,0.166770,0.202000,1.203000,-0.301000
2.158200,-7.916670,-0.431640,0.205000,1.043000,-0.290000
-1.187010,-6.013530,-0.382590,-0.016000,1.016000,-0.209000
-3.090150,-6.562890,0.088290,-0.184000,1.334000,-0.304000
-2.432880,-8.946720,0.107910,-0.190000,1.764001,-0.538000
-1.304730,-12.674520,0.166770,-0.104000,1.815001,-0.563000
0.098100,-13.773240,0.882900,-0.063000,1.794001,-0.306000
0.902520,-12.399840,1.000620,0.059000,1.869001,-0.013000
0.107910,-11.438460,0.804420,0.038000,1.911001,0.088000
-0.931950,-10.506510,0.402210,-0.103000,1.985001,0.006000
-1.255680,-9.770760,0.529740,-0.162000,2.138001,-0.035000
-0.961380,-9.241020,0.951570,-0.145000,2.276001,0.062000
-0.559170,-8.622990,1.226250,-0.127000,2.346001,0.145000
-0.392400,-8.593560,1.236060,-0.085000,2.335001,0.125000
-0.412020,-9.182160,1.461690,-0.032000,2.321001,0.026000
-0.166770,-9.329310,1.540170,0.008000,2.307001,-0.073000
0.019620,-9.358740,1.236060,0.045000,2.236001,-0.133000
0.049050,-9.515700,0.981000,0.100000,2.142001,-0.169000
-0.039240,-9.584370,0.892710,0.095000,2.079001,-0.221000
-0.245250,-9.937530,0.833850,0.103000,2.042001,-0.258000
-0.421830,-10.172970,0.686700,0.116000,1.967001,-0.260000
0.019620,-10.025820,0.412020,0.082000,1.856001,-0.272000
0.804420,-9.859050,0.814230,0.103000,1.718001,-0.290000
0.549360,-9.682470,0.843660,0.096000,1.643001,-0.313000
-0.078480,-9.653040,0.470880,0.064000,1.600001,-0.321000

