-.-.-
-0.618030,-8.907480,4.718610,-0.249000,0.031000,0.048000
-0.559170,-8.789760,4.679370,-0.244000,0.013000,0.040000
-0.598410,-8.740710,4.610700,-0.248000,0.000000,0.021000
-0.657270,-8.858430,4.551840,-0.249000,-0.001000,0.008000
-0.716130,-9.054630,4.512600,-0.247000,-0.005000,0.007000
-0.794610,-9.054630,4.453740,-0.253000,-0.004000,0.010000
-0.794610,-9.064440,4.424310,-0.240000,0.002000,0.007000
-0.794610,-9.093870,4.385070,-0.248000,0.020000,0.000000
-0.814230,-9.133110,4.296780,-0.277000,0.028000,-0.013000
-0.784800,-9.162540,4.208490,-0.288000,0.038000,-0.014000
-0.755370,-9.211590,4.139820,-0.292000,0.048000,-0.015000
-0.814230,-9.201780,4.031910,-0.304000,0.053000,-0.015000
-0.824040,-9.280260,4.031910,-0.314000,0.057000,-0.009000
-0.716130,-9.299880,4.071150,-0.351000,0.074000,0.001000
-0.716130,-9.348930,3.924000,-0.412000,0.079000,0.013000
-0.696510,-9.447030,3.884760,-0.427000,0.085000,0.008000
-0.686700,-9.496080,3.835710,-0.454000,0.091000,-0.002000
-0.755370,-9.594180,3.757230,-0.477000,0.094000,-0.015000
-0.765180,-9.574560,3.659130,-0.517000,0.088000,-0.015000
-0.745560,-9.437220,3.531600,-0.542000,0.083000,-0.003000
-0.745560,-9.486270,3.472740,-0.564000,0.074000,-0.003000
-0.784800,-9.476460,3.355020,-0.578000,0.084000,-0.011000
-0.843660,-9.535320,3.335400,-0.597000,0.078000,-0.021000
-0.882900,-9.584370,3.178440,-0.616000,0.082000,-0.027000
-0.873090,-9.653040,3.099960,-0.619000,0.093000,-0.035000
-0.873090,-9.662850,2.943000,-0.651000,0.084000,-0.035000
-0.765180,-9.702090,3.099960,-0.720000,0.031000,-0.033000
-0.637650,-9.770760,2.952810,-0.765000,0.009000,-0.033000
-0.637650,-9.996390,2.638890,-0.807000,0.047000,-0.042000
-0.706320,-9.859050,2.354400,-0.840000,0.080000,-0.047000
-0.990810,-9.751140,2.462310,-0.880000,0.060000,-0.050000
-0.971190,-9.662850,2.648700,-0.982000,0.056000,-0.050000
-0.824040,-9.859050,2.050290,-0.979000,0.106000,-0.034000
-0.892710,-9.888480,1.569600,-0.972000,0.164000,-0.027000
-0.804420,-10.172970,1.608840,-0.964000,0.196000,-0.023000
-0.627840,-10.477080,1.942380,-1.095000,0.200000,0.004000
-0.480690,-10.300500,1.020240,-1.111000,0.199000,0.018000
-0.470880,-10.172970,0.902520,-1.117000,0.189000,0.011000
-0.549360,-10.172970,0.637650,-1.121000,0.134000,0.001000
-0.637650,-10.300500,0.686700,-1.181000,0.098000,-0.008000
-0.794610,-10.006200,0.402210,-1.233000,0.099000,0.000000
-0.902520,-9.947340,0.235440,-1.272000,0.125000,0.003000
-0.824040,-9.868860,-0.058860,-1.306000,0.168000,0.003000
-0.863280,-9.849240,-0.107910,-1.316000,0.189000,0.007000
-0.931950,-9.662850,-0.353160,-1.324000,0.239000,0.006000
-0.922140,-9.672660,-0.461070,-1.342000,0.289000,0.018000
-0.755370,-9.447030,-0.529740,-1.341000,0.284000,0.012000
-0.490500,-9.554940,-0.882900,-1.337000,0.257000,0.009000
-0.372780,-9.466650,-1.393020,-1.330000,0.248000,-0.001000
-0.627840,-9.711900,-1.451880,-1.347000,0.176000,-0.023000
-0.853470,-9.957150,-1.334160,-1.403001,0.121000,-0.053000
-0.804420,-10.290690,-1.746180,-1.536001,0.182000,-0.066000
-0.863280,-10.329930,-3.511980,-1.608001,0.276000,-0.089000
-1.000620,-10.692900,-4.640130,-1.508001,0.350000,-0.127000
-1.226250,-11.075490,-5.424930,-1.498001,0.357000,-0.139000
-0.755370,-10.702710,-5.660370,-1.420001,0.332000,-0.138000
-0.353160,-9.692280,-6.356880,-1.348000,0.332000,-0.129000
-0.215820,-8.897670,-6.837570,-1.238000,0.315000,-0.132000
-0.078480,-8.387550,-7.249590,-1.149000,0.265000,-0.165000
0.068670,-8.083440,-7.298640,-1.027000,0.193000,-0.171000
0.127530,-8.181540,-6.984720,-0.976000,0.121000,-0.169000
0.392400,-8.230590,-7.200540,-0.872000,0.065000,-0.159000
0.206010,-8.240400,-7.004340,-0.777000,0.022000,-0.139000
-0.098100,-8.024580,-7.131870,-0.714000,0.032000,-0.161000
-0.313920,-7.955910,-7.249590,-0.616000,0.031000,-0.199000
-0.176580,-7.995150,-7.592940,-0.531000,0.023000,-0.208000
-0.049050,-7.946100,-7.504650,-0.430000,-0.004000,-0.180000
0.049050,-7.779330,-7.524270,-0.403000,-0.030000,-0.160000
0.156960,-7.730280,-7.455600,-0.343000,-0.042000,-0.155000
0.186390,-7.789140,-7.573320,-0.299000,-0.059000,-0.144000
-0.029430,-7.887240,-7.435980,-0.227000,-0.070000,-0.126000
-0.274680,-7.730280,-7.475220,-0.135000,-0.072000,-0.121000
-0.264870,-7.740090,-7.426170,-0.062000,-0.063000,-0.128000
-0.039240,-7.740090,-7.279020,0.001000,-0.094000,-0.114000
-0.039240,-7.769520,-7.014150,0.060000,-0.091000,-0.081000
-0.019620,-7.798950,-6.955290,0.114000,-0.061000,-0.064000
-0.137340,-7.808760,-6.974910,0.162000,-0.041000,-0.064000
-0.206010,-7.720470,-6.670800,0.205000,-0.049000,-0.059000
-0.147150,-7.583130,-6.484410,0.279000,-0.026000,-0.053000
-0.068670,-7.445790,-6.445170,0.362000,0.001000,-0.055000
-0.029430,-7.406550,-6.033150,0.424000,0.006000,-0.063000
0.000000,-7.190730,-5.719230,0.479000,0.011000,-0.047000
0.049050,-6.984720,-5.415120,0.560000,0.020000,-0.026000
0.098100,-6.817950,-5.179680,0.602000,0.040000,-0.024000
0.098100,-6.602130,-4.806900,0.673000,0.028000,-0.029000
0.107910,-6.386310,-4.649940,0.766000,0.011000,-0.024000
0.225630,-6.347070,-4.326210,0.848000,0.006000,-0.018000
0.392400,-6.415740,-4.022100,0.891000,0.014000,-0.008000
0.382590,-6.474600,-4.022100,0.927000,0.024000,0.001000
0.215820,-6.562890,-3.943620,0.949000,0.016000,0.011000
0.088290,-6.837570,-3.776850,0.963000,-0.012000,0.027000
0.039240,-7.004340,-3.600270,0.995000,-0.033000,0.037000
0.058860,-7.171110,-3.433500,1.022000,-0.006000,0.051000
0.009810,-7.386930,-3.384450,1.021000,0.021000,0.061000
-0.058860,-7.622370,-3.286350,1.017000,0.003000,0.078000
-0.029430,-7.681230,-3.315780,1.034000,0.010000,0.107000
0.078480,-7.691040,-2.893950,1.059000,0.019000,0.114000
0.019620,-7.691040,-2.835090,1.030000,0.024000,0.102000
0.039240,-7.798950,-2.952810,1.048000,0.011000,0.094000
0.127530,-8.161920,-2.658510,1.067000,-0.008000,0.100000
0.274680,-8.348310,-2.521170,1.015000,-0.036000,0.092000
0.304110,-8.691660,-2.374020,0.976000,-0.068000,0.065000
0.196200,-8.829000,-2.383830,0.942000,-0.098000,0.050000
0.166770,-8.868240,-2.383830,0.915000,-0.121000,0.059000
0.127530,-8.936910,-2.118960,0.929000,-0.140000,0.069000
0.147150,-8.897670,-2.050290,0.913000,-0.178000,0.066000
0.147150,-8.995770,-1.726560,0.824000,-0.196000,0.050000
0.039240,-8.946720,-1.814850,0.778000,-0.197000,0.053000
-0.156960,-9.044820,-1.569600,0.756000,-0.231000,0.066000
-0.274680,-9.231210,-1.226250,0.680000,-0.229000,0.057000
-0.245250,-9.241020,-1.255680,0.614000,-0.201000,0.044000
-0.353160,-9.339120,-1.196820,0.566000,-0.168000,0.015000
-0.451260,-9.447030,-1.098720,0.566000,-0.160000,-0.004000
-0.441450,-9.388170,-1.000620,0.554000,-0.155000,-0.002000
-0.392400,-9.496080,-0.833850,0.519000,-0.132000,0.011000
-0.372780,-9.643230,-0.853470,0.421000,-0.123000,0.016000
-0.362970,-9.682470,-0.922140,0.347000,-0.089000,-0.001000
-0.333540,-9.653040,-1.010430,0.307000,-0.048000,-0.029000
-0.353160,-9.682470,-0.971190,0.309000,-0.022000,-0.049000
-0.333540,-9.535320,-1.049670,0.332000,-0.015000,-0.046000
-0.284490,-9.692280,-0.794610,0.327000,-0.032000,-0.050000
-0.156960,-9.859050,-0.618030,0.248000,-0.073000,-0.068000
0.000000,-9.810000,-0.716130,0.239000,-0.062000,-0.059000
0.019620,-9.986580,-0.794610,0.253000,-0.049000,-0.040000
-0.029430,-10.133730,-0.686700,0.249000,-0.047000,-0.025000
-0.137340,-10.300500,-0.608220,0.212000,-0.038000,-0.024000
-0.235440,-10.074870,-0.470880,0.210000,0.012000,-0.014000
-0.343350,-9.643230,-0.451260,0.231000,0.062000,-0.003000

