-.-.-
0.245250,-7.229970,-2.275920,-0.585000,0.300000,-0.046000
0.637650,-7.504650,-2.530980,-0.637000,0.302000,0.035000
0.215820,-7.592940,-2.393640,-0.720000,0.244000,0.213000
-1.039860,-7.426170,-1.549980,-0.778000,0.258000,0.235000
-1.726560,-7.220160,-0.873090,-0.703000,0.472000,0.187000
-1.677510,-7.465410,-1.697130,-0.832000,0.606000,0.163000
0.431640,-9.025200,-5.464170,-1.016000,0.484000,0.365000
1.304730,-7.828380,-5.483790,-1.152000,0.013000,0.530000
1.010430,-5.473980,-4.669560,-1.004000,0.060000,0.290000
-0.804420,-6.504030,-4.483170,-0.745000,0.171000,0.136000
-0.598410,-9.044820,-6.298020,-0.612000,0.220000,0.284000
-0.147150,-8.171730,-6.572700,-0.515000,-0.138000,0.519000
1.128150,-6.190110,-6.288210,-0.466000,-0.266000,0.383000
1.167390,-6.582510,-5.150250,-0.348000,-0.166000,0.206000
-0.284490,-7.906860,-5.150250,-0.285000,-0.049000,0.315000
-1.226250,-6.817950,-6.141060,-0.287000,-0.094000,0.422000
-0.412020,-6.562890,-6.454980,-0.184000,-0.153000,0.382000
0.039240,-6.651180,-5.434740,-0.074000,-0.103000,0.307000
-0.461070,-7.337880,-5.258160,-0.023000,0.098000,0.223000
-0.971190,-7.524270,-5.326830,-0.046000,0.230000,0.237000
-0.294300,-7.465410,-5.513220,-0.003000,0.158000,0.262000
0.529740,-7.573320,-5.719230,0.009000,0.020000,0.200000
0.137340,-7.906860,-6.592320,0.017000,-0.061000,0.068000
-0.618030,-8.034390,-6.778710,0.081000,-0.040000,0.015000
-0.362970,-8.632800,-6.778710,0.180000,-0.018000,0.044000
0.078480,-9.515700,-7.043580,0.227000,-0.106000,0.082000
0.568980,-9.849240,-7.416360,0.231000,-0.284000,0.049000
0.206010,-10.300500,-7.838190,0.202000,-0.445000,0.049000
-0.902520,-10.712520,-7.926480,0.198000,-0.493000,0.098000
-1.589220,-10.614420,-7.377120,0.215000,-0.410000,0.177000
-1.706940,-10.781190,-7.210350,0.258000,-0.293000,0.235000
-0.824040,-10.830240,-6.651180,0.261000,-0.300000,0.213000
-0.686700,-10.683090,-6.660990,0.251000,-0.367000,0.172000
-1.451880,-10.712520,-6.523650,0.252000,-0.384000,0.125000
-1.667700,-10.741950,-6.366690,0.229000,-0.388000,0.042000
-1.589220,-10.369170,-6.307830,0.192000,-0.411000,-0.045000
-1.873710,-10.094490,-6.160680,0.166000,-0.411000,-0.122000
-2.472120,-10.123920,-6.003720,0.124000,-0.327000,-0.182000
-2.246490,-10.025820,-5.944860,0.057000,-0.243000,-0.209000
-1.697130,-9.957150,-5.964480,0.000000,-0.235000,-0.180000
-2.089530,-9.751140,-5.797710,-0.038000,-0.214000,-0.145000
-2.168010,-9.260640,-5.532840,-0.071000,-0.166000,-0.119000
-2.118960,-8.858430,-5.493600,-0.094000,-0.093000,-0.105000
-2.148390,-8.681850,-5.248350,-0.093000,-0.012000,-0.111000
-1.677510,-8.318880,-5.061960,-0.082000,0.022000,-0.107000
-1.422450,-7.887240,-4.875570,-0.066000,0.033000,-0.095000
-1.422450,-7.779330,-4.924620,-0.053000,0.052000,-0.070000
-1.461690,-7.691040,-4.826520,-0.039000,0.068000,-0.057000
-1.216440,-7.534080,-4.718610,-0.025000,0.071000,-0.047000
-1.108530,-7.465410,-4.679370,-0.004000,0.045000,-0.002000
-1.255680,-7.455600,-4.728420,0.003000,0.026000,0.035000
-1.363590,-7.475220,-4.787280,0.017000,0.006000,0.050000
-1.393020,-7.661610,-4.865760,0.039000,-0.002000,0.060000
-1.353780,-7.700850,-4.846140,0.055000,-0.004000,0.071000
-1.402830,-7.867620,-4.826520,0.071000,0.022000,0.103000
-1.432260,-7.985340,-4.895190,0.072000,0.036000,0.131000
-1.245870,-8.171730,-4.826520,0.083000,0.022000,0.154000
-1.157580,-8.377740,-4.777470,0.088000,-0.008000,0.160000
-1.265490,-8.544510,-4.806900,0.079000,-0.034000,0.158000
-1.589220,-8.593560,-4.934430,0.071000,-0.022000,0.139000
-1.697130,-8.662230,-5.042340,0.072000,-0.005000,0.112000
-1.491120,-8.799570,-5.032530,0.067000,0.010000,0.091000
-1.697130,-8.966340,-4.963860,0.055000,0.015000,0.075000
-1.667700,-9.025200,-4.934430,0.042000,0.017000,0.061000
-1.638270,-8.936910,-4.983480,0.036000,0.033000,0.056000
-1.667700,-8.809380,-4.944240,0.028000,0.052000,0.061000
-1.677510,-8.652420,-4.787280,0.018000,0.062000,0.059000
-2.011050,-8.583750,-4.718610,0.012000,0.092000,0.061000
-2.266110,-8.338500,-4.826520,0.022000,0.158000,0.054000
-2.099340,-8.309070,-4.944240,0.054000,0.208000,0.049000
-1.962000,-8.250210,-5.012910,0.098000,0.236000,0.043000
-1.746180,-8.554320,-5.258160,0.147000,0.219000,0.069000
-1.814850,-8.838810,-5.356260,0.166000,0.164000,0.086000
-2.550600,-9.133110,-5.434740,0.155000,0.201000,0.092000
-2.491740,-9.427410,-5.277780,0.114000,0.297000,0.142000
-1.834470,-9.770760,-5.277780,0.044000,0.319000,0.187000
-1.638270,-10.074870,-5.601510,-0.022000,0.293000,0.204000
-1.971810,-10.271070,-5.552460,-0.062000,0.283000,0.219000
-2.511360,-10.222020,-5.326830,-0.100000,0.351000,0.220000
-2.481930,-10.045440,-5.523030,-0.115000,0.435000,0.185000
-2.109150,-10.300500,-5.895810,-0.145000,0.497000,0.116000
-1.746180,-10.506510,-5.768280,-0.202000,0.515000,0.057000
-1.549980,-10.545750,-6.180300,-0.231000,0.543000,0.006000
-1.294920,-10.526130,-6.454980,-0.257000,0.501000,0.026000
-1.226250,-10.045440,-6.170490,-0.310000,0.442000,0.049000
-0.971190,-10.016010,-6.621750,-0.341000,0.430000,0.040000
-0.480690,-9.643230,-6.827760,-0.344000,0.370000,0.048000
-0.392400,-9.005580,-6.111630,-0.336000,0.300000,0.031000
-0.156960,-8.642610,-6.749280,-0.293000,0.227000,0.001000
-0.156960,-8.426790,-6.445170,-0.215000,0.174000,0.002000
-0.618030,-8.161920,-6.042960,-0.140000,0.156000,-0.019000
-0.470880,-7.740090,-6.543270,-0.088000,0.128000,-0.059000
-0.186390,-7.740090,-6.042960,0.016000,0.061000,-0.073000
-0.294300,-7.622370,-5.601510,0.130000,0.026000,-0.135000
-0.716130,-7.377120,-5.709420,0.220000,0.043000,-0.203000
-0.755370,-7.563510,-5.611320,0.338000,0.035000,-0.222000
-0.137340,-7.543890,-5.366070,0.447000,-0.040000,-0.230000
-0.058860,-7.740090,-5.248350,0.550000,-0.080000,-0.267000
-0.500310,-8.063820,-5.277780,0.630000,-0.062000,-0.283000
-0.402210,-8.446410,-5.562270,0.697000,-0.071000,-0.235000
-0.088290,-8.564130,-5.758470,0.766000,-0.095000,-0.202000
0.009810,-8.976150,-5.542650,0.851000,-0.138000,-0.212000
0.147150,-9.191970,-5.630940,0.899000,-0.168000,-0.251000
0.284490,-9.368550,-5.689800,0.895000,-0.194000,-0.282000
0.166770,-9.397980,-5.729040,0.865000,-0.250000,-0.271000
0.058860,-9.407790,-5.817330,0.857000,-0.248000,-0.249000
0.049050,-9.545130,-5.974290,0.878000,-0.249000,-0.223000
-0.009810,-9.437220,-5.248350,0.910000,-0.301000,-0.200000
0.147150,-8.730900,-4.296780,0.929000,-0.315000,-0.245000
0.019620,-8.269830,-3.698370,0.901000,-0.350000,-0.296000
-0.451260,-7.926480,-3.080340,0.853000,-0.402000,-0.270000
-0.794610,-7.406550,-2.530980,0.852000,-0.367000,-0.241000
-1.147770,-7.102440,-1.795230,0.864000,-0.312000,-0.169000
-1.667700,-7.377120,-1.137960,0.823000,-0.133000,-0.100000
-2.030670,-7.857810,-0.784800,0.698000,-0.008000,0.012000
-1.814850,-8.250210,-1.236060,0.511000,0.097000,0.109000
-0.735750,-8.554320,-1.363590,0.382000,0.018000,0.118000
-0.196200,-8.152110,-1.942380,0.241000,0.009000,0.070000
-0.039240,-7.867620,-1.648080,0.168000,-0.104000,0.009000
-0.343350,-7.347690,-2.491740,0.056000,-0.189000,0.043000
-0.500310,-7.190730,-1.657890,0.125000,-0.311000,0.126000
-0.735750,-6.925860,-0.892710,0.066000,-0.384000,0.154000
-0.990810,-7.033770,-1.039860,0.098000,-0.365000,0.113000
-1.147770,-7.494840,-1.108530,0.151000,-0.348000,0.039000
-1.785420,-7.867620,-1.137960,0.187000,-0.267000,-0.050000
-2.197440,-8.122680,-1.098720,0.196000,-0.087000,-0.107000
-1.559790,-8.083440,-1.363590,0.191000,0.070000,-0.113000
-1.108530,-8.112870,-1.324350,0.197000,0.086000,-0.124000

