-.-.-
-0.765180,-9.299880,3.884760,0.844000,0.145000,-0.349000
-1.932570,-10.202400,4.708800,0.843000,0.242000,-0.365000
-1.942380,-9.476460,5.277780,0.672000,0.371000,-0.369000
-1.569600,-8.927100,4.041720,0.547000,0.404000,-0.373000
0.098100,-9.692280,2.943000,0.535000,0.341000,-0.320000
0.068670,-10.123920,3.668940,0.563000,0.202000,-0.268000
-1.069290,-9.800190,4.483170,0.403000,0.251000,-0.269000
-1.187010,-9.290070,4.502790,0.321000,0.256000,-0.265000
0.000000,-9.966960,3.698370,0.303000,0.037000,-0.223000
-0.029430,-10.840050,3.433500,0.193000,-0.203000,-0.236000
-1.049670,-10.830240,3.080340,0.058000,-0.134000,-0.263000
-0.922140,-10.016010,3.453120,-0.043000,-0.010000,-0.309000
-0.578790,-9.819810,3.727800,-0.081000,-0.167000,-0.305000
-0.382590,-9.908100,3.502170,-0.174000,-0.166000,-0.275000
-0.716130,-9.466650,4.071150,-0.202000,-0.037000,-0.240000
-0.902520,-9.790380,3.139200,-0.245000,-0.075000,-0.270000
-1.059480,-9.672660,4.169250,-0.302000,0.013000,-0.328000
-0.902520,-8.564130,5.866380,-0.294000,0.124000,-0.355000
-0.245250,-7.985340,4.620510,-0.308000,0.223000,-0.273000
-0.313920,-8.730900,3.874950,-0.256000,0.096000,-0.238000
-0.225630,-8.956530,4.934430,-0.231000,0.076000,-0.245000
0.000000,-7.946100,4.698990,-0.248000,0.180000,-0.242000
0.362970,-7.798950,4.649940,-0.274000,0.112000,-0.126000
0.127530,-8.230590,4.443930,-0.113000,0.040000,-0.100000
-0.068670,-8.917290,4.895190,-0.013000,0.050000,-0.146000
-0.147150,-9.368550,4.610700,-0.053000,0.076000,-0.210000
-0.696510,-9.319500,4.963860,-0.121000,0.136000,-0.213000
-1.108530,-9.221400,4.237920,-0.180000,0.291000,-0.133000
-0.549360,-9.692280,3.355020,-0.194000,0.425000,-0.083000
0.618030,-10.604610,3.296160,-0.234000,0.280000,-0.126000
0.725940,-10.163160,4.345830,-0.355000,0.118000,-0.185000
0.245250,-9.290070,4.404690,-0.387000,0.115000,-0.140000
-0.765180,-8.985960,4.120200,-0.370000,0.153000,-0.087000
-0.745560,-8.721090,4.434120,-0.308000,0.233000,-0.128000
-0.009810,-8.309070,4.777470,-0.358000,0.238000,-0.179000
0.588600,-9.260640,3.855330,-0.404000,0.111000,-0.134000
0.019620,-10.408410,3.374640,-0.428000,0.074000,-0.137000
-0.412020,-10.163160,3.472740,-0.406000,0.085000,-0.128000
0.000000,-8.848620,3.570840,-0.423000,-0.016000,-0.063000
0.500310,-8.495460,3.561030,-0.471000,0.004000,-0.027000
0.676890,-9.427410,2.481930,-0.457000,-0.003000,-0.005000
0.412020,-10.339740,1.932570,-0.442000,-0.064000,-0.010000
-0.029430,-10.153350,1.844280,-0.457000,-0.099000,-0.039000
0.088290,-9.653040,2.158200,-0.451000,-0.064000,-0.072000
0.578790,-9.751140,2.128770,-0.515000,-0.015000,-0.064000
0.755370,-10.182780,1.736370,-0.529000,-0.044000,-0.041000
0.382590,-10.172970,1.765800,-0.562000,-0.139000,-0.035000
0.343350,-9.790380,1.530360,-0.581000,-0.181000,-0.015000
0.353160,-9.525510,1.628460,-0.562000,-0.168000,0.006000
0.098100,-9.456840,1.549980,-0.568000,-0.140000,0.002000
-0.235440,-9.496080,1.343970,-0.554000,-0.055000,-0.028000
-0.333540,-9.456840,1.324350,-0.515000,-0.046000,-0.018000
-0.039240,-9.348930,1.304730,-0.475000,-0.046000,0.010000
0.166770,-9.437220,1.304730,-0.431000,0.000000,0.020000
0.049050,-9.692280,1.069290,-0.446000,0.121000,0.006000
-0.412020,-10.123920,0.608220,-0.472000,0.152000,0.017000
-0.215820,-10.143540,0.568980,-0.511000,0.267000,0.017000
0.127530,-9.917910,0.421830,-0.499000,0.246000,0.037000
0.323730,-9.545130,0.627840,-0.427000,0.160000,0.075000
0.049050,-9.290070,0.725940,-0.387000,0.150000,0.037000
-0.137340,-9.103680,0.637650,-0.336000,0.173000,-0.020000
-0.137340,-9.015390,0.647460,-0.250000,0.184000,-0.031000
-0.039240,-9.142920,0.578790,-0.168000,0.205000,-0.002000
0.156960,-9.280260,0.549360,-0.106000,0.204000,0.029000
0.343350,-9.466650,0.510120,-0.059000,0.171000,0.047000
0.421830,-9.574560,0.529740,-0.028000,0.132000,0.043000
0.382590,-9.692280,0.667080,-0.004000,0.087000,0.035000
0.274680,-9.888480,0.784800,0.003000,0.054000,0.039000
0.245250,-10.035630,0.735750,0.002000,0.029000,0.048000
0.235440,-9.996390,0.804420,-0.004000,0.021000,0.042000
0.206010,-9.908100,0.735750,-0.004000,0.014000,0.026000
0.107910,-9.839430,0.794610,0.003000,0.004000,0.021000
0.029430,-9.819810,0.765180,0.005000,0.004000,0.013000
0.009810,-9.810000,0.745560,0.012000,-0.009000,0.017000
-0.078480,-9.760950,0.804420,0.021000,-0.025000,0.023000
-0.107910,-9.751140,0.824040,0.021000,-0.028000,0.021000
-0.156960,-9.741330,0.833850,0.039000,-0.029000,0.016000
-0.206010,-9.692280,0.931950,0.058000,-0.031000,0.011000
-0.264870,-9.751140,1.000620,0.071000,-0.016000,0.007000
-0.235440,-9.829620,0.951570,0.077000,0.000000,0.006000
-0.215820,-9.878670,0.931950,0.081000,0.009000,0.006000
-0.215820,-9.839430,0.941760,0.083000,0.021000,0.000000
-0.186390,-9.888480,0.971190,0.084000,0.039000,-0.007000
-0.137340,-9.868860,1.020240,0.078000,0.049000,-0.013000
-0.078480,-9.829620,0.971190,0.074000,0.052000,-0.019000
-0.019620,-9.810000,0.981000,0.086000,0.046000,-0.019000
0.009810,-9.829620,0.981000,0.094000,0.032000,-0.015000
0.019620,-9.790380,1.059480,0.097000,0.028000,-0.017000
-0.009810,-9.731520,1.118340,0.097000,0.037000,-0.026000
0.000000,-9.760950,1.187010,0.102000,0.034000,-0.024000
0.019620,-9.819810,1.157580,0.093000,0.034000,-0.016000
0.029430,-9.819810,1.196820,0.090000,0.036000,-0.012000
0.000000,-9.810000,1.196820,0.094000,0.042000,-0.011000
0.000000,-9.760950,1.245870,0.101000,0.034000,-0.011000
0.019620,-9.780570,1.226250,0.101000,0.028000,-0.008000
0.009810,-9.829620,1.206630,0.107000,0.023000,-0.006000
-0.009810,-9.829620,1.226250,0.115000,0.023000,-0.008000
-0.049050,-9.760950,1.285110,0.116000,0.029000,-0.012000
-0.039240,-9.780570,1.275300,0.117000,0.033000,-0.007000
-0.029430,-9.839430,1.226250,0.115000,0.025000,0.003000
0.000000,-9.810000,1.491120,0.106000,0.016000,0.014000
0.029430,-9.800190,1.442070,0.106000,0.024000,0.012000
0.039240,-9.751140,1.422450,0.112000,0.032000,0.002000
0.029430,-9.780570,1.510740,0.105000,0.039000,-0.001000
0.078480,-9.780570,1.520550,0.103000,0.035000,-0.003000
0.029430,-9.692280,1.510740,0.105000,0.020000,-0.010000
0.009810,-9.702090,1.579410,0.122000,0.005000,-0.012000
-0.009810,-9.760950,1.657890,0.127000,-0.024000,-0.005000
-0.019620,-9.751140,1.599030,0.121000,-0.014000,0.000000
-0.098100,-9.731520,1.599030,0.130000,0.001000,0.001000
-0.137340,-9.653040,1.599030,0.151000,0.022000,0.000000
-0.009810,-9.682470,1.716750,0.179000,0.021000,0.001000
0.068670,-9.702090,2.001240,0.168000,0.054000,-0.018000
0.000000,-9.937530,1.657890,0.158000,0.079000,-0.030000
-0.284490,-9.878670,1.540170,0.131000,0.086000,-0.054000
-0.667080,-9.613800,1.383210,0.138000,0.160000,-0.094000
-0.765180,-9.545130,1.432260,0.182000,0.264000,-0.119000
-0.490500,-9.564750,1.755990,0.213000,0.328000,-0.107000
-0.176580,-9.790380,1.755990,0.205000,0.323000,-0.038000
0.264870,-9.810000,1.873710,0.189000,0.287000,0.009000
0.627840,-9.711900,2.030670,0.191000,0.241000,0.008000
0.676890,-9.682470,2.305350,0.180000,0.184000,-0.013000
0.578790,-9.731520,2.315160,0.150000,0.109000,-0.016000
0.392400,-9.721710,2.324970,0.138000,0.047000,-0.009000
0.264870,-9.623610,2.285730,0.148000,0.008000,-0.009000
0.206010,-9.525510,2.354400,0.165000,-0.017000,-0.010000
0.176580,-9.515700,2.364210,0.176000,-0.029000,0.005000
0.156960,-9.584370,2.472120,0.176000,-0.047000,0.019000

