-.-.-
1.491120,-0.323730,0.274680,1.131000,1.243000,-0.119000
1.922760,1.540170,-0.519930,0.981000,1.347000,-0.170000
0.264870,1.971810,-1.834470,0.758000,1.344000,-0.139000
-0.931950,0.961380,-1.167390,0.653000,1.335000,-0.124000
-1.706940,-0.196200,-0.225630,0.566000,1.357000,-0.034000
-0.578790,-2.364210,0.824040,0.427000,1.762001,0.019000
3.315780,-8.878050,-4.443930,-0.335000,2.660001,0.273000
11.997630,-22.033260,-22.690530,-2.941001,0.994000,1.365000
6.062580,-25.486380,2.854710,1.793001,-0.463000,1.037000
-5.130630,-18.864630,1.236060,0.784000,0.534000,-0.075000
-6.258780,-20.581380,-0.902520,0.144000,1.347000,-0.406000
1.353780,-24.142410,0.402210,0.153000,1.405001,-0.145000
4.061340,-19.610190,1.775610,-0.076000,1.341000,0.216000
0.147150,-16.176690,2.295540,0.000000,1.612001,0.216000
-1.137960,-13.508370,1.706940,-0.037000,1.978001,0.453000
0.058860,-9.241020,0.735750,0.222000,1.828001,0.530000
2.099340,-5.346450,1.657890,0.498000,1.516001,0.336000
2.589840,-3.413880,1.579410,0.735000,1.307000,0.324000
2.275920,-1.442070,1.245870,0.855000,1.140000,0.354000
2.893950,-0.127530,0.029430,0.814000,1.036000,0.398000
3.119580,0.382590,-1.903140,0.643000,0.783000,0.498000
1.520550,0.598410,-2.256300,0.654000,0.698000,0.499000
0.039240,0.902520,-1.147770,0.625000,0.703000,0.473000
-0.245250,0.372780,-1.079100,0.418000,0.708000,0.506000
-0.333540,-1.412640,-0.431640,0.033000,0.575000,0.505000
-2.020860,-8.534700,-1.481310,-0.917000,-0.158000,0.304000
1.569600,-17.795340,-16.500420,-2.370001,0.934000,-0.373000
-4.993290,-28.027170,-3.237300,-0.222000,1.897001,-0.426000
3.374640,-23.691150,0.353160,0.456000,1.488001,-0.360000
7.602750,-18.423180,-1.128150,0.491000,0.754000,-0.206000
0.755370,-20.238030,-1.510740,0.242000,1.101000,-0.038000
-4.846140,-18.491850,0.578790,0.132000,1.975001,-0.105000
-4.139820,-13.930200,1.363590,0.218000,2.979001,0.173000
-0.500310,-11.830860,2.069910,0.340000,3.617001,0.545000
1.294920,-9.986580,1.363590,0.317000,3.711001,0.467000
1.726560,-8.309070,1.206630,0.267000,3.930001,0.265000
0.696510,-6.523650,0.922140,0.324000,4.024001,0.136000
-0.313920,-4.806900,0.343350,0.469000,3.960001,0.133000
-0.009810,-1.805040,0.166770,0.609000,3.951001,0.268000
1.657890,0.618030,-0.068670,0.638000,3.597001,0.227000
0.000000,1.128150,-1.039860,0.413000,2.896001,0.243000
-2.187630,1.530360,-0.676890,0.375000,2.723001,0.466000
0.137340,-1.265490,1.393020,0.111000,3.463001,0.596000
5.817330,-6.641370,-3.521790,-0.602000,3.827001,0.612000
6.229350,-14.283360,-5.935050,-0.104000,2.694001,0.644000
-0.745560,-22.867110,3.776850,0.925000,2.126001,0.407000
-3.178440,-25.152840,-0.078480,0.248000,2.534001,0.320000
2.364210,-20.610810,-0.627840,0.120000,2.476001,0.110000
4.208490,-21.336750,0.323730,-0.202000,2.434001,0.027000
1.569600,-22.935780,1.363590,-0.328000,2.484001,0.128000
-1.206630,-20.228220,1.638270,-0.155000,2.741001,0.245000
0.068670,-15.646950,2.207250,-0.088000,3.087001,0.340000
3.001860,-13.743810,1.716750,-0.158000,3.315001,0.376000
4.051530,-11.085300,0.922140,0.082000,3.183001,0.322000
3.786660,-7.180920,1.451880,0.371000,2.892001,0.212000
3.247110,-3.992670,1.657890,0.496000,2.978001,0.200000
2.109150,-1.069290,0.745560,0.323000,2.933001,0.384000
1.471500,1.108530,0.068670,0.155000,2.637001,0.557000
1.805040,1.706940,-1.079100,0.124000,2.358001,0.605000
1.844280,1.079100,-0.686700,0.176000,2.078001,0.529000
0.882900,0.510120,0.490500,0.276000,1.904001,0.462000
0.117720,-1.206630,0.313920,0.185000,1.828001,0.480000
-0.451260,-5.807520,-4.934430,-0.467000,1.819001,0.325000
-1.334160,-12.125160,-7.975530,-0.487000,2.932001,0.023000
-4.610700,-19.580760,-0.873090,-0.486000,2.519001,0.151000
0.098100,-22.072500,-0.098100,-0.410000,2.500001,0.312000
6.916050,-20.394990,0.068670,-0.253000,2.264001,0.602000
8.672040,-23.926590,1.118340,-0.204000,1.799001,0.572000
5.925240,-23.328180,1.314540,-0.160000,1.509001,0.481000
4.237920,-22.043070,1.903140,-0.013000,1.206000,0.699000
3.639510,-18.599760,1.098720,0.130000,0.849000,0.927000
2.403450,-13.910580,-0.568980,0.236000,0.383000,0.818000
-0.981000,-9.447030,-1.137960,0.325000,-0.145000,0.503000
-3.001860,-5.326830,-2.472120,0.312000,-0.026000,0.159000
-1.294920,-3.031290,-2.423070,0.709000,0.377000,-0.371000
1.608840,-0.107910,-1.451880,0.982000,0.575000,-0.666000
2.481930,1.834470,-2.109150,0.899000,0.553000,-0.578000
0.412020,2.344590,-2.344590,0.741000,0.611000,-0.384000
-1.471500,1.334160,-0.647460,0.632000,0.714000,-0.160000
-1.579410,-0.686700,-0.255060,0.360000,1.251000,0.070000
0.461070,-5.366070,-7.367310,0.059000,2.072001,0.639000
-0.176580,-11.124540,-3.139200,0.653000,1.729001,1.022000
-1.648080,-15.372270,-2.109150,0.145000,1.693001,0.483000
0.196200,-21.022830,-4.875570,-0.160000,1.722001,-0.018000
-0.098100,-23.740200,-3.011670,0.114000,1.468001,-0.457000
-1.314540,-22.965210,-1.010430,0.114000,1.351000,-0.519000
-0.451260,-20.934540,0.461070,0.048000,1.370000,-0.495000
0.186390,-20.120310,0.117720,0.120000,1.406001,-0.450000
1.628460,-16.098210,0.402210,0.357000,1.536001,-0.445000
1.962000,-11.683710,1.137960,0.721000,1.652001,-0.433000
1.432260,-7.131870,1.343970,0.920000,1.706001,-0.302000
1.324350,-3.041100,1.098720,1.050000,1.596001,-0.045000
3.345210,0.637650,-0.824040,0.823000,1.278000,0.268000
3.423690,3.050910,-2.001240,0.603000,0.843000,0.481000
1.981620,2.913570,-2.334780,0.718000,0.474000,0.632000
1.383210,0.745560,-1.343970,0.720000,0.323000,0.402000
0.990810,-0.333540,-1.628460,0.788000,0.546000,0.194000
0.245250,-0.863280,-1.265490,0.790000,0.577000,0.157000
-0.137340,-1.226250,-0.274680,0.602000,0.305000,0.084000
-0.088290,-1.962000,-2.079720,0.234000,-0.491000,-0.101000
1.294920,-10.369170,-9.839430,-0.563000,-0.350000,-0.942000
-0.696510,-23.799060,-5.787900,-0.370000,0.780000,-1.081000
2.128770,-24.976260,0.206010,-0.148000,0.070000,0.225000
5.238540,-20.228220,0.039240,-0.032000,-0.372000,0.294000
5.464170,-25.761060,0.264870,-0.204000,-0.454000,0.051000
3.521790,-21.660480,0.990810,-0.317000,-1.011000,-0.156000
1.726560,-18.717480,1.402830,-0.198000,-1.320000,-0.095000
1.873710,-15.352650,1.049670,0.034000,-1.558001,0.052000
-0.431640,-10.035630,-0.470880,0.357000,-1.698001,0.152000
-3.639510,-6.023340,-0.500310,0.738000,-1.337000,0.262000
-4.247730,-3.080340,-0.029430,1.072000,-0.650000,0.145000
-2.246490,-1.746180,0.706320,1.119000,-0.006000,-0.246000
-0.735750,-0.245250,-2.746800,0.877000,0.315000,-0.606000
-0.657270,0.873090,-2.648700,0.844000,0.756000,-0.615000
-0.686700,2.069910,-2.315160,0.691000,0.973000,-0.455000
-0.245250,1.795230,-0.372780,0.757000,0.889000,-0.317000
0.372780,-0.353160,0.000000,0.660000,0.711000,-0.126000
0.667080,-2.040480,-0.225630,0.465000,0.873000,-0.030000
1.657890,-6.651180,-3.355020,-0.039000,1.398000,0.186000
5.670180,-19.080450,-15.411510,-2.074001,0.021000,1.010000
5.768280,-25.976880,-0.931950,0.912000,-1.236000,0.803000
-5.081580,-17.736480,4.924620,0.880000,0.026000,-0.422000
-7.308450,-17.187120,-0.215820,0.203000,0.871000,-0.546000
0.500310,-22.464900,1.706940,0.187000,0.860000,-0.371000
4.777470,-21.994020,2.393640,-0.158000,0.876000,0.187000
1.716750,-17.579520,1.873710,-0.115000,0.749000,0.217000
-0.206010,-14.293170,1.059480,-0.006000,0.866000,-0.053000
0.706320,-10.683090,-0.608220,0.177000,0.967000,-0.122000

