-.-.-
0.137340,-9.868860,-0.225630,-0.003000,-0.034000,-0.002000
0.147150,-9.898290,-0.225630,-0.011000,-0.032000,-0.003000
0.147150,-9.898290,-0.245250,-0.009000,-0.033000,-0.002000
0.137340,-9.878670,-0.225630,-0.008000,-0.029000,-0.005000
0.127530,-9.839430,-0.225630,-0.005000,-0.023000,-0.006000
0.088290,-9.849240,-0.215820,0.007000,-0.027000,-0.011000
0.098100,-9.868860,-0.186390,0.010000,-0.037000,-0.016000
0.039240,-9.859050,-0.215820,-0.002000,-0.034000,-0.015000
0.009810,-9.849240,-0.235440,-0.011000,-0.015000,-0.012000
0.049050,-9.898290,-0.235440,-0.023000,0.008000,-0.003000
0.166770,-9.986580,-0.235440,-0.035000,0.014000,0.005000
0.196200,-9.966960,-0.323730,-0.051000,-0.008000,0.021000
0.147150,-9.908100,-0.343350,-0.047000,-0.030000,0.027000
0.117720,-9.868860,-0.313920,-0.042000,-0.038000,0.019000
0.068670,-9.839430,-0.235440,-0.052000,-0.041000,0.008000
0.078480,-9.888480,-0.284490,-0.035000,-0.048000,0.008000
0.107910,-9.908100,-0.284490,-0.043000,-0.044000,0.014000
0.137340,-9.868860,-0.333540,-0.045000,-0.055000,0.014000
0.196200,-9.868860,-0.304110,-0.049000,-0.047000,0.009000
0.176580,-9.898290,-0.353160,-0.053000,-0.045000,0.006000
0.127530,-9.927720,-0.382590,-0.053000,-0.037000,0.005000
0.147150,-9.908100,-0.382590,-0.034000,-0.032000,0.006000
0.196200,-9.878670,-0.372780,-0.043000,-0.042000,0.001000
0.274680,-9.849240,-0.431640,-0.044000,-0.037000,-0.002000
0.255060,-9.859050,-0.461070,-0.036000,-0.040000,-0.004000
0.196200,-9.859050,-0.421830,-0.042000,-0.049000,-0.005000
0.176580,-9.849240,-0.431640,-0.043000,-0.048000,-0.009000
0.186390,-9.878670,-0.392400,-0.035000,-0.043000,-0.011000
0.176580,-9.937530,-0.382590,-0.039000,-0.040000,-0.004000
0.196200,-9.957150,-0.372780,-0.039000,-0.040000,0.001000
0.215820,-9.917910,-0.343350,-0.041000,-0.036000,-0.001000
0.206010,-9.878670,-0.323730,-0.044000,-0.030000,-0.002000
0.166770,-9.888480,-0.402210,-0.056000,-0.040000,-0.002000
0.127530,-9.917910,-0.431640,-0.066000,-0.062000,-0.002000
0.147150,-9.917910,-0.402210,-0.068000,-0.060000,-0.003000
0.147150,-9.878670,-0.431640,-0.060000,-0.042000,-0.006000
0.186390,-9.829620,-0.470880,-0.063000,-0.024000,-0.008000
0.176580,-9.839430,-0.480690,-0.065000,-0.020000,-0.006000
0.137340,-9.898290,-0.470880,-0.068000,-0.033000,-0.003000
0.117720,-9.898290,-0.451260,-0.075000,-0.044000,-0.002000
0.098100,-9.908100,-0.402210,-0.091000,-0.043000,-0.006000
0.068670,-9.976770,-0.372780,-0.114000,-0.037000,-0.017000
-0.019620,-9.996390,-0.372780,-0.154000,-0.014000,-0.030000
-0.009810,-10.065060,-0.284490,-0.219000,0.022000,-0.045000
0.068670,-10.212210,-0.255060,-0.294000,0.041000,-0.067000
0.176580,-10.428030,-0.343350,-0.404000,0.107000,-0.085000
0.264870,-10.555560,-0.510120,-0.522000,0.192000,-0.084000
0.304110,-10.643850,-0.725940,-0.609000,0.342000,-0.063000
0.412020,-10.428030,-0.931950,-0.611000,0.502000,-0.026000
0.735750,-10.035630,-1.167390,-0.599000,0.649000,0.030000
1.108530,-9.505890,-1.451880,-0.651000,0.739000,0.075000
1.373400,-9.035010,-1.589220,-0.605000,0.715000,0.136000
1.579410,-8.730900,-1.667700,-0.520000,0.603000,0.172000
1.736370,-8.740710,-1.540170,-0.377000,0.465000,0.183000
2.187630,-9.113490,-1.010430,-0.234000,0.274000,0.147000
2.560410,-9.554940,-1.226250,-0.281000,-0.020000,0.141000
1.883520,-9.692280,-2.089530,-0.423000,-0.222000,0.211000
-0.127530,-9.329310,-2.687940,-0.556000,-0.353000,0.311000
-1.147770,-9.270450,-3.698370,-0.768000,-0.678000,0.299000
-0.009810,-10.222020,-3.502170,-1.177000,-0.827000,-0.076000
0.794610,-10.830240,-2.354400,-1.055000,-0.661000,-0.344000
-1.236060,-10.604610,-1.706940,-0.691000,-0.588000,-0.208000
-2.354400,-10.584990,-0.961380,-0.564000,-0.521000,0.015000
-2.236680,-11.075490,-0.392400,-0.370000,-0.349000,0.113000
-1.216440,-11.046060,-0.578790,-0.371000,-0.329000,0.123000
-0.490500,-10.634040,-0.824040,-0.393000,-0.373000,0.153000
-0.049050,-9.927720,-0.981000,-0.413000,-0.385000,0.176000
-0.137340,-9.309690,-1.540170,-0.451000,-0.359000,0.199000
-0.500310,-9.142920,-1.814850,-0.490000,-0.336000,0.207000
-0.549360,-9.221400,-1.559790,-0.507000,-0.384000,0.125000
-0.500310,-9.339120,-1.657890,-0.573000,-0.449000,0.007000
-0.421830,-9.917910,-0.676890,-0.637000,-0.472000,-0.025000
-0.529740,-9.878670,-1.010430,-0.718000,-0.536000,-0.016000
-0.510120,-10.329930,-2.324970,-0.587000,-0.728000,0.023000
-0.716130,-11.242260,-2.678130,-0.435000,-0.900000,0.117000
-1.500930,-10.987200,-2.658510,-0.372000,-0.989000,0.125000
-2.943000,-10.800810,-2.805660,-0.277000,-0.895000,0.031000
-4.228110,-11.095110,-3.149010,-0.129000,-0.635000,-0.043000
-5.032530,-11.183400,-2.481930,0.107000,-0.197000,-0.101000
-5.591700,-10.663470,-1.294920,0.474000,0.293000,-0.183000
-6.072390,-15.637140,-7.485030,0.436000,0.971000,-0.146000
-3.541410,-14.371650,-7.504650,0.251000,0.034000,0.180000
5.258160,-5.836950,-4.924620,-0.264000,0.508000,-0.232000
2.884140,-3.394260,-6.513840,-0.244000,0.627000,-0.750000
-1.098720,-8.524890,-6.052770,-0.213000,0.632000,-0.652000
-3.305970,-12.586230,-5.130630,-0.050000,0.531000,-0.513000
-1.304730,-10.898910,-4.836330,-0.054000,0.574000,-0.446000
2.217060,-8.024580,-4.924620,-0.050000,0.820000,-0.516000
4.061340,-7.789140,-4.630320,-0.097000,0.743000,-0.482000
3.492360,-8.122680,-4.090770,-0.027000,0.426000,-0.402000
1.667700,-7.995150,-3.355020,0.012000,0.229000,-0.387000
-0.186390,-7.190730,-3.021480,-0.001000,0.313000,-0.420000
-1.265490,-6.160680,-2.854710,-0.033000,0.488000,-0.357000
-0.951570,-5.395500,-2.736990,-0.063000,0.611000,-0.206000
0.107910,-5.366070,-2.707560,-0.022000,0.695000,-0.108000
1.255680,-5.856570,-2.403450,0.059000,0.673000,-0.116000
2.011050,-6.562890,-2.148390,0.060000,0.537000,-0.188000
2.462310,-7.563510,-2.050290,0.039000,0.367000,-0.222000
2.472120,-8.868240,-2.246490,0.041000,0.224000,-0.254000
1.971810,-9.908100,-2.580030,0.073000,0.117000,-0.208000
1.638270,-10.143540,-2.648700,0.206000,0.091000,-0.127000
1.854090,-10.104300,-2.648700,0.379000,0.055000,-0.021000
2.717370,-10.045440,-2.648700,0.509000,-0.106000,0.157000
3.443310,-10.329930,-2.040480,0.776000,-0.442000,0.306000
3.296160,-12.164400,-4.149630,0.903000,-0.777000,0.261000
2.501550,-17.020350,-6.484410,0.866000,-0.653000,-0.136000
-0.117720,-13.890960,-5.287590,0.308000,-0.277000,-0.259000
-0.667080,-9.211590,-4.375260,0.327000,-0.288000,0.323000
1.510740,-8.318880,-5.405310,0.362000,-0.370000,0.579000
3.119580,-10.535940,-5.670180,0.224000,-0.524000,0.431000
2.334780,-11.301120,-4.316400,0.162000,-0.591000,0.229000
-0.804420,-9.142920,-4.080960,0.089000,-0.651000,0.129000
-2.423070,-7.838190,-3.521790,0.077000,-0.485000,0.144000
-1.981620,-7.838190,-3.070530,0.091000,-0.252000,0.133000
-0.608220,-8.044200,-2.687940,0.092000,-0.090000,0.150000
0.343350,-7.583130,-2.530980,0.106000,-0.016000,0.252000
0.500310,-6.798330,-2.462310,0.099000,-0.077000,0.367000
0.421830,-6.160680,-2.540790,0.073000,-0.207000,0.440000
0.490500,-5.905620,-2.334780,0.030000,-0.324000,0.431000
0.009810,-5.935050,-2.315160,-0.066000,-0.405000,0.352000
-1.059480,-6.160680,-2.815470,-0.148000,-0.396000,0.280000
-2.089530,-6.474600,-3.276540,-0.187000,-0.264000,0.265000
-2.589840,-7.092630,-3.600270,-0.145000,-0.098000,0.238000
-2.011050,-7.818570,-2.521170,-0.156000,0.062000,0.106000
-1.226250,-9.417600,-0.637650,-0.192000,0.152000,-0.008000
0.137340,-10.271070,-0.853470,-0.316000,0.223000,-0.011000
0.706320,-11.732760,-1.196820,-0.278000,0.130000,0.015000
0.510120,-12.851100,-1.324350,-0.233000,-0.111000,0.109000

