-.-.-
-1.059480,-7.661610,-8.250210,0.894000,-0.341000,-0.403000
-0.568980,-8.220780,-8.387550,0.922000,-0.398000,-0.434000
-0.853470,-8.407170,-8.093250,0.913000,-0.423000,-0.443000
-1.383210,-8.564130,-7.857810,0.883000,-0.364000,-0.448000
-1.177200,-8.887860,-7.955910,0.835000,-0.303000,-0.415000
-0.824040,-8.985960,-8.034390,0.768000,-0.296000,-0.376000
-0.853470,-9.084060,-7.740090,0.683000,-0.343000,-0.323000
-1.059480,-9.113490,-7.328070,0.624000,-0.346000,-0.278000
-1.128150,-9.074250,-7.102440,0.559000,-0.339000,-0.224000
-0.863280,-9.250830,-6.935670,0.486000,-0.339000,-0.140000
-0.833850,-9.211590,-6.729660,0.397000,-0.370000,-0.036000
-1.108530,-8.936910,-6.405930,0.339000,-0.382000,0.029000
-1.275300,-8.662230,-6.101820,0.307000,-0.374000,0.043000
-2.491740,-8.122680,-9.721710,0.157000,-0.358000,0.037000
-3.747420,-10.604610,-4.846140,0.274000,-0.154000,0.038000
-3.384450,-9.388170,-6.033150,0.057000,0.027000,0.004000
-0.745560,-7.720470,-6.445170,0.073000,0.155000,0.050000
-0.313920,-7.965720,-5.326830,0.072000,0.072000,0.054000
-0.755370,-7.985340,-5.336640,0.024000,0.039000,0.021000
-1.049670,-8.161920,-5.218920,0.016000,0.002000,0.012000
-1.059480,-7.906860,-4.944240,-0.003000,-0.050000,0.020000
-0.873090,-7.838190,-4.983480,0.045000,-0.049000,0.015000
-1.157580,-8.260020,-4.993290,0.080000,-0.040000,0.002000
-1.520550,-8.475840,-4.993290,0.064000,-0.035000,0.006000
-1.608840,-8.436600,-5.091390,0.056000,-0.025000,0.019000
-1.638270,-8.416980,-5.346450,0.044000,-0.019000,0.024000
-1.687320,-8.534700,-5.473980,0.017000,0.008000,0.016000
-1.706940,-8.642610,-5.424930,0.002000,0.061000,0.022000
-1.481310,-8.564130,-5.346450,-0.011000,0.101000,0.033000
-1.147770,-8.318880,-5.336640,-0.020000,0.109000,0.047000
-0.971190,-8.103060,-5.199300,-0.022000,0.087000,0.060000
-1.000620,-8.044200,-5.120820,-0.020000,0.063000,0.065000
-1.079100,-8.014770,-5.179680,-0.018000,0.052000,0.062000
-1.226250,-8.054010,-5.169870,-0.015000,0.065000,0.053000
-1.265490,-8.191350,-5.248350,-0.013000,0.081000,0.041000
-1.226250,-8.201160,-5.287590,-0.021000,0.073000,0.041000
-1.137960,-8.210970,-5.385690,-0.024000,0.054000,0.040000
-1.137960,-8.230590,-5.375880,-0.033000,0.036000,0.030000
-1.265490,-8.240400,-5.473980,-0.036000,0.035000,0.017000
-1.324350,-8.220780,-5.503410,-0.033000,0.045000,0.001000
-1.226250,-8.181540,-5.513220,-0.033000,0.044000,-0.003000
-1.167390,-8.132490,-5.493600,-0.029000,0.034000,-0.003000
-1.226250,-7.955910,-5.444550,-0.025000,0.037000,0.002000
-1.294920,-7.828380,-5.424930,-0.014000,0.069000,0.002000
-1.226250,-7.769520,-5.454360,0.000000,0.107000,0.000000
-1.000620,-7.818570,-5.415120,0.015000,0.117000,-0.006000
-0.941760,-7.848000,-5.454360,0.018000,0.106000,-0.007000
-0.882900,-7.975530,-5.532840,0.022000,0.091000,0.002000
-0.882900,-8.063820,-5.483790,0.018000,0.080000,0.013000
-0.902520,-8.073630,-5.513220,0.004000,0.078000,0.024000
-0.853470,-8.073630,-5.572080,0.000000,0.075000,0.026000
-0.843660,-8.112870,-5.523030,0.005000,0.069000,0.028000
-0.814230,-8.142300,-5.503410,0.006000,0.055000,0.029000
-0.765180,-8.161920,-5.503410,0.004000,0.037000,0.022000
-0.814230,-8.142300,-5.424930,0.009000,0.033000,0.011000
-0.853470,-8.112870,-5.444550,0.013000,0.033000,0.001000
-0.902520,-8.112870,-5.415120,0.019000,0.035000,-0.007000
-0.882900,-8.132490,-5.415120,0.024000,0.031000,-0.009000
-0.824040,-8.132490,-5.356260,0.028000,0.029000,-0.002000
-0.863280,-8.083440,-5.287590,0.022000,0.033000,0.008000
-0.912330,-8.112870,-5.267970,0.026000,0.042000,0.011000
-0.912330,-8.220780,-5.307210,0.022000,0.037000,0.017000
-0.843660,-8.269830,-5.366070,0.020000,0.021000,0.020000
-0.853470,-8.260020,-5.366070,0.018000,0.005000,0.020000
-0.873090,-8.269830,-5.375880,0.016000,-0.004000,0.022000
-1.010430,-8.230590,-5.395500,0.013000,-0.010000,0.022000
-1.147770,-8.161920,-5.375880,0.012000,-0.008000,0.015000
-1.177200,-8.034390,-5.346450,0.010000,0.015000,0.007000
-1.098720,-8.093250,-5.415120,0.017000,0.038000,0.003000
-1.069290,-8.132490,-5.473980,0.021000,0.043000,0.001000
-1.128150,-8.142300,-5.405310,0.022000,0.040000,0.000000
-1.098720,-8.103060,-5.336640,0.021000,0.032000,0.008000
-1.098720,-8.063820,-5.307210,0.018000,0.019000,0.020000
-1.088910,-8.132490,-4.865760,0.035000,0.031000,0.031000
-1.000620,-8.387550,-5.326830,0.038000,0.080000,0.050000
-1.010430,-8.819190,-5.209110,-0.032000,-0.005000,0.076000
-1.059480,-9.437220,-6.170490,-0.066000,-0.151000,0.074000
-0.774990,-10.496700,-7.023960,-0.013000,-0.361000,0.058000
-0.627840,-11.399220,-7.151490,0.031000,-0.647000,0.031000
-1.196820,-11.467890,-6.867000,0.020000,-0.851000,-0.049000
-1.275300,-11.036250,-6.190110,-0.014000,-0.836000,-0.209000
-1.324350,-9.957150,-6.582510,-0.229000,-0.579000,-0.461000
-2.913570,-9.084060,-8.887860,-0.412000,-0.413000,-0.520000
-1.314540,-10.732140,-9.241020,-0.363000,-0.169000,-0.385000
-2.776230,-10.732140,-9.751140,-0.426000,-0.095000,-0.181000
-3.188250,-10.369170,-9.594180,-0.577000,0.163000,0.014000
-2.678130,-10.388790,-9.172350,-0.733000,0.399000,0.131000
-2.011050,-10.271070,-8.907480,-0.863000,0.473000,0.230000
-1.657890,-9.191970,-8.711280,-0.966000,0.474000,0.311000
-0.941760,-7.769520,-8.573940,-0.986000,0.487000,0.418000
-0.441450,-7.043580,-7.936290,-0.937000,0.573000,0.498000
-0.274680,-6.239160,-8.004960,-0.879000,0.614000,0.497000
-0.274680,-5.895810,-7.632180,-0.714000,0.589000,0.430000
-0.421830,-5.307210,-6.808140,-0.496000,0.526000,0.321000
-0.215820,-4.865760,-6.719850,-0.273000,0.530000,0.223000
0.000000,-4.640130,-6.710040,0.023000,0.549000,0.146000
-0.029430,-4.483170,-6.611940,0.317000,0.524000,0.103000
-0.127530,-5.424930,-6.631560,0.615000,0.547000,0.050000
-0.304110,-6.729660,-7.308450,0.795000,0.574000,-0.028000
-0.382590,-7.612560,-7.583130,0.934000,0.610000,-0.091000
-0.235440,-8.269830,-7.651800,1.020000,0.586000,-0.147000
0.441450,-9.133110,-6.984720,1.038000,0.513000,-0.138000
0.863280,-9.172350,-5.964480,0.991000,0.506000,-0.086000
0.333540,-8.672040,-4.934430,0.948000,0.495000,-0.084000
-0.421830,-7.995150,-4.080960,0.926000,0.357000,-0.128000
0.000000,-6.984720,-3.276540,0.898000,0.206000,-0.173000
0.853470,-5.954670,-2.854710,0.863000,0.067000,-0.182000
0.637650,-5.503410,-2.472120,0.881000,-0.128000,-0.117000
-0.166770,-5.434740,-2.413260,0.880000,-0.251000,-0.018000
-1.363590,-5.768280,-2.364210,0.905000,-0.224000,0.014000
-2.246490,-6.513840,-2.560410,0.883000,-0.170000,-0.028000
-2.177820,-7.435980,-2.835090,0.794000,-0.153000,-0.026000
-1.540170,-8.279640,-3.345210,0.751000,-0.124000,0.000000
-0.882900,-8.799570,-3.237300,0.791000,-0.191000,0.045000
-0.833850,-8.583750,-2.972430,0.810000,-0.230000,0.135000
-0.990810,-8.132490,-2.727180,0.835000,-0.267000,0.196000
-1.187010,-8.063820,-2.197440,0.790000,-0.325000,0.178000
-1.569600,-8.171730,-1.697130,0.750000,-0.311000,0.113000
-1.991430,-8.240400,-1.187010,0.738000,-0.232000,0.048000
-1.873710,-8.367930,-1.304730,0.631000,-0.061000,-0.028000
-1.343970,-8.515080,-1.442070,0.530000,0.115000,-0.120000
-0.588600,-8.593560,-1.746180,0.495000,0.139000,-0.142000
-0.127530,-8.063820,-1.814850,0.485000,0.087000,-0.071000
-0.461070,-7.749900,-1.677510,0.424000,0.060000,-0.010000
-0.951570,-7.504650,-1.726560,0.352000,0.085000,-0.026000
-1.206630,-7.848000,-1.844280,0.220000,0.205000,-0.138000
-1.010430,-8.309070,-2.501550,0.183000,0.374000,-0.232000
-0.696510,-8.691660,-2.560410,0.306000,0.440000,-0.241000

