-.-.-
0.068670,-8.485650,4.875570,-0.195000,0.231000,-0.602000
0.539550,-9.044820,4.698990,-0.204000,0.105000,-0.600000
0.431640,-9.329310,4.708800,-0.270000,0.095000,-0.588000
0.049050,-9.388170,4.708800,-0.335000,0.066000,-0.560000
-0.255060,-9.339120,4.679370,-0.354000,0.072000,-0.494000
-0.235440,-8.701470,5.444550,-0.367000,0.138000,-0.405000
0.186390,-8.250210,5.660370,-0.351000,0.148000,-0.392000
0.343350,-8.240400,5.346450,-0.342000,0.137000,-0.414000
0.225630,-8.250210,5.032530,-0.354000,0.171000,-0.394000
0.323730,-8.652420,4.885380,-0.372000,0.171000,-0.331000
0.725940,-9.221400,4.542030,-0.398000,0.192000,-0.275000
0.824040,-9.535320,4.208490,-0.420000,0.206000,-0.227000
0.843660,-9.623610,4.130010,-0.449000,0.202000,-0.206000
1.000620,-9.554940,4.090770,-0.492000,0.179000,-0.183000
1.039860,-9.417600,4.296780,-0.554000,0.175000,-0.125000
1.059480,-9.348930,3.825900,-0.617000,0.128000,-0.070000
1.206630,-9.829620,3.305970,-0.640000,0.125000,-0.039000
1.294920,-9.839430,3.237300,-0.704000,0.119000,0.015000
1.363590,-9.594180,3.158820,-0.752000,0.026000,0.065000
1.559790,-9.633420,3.041100,-0.775000,-0.099000,0.118000
1.334160,-9.564750,2.727180,-0.806000,-0.208000,0.161000
1.226250,-9.309690,2.589840,-0.788000,-0.270000,0.208000
1.245870,-9.182160,2.383830,-0.748000,-0.347000,0.284000
1.343970,-9.191970,2.226870,-0.704000,-0.420000,0.374000
0.941760,-9.201780,2.069910,-0.670000,-0.503000,0.430000
0.559170,-9.348930,1.785420,-0.618000,-0.473000,0.423000
0.608220,-9.299880,1.549980,-0.586000,-0.473000,0.397000
0.676890,-9.211590,1.334160,-0.541000,-0.495000,0.365000
0.441450,-9.309690,1.471500,-0.525000,-0.495000,0.393000
0.068670,-9.319500,1.196820,-0.487000,-0.497000,0.440000
-0.392400,-9.535320,1.236060,-0.424000,-0.483000,0.452000
-0.931950,-9.545130,1.226250,-0.396000,-0.395000,0.414000
-1.481310,-9.554940,1.275300,-0.360000,-0.254000,0.347000
-1.814850,-9.810000,1.147770,-0.334000,-0.139000,0.329000
-1.942380,-9.927720,1.157580,-0.318000,-0.048000,0.339000
-1.697130,-9.908100,1.187010,-0.288000,0.070000,0.354000
-1.255680,-9.378360,0.922140,-0.254000,0.101000,0.346000
-1.294920,-9.191970,0.971190,-0.208000,0.054000,0.291000
-1.383210,-9.437220,1.039860,-0.187000,0.043000,0.225000
-1.353780,-9.535320,1.098720,-0.169000,0.001000,0.204000
-1.402830,-9.643230,1.030050,-0.145000,-0.040000,0.194000
-1.785420,-9.564750,0.922140,-0.129000,-0.024000,0.140000
-2.001240,-9.486270,0.853470,-0.113000,0.021000,0.078000
-1.873710,-9.348930,0.745560,-0.082000,0.070000,0.040000
-1.481310,-9.319500,0.588600,-0.039000,0.115000,0.041000
-1.157580,-9.348930,0.657270,-0.012000,0.139000,0.051000
-1.236060,-9.496080,0.706320,-0.006000,0.151000,0.040000
-1.461690,-9.770760,0.618030,0.008000,0.150000,0.022000
-1.412640,-9.810000,0.676890,0.036000,0.166000,-0.017000
-0.951570,-9.643230,0.784800,0.071000,0.195000,-0.060000
-0.686700,-9.554940,0.951570,0.079000,0.164000,-0.069000
-0.608220,-9.594180,1.020240,0.079000,0.128000,-0.073000
-0.765180,-9.751140,0.971190,0.096000,0.097000,-0.077000
-0.755370,-9.751140,1.137960,0.118000,0.079000,-0.100000
-0.716130,-9.672660,1.137960,0.135000,0.049000,-0.125000
-0.735750,-9.682470,1.285110,0.149000,0.024000,-0.145000
-0.716130,-9.643230,1.245870,0.145000,0.005000,-0.148000
-0.676890,-9.751140,1.294920,0.153000,-0.027000,-0.128000
-0.637650,-9.760950,1.393020,0.159000,-0.064000,-0.112000
-0.578790,-9.711900,1.471500,0.158000,-0.142000,-0.111000
-0.725940,-9.653040,1.373400,0.162000,-0.202000,-0.133000
-0.745560,-9.731520,1.285110,0.170000,-0.157000,-0.139000
-0.686700,-9.682470,1.373400,0.171000,-0.149000,-0.116000
-0.676890,-9.702090,1.471500,0.199000,-0.186000,-0.093000
-0.755370,-9.957150,1.039860,0.223000,-0.245000,-0.079000
-0.441450,-9.829620,0.745560,0.209000,-0.151000,-0.103000
-0.421830,-9.515700,1.108530,0.211000,-0.037000,-0.097000
-0.598410,-9.603990,1.412640,0.268000,0.075000,0.030000
-0.039240,-9.741330,1.618650,0.259000,0.169000,0.199000
0.206010,-9.682470,1.638270,0.289000,0.139000,0.313000
0.196200,-9.760950,1.765800,0.313000,0.099000,0.343000
0.215820,-9.574560,1.952190,0.317000,0.086000,0.330000
-0.098100,-9.417600,2.148390,0.332000,0.066000,0.312000
-0.264870,-9.417600,2.246490,0.374000,0.047000,0.339000
-0.362970,-9.574560,2.148390,0.403000,0.022000,0.388000
-0.431640,-9.476460,2.226870,0.432000,0.049000,0.432000
-0.912330,-9.368550,2.374020,0.456000,0.078000,0.512000
-1.059480,-9.270450,2.295540,0.492000,0.125000,0.625000
-1.010430,-9.329310,2.275920,0.524000,0.125000,0.678000
-0.657270,-9.702090,2.069910,0.553000,0.122000,0.692000
-0.431640,-10.006200,2.168010,0.596000,0.089000,0.715000
-0.627840,-9.966960,2.707560,0.608000,0.053000,0.762000
-1.020240,-9.868860,2.884140,0.579000,0.026000,0.816000
-1.500930,-9.908100,3.256920,0.571000,0.042000,0.868000
-1.971810,-9.829620,3.001860,0.518000,0.108000,0.897000
-2.354400,-9.780570,3.021480,0.470000,0.136000,0.899000
-2.511360,-9.672660,2.619270,0.392000,0.164000,0.883000
-2.344590,-9.554940,3.188250,0.324000,0.137000,0.852000
-2.334780,-9.241020,3.737610,0.207000,0.000000,0.749000
-2.943000,-9.329310,3.806280,0.187000,-0.020000,0.604000
-3.698370,-9.348930,3.816090,0.124000,-0.106000,0.532000
-3.914190,-8.897670,4.002480,0.065000,-0.114000,0.565000
-4.051530,-8.240400,4.453740,0.028000,-0.046000,0.633000
-3.904380,-7.592940,4.718610,0.008000,0.055000,0.628000
-4.169250,-7.494840,4.600890,0.023000,0.023000,0.573000
-4.787280,-7.691040,4.689180,0.062000,0.033000,0.496000
-5.317020,-7.641990,4.826520,0.077000,0.170000,0.419000
-5.111010,-8.093250,4.453740,0.076000,0.284000,0.356000
-5.120820,-8.191350,4.188870,0.020000,0.218000,0.340000
-5.209110,-8.446410,3.590460,-0.014000,0.340000,0.325000
-4.483170,-8.652420,3.296160,-0.101000,0.452000,0.248000
-3.816090,-8.318880,3.511980,-0.202000,0.353000,0.184000
-4.012290,-8.456220,3.178440,-0.225000,0.207000,0.164000
-4.286970,-8.681850,3.021480,-0.281000,0.116000,0.140000
-4.571460,-8.701470,3.610080,-0.399000,0.117000,0.091000
-4.806900,-8.799570,3.492360,-0.473000,0.059000,0.056000
-5.493600,-9.231210,3.619890,-0.537000,0.033000,0.039000
-5.895810,-9.162540,3.600270,-0.683000,0.154000,0.049000
-5.218920,-8.750520,3.668940,-0.822000,0.111000,0.042000
-4.551840,-8.632800,3.894570,-0.927000,-0.274000,0.029000
-5.895810,-8.201160,3.541410,-0.953000,-0.406000,0.166000
-7.377120,-9.309690,4.090770,-0.802000,-0.181000,0.054000
-8.554320,-11.840670,4.757850,-0.686000,0.356000,-0.255000
-6.258780,-11.497320,1.844280,-0.690000,0.348000,-0.275000
-2.776230,-10.280880,0.029430,-0.510000,-0.222000,-0.342000
-2.707560,-10.506510,2.275920,-0.404000,-0.476000,-0.533000
-3.404070,-9.515700,2.992050,-0.254000,-0.448000,-0.498000
-3.796470,-8.446410,2.707560,-0.122000,-0.468000,-0.241000
-4.336020,-8.152110,2.962620,-0.133000,-0.367000,-0.208000
-4.905000,-8.191350,2.893950,-0.039000,-0.378000,-0.215000
-5.238540,-8.044200,3.060720,0.121000,-0.226000,-0.074000
-3.943620,-7.691040,2.462310,0.197000,-0.033000,0.157000
-2.815470,-6.984720,2.599650,0.159000,-0.141000,0.370000
-2.550600,-6.033150,2.609460,0.079000,-0.229000,0.484000
-2.854710,-6.523650,1.579410,0.025000,-0.199000,0.384000
-4.228110,-7.828380,1.491120,-0.235000,-0.043000,0.169000
-5.297400,-7.406550,1.422450,-0.529000,-0.013000,0.147000
-5.003100,-6.533460,2.099340,-0.622000,0.084000,0.321000

