-.-.-
0.716130,-9.868860,1.373400,0.015000,0.027000,-0.012000
0.765180,-9.790380,1.343970,-0.001000,0.031000,-0.010000
0.833850,-9.790380,1.304730,-0.011000,0.027000,-0.006000
0.843660,-9.829620,1.304730,-0.008000,0.030000,-0.005000
0.765180,-9.849240,1.373400,-0.009000,0.027000,-0.003000
0.725940,-9.839430,1.363590,-0.021000,0.039000,-0.007000
0.755370,-9.810000,1.324350,-0.032000,0.048000,-0.010000
0.794610,-9.780570,1.314540,-0.032000,0.056000,-0.006000
0.765180,-9.760950,1.294920,-0.026000,0.064000,-0.005000
0.745560,-9.790380,1.285110,-0.024000,0.077000,-0.006000
0.745560,-9.780570,1.294920,-0.018000,0.092000,-0.009000
0.863280,-9.760950,1.304730,-0.013000,0.092000,-0.014000
0.941760,-9.751140,1.324350,-0.010000,0.074000,-0.014000
0.951570,-9.731520,1.314540,-0.006000,0.062000,-0.018000
0.882900,-9.751140,1.324350,-0.007000,0.049000,-0.020000
0.824040,-9.810000,1.343970,-0.004000,0.042000,-0.017000
0.853470,-9.819810,1.343970,-0.004000,0.037000,-0.015000
0.931950,-9.810000,1.383210,-0.003000,0.025000,-0.016000
0.912330,-9.829620,1.422450,-0.023000,0.017000,-0.018000
0.892710,-9.829620,1.422450,-0.031000,0.004000,-0.013000
0.873090,-9.800190,1.383210,-0.031000,0.003000,-0.002000
0.853470,-9.760950,1.373400,-0.029000,0.006000,-0.006000
0.843660,-9.751140,1.393020,-0.035000,0.004000,-0.015000
0.814230,-9.760950,1.294920,-0.045000,0.001000,-0.017000
0.853470,-9.731520,1.255680,-0.042000,0.000000,-0.015000
0.892710,-9.721710,1.265490,-0.025000,0.000000,-0.015000
0.873090,-9.800190,1.314540,-0.021000,-0.007000,-0.018000
0.833850,-9.800190,1.304730,-0.028000,-0.012000,-0.018000
0.873090,-9.760950,1.324350,-0.037000,-0.015000,-0.017000
0.922140,-9.721710,1.275300,-0.052000,-0.019000,-0.009000
0.912330,-9.751140,1.245870,-0.027000,-0.048000,-0.003000
0.863280,-9.859050,1.334160,-0.057000,-0.080000,-0.008000
0.706320,-9.878670,1.324350,-0.058000,-0.115000,0.009000
0.804420,-9.927720,1.432260,-0.029000,-0.084000,0.005000
0.627840,-9.760950,1.373400,-0.066000,-0.055000,-0.009000
0.627840,-9.731520,1.304730,-0.057000,-0.048000,-0.004000
0.647460,-9.770760,1.275300,-0.047000,-0.040000,-0.004000
0.774990,-9.770760,1.216440,-0.049000,-0.023000,-0.013000
0.824040,-9.711900,1.226250,-0.045000,-0.024000,-0.018000
0.765180,-9.731520,1.255680,-0.017000,-0.030000,-0.016000
0.755370,-9.839430,1.373400,-0.012000,-0.030000,-0.018000
0.706320,-9.868860,1.422450,-0.047000,-0.035000,-0.009000
0.716130,-9.780570,1.422450,-0.087000,-0.038000,-0.011000
0.745560,-9.770760,1.353780,-0.115000,-0.050000,-0.021000
0.873090,-9.829620,1.324350,-0.139000,-0.065000,-0.033000
0.735750,-9.819810,1.216440,-0.162000,-0.099000,-0.025000
0.490500,-9.800190,1.079100,-0.198000,-0.106000,-0.007000
0.323730,-9.839430,0.784800,-0.242000,-0.114000,0.001000
0.206010,-10.045440,0.441450,-0.273000,-0.108000,0.004000
0.107910,-10.192590,0.264870,-0.298000,-0.060000,-0.017000
0.284490,-10.074870,-0.078480,-0.319000,0.005000,-0.077000
0.539550,-9.770760,-0.313920,-0.342000,0.039000,-0.079000
0.627840,-9.574560,-0.333540,-0.394000,0.056000,-0.066000
0.627840,-9.917910,-0.206010,-0.421000,0.073000,-0.075000
1.049670,-10.339740,0.019620,-0.363000,0.117000,-0.109000
2.030670,-10.114110,0.333540,-0.308000,0.135000,-0.160000
2.462310,-9.260640,0.873090,-0.350000,0.069000,-0.126000
2.530980,-8.603370,1.039860,-0.404000,-0.068000,-0.028000
2.364210,-9.025200,1.216440,-0.287000,-0.206000,0.014000
2.236680,-10.212210,1.785420,-0.144000,-0.308000,-0.040000
2.011050,-11.703330,1.863900,-0.143000,-0.359000,-0.179000
1.883520,-11.664090,1.569600,-0.216000,-0.363000,-0.294000
1.412640,-10.447650,1.128150,-0.257000,-0.352000,-0.291000
1.128150,-9.653040,1.314540,-0.236000,-0.342000,-0.239000
1.285110,-9.623610,1.402830,-0.279000,-0.352000,-0.216000
1.765800,-9.859050,1.020240,-0.385000,-0.354000,-0.241000
1.697130,-9.554940,0.735750,-0.492000,-0.393000,-0.239000
1.226250,-9.319500,0.843660,-0.512000,-0.449000,-0.202000
0.951570,-9.535320,1.000620,-0.498000,-0.432000,-0.147000
0.912330,-9.721710,0.981000,-0.517000,-0.365000,-0.089000
1.187010,-9.760950,0.922140,-0.548000,-0.269000,-0.058000
1.402830,-9.653040,0.794610,-0.583000,-0.215000,-0.046000
1.500930,-9.643230,1.010430,-0.585000,-0.182000,-0.053000
1.491120,-9.653040,1.000620,-0.610000,-0.137000,-0.048000
1.540170,-9.653040,1.236060,-0.559000,-0.098000,-0.035000
1.442070,-9.760950,1.343970,-0.500000,-0.108000,0.000000
1.922760,-9.731520,1.088910,-0.432000,-0.144000,0.039000
2.393640,-10.025820,1.030050,-0.327000,-0.219000,0.052000
2.609460,-10.702710,0.696510,-0.253000,-0.347000,0.054000
3.286350,-12.664710,-2.413260,-0.410000,-0.205000,-0.003000
2.697750,-14.283360,-2.501550,-0.487000,0.091000,-0.119000
0.961380,-14.940630,-2.442690,-0.479000,0.105000,-0.093000
1.451880,-14.136210,-1.128150,-0.161000,-0.376000,0.067000
4.375260,-13.253310,-2.364210,-0.072000,-0.676000,0.231000
5.258160,-12.056490,-3.021480,0.024000,-0.894000,0.436000
2.266110,-10.526130,-4.031910,-0.107000,-0.978000,0.413000
-1.422450,-8.966340,-3.806280,-0.264000,-0.836000,0.240000
-3.266730,-7.504650,-2.756610,-0.300000,-0.608000,0.179000
-2.884140,-7.946100,-2.413260,-0.287000,-0.419000,0.225000
-0.902520,-9.496080,-2.825280,-0.292000,-0.185000,0.183000
0.873090,-10.791000,-2.982240,-0.244000,-0.091000,0.160000
1.726560,-10.928340,-2.776230,-0.175000,-0.158000,0.286000
1.667700,-9.780570,-2.629080,-0.152000,-0.247000,0.387000
0.961380,-8.622990,-2.344590,-0.199000,-0.346000,0.408000
0.323730,-7.867620,-2.217060,-0.266000,-0.398000,0.388000
0.196200,-7.259400,-2.187630,-0.288000,-0.383000,0.346000
0.382590,-6.710040,-1.746180,-0.258000,-0.322000,0.312000
0.098100,-6.513840,-1.432260,-0.227000,-0.269000,0.320000
-0.568980,-7.004340,-1.294920,-0.183000,-0.134000,0.432000
-0.990810,-8.063820,-1.128150,-0.159000,0.023000,0.516000
-1.500930,-9.486270,-0.971190,-0.148000,0.158000,0.472000
-1.599030,-10.947960,-0.971190,-0.065000,0.229000,0.329000
-0.784800,-11.359980,-0.441450,0.073000,0.250000,0.117000
-0.725940,-11.095110,0.000000,0.221000,0.333000,-0.017000
-1.422450,-10.840050,1.069290,0.392000,0.557000,-0.087000
-3.139200,-10.388790,1.265490,0.448000,0.968000,-0.179000
-4.159440,-12.076110,-6.955290,0.042000,1.371000,-0.104000
-0.794610,-12.488130,-7.259400,-0.028000,1.058000,0.071000
5.876190,-9.623610,-3.050910,0.067000,1.325000,-0.222000
3.237300,-7.936290,-1.952190,0.189000,1.545001,-0.091000
-0.735750,-9.142920,-3.217680,0.179000,1.548001,0.050000
-1.236060,-9.603990,-3.943620,0.005000,1.354000,-0.076000
1.952190,-9.319500,-4.179060,-0.077000,1.129000,-0.185000
5.169870,-9.417600,-3.688560,-0.083000,0.987000,-0.159000
4.738230,-9.692280,-3.070530,-0.049000,0.668000,-0.110000
2.197440,-10.398600,-2.707560,-0.049000,0.377000,-0.221000
0.098100,-10.114110,-2.393640,-0.154000,0.315000,-0.350000
-0.323730,-8.475840,-2.344590,-0.304000,0.415000,-0.378000
0.539550,-6.984720,-1.785420,-0.332000,0.511000,-0.332000
1.324350,-6.660990,-1.216440,-0.306000,0.525000,-0.291000
1.922760,-7.033770,-1.118340,-0.272000,0.524000,-0.189000
2.030670,-6.602130,-0.480690,-0.306000,0.483000,-0.087000
1.726560,-5.944860,-0.863280,-0.347000,0.425000,-0.053000
1.648080,-6.062580,-1.088910,-0.263000,0.364000,-0.074000
1.942380,-7.524270,-1.196820,-0.147000,0.297000,-0.123000
2.285730,-9.299880,-1.039860,-0.043000,0.259000,-0.110000
2.658510,-10.575180,-0.853470,0.087000,0.194000,-0.013000
2.717370,-10.800810,-0.519930,0.305000,0.108000,0.121000

