-.-.-
-0.186390,-9.908100,0.696510,-0.030000,-0.069000,0.009000
-0.225630,-9.868860,0.686700,-0.024000,-0.076000,0.018000
-0.264870,-9.839430,0.676890,-0.026000,-0.066000,0.022000
-0.284490,-9.849240,0.657270,-0.030000,-0.069000,0.023000
-0.255060,-9.839430,0.696510,-0.044000,-0.084000,0.020000
-0.225630,-9.868860,0.657270,-0.042000,-0.102000,0.022000
-0.206010,-9.878670,0.667080,-0.041000,-0.110000,0.023000
-0.206010,-9.868860,0.667080,-0.037000,-0.111000,0.030000
-0.206010,-9.859050,0.686700,-0.036000,-0.117000,0.036000
-0.255060,-9.868860,0.706320,-0.030000,-0.126000,0.037000
-0.304110,-9.898290,0.647460,-0.031000,-0.131000,0.033000
-0.313920,-9.888480,0.696510,-0.035000,-0.128000,0.034000
-0.313920,-9.868860,0.657270,-0.032000,-0.115000,0.038000
-0.284490,-9.829620,0.637650,-0.032000,-0.104000,0.047000
-0.294300,-9.829620,0.647460,-0.033000,-0.101000,0.052000
-0.313920,-9.878670,0.637650,-0.037000,-0.100000,0.054000
-0.362970,-9.868860,0.676890,-0.035000,-0.086000,0.053000
-0.392400,-9.839430,0.637650,-0.026000,-0.085000,0.054000
-0.382590,-9.839430,0.618030,-0.031000,-0.082000,0.052000
-0.372780,-9.849240,0.608220,-0.042000,-0.080000,0.049000
-0.353160,-9.898290,0.618030,-0.036000,-0.080000,0.049000
-0.402210,-9.898290,0.618030,-0.024000,-0.085000,0.052000
-0.461070,-9.829620,0.618030,-0.027000,-0.081000,0.054000
-0.519930,-9.859050,0.637650,-0.031000,-0.069000,0.050000
-0.549360,-9.878670,0.667080,-0.047000,-0.046000,0.048000
-0.559170,-9.927720,0.667080,-0.038000,-0.013000,0.047000
-0.500310,-9.927720,0.676890,-0.035000,0.000000,0.054000
-0.451260,-9.908100,0.637650,-0.037000,-0.014000,0.062000
-0.412020,-9.859050,0.568980,-0.043000,-0.041000,0.064000
-0.470880,-9.829620,0.598410,-0.039000,-0.051000,0.056000
-0.568980,-9.819810,0.618030,-0.035000,-0.034000,0.055000
-0.568980,-9.819810,0.598410,-0.050000,-0.019000,0.061000
-0.500310,-9.790380,0.559170,-0.049000,-0.016000,0.065000
-0.519930,-9.839430,0.559170,-0.049000,-0.024000,0.063000
-0.608220,-9.868860,0.539550,-0.038000,-0.031000,0.066000
-0.667080,-9.888480,0.588600,-0.039000,-0.017000,0.072000
-0.686700,-9.839430,0.539550,-0.044000,0.005000,0.077000
-0.716130,-9.868860,0.519930,-0.032000,0.020000,0.076000
-0.745560,-9.917910,0.529740,-0.042000,0.032000,0.081000
-0.735750,-9.976770,0.568980,-0.045000,0.043000,0.088000
-0.676890,-9.878670,0.529740,-0.046000,0.046000,0.092000
-0.657270,-9.790380,0.500310,-0.039000,0.034000,0.094000
-0.745560,-9.800190,0.500310,-0.043000,0.025000,0.093000
-0.824040,-9.849240,0.549360,-0.045000,0.036000,0.085000
-0.892710,-9.810000,0.519930,-0.039000,0.052000,0.079000
-0.922140,-9.780570,0.559170,-0.029000,0.077000,0.077000
-0.931950,-9.829620,0.519930,-0.031000,0.092000,0.085000
-0.981000,-9.908100,0.500310,-0.030000,0.103000,0.098000
-0.990810,-9.966960,0.490500,-0.020000,0.124000,0.108000
-0.902520,-9.966960,0.470880,-0.027000,0.136000,0.115000
-0.873090,-9.957150,0.470880,-0.029000,0.125000,0.122000
-0.892710,-9.908100,0.431640,-0.036000,0.106000,0.126000
-0.951570,-9.829620,0.441450,-0.031000,0.089000,0.133000
-1.010430,-9.800190,0.490500,-0.026000,0.076000,0.140000
-1.098720,-9.819810,0.529740,-0.030000,0.071000,0.135000
-1.196820,-9.927720,0.549360,-0.035000,0.064000,0.127000
-1.285110,-9.986580,0.559170,-0.030000,0.070000,0.130000
-1.343970,-9.868860,0.529740,-0.021000,0.099000,0.138000
-1.373400,-9.780570,0.500310,0.001000,0.128000,0.153000
-1.442070,-9.702090,0.549360,0.005000,0.155000,0.151000
-1.510740,-9.574560,0.598410,0.018000,0.172000,0.142000
-1.500930,-9.594180,0.598410,0.029000,0.181000,0.142000
-1.481310,-9.692280,0.559170,0.037000,0.188000,0.144000
-1.530360,-9.711900,0.549360,0.043000,0.202000,0.133000
-1.657890,-9.711900,0.510120,0.066000,0.236000,0.111000
-1.746180,-9.613800,0.529740,0.082000,0.271000,0.098000
-1.736370,-9.653040,0.598410,0.086000,0.288000,0.101000
-1.599030,-9.721710,0.618030,0.103000,0.305000,0.107000
-1.520550,-9.702090,0.784800,0.107000,0.320000,0.110000
-1.510740,-9.780570,0.696510,0.074000,0.322000,0.116000
-1.481310,-9.957150,0.510120,0.041000,0.263000,0.115000
-1.324350,-10.084680,0.490500,0.014000,0.194000,0.117000
-1.226250,-10.104300,0.539550,-0.033000,0.124000,0.117000
-1.275300,-10.133730,0.431640,-0.124000,0.037000,0.115000
-1.285110,-10.035630,0.049050,-0.188000,-0.092000,0.119000
-1.098720,-10.025820,-0.186390,-0.223000,-0.193000,0.130000
-1.049670,-10.045440,0.058860,-0.231000,-0.217000,0.150000
-1.510740,-9.868860,0.284490,-0.202000,-0.229000,0.160000
-1.942380,-9.613800,0.461070,-0.181000,-0.222000,0.168000
-2.266110,-9.554940,0.421830,-0.201000,-0.187000,0.167000
-2.334780,-9.859050,0.461070,-0.177000,-0.124000,0.163000
-2.118960,-10.055250,0.568980,-0.187000,-0.064000,0.169000
-1.873710,-9.917910,0.470880,-0.199000,-0.045000,0.179000
-1.844280,-9.692280,0.519930,-0.195000,-0.045000,0.185000
-1.814850,-9.613800,0.539550,-0.207000,-0.053000,0.183000
-1.775610,-9.603990,0.431640,-0.202000,-0.062000,0.176000
-1.805040,-9.633420,0.362970,-0.200000,-0.070000,0.174000
-1.893330,-9.574560,0.480690,-0.187000,-0.075000,0.179000
-2.079720,-9.535320,0.578790,-0.183000,-0.063000,0.179000
-2.295540,-9.447030,0.686700,-0.175000,-0.060000,0.177000
-2.403450,-9.535320,0.725940,-0.186000,-0.057000,0.172000
-2.413260,-9.545130,0.578790,-0.204000,-0.060000,0.155000
-2.354400,-9.554940,0.529740,-0.193000,-0.060000,0.129000
-2.246490,-9.554940,0.696510,-0.210000,-0.042000,0.105000
-2.207250,-9.437220,0.637650,-0.244000,-0.034000,0.064000
-2.315160,-9.348930,0.529740,-0.260000,-0.026000,0.017000
-2.432880,-9.397980,0.539550,-0.267000,-0.018000,-0.008000
-2.481930,-9.447030,0.549360,-0.272000,0.004000,-0.027000
-2.521170,-9.417600,0.549360,-0.268000,0.042000,-0.043000
-2.511360,-9.368550,0.568980,-0.261000,0.069000,-0.071000
-2.413260,-9.339120,0.539550,-0.249000,0.080000,-0.109000
-2.285730,-9.260640,0.490500,-0.235000,0.100000,-0.155000
-2.334780,-9.339120,0.598410,-0.212000,0.103000,-0.189000
-2.452500,-9.476460,0.598410,-0.223000,0.109000,-0.218000
-2.560410,-9.505890,0.470880,-0.220000,0.139000,-0.252000
-2.491740,-9.525510,0.323730,-0.190000,0.180000,-0.278000
-2.393640,-9.584370,0.323730,-0.167000,0.212000,-0.282000
-2.315160,-9.751140,0.431640,-0.144000,0.246000,-0.276000
-2.334780,-9.819810,0.706320,-0.115000,0.276000,-0.278000
-2.560410,-10.271070,0.402210,-0.153000,0.321000,-0.299000
-3.109770,-11.399220,-1.128150,-0.289000,0.183000,-0.307000
-2.295540,-11.919150,-0.392400,-0.181000,0.118000,-0.350000
-1.520550,-11.369790,-0.853470,-0.375000,0.150000,-0.380000
-1.736370,-11.114730,-0.755370,-0.289000,0.257000,-0.456000
-1.834470,-12.439080,-1.216440,-0.113000,0.375000,-0.391000
-1.844280,-13.910580,-0.147150,-0.007000,0.450000,-0.209000
-2.893950,-13.518180,-1.834470,-0.070000,0.549000,-0.191000
-2.952810,-12.380220,-1.549980,0.109000,0.601000,-0.355000
-1.657890,-11.418840,-1.962000,0.142000,0.695000,-0.431000
-0.362970,-10.477080,-2.305350,0.063000,0.753000,-0.451000
0.382590,-9.515700,-2.864520,-0.056000,0.731000,-0.368000
0.559170,-8.946720,-2.874330,-0.166000,0.638000,-0.225000
0.362970,-8.652420,-2.884140,-0.256000,0.562000,-0.177000
0.000000,-8.681850,-2.933190,-0.275000,0.488000,-0.244000
-0.039240,-8.770140,-2.619270,-0.224000,0.392000,-0.340000
0.500310,-8.721090,-2.550600,-0.200000,0.297000,-0.384000
1.010430,-8.809380,-2.236680,-0.182000,0.209000,-0.391000
1.167390,-9.093870,-1.883520,-0.187000,0.173000,-0.402000

