-.-.-
0.706320,-8.789760,-4.071150,-1.367000,1.009000,-0.295000
1.618650,-9.025200,-5.091390,-1.440001,0.971000,-0.304000
2.648700,-8.927100,-5.022720,-1.567001,0.704000,-0.253000
3.531600,-7.671420,-4.708800,-1.678001,0.559000,-0.321000
2.844900,-7.082820,-5.532840,-1.662001,0.390000,-0.409000
2.442690,-8.348310,-6.386310,-1.686001,0.257000,-0.434000
1.510740,-7.720470,-5.336640,-1.764001,0.137000,-0.365000
0.637650,-6.258780,-4.797090,-1.778001,0.279000,-0.284000
0.716130,-5.709420,-5.807520,-1.762001,0.497000,-0.226000
1.167390,-5.581890,-6.415740,-1.702001,0.580000,-0.270000
1.589220,-5.729040,-5.836950,-1.663001,0.665000,-0.303000
1.873710,-5.356260,-5.925240,-1.642001,0.672000,-0.285000
2.678130,-5.032530,-6.847380,-1.633001,0.640000,-0.192000
3.845520,-4.679370,-7.563510,-1.556001,0.587000,-0.062000
4.061340,-4.355640,-8.260020,-1.508001,0.623000,-0.110000
4.473360,-4.757850,-8.721090,-1.507001,0.433000,-0.203000
4.836330,-4.355640,-8.456220,-1.544001,0.192000,-0.201000
5.130630,-3.767040,-9.074250,-1.556001,-0.039000,-0.207000
5.160060,-3.335400,-9.476460,-1.485001,-0.161000,-0.175000
4.041720,-2.952810,-9.397980,-1.385000,-0.144000,-0.123000
2.619270,-2.805660,-8.917290,-1.304000,-0.056000,-0.152000
2.893950,-2.354400,-9.231210,-1.280000,0.096000,-0.182000
4.512600,-2.069910,-9.692280,-1.230000,0.098000,-0.145000
4.865760,-1.461690,-9.564750,-1.148000,0.016000,-0.099000
4.414500,-1.196820,-9.662850,-1.045000,-0.030000,-0.086000
3.786660,-0.549360,-9.260640,-0.901000,0.010000,-0.103000
3.717990,-0.333540,-9.201780,-0.768000,0.080000,-0.121000
3.629700,-0.490500,-9.397980,-0.657000,0.125000,-0.110000
4.434120,-0.686700,-10.133730,-0.579000,0.116000,-0.084000
4.885380,-0.284490,-9.986580,-0.470000,-0.015000,-0.043000
4.336020,-0.107910,-9.868860,-0.364000,-0.080000,-0.033000
3.619890,-0.019620,-9.976770,-0.267000,-0.050000,-0.053000
3.708180,-0.215820,-10.506510,-0.151000,0.034000,-0.048000
3.865140,-0.264870,-10.751760,-0.051000,0.049000,-0.020000
4.257540,-0.353160,-10.555560,0.043000,0.006000,-0.012000
4.581270,-0.323730,-10.692900,0.117000,-0.042000,-0.019000
4.385070,-0.176580,-10.516320,0.218000,-0.052000,-0.010000
4.002480,-0.215820,-10.271070,0.354000,-0.025000,0.002000
3.914190,-0.323730,-10.222020,0.459000,-0.019000,0.013000
4.247730,-0.362970,-10.290690,0.556000,-0.050000,0.027000
4.198680,-0.353160,-10.035630,0.676000,-0.090000,0.063000
3.816090,-0.578790,-9.731520,0.811000,-0.097000,0.109000
3.698370,-0.833850,-9.770760,0.929000,-0.063000,0.140000
3.865140,-1.118340,-9.859050,1.042000,-0.061000,0.176000
4.139820,-1.442070,-9.751140,1.142000,-0.097000,0.205000
4.198680,-1.755990,-9.702090,1.260000,-0.125000,0.226000
3.884760,-1.903140,-9.486270,1.348000,-0.171000,0.249000
3.668940,-2.109150,-9.093870,1.437001,-0.206000,0.254000
3.629700,-2.521170,-8.799570,1.519001,-0.218000,0.261000
3.492360,-2.815470,-8.495460,1.610001,-0.245000,0.287000
3.355020,-3.070530,-8.132490,1.694001,-0.251000,0.291000
3.256920,-3.286350,-7.828380,1.786001,-0.250000,0.280000
3.090150,-3.776850,-7.700850,1.856001,-0.295000,0.291000
2.913570,-4.267350,-7.426170,1.913001,-0.370000,0.293000
2.668320,-4.708800,-6.621750,1.974001,-0.361000,0.269000
2.727180,-5.287590,-6.808140,2.001001,-0.381000,0.226000
2.501550,-5.836950,-6.651180,2.028001,-0.519000,0.212000
2.432880,-6.298020,-5.797710,2.035001,-0.623000,0.193000
2.462310,-7.102440,-6.101820,2.004001,-0.676000,0.133000
1.775610,-7.563510,-5.473980,1.996001,-0.790000,0.113000
1.030050,-7.740090,-4.846140,1.933001,-0.830000,0.097000
0.451260,-7.916670,-4.542030,1.853001,-0.825000,0.080000
-0.098100,-8.269830,-4.336020,1.809001,-0.848000,0.111000
0.078480,-8.622990,-4.483170,1.711001,-0.880000,0.145000
0.461070,-8.927100,-4.473360,1.604001,-0.942000,0.164000
0.784800,-8.534700,-3.982860,1.494001,-0.992000,0.183000
0.657270,-8.436600,-3.727800,1.435001,-1.071000,0.238000
0.000000,-8.466030,-3.296160,1.373000,-1.093000,0.234000
-0.451260,-8.593560,-3.168630,1.319000,-1.151000,0.185000
-0.794610,-9.054630,-3.178440,1.236000,-1.152000,0.127000
-0.470880,-8.907480,-3.149010,1.169000,-1.093000,0.067000
-0.402210,-8.750520,-3.001860,1.128000,-1.071000,0.059000
-0.696510,-8.750520,-2.638890,1.097000,-1.032000,0.080000
-0.725940,-9.142920,-2.619270,1.036000,-0.924000,0.050000
-1.108530,-9.152730,-2.177820,1.015000,-0.896000,0.060000
-1.285110,-9.515700,-2.442690,0.973000,-0.857000,0.077000
-1.236060,-9.584370,-2.266110,0.931000,-0.710000,0.043000
-1.167390,-9.339120,-2.099340,0.877000,-0.591000,-0.002000
-1.128150,-9.329310,-2.138580,0.835000,-0.514000,0.003000
-1.010430,-9.368550,-1.863900,0.817000,-0.435000,0.019000
-0.941760,-9.437220,-1.638270,0.809000,-0.374000,0.018000
-1.108530,-9.594180,-1.500930,0.800000,-0.325000,0.005000
-1.088910,-9.721710,-1.432260,0.777000,-0.250000,-0.035000
-0.912330,-9.878670,-1.530360,0.730000,-0.184000,-0.055000
-0.843660,-9.721710,-1.216440,0.712000,-0.115000,-0.035000
-0.853470,-9.662850,-1.285110,0.659000,-0.088000,-0.022000
-0.774990,-9.839430,-1.530360,0.655000,-0.068000,-0.025000
-0.362970,-10.114110,-1.589220,0.646000,-0.035000,-0.007000
-0.235440,-10.222020,-1.393020,0.627000,-0.028000,0.023000
-0.402210,-9.927720,-1.167390,0.595000,-0.006000,0.058000
-0.755370,-9.613800,-1.275300,0.630000,-0.069000,0.103000
-0.902520,-9.250830,-1.010430,0.678000,-0.069000,0.091000
-0.627840,-9.231210,-0.774990,0.668000,-0.064000,0.034000
-0.353160,-9.505890,-0.667080,0.640000,-0.050000,0.005000
-0.490500,-9.613800,-0.706320,0.598000,-0.015000,-0.015000
-0.627840,-9.515700,-0.784800,0.561000,0.005000,-0.036000
-0.451260,-9.731520,-0.824040,0.522000,0.031000,-0.061000
0.009810,-10.006200,-0.657270,0.501000,0.022000,-0.072000
0.372780,-10.182780,-0.225630,0.474000,-0.033000,-0.042000
0.264870,-10.339740,-0.088290,0.397000,-0.068000,-0.003000
-0.088290,-10.280880,-0.068670,0.348000,-0.070000,0.011000
-0.372780,-10.222020,-0.049050,0.304000,-0.068000,0.012000
-0.421830,-10.369170,0.078480,0.289000,-0.088000,0.003000
-0.186390,-10.320120,0.176580,0.245000,-0.066000,-0.011000
0.196200,-10.182780,0.078480,0.204000,-0.074000,-0.011000
0.156960,-10.094490,0.107910,0.163000,-0.137000,-0.001000
-0.117720,-9.917910,0.029430,0.133000,-0.154000,-0.008000
-0.304110,-9.908100,0.029430,0.152000,-0.152000,-0.026000
-0.245250,-10.025820,0.255060,0.145000,-0.162000,-0.039000
0.039240,-9.976770,0.510120,0.132000,-0.169000,-0.047000
0.137340,-10.025820,0.490500,0.126000,-0.162000,-0.045000
-0.039240,-9.917910,0.451260,0.114000,-0.183000,-0.040000
-0.264870,-9.790380,0.461070,0.113000,-0.165000,-0.035000
-0.333540,-9.917910,0.392400,0.091000,-0.115000,-0.040000
-0.274680,-9.957150,0.480690,0.080000,-0.076000,-0.042000
-0.147150,-9.976770,0.588600,0.073000,-0.030000,-0.043000
-0.058860,-10.025820,0.706320,0.080000,0.009000,-0.044000
-0.166770,-9.957150,0.755370,0.065000,0.040000,-0.041000
-0.245250,-9.878670,0.814230,0.029000,0.052000,-0.049000
-0.304110,-9.878670,0.667080,-0.021000,0.103000,-0.056000
0.068670,-10.065060,0.343350,-0.047000,0.226000,-0.056000
0.353160,-10.163160,0.441450,0.038000,0.226000,-0.026000
0.264870,-10.045440,0.608220,0.061000,0.142000,0.014000
0.068670,-9.947340,0.637650,0.045000,0.106000,0.017000
0.078480,-9.898290,0.529740,0.014000,0.119000,0.004000
0.068670,-9.878670,0.519930,-0.004000,0.116000,0.007000
0.058860,-9.849240,0.598410,-0.009000,0.118000,0.013000
0.058860,-9.849240,0.627840,-0.007000,0.128000,0.015000

