-.-.-
0.215820,-3.031290,-8.397360,-1.262000,0.382000,-0.008000
-0.117720,-2.756610,-8.230590,-1.143000,0.388000,0.032000
0.284490,-2.756610,-8.201160,-1.094000,0.407000,0.033000
1.177200,-2.903760,-8.721090,-1.029000,0.388000,0.017000
1.304730,-2.580030,-8.985960,-0.943000,0.379000,0.022000
0.676890,-2.599650,-8.583750,-0.895000,0.419000,0.018000
0.480690,-2.550600,-9.427410,-0.841000,0.470000,-0.019000
0.853470,-2.619270,-9.780570,-0.801000,0.484000,-0.033000
1.177200,-2.374020,-9.859050,-0.743000,0.462000,-0.023000
1.442070,-1.971810,-9.643230,-0.672000,0.430000,-0.015000
1.334160,-1.746180,-9.976770,-0.611000,0.404000,-0.007000
1.265490,-1.981620,-10.094490,-0.518000,0.413000,-0.005000
1.383210,-1.991430,-10.192590,-0.461000,0.441000,-0.004000
1.775610,-1.834470,-10.310310,-0.425000,0.458000,0.007000
2.050290,-1.824660,-10.241640,-0.395000,0.439000,0.020000
2.128770,-1.824660,-10.163160,-0.364000,0.412000,0.038000
2.089530,-1.599030,-10.271070,-0.335000,0.411000,0.043000
2.187630,-1.834470,-10.457460,-0.337000,0.384000,0.048000
2.324970,-1.873710,-10.231830,-0.358000,0.322000,0.061000
2.393640,-1.589220,-10.447650,-0.383000,0.287000,0.075000
2.540790,-1.491120,-10.555560,-0.365000,0.246000,0.071000
2.629080,-1.294920,-10.692900,-0.339000,0.238000,0.078000
2.481930,-1.304730,-10.535940,-0.302000,0.243000,0.096000
2.462310,-1.373400,-10.418220,-0.277000,0.262000,0.108000
2.678130,-1.079100,-10.594800,-0.269000,0.272000,0.114000
2.943000,-1.108530,-10.457460,-0.246000,0.220000,0.117000
2.952810,-1.059480,-10.378980,-0.233000,0.169000,0.115000
2.854710,-0.961380,-10.320120,-0.205000,0.151000,0.109000
2.913570,-0.755370,-10.261260,-0.188000,0.122000,0.112000
2.795850,-0.725940,-10.192590,-0.156000,0.107000,0.104000
2.844900,-0.578790,-10.222020,-0.125000,0.105000,0.093000
2.903760,-0.510120,-10.163160,-0.092000,0.095000,0.088000
2.962620,-0.510120,-10.035630,-0.067000,0.071000,0.083000
2.766420,-0.578790,-9.888480,-0.046000,0.042000,0.067000
2.619270,-0.598410,-9.868860,-0.038000,0.040000,0.054000
2.550600,-0.568980,-9.731520,-0.023000,0.044000,0.039000
2.609460,-0.470880,-9.623610,-0.009000,0.052000,0.028000
2.570220,-0.441450,-9.603990,0.006000,0.049000,0.016000
2.472120,-0.412020,-9.456840,0.034000,0.054000,0.006000
2.452500,-0.362970,-9.456840,0.053000,0.056000,0.005000
2.452500,-0.323730,-9.388170,0.088000,0.064000,0.008000
2.462310,-0.392400,-9.466650,0.122000,0.074000,0.017000
2.560410,-0.500310,-9.476460,0.142000,0.068000,0.026000
2.687940,-0.480690,-9.810000,0.161000,0.070000,0.032000
2.903760,-0.549360,-9.751140,0.171000,0.077000,0.046000
3.119580,-0.588600,-10.006200,0.220000,0.102000,0.071000
3.119580,-0.794610,-10.055250,0.281000,0.099000,0.090000
3.207870,-0.882900,-10.683090,0.327000,0.117000,0.113000
2.952810,-0.824040,-10.840050,0.349000,0.103000,0.131000
2.884140,-0.912330,-10.918530,0.399000,0.083000,0.124000
3.237300,-1.088910,-11.026440,0.454000,0.059000,0.129000
3.511980,-1.343970,-10.771380,0.518000,0.013000,0.162000
3.806280,-1.530360,-10.898910,0.561000,-0.033000,0.191000
3.580650,-1.393020,-11.046060,0.609000,-0.095000,0.219000
3.090150,-1.451880,-10.859670,0.688000,-0.138000,0.225000
2.943000,-1.608840,-10.634040,0.767000,-0.150000,0.222000
3.266730,-1.854090,-10.310310,0.849000,-0.204000,0.222000
3.482550,-2.060100,-10.153350,0.930000,-0.261000,0.228000
3.217680,-2.197440,-9.976770,1.003000,-0.313000,0.236000
2.943000,-2.530980,-9.711900,1.083000,-0.366000,0.240000
2.501550,-2.668320,-9.613800,1.154000,-0.384000,0.232000
2.364210,-2.972430,-9.299880,1.244000,-0.408000,0.222000
2.383830,-3.345210,-9.152730,1.309000,-0.423000,0.229000
2.462310,-3.767040,-9.025200,1.388000,-0.452000,0.225000
2.266110,-4.179060,-8.681850,1.455001,-0.513000,0.216000
2.118960,-4.316400,-8.426790,1.516001,-0.564000,0.201000
1.981620,-4.640130,-8.112870,1.575001,-0.614000,0.201000
1.795230,-4.954050,-7.720470,1.640001,-0.656000,0.202000
1.363590,-5.267970,-7.337880,1.691001,-0.678000,0.192000
0.990810,-5.572080,-6.955290,1.738001,-0.678000,0.171000
0.863280,-6.023340,-6.886620,1.775001,-0.677000,0.162000
1.020240,-6.199920,-6.602130,1.800001,-0.709000,0.149000
1.069290,-6.405930,-6.258780,1.825001,-0.732000,0.149000
0.568980,-6.592320,-6.082200,1.853001,-0.756000,0.130000
0.294300,-6.827760,-5.562270,1.877001,-0.782000,0.125000
0.176580,-7.092630,-5.562270,1.875001,-0.749000,0.117000
-0.029430,-7.269210,-5.267970,1.890001,-0.731000,0.122000
-0.127530,-7.298640,-4.532220,1.905001,-0.702000,0.129000
-0.049050,-7.445790,-4.512600,1.900001,-0.640000,0.134000
0.000000,-7.661610,-4.012290,1.890001,-0.643000,0.143000
-0.156960,-7.740090,-3.757230,1.840001,-0.606000,0.133000
-0.519930,-7.857810,-3.286350,1.837001,-0.600000,0.137000
-0.774990,-8.269830,-3.188250,1.799001,-0.515000,0.123000
-0.735750,-8.299260,-2.678130,1.748001,-0.472000,0.109000
-0.735750,-8.230590,-2.795850,1.710001,-0.455000,0.119000
-0.971190,-8.515080,-2.874330,1.644001,-0.376000,0.102000
-0.735750,-8.642610,-2.403450,1.568001,-0.263000,0.080000
-0.529740,-8.829000,-2.570220,1.475001,-0.226000,0.090000
-0.696510,-8.838810,-2.530980,1.444001,-0.256000,0.111000
-0.559170,-9.044820,-2.432880,1.328000,-0.232000,0.089000
-0.657270,-8.966340,-1.932570,1.286000,-0.294000,0.056000
-0.882900,-9.299880,-2.118960,1.192000,-0.302000,0.031000
-0.676890,-9.093870,-1.883520,1.115000,-0.235000,-0.001000
-0.578790,-9.221400,-2.050290,1.035000,-0.180000,-0.018000
-0.549360,-9.191970,-1.451880,1.001000,-0.210000,-0.014000
-0.313920,-9.319500,-1.530360,0.895000,-0.265000,-0.025000
-0.353160,-9.515700,-1.510740,0.801000,-0.359000,-0.049000
-0.333540,-9.574560,-1.098720,0.749000,-0.366000,-0.081000
-0.372780,-9.702090,-1.079100,0.694000,-0.338000,-0.094000
-0.412020,-10.006200,-1.059480,0.573000,-0.295000,-0.091000
-0.362970,-9.966960,-0.765180,0.534000,-0.263000,-0.086000
-0.304110,-10.133730,-1.020240,0.457000,-0.279000,-0.075000
-0.264870,-10.045440,-0.931950,0.379000,-0.348000,-0.081000
-0.264870,-10.084680,-0.755370,0.326000,-0.322000,-0.081000
-0.313920,-10.143540,-0.912330,0.293000,-0.315000,-0.082000
-0.323730,-10.192590,-0.637650,0.222000,-0.319000,-0.081000
-0.559170,-10.074870,-0.774990,0.172000,-0.289000,-0.064000
-0.657270,-9.908100,-0.608220,0.143000,-0.285000,-0.061000
-0.657270,-9.770760,-0.215820,0.099000,-0.190000,-0.065000
-0.412020,-9.486270,-0.215820,0.188000,-0.107000,-0.071000
-0.176580,-9.976770,0.323730,0.216000,-0.061000,-0.052000
-0.323730,-10.359360,0.049050,0.143000,-0.073000,-0.029000
-0.343350,-10.172970,0.009810,0.098000,-0.095000,-0.034000
-0.264870,-9.927720,0.176580,0.055000,-0.055000,-0.041000
-0.382590,-10.035630,0.186390,-0.025000,0.010000,-0.034000
-0.343350,-10.114110,-0.058860,-0.103000,0.042000,-0.021000
-0.323730,-9.770760,-0.412020,-0.107000,0.016000,-0.015000
-0.225630,-9.397980,-0.058860,0.033000,-0.006000,-0.023000
-0.176580,-9.800190,-0.009810,0.108000,0.002000,-0.025000
-0.215820,-9.957150,0.058860,0.151000,-0.039000,-0.005000
-0.294300,-10.074870,0.107910,0.133000,0.010000,0.003000
-0.441450,-10.035630,0.323730,0.079000,0.061000,0.015000
-0.382590,-9.721710,0.421830,0.122000,0.103000,0.010000
-0.333540,-9.819810,0.598410,0.237000,0.099000,0.029000
-0.313920,-10.182780,1.039860,0.171000,0.112000,0.017000
-0.382590,-10.271070,0.824040,0.074000,0.102000,-0.003000
-0.480690,-10.143540,0.510120,-0.005000,0.129000,-0.031000
-0.372780,-9.966960,0.147150,-0.039000,0.175000,-0.042000

