-.-.-
0.088290,-9.927720,0.058860,-0.047000,0.005000,-0.025000
-0.049050,-9.908100,0.098100,-0.073000,0.037000,-0.027000
-0.156960,-9.947340,0.156960,-0.075000,0.079000,-0.024000
-0.098100,-10.006200,0.098100,-0.107000,0.108000,-0.038000
-0.098100,-9.966960,-0.088290,-0.148000,0.149000,-0.038000
-0.088290,-9.868860,-0.029430,-0.173000,0.145000,-0.011000
-0.029430,-9.908100,0.117720,-0.176000,0.129000,0.012000
0.000000,-10.035630,0.166770,-0.184000,0.095000,0.019000
-0.225630,-9.702090,0.470880,-0.148000,0.069000,0.017000
-0.657270,-9.535320,0.519930,-0.129000,0.107000,0.018000
-0.716130,-9.633420,0.725940,-0.140000,0.215000,0.005000
-0.637650,-9.751140,1.020240,-0.132000,0.262000,-0.009000
-0.225630,-10.192590,1.196820,-0.149000,0.283000,-0.033000
0.529740,-10.634040,1.530360,-0.190000,0.172000,-0.102000
1.147770,-10.938150,-0.156960,-0.198000,0.314000,-0.131000
0.725940,-10.555560,-2.972430,-0.375000,0.782000,-0.102000
0.402210,-7.946100,-0.372780,-0.001000,0.607000,0.009000
1.716750,-9.064440,1.206630,0.285000,0.047000,-0.220000
2.197440,-9.790380,1.059480,0.084000,-0.109000,-0.223000
1.775610,-8.191350,2.148390,0.059000,-0.331000,-0.003000
2.285730,-7.367310,2.501550,0.065000,-0.354000,0.239000
1.324350,-7.357500,0.755370,-0.047000,-0.699000,0.442000
0.931950,-7.229970,-0.627840,0.110000,-0.928000,0.489000
0.333540,-5.699610,-2.168010,0.203000,-1.183000,0.370000
-0.696510,-3.198060,-2.089530,0.156000,-1.408001,0.162000
-3.080340,-2.128770,-1.628460,-0.181000,-1.422001,-0.089000
-3.914190,-4.110390,0.196200,-0.359000,-0.699000,-0.255000
-3.099960,-8.260020,-0.529740,-0.630000,-0.192000,-0.191000
-3.129390,-11.801430,-0.382590,-0.799000,-0.208000,-0.041000
-1.854090,-12.105540,2.030670,-0.502000,-0.275000,0.040000
0.559170,-13.900770,2.844900,-0.453000,-0.421000,-0.144000
1.177200,-16.343460,2.246490,-0.678000,-0.374000,-0.241000
-0.598410,-15.862770,0.618030,-0.953000,-0.078000,-0.070000
-3.247110,-14.322600,1.559790,-0.728000,0.140000,0.252000
-3.453120,-15.107400,3.855330,-0.436000,0.165000,0.372000
-0.706320,-18.060210,4.993290,-0.446000,0.267000,0.161000
2.118960,-18.217170,3.973050,-0.654000,0.417000,0.042000
0.480690,-16.137450,3.188250,-0.954000,0.270000,0.167000
-2.599650,-15.666570,3.217680,-0.897000,0.482000,0.261000
-2.118960,-15.303600,2.844900,-0.494000,0.520000,0.308000
0.353160,-14.930820,3.531600,-0.321000,0.366000,0.347000
1.442070,-13.410270,3.717990,-0.313000,0.072000,0.301000
0.578790,-12.821670,2.138580,-0.496000,-0.254000,0.094000
-0.039240,-11.673900,0.510120,-0.640000,-0.656000,-0.285000
-0.441450,-9.319500,-1.383210,-0.183000,-0.844000,-0.635000
1.854090,-2.060100,-0.618030,-0.388000,-0.693000,-0.443000
0.196200,0.333540,-2.001240,-0.466000,-0.480000,-0.494000
-0.029430,-0.529740,-1.873710,-0.614000,-0.282000,-0.677000
-1.481310,-1.383210,-1.589220,-0.769000,-0.400000,-0.581000
-0.412020,-1.922760,-3.796470,-0.844000,-0.478000,-0.366000
-0.304110,-2.295540,-1.687320,-0.653000,-0.667000,-0.374000
-1.147770,-2.462310,1.157580,-0.599000,-0.374000,-0.374000
-0.922140,-6.935670,-5.758470,-0.988000,-0.167000,-0.145000
2.413260,-17.275410,-3.904380,-0.524000,-0.626000,0.422000
0.814230,-16.833960,-2.442690,-0.913000,-1.150000,-0.241000
0.892710,-15.852960,1.432260,-0.659000,-1.043000,-0.658000
-5.974290,-20.630430,2.344590,-0.293000,-0.873000,-0.796000
-7.700850,-23.740200,2.226870,-0.240000,-0.289000,-0.701000
-5.307210,-22.445280,1.991430,-0.044000,0.146000,-0.412000
-2.187630,-18.943110,1.245870,0.097000,0.796000,-0.183000
1.334160,-15.676380,-1.059480,0.288000,1.164000,-0.103000
1.726560,-10.045440,-1.442070,0.577000,1.274000,0.117000
2.334780,-4.120200,-0.696510,0.547000,1.341000,0.458000
2.256300,-0.068670,-3.757230,0.408000,1.152000,0.781000
1.599030,3.031290,-2.943000,0.373000,0.980000,0.870000
2.393640,2.177820,-3.119580,0.502000,0.513000,0.554000
-1.383210,0.647460,0.117720,1.151000,0.818000,0.505000
-1.991430,-0.323730,2.491740,1.438001,1.171000,0.377000
1.510740,-1.912950,-0.696510,1.312000,1.299000,0.153000
5.503410,-2.805660,-9.917910,1.005000,0.032000,0.089000
2.638890,-6.111630,3.561030,1.038000,-0.532000,-0.215000
2.266110,-27.134460,-1.079100,1.031000,-0.258000,-0.629000
2.109150,-21.003210,-2.560410,-0.454000,-0.426000,-0.118000
2.687940,-21.297510,-1.530360,0.419000,-0.557000,-0.097000
0.608220,-23.112360,0.637650,0.416000,-0.801000,0.196000
0.127530,-21.444660,1.314540,0.571000,-0.976000,0.457000
-0.519930,-18.305460,2.344590,1.022000,-1.007000,0.648000
-2.354400,-14.518800,4.100580,1.520001,-1.052000,0.682000
-1.520550,-11.163780,0.402210,1.649001,-0.777000,0.335000
0.519930,-4.551840,-0.480690,1.754001,-0.672000,0.234000
-1.775610,1.491120,-2.825280,1.338000,-0.519000,0.184000
-4.257540,4.679370,-3.462930,1.081000,0.007000,-0.089000
-0.843660,3.580650,-3.541410,1.050000,0.551000,-0.300000
3.158820,0.863280,-2.736990,1.239000,0.424000,-0.089000
3.492360,-1.981620,-4.188870,1.062000,-0.074000,0.330000
-0.274680,-1.687320,-1.991430,0.965000,-0.188000,0.470000
-2.972430,-0.696510,0.510120,0.779000,0.266000,0.172000
-3.590460,-4.993290,-3.355020,0.103000,1.310000,0.035000
-2.364210,-22.288320,-6.710040,-0.772000,2.820001,0.803000
4.954050,-32.951790,-1.343970,-0.201000,0.157000,1.412001
-6.347070,-10.967580,5.160060,0.353000,1.643001,0.375000
-11.860290,-20.336130,2.943000,0.412000,1.975001,0.191000
-3.973050,-21.768390,5.562270,0.413000,2.889001,0.569000
-0.009810,-16.078590,3.678750,0.433000,3.226001,0.817000
3.453120,-11.124540,2.187630,1.010000,2.898001,0.795000
4.698990,-10.182780,0.863280,1.666001,2.588001,0.530000
3.109770,-5.964480,-1.402830,1.808001,2.006001,0.490000
3.521790,-0.500310,0.412020,1.702001,1.262000,0.429000
3.237300,3.247110,0.510120,1.427001,1.065000,0.587000
2.423070,4.394880,1.030050,1.131000,1.130000,0.682000
1.324350,0.470880,0.058860,1.002000,1.124000,0.530000
-0.117720,-3.904380,-3.305970,0.577000,1.507001,0.328000
-0.029430,-4.679370,-4.816710,0.182000,1.433001,0.283000
-1.873710,-2.118960,-4.522410,0.115000,1.226000,0.395000
-1.687320,-8.887860,-6.504030,-0.524000,1.648001,0.093000
-4.188870,-36.493200,-7.975530,-1.530001,2.610001,-1.166000
-6.847380,-23.877540,-3.619890,-1.220000,3.156001,-0.874000
1.314540,-21.199410,2.727180,0.367000,2.906001,-0.282000
4.669560,-22.278510,1.285110,0.068000,3.059001,-0.026000
0.196200,-21.493710,3.384450,-0.277000,2.751001,0.009000
-1.657890,-16.716240,0.627840,-0.502000,3.188001,-0.060000
-2.324970,-9.711900,0.667080,0.162000,3.444001,0.089000
0.147150,-6.533460,0.627840,0.496000,3.303001,0.247000
0.843660,-4.218300,1.726560,0.617000,3.279001,0.359000
0.156960,-1.294920,1.353780,0.514000,3.406001,0.325000
0.451260,2.364210,0.284490,0.437000,3.163001,0.213000
1.314540,4.002480,-0.382590,0.400000,2.945001,0.107000
2.344590,-0.058860,-0.765180,0.424000,2.947001,0.253000
2.864520,-5.042340,-2.864520,0.298000,2.999001,0.531000
0.117720,-9.603990,-2.168010,0.089000,3.091001,0.586000
0.098100,-14.067540,-5.258160,-0.075000,2.993001,0.580000
1.049670,-15.019110,-2.020860,0.120000,2.642001,0.418000
4.277160,-18.383940,-0.971190,0.000000,2.749001,0.095000
6.376500,-21.366180,-2.776230,-0.296000,2.983001,-0.069000
0.922140,-17.814960,1.922760,-0.090000,2.625001,-0.250000
-2.060100,-17.206740,1.422450,-0.028000,2.827001,-0.089000
1.510740,-19.296270,2.619270,-0.031000,3.227001,0.098000
4.139820,-19.924110,2.491740,0.036000,3.154001,0.452000

