-.-.-
13.998870,-38.621970,0.902520,1.167000,-0.851000,1.409001
-2.226870,-20.718720,0.647460,1.196000,-0.427000,0.078000
-6.396120,-14.126400,0.284490,0.657000,0.887000,-0.819000
5.101200,-26.084790,3.933810,-0.085000,1.611001,-0.421000
7.710660,-22.356990,3.992670,-0.274000,1.573001,0.401000
0.529740,-13.792860,2.374020,-0.034000,1.464001,0.513000
-1.363590,-9.702090,1.020240,-0.097000,1.030000,0.432000
1.255680,-4.051530,-1.059480,0.186000,0.652000,0.502000
1.569600,-0.058860,1.265490,0.952000,0.371000,0.367000
0.627840,3.992670,1.873710,1.059000,0.730000,0.296000
0.853470,4.865760,1.491120,0.911000,1.199000,0.540000
0.892710,1.157580,-0.637650,0.682000,1.360000,0.811000
0.068670,-1.451880,-1.010430,0.593000,1.141000,0.853000
-0.215820,-1.432260,-1.304730,0.559000,0.890000,0.906000
1.294920,-5.346450,-6.356880,-0.460000,1.087000,0.694000
-0.667080,-17.442180,-10.643850,-1.349000,1.284000,0.497000
-4.002480,-34.001460,-7.063200,-0.397000,2.427001,0.534000
-1.020240,-27.801540,0.098100,0.941000,2.518001,-0.106000
3.021480,-14.656140,1.157580,0.658000,1.862001,-0.367000
0.745560,-19.747530,0.049050,0.108000,2.211001,0.143000
-3.511980,-23.288940,0.441450,-0.053000,3.078001,0.230000
-2.854710,-19.247220,1.628460,-0.057000,3.827001,0.122000
1.294920,-13.361220,0.362970,-0.101000,4.354002,0.096000
4.237920,-8.887860,0.480690,-0.059000,4.317002,0.160000
4.120200,-6.013530,-1.030050,-0.211000,4.193001,0.302000
1.834470,-4.483170,-0.137340,0.024000,4.074001,0.145000
0.235440,-2.825280,0.686700,0.350000,4.043001,-0.201000
-1.039860,0.539550,2.256300,0.516000,3.979001,-0.391000
-2.079720,2.344590,1.285110,0.409000,3.519001,-0.323000
-2.030670,2.511360,0.480690,0.166000,3.447001,-0.002000
-1.991430,2.236680,0.510120,0.142000,4.056001,0.256000
-0.058860,-0.549360,-1.294920,0.287000,4.954002,0.286000
2.079720,-6.778710,-3.227490,0.230000,4.794002,0.529000
6.572700,-17.765910,-6.327450,-0.384000,3.782001,0.892000
7.553700,-26.732250,-1.520550,0.033000,2.639001,0.586000
1.962000,-19.973160,0.745560,-0.032000,2.279001,0.046000
3.109770,-17.962110,0.735750,-0.334000,2.527001,-0.217000
5.768280,-22.769010,1.706940,-0.559000,2.566001,-0.048000
4.600890,-25.800300,3.109770,-0.666000,2.632001,0.141000
3.011670,-22.180410,3.894570,-0.721000,2.914001,0.321000
4.022100,-18.678240,3.992670,-0.698000,3.130001,0.357000
6.739470,-15.794100,2.854710,-0.651000,3.086001,0.498000
6.592320,-12.782430,1.245870,-0.498000,3.090001,0.750000
6.062580,-9.397980,0.892710,0.097000,3.062001,0.930000
3.933810,-6.641370,-0.647460,0.196000,3.034001,0.845000
3.963240,-1.716750,-2.207250,0.219000,2.384001,0.673000
7.347690,1.893330,-2.736990,-0.018000,1.661001,0.579000
4.885380,2.491740,-2.383830,0.058000,0.768000,0.709000
0.667080,-0.696510,-0.892710,0.455000,0.098000,0.747000
-1.167390,-5.797710,-5.797710,-0.047000,0.215000,0.458000
-2.079720,-9.280260,-4.620510,-0.023000,1.182000,0.218000
-5.042340,-10.683090,-3.276540,-0.470000,1.099000,0.801000
-1.854090,-17.089020,-2.197440,-0.245000,1.565001,0.674000
7.671420,-20.502900,-2.020860,-0.383000,1.731001,0.663000
10.261260,-18.119070,-2.530980,-0.384000,1.273000,0.638000
4.649940,-18.050400,-1.147770,-0.280000,0.557000,0.690000
1.883520,-20.326320,-0.353160,0.089000,0.144000,0.653000
1.981620,-19.933920,-0.215820,0.418000,-0.155000,0.476000
1.873710,-15.107400,-0.716130,0.654000,-0.467000,0.127000
-0.794610,-7.769520,-1.147770,0.881000,-0.792000,-0.049000
-2.138580,-3.482550,-1.137960,1.034000,-0.757000,-0.285000
-1.736370,-1.402830,-2.158200,0.892000,-0.410000,-0.756000
-1.147770,0.608220,-3.364830,0.993000,0.151000,-1.113000
-3.286350,1.608840,-2.687940,0.941000,0.642000,-0.945000
-2.933190,0.657270,-0.343350,0.932000,1.410001,-0.505000
-0.784800,0.078480,1.393020,1.284000,1.214000,-0.245000
0.922140,-1.589220,-0.971190,1.123000,1.378000,-0.019000
3.070530,-6.925860,-11.124540,0.083000,2.020001,0.722000
3.904380,-10.300500,-4.551840,0.767000,0.278000,1.287000
-0.559170,-12.625470,-1.883520,0.458000,1.084000,0.049000
-4.502790,-22.670910,-3.541410,0.301000,1.198000,-0.469000
-1.952190,-25.525620,-1.177200,0.192000,1.335000,0.027000
-0.922140,-19.374750,-0.882900,0.072000,1.347000,-0.002000
1.697130,-15.548850,-0.362970,-0.007000,1.342000,-0.068000
2.462310,-16.039350,-0.058860,0.324000,1.208000,-0.421000
1.530360,-15.087780,-0.039240,0.781000,1.264000,-0.567000
1.942380,-9.947340,1.255680,1.368000,1.518001,-0.477000
0.559170,-5.297400,1.530360,1.737001,1.594001,-0.257000
0.088290,-2.011050,1.903140,1.916001,1.460001,0.091000
4.679370,0.735750,-4.316400,1.295000,0.950000,0.517000
7.249590,3.590460,-4.022100,1.222000,0.249000,0.844000
3.668940,2.138580,-2.560410,1.226000,-0.292000,0.856000
0.098100,-1.422450,-3.423690,1.300000,-0.349000,0.657000
-0.902520,-1.648080,-1.952190,1.217000,-0.164000,0.524000
-0.107910,-1.579410,-1.491120,0.870000,-0.571000,0.387000
-0.696510,-2.383830,-2.746800,0.228000,-1.753001,0.161000
-1.648080,-13.812480,-15.038730,-0.804000,-2.429001,-0.820000
-3.502170,-37.533060,-4.679370,0.782000,0.858000,-1.626001
3.227490,-20.179170,-0.451260,0.102000,-0.776000,-0.091000
7.033770,-16.990920,-0.206010,0.114000,-0.840000,0.301000
4.110390,-20.669670,2.040480,0.002000,-1.145000,0.421000
0.333540,-17.304840,2.001240,-0.303000,-1.627001,-0.222000
-0.461070,-13.351410,2.629080,-0.022000,-1.724001,-0.463000
0.009810,-10.378980,1.648080,0.263000,-1.684001,-0.479000
-1.952190,-5.287590,0.323730,0.599000,-0.468000,-0.354000
-4.924620,-2.570220,1.353780,1.324000,0.426000,-0.161000
-3.335400,-0.686700,3.041100,1.722001,0.581000,-0.463000
-0.058860,1.706940,0.107910,1.690001,0.412000,-0.841000
1.559790,3.011670,-0.313920,1.554001,0.188000,-0.824000
1.108530,1.755990,-0.294300,1.333000,-0.049000,-0.671000
-0.284490,-1.108530,0.206010,1.038000,-0.015000,-0.591000
-0.264870,-4.728420,-1.726560,0.557000,0.493000,-0.456000
6.621750,-12.870720,-9.231210,-0.412000,1.950001,-0.045000
11.801430,-19.826010,-13.920390,-0.870000,-2.205001,0.703000
8.171730,-26.349660,2.501550,0.571000,-2.209001,0.261000
-1.991430,-20.473470,-1.353780,0.449000,-1.553001,0.537000
1.530360,-26.889210,-5.012910,-0.200000,-1.628001,0.098000
9.643230,-23.965830,-0.902520,-0.774000,-2.249001,0.264000
6.111630,-14.067540,-2.962620,-0.817000,-2.707001,-0.090000
1.981620,-12.134970,-2.168010,-0.551000,-3.243001,-0.354000
1.451880,-11.860290,1.491120,-0.226000,-4.092001,-0.424000
4.100580,-7.151490,0.981000,0.054000,-4.300002,-0.610000
2.697750,-4.542030,2.658510,0.477000,-4.849002,-0.418000
0.500310,-2.933190,4.473360,0.717000,-5.105002,-0.073000
1.363590,-1.206630,4.218300,0.750000,-4.959002,0.047000
2.560410,-1.618650,3.619890,0.687000,-4.546002,0.217000
0.019620,-3.717990,1.373400,0.643000,-4.665002,0.399000
-1.657890,-5.199300,1.030050,0.437000,-4.435002,0.170000
1.677510,-6.896430,2.020860,0.192000,-4.080001,0.000000
-0.176580,-9.554940,-0.470880,-0.127000,-4.328002,-0.260000
-5.120820,-18.560520,-5.758470,-0.725000,-3.926001,-0.792000
-7.229970,-24.603480,-1.834470,0.375000,-2.752001,-0.540000
1.716750,-17.108640,3.776850,1.029000,-3.208001,0.155000
7.543890,-14.361840,2.972430,0.703000,-4.512002,0.214000
4.198680,-12.321360,3.217680,0.548000,-4.734002,0.179000
0.255060,-12.134970,4.012290,0.438000,-4.851002,0.106000
-2.442690,-11.252070,3.482550,0.223000,-5.100002,0.129000
-2.393640,-9.819810,3.384450,0.256000,-5.031002,0.097000

