-.-.-
-0.117720,-10.849860,-0.264870,-0.264000,-0.057000,-0.021000
-0.039240,-10.741950,-0.951570,-0.387000,-0.082000,-0.026000
-0.137340,-10.339740,-1.608840,-0.497000,-0.102000,-0.022000
-0.019620,-10.045440,-2.109150,-0.626000,-0.096000,-0.002000
0.039240,-9.702090,-2.118960,-0.738000,-0.090000,0.009000
-0.107910,-9.496080,-2.177820,-0.804000,-0.109000,0.016000
-0.186390,-9.447030,-2.344590,-0.953000,-0.037000,0.029000
-0.117720,-9.191970,-2.570220,-1.151000,-0.011000,0.065000
0.009810,-8.652420,-2.638890,-1.293000,-0.006000,0.090000
0.245250,-7.651800,-2.599650,-1.457001,0.008000,0.091000
0.353160,-6.033150,-2.589840,-1.581001,-0.015000,0.091000
0.186390,-4.502790,-2.589840,-1.678001,-0.163000,0.070000
0.000000,-3.355020,-2.246490,-1.768001,-0.250000,0.032000
-0.147150,-2.442690,-0.706320,-2.028001,-0.249000,-0.005000
-0.362970,-1.520550,0.431640,-2.199001,-0.166000,-0.058000
-0.402210,-1.088910,0.431640,-2.192001,-0.046000,-0.093000
-0.235440,-1.471500,-1.020240,-2.073001,0.151000,-0.034000
-0.206010,-3.237300,-3.345210,-1.979001,0.064000,0.043000
0.049050,-5.876190,-3.727800,-1.788001,-0.153000,-0.069000
0.814230,-8.309070,-3.472740,-1.710001,-0.055000,-0.273000
1.314540,-8.985960,-4.777470,-1.603001,-0.129000,-0.200000
1.334160,-8.603370,-5.140440,-1.254000,-0.272000,0.032000
-0.362970,-8.554320,-5.542650,-1.008000,-0.408000,0.107000
-0.412020,-9.142920,-5.503410,-0.815000,-0.193000,-0.116000
0.441450,-9.545130,-6.376500,-0.688000,0.025000,-0.227000
0.774990,-8.956530,-7.151490,-0.425000,0.068000,-0.176000
-0.519930,-9.250830,-6.209730,-0.141000,-0.027000,-0.036000
-0.735750,-9.584370,-6.621750,0.118000,-0.094000,-0.124000
0.647460,-9.407790,-7.485030,0.312000,-0.030000,-0.178000
0.755370,-9.329310,-7.347690,0.408000,0.036000,-0.116000
-0.186390,-9.241020,-7.583130,0.636000,0.017000,-0.069000
-0.333540,-9.211590,-7.141680,0.832000,-0.043000,-0.092000
0.186390,-8.721090,-7.308450,1.085000,-0.081000,-0.060000
0.500310,-8.829000,-7.661610,1.340000,-0.082000,-0.001000
0.156960,-12.213450,-7.229970,1.512001,-0.145000,0.045000
-0.598410,-15.176070,-6.896430,1.522001,-0.201000,0.058000
-1.079100,-15.342840,-7.023960,1.468001,-0.181000,0.075000
-0.706320,-15.313410,-6.690420,1.467001,-0.162000,0.102000
-0.510120,-14.528610,-5.081580,1.456001,-0.132000,0.133000
-0.863280,-13.331790,-2.972430,1.443001,-0.160000,0.186000
-0.931950,-11.664090,-1.648080,1.343000,-0.153000,0.217000
-0.696510,-9.819810,-1.069290,1.304000,-0.127000,0.206000
-0.637650,-8.632800,-1.000620,1.300000,-0.123000,0.149000
-0.676890,-7.759710,-0.843660,1.294000,-0.097000,0.093000
-0.667080,-7.131870,-0.931950,1.267000,-0.044000,0.053000
-0.510120,-7.318260,-1.108530,1.257000,-0.025000,0.037000
-0.362970,-8.014770,-0.853470,1.251000,-0.123000,0.054000
-0.245250,-9.044820,-0.735750,1.140000,-0.154000,0.049000
-0.402210,-10.143540,-1.314540,1.049000,-0.117000,-0.006000
-0.412020,-10.859670,-1.147770,0.992000,-0.138000,-0.020000
-0.323730,-11.310930,-1.177200,0.926000,-0.159000,-0.013000
-0.519930,-11.683710,-0.814230,0.838000,-0.154000,0.000000
-0.598410,-11.703330,-0.421830,0.747000,-0.139000,0.024000
-0.618030,-11.624850,-0.225630,0.651000,-0.076000,0.020000
-0.706320,-11.271690,-0.029430,0.581000,-0.043000,0.032000
-0.725940,-10.683090,0.362970,0.508000,-0.065000,0.018000
-0.637650,-10.172970,0.284490,0.464000,-0.022000,-0.005000
-0.382590,-9.917910,0.490500,0.459000,0.007000,-0.029000
-0.137340,-9.653040,0.578790,0.439000,-0.004000,-0.038000
-0.058860,-9.496080,0.412020,0.424000,-0.026000,-0.041000
-0.117720,-9.476460,0.441450,0.415000,-0.063000,-0.044000
-0.215820,-9.466650,0.578790,0.415000,-0.091000,-0.032000
-0.225630,-9.672660,0.500310,0.432000,-0.078000,-0.026000
-0.245250,-9.937530,0.706320,0.425000,-0.074000,-0.031000
-0.166770,-10.035630,1.059480,0.399000,-0.074000,-0.034000
-0.264870,-10.123920,1.108530,0.371000,-0.105000,-0.028000
-0.353160,-10.428030,0.824040,0.328000,-0.071000,-0.040000
-0.402210,-10.634040,0.755370,0.274000,-0.059000,-0.054000
-0.333540,-10.437840,0.941760,0.261000,-0.059000,-0.044000
-0.255060,-10.320120,0.922140,0.232000,-0.057000,-0.037000
-0.353160,-10.241640,1.000620,0.198000,-0.067000,-0.030000
-0.362970,-10.123920,0.902520,0.176000,-0.038000,-0.025000
-0.353160,-10.016010,0.784800,0.141000,-0.021000,-0.029000
-0.441450,-9.810000,0.804420,0.132000,-0.001000,-0.024000
-0.343350,-9.643230,0.990810,0.113000,0.015000,-0.031000
-0.225630,-9.554940,0.971190,0.109000,0.013000,-0.023000
-0.176580,-9.878670,0.814230,0.088000,0.003000,-0.028000
-0.186390,-9.976770,0.745560,0.073000,-0.026000,-0.018000
-0.382590,-9.859050,0.912330,0.078000,-0.035000,-0.015000
-0.255060,-9.770760,1.059480,0.089000,-0.020000,-0.011000
-0.206010,-9.976770,1.069290,0.075000,-0.002000,-0.008000
-0.225630,-10.025820,1.010430,0.067000,0.002000,-0.008000
-0.264870,-10.055250,0.853470,0.047000,0.008000,-0.011000
-0.333540,-10.035630,0.931950,0.029000,0.013000,-0.016000
-0.274680,-9.819810,1.010430,0.033000,0.043000,-0.020000
-0.117720,-9.741330,1.059480,0.042000,0.026000,-0.023000
-0.049050,-9.760950,1.000620,0.029000,0.008000,-0.016000
-0.098100,-9.819810,1.030050,0.027000,-0.008000,-0.015000
-0.147150,-9.868860,0.981000,0.029000,-0.019000,-0.015000
-0.225630,-9.839430,1.079100,0.027000,-0.043000,-0.009000
-0.245250,-9.878670,1.030050,0.029000,-0.052000,0.000000
-0.274680,-9.996390,0.922140,0.014000,-0.050000,-0.002000
-0.313920,-9.996390,0.941760,0.011000,-0.046000,-0.005000
-0.225630,-9.888480,0.990810,0.008000,-0.035000,-0.002000
-0.196200,-9.849240,1.049670,-0.003000,-0.044000,0.006000
-0.176580,-9.888480,0.981000,-0.006000,-0.041000,0.004000
-0.186390,-9.908100,0.922140,-0.016000,-0.038000,-0.006000
-0.215820,-9.868860,0.961380,-0.014000,-0.045000,-0.008000
-0.186390,-9.829620,0.971190,-0.013000,-0.047000,-0.006000
-0.166770,-9.829620,0.941760,-0.020000,-0.052000,-0.003000
-0.196200,-9.810000,0.981000,-0.018000,-0.049000,-0.002000
-0.225630,-9.839430,0.902520,-0.019000,-0.038000,-0.004000
-0.255060,-9.868860,0.892710,-0.018000,-0.035000,-0.006000
-0.245250,-9.819810,0.863280,-0.013000,-0.019000,-0.006000
-0.186390,-9.810000,0.882900,-0.014000,-0.012000,-0.010000
-0.176580,-9.849240,0.882900,-0.020000,-0.009000,-0.008000
-0.225630,-9.859050,0.892710,-0.031000,-0.009000,0.000000
-0.235440,-9.868860,0.912330,-0.039000,0.000000,0.000000
-0.225630,-9.868860,0.804420,-0.038000,0.011000,0.000000
-0.186390,-9.937530,0.804420,-0.034000,0.019000,0.003000
-0.176580,-9.898290,0.843660,-0.030000,-0.006000,0.009000
-0.186390,-9.898290,0.833850,-0.033000,-0.024000,0.007000
-0.166770,-9.888480,0.804420,-0.035000,-0.019000,0.004000
-0.176580,-9.839430,0.824040,-0.025000,-0.017000,0.008000
-0.196200,-9.819810,0.794610,-0.023000,-0.021000,0.011000
-0.225630,-9.800190,0.824040,-0.024000,-0.019000,0.007000
-0.245250,-9.770760,0.814230,-0.019000,-0.016000,0.005000
-0.235440,-9.829620,0.755370,-0.018000,-0.014000,0.004000
-0.215820,-9.800190,0.765180,-0.015000,-0.020000,0.006000
-0.206010,-9.819810,0.814230,-0.010000,-0.034000,0.005000
-0.235440,-9.898290,0.725940,-0.021000,-0.035000,0.005000
-0.255060,-9.947340,0.676890,-0.025000,-0.027000,0.006000
-0.235440,-9.898290,0.765180,-0.020000,-0.022000,0.005000
-0.235440,-9.849240,0.882900,-0.028000,-0.019000,0.004000
-0.225630,-9.888480,0.882900,-0.035000,-0.025000,0.010000
-0.284490,-9.957150,0.961380,-0.069000,-0.007000,-0.003000
-0.313920,-10.025820,1.216440,-0.121000,0.021000,-0.018000
-0.313920,-10.045440,1.854090,-0.204000,0.029000,-0.009000

