-.-.-
-2.756610,-11.418840,0.264870,-0.095000,-1.528001,-0.204000
-0.333540,-13.469130,0.470880,-0.130000,-1.337000,0.119000
1.088910,-12.056490,0.676890,-0.328000,-1.181000,0.049000
0.186390,-10.241640,0.490500,-0.298000,-1.121000,-0.283000
-1.334160,-9.957150,1.000620,-0.260000,-1.124000,-0.483000
-1.726560,-10.055250,0.735750,-0.223000,-1.056000,-0.405000
-1.451880,-9.603990,0.480690,-0.194000,-0.992000,-0.304000
-0.696510,-8.711280,0.490500,-0.118000,-0.896000,-0.241000
0.166770,-8.289450,0.402210,-0.036000,-0.857000,-0.180000
0.618030,-8.338500,0.333540,0.039000,-0.933000,-0.115000
0.892710,-8.632800,0.245250,0.093000,-0.987000,-0.048000
0.667080,-9.172350,0.098100,0.122000,-1.038000,0.021000
0.333540,-9.309690,0.049050,0.162000,-1.117000,0.128000
0.000000,-9.476460,-0.029430,0.228000,-1.242000,0.228000
-0.117720,-10.123920,-0.480690,0.283000,-1.351000,0.275000
-0.323730,-10.781190,-1.314540,0.280000,-1.571001,0.276000
-1.167390,-10.712520,-0.961380,0.067000,-1.613001,0.140000
-2.197440,-8.318880,-0.814230,-0.027000,-1.600001,-0.120000
-2.266110,-6.876810,-0.421830,0.013000,-1.326000,-0.298000
-2.530980,-7.887240,-0.461070,-0.023000,-0.936000,-0.421000
-2.668320,-11.703330,-0.333540,0.064000,-0.732000,-0.363000
-0.784800,-13.302360,-0.304110,-0.006000,-0.764000,-0.043000
-0.235440,-10.428030,0.323730,-0.066000,-0.810000,0.192000
-1.451880,-8.672040,0.774990,0.098000,-0.786000,0.034000
-2.344590,-9.505890,1.147770,0.107000,-0.947000,-0.207000
-2.413260,-10.535940,1.010430,0.068000,-1.131000,-0.217000
-1.716750,-10.830240,1.108530,0.030000,-1.236000,-0.034000
-1.245870,-9.986580,0.931950,0.056000,-1.205000,0.122000
-1.736370,-8.976150,1.265490,0.130000,-1.044000,0.066000
-2.638890,-8.515080,1.500930,0.140000,-0.901000,-0.068000
-3.286350,-8.279640,1.471500,0.133000,-0.724000,-0.168000
-3.355020,-7.612560,1.108530,0.154000,-0.598000,-0.204000
-3.041100,-7.220160,1.206630,0.260000,-0.501000,-0.185000
-2.217060,-7.406550,1.265490,0.302000,-0.367000,-0.179000
-1.118340,-7.524270,1.187010,0.272000,-0.258000,-0.216000
-0.716130,-7.122060,1.353780,0.283000,-0.264000,-0.262000
-1.079100,-6.710040,1.451880,0.302000,-0.259000,-0.260000
-1.579410,-6.660990,1.147770,0.299000,-0.213000,-0.250000
-2.060100,-6.916050,1.324350,0.311000,-0.192000,-0.249000
-2.050290,-7.357500,1.363590,0.333000,-0.183000,-0.284000
-1.530360,-7.838190,1.245870,0.380000,-0.189000,-0.329000
-1.010430,-7.789140,0.755370,0.395000,-0.158000,-0.340000
-0.225630,-8.475840,0.304110,0.467000,-0.219000,-0.248000
1.088910,-11.742570,-0.176580,0.324000,-0.486000,0.036000
1.657890,-14.322600,-2.020860,-0.347000,-0.548000,0.273000
0.490500,-16.088400,-3.139200,-0.741000,-0.254000,0.266000
-0.313920,-14.558040,-1.991430,-0.918000,0.019000,0.202000
0.294300,-14.921010,-0.784800,-0.593000,0.098000,0.294000
0.725940,-16.784910,-0.078480,-0.812000,-0.404000,0.490000
-1.079100,-11.889720,0.274680,-0.526000,-0.684000,0.497000
-3.041100,-9.025200,1.245870,-0.100000,-0.392000,0.340000
-2.099340,-8.201160,1.579410,-0.086000,-0.020000,0.144000
-0.441450,-9.044820,1.540170,-0.137000,0.124000,-0.109000
0.794610,-10.359360,1.402830,-0.354000,0.065000,-0.131000
1.805040,-10.486890,1.187010,-0.342000,-0.140000,0.143000
2.530980,-8.034390,0.451260,-0.161000,-0.433000,0.399000
1.540170,-6.690420,0.716130,0.058000,-0.803000,0.347000
0.490500,-5.699610,1.039860,0.215000,-1.057000,0.213000
-0.039240,-5.572080,1.393020,0.349000,-1.239000,0.154000
-0.264870,-5.689800,1.314540,0.440000,-1.174000,0.177000
-0.412020,-5.954670,1.628460,0.463000,-0.941000,0.190000
-1.255680,-6.180300,1.726560,0.447000,-0.797000,0.148000
-2.844900,-6.798330,1.402830,0.530000,-0.669000,0.077000
-3.610080,-8.573940,0.362970,0.548000,-0.425000,0.028000
-4.286970,-12.654900,-1.893330,0.283000,-0.108000,-0.149000
-5.709420,-17.638380,-1.824660,0.352000,-0.060000,-0.453000
-4.591080,-17.020350,-3.914190,-0.196000,0.291000,-0.555000
-1.873710,-11.585610,-3.737610,-0.171000,0.376000,-0.146000
-0.549360,-11.860290,-0.529740,-0.017000,0.465000,-0.119000
-0.068670,-13.527990,0.451260,-0.277000,0.738000,-0.283000
0.058860,-10.359360,2.226870,-0.151000,0.735000,-0.199000
0.490500,-8.377740,2.011050,-0.109000,0.480000,0.001000
0.039240,-10.408410,1.000620,-0.006000,0.175000,0.073000
-0.892710,-13.125780,2.393640,0.035000,-0.118000,-0.034000
-1.677510,-12.596040,2.570220,-0.161000,-0.344000,-0.242000
-1.589220,-10.123920,1.922760,-0.147000,-0.335000,-0.288000
-1.118340,-8.328690,1.873710,0.088000,-0.241000,-0.267000
-0.843660,-7.681230,2.246490,0.109000,-0.113000,-0.252000
-1.196820,-7.416360,1.638270,0.136000,0.093000,-0.253000
-1.893330,-7.073010,1.834470,0.284000,0.235000,-0.221000
-2.236680,-6.396120,2.089530,0.396000,0.316000,-0.139000
-2.138580,-5.886000,2.040480,0.517000,0.389000,-0.053000
-1.746180,-5.513220,1.579410,0.475000,0.468000,-0.033000
-1.049670,-5.366070,1.314540,0.511000,0.523000,-0.112000
-0.245250,-6.003720,1.343970,0.552000,0.500000,-0.222000
0.451260,-7.220160,0.961380,0.498000,0.394000,-0.286000
1.294920,-8.897670,-0.264870,0.217000,0.314000,-0.271000
2.089530,-12.134970,-1.167390,-0.207000,0.012000,-0.110000
3.149010,-16.804530,-2.609460,-0.915000,-0.275000,0.181000
2.295540,-16.245360,-5.670180,-1.513001,-0.283000,0.346000
-1.373400,-13.783050,-4.512600,-0.471000,-0.270000,0.411000
-1.294920,-16.323840,-0.814230,-0.169000,-0.804000,0.576000
0.058860,-13.086540,2.226870,-0.299000,-0.828000,0.332000
-1.912950,-10.859670,3.747420,0.089000,-0.134000,0.117000
-3.541410,-10.957770,1.412640,0.164000,0.557000,-0.206000
-3.776850,-14.087160,2.864520,0.389000,0.954000,-0.368000
-2.864520,-15.176070,2.933190,-0.220000,1.242000,-0.067000
-0.323730,-11.781810,1.628460,-0.305000,1.365000,0.213000
0.412020,-8.358120,1.461690,0.013000,1.223000,0.225000
0.647460,-6.141060,0.774990,0.088000,1.093000,0.109000
1.697130,-5.846760,1.216440,0.299000,0.800000,0.008000
2.786040,-6.082200,1.059480,0.320000,0.516000,0.002000
3.355020,-5.836950,1.000620,0.412000,0.306000,0.061000
2.491740,-5.071770,1.373400,0.424000,0.059000,0.088000
0.765180,-3.992670,1.157580,0.463000,-0.122000,0.035000
-0.902520,-3.698370,1.245870,0.467000,-0.054000,-0.007000
-1.903140,-3.629700,1.373400,0.444000,0.056000,-0.013000
-2.393640,-4.797090,0.706320,0.353000,0.021000,0.035000
-2.374020,-6.562890,-0.088290,0.138000,0.177000,0.000000
-3.276540,-11.163780,0.019620,0.119000,0.700000,-0.216000
-6.248970,-18.854820,-2.011050,0.082000,1.042000,-0.727000
-4.267350,-17.569710,-3.296160,-0.113000,1.165000,-0.717000
0.784800,-13.243500,-2.923380,0.092000,1.255000,-0.217000
1.039860,-15.450750,0.598410,0.355000,1.493001,-0.353000
-0.598410,-14.302980,1.638270,0.298000,1.428001,-0.251000
0.362970,-10.692900,2.570220,0.347000,1.033000,0.042000
0.627840,-10.908720,3.198060,0.244000,0.942000,0.102000
-0.431640,-13.871340,2.393640,0.169000,0.816000,-0.015000
-1.942380,-15.274170,3.227490,0.320000,0.500000,-0.312000
-2.727180,-12.517560,1.912950,0.080000,0.329000,-0.444000
-1.579410,-9.201780,1.755990,0.322000,0.595000,-0.228000
-0.971190,-8.250210,2.177820,0.319000,0.722000,-0.075000
-1.657890,-7.789140,2.138580,0.162000,0.836000,-0.044000
-2.570220,-7.426170,1.716750,0.125000,1.010000,-0.123000
-2.727180,-7.151490,1.569600,0.226000,1.121000,-0.218000
-1.883520,-6.778710,1.559790,0.219000,1.258000,-0.319000
-1.118340,-6.013530,1.137960,0.199000,1.366000,-0.402000
-0.941760,-4.885380,1.216440,0.278000,1.379000,-0.416000

