-.-.-
1.942380,-6.268590,0.637650,0.377000,0.462000,0.147000
0.990810,-7.249590,0.892710,0.320000,0.296000,0.175000
0.725940,-7.691040,0.902520,0.280000,0.328000,0.199000
1.147770,-7.671420,1.216440,0.450000,0.371000,0.153000
1.049670,-8.054010,1.167390,0.587000,0.330000,0.035000
1.108530,-8.416980,0.981000,0.696000,0.367000,-0.078000
1.137960,-9.162540,-1.255680,0.681000,0.447000,-0.197000
1.255680,-10.123920,-4.404690,0.159000,1.029000,-0.305000
-1.108530,-11.487510,-8.103060,-0.035000,1.040000,-0.411000
-2.020860,-12.478320,-4.846140,0.135000,0.365000,-0.520000
-1.765800,-11.732760,-2.943000,-0.547000,-0.092000,-0.499000
-3.413880,-12.262500,-1.873710,-1.122000,0.281000,-0.391000
-4.296780,-14.332410,2.580030,-0.097000,0.755000,-0.495000
1.697130,-13.861530,-0.441450,0.101000,0.562000,-0.124000
4.620510,-12.802050,0.451260,0.347000,0.263000,0.185000
3.404070,-9.957150,1.481310,0.058000,-0.117000,0.273000
0.500310,-9.201780,0.833850,0.215000,-0.652000,0.135000
-2.050290,-11.438460,0.529740,0.299000,-0.407000,-0.220000
-3.600270,-10.418220,1.128150,0.206000,-0.040000,-0.420000
-3.345210,-8.848620,1.971810,0.233000,0.278000,-0.382000
-2.864520,-6.857190,2.511360,0.339000,0.680000,-0.167000
-3.119580,-6.209730,2.491740,0.613000,0.931000,0.090000
-3.708180,-6.052770,1.863900,0.860000,1.002000,0.276000
-3.364830,-5.709420,1.540170,1.209000,1.006000,0.346000
-1.549980,-6.141060,1.618650,1.322000,0.909000,0.228000
0.794610,-8.132490,0.441450,0.931000,0.931000,0.040000
2.344590,-10.143540,-2.374020,0.296000,0.994000,-0.069000
3.757230,-13.527990,-3.806280,-0.411000,0.933000,0.057000
5.895810,-13.734000,-5.032530,-1.022000,0.534000,0.509000
6.768900,-12.988440,-5.846760,-1.646001,0.197000,0.755000
6.700230,-15.764670,-1.579410,-1.068000,-0.555000,0.663000
-0.765180,-10.683090,1.383210,-0.257000,-0.835000,-0.013000
-7.759710,-9.505890,2.727180,0.091000,-0.730000,-0.331000
-6.925860,-7.171110,5.130630,0.693000,1.064000,-0.849000
-2.992050,-10.006200,2.315160,0.889000,1.838001,-0.621000
1.383210,-14.685570,-1.157580,-0.114000,1.409001,0.194000
5.071770,-11.448270,1.559790,-0.372000,1.257000,0.539000
6.298020,-7.445790,1.118340,0.093000,0.723000,0.468000
3.580650,-6.013530,1.030050,0.158000,0.161000,0.258000
1.177200,-5.836950,1.157580,0.435000,-0.209000,0.211000
0.215820,-6.935670,2.020860,0.609000,-0.313000,0.127000
-0.127530,-8.613180,2.158200,0.445000,-0.079000,0.050000
-0.274680,-9.859050,1.383210,0.558000,0.230000,0.123000
-0.176580,-10.467270,-1.137960,0.497000,0.452000,0.221000
-0.765180,-10.928340,-4.336020,-0.095000,0.608000,0.144000
-3.031290,-11.565990,-6.141060,-0.366000,0.413000,-0.212000
-3.031290,-11.340360,-4.208490,-0.191000,0.576000,-0.676000
-0.392400,-10.477080,-1.697130,-0.505000,0.353000,-0.492000
0.568980,-10.614420,-0.853470,-0.937000,0.037000,0.058000
-1.510740,-14.616900,0.372780,-0.959000,0.642000,0.251000
-0.686700,-15.676380,1.795230,0.042000,0.212000,0.024000
0.117720,-12.301740,-0.588600,-0.107000,0.134000,-0.218000
0.304110,-9.211590,1.353780,0.003000,0.029000,-0.216000
-0.745560,-9.074250,0.971190,0.338000,-0.083000,-0.223000
-1.030050,-9.554940,1.039860,0.470000,0.169000,-0.249000
-3.217680,-9.113490,2.393640,0.228000,0.372000,-0.102000
-4.934430,-6.347070,1.814850,0.267000,0.667000,0.091000
-4.355640,-4.502790,1.726560,0.688000,1.250000,0.126000
-3.217680,-3.855330,1.451880,0.860000,1.565001,0.064000
-1.461690,-4.728420,0.873090,1.031000,1.463001,0.047000
1.255680,-6.808140,1.108530,0.769000,1.252000,0.042000
3.266730,-8.416980,-1.343970,0.014000,1.297000,-0.060000
3.482550,-10.653660,-3.531600,-0.657000,1.405001,-0.008000
2.619270,-13.773240,-4.748040,-1.235000,0.951000,0.536000
5.542650,-20.257650,-8.220780,-2.043001,0.500000,1.396000
12.134970,-17.422560,2.540790,-0.237000,0.410000,1.571001
-1.020240,-6.974910,1.255680,0.699000,-0.577000,0.452000
-9.152730,-8.534700,4.179060,1.311000,-1.226000,-0.116000
-7.720470,-10.084680,6.101820,0.338000,0.578000,-1.069000
-3.924000,-11.438460,3.570840,0.342000,2.136001,-0.602000
0.863280,-14.136210,0.667080,0.379000,2.300001,0.395000
2.324970,-11.330550,2.226870,0.402000,1.884001,0.674000
2.815470,-8.191350,1.294920,0.427000,1.565001,0.650000
2.413260,-6.582510,1.549980,0.532000,1.400001,0.605000
1.314540,-6.288210,2.550600,0.599000,1.335000,0.463000
0.107910,-6.660990,3.090150,0.526000,1.485001,0.234000
-0.274680,-7.475220,3.511980,0.506000,1.607001,0.304000
-0.774990,-7.063200,3.433500,0.697000,1.919001,0.443000
-1.049670,-7.808760,2.481930,0.848000,2.252001,0.433000
-1.795230,-10.241640,-0.529740,0.372000,2.343001,0.361000
-3.796470,-12.870720,-2.511360,-0.638000,2.654001,0.207000
-6.582510,-16.902630,-2.168010,-0.624000,2.782001,-0.267000
-1.245870,-16.343460,-2.874330,-0.055000,3.186001,-0.782000
3.276540,-13.469130,-2.589840,0.337000,3.326001,-0.631000
3.600270,-11.222640,-1.451880,0.493000,2.757001,-0.252000
1.383210,-12.311550,-1.088910,-0.121000,2.275001,-0.078000
-2.285730,-16.667190,-1.893330,-0.751000,2.312001,-0.165000
-6.778710,-16.932060,-1.255680,-0.830000,2.713001,-0.454000
-7.681230,-14.332410,-0.068670,-0.300000,3.533001,-0.556000
-3.884760,-11.713140,1.824660,0.065000,4.081001,-0.133000
-1.304730,-10.810620,2.864520,0.029000,4.477002,0.457000
0.078480,-9.741330,2.982240,-0.210000,4.585002,0.847000
0.000000,-9.221400,2.197440,-0.176000,4.674002,0.924000
0.098100,-9.574560,1.805040,-0.108000,4.657002,0.819000
0.000000,-8.946720,1.471500,-0.167000,4.627002,0.678000
-0.313920,-8.475840,1.608840,0.047000,4.493002,0.531000
0.519930,-8.524890,1.726560,0.081000,4.297002,0.281000
0.706320,-8.142300,1.952190,-0.181000,4.242002,0.033000
1.275300,-7.808760,1.618650,-0.168000,4.122001,-0.075000
1.206630,-6.965100,0.843660,-0.105000,3.927001,-0.079000
1.039860,-7.426170,-0.245250,-0.041000,3.816001,-0.108000
0.098100,-8.426790,-1.030050,0.025000,3.665001,-0.141000
-0.765180,-9.633420,-1.736370,0.000000,3.313001,-0.127000
-0.039240,-11.026440,-1.952190,-0.163000,2.981001,-0.010000
2.423070,-11.821050,-1.677510,-0.376000,2.798001,0.245000
3.364830,-11.222640,-2.079720,-0.600000,2.521001,0.524000
2.952810,-10.202400,-2.511360,-0.685000,2.389001,0.584000
3.109770,-10.349550,-3.668940,-0.636000,2.193001,0.469000
3.541410,-11.232450,-4.159440,-0.558000,1.908001,0.305000
3.541410,-10.653660,-3.080340,-0.391000,1.313000,0.210000
2.707560,-9.603990,-1.834470,-0.220000,0.847000,0.151000
1.599030,-8.407170,-0.500310,0.040000,0.797000,0.135000
1.108530,-8.593560,0.176580,0.441000,1.039000,0.060000
0.657270,-9.574560,0.196200,0.573000,1.322000,-0.029000
0.667080,-10.074870,-0.058860,0.521000,1.375000,0.015000
1.795230,-9.417600,-0.294300,0.512000,1.329000,0.126000
2.854710,-8.475840,-0.539550,0.462000,1.194000,0.195000
2.727180,-7.857810,-0.519930,0.450000,0.942000,0.226000
2.148390,-7.808760,-0.725940,0.489000,0.733000,0.229000
1.775610,-8.210970,-0.912330,0.532000,0.560000,0.243000
1.608840,-8.338500,-0.990810,0.507000,0.460000,0.267000
1.324350,-8.034390,-1.059480,0.553000,0.433000,0.315000
1.324350,-8.603370,-1.706940,0.435000,0.384000,0.412000
1.971810,-11.026440,-3.462930,0.123000,0.184000,0.614000
2.668320,-14.008680,-4.022100,0.045000,0.010000,0.801000
1.039860,-12.625470,-2.501550,0.506000,0.164000,0.677000
-1.432260,-9.113490,-2.423070,0.764000,0.281000,0.371000
-3.659130,-9.721710,-0.882900,0.832000,0.240000,0.021000

