-.-.-
-0.294300,-9.574560,-0.882900,0.170000,1.666001,0.143000
-0.627840,-9.653040,-0.637650,0.142000,1.763001,0.164000
-1.020240,-9.535320,-0.470880,0.117000,1.815001,0.191000
-1.039860,-9.348930,-0.353160,0.092000,1.886001,0.203000
-0.637650,-9.290070,-0.333540,0.058000,1.962001,0.198000
-0.333540,-9.339120,-0.304110,0.029000,2.005001,0.173000
0.009810,-9.702090,-0.255060,-0.016000,2.023001,0.147000
0.421830,-9.947340,-0.402210,-0.073000,1.973001,0.163000
0.500310,-9.790380,-0.510120,-0.108000,1.873001,0.170000
0.500310,-9.476460,-0.716130,-0.112000,1.823001,0.127000
0.421830,-9.123300,-0.451260,-0.062000,1.715001,0.084000
0.068670,-9.093870,-0.274680,0.042000,1.627001,0.056000
-0.510120,-8.956530,0.176580,0.131000,1.672001,0.017000
-0.657270,-9.290070,0.676890,0.153000,1.751001,0.026000
-0.470880,-10.251450,-0.068670,0.034000,1.750001,0.114000
-0.382590,-10.084680,-0.421830,0.008000,1.668001,0.230000
0.117720,-9.545130,-1.049670,-0.064000,1.585001,0.239000
0.392400,-9.035010,-0.461070,0.007000,1.548001,0.235000
-0.186390,-9.241020,0.392400,0.076000,1.770001,0.220000
0.598410,-12.390030,-0.814230,-0.150000,2.049001,0.396000
-0.745560,-12.046680,-1.706940,-0.050000,2.255001,0.487000
0.343350,-12.262500,-2.324970,-0.222000,2.444001,0.457000
0.402210,-10.741950,-2.952810,-0.165000,2.489001,0.473000
0.225630,-9.221400,-2.403450,-0.119000,2.302001,0.563000
-0.353160,-9.770760,-1.491120,-0.109000,2.198001,0.597000
0.000000,-10.692900,-1.294920,-0.106000,2.206001,0.517000
0.716130,-11.065680,-1.030050,-0.037000,2.183001,0.348000
0.931950,-9.937530,-0.372780,0.074000,2.105001,0.183000
0.362970,-9.437220,0.147150,0.132000,2.092001,0.107000
0.078480,-9.682470,0.304110,0.112000,2.143001,0.104000
0.264870,-9.780570,0.333540,0.100000,2.307001,0.108000
0.529740,-9.182160,0.176580,0.049000,2.462001,0.132000
1.285110,-8.956530,-0.019620,-0.002000,2.527001,0.182000
2.030670,-8.985960,-0.107910,-0.048000,2.445001,0.222000
2.158200,-8.985960,-0.284490,-0.082000,2.303001,0.263000
2.099340,-9.074250,-0.245250,-0.089000,2.219001,0.307000
2.030670,-9.319500,-0.107910,-0.087000,2.115001,0.332000
2.040480,-9.309690,0.176580,-0.081000,1.984001,0.330000
2.511360,-9.486270,0.284490,-0.065000,1.875001,0.312000
2.756610,-9.447030,0.088290,-0.046000,1.692001,0.321000
2.432880,-9.182160,0.166770,-0.027000,1.493001,0.335000
2.217060,-9.152730,0.088290,-0.018000,1.366000,0.306000
2.256300,-9.476460,0.019620,-0.010000,1.251000,0.275000
2.766420,-10.280880,-0.245250,-0.036000,1.119000,0.301000
2.511360,-10.535940,-0.627840,-0.032000,0.957000,0.323000
1.589220,-10.477080,-0.451260,0.018000,0.843000,0.294000
0.833850,-10.418220,-0.078480,0.095000,0.807000,0.272000
0.931950,-10.683090,0.372780,0.157000,0.590000,0.271000
1.667700,-11.644470,-0.882900,0.171000,0.247000,0.166000
1.599030,-12.419460,-0.892710,0.391000,-0.146000,-0.090000
-0.156960,-12.909960,-1.206630,0.309000,-0.081000,-0.222000
-1.540170,-12.684330,-3.776850,0.167000,0.243000,-0.269000
-1.687320,-10.781190,-4.679370,0.133000,0.439000,-0.225000
-0.117720,-8.681850,-3.865140,0.204000,0.607000,-0.162000
0.676890,-8.573940,-3.325590,0.145000,0.681000,-0.096000
-0.186390,-9.966960,-3.099960,0.132000,0.804000,0.007000
-0.961380,-10.182780,-2.638890,0.208000,0.917000,0.177000
-1.216440,-9.466650,-2.374020,0.245000,0.953000,0.274000
-0.774990,-9.231210,-2.079720,0.279000,0.933000,0.293000
-0.156960,-9.074250,-1.706940,0.308000,0.887000,0.291000
-0.343350,-8.740710,-1.510740,0.295000,0.834000,0.283000
-0.784800,-8.593560,-1.451880,0.254000,0.831000,0.275000
-1.030050,-8.740710,-1.510740,0.198000,0.884000,0.262000
-0.804420,-8.819190,-1.422450,0.151000,0.934000,0.229000
-0.372780,-8.858430,-1.373400,0.131000,0.902000,0.199000
-0.196200,-8.779950,-1.157580,0.126000,0.845000,0.168000
-0.343350,-8.721090,-0.931950,0.131000,0.783000,0.146000
-0.461070,-8.985960,-0.608220,0.130000,0.742000,0.110000
-0.412020,-9.260640,-0.519930,0.117000,0.678000,0.077000
-0.186390,-9.358740,-0.382590,0.110000,0.606000,0.043000
-0.107910,-9.025200,-0.206010,0.088000,0.552000,-0.021000
-0.412020,-8.936910,-0.039240,0.029000,0.520000,-0.092000
-0.568980,-8.936910,-0.107910,-0.013000,0.516000,-0.123000
-0.421830,-8.858430,-0.009810,0.000000,0.527000,-0.135000
-0.745560,-8.927100,-0.245250,0.032000,0.430000,-0.108000
-1.030050,-9.093870,0.000000,0.090000,0.463000,-0.086000
-1.275300,-9.368550,-0.206010,0.091000,0.556000,-0.099000
-1.216440,-9.849240,-0.009810,0.138000,0.646000,-0.083000
-0.725940,-10.496700,0.461070,0.156000,0.633000,-0.030000
0.284490,-10.840050,0.588600,0.121000,0.538000,0.051000
0.706320,-11.664090,0.912330,0.120000,0.347000,0.131000
-0.088290,-12.909960,0.804420,0.059000,0.279000,0.218000
0.068670,-14.754240,-0.863280,0.015000,0.235000,0.441000
0.627840,-15.401700,-2.305350,-0.039000,0.138000,0.640000
0.637650,-13.439700,-4.208490,-0.060000,-0.203000,0.704000
-1.236060,-9.496080,-3.570840,0.086000,-0.410000,0.606000
-3.217680,-8.014770,-2.893950,0.038000,-0.206000,0.382000
-2.324970,-9.113490,-2.854710,-0.022000,0.106000,0.241000
-0.814230,-9.888480,-3.041100,-0.056000,0.075000,0.254000
1.265490,-10.163160,-2.874330,-0.096000,-0.023000,0.214000
0.755370,-9.397980,-2.266110,-0.012000,-0.185000,0.096000
-1.236060,-9.064440,-1.716750,0.083000,-0.250000,-0.110000
-1.589220,-8.946720,-1.236060,0.120000,-0.199000,-0.217000
-0.941760,-8.475840,-1.069290,0.119000,-0.144000,-0.235000
0.029430,-8.309070,-1.020240,0.101000,-0.139000,-0.211000
0.725940,-8.299260,-0.912330,0.072000,-0.199000,-0.185000
0.706320,-8.456220,-0.774990,0.043000,-0.269000,-0.173000
0.431640,-8.485650,-0.794610,0.021000,-0.331000,-0.128000
-0.019620,-8.348310,-0.706320,0.013000,-0.384000,-0.073000
-0.343350,-8.407170,-0.343350,0.019000,-0.414000,-0.032000
-0.215820,-8.701470,-0.078480,0.012000,-0.407000,-0.005000
-0.382590,-8.829000,0.078480,0.031000,-0.406000,0.009000
-0.755370,-8.838810,0.372780,0.051000,-0.357000,0.034000
-0.843660,-8.887860,0.725940,0.051000,-0.266000,0.067000
-0.529740,-9.113490,0.951570,0.051000,-0.176000,0.075000
-0.225630,-9.241020,0.853470,0.025000,-0.149000,0.069000
-0.049050,-9.172350,0.568980,-0.010000,-0.179000,0.071000
0.137340,-9.437220,0.284490,-0.055000,-0.186000,0.037000
0.088290,-10.222020,-0.255060,-0.084000,-0.167000,-0.044000
-0.166770,-10.859670,-0.912330,-0.196000,-0.062000,-0.116000
-0.362970,-11.085300,0.206010,-0.102000,-0.036000,-0.071000
-0.402210,-10.977390,1.491120,-0.070000,-0.289000,-0.013000
-0.176580,-11.928960,1.638270,0.065000,-0.554000,-0.211000
-1.716750,-14.116590,1.373400,0.223000,-0.194000,-0.632000
-1.304730,-14.008680,-0.294300,0.309000,-0.001000,-0.749000
-2.874330,-12.939390,-4.502790,-0.104000,-0.053000,-0.804000
-0.706320,-9.976770,-4.875570,0.144000,0.143000,-0.837000
1.481310,-8.407170,-5.493600,0.070000,0.176000,-0.635000
2.285730,-9.201780,-3.521790,0.074000,0.068000,-0.418000
1.236060,-10.643850,-3.021480,0.002000,-0.013000,-0.259000
-0.765180,-10.997010,-2.256300,0.056000,0.033000,-0.069000
-1.216440,-10.486890,-1.628460,0.121000,0.099000,0.148000
-0.902520,-9.731520,-1.206630,0.138000,0.145000,0.276000
-0.274680,-8.505270,-0.578790,0.177000,0.110000,0.283000
-0.637650,-7.955910,-0.323730,0.197000,0.078000,0.168000
-1.432260,-8.054010,-0.147150,0.188000,0.114000,0.062000
-1.677510,-8.367930,-0.196200,0.131000,0.235000,0.028000
-1.657890,-8.358120,-0.461070,0.089000,0.390000,0.012000

