-.-.-
-0.039240,-5.061960,-8.554320,-0.062000,0.020000,-0.031000
0.019620,-5.199300,-8.770140,-0.082000,-0.008000,-0.022000
-0.039240,-5.189490,-8.799570,-0.103000,-0.018000,-0.018000
-0.039240,-5.277780,-8.829000,-0.118000,-0.026000,-0.017000
-0.107910,-5.307210,-8.956530,-0.139000,-0.017000,-0.011000
-0.333540,-5.169870,-8.887860,-0.146000,-0.015000,0.000000
-0.294300,-5.081580,-8.799570,-0.141000,-0.016000,0.009000
-0.176580,-5.003100,-8.730900,-0.140000,-0.023000,0.017000
-0.166770,-4.905000,-8.642610,-0.138000,-0.015000,0.017000
-0.392400,-4.806900,-8.603370,-0.128000,0.016000,0.006000
-0.245250,-4.659750,-8.534700,-0.116000,0.021000,0.003000
0.029430,-4.640130,-8.377740,-0.098000,0.016000,0.002000
-0.029430,-4.600890,-8.358120,-0.084000,0.016000,0.003000
-0.196200,-4.591080,-8.299260,-0.071000,0.036000,0.000000
-0.117720,-4.561650,-8.250210,-0.059000,0.037000,-0.001000
0.039240,-4.483170,-8.309070,-0.049000,0.024000,0.000000
0.137340,-4.581270,-8.348310,-0.032000,0.001000,0.005000
0.029430,-4.610700,-8.328690,-0.023000,0.017000,0.006000
-0.166770,-4.581270,-8.328690,-0.013000,0.033000,0.004000
-0.176580,-4.630320,-8.426790,-0.003000,0.046000,-0.001000
0.098100,-4.728420,-8.446410,-0.003000,0.029000,-0.001000
0.196200,-4.767660,-8.475840,-0.011000,0.007000,-0.001000
0.098100,-4.718610,-8.475840,-0.019000,0.000000,-0.002000
0.000000,-4.738230,-8.524890,-0.025000,0.001000,-0.002000
-0.107910,-4.806900,-8.593560,-0.030000,0.006000,-0.007000
-0.078480,-4.826520,-8.652420,-0.033000,0.015000,-0.017000
0.068670,-4.777470,-8.711280,-0.032000,0.011000,-0.019000
0.107910,-4.787280,-8.681850,-0.030000,0.000000,-0.012000
-0.009810,-4.787280,-8.672040,-0.029000,0.000000,-0.007000
-0.009810,-4.728420,-8.583750,-0.032000,0.003000,-0.017000
0.049050,-4.767660,-8.632800,-0.036000,0.020000,-0.031000
0.147150,-4.777470,-8.564130,-0.047000,0.019000,-0.035000
0.196200,-4.728420,-8.583750,-0.056000,0.014000,-0.033000
0.098100,-4.620510,-8.544510,-0.061000,0.006000,-0.034000
0.500310,-4.179060,-8.564130,-0.110000,0.004000,-0.050000
0.098100,-4.659750,-8.426790,-0.063000,0.007000,-0.038000
0.137340,-4.708800,-8.466030,-0.068000,0.015000,-0.042000
0.255060,-4.551840,-8.534700,-0.070000,0.006000,-0.040000
0.362970,-4.571460,-8.554320,-0.053000,-0.017000,-0.033000
0.166770,-4.512600,-8.446410,-0.037000,-0.028000,-0.021000
0.049050,-4.424310,-8.397360,-0.023000,-0.026000,-0.019000
0.039240,-4.365450,-8.416980,-0.006000,-0.020000,-0.023000
0.166770,-4.443930,-8.475840,0.002000,-0.027000,-0.026000
0.176580,-4.571460,-8.515080,0.009000,-0.029000,-0.024000
0.029430,-4.512600,-8.622990,0.012000,-0.023000,-0.018000
0.009810,-4.542030,-8.691660,0.022000,-0.012000,-0.012000
0.107910,-4.610700,-8.622990,0.029000,-0.009000,-0.008000
0.186390,-4.571460,-8.622990,0.033000,-0.015000,-0.006000
0.156960,-4.679370,-8.691660,0.033000,-0.017000,-0.004000
0.000000,-4.777470,-8.672040,0.032000,-0.004000,-0.006000
0.019620,-4.767660,-8.672040,0.032000,0.003000,-0.003000
0.098100,-4.757850,-8.681850,0.030000,0.003000,0.004000
0.098100,-4.816710,-8.613180,0.021000,-0.001000,0.015000
0.235440,-4.777470,-8.524890,0.008000,-0.009000,0.018000
0.176580,-4.728420,-8.407170,0.003000,-0.019000,0.023000
-0.088290,-4.728420,-8.377740,-0.001000,0.009000,0.020000
-0.039240,-4.728420,-8.377740,-0.005000,0.043000,0.014000
0.362970,-4.777470,-8.436600,-0.006000,0.040000,0.026000
0.627840,-4.787280,-8.534700,0.000000,-0.016000,0.059000
0.480690,-4.728420,-8.564130,0.015000,-0.071000,0.089000
0.039240,-4.620510,-8.495460,0.027000,-0.099000,0.104000
-0.362970,-4.679370,-8.946720,0.035000,-0.100000,0.091000
-0.284490,-4.826520,-8.956530,0.061000,-0.045000,0.060000
-0.313920,-4.895190,-8.897670,0.075000,-0.020000,0.038000
-0.274680,-4.816710,-8.936910,0.076000,-0.002000,0.020000
-0.382590,-4.993290,-8.613180,-0.002000,0.077000,0.002000
-0.500310,-5.415120,-10.133730,-0.012000,0.124000,0.006000
-0.225630,-5.640750,-10.290690,0.009000,0.134000,0.017000
0.156960,-5.758470,-10.094490,0.020000,0.099000,0.045000
0.147150,-5.581890,-9.702090,0.011000,0.081000,0.082000
-0.255060,-5.424930,-9.780570,0.003000,0.120000,0.094000
-0.402210,-5.395500,-10.182780,0.021000,0.187000,0.076000
-0.206010,-5.523030,-10.074870,0.075000,0.213000,0.080000
0.009810,-5.356260,-10.133730,0.121000,0.245000,0.105000
0.156960,-5.277780,-9.927720,0.187000,0.237000,0.125000
0.088290,-5.209110,-9.810000,0.253000,0.249000,0.158000
0.049050,-5.199300,-9.711900,0.349000,0.282000,0.172000
0.147150,-5.169870,-9.554940,0.460000,0.277000,0.185000
0.284490,-5.130630,-9.133110,0.564000,0.270000,0.206000
0.470880,-5.111010,-8.819190,0.670000,0.293000,0.207000
0.343350,-4.905000,-8.534700,0.814000,0.291000,0.207000
0.196200,-5.061960,-8.083440,0.984000,0.273000,0.205000
0.284490,-5.356260,-7.916670,1.123000,0.296000,0.195000
0.451260,-5.689800,-7.367310,1.218000,0.332000,0.174000
0.568980,-6.082200,-6.955290,1.302000,0.360000,0.167000
0.549360,-6.288210,-6.602130,1.382000,0.357000,0.184000
0.647460,-6.366690,-6.190110,1.425001,0.338000,0.189000
0.568980,-6.484410,-5.797710,1.468001,0.316000,0.189000
0.676890,-6.641370,-5.297400,1.483001,0.331000,0.190000
0.686700,-6.837570,-4.993290,1.469001,0.343000,0.218000
0.539550,-6.925860,-4.640130,1.471001,0.325000,0.220000
0.490500,-7.180920,-4.581270,1.468001,0.320000,0.229000
0.519930,-7.553700,-4.208490,1.465001,0.313000,0.228000
0.755370,-7.573320,-4.257540,1.411001,0.300000,0.249000
0.824040,-7.936290,-3.894570,1.426001,0.292000,0.268000
0.637650,-7.897050,-3.747420,1.419001,0.251000,0.291000
0.824040,-8.328690,-3.825900,1.418001,0.248000,0.255000
0.843660,-8.691660,-3.561030,1.386000,0.195000,0.283000
0.912330,-8.760330,-3.894570,1.401001,0.168000,0.262000
0.853470,-8.691660,-3.492360,1.371000,0.120000,0.260000
0.372780,-8.318880,-3.099960,1.332000,0.098000,0.239000
0.627840,-8.681850,-2.864520,1.291000,0.109000,0.216000
0.784800,-8.966340,-3.139200,1.252000,0.072000,0.209000
0.882900,-8.936910,-2.717370,1.243000,0.057000,0.227000
0.313920,-8.907480,-2.658510,1.196000,-0.020000,0.220000
0.215820,-8.995770,-2.648700,1.138000,0.049000,0.179000
0.402210,-9.231210,-2.393640,1.104000,0.100000,0.147000
0.500310,-9.250830,-2.295540,1.087000,0.146000,0.171000
0.147150,-9.152730,-2.118960,1.051000,0.104000,0.211000
0.088290,-9.054630,-2.334780,0.998000,0.114000,0.177000
0.304110,-9.241020,-1.569600,0.940000,0.151000,0.128000
0.559170,-9.358740,-1.883520,0.884000,0.121000,0.117000
0.676890,-9.662850,-1.863900,0.849000,0.120000,0.149000
0.372780,-9.751140,-2.246490,0.763000,0.077000,0.175000
0.176580,-9.515700,-1.304730,0.782000,0.007000,0.181000
0.284490,-9.525510,-1.491120,0.675000,-0.058000,0.153000
0.568980,-9.545130,-1.432260,0.673000,-0.093000,0.109000
0.166770,-10.369170,-1.255680,0.665000,-0.108000,0.122000
-0.049050,-9.780570,-1.255680,0.604000,-0.128000,0.120000
0.009810,-9.986580,-1.010430,0.524000,-0.096000,0.142000
-0.186390,-9.917910,-0.981000,0.378000,-0.102000,0.145000
-0.343350,-9.819810,-1.108530,0.425000,-0.093000,0.130000
-0.382590,-9.692280,-0.519930,0.405000,-0.065000,0.124000
-0.206010,-9.476460,-0.784800,0.382000,-0.082000,0.114000
0.176580,-9.613800,-0.873090,0.321000,-0.139000,0.077000
0.451260,-9.643230,-0.833850,0.332000,-0.175000,0.023000
0.206010,-9.986580,-0.725940,0.324000,-0.223000,0.006000
0.039240,-10.114110,-0.853470,0.312000,-0.267000,0.026000

