-.-.-
-0.529740,-9.780570,1.373400,0.000000,0.006000,-0.022000
-0.500310,-9.819810,1.383210,0.001000,0.016000,-0.021000
-0.510120,-9.888480,1.383210,0.004000,0.008000,-0.020000
-0.519930,-9.800190,1.432260,0.000000,-0.009000,-0.011000
-0.539550,-9.731520,1.442070,0.001000,-0.010000,-0.011000
-0.559170,-9.780570,1.393020,0.000000,-0.006000,-0.014000
-0.549360,-9.810000,1.353780,-0.011000,-0.003000,-0.013000
-0.539550,-9.829620,1.334160,-0.019000,-0.010000,-0.011000
-0.539550,-9.790380,1.314540,-0.015000,-0.008000,-0.015000
-0.568980,-9.790380,1.304730,-0.015000,-0.006000,-0.016000
-0.608220,-9.810000,1.314540,-0.013000,-0.003000,-0.015000
-0.598410,-9.810000,1.314540,-0.012000,-0.002000,-0.014000
-0.568980,-9.800190,1.285110,-0.015000,0.009000,-0.017000
-0.549360,-9.770760,1.294920,-0.012000,0.015000,-0.020000
-0.529740,-9.790380,1.294920,-0.011000,0.014000,-0.019000
-0.539550,-9.790380,1.294920,-0.020000,0.010000,-0.014000
-0.539550,-9.819810,1.314540,-0.027000,0.013000,-0.012000
-0.559170,-9.800190,1.314540,-0.036000,0.010000,-0.013000
-0.549360,-9.790380,1.304730,-0.034000,0.011000,-0.011000
-0.529740,-9.819810,1.314540,-0.033000,0.010000,-0.009000
-0.510120,-9.839430,1.334160,-0.041000,0.008000,-0.005000
-0.529740,-9.829620,1.314540,-0.043000,0.008000,-0.005000
-0.519930,-9.829620,1.314540,-0.040000,0.008000,-0.009000
-0.480690,-9.800190,1.324350,-0.035000,-0.001000,-0.008000
-0.490500,-9.770760,1.304730,-0.031000,-0.015000,-0.004000
-0.519930,-9.770760,1.294920,-0.031000,-0.013000,-0.006000
-0.568980,-9.790380,1.314540,-0.032000,-0.009000,-0.007000
-0.568980,-9.800190,1.285110,-0.035000,-0.001000,-0.006000
-0.549360,-9.751140,1.275300,-0.025000,0.007000,-0.006000
-0.549360,-9.731520,1.255680,-0.013000,0.012000,-0.005000
-0.539550,-9.780570,1.245870,-0.012000,0.010000,-0.006000
-0.529740,-9.790380,1.255680,-0.012000,-0.006000,-0.004000
-0.549360,-9.790380,1.265490,-0.017000,0.000000,-0.002000
-0.588600,-9.839430,1.265490,-0.012000,0.015000,-0.005000
-0.568980,-9.819810,1.265490,0.002000,0.006000,-0.001000
-0.549360,-9.770760,1.304730,0.003000,0.005000,0.001000
-0.549360,-9.751140,1.294920,0.004000,0.019000,0.000000
-0.539550,-9.800190,1.255680,0.000000,0.025000,-0.002000
-0.519930,-9.810000,1.216440,-0.005000,0.017000,0.001000
-0.510120,-9.810000,1.196820,-0.002000,0.008000,0.001000
-0.519930,-9.810000,1.187010,-0.003000,0.000000,0.000000
-0.549360,-9.819810,1.187010,-0.006000,0.001000,-0.003000
-0.559170,-9.829620,1.196820,-0.004000,-0.002000,-0.003000
-0.568980,-9.810000,1.226250,-0.002000,-0.002000,-0.003000
-0.559170,-9.819810,1.236060,-0.002000,0.012000,-0.004000
-0.559170,-9.819810,1.245870,-0.004000,0.017000,-0.005000
-0.539550,-9.800190,1.236060,-0.009000,0.013000,-0.004000
-0.519930,-9.800190,1.226250,-0.010000,0.011000,-0.003000
-0.510120,-9.810000,1.226250,-0.015000,0.003000,-0.005000
-0.519930,-9.800190,1.216440,-0.014000,0.003000,-0.005000
-0.539550,-9.800190,1.226250,-0.012000,0.001000,-0.006000
-0.559170,-9.810000,1.226250,-0.014000,-0.002000,-0.004000
-0.549360,-9.829620,1.226250,-0.019000,-0.002000,-0.002000
-0.539550,-9.800190,1.216440,-0.019000,0.003000,-0.003000
-0.529740,-9.780570,1.216440,-0.016000,0.000000,-0.005000
-0.539550,-9.770760,1.216440,-0.015000,-0.008000,-0.004000
-0.559170,-9.770760,1.216440,-0.015000,-0.007000,-0.002000
-0.588600,-9.770760,1.245870,-0.017000,0.001000,-0.003000
-0.657270,-9.741330,1.402830,-0.008000,0.033000,0.000000
-0.686700,-9.672660,1.451880,0.001000,0.099000,0.011000
-0.774990,-9.574560,1.559790,-0.012000,0.157000,0.026000
-0.774990,-9.692280,1.638270,-0.032000,0.202000,0.072000
-0.608220,-9.780570,1.236060,-0.143000,0.098000,0.129000
-0.774990,-9.741330,0.951570,-0.239000,-0.031000,0.160000
-1.187010,-9.358740,0.853470,-0.185000,-0.103000,0.108000
-1.736370,-9.280260,1.334160,-0.080000,-0.138000,-0.006000
-2.011050,-9.505890,1.942380,0.021000,-0.010000,-0.072000
-1.775610,-9.653040,1.873710,0.045000,0.084000,-0.095000
-1.187010,-9.682470,1.706940,0.013000,0.105000,-0.108000
-0.863280,-9.505890,1.569600,0.047000,0.085000,-0.129000
-0.402210,-9.329310,1.343970,0.096000,0.050000,-0.168000
-0.098100,-9.505890,1.373400,0.155000,0.008000,-0.204000
-0.147150,-9.849240,1.491120,0.174000,-0.033000,-0.229000
-0.225630,-9.878670,1.520550,0.136000,0.037000,-0.241000
-0.098100,-9.672660,1.402830,0.069000,0.205000,-0.221000
-0.068670,-9.476460,1.226250,-0.059000,0.410000,-0.142000
-0.765180,-9.947340,1.059480,-0.252000,0.441000,-0.047000
-1.569600,-10.898910,1.324350,-0.401000,0.443000,-0.011000
-1.657890,-11.575800,1.903140,-0.466000,0.552000,-0.084000
-1.363590,-11.497320,2.197440,-0.408000,0.672000,-0.242000
-0.618030,-11.026440,2.786040,-0.264000,0.688000,-0.350000
-0.294300,-10.751760,3.080340,-0.294000,0.580000,-0.392000
-0.313920,-10.594800,2.884140,-0.376000,0.523000,-0.368000
-0.078480,-10.418220,2.530980,-0.467000,0.614000,-0.375000
0.127530,-9.849240,1.981620,-0.547000,0.562000,-0.399000
0.470880,-9.339120,1.324350,-0.569000,0.465000,-0.407000
0.500310,-9.142920,1.216440,-0.568000,0.343000,-0.397000
0.431640,-8.672040,1.030050,-0.538000,0.166000,-0.372000
0.470880,-8.515080,1.226250,-0.468000,-0.006000,-0.338000
0.647460,-8.613180,1.687320,-0.406000,-0.097000,-0.309000
0.765180,-8.662230,1.579410,-0.320000,-0.158000,-0.246000
0.863280,-8.917290,1.648080,-0.271000,-0.214000,-0.167000
0.549360,-8.927100,1.814850,-0.207000,-0.316000,-0.082000
0.451260,-8.966340,1.844280,-0.143000,-0.393000,-0.018000
0.343350,-9.505890,1.746180,-0.111000,-0.466000,0.014000
0.206010,-10.133730,1.952190,-0.076000,-0.566000,0.054000
0.382590,-10.751760,2.197440,-0.078000,-0.643000,0.103000
1.069290,-11.742570,2.177820,-0.057000,-0.708000,0.097000
1.697130,-12.645090,2.236680,-0.042000,-0.817000,0.036000
1.981620,-12.978630,2.560410,0.076000,-0.933000,-0.012000
1.442070,-14.146020,1.167390,0.207000,-0.995000,-0.080000
0.431640,-15.509610,0.166770,0.091000,-0.201000,-0.255000
-2.982240,-14.293170,0.196200,0.129000,-0.418000,-0.131000
-0.931950,-11.163780,1.020240,0.603000,-0.830000,0.218000
2.207250,-12.272310,0.568980,0.367000,-0.871000,0.311000
3.158820,-14.430510,-1.285110,0.343000,-0.750000,0.289000
1.540170,-12.439080,-3.041100,0.251000,-0.537000,0.242000
-0.313920,-10.251450,-3.708180,0.092000,-0.469000,0.185000
-1.500930,-8.838810,-3.158820,-0.090000,-0.403000,0.144000
-1.922760,-8.348310,-2.452500,-0.161000,-0.257000,0.134000
-1.471500,-8.838810,-1.736370,-0.133000,-0.064000,0.170000
-0.863280,-9.211590,-1.030050,-0.102000,0.118000,0.226000
-0.667080,-9.290070,-0.755370,-0.086000,0.252000,0.310000
-0.706320,-8.799570,-0.608220,-0.082000,0.302000,0.391000
-0.765180,-8.171730,-0.706320,-0.087000,0.314000,0.409000
-0.824040,-7.720470,-0.696510,-0.125000,0.310000,0.389000
-0.735750,-7.445790,-0.382590,-0.163000,0.272000,0.350000
-0.618030,-7.249590,-0.382590,-0.217000,0.204000,0.321000
-0.588600,-7.269210,-0.245250,-0.268000,0.126000,0.318000
-0.608220,-7.455600,0.000000,-0.310000,0.067000,0.339000
-0.735750,-7.651800,-0.107910,-0.309000,-0.039000,0.375000
-0.774990,-8.289450,-0.186390,-0.373000,-0.115000,0.418000
-0.941760,-8.740710,-0.137340,-0.365000,-0.185000,0.423000
-1.196820,-9.142920,-0.206010,-0.359000,-0.291000,0.396000
-1.422450,-9.270450,-0.068670,-0.332000,-0.355000,0.348000
-1.638270,-9.525510,-0.107910,-0.294000,-0.288000,0.257000
-1.942380,-9.810000,0.039240,-0.175000,-0.188000,0.132000
-2.491740,-9.976770,0.441450,0.012000,-0.041000,-0.026000

