-.-.-
1.353780,-8.112870,-4.748040,-0.105000,-0.092000,0.102000
0.421830,-6.768900,-4.385070,-0.028000,-0.386000,0.326000
1.854090,-6.101820,-4.571460,-0.092000,-0.743000,0.585000
2.746800,-8.583750,-4.483170,-0.075000,-0.892000,0.573000
1.451880,-11.242260,-3.472740,-0.003000,-0.837000,0.341000
-0.824040,-10.271070,-2.884140,0.055000,-0.791000,0.136000
-1.481310,-9.525510,-2.678130,0.067000,-0.725000,0.093000
-1.657890,-9.829620,-2.413260,0.093000,-0.637000,0.169000
-1.147770,-10.045440,-1.706940,0.123000,-0.562000,0.387000
-0.500310,-9.515700,-1.530360,0.092000,-0.546000,0.578000
-0.304110,-8.789760,-1.677510,0.036000,-0.589000,0.644000
-0.451260,-7.818570,-1.618650,0.022000,-0.606000,0.604000
-0.696510,-6.847380,-1.314540,0.007000,-0.565000,0.467000
-1.049670,-6.543270,-1.118340,-0.032000,-0.483000,0.336000
-1.451880,-6.464790,-1.255680,-0.098000,-0.419000,0.230000
-1.736370,-6.396120,-1.540170,-0.109000,-0.332000,0.143000
-2.148390,-6.376500,-1.187010,-0.080000,-0.251000,0.113000
-1.942380,-7.151490,-0.470880,-0.126000,-0.140000,0.173000
-1.383210,-8.681850,-0.794610,-0.198000,-0.080000,0.278000
-0.833850,-10.486890,-0.794610,-0.223000,-0.048000,0.314000
-0.981000,-11.516940,-0.824040,-0.215000,-0.081000,0.287000
-1.412640,-12.654900,-0.637650,-0.168000,-0.072000,0.176000
-1.844280,-13.567230,-0.686700,-0.072000,-0.054000,0.086000
-2.472120,-14.047920,-0.343350,0.102000,-0.022000,0.113000
-3.296160,-13.125780,0.421830,0.232000,0.132000,0.142000
-3.963240,-12.576420,0.353160,0.261000,0.434000,0.108000
-4.551840,-13.998870,-4.149630,-0.025000,0.730000,0.138000
-2.501550,-11.811240,-6.092010,-0.148000,1.116000,0.024000
1.393020,-8.122680,-4.561650,-0.022000,1.078000,0.129000
1.706940,-4.296780,-1.971810,0.142000,1.459001,-0.147000
-1.108530,-7.789140,-2.795850,0.109000,1.785001,-0.343000
-2.678130,-12.674520,-3.178440,0.017000,1.767001,-0.228000
-0.824040,-11.144160,-3.060720,0.010000,1.689001,-0.127000
0.608220,-9.653040,-2.923380,0.088000,1.678001,0.048000
1.765800,-8.701470,-2.275920,0.142000,1.658001,0.056000
1.412640,-8.613180,-1.912950,0.092000,1.624001,-0.116000
0.755370,-9.064440,-1.795230,-0.011000,1.654001,-0.267000
0.480690,-8.622990,-1.883520,-0.098000,1.721001,-0.310000
0.598410,-8.024580,-1.765800,-0.175000,1.706001,-0.282000
1.187010,-7.612560,-1.726560,-0.214000,1.609001,-0.203000
1.667700,-7.592940,-1.579410,-0.242000,1.545001,-0.137000
1.383210,-7.622370,-1.422450,-0.219000,1.538001,-0.088000
1.128150,-7.534080,-1.373400,-0.216000,1.575001,-0.047000
1.088910,-7.838190,-1.304730,-0.223000,1.616001,-0.038000
1.451880,-8.318880,-1.128150,-0.122000,1.627001,-0.136000
1.854090,-8.779950,-0.892710,-0.072000,1.570001,-0.233000
2.099340,-9.005580,-0.755370,-0.042000,1.459001,-0.166000
2.207250,-9.201780,-0.559170,-0.002000,1.321000,0.003000
2.236680,-9.368550,-0.215820,-0.026000,1.124000,0.195000
2.570220,-10.035630,-0.676890,-0.085000,0.984000,0.301000
1.893330,-10.889100,-0.882900,-0.031000,0.866000,0.347000
1.549980,-11.193210,-1.039860,-0.031000,0.749000,0.419000
2.383830,-11.536560,-1.147770,-0.040000,0.545000,0.540000
3.041100,-11.997630,-2.128770,-0.007000,0.387000,0.656000
2.118960,-13.694760,-4.522410,0.133000,0.424000,0.551000
1.265490,-12.429270,-5.209110,0.115000,0.632000,0.343000
1.736370,-9.466650,-3.786660,0.130000,0.699000,0.215000
3.276540,-7.259400,-2.825280,0.160000,0.352000,0.442000
3.217680,-7.828380,-3.335400,0.046000,0.338000,0.598000
1.128150,-9.515700,-3.610080,0.038000,0.617000,0.499000
-1.216440,-9.437220,-3.286350,0.133000,0.811000,0.420000
-1.667700,-8.985960,-2.962620,0.110000,1.036000,0.411000
-1.353780,-8.603370,-2.638890,0.076000,1.280000,0.446000
-0.784800,-9.250830,-2.678130,-0.001000,1.440001,0.543000
0.088290,-10.222020,-2.570220,0.006000,1.501001,0.702000
0.402210,-9.731520,-2.266110,0.077000,1.550001,0.751000
0.049050,-9.123300,-2.079720,0.096000,1.652001,0.709000
-0.402210,-8.524890,-1.932570,0.111000,1.784001,0.631000
-0.873090,-8.073630,-1.667700,0.109000,1.947001,0.597000
-1.098720,-7.975530,-1.491120,0.068000,2.138001,0.563000
-1.177200,-8.083440,-1.491120,-0.002000,2.340001,0.573000
-0.804420,-8.407170,-1.353780,-0.057000,2.517001,0.638000
-0.068670,-8.358120,-1.196820,-0.065000,2.664001,0.730000
0.147150,-8.299260,-1.020240,-0.069000,2.773001,0.765000
0.088290,-8.976150,-1.000620,-0.177000,2.899001,0.730000
0.029430,-9.564750,-1.245870,-0.255000,3.019001,0.659000
0.431640,-9.447030,-1.834470,-0.248000,3.124001,0.565000
0.519930,-9.054630,-2.187630,-0.176000,3.166001,0.510000
0.117720,-8.760330,-2.020860,-0.095000,3.236001,0.461000
-0.284490,-8.161920,-2.158200,-0.004000,3.362001,0.407000
-0.147150,-7.897050,-1.834470,0.006000,3.542001,0.341000
0.225630,-8.976150,-1.706940,-0.074000,3.728001,0.335000
0.382590,-9.496080,-1.147770,-0.042000,3.889001,0.375000
-0.382590,-7.965720,-0.735750,0.105000,3.974001,0.485000
0.402210,-6.896430,0.264870,0.015000,3.810001,0.591000
1.559790,-7.435980,-0.304110,-0.245000,3.232001,0.766000
4.679370,-10.486890,-0.912330,-0.671000,2.630001,0.974000
7.916670,-15.745050,-0.519930,-0.467000,2.212001,0.974000
0.362970,-12.949200,-0.578790,0.587000,2.198001,0.837000
-5.042340,-10.261260,0.657270,0.818000,2.340001,0.354000
-3.737610,-9.898290,1.177200,0.523000,2.501001,0.154000
1.128150,-11.634660,1.540170,0.235000,2.575001,0.373000
3.629700,-11.271690,1.049670,0.169000,2.533001,0.480000
3.561030,-10.477080,0.657270,0.328000,2.303001,0.352000
2.452500,-9.711900,0.382590,0.329000,2.016001,0.177000
2.687940,-8.907480,-0.166770,0.262000,1.751001,0.119000
3.394260,-7.975530,-0.421830,0.240000,1.418001,0.095000
3.600270,-7.828380,-0.264870,0.238000,1.122000,0.047000
2.697750,-8.436600,0.255060,0.233000,0.899000,0.034000
1.599030,-9.054630,0.245250,0.204000,0.797000,0.113000
0.882900,-8.887860,0.294300,0.244000,0.765000,0.213000
0.716130,-8.868240,0.519930,0.330000,0.781000,0.274000
1.108530,-9.172350,0.549360,0.326000,0.768000,0.344000
1.569600,-9.015390,0.647460,0.307000,0.731000,0.394000
1.716750,-8.564130,0.824040,0.316000,0.772000,0.386000
1.442070,-8.407170,0.902520,0.227000,0.804000,0.409000
1.324350,-7.798950,0.549360,0.196000,0.647000,0.425000
1.736370,-7.043580,0.696510,0.265000,0.500000,0.411000
1.991430,-6.680610,0.804420,0.356000,0.401000,0.374000
1.471500,-6.533460,0.804420,0.392000,0.309000,0.356000
0.981000,-6.994530,0.853470,0.395000,0.167000,0.355000
1.471500,-7.946100,0.833850,0.360000,0.026000,0.343000
1.755990,-8.456220,1.412640,0.421000,0.092000,0.202000
1.393020,-9.015390,1.657890,0.521000,0.221000,0.060000
0.382590,-10.016010,1.657890,0.680000,0.379000,-0.040000
-1.393020,-11.330550,0.882900,0.710000,0.807000,-0.141000
-1.805040,-11.006820,-0.971190,0.717000,0.908000,-0.197000
0.304110,-11.163780,-2.413260,0.264000,0.992000,-0.269000
1.393020,-12.056490,-4.698990,-0.163000,1.029000,-0.475000
0.019620,-12.223260,-7.465410,-0.307000,0.765000,-0.486000
-6.356880,-16.667190,-4.826520,-0.239000,0.868000,-0.729000
-2.736990,-15.627330,-0.853470,0.495000,0.678000,-0.485000
3.904380,-14.479560,1.128150,0.103000,0.487000,0.025000
2.040480,-16.883010,1.863900,-0.189000,0.468000,0.119000
-1.334160,-16.667190,0.824040,-0.202000,0.314000,0.144000
-2.177820,-14.293170,0.412020,-0.221000,0.292000,0.185000
-1.471500,-13.008060,0.480690,-0.067000,0.336000,0.321000
-0.519930,-10.437840,0.961380,0.044000,0.456000,0.470000

