-.-.-
-0.127530,-9.868860,0.304110,-0.035000,-0.036000,0.002000
-0.078480,-9.878670,0.235440,-0.038000,-0.049000,-0.004000
-0.166770,-9.908100,0.235440,-0.030000,-0.039000,-0.001000
-0.186390,-9.849240,0.284490,-0.015000,-0.024000,0.007000
-0.156960,-9.868860,0.313920,-0.006000,-0.028000,0.011000
-0.186390,-9.937530,0.294300,-0.013000,-0.029000,0.005000
-0.206010,-9.927720,0.284490,-0.016000,-0.017000,0.000000
-0.196200,-9.878670,0.284490,-0.013000,-0.006000,0.000000
-0.117720,-9.937530,0.313920,-0.003000,0.000000,-0.002000
-0.147150,-9.888480,0.304110,0.005000,0.009000,-0.005000
-0.215820,-9.859050,0.304110,0.004000,-0.003000,-0.004000
-0.264870,-9.859050,0.304110,0.000000,0.009000,-0.004000
-0.225630,-9.878670,0.294300,0.001000,0.019000,-0.008000
-0.176580,-9.878670,0.255060,0.001000,0.012000,-0.010000
-0.127530,-9.966960,0.264870,0.000000,0.006000,-0.011000
-0.098100,-9.966960,0.215820,-0.004000,0.000000,-0.014000
-0.196200,-9.829620,0.166770,-0.010000,-0.002000,-0.016000
-0.264870,-9.819810,0.176580,0.000000,0.015000,-0.014000
-0.284490,-9.898290,0.156960,0.000000,0.029000,-0.011000
-0.196200,-9.966960,0.137340,0.000000,0.047000,-0.012000
-0.245250,-10.074870,0.039240,-0.008000,0.013000,-0.013000
-0.255060,-9.957150,0.049050,-0.019000,0.028000,-0.028000
-0.235440,-9.800190,0.019620,-0.031000,0.043000,-0.029000
-0.166770,-9.839430,-0.078480,-0.049000,0.062000,-0.031000
-0.225630,-9.927720,-0.088290,-0.050000,0.087000,-0.031000
-0.245250,-9.937530,-0.058860,-0.052000,0.092000,-0.015000
-0.147150,-9.859050,0.107910,-0.040000,0.101000,-0.011000
-0.078480,-9.790380,0.147150,-0.022000,0.088000,-0.021000
-0.019620,-9.780570,0.156960,-0.020000,0.071000,-0.031000
-0.068670,-9.937530,-0.039240,-0.043000,0.053000,-0.031000
-0.215820,-10.035630,-0.186390,-0.066000,0.042000,-0.016000
-0.156960,-10.251450,-0.333540,-0.070000,0.054000,0.000000
-0.156960,-10.202400,-0.294300,-0.063000,0.016000,0.018000
-0.049050,-9.800190,-0.294300,-0.044000,-0.011000,-0.014000
0.039240,-9.662850,-0.382590,-0.041000,-0.011000,-0.047000
0.000000,-9.760950,-0.490500,-0.060000,-0.008000,-0.050000
0.039240,-10.074870,-0.735750,-0.097000,0.007000,-0.038000
0.000000,-10.555560,-1.069290,-0.164000,-0.001000,-0.018000
-0.009810,-10.741950,-1.236060,-0.244000,-0.065000,-0.014000
-0.156960,-10.271070,-1.187010,-0.320000,-0.140000,-0.043000
-0.196200,-9.966960,-1.285110,-0.426000,-0.189000,-0.077000
-0.206010,-10.055250,-1.608840,-0.601000,-0.141000,-0.101000
-0.274680,-10.133730,-1.638270,-0.760000,-0.134000,-0.130000
-0.304110,-9.653040,-1.677510,-0.903000,-0.073000,-0.190000
-0.156960,-8.887860,-1.697130,-1.000000,-0.024000,-0.218000
-0.127530,-8.672040,-1.461690,-1.121000,-0.020000,-0.211000
-0.029430,-8.426790,-1.755990,-1.284000,0.068000,-0.231000
0.196200,-8.112870,-1.893330,-1.386000,0.141000,-0.225000
0.274680,-7.867620,-1.785420,-1.523001,0.115000,-0.178000
0.127530,-7.122060,-1.451880,-1.539001,0.026000,-0.146000
-0.186390,-6.916050,-1.628460,-1.555001,0.040000,-0.155000
0.196200,-7.622370,-2.060100,-1.626001,0.120000,-0.232000
0.480690,-7.936290,-2.619270,-1.664001,0.313000,-0.277000
0.873090,-7.749900,-1.716750,-1.716001,0.364000,-0.120000
0.657270,-7.583130,-2.462310,-1.632001,0.120000,-0.014000
-0.529740,-8.534700,-2.776230,-1.629001,-0.078000,-0.065000
-0.235440,-8.387550,-3.217680,-1.468001,0.313000,-0.349000
0.931950,-7.946100,-4.228110,-1.440001,0.417000,-0.391000
1.030050,-7.151490,-3.364830,-1.333000,0.256000,-0.109000
0.696510,-7.926480,-3.825900,-1.223000,-0.040000,0.082000
0.245250,-8.730900,-5.003100,-1.162000,-0.115000,-0.014000
0.922140,-8.927100,-5.601510,-1.118000,0.052000,-0.167000
0.990810,-8.475840,-5.778090,-1.072000,0.063000,-0.166000
0.186390,-7.848000,-6.131250,-0.981000,-0.079000,-0.059000
-0.353160,-8.220780,-6.366690,-0.965000,-0.015000,-0.045000
0.706320,-8.230590,-6.494220,-0.891000,0.205000,-0.070000
1.667700,-7.877430,-6.003720,-0.874000,0.211000,-0.059000
0.402210,-6.759090,-6.288210,-0.845000,0.096000,-0.046000
-1.167390,-5.944860,-6.396120,-0.746000,0.356000,-0.158000
-0.686700,-5.042340,-7.220160,-0.558000,0.545000,-0.144000
0.794610,-5.493600,-7.073010,-0.446000,0.414000,0.025000
1.736370,-5.091390,-6.896430,-0.351000,0.258000,0.119000
1.088910,-4.316400,-6.572700,-0.208000,0.284000,-0.008000
0.578790,-4.198680,-6.327450,-0.005000,0.518000,-0.078000
0.490500,-4.561650,-6.876810,0.134000,0.504000,0.049000
0.402210,-4.973670,-7.004340,0.335000,0.504000,0.167000
0.824040,-5.542650,-7.053390,0.541000,0.590000,0.165000
2.177820,-6.415740,-7.141680,0.717000,0.627000,0.174000
3.276540,-6.445170,-6.857190,0.881000,0.368000,0.288000
3.021480,-6.543270,-6.611940,1.029000,0.098000,0.355000
1.579410,-6.621750,-5.817330,1.222000,0.018000,0.347000
0.774990,-6.945480,-5.336640,1.412001,-0.021000,0.402000
0.784800,-7.710660,-5.444550,1.560001,-0.077000,0.514000
0.686700,-8.181540,-5.267970,1.733001,-0.095000,0.597000
0.598410,-9.486270,-5.130630,1.911001,-0.073000,0.633000
0.107910,-11.615040,-4.443930,2.045001,-0.074000,0.613000
-0.137340,-12.919770,-3.708180,2.106001,-0.132000,0.595000
0.362970,-13.871340,-2.835090,2.121001,-0.172000,0.466000
0.245250,-13.429890,-1.343970,2.155001,-0.095000,0.339000
0.372780,-13.675140,-0.304110,2.162001,-0.166000,0.318000
0.392400,-13.017870,0.098100,2.045001,-0.270000,0.367000
0.235440,-11.801430,0.510120,1.880001,-0.328000,0.324000
0.637650,-10.535940,1.275300,1.705001,-0.305000,0.216000
0.519930,-10.025820,1.638270,1.543001,-0.381000,0.156000
-0.058860,-10.084680,1.010430,1.327000,-0.406000,0.047000
-0.058860,-9.947340,0.549360,1.234000,-0.364000,-0.024000
0.147150,-9.564750,-0.156960,1.144000,-0.279000,-0.040000
0.510120,-9.496080,0.264870,1.134000,-0.160000,-0.030000
0.529740,-9.515700,0.990810,1.165000,-0.186000,0.005000
0.078480,-9.741330,1.520550,1.160000,-0.319000,0.038000
-0.402210,-10.496700,1.393020,1.100000,-0.355000,0.012000
-0.755370,-10.643850,1.196820,1.064000,-0.288000,-0.036000
-0.637650,-10.133730,1.805040,1.089000,-0.172000,-0.037000
-0.853470,-10.192590,2.472120,1.111000,-0.141000,-0.028000
-1.069290,-10.692900,2.511360,1.048000,-0.051000,-0.065000
-0.568980,-10.565370,2.079720,1.031000,0.108000,-0.101000
0.421830,-10.840050,3.678750,0.307000,0.163000,-0.073000
0.804420,-8.622990,2.305350,0.118000,-0.119000,-0.010000
-0.098100,-10.683090,1.834470,0.554000,-0.239000,0.010000
-0.039240,-9.054630,0.912330,0.425000,-0.113000,-0.054000
-0.637650,-10.555560,2.001240,0.464000,-0.074000,-0.013000
-0.745560,-5.846760,2.393640,0.270000,-0.271000,0.149000
0.304110,-12.527370,2.786040,0.849000,-0.130000,0.126000
-0.215820,-9.711900,2.344590,0.871000,0.150000,0.000000
-0.235440,-9.015390,2.148390,0.720000,0.286000,-0.016000
1.187010,-11.526750,2.766420,0.306000,0.170000,0.074000
0.529740,-9.898290,2.893950,0.085000,0.118000,0.093000
-0.215820,-7.475220,3.070530,0.396000,0.273000,0.025000
0.461070,-10.702710,3.590460,-0.106000,0.261000,0.010000
0.490500,-9.397980,3.256920,0.035000,0.301000,-0.032000
1.039860,-8.907480,3.070530,0.256000,0.072000,-0.012000
0.402210,-9.976770,2.707560,0.429000,0.008000,0.013000
0.490500,-10.094490,2.736990,0.324000,-0.055000,0.036000
0.107910,-9.800190,2.305350,0.123000,-0.081000,0.027000
0.294300,-9.152730,2.687940,0.248000,-0.129000,0.072000
-0.372780,-9.515700,3.119580,0.184000,-0.199000,0.087000
-0.274680,-9.554940,3.109770,-0.014000,-0.119000,0.047000
-0.186390,-9.407790,3.050910,-0.136000,-0.113000,0.033000

