-.-.-
0.294300,-9.241020,-0.431640,0.065000,0.243000,-0.129000
-0.009810,-9.025200,-0.284490,0.097000,0.147000,-0.105000
-0.313920,-8.750520,0.000000,0.106000,0.109000,-0.064000
-0.245250,-8.760330,0.245250,0.075000,0.111000,-0.042000
-0.039240,-9.064440,0.304110,0.018000,0.096000,-0.030000
0.009810,-9.191970,0.206010,-0.049000,0.041000,0.010000
-0.117720,-9.025200,0.304110,-0.082000,-0.009000,0.064000
-0.166770,-8.897670,0.549360,-0.072000,-0.040000,0.108000
-0.068670,-8.985960,0.725940,-0.040000,-0.084000,0.172000
0.107910,-9.025200,0.784800,0.037000,-0.160000,0.206000
0.245250,-8.917290,0.873090,0.146000,-0.164000,0.194000
0.098100,-9.368550,1.226250,0.181000,-0.219000,0.129000
-0.206010,-10.683090,0.833850,0.123000,-0.195000,0.042000
-1.628460,-11.742570,-0.166770,-0.016000,-0.006000,0.002000
-3.031290,-11.252070,1.304730,0.067000,0.117000,0.100000
-1.393020,-11.879910,2.521170,0.197000,0.168000,0.041000
1.128150,-12.497940,3.198060,0.207000,-0.109000,-0.076000
-0.019620,-13.734000,1.049670,-0.037000,-0.433000,-0.128000
-2.805660,-14.538420,-0.941760,-0.045000,-0.563000,-0.201000
-3.443310,-13.420080,-2.089530,0.030000,-0.435000,-0.323000
-0.147150,-9.868860,-1.765800,0.221000,-0.065000,-0.304000
1.491120,-7.887240,-1.814850,0.050000,-0.208000,-0.159000
0.549360,-7.063200,-2.540790,-0.202000,-0.480000,-0.155000
0.009810,-7.386930,-2.766420,-0.277000,-0.607000,-0.234000
-0.637650,-8.446410,-2.118960,-0.261000,-0.487000,-0.322000
-1.638270,-9.751140,-1.932570,-0.210000,-0.183000,-0.260000
-2.030670,-9.525510,-1.599030,-0.074000,0.141000,-0.074000
-1.667700,-9.348930,-0.922140,0.036000,0.343000,0.119000
-0.981000,-9.711900,-0.618030,0.056000,0.397000,0.187000
-0.382590,-10.045440,-0.451260,0.045000,0.312000,0.151000
-0.412020,-10.074870,-0.304110,0.011000,0.172000,0.125000
-0.814230,-9.839430,-0.235440,-0.039000,0.080000,0.117000
-1.137960,-9.339120,-0.323730,-0.100000,0.044000,0.113000
-1.393020,-8.936910,-0.215820,-0.119000,0.082000,0.121000
-1.442070,-8.534700,-0.206010,-0.101000,0.170000,0.095000
-1.020240,-8.485650,0.000000,-0.054000,0.256000,0.063000
-0.549360,-8.515080,0.225630,-0.034000,0.239000,0.053000
-0.500310,-8.730900,0.490500,-0.053000,0.143000,0.008000
-0.882900,-8.995770,0.588600,-0.090000,0.057000,-0.081000
-1.157580,-9.035010,0.706320,-0.128000,0.043000,-0.146000
-1.255680,-9.015390,0.853470,-0.128000,0.093000,-0.193000
-1.265490,-8.917290,0.765180,-0.064000,0.149000,-0.246000
-1.167390,-8.760330,0.676890,0.070000,0.127000,-0.253000
-1.177200,-8.976150,0.647460,0.193000,0.042000,-0.208000
-1.255680,-9.584370,0.510120,0.168000,-0.014000,-0.133000
-0.755370,-10.781190,-0.362970,-0.008000,-0.113000,0.015000
0.784800,-10.820430,0.833850,0.120000,0.080000,0.018000
-0.196200,-12.184020,2.795850,0.113000,0.313000,-0.068000
-3.031290,-12.703950,3.580650,-0.195000,0.101000,-0.202000
-4.061340,-12.713760,1.716750,0.275000,0.694000,-0.187000
-0.382590,-15.215310,-0.088290,0.021000,0.964000,0.102000
2.305350,-17.147880,-3.433500,-0.185000,0.626000,0.584000
0.049050,-11.821050,-3.149010,0.189000,0.304000,0.724000
-2.060100,-7.053390,-2.099340,0.151000,0.398000,0.289000
-1.393020,-6.082200,-2.413260,-0.037000,0.687000,0.020000
-1.167390,-7.043580,-2.285730,-0.064000,0.716000,0.047000
-0.647460,-8.161920,-1.716750,-0.038000,0.522000,0.270000
-0.107910,-9.447030,-1.265490,-0.042000,0.328000,0.268000
0.392400,-9.662850,-1.177200,-0.050000,0.236000,0.101000
0.294300,-9.221400,-1.265490,-0.028000,0.083000,0.016000
-0.686700,-9.505890,-1.118340,-0.012000,0.023000,0.010000
-1.393020,-9.653040,-0.784800,0.030000,0.150000,0.015000
-1.373400,-9.427410,-0.549360,0.066000,0.269000,-0.005000
-0.902520,-9.564750,-0.284490,0.057000,0.345000,-0.022000
-0.372780,-9.849240,-0.117720,0.017000,0.317000,-0.039000
-0.068670,-9.760950,0.029430,-0.004000,0.220000,-0.058000
0.029430,-9.280260,0.264870,0.000000,0.130000,-0.055000
-0.323730,-8.779950,0.559170,-0.004000,0.075000,-0.028000
-0.588600,-8.848620,0.725940,-0.050000,0.083000,-0.007000
-0.323730,-9.084060,0.578790,-0.115000,0.104000,-0.004000
0.117720,-9.329310,0.421830,-0.163000,0.066000,0.026000
0.431640,-9.221400,0.529740,-0.179000,-0.039000,0.074000
0.431640,-9.025200,0.637650,-0.183000,-0.170000,0.111000
0.235440,-8.779950,0.657270,-0.144000,-0.314000,0.116000
0.009810,-8.613180,0.647460,-0.046000,-0.374000,0.102000
-0.274680,-8.662230,0.794610,0.122000,-0.317000,0.035000
-0.784800,-9.986580,0.941760,0.092000,-0.264000,-0.082000
-1.697130,-11.624850,-0.549360,-0.102000,0.239000,-0.245000
-2.609460,-10.614420,0.392400,0.006000,0.421000,0.004000
-0.618030,-11.301120,2.668320,0.215000,0.497000,0.104000
2.118960,-12.654900,3.717990,0.212000,0.069000,0.059000
1.569600,-12.497940,2.658510,0.167000,-0.604000,0.048000
-1.255680,-12.546990,0.412020,0.145000,-1.251000,0.008000
-4.463550,-13.969440,-0.912330,-0.054000,-1.089000,-0.337000
-3.011670,-12.654900,-2.884140,0.157000,-0.424000,-0.595000
0.510120,-9.486270,-2.982240,0.293000,-0.096000,-0.487000
1.746180,-7.043580,-2.962620,0.038000,-0.465000,-0.236000
1.393020,-7.102440,-2.943000,-0.222000,-0.805000,-0.203000
-0.362970,-9.182160,-2.226870,-0.247000,-0.768000,-0.307000
-1.657890,-10.653660,-1.775610,-0.109000,-0.490000,-0.280000
-2.079720,-9.937530,-1.088910,-0.010000,-0.188000,-0.093000
-2.187630,-9.388170,-0.480690,0.026000,0.051000,0.093000
-1.491120,-9.250830,-0.313920,0.004000,0.183000,0.166000
-0.892710,-9.505890,-0.186390,-0.048000,0.145000,0.113000
-0.735750,-9.378360,-0.156960,-0.068000,0.046000,0.085000
-0.519930,-9.054630,-0.235440,-0.093000,-0.034000,0.070000
-0.735750,-8.829000,-0.127530,-0.134000,-0.086000,0.056000
-1.196820,-8.760330,-0.107910,-0.171000,-0.073000,0.051000
-1.608840,-8.789760,-0.058860,-0.152000,0.011000,0.032000
-1.432260,-8.809380,0.206010,-0.096000,0.110000,0.024000
-0.696510,-8.642610,0.500310,-0.078000,0.157000,0.005000
-0.480690,-8.809380,0.598410,-0.112000,0.104000,-0.044000
-0.716130,-9.025200,0.608220,-0.143000,0.027000,-0.091000
-1.196820,-8.995770,0.784800,-0.145000,-0.021000,-0.130000
-1.540170,-8.809380,0.843660,-0.107000,-0.028000,-0.163000
-1.589220,-8.436600,0.725940,0.042000,0.037000,-0.213000
-1.549980,-8.348310,0.941760,0.224000,0.122000,-0.223000
-1.412640,-9.182160,0.598410,0.276000,0.180000,-0.108000
-0.647460,-10.859670,-0.804420,0.087000,0.119000,0.089000
1.805040,-11.124540,0.608220,-0.011000,-0.219000,0.138000
2.079720,-11.644470,2.109150,0.098000,-0.428000,0.044000
-2.678130,-12.164400,2.903760,0.336000,-0.629000,0.083000
-4.846140,-13.537800,1.726560,0.550000,0.065000,0.108000
-1.000620,-15.391890,0.255060,0.277000,0.509000,0.317000
1.236060,-15.862770,-2.884140,0.009000,0.363000,0.693000
-0.892710,-10.967580,-2.089530,0.310000,0.176000,0.600000
-2.011050,-8.152110,-1.824660,0.088000,0.430000,0.267000
-1.000620,-7.602750,-2.580030,-0.101000,0.710000,0.195000
-1.275300,-7.975530,-1.962000,-0.091000,0.614000,0.256000
-0.627840,-9.044820,-1.402830,-0.103000,0.470000,0.290000
-0.068670,-9.878670,-1.137960,-0.084000,0.328000,0.157000
0.598410,-9.329310,-1.206630,-0.084000,0.112000,-0.003000
0.608220,-9.142920,-0.696510,-0.043000,-0.043000,-0.085000
-0.127530,-9.388170,-0.255060,0.001000,-0.043000,-0.117000
-0.873090,-9.133110,-0.156960,0.025000,0.032000,-0.071000
-0.971190,-9.005580,-0.019620,0.024000,0.133000,-0.010000
-0.902520,-8.936910,0.176580,0.013000,0.193000,-0.010000
-0.559170,-9.113490,0.392400,0.009000,0.224000,-0.045000

