-.-.-
-1.932570,-11.281500,-1.775610,-0.092000,2.434001,-0.457000
-0.696510,-9.780570,-1.500930,0.021000,2.360001,-0.252000
0.637650,-7.789140,-1.393020,0.050000,2.329001,-0.215000
2.099340,-7.190730,-1.402830,-0.112000,2.323001,-0.235000
1.844280,-7.740090,-1.265490,-0.136000,2.180001,-0.206000
1.255680,-8.230590,-1.157580,-0.083000,1.954001,-0.130000
0.814230,-8.171730,-0.608220,0.022000,1.793001,-0.095000
0.627840,-7.936290,-0.098100,0.106000,1.699001,-0.122000
0.882900,-8.024580,0.431640,0.183000,1.696001,-0.152000
1.294920,-8.426790,0.421830,0.260000,1.743001,-0.161000
1.383210,-8.485650,0.323730,0.320000,1.778001,-0.124000
1.373400,-8.367930,0.274680,0.333000,1.885001,-0.075000
1.177200,-8.338500,0.451260,0.321000,1.980001,-0.074000
1.069290,-8.358120,0.372780,0.245000,1.993001,-0.053000
1.167390,-8.367930,0.176580,0.204000,1.972001,0.010000
1.334160,-8.544510,0.039240,0.167000,1.905001,0.072000
1.549980,-8.858430,0.274680,0.176000,1.871001,0.092000
1.746180,-9.113490,0.196200,0.178000,1.905001,0.094000
1.687320,-9.113490,-0.058860,0.211000,1.895001,0.131000
1.422450,-8.966340,-0.078480,0.234000,1.777001,0.188000
1.118340,-9.093870,0.088290,0.196000,1.670001,0.240000
0.765180,-9.221400,0.618030,0.221000,1.640001,0.263000
0.362970,-9.584370,1.000620,0.271000,1.628001,0.290000
0.049050,-10.271070,1.000620,0.349000,1.716001,0.337000
-0.156960,-10.643850,1.088910,0.510000,1.835001,0.339000
0.304110,-10.437840,0.804420,0.650000,1.781001,0.281000
0.784800,-10.545750,0.696510,0.492000,1.695001,0.201000
1.294920,-11.428650,0.951570,0.308000,1.774001,0.051000
1.883520,-11.928960,0.716130,0.311000,1.941001,-0.110000
2.364210,-11.556180,0.451260,0.303000,1.920001,-0.088000
2.324970,-11.046060,-0.019620,0.214000,1.728001,0.061000
1.343970,-10.408410,-0.274680,0.195000,1.597001,0.131000
-0.774990,-9.721710,-0.166770,0.222000,1.610001,0.083000
-2.060100,-9.211590,0.568980,0.244000,1.725001,-0.006000
-2.334780,-8.750520,0.882900,0.138000,1.974001,-0.047000
-1.863900,-9.270450,0.892710,0.031000,2.186001,-0.018000
-0.971190,-10.535940,0.657270,0.021000,2.269001,0.086000
-0.215820,-10.653660,0.676890,0.090000,2.290001,0.154000
-0.156960,-9.574560,1.088910,0.126000,2.317001,0.093000
-0.578790,-8.887860,1.442070,0.093000,2.351001,-0.009000
-1.010430,-9.270450,1.618650,0.031000,2.420001,-0.094000
-1.069290,-9.741330,1.697130,0.037000,2.519001,-0.164000
-0.735750,-9.711900,1.775610,0.086000,2.601001,-0.207000
-0.313920,-9.407790,1.608840,0.086000,2.649001,-0.235000
-0.068670,-9.113490,1.716750,0.071000,2.630001,-0.277000
0.029430,-9.093870,1.638270,0.057000,2.646001,-0.331000
0.107910,-9.152730,1.285110,0.071000,2.671001,-0.395000
0.412020,-9.162540,1.432260,0.136000,2.601001,-0.414000
0.657270,-9.319500,1.353780,0.163000,2.474001,-0.385000
0.539550,-9.751140,1.079100,0.146000,2.401001,-0.373000
0.421830,-10.251450,0.902520,0.072000,2.350001,-0.343000
0.725940,-10.329930,0.971190,0.013000,2.438001,-0.287000
1.000620,-9.074250,0.588600,-0.026000,2.654001,-0.189000
1.265490,-9.093870,0.676890,-0.123000,2.662001,0.004000
1.245870,-10.241640,0.343350,-0.192000,2.381001,0.246000
1.265490,-10.938150,0.000000,-0.227000,2.127001,0.311000
0.774990,-10.624230,0.500310,-0.101000,1.843001,0.088000
0.627840,-9.623610,1.294920,-0.016000,1.628001,-0.024000
0.902520,-9.466650,1.863900,0.021000,1.496001,-0.035000
1.618650,-10.006200,2.020860,0.081000,1.436001,-0.080000
2.187630,-10.192590,1.971810,0.176000,1.416001,-0.142000
2.197440,-9.692280,1.795230,0.219000,1.460001,-0.186000
1.824660,-9.191970,1.697130,0.239000,1.473001,-0.234000
1.618650,-9.103680,1.422450,0.230000,1.425001,-0.238000
1.922760,-9.368550,1.157580,0.183000,1.237000,-0.170000
2.256300,-9.505890,1.088910,0.205000,0.996000,-0.096000
2.285730,-9.427410,1.245870,0.221000,0.811000,-0.050000
2.118960,-9.496080,1.226250,0.243000,0.712000,-0.023000
1.814850,-9.643230,1.098720,0.247000,0.637000,0.004000
1.461690,-9.623610,0.990810,0.188000,0.541000,0.030000
1.373400,-9.545130,0.941760,0.141000,0.461000,0.059000
1.520550,-9.525510,1.137960,0.126000,0.380000,0.083000
1.638270,-9.388170,1.402830,0.120000,0.305000,0.117000
1.667700,-9.260640,1.412640,0.117000,0.243000,0.143000
1.569600,-9.191970,1.324350,0.129000,0.166000,0.143000
1.422450,-9.113490,1.393020,0.121000,0.091000,0.125000
1.353780,-8.966340,1.579410,0.116000,0.043000,0.101000
1.265490,-8.848620,1.726560,0.127000,0.015000,0.092000
1.236060,-8.642610,1.569600,0.122000,0.006000,0.095000
1.226250,-8.485650,1.559790,0.112000,-0.035000,0.101000
1.383210,-8.475840,1.599030,0.084000,-0.070000,0.097000
1.628460,-8.367930,1.442070,0.070000,-0.093000,0.077000
1.775610,-8.152110,1.343970,0.056000,-0.122000,0.074000
1.854090,-7.681230,1.294920,0.050000,-0.176000,0.106000
1.657890,-7.082820,1.540170,0.063000,-0.270000,0.148000
1.500930,-6.817950,1.579410,0.088000,-0.356000,0.180000
1.167390,-6.553080,1.137960,0.117000,-0.468000,0.216000
0.156960,-7.122060,0.206010,0.039000,-0.636000,0.263000
-1.981620,-8.848620,-0.196200,0.054000,-0.628000,0.244000
-4.237920,-12.811860,0.058860,0.180000,-0.518000,-0.069000
-4.630320,-13.429890,0.255060,0.092000,-0.106000,-0.449000
-2.432880,-11.271690,1.736370,-0.040000,0.136000,-0.325000
-0.490500,-11.546370,0.392400,-0.019000,-0.210000,-0.008000
-1.824660,-17.402940,1.245870,-0.320000,-0.370000,-0.160000
-2.452500,-18.482040,1.451880,-0.028000,0.118000,-0.615000
1.461690,-14.224500,2.766420,0.058000,0.242000,-0.294000
1.893330,-11.968200,1.785420,0.157000,-0.062000,0.275000
0.225630,-11.556180,2.285730,0.056000,-0.236000,0.406000
-1.814850,-11.948580,2.364210,0.051000,-0.400000,0.188000
-3.001860,-10.967580,2.020860,-0.057000,-0.351000,0.074000
-2.423070,-9.152730,1.785420,-0.043000,-0.141000,0.135000
-1.579410,-8.201160,1.402830,-0.017000,0.013000,0.159000
-1.393020,-7.681230,0.922140,-0.036000,0.088000,0.127000
-1.530360,-7.171110,0.725940,-0.052000,0.127000,0.060000
-1.589220,-6.504030,0.716130,0.037000,0.190000,-0.049000
-1.589220,-6.111630,1.226250,0.122000,0.331000,-0.134000
-1.873710,-6.082200,1.402830,0.138000,0.488000,-0.191000
-2.324970,-6.464790,1.618650,0.179000,0.528000,-0.237000
-2.285730,-7.161300,2.001240,0.215000,0.639000,-0.309000
-1.716750,-7.514460,1.755990,0.209000,0.730000,-0.391000
-1.147770,-8.014770,1.383210,0.215000,0.688000,-0.413000
-0.814230,-8.534700,1.137960,0.177000,0.708000,-0.368000
-0.794610,-8.309070,0.735750,0.160000,0.820000,-0.366000
-0.676890,-6.935670,1.275300,0.202000,0.831000,-0.365000
-0.647460,-6.327450,1.716750,0.267000,0.577000,-0.282000
0.127530,-6.670800,1.393020,0.220000,0.475000,-0.241000
1.520550,-8.407170,1.196820,0.074000,0.697000,-0.208000
3.198060,-11.624850,0.000000,-0.413000,0.770000,0.029000
4.375260,-16.029540,-0.716130,-0.694000,-0.086000,0.584000
4.434120,-12.399840,-0.078480,-0.529000,-0.525000,0.844000
1.687320,-9.515700,1.795230,-0.708000,-0.585000,0.238000
3.099960,-18.668430,-0.225630,-1.589001,-0.410000,0.000000
7.210350,-21.464280,0.598410,-0.381000,-0.548000,0.295000
-0.323730,-12.390030,1.736370,-0.225000,-0.813000,0.160000
-5.729040,-11.418840,2.217060,-0.118000,-0.827000,-0.319000
-3.168630,-12.939390,3.050910,-0.411000,-0.409000,-0.409000
0.686700,-13.478940,3.041100,0.007000,0.190000,-0.074000
3.050910,-11.409030,0.696510,-0.067000,0.530000,0.049000

