-.-.-
-0.725940,-10.133730,-0.156960,-0.112000,-0.370000,0.127000
-0.912330,-10.231830,0.127530,-0.192000,-0.334000,0.160000
-1.128150,-10.408410,0.137340,-0.300000,-0.239000,0.187000
-1.216440,-10.545750,-0.029430,-0.445000,-0.209000,0.215000
-1.343970,-10.800810,0.000000,-0.576000,-0.470000,0.232000
-1.128150,-10.006200,0.451260,-0.612000,-0.515000,0.239000
-1.187010,-9.437220,0.402210,-0.398000,-0.484000,0.266000
-1.461690,-9.084060,1.108530,-0.335000,-0.357000,0.181000
-1.579410,-8.603370,1.265490,-0.285000,-0.128000,0.005000
-1.579410,-8.721090,1.677510,-0.206000,0.087000,-0.071000
-1.549980,-9.103680,1.805040,-0.129000,0.211000,-0.058000
-0.755370,-9.397980,1.314540,-0.037000,0.296000,-0.046000
-0.196200,-9.574560,1.167390,0.083000,0.223000,-0.018000
-0.470880,-9.427410,1.196820,0.123000,0.115000,-0.036000
-1.118340,-9.603990,0.873090,0.119000,0.075000,-0.071000
-1.716750,-9.721710,0.774990,0.189000,0.079000,-0.120000
-1.873710,-9.672660,0.922140,0.242000,0.151000,-0.196000
-1.785420,-9.800190,1.128150,0.241000,0.182000,-0.216000
-1.236060,-9.986580,0.784800,0.213000,0.140000,-0.167000
-0.529740,-10.692900,0.304110,0.188000,0.078000,-0.102000
-0.441450,-11.134350,0.127530,0.175000,-0.001000,-0.038000
-0.657270,-10.516320,0.206010,0.169000,-0.034000,-0.024000
-0.598410,-9.653040,0.431640,0.125000,0.007000,-0.156000
-0.647460,-9.682470,0.382590,0.082000,0.104000,-0.270000
-0.745560,-9.829620,0.627840,0.089000,0.118000,-0.257000
-0.922140,-9.839430,0.784800,0.117000,0.183000,-0.226000
-0.510120,-9.839430,0.686700,0.073000,0.239000,-0.227000
-0.156960,-9.584370,0.647460,0.041000,0.317000,-0.263000
0.353160,-9.476460,0.696510,0.051000,0.366000,-0.283000
0.519930,-10.006200,0.667080,0.060000,0.366000,-0.291000
0.127530,-10.329930,0.774990,0.043000,0.323000,-0.269000
-0.147150,-10.320120,0.941760,0.022000,0.349000,-0.243000
-0.088290,-10.398600,0.843660,-0.050000,0.423000,-0.258000
-0.058860,-10.251450,0.647460,-0.150000,0.515000,-0.266000
0.235440,-10.025820,0.588600,-0.208000,0.541000,-0.258000
0.686700,-10.212210,0.353160,-0.289000,0.517000,-0.287000
0.686700,-10.496700,-0.127530,-0.364000,0.489000,-0.312000
0.519930,-10.163160,-0.039240,-0.382000,0.436000,-0.297000
0.539550,-9.957150,0.039240,-0.404000,0.413000,-0.297000
0.725940,-10.084680,0.009810,-0.471000,0.425000,-0.321000
1.000620,-10.329930,-0.549360,-0.573000,0.444000,-0.325000
1.226250,-10.241640,-0.853470,-0.615000,0.494000,-0.301000
0.971190,-10.241640,-0.598410,-0.655000,0.437000,-0.257000
0.088290,-10.114110,-0.333540,-0.677000,0.390000,-0.190000
-0.382590,-10.339740,0.313920,-0.691000,0.504000,-0.190000
-0.362970,-10.722330,-0.019620,-0.762000,0.670000,-0.171000
0.362970,-9.682470,-0.068670,-0.645000,0.654000,-0.164000
1.363590,-8.554320,-0.588600,-0.499000,0.561000,-0.285000
2.246490,-8.289450,-0.814230,-0.490000,0.428000,-0.377000
2.923380,-8.976150,-1.088910,-0.631000,0.219000,-0.313000
3.335400,-9.643230,-1.814850,-0.885000,-0.045000,-0.151000
3.335400,-9.348930,-2.727180,-1.107000,-0.381000,-0.004000
2.844900,-7.622370,-3.394260,-1.239000,-0.724000,0.015000
1.903140,-4.836330,-3.178440,-1.278000,-0.984000,-0.167000
1.128150,-2.952810,-2.736990,-1.321000,-0.928000,-0.435000
-0.009810,-3.188250,-1.628460,-1.368000,-0.833000,-0.562000
-1.334160,-4.345830,-0.019620,-1.202000,-0.527000,-0.508000
-1.912950,-6.543270,-1.187010,-1.544001,0.279000,-0.444000
-1.324350,-7.367310,-2.854710,-1.742001,0.770000,-0.324000
-0.362970,-6.288210,-3.149010,-1.591001,0.193000,-0.027000
0.686700,-5.581890,0.323730,-0.874000,-0.409000,0.095000
2.501550,-8.240400,-1.962000,-1.199000,0.088000,-0.123000
3.217680,-8.829000,-4.689180,-1.291000,0.280000,-0.243000
1.187010,-8.004960,-4.855950,-1.008000,-0.356000,0.003000
-0.461070,-7.857810,-1.255680,-1.036000,-0.408000,-0.117000
0.451260,-7.965720,-2.678130,-1.028000,0.109000,-0.489000
0.559170,-8.505270,-2.854710,-0.986000,0.166000,-0.403000
1.010430,-8.220780,-3.678750,-0.968000,0.287000,-0.157000
1.510740,-6.857190,-4.512600,-0.864000,0.235000,-0.078000
2.030670,-7.710660,-4.797090,-0.648000,0.143000,-0.069000
1.628460,-7.808760,-4.169250,-0.548000,0.026000,-0.028000
1.137960,-7.249590,-4.061340,-0.375000,-0.040000,0.022000
1.834470,-7.141680,-5.140440,-0.251000,-0.180000,0.046000
2.393640,-7.661610,-5.111010,-0.054000,-0.344000,0.072000
2.060100,-7.955910,-4.512600,0.106000,-0.204000,0.012000
1.814850,-8.201160,-4.944240,0.183000,-0.184000,-0.084000
1.736370,-8.132490,-5.091390,0.229000,-0.293000,-0.067000
1.579410,-8.466030,-5.356260,0.268000,-0.335000,-0.044000
1.814850,-8.750520,-6.082200,0.289000,-0.385000,-0.037000
2.138580,-8.887860,-5.807520,0.373000,-0.448000,-0.024000
2.050290,-8.838810,-5.375880,0.453000,-0.464000,-0.010000
1.579410,-8.603370,-5.405310,0.511000,-0.527000,0.002000
1.363590,-8.701470,-5.464170,0.580000,-0.556000,-0.025000
1.255680,-9.103680,-5.307210,0.657000,-0.528000,-0.045000
0.657270,-9.466650,-5.042340,0.713000,-0.472000,-0.049000
0.529740,-9.299880,-5.179680,0.761000,-0.471000,-0.015000
0.863280,-9.123300,-5.120820,0.821000,-0.468000,-0.003000
0.765180,-9.025200,-4.757850,0.866000,-0.437000,-0.022000
0.853470,-9.603990,-4.738230,0.925000,-0.379000,-0.021000
0.824040,-9.859050,-4.591080,0.959000,-0.416000,0.030000
0.882900,-9.917910,-4.434120,1.000000,-0.457000,0.049000
0.814230,-9.898290,-4.365450,1.055000,-0.460000,0.047000
0.873090,-10.045440,-4.100580,1.113000,-0.467000,0.034000
0.843660,-10.094490,-4.012290,1.185000,-0.531000,0.029000
0.735750,-10.300500,-3.835710,1.268000,-0.541000,-0.003000
0.156960,-10.889100,-3.668940,1.314000,-0.531000,-0.048000
0.176580,-11.281500,-3.443310,1.304000,-0.536000,-0.049000
0.588600,-11.379600,-3.188250,1.298000,-0.555000,0.000000
-0.166770,-11.271690,-2.864520,1.269000,-0.519000,0.011000
-0.294300,-11.163780,-2.619270,1.262000,-0.492000,-0.007000
0.215820,-11.526750,-2.511360,1.245000,-0.450000,0.006000
0.029430,-12.056490,-2.177820,1.213000,-0.385000,-0.001000
-0.912330,-12.527370,-2.060100,1.150000,-0.274000,-0.064000
-0.480690,-12.370410,-2.187630,1.055000,-0.211000,-0.080000
0.382590,-11.595420,-2.030670,0.993000,-0.234000,-0.052000
0.814230,-11.222640,-1.883520,0.950000,-0.276000,-0.043000
0.451260,-11.183400,-1.265490,0.917000,-0.255000,-0.034000
-0.313920,-10.820430,-0.951570,0.841000,-0.174000,-0.041000
0.019620,-10.280880,-1.049670,0.755000,-0.098000,-0.076000
1.373400,-9.231210,-0.971190,0.691000,-0.058000,-0.190000
1.088910,-9.643230,-0.431640,0.727000,0.056000,-0.347000
-0.137340,-10.271070,0.598410,0.683000,0.181000,-0.446000
0.853470,-9.388170,1.226250,0.673000,0.262000,-0.415000
1.834470,-8.878050,0.451260,0.651000,0.139000,-0.343000
1.873710,-9.564750,0.313920,0.694000,0.022000,-0.266000
0.745560,-10.604610,1.412640,0.693000,0.021000,-0.180000
0.245250,-9.859050,1.952190,0.597000,0.125000,-0.181000
0.392400,-8.495460,2.452500,0.568000,0.266000,-0.203000
0.519930,-8.760330,1.265490,0.589000,0.242000,-0.136000
1.314540,-8.711280,1.687320,0.570000,0.189000,-0.043000
1.353780,-8.632800,2.089530,0.552000,0.137000,-0.087000
0.843660,-8.436600,2.256300,0.529000,0.173000,-0.145000
0.206010,-7.965720,2.089530,0.479000,0.324000,-0.150000
0.029430,-7.897050,2.069910,0.478000,0.476000,-0.141000
0.637650,-8.093250,1.893330,0.479000,0.487000,-0.143000
1.216440,-8.829000,1.540170,0.516000,0.462000,-0.159000
1.373400,-9.505890,2.118960,0.577000,0.628000,-0.243000
0.647460,-11.046060,2.491740,0.709000,0.843000,-0.232000

