-.-.-
0.156960,-3.531600,-1.795230,1.916001,0.812000,0.238000
2.354400,1.088910,-3.286350,1.363000,0.601000,0.103000
-0.127530,3.364830,-3.394260,0.853000,0.827000,0.021000
-3.394260,3.286350,-2.148390,0.748000,1.397000,-0.168000
0.156960,0.892710,-2.540790,0.847000,1.516001,0.005000
3.462930,-1.412640,-2.805660,0.780000,1.121000,0.260000
1.863900,-3.374640,-1.854090,0.817000,0.710000,0.399000
-0.156960,-3.198060,-2.069910,0.415000,0.830000,0.448000
-0.774990,-4.522410,-1.471500,-0.276000,1.221000,0.468000
0.284490,-14.018490,-11.006820,-1.986001,0.462000,1.119000
4.110390,-25.368660,2.364210,-0.335000,0.417000,1.023000
-3.227490,-20.875680,0.255060,-0.465000,1.287000,0.389000
-6.209730,-21.032640,4.669560,0.308000,2.255001,-0.124000
-4.669560,-23.131980,7.769520,0.761000,3.350001,-0.004000
-3.041100,-20.012400,5.611320,0.706000,3.963001,0.554000
0.196200,-15.843150,6.778710,0.929000,4.317002,1.009000
8.593560,-14.891580,-0.068670,1.333000,3.777001,1.100000
9.486270,-8.819190,-1.736370,1.720001,2.428001,0.960000
4.777470,-1.628460,-0.735750,2.130001,1.910001,0.742000
0.382590,3.031290,1.393020,1.783001,1.897001,0.746000
1.167390,3.237300,-0.333540,1.142000,1.609001,0.857000
3.149010,0.245250,-2.383830,0.641000,1.236000,0.656000
1.442070,-2.197440,-4.110390,0.403000,1.123000,0.423000
-0.215820,-1.971810,-3.217680,0.604000,1.531001,0.591000
-1.697130,-3.884760,-0.931950,0.210000,1.608001,0.798000
-0.981000,-13.125780,-6.641370,-0.780000,1.695001,0.569000
-2.884140,-32.137560,-7.367310,-1.334000,1.861001,0.280000
-4.336020,-16.559280,0.598410,-0.651000,1.812001,0.161000
-2.727180,-25.839540,-2.540790,-0.729000,2.829001,-0.541000
-4.404690,-23.455710,3.149010,-0.020000,3.244001,-0.306000
-0.470880,-21.994020,2.903760,-0.186000,3.062001,0.257000
2.344590,-15.823530,-0.088290,-0.249000,2.957001,0.553000
0.578790,-11.281500,0.372780,-0.039000,2.605001,0.369000
0.058860,-8.789760,-0.735750,0.009000,2.661001,0.056000
-1.206630,-6.974910,-0.794610,0.028000,2.755001,-0.033000
-2.668320,-2.717370,0.863280,0.250000,2.839001,0.247000
-2.501550,2.374020,2.825280,0.350000,3.231001,0.274000
-0.284490,3.649320,1.353780,0.278000,3.419001,0.140000
1.549980,2.217060,0.853470,0.173000,3.420001,0.075000
1.118340,0.166770,0.039240,0.070000,3.252001,0.053000
2.491740,-2.432880,-2.481930,-0.185000,3.098001,0.210000
2.315160,-5.454360,-2.374020,-0.150000,2.462001,0.607000
1.285110,-6.543270,-1.638270,-0.139000,3.152001,0.738000
1.540170,-11.968200,-2.707560,-0.290000,3.221001,0.696000
10.212210,-28.537290,-6.690420,-0.939000,2.753001,0.993000
11.095110,-18.393750,-3.070530,-1.310000,1.349000,0.634000
-2.217060,-13.272930,-2.246490,-0.147000,1.811001,-0.169000
-4.483170,-20.159550,1.383210,0.257000,2.193001,0.055000
1.334160,-22.455090,0.696510,0.137000,2.427001,0.379000
3.914190,-20.983590,0.362970,0.233000,2.343001,0.530000
2.521170,-21.248460,1.098720,0.354000,2.383001,0.416000
1.187010,-20.100690,0.696510,0.463000,2.661001,0.493000
1.118340,-17.285220,1.834470,0.530000,2.726001,0.659000
1.952190,-14.871960,2.138580,0.578000,2.824001,0.770000
2.540790,-13.263120,1.932570,0.480000,2.816001,0.857000
4.806900,-12.419460,0.598410,0.437000,2.600001,0.824000
6.180300,-11.153970,-0.431640,0.612000,1.930001,0.612000
4.738230,-9.574560,-0.353160,0.562000,1.248000,0.423000
0.745560,-6.141060,-0.745560,0.595000,1.216000,0.415000
-2.393640,-2.962620,-1.275300,0.764000,1.626001,0.312000
-1.294920,-0.882900,-3.109770,0.361000,2.055001,0.280000
1.824660,-0.009810,-2.334780,0.030000,1.846001,0.341000
3.541410,0.402210,-2.236680,-0.006000,1.682001,0.338000
3.413880,-0.873090,-1.981620,0.063000,1.888001,0.364000
2.786040,-3.541410,-4.345830,-0.241000,2.187001,0.461000
-0.039240,-8.691660,-6.690420,-0.586000,2.668001,0.527000
-2.629080,-14.410890,-3.070530,-0.358000,1.960001,0.563000
-0.480690,-17.540280,-0.833850,-0.222000,1.546001,0.476000
4.640130,-20.453850,1.863900,-0.143000,1.658001,0.717000
5.611320,-21.062070,2.393640,-0.091000,1.409001,0.920000
5.189490,-22.425660,3.737610,-0.090000,0.985000,0.699000
5.572080,-21.042450,1.844280,-0.068000,0.251000,0.359000
3.080340,-18.864630,2.138580,0.180000,-0.555000,0.194000
1.461690,-14.773860,-1.471500,0.216000,-1.050000,-0.031000
-1.736370,-6.621750,-4.031910,0.831000,-1.555001,-0.112000
-4.188870,-1.952190,-4.375260,0.843000,-1.514001,-0.207000
-1.765800,-0.402210,-3.031290,0.038000,-0.752000,-0.532000
-2.020860,-0.716130,-3.708180,-0.051000,-0.378000,-0.572000
-1.922760,0.206010,-2.413260,0.053000,-0.053000,-0.362000
-1.226250,-0.088290,-1.020240,0.254000,0.178000,-0.212000
-2.580030,-0.824040,-2.030670,0.226000,0.648000,0.124000
-4.149630,1.206630,-1.461690,0.526000,2.365001,0.303000
-1.795230,-13.488750,-11.899530,0.431000,2.819001,0.787000
2.854710,-32.598630,2.697750,0.530000,0.185000,1.483001
-2.530980,-12.870720,-0.647460,0.270000,1.762001,-0.085000
-11.261880,-21.984210,-0.117720,0.203000,2.101001,-0.060000
-7.857810,-20.983590,2.413260,0.552000,2.528001,0.153000
-0.824040,-17.942490,2.442690,0.446000,2.900001,-0.094000
8.583750,-15.509610,-0.225630,0.577000,2.792001,-0.077000
14.459940,-14.244120,-1.873710,1.097000,1.626001,0.043000
5.375880,-10.486890,-0.156960,0.834000,0.838000,-0.029000
-3.158820,-2.177820,-1.569600,0.675000,0.560000,0.051000
-2.943000,3.423690,-0.421830,1.062000,1.222000,0.165000
2.177820,3.394260,-3.482550,1.050000,1.040000,0.361000
3.041100,2.423070,-2.089530,0.960000,0.381000,0.698000
3.217680,1.648080,-1.245870,1.252000,0.210000,0.721000
1.648080,0.971190,0.421830,1.459001,0.415000,0.350000
0.529740,-1.363590,-0.510120,1.377000,0.902000,0.122000
-2.050290,-1.206630,-1.638270,1.175000,0.559000,0.406000
1.903140,-3.639510,-11.516940,0.731000,-0.908000,0.364000
3.541410,-22.778820,-6.033150,1.182000,-0.619000,-1.037000
3.453120,-32.225850,-1.236060,-0.117000,-0.473000,-0.812000
2.236680,-22.533570,-4.198680,0.502000,-0.807000,-0.747000
1.599030,-22.778820,2.246490,0.679000,-0.646000,-0.295000
2.687940,-21.689910,1.108530,0.445000,-0.678000,-0.055000
-0.088290,-17.971920,0.667080,0.511000,-0.565000,0.034000
-1.294920,-13.057110,-0.480690,0.965000,-0.412000,0.091000
-2.736990,-9.299880,0.774990,1.620001,-0.236000,0.193000
-2.815470,-6.121440,0.804420,1.962001,0.266000,0.363000
-2.570220,-3.256920,-0.598410,1.826001,0.763000,0.462000
-1.814850,1.393020,-1.432260,1.006000,0.736000,0.264000
-0.068670,5.925240,-1.108530,0.364000,0.990000,-0.182000
-0.657270,5.601510,-0.941760,0.431000,1.270000,-0.187000
0.990810,0.019620,-2.854710,0.683000,1.210000,0.202000
1.854090,-4.120200,-3.256920,0.734000,0.832000,0.434000
-0.058860,-4.718610,-2.246490,0.566000,0.706000,0.285000
-2.187630,-2.011050,-1.030050,0.257000,0.735000,0.207000
-1.922760,-2.923380,0.206010,-0.391000,1.454001,0.159000
1.059480,-13.979250,-6.710040,-1.531001,1.635001,0.534000
4.993290,-39.230190,1.883520,0.614000,1.048000,1.311000
-0.068670,-14.038110,2.118960,0.212000,1.839001,0.714000
-9.917910,-21.366180,3.099960,0.660000,2.481001,0.428000
-6.817950,-21.248460,4.689180,0.401000,2.812001,0.546000
-2.315160,-18.432990,5.895810,-0.113000,3.426001,0.343000
0.539550,-15.166260,3.355020,-0.257000,3.558001,0.174000
4.777470,-11.350170,-1.118340,0.591000,2.833001,0.074000
4.198680,-9.937530,2.727180,1.057000,2.007001,-0.081000
3.521790,-5.552460,1.589220,1.060000,1.759001,-0.144000

