-.-.-
0.578790,-10.604610,-0.902520,-0.104000,0.170000,0.147000
1.814850,-10.506510,-0.637650,-0.125000,0.089000,-0.037000
2.472120,-10.114110,-0.539550,-0.086000,0.097000,-0.219000
2.540790,-9.378360,-0.598410,-0.065000,0.220000,-0.292000
1.834470,-9.133110,0.088290,-0.039000,0.145000,-0.259000
1.128150,-9.554940,0.618030,-0.079000,-0.004000,-0.185000
1.157580,-10.123920,0.412020,-0.055000,-0.022000,-0.150000
1.098720,-10.388790,0.186390,0.039000,-0.099000,-0.197000
1.000620,-9.584370,0.637650,0.126000,-0.176000,-0.210000
0.657270,-9.388170,1.471500,0.086000,-0.202000,-0.196000
0.000000,-9.741330,0.725940,-0.059000,-0.071000,-0.196000
-0.294300,-9.937530,0.255060,-0.126000,0.028000,-0.184000
-0.362970,-9.937530,-0.225630,-0.117000,0.058000,-0.150000
0.000000,-9.113490,0.147150,-0.086000,0.051000,-0.086000
0.362970,-9.103680,0.470880,-0.142000,0.053000,-0.037000
0.549360,-9.574560,0.058860,-0.258000,0.111000,-0.049000
0.637650,-9.966960,-0.402210,-0.227000,0.144000,-0.096000
0.568980,-9.898290,-0.107910,-0.186000,0.055000,-0.065000
0.568980,-9.280260,0.882900,-0.128000,-0.022000,0.010000
0.206010,-9.290070,1.118340,-0.174000,-0.018000,0.052000
0.362970,-9.702090,0.686700,-0.275000,-0.002000,0.032000
0.735750,-9.917910,0.470880,-0.263000,-0.080000,0.000000
1.167390,-9.829620,0.578790,-0.201000,-0.173000,-0.011000
1.275300,-9.711900,0.519930,-0.176000,-0.204000,-0.018000
0.784800,-9.476460,0.637650,-0.104000,-0.179000,-0.017000
0.353160,-9.623610,1.245870,-0.109000,-0.192000,-0.037000
0.382590,-10.123920,1.677510,-0.163000,-0.261000,-0.066000
0.686700,-10.594800,1.236060,-0.165000,-0.196000,-0.074000
0.618030,-10.702710,1.422450,-0.036000,-0.165000,-0.048000
0.412020,-10.653660,1.952190,0.075000,-0.151000,-0.020000
0.598410,-11.683710,1.363590,-0.080000,-0.092000,-0.043000
0.559170,-12.811860,-1.353780,-0.232000,0.279000,-0.176000
-0.696510,-12.988440,-1.157580,0.119000,0.335000,-0.237000
-0.402210,-10.889100,-2.030670,0.340000,0.343000,-0.188000
0.598410,-9.790380,-1.706940,0.406000,0.407000,-0.149000
1.098720,-9.633420,-2.050290,0.460000,0.217000,-0.066000
1.461690,-9.633420,-1.962000,0.349000,0.092000,0.066000
0.716130,-9.515700,-2.109150,0.171000,0.075000,0.068000
-0.029430,-10.055250,-2.285730,-0.011000,0.071000,-0.046000
-0.441450,-10.457460,-1.942380,-0.125000,0.039000,-0.172000
-0.186390,-9.976770,-1.353780,-0.118000,0.077000,-0.202000
0.039240,-9.888480,-1.147770,-0.069000,0.132000,-0.061000
0.500310,-10.359360,-0.902520,-0.053000,0.118000,0.152000
0.519930,-10.457460,-0.706320,0.004000,0.038000,0.304000
-0.264870,-9.466650,-0.745560,0.083000,-0.060000,0.335000
-0.637650,-8.701470,-0.578790,0.101000,-0.058000,0.295000
-0.510120,-8.367930,-0.676890,0.063000,-0.036000,0.245000
-0.402210,-8.485650,-0.402210,0.024000,-0.026000,0.236000
-0.784800,-8.691660,-0.137340,0.015000,0.055000,0.247000
-1.353780,-8.603370,0.264870,-0.016000,0.198000,0.212000
-1.275300,-8.485650,0.519930,-0.007000,0.373000,0.149000
-1.226250,-8.505270,0.608220,0.012000,0.515000,0.068000
-1.137960,-8.524890,0.127530,0.179000,0.579000,-0.041000
-0.588600,-8.495460,0.029430,0.343000,0.537000,-0.076000
0.039240,-8.809380,0.794610,0.413000,0.438000,-0.060000
0.990810,-9.368550,0.304110,0.323000,0.284000,-0.026000
1.579410,-9.535320,0.107910,0.167000,-0.027000,-0.102000
0.706320,-10.428030,1.795230,0.147000,-0.100000,-0.087000
-0.794610,-10.741950,1.834470,0.115000,0.033000,-0.108000
-2.079720,-11.516940,-0.333540,-0.026000,0.159000,-0.148000
-0.412020,-14.558040,-2.217060,0.063000,-0.152000,0.181000
2.805660,-14.793480,-4.718610,0.214000,-0.472000,0.528000
2.786040,-11.212830,-3.659130,0.617000,-0.569000,0.557000
-0.549360,-8.161920,-1.491120,0.478000,-0.260000,0.242000
-2.540790,-8.721090,-0.186390,0.281000,-0.025000,-0.095000
-2.825280,-10.398600,-0.490500,-0.075000,0.138000,-0.146000
-1.275300,-11.732760,-1.000620,-0.178000,0.127000,0.015000
0.578790,-12.036870,-0.706320,-0.081000,0.048000,0.097000
0.873090,-10.555560,-0.804420,0.038000,0.077000,-0.013000
0.559170,-9.133110,-0.510120,0.076000,0.082000,-0.128000
0.284490,-8.063820,-0.539550,-0.005000,0.057000,-0.182000
-0.049050,-7.641990,-0.578790,-0.119000,0.096000,-0.211000
0.147150,-8.103060,-0.421830,-0.193000,0.035000,-0.207000
0.480690,-8.622990,-0.117720,-0.128000,-0.071000,-0.167000
0.765180,-8.779950,0.245250,-0.052000,-0.165000,-0.115000
0.922140,-8.603370,0.353160,-0.020000,-0.228000,-0.082000
0.598410,-8.544510,0.549360,0.022000,-0.310000,-0.028000
0.637650,-8.750520,1.285110,0.067000,-0.403000,0.036000
1.010430,-8.652420,0.598410,0.125000,-0.398000,0.114000
1.010430,-8.632800,1.177200,0.175000,-0.476000,0.201000
0.657270,-9.309690,-0.166770,-0.072000,-0.384000,0.204000
-0.412020,-10.065060,-0.372780,-0.171000,-0.187000,0.182000
-1.481310,-10.251450,0.637650,-0.125000,0.055000,0.179000
-1.236060,-10.388790,1.393020,-0.028000,0.036000,0.174000
0.608220,-11.055870,1.657890,0.076000,-0.315000,0.077000
1.893330,-12.252690,0.637650,-0.196000,-0.321000,-0.055000
1.903140,-12.684330,-1.706940,-0.084000,-0.170000,-0.206000
-0.873090,-12.821670,-2.413260,0.303000,-0.386000,-0.335000
-2.177820,-11.134350,-3.050910,0.210000,-0.223000,-0.520000
-2.040480,-9.515700,-2.089530,0.181000,-0.175000,-0.487000
-0.166770,-9.231210,-1.020240,-0.082000,-0.154000,-0.275000
0.990810,-10.849860,-1.638270,-0.486000,-0.163000,-0.154000
0.667080,-11.409030,-1.726560,-0.481000,-0.199000,-0.171000
-0.441450,-11.183400,-1.137960,-0.274000,-0.125000,-0.134000
-1.187010,-10.526130,-0.578790,-0.118000,-0.066000,0.043000
-0.922140,-9.859050,-0.313920,-0.110000,-0.055000,0.211000
-0.480690,-8.770140,-0.235440,-0.111000,-0.054000,0.305000
-0.235440,-8.152110,-0.078480,-0.105000,-0.029000,0.301000
-0.313920,-8.152110,0.000000,-0.163000,-0.013000,0.271000
-0.706320,-8.367930,-0.058860,-0.239000,0.013000,0.243000
-0.971190,-8.426790,-0.058860,-0.287000,0.127000,0.236000
-0.941760,-8.387550,0.382590,-0.305000,0.272000,0.247000
-0.500310,-8.632800,0.343350,-0.293000,0.319000,0.250000
-0.431640,-8.779950,0.058860,-0.246000,0.277000,0.196000
-0.873090,-8.868240,0.019620,-0.174000,0.269000,0.115000
-0.873090,-8.985960,-0.225630,-0.130000,0.225000,0.043000
-0.333540,-9.966960,0.362970,-0.222000,0.168000,0.040000
0.127530,-10.938150,0.225630,-0.418000,0.027000,0.033000
0.156960,-11.036250,-0.215820,-0.445000,-0.077000,-0.024000
-0.274680,-10.791000,0.137340,-0.335000,-0.100000,-0.042000
-0.402210,-11.046060,0.735750,-0.278000,-0.038000,-0.011000
-0.735750,-11.546370,0.245250,-0.236000,-0.014000,0.069000
-1.088910,-11.271690,1.393020,-0.073000,-0.058000,0.126000
-1.187010,-9.662850,-0.088290,0.057000,0.114000,0.136000
-0.676890,-8.446410,-0.745560,0.062000,0.095000,0.079000
-0.176580,-7.789140,-1.638270,-0.024000,0.152000,0.069000
0.284490,-7.622370,-1.716750,-0.126000,0.076000,0.101000
0.421830,-7.975530,-2.275920,-0.282000,0.058000,0.198000
0.323730,-8.701470,-2.383830,-0.317000,0.098000,0.323000
-0.353160,-9.221400,-0.804420,-0.384000,0.019000,0.337000
-1.294920,-10.889100,-1.187010,-0.676000,-0.051000,0.293000
-1.324350,-13.135590,-2.285730,-0.947000,0.139000,0.229000
-1.795230,-14.263740,-3.247110,-0.844000,0.311000,0.202000
-1.863900,-13.282740,-1.942380,-0.492000,0.291000,0.180000
-1.491120,-12.439080,-0.186390,-0.651000,0.340000,0.079000
-1.285110,-12.497940,-0.578790,-1.012000,0.544000,-0.059000
-0.559170,-12.713760,-1.353780,-1.150000,0.751000,-0.201000
-0.058860,-12.360600,0.519930,-0.895000,0.773000,-0.279000

