-.-.-
-0.107910,-9.868860,0.284490,-0.008000,-0.029000,-0.001000
0.019620,-9.898290,0.343350,-0.030000,-0.026000,-0.003000
-0.107910,-10.045440,0.402210,-0.057000,-0.055000,-0.026000
-0.078480,-9.937530,0.353160,-0.063000,-0.037000,-0.029000
-0.009810,-9.780570,0.235440,-0.062000,-0.047000,-0.017000
0.009810,-9.760950,0.098100,-0.052000,-0.049000,0.009000
0.019620,-9.810000,0.098100,-0.017000,-0.047000,0.017000
-0.058860,-9.888480,0.117720,0.012000,-0.045000,0.021000
-0.088290,-9.800190,0.127530,0.028000,-0.049000,0.031000
-0.264870,-9.790380,-0.049050,0.031000,-0.049000,0.042000
-0.510120,-9.947340,-0.078480,0.042000,0.009000,0.035000
-0.510120,-10.025820,-0.225630,0.029000,0.057000,0.034000
-0.461070,-9.986580,-0.529740,0.034000,0.046000,0.030000
-0.981000,-10.065060,-0.647460,0.028000,0.065000,0.044000
-1.334160,-10.261260,-0.755370,-0.013000,0.156000,0.070000
-1.540170,-10.212210,-0.824040,-0.059000,0.203000,0.097000
-1.383210,-9.986580,-0.882900,-0.110000,0.273000,0.121000
-1.471500,-10.045440,-0.833850,-0.177000,0.305000,0.107000
-1.706940,-10.251450,-0.922140,-0.238000,0.367000,0.097000
-1.559790,-10.133730,-1.157580,-0.319000,0.458000,0.116000
-1.677510,-9.908100,-1.304730,-0.394000,0.504000,0.133000
-2.011050,-9.829620,-1.442070,-0.428000,0.561000,0.130000
-2.060100,-9.643230,-1.657890,-0.463000,0.736000,0.127000
-1.697130,-9.888480,-1.667700,-0.410000,0.923000,0.136000
-1.216440,-9.574560,-1.697130,-0.566000,1.034000,0.156000
-0.912330,-9.133110,-1.736370,-0.608000,1.110000,0.162000
-0.431640,-8.779950,-1.108530,-0.795000,1.249000,0.147000
-0.156960,-8.309070,-0.745560,-0.894000,1.261000,0.159000
0.098100,-8.034390,-1.412640,-1.000000,1.219000,0.215000
0.343350,-8.603370,-2.560410,-0.919000,1.083000,0.255000
0.824040,-9.466650,-2.589840,-0.767000,0.854000,0.196000
1.383210,-9.358740,-0.245250,-0.758000,0.683000,0.046000
1.540170,-7.249590,-0.274680,-0.957000,0.516000,-0.115000
0.843660,-7.337880,-0.961380,-0.981000,0.385000,-0.223000
0.568980,-7.602750,-0.804420,-0.883000,0.286000,-0.355000
1.000620,-7.396740,-1.236060,-1.024000,0.300000,-0.359000
1.471500,-6.611940,-0.588600,-1.030000,0.290000,-0.250000
0.794610,-5.856570,-0.441450,-1.098000,0.141000,-0.085000
-0.039240,-5.758470,-0.402210,-1.213000,0.006000,-0.010000
0.461070,-5.650560,-1.883520,-1.191000,-0.017000,0.002000
1.275300,-6.209730,-1.834470,-1.106000,-0.219000,0.012000
2.118960,-5.660370,0.019620,-1.250000,-0.124000,0.047000
1.010430,-5.277780,-0.500310,-1.079000,-0.146000,0.245000
-0.196200,-5.503410,-1.824660,-1.022000,-0.173000,0.308000
-1.039860,-6.700230,-3.247110,-0.811000,-0.391000,0.275000
0.559170,-7.131870,-2.854710,-0.394000,-0.475000,0.210000
1.353780,-6.935670,-2.226870,-0.170000,-0.062000,0.099000
-0.078480,-7.033770,-3.266730,-0.046000,0.154000,0.072000
-1.922760,-7.455600,-4.316400,0.072000,0.067000,0.151000
-0.931950,-8.779950,-3.394260,0.179000,-0.091000,0.196000
1.510740,-9.280260,-3.551220,0.333000,-0.035000,0.134000
1.069290,-9.358740,-3.816090,0.449000,0.060000,0.070000
-0.716130,-10.222020,-3.982860,0.477000,-0.042000,0.135000
-1.118340,-10.153350,-3.914190,0.659000,-0.235000,0.273000
-0.529740,-10.810620,-3.914190,0.875000,-0.264000,0.345000
-0.559170,-11.095110,-3.492360,0.921000,-0.114000,0.262000
-1.383210,-10.879290,-3.021480,0.910000,-0.018000,0.249000
-1.481310,-11.546370,-3.708180,1.067000,-0.082000,0.359000
-0.784800,-10.614420,-3.982860,1.207000,-0.246000,0.480000
-0.725940,-11.978010,-3.541410,1.267000,-0.281000,0.563000
-1.363590,-12.694140,-3.149010,1.301000,-0.215000,0.550000
-1.481310,-12.223260,-2.776230,1.225000,-0.179000,0.483000
-1.618650,-11.536560,-2.776230,1.215000,-0.108000,0.426000
-1.255680,-11.222640,-2.736990,1.204000,-0.068000,0.394000
-1.412640,-11.605230,-2.530980,1.203000,-0.019000,0.340000
-1.314540,-11.870100,-2.501550,1.198000,-0.007000,0.335000
-1.314540,-12.056490,-2.452500,1.187000,-0.007000,0.368000
-0.981000,-12.066300,-2.324970,1.180000,-0.083000,0.410000
-0.755370,-12.007440,-1.922760,1.157000,-0.193000,0.413000
-0.931950,-12.380220,-1.677510,1.068000,-0.254000,0.282000
-0.941760,-11.978010,-1.442070,1.056000,-0.348000,0.171000
-1.039860,-11.065680,-1.000620,1.056000,-0.361000,0.008000
-1.726560,-10.771380,-1.196820,1.079000,-0.256000,-0.149000
-2.275920,-11.252070,-0.372780,1.072000,-0.179000,-0.238000
-2.138580,-10.614420,-0.176580,0.988000,-0.204000,-0.242000
-2.334780,-10.300500,-0.117720,0.875000,-0.263000,-0.139000
-2.746800,-9.937530,0.058860,0.711000,-0.216000,-0.048000
-2.678130,-9.525510,0.490500,0.500000,-0.058000,0.062000
-1.971810,-9.702090,0.392400,0.336000,-0.021000,0.169000
-0.686700,-9.388170,0.873090,0.230000,-0.199000,0.240000
0.235440,-8.554320,1.559790,0.082000,-0.376000,0.239000
-0.696510,-7.965720,2.069910,0.016000,-0.438000,0.180000
-1.481310,-8.887860,1.500930,0.013000,-0.477000,0.142000
-0.755370,-10.084680,1.608840,-0.022000,-0.629000,0.037000
-0.529740,-9.633420,2.315160,-0.061000,-0.691000,-0.066000
-0.706320,-7.975530,1.383210,-0.029000,-0.676000,-0.096000
-1.177200,-8.328690,2.226870,0.035000,-0.804000,-0.002000
-0.196200,-8.613180,2.040480,0.046000,-1.079000,0.130000
-0.255060,-8.240400,2.168010,0.179000,-1.262000,0.218000
-2.334780,-8.034390,3.001860,0.273000,-1.108000,0.200000
-2.599650,-7.592940,2.315160,0.384000,-1.015000,0.230000
-0.941760,-6.611940,2.472120,0.511000,-1.129000,0.327000
-1.383210,-6.553080,1.805040,0.696000,-1.188000,0.440000
-3.472740,-5.081580,2.315160,0.736000,-1.098000,0.448000
-5.660370,-8.554320,3.001860,1.293000,-1.262000,0.332000
-5.709420,-15.283980,6.572700,1.479001,-1.236000,-0.012000
-4.669560,-18.737100,9.721710,1.562001,-1.126000,0.280000
-6.327450,-15.156450,8.995770,1.168000,-0.874000,0.645000
-6.170490,-12.654900,5.856570,0.621000,-0.332000,0.408000
-4.591080,-11.428650,4.218300,0.350000,-0.002000,0.074000
-1.873710,-10.202400,3.639510,0.292000,-0.015000,0.068000
-0.568980,-7.720470,5.130630,0.114000,-0.120000,0.225000
-1.579410,-6.670800,4.139820,0.197000,-0.361000,0.144000
-2.413260,-6.602130,5.091390,0.224000,-0.461000,-0.081000
-3.031290,-7.043580,4.542030,0.279000,-0.393000,-0.259000
-2.374020,-7.485030,5.287590,0.366000,-0.330000,-0.325000
-1.922760,-7.759710,5.297400,0.464000,-0.310000,-0.350000
-2.736990,-8.112870,6.131250,0.469000,-0.344000,-0.373000
-2.825280,-8.740710,5.827140,0.429000,-0.219000,-0.446000
-2.295540,-9.574560,5.277780,0.361000,-0.055000,-0.491000
-2.118960,-9.829620,5.189490,0.314000,0.003000,-0.452000
-2.324970,-9.859050,5.209110,0.218000,0.047000,-0.422000
-1.844280,-8.809380,5.886000,0.039000,0.127000,-0.464000
-1.108530,-7.779330,5.591700,0.021000,0.085000,-0.655000
-0.696510,-9.221400,4.316400,0.120000,0.058000,-0.714000
-1.697130,-9.280260,5.179680,0.085000,0.171000,-0.719000
-2.334780,-8.475840,4.846140,-0.012000,0.382000,-0.748000
-2.756610,-8.946720,4.600890,-0.016000,0.591000,-0.754000
-1.500930,-9.447030,4.237920,-0.073000,0.720000,-0.670000
-0.578790,-9.427410,4.434120,-0.127000,0.726000,-0.613000
-0.078480,-9.172350,4.640130,-0.159000,0.664000,-0.617000
0.156960,-9.319500,4.630320,-0.194000,0.613000,-0.638000
0.049050,-9.721710,4.424310,-0.221000,0.607000,-0.653000
-0.431640,-8.838810,4.551840,-0.264000,0.631000,-0.630000
-0.343350,-8.171730,4.836330,-0.242000,0.628000,-0.503000
0.627840,-8.652420,4.080960,-0.228000,0.623000,-0.450000
1.196820,-8.936910,4.316400,-0.236000,0.493000,-0.495000
1.677510,-8.230590,4.875570,-0.193000,0.430000,-0.572000

