-.-.-
1.706940,-4.463550,1.088910,0.099000,-0.849000,-0.165000
1.451880,-4.689180,1.294920,-0.017000,-0.994000,-0.222000
1.275300,-5.130630,1.402830,-0.166000,-1.150000,-0.120000
0.392400,-5.297400,1.677510,-0.152000,-1.255000,0.063000
0.784800,-5.876190,2.128770,-0.300000,-1.322000,0.252000
0.774990,-6.788520,1.589220,-0.278000,-1.301000,0.320000
0.892710,-7.357500,2.236680,-0.263000,-1.376000,0.337000
0.500310,-8.004960,3.433500,0.029000,-1.254000,0.340000
-0.716130,-10.781190,2.844900,0.174000,-0.808000,0.317000
-2.658510,-12.497940,4.375260,0.324000,-0.294000,0.230000
-3.374640,-12.703950,5.964480,0.651000,0.528000,0.184000
-1.304730,-13.508370,3.973050,0.414000,0.885000,0.267000
1.628460,-14.126400,-0.912330,0.074000,0.603000,0.393000
0.882900,-17.412750,-6.700230,-0.087000,0.482000,-0.249000
-3.472740,-18.079830,-6.121440,0.863000,0.580000,-1.410001
1.442070,-14.234310,-2.383830,1.524001,0.394000,-1.093000
4.031910,-9.760950,-0.882900,0.462000,0.468000,-0.066000
1.814850,-8.515080,0.098100,-0.563000,0.690000,0.304000
0.078480,-13.066920,0.922140,-0.580000,0.536000,0.242000
-1.579410,-14.038110,1.206630,-0.040000,0.870000,-0.156000
-2.285730,-10.153350,0.156960,0.356000,1.174000,-0.108000
-1.432260,-7.357500,0.402210,0.466000,1.518001,0.022000
-0.931950,-6.268590,0.686700,0.335000,1.758001,0.055000
-1.569600,-5.601510,0.873090,-0.048000,1.688001,0.073000
-2.148390,-5.670180,0.882900,-0.274000,1.682001,0.154000
-1.746180,-5.984100,1.059480,-0.234000,1.845001,0.265000
-1.030050,-5.974290,1.353780,-0.064000,1.992001,0.284000
0.029430,-5.640750,2.060100,0.094000,1.984001,0.122000
0.755370,-5.199300,2.530980,0.032000,1.914001,-0.135000
0.922140,-5.415120,3.482550,-0.007000,1.973001,-0.400000
-0.107910,-6.847380,2.295540,-0.153000,1.899001,-0.379000
-0.774990,-8.711280,1.677510,-0.134000,1.634001,-0.147000
1.854090,-12.027060,0.971190,0.302000,0.875000,0.214000
4.188870,-11.497320,2.943000,0.683000,0.116000,0.433000
2.462310,-9.476460,4.463550,0.734000,-0.462000,0.581000
-0.971190,-9.574560,3.168630,0.521000,-0.486000,0.395000
0.353160,-16.186500,-0.667080,0.160000,-0.335000,0.151000
3.580650,-23.573430,-3.384450,0.220000,-0.186000,0.625000
3.099960,-17.785530,-5.660370,0.194000,0.549000,0.942000
-2.187630,-13.979250,-3.011670,0.717000,0.896000,0.341000
-3.806280,-12.703950,-1.285110,0.338000,0.707000,-0.433000
-3.041100,-12.095730,0.873090,-0.471000,0.750000,-0.436000
-1.589220,-12.448890,2.629080,-0.250000,1.315000,-0.305000
0.402210,-13.223880,2.432880,-0.092000,1.825001,-0.326000
1.805040,-10.231830,1.549980,-0.405000,2.206001,-0.388000
2.138580,-7.220160,1.137960,-0.228000,2.095001,-0.391000
2.383830,-5.464170,1.010430,-0.002000,1.790001,-0.364000
2.746800,-4.532220,1.216440,-0.021000,1.484001,-0.316000
2.501550,-5.189490,1.334160,-0.164000,1.128000,-0.118000
1.667700,-5.856570,1.226250,-0.218000,0.829000,0.162000
1.314540,-6.150870,1.343970,-0.233000,0.628000,0.373000
0.843660,-6.199920,1.971810,-0.118000,0.539000,0.410000
0.922140,-5.964480,2.560410,-0.117000,0.526000,0.362000
1.618650,-6.611940,2.452500,-0.153000,0.544000,0.326000
1.863900,-7.347690,2.530980,-0.083000,0.759000,0.345000
1.010430,-8.819190,3.050910,-0.075000,0.917000,0.505000
0.255060,-10.182780,3.129390,-0.330000,1.207000,0.744000
0.274680,-11.330550,2.158200,-0.496000,1.310000,0.901000
0.264870,-10.722330,2.403450,-0.031000,1.119000,1.010000
1.353780,-9.417600,0.931950,0.289000,1.091000,0.756000
3.453120,-11.673900,-8.583750,-0.500000,1.386000,-0.136000
-3.649320,-22.425660,-10.506510,-0.971000,2.022001,-1.736001
-10.104300,-20.061450,-5.160060,0.208000,1.691001,-1.521001
-0.981000,-13.165020,-2.835090,-0.170000,2.107001,-0.578000
2.746800,-7.926480,0.088290,-0.170000,2.896001,0.420000
1.805040,-9.505890,0.657270,0.062000,3.279001,0.575000
-0.519930,-12.782430,-0.519930,0.379000,3.204001,0.266000
-3.394260,-13.920390,0.421830,0.325000,3.316001,0.014000
-4.561650,-10.359360,1.363590,0.549000,3.436001,0.065000
-4.434120,-7.485030,2.128770,0.727000,3.990001,0.095000
-3.668940,-7.877430,1.981620,0.669000,4.577002,0.342000
-2.158200,-10.349550,2.442690,0.340000,4.721002,0.590000
1.079100,-9.633420,3.276540,0.346000,4.633002,0.620000
2.442690,-8.073630,2.413260,0.237000,4.312002,0.508000
2.727180,-6.847380,1.648080,0.263000,3.619001,0.365000
3.070530,-7.288830,1.912950,0.403000,2.988001,0.170000
2.825280,-8.181540,2.717370,0.197000,2.499001,-0.084000
2.599650,-8.573940,3.590460,-0.130000,2.294001,-0.262000
3.080340,-8.760330,3.433500,-0.301000,2.473001,-0.224000
3.443310,-7.867620,-0.019620,0.035000,2.318001,-0.017000
2.089530,-8.799570,0.039240,0.334000,1.418001,0.155000
2.609460,-11.801430,-0.274680,0.177000,0.710000,0.182000
4.149630,-12.566610,0.627840,0.285000,0.232000,0.120000
2.854710,-10.555560,2.943000,0.321000,0.076000,-0.181000
0.804420,-10.732140,0.058860,0.298000,0.283000,-0.553000
-0.088290,-15.705810,-3.668940,0.750000,0.671000,-0.567000
-0.735750,-16.421940,-3.178440,1.002000,0.809000,-0.198000
-3.109770,-11.830860,-2.678130,0.926000,1.461001,-0.161000
-4.689180,-9.280260,-2.403450,0.664000,1.722001,-0.320000
-2.756610,-9.996390,-0.833850,0.375000,1.970001,-0.323000
-0.892710,-11.595420,-0.892710,0.061000,2.072001,0.096000
0.686700,-10.879290,-0.117720,0.042000,2.202001,0.246000
1.039860,-9.515700,-0.470880,-0.100000,2.345001,-0.065000
0.843660,-8.240400,-0.029430,-0.068000,2.303001,-0.303000
0.794610,-7.406550,0.255060,-0.082000,2.320001,-0.326000
0.245250,-6.651180,0.667080,-0.184000,2.470001,-0.253000
-0.166770,-6.356880,1.343970,-0.107000,2.511001,-0.150000
-0.029430,-6.660990,1.795230,-0.029000,2.364001,0.008000
0.539550,-6.572700,1.667700,-0.011000,2.132001,0.131000
1.628460,-7.141680,1.785420,-0.032000,1.788001,0.216000
3.011670,-8.367930,1.520550,-0.247000,1.430001,0.311000
4.306590,-10.320120,0.941760,-0.422000,1.208000,0.410000
4.551840,-11.458080,0.971190,-0.416000,0.996000,0.472000
3.590460,-10.741950,0.774990,-0.228000,0.688000,0.445000
1.893330,-9.957150,2.001240,0.074000,0.418000,0.328000
0.990810,-10.594800,3.011670,0.216000,0.222000,0.129000
0.598410,-12.134970,3.708180,0.280000,0.132000,-0.039000
1.039860,-14.195070,4.110390,0.329000,0.383000,-0.129000
2.226870,-15.038730,3.296160,0.553000,0.861000,-0.203000
2.079720,-15.686190,0.029430,0.470000,1.134000,-0.294000
0.461070,-15.225120,-2.432880,0.656000,1.127000,-0.476000
-0.245250,-11.350170,-2.521170,0.962000,0.850000,-0.440000
0.245250,-9.162540,-3.992670,0.795000,0.381000,-0.198000
0.323730,-7.798950,-3.767040,0.327000,0.322000,-0.123000
0.333540,-7.946100,-3.031290,0.033000,0.261000,-0.107000
0.882900,-10.192590,-3.149010,-0.210000,0.239000,-0.163000
1.108530,-12.350790,-1.706940,-0.193000,0.410000,-0.216000
0.961380,-11.644470,-1.118340,-0.116000,0.627000,-0.093000
0.451260,-9.339120,-0.833850,0.052000,0.727000,0.089000
-0.529740,-7.014150,-0.510120,0.190000,0.652000,0.208000
-1.275300,-6.160680,-0.058860,0.333000,0.491000,0.206000
-1.167390,-6.867000,-0.088290,0.252000,0.462000,0.126000
-1.167390,-7.563510,0.009810,-0.022000,0.515000,0.051000
-1.648080,-7.318260,0.470880,-0.098000,0.667000,-0.011000
-1.628460,-6.847380,0.735750,-0.007000,0.912000,0.043000
-0.882900,-6.867000,1.275300,0.117000,1.114000,0.054000
-0.294300,-7.671420,2.118960,0.094000,1.233000,-0.035000
0.264870,-7.877430,2.992050,-0.011000,1.360000,-0.177000

