-.-.-
2.923380,-10.290690,2.266110,0.038000,0.150000,0.692000
0.873090,-9.947340,2.285730,0.155000,0.154000,0.650000
-1.491120,-11.193210,2.599650,0.160000,0.029000,0.588000
-2.835090,-11.575800,4.031910,0.207000,0.107000,0.550000
-2.423070,-11.163780,5.326830,0.376000,0.688000,0.378000
-0.402210,-11.536560,5.846760,0.157000,1.250000,0.098000
2.099340,-11.046060,3.590460,-0.202000,1.444001,-0.141000
3.708180,-9.888480,-1.442070,0.442000,1.582001,-0.105000
2.668320,-11.467890,-1.657890,1.189000,0.862000,-0.013000
-0.902520,-13.537800,-4.159440,-0.280000,0.256000,-0.257000
-8.014770,-15.362460,-3.423690,-0.627000,0.747000,-1.377000
-5.797710,-10.094490,-3.413880,0.282000,1.552001,-1.364000
1.412640,-8.024580,-2.236680,0.028000,2.292001,-0.963000
4.031910,-8.976150,-0.461070,-0.422000,2.704001,-0.204000
3.099960,-12.802050,-0.245250,-0.438000,2.648001,0.230000
0.156960,-13.429890,-1.157580,-0.239000,2.575001,0.221000
-3.325590,-11.899530,-1.177200,-0.048000,2.452001,0.150000
-4.777470,-9.937530,-0.088290,0.181000,2.628001,-0.006000
-3.541410,-8.309070,1.412640,0.281000,2.885001,-0.151000
-2.324970,-7.897050,2.177820,0.234000,3.163001,-0.146000
-2.020860,-8.191350,2.432880,-0.010000,3.357001,0.022000
-1.324350,-9.113490,2.374020,-0.119000,3.687001,0.223000
0.019620,-9.672660,2.472120,-0.117000,3.985001,0.292000
-0.029430,-8.907480,2.432880,-0.242000,3.929001,0.253000
-0.657270,-7.494840,2.109150,-0.148000,3.589001,0.098000
0.206010,-7.357500,2.011050,0.000000,3.250001,-0.153000
1.618650,-7.651800,2.530980,0.032000,2.889001,-0.404000
2.285730,-7.887240,4.080960,-0.588000,2.754001,-0.407000
2.786040,-7.867620,-1.383210,-0.201000,2.271001,-0.139000
3.031290,-8.544510,-0.058860,0.246000,1.320000,0.142000
5.199300,-11.183400,0.264870,0.120000,0.632000,0.348000
5.081580,-9.947340,2.158200,0.227000,0.247000,0.313000
1.334160,-9.437220,2.344590,0.172000,-0.006000,0.103000
-1.952190,-9.800190,1.255680,0.237000,0.151000,-0.118000
-4.247730,-12.527370,1.432260,0.760000,0.687000,-0.344000
-4.061340,-16.775100,-1.549980,0.511000,1.367000,-0.284000
-0.588600,-18.629190,-2.423070,0.393000,1.514001,0.153000
1.314540,-13.949820,-2.491740,0.689000,2.090001,0.124000
-1.324350,-9.447030,-3.050910,0.517000,2.195001,-0.050000
-1.903140,-8.358120,-2.020860,0.241000,2.000001,-0.200000
-0.706320,-9.613800,-1.128150,0.073000,2.007001,-0.211000
0.755370,-10.692900,-0.529740,-0.078000,2.114001,-0.082000
1.343970,-10.977390,-0.176580,-0.233000,2.203001,-0.264000
1.098720,-10.212210,0.127530,-0.177000,2.230001,-0.572000
1.069290,-8.573940,0.431640,0.047000,2.198001,-0.625000
1.245870,-7.239780,0.755370,0.117000,2.221001,-0.535000
1.530360,-6.700230,1.000620,0.044000,2.230001,-0.434000
1.648080,-7.269210,1.147770,0.008000,2.162001,-0.291000
1.893330,-7.955910,1.088910,-0.203000,1.999001,-0.079000
1.471500,-8.642610,0.882900,-0.106000,1.771001,-0.003000
1.530360,-8.338500,1.137960,-0.144000,1.591001,0.067000
1.608840,-7.612560,1.559790,-0.117000,1.518001,0.121000
1.863900,-7.789140,1.579410,-0.128000,1.419001,0.177000
2.030670,-9.093870,1.432260,-0.210000,1.267000,0.325000
2.629080,-10.663470,1.137960,-0.235000,1.143000,0.520000
2.903760,-10.408410,1.393020,-0.112000,1.027000,0.605000
2.727180,-9.280260,1.442070,0.049000,0.766000,0.572000
2.118960,-9.064440,1.442070,0.126000,0.498000,0.487000
1.079100,-10.692900,1.393020,0.020000,0.391000,0.468000
0.274680,-12.703950,1.971810,-0.125000,0.534000,0.446000
-0.392400,-13.547610,2.315160,-0.367000,0.870000,0.274000
-0.009810,-13.498560,2.805660,-0.559000,1.010000,0.141000
2.295540,-11.565990,1.265490,-0.294000,1.341000,0.138000
3.551220,-10.781190,0.215820,0.660000,0.917000,0.121000
3.561030,-10.810620,-1.746180,0.565000,0.604000,0.042000
1.236060,-12.870720,-3.217680,0.271000,0.643000,-0.184000
-2.079720,-12.507750,-4.159440,0.299000,0.563000,-0.322000
-2.825280,-9.133110,-4.002480,0.277000,0.606000,-0.296000
-1.147770,-7.583130,-3.355020,-0.008000,0.846000,-0.196000
-0.323730,-8.191350,-2.923380,-0.287000,1.064000,-0.004000
0.598410,-10.997010,-1.618650,-0.329000,1.318000,0.092000
0.637650,-12.380220,-1.334160,-0.180000,1.507001,0.261000
0.382590,-10.418220,-1.108530,-0.016000,1.564001,0.376000
-0.657270,-8.446410,-0.951570,0.133000,1.466001,0.393000
-0.922140,-8.073630,-0.618030,0.262000,1.455001,0.294000
-1.177200,-8.367930,-0.362970,0.196000,1.575001,0.267000
-1.432260,-8.201160,0.176580,0.087000,1.731001,0.318000
-1.746180,-8.054010,0.451260,0.030000,1.921001,0.391000
-1.157580,-7.946100,0.539550,0.024000,2.107001,0.450000
-0.255060,-7.789140,0.402210,0.065000,2.161001,0.379000
0.137340,-7.916670,0.892710,0.057000,2.030001,0.243000
0.519930,-7.779330,1.451880,-0.028000,1.767001,0.100000
1.187010,-7.367310,1.442070,-0.047000,1.514001,-0.100000
1.471500,-7.426170,1.294920,0.070000,1.310000,-0.299000
1.775610,-8.152110,1.275300,0.216000,1.197000,-0.443000
0.853470,-9.682470,0.196200,0.314000,0.781000,-0.378000
-0.421830,-11.458080,0.529740,0.401000,0.290000,-0.213000
0.225630,-13.527990,0.186390,0.176000,0.161000,-0.125000
0.519930,-13.449510,1.236060,0.176000,-0.122000,-0.119000
0.166770,-12.851100,1.677510,0.099000,-0.380000,-0.298000
-0.274680,-13.214070,0.412020,0.520000,-0.044000,-0.378000
-0.284490,-15.764670,-1.010430,0.582000,0.091000,-0.112000
-0.029430,-15.784290,-3.041100,0.597000,-0.002000,0.365000
-0.049050,-11.615040,-2.913570,0.824000,0.109000,0.472000
-0.637650,-8.730900,-3.158820,0.838000,0.243000,0.178000
-0.549360,-7.308450,-2.668320,0.286000,0.207000,-0.045000
-0.372780,-9.123300,-2.187630,-0.064000,0.404000,-0.118000
0.186390,-12.478320,-2.197440,-0.281000,0.493000,0.032000
0.412020,-11.664090,-1.442070,-0.187000,0.380000,0.163000
-0.206010,-9.662850,-1.677510,0.111000,0.205000,-0.013000
-0.019620,-8.387550,-1.285110,0.297000,0.031000,-0.216000
0.618030,-7.583130,-0.500310,0.310000,-0.088000,-0.307000
1.549980,-7.004340,0.029430,0.224000,-0.120000,-0.310000
2.128770,-6.867000,0.264870,0.140000,-0.005000,-0.327000
2.364210,-6.906240,0.343350,0.070000,0.027000,-0.311000
2.079720,-7.259400,0.166770,0.093000,-0.153000,-0.175000
1.118340,-7.269210,0.510120,0.163000,-0.473000,0.031000
0.657270,-6.837570,1.255680,0.139000,-0.659000,0.167000
0.117720,-6.651180,1.765800,0.096000,-0.753000,0.265000
0.245250,-7.337880,2.011050,0.033000,-0.831000,0.373000
0.971190,-8.524890,1.971810,0.093000,-0.897000,0.475000
1.932570,-9.535320,1.471500,0.181000,-0.806000,0.505000
1.903140,-9.427410,1.903140,0.308000,-0.536000,0.433000
-0.451260,-10.123920,1.599030,0.173000,-0.469000,0.318000
-3.129390,-11.801430,2.109150,0.062000,-0.146000,0.136000
-4.689180,-12.458700,3.580650,0.088000,0.331000,-0.041000
-3.492360,-13.174830,2.550600,-0.104000,0.565000,-0.198000
-0.255060,-11.762190,4.434120,-0.217000,0.612000,-0.199000
3.668940,-11.006820,1.245870,0.964000,0.791000,-0.244000
5.091390,-13.282740,0.274680,1.722001,0.197000,-0.191000
3.335400,-14.577660,-3.041100,0.889000,-0.345000,-0.373000
-0.843660,-15.764670,-4.492980,0.339000,-0.538000,-0.859000
-2.638890,-11.467890,-2.393640,0.680000,-0.909000,-0.727000
0.196200,-8.583750,-2.560410,0.050000,-0.578000,-0.405000
0.843660,-8.358120,-1.628460,-0.158000,-0.120000,-0.111000
1.137960,-11.438460,-0.529740,-0.319000,0.253000,0.022000
1.069290,-14.587470,0.029430,-0.178000,0.575000,0.043000
-0.009810,-11.752380,0.372780,0.212000,0.531000,0.048000

