-.-.-
-0.333540,-7.229970,6.857190,0.000000,-0.001000,-0.001000
-0.353160,-7.239780,6.847380,0.000000,0.001000,0.000000
-0.343350,-7.229970,6.857190,0.000000,0.001000,-0.001000
-0.353160,-7.229970,6.857190,0.001000,0.000000,0.000000
-0.343350,-7.229970,6.867000,0.000000,0.003000,0.000000
-0.333540,-7.239780,6.857190,0.001000,0.003000,-0.001000
-0.343350,-7.229970,6.857190,0.001000,0.000000,0.000000
-0.343350,-7.239780,6.857190,0.001000,0.001000,0.000000
-0.343350,-7.249590,6.847380,0.002000,0.001000,0.000000
-0.343350,-7.229970,6.847380,0.002000,0.001000,-0.001000
-0.353160,-7.229970,6.857190,0.002000,0.000000,0.000000
-0.353160,-7.229970,6.867000,0.004000,0.000000,0.000000
-0.353160,-7.229970,6.857190,0.002000,0.002000,0.000000
-0.343350,-7.239780,6.857190,0.002000,0.003000,0.000000
-0.333540,-7.229970,6.857190,0.005000,0.003000,-0.001000
-0.343350,-7.229970,6.847380,0.005000,0.002000,0.000000
-0.343350,-7.239780,6.857190,0.003000,0.000000,0.000000
-0.343350,-7.220160,6.857190,0.003000,0.000000,0.000000
-0.333540,-7.229970,6.857190,0.004000,-0.001000,0.000000
-0.323730,-7.229970,6.867000,0.005000,0.000000,0.000000
-0.353160,-7.229970,6.857190,0.007000,-0.003000,0.000000
-0.382590,-7.220160,6.876810,0.003000,-0.005000,-0.001000
-0.353160,-7.210350,6.837570,0.000000,0.001000,0.000000
-0.323730,-7.220160,6.867000,0.003000,0.006000,-0.001000
-0.343350,-7.229970,6.886620,0.001000,0.008000,-0.003000
-0.362970,-7.239780,6.857190,0.001000,0.000000,0.000000
-0.323730,-7.210350,6.876810,0.000000,-0.004000,0.001000
-0.313920,-7.220160,6.876810,0.002000,-0.004000,-0.001000
-0.353160,-7.210350,6.857190,0.002000,-0.005000,-0.001000
-0.353160,-7.220160,6.847380,0.003000,-0.005000,0.000000
-0.343350,-7.210350,6.847380,0.004000,-0.006000,0.000000
-0.353160,-7.210350,6.867000,0.001000,-0.001000,-0.001000
-0.362970,-7.220160,6.876810,0.000000,0.003000,-0.001000
-0.353160,-7.220160,6.886620,0.000000,0.004000,0.000000
-0.333540,-7.210350,6.896430,0.000000,0.003000,0.000000
-0.323730,-7.220160,6.876810,-0.004000,0.000000,0.000000
-0.343350,-7.200540,6.876810,-0.002000,0.002000,0.000000
-0.343350,-7.229970,6.867000,-0.003000,0.005000,0.000000
-0.333540,-7.210350,6.847380,-0.002000,0.002000,0.001000
-0.323730,-7.220160,6.867000,-0.001000,-0.002000,0.001000
-0.323730,-7.210350,6.876810,-0.001000,-0.001000,0.000000
-0.343350,-7.210350,6.886620,0.000000,0.000000,0.000000
-0.353160,-7.210350,6.886620,0.001000,0.001000,0.000000
-0.343350,-7.200540,6.886620,0.000000,0.001000,0.000000
-0.343350,-7.190730,6.896430,0.000000,0.000000,0.000000
-0.343350,-7.200540,6.876810,0.000000,0.001000,0.000000
-0.343350,-7.210350,6.886620,0.000000,0.002000,0.000000
-0.353160,-7.200540,6.876810,-0.001000,-0.001000,0.000000
-0.343350,-7.210350,6.896430,-0.002000,0.000000,0.000000
-0.333540,-7.210350,6.886620,-0.003000,0.000000,0.000000
-0.343350,-7.210350,6.876810,-0.001000,0.000000,0.000000
-0.353160,-7.210350,6.867000,-0.004000,-0.001000,0.000000
-0.343350,-7.210350,6.867000,-0.003000,0.000000,0.000000
-0.343350,-7.200540,6.876810,-0.003000,0.000000,0.000000
-0.343350,-7.210350,6.896430,-0.003000,0.000000,0.001000
-0.343350,-7.210350,6.876810,-0.004000,-0.002000,0.001000
-0.353160,-7.210350,6.896430,-0.005000,-0.002000,0.001000
-0.343350,-7.200540,6.896430,-0.005000,0.000000,0.001000
-0.323730,-7.210350,6.896430,-0.006000,0.000000,0.001000
-0.343350,-7.210350,6.876810,-0.004000,-0.001000,0.001000
-0.362970,-7.210350,6.876810,-0.004000,-0.006000,0.001000
-0.353160,-7.200540,6.857190,-0.008000,-0.003000,0.001000
-0.343350,-7.190730,6.906240,-0.004000,0.000000,0.001000
-0.353160,-7.229970,6.916050,-0.002000,0.003000,0.000000
-0.343350,-7.210350,6.896430,-0.006000,0.002000,0.001000
-0.333540,-7.210350,6.886620,-0.005000,-0.006000,0.003000
-0.323730,-7.190730,6.906240,-0.001000,-0.004000,0.002000
-0.353160,-7.210350,6.876810,-0.001000,-0.004000,0.000000
-0.353160,-7.210350,6.857190,0.000000,-0.004000,0.000000
-0.333540,-7.220160,6.857190,0.000000,-0.002000,0.000000
-0.353160,-7.210350,6.867000,0.000000,-0.004000,0.001000
-0.362970,-7.210350,6.876810,0.000000,-0.001000,0.000000
-0.353160,-7.210350,6.896430,-0.001000,0.003000,0.000000
-0.353160,-7.220160,6.886620,-0.002000,0.002000,0.000000
-0.323730,-7.220160,6.867000,-0.003000,0.004000,0.000000
-0.343350,-7.200540,6.886620,-0.005000,0.000000,0.000000
-0.343350,-7.229970,6.857190,-0.002000,0.000000,0.000000
-0.343350,-7.220160,6.857190,-0.003000,0.001000,-0.001000
-0.333540,-7.220160,6.847380,-0.001000,-0.003000,0.001000
-0.333540,-7.210350,6.876810,0.001000,-0.003000,0.000000
-0.333540,-7.220160,6.886620,0.000000,-0.003000,-0.001000
-0.362970,-7.210350,6.876810,0.001000,0.000000,-0.001000
-0.362970,-7.220160,6.876810,0.000000,0.003000,0.000000
-0.333540,-7.220160,6.876810,0.000000,0.004000,0.000000
-0.343350,-7.220160,6.876810,0.000000,0.004000,-0.001000
-0.343350,-7.210350,6.857190,0.000000,0.003000,0.000000
-0.343350,-7.220160,6.867000,0.000000,0.004000,0.000000
-0.343350,-7.229970,6.867000,0.000000,0.001000,0.000000
-0.343350,-7.220160,6.857190,0.000000,0.000000,0.000000
-0.343350,-7.220160,6.867000,0.002000,-0.001000,0.000000
-0.353160,-7.229970,6.847380,0.000000,-0.001000,0.000000
-0.343350,-7.239780,6.857190,0.001000,-0.003000,0.001000
-0.343350,-7.220160,6.876810,0.001000,-0.001000,0.000000
-0.343350,-7.220160,6.867000,0.001000,0.000000,0.000000
-0.343350,-7.229970,6.867000,0.003000,0.000000,0.000000
-0.353160,-7.229970,6.867000,0.001000,0.000000,0.000000
-0.353160,-7.210350,6.876810,0.001000,0.000000,0.000000
-0.343350,-7.220160,6.876810,0.003000,0.000000,0.000000
-0.343350,-7.220160,6.867000,0.001000,0.000000,0.000000
-0.333540,-7.229970,6.876810,0.001000,0.001000,-0.001000
-0.353160,-7.220160,6.867000,0.002000,-0.004000,-0.001000
-0.343350,-7.210350,6.847380,0.000000,0.000000,0.000000
-0.323730,-7.220160,6.857190,0.000000,0.002000,0.000000
-0.343350,-7.239780,6.867000,-0.001000,0.007000,-0.003000
-0.362970,-7.249590,6.857190,0.000000,0.000000,0.000000
-0.343350,-7.220160,6.857190,-0.003000,0.000000,0.000000
-0.323730,-7.229970,6.876810,0.003000,0.000000,0.000000
-0.343350,-7.220160,6.847380,0.000000,-0.005000,-0.002000
-0.343350,-7.229970,6.837570,0.002000,-0.004000,0.000000
-0.343350,-7.239780,6.847380,0.001000,-0.004000,0.000000
-0.353160,-7.220160,6.857190,0.002000,-0.002000,0.000000
-0.343350,-7.229970,6.857190,0.002000,-0.001000,0.000000
-0.353160,-7.229970,6.876810,0.001000,0.000000,0.000000
-0.353160,-7.220160,6.876810,0.000000,0.002000,0.000000
-0.343350,-7.239780,6.857190,0.001000,0.001000,0.001000
-0.343350,-7.220160,6.876810,-0.001000,0.000000,0.000000
-0.343350,-7.229970,6.837570,0.000000,0.004000,0.000000
-0.343350,-7.229970,6.857190,-0.002000,0.002000,0.000000
-0.343350,-7.229970,6.847380,-0.001000,0.000000,0.001000
-0.333540,-7.239780,6.867000,0.000000,0.000000,0.000000
-0.333540,-7.239780,6.857190,0.001000,0.000000,0.000000
-0.353160,-7.229970,6.847380,0.001000,0.000000,-0.001000
-0.353160,-7.220160,6.857190,0.002000,0.000000,0.000000
-0.343350,-7.229970,6.867000,0.002000,0.002000,0.000000
-0.343350,-7.229970,6.867000,0.001000,0.004000,-0.001000
-0.343350,-7.229970,6.867000,0.001000,0.004000,0.000000
-0.343350,-7.229970,6.867000,0.000000,0.002000,0.000000
-0.343350,-7.229970,6.857190,0.001000,0.001000,0.000000

