-.-.-
-0.568980,-9.947340,0.490500,-0.029000,0.061000,0.035000
-0.539550,-9.859050,0.382590,-0.038000,0.069000,0.026000
-0.539550,-9.849240,0.343350,-0.060000,0.063000,0.015000
-0.539550,-9.878670,0.421830,-0.064000,0.060000,0.015000
-0.490500,-9.888480,0.372780,-0.048000,0.071000,0.029000
-0.431640,-9.947340,0.255060,-0.072000,0.046000,0.050000
-0.392400,-9.986580,0.264870,-0.100000,-0.015000,0.064000
-0.431640,-10.006200,0.196200,-0.096000,-0.040000,0.058000
-0.608220,-9.908100,0.215820,-0.075000,-0.062000,0.045000
-0.912330,-9.937530,0.313920,-0.072000,-0.079000,0.038000
-1.010430,-9.917910,0.362970,-0.080000,-0.070000,0.032000
-1.010430,-9.898290,0.313920,-0.103000,-0.050000,0.036000
-1.010430,-9.937530,0.264870,-0.127000,-0.050000,0.052000
-1.020240,-10.084680,0.274680,-0.138000,-0.026000,0.061000
-1.010430,-9.986580,0.225630,-0.142000,-0.005000,0.061000
-1.030050,-9.721710,0.137340,-0.106000,0.010000,0.066000
-1.137960,-9.702090,0.245250,-0.080000,0.015000,0.066000
-1.275300,-9.702090,0.255060,-0.066000,0.046000,0.060000
-1.285110,-9.741330,0.343350,-0.059000,0.078000,0.050000
-1.216440,-9.859050,0.353160,-0.065000,0.116000,0.041000
-1.187010,-9.800190,0.245250,-0.054000,0.153000,0.033000
-1.098720,-9.613800,0.098100,0.004000,0.175000,0.034000
-1.020240,-9.613800,0.176580,0.039000,0.174000,0.029000
-1.079100,-9.633420,0.313920,0.038000,0.178000,0.010000
-1.137960,-9.613800,0.343350,0.026000,0.178000,-0.018000
-1.088910,-9.653040,0.264870,0.017000,0.163000,-0.043000
-1.088910,-9.584370,0.166770,0.014000,0.147000,-0.065000
-1.000620,-9.554940,0.137340,0.021000,0.138000,-0.080000
-0.843660,-9.535320,0.176580,0.030000,0.122000,-0.099000
-0.794610,-9.554940,0.284490,0.034000,0.085000,-0.119000
-0.804420,-9.682470,0.353160,0.022000,0.053000,-0.135000
-0.804420,-9.868860,0.304110,0.006000,0.037000,-0.155000
-0.774990,-10.045440,0.166770,0.005000,0.028000,-0.173000
-0.735750,-10.143540,0.078480,-0.001000,0.013000,-0.178000
-0.696510,-10.143540,0.029430,-0.008000,-0.016000,-0.172000
-0.549360,-10.153350,-0.058860,-0.019000,-0.040000,-0.157000
-0.402210,-10.163160,-0.058860,-0.033000,-0.064000,-0.130000
-0.382590,-10.114110,-0.088290,-0.009000,-0.094000,-0.102000
-0.529740,-9.957150,0.009810,-0.006000,-0.129000,-0.087000
-0.686700,-9.878670,0.009810,-0.049000,-0.159000,-0.098000
-0.863280,-9.898290,0.000000,-0.094000,-0.185000,-0.114000
-0.814230,-9.966960,0.000000,-0.108000,-0.187000,-0.132000
-0.706320,-9.957150,-0.029430,-0.129000,-0.161000,-0.159000
-0.412020,-9.741330,0.029430,-0.137000,-0.124000,-0.189000
-0.196200,-9.908100,-0.068670,-0.143000,-0.089000,-0.209000
-0.225630,-10.143540,-0.215820,-0.222000,-0.066000,-0.205000
-0.068670,-10.123920,-0.156960,-0.239000,-0.071000,-0.171000
0.029430,-10.123920,-0.245250,-0.235000,-0.053000,-0.166000
-0.137340,-10.006200,-0.451260,-0.248000,-0.017000,-0.200000
-0.147150,-9.966960,-0.647460,-0.285000,0.052000,-0.234000
0.127530,-9.976770,-0.853470,-0.325000,0.080000,-0.208000
0.382590,-10.016010,-0.941760,-0.362000,0.068000,-0.148000
0.402210,-9.878670,-0.814230,-0.405000,0.058000,-0.092000
0.264870,-9.770760,-0.774990,-0.445000,0.075000,-0.068000
0.058860,-9.790380,-0.951570,-0.497000,0.174000,-0.081000
0.176580,-9.741330,-1.226250,-0.533000,0.250000,-0.062000
0.598410,-9.849240,-1.549980,-0.563000,0.250000,0.000000
0.990810,-10.065060,-1.716750,-0.603000,0.191000,0.050000
1.108530,-10.065060,-1.824660,-0.622000,0.111000,0.039000
0.912330,-10.025820,-1.922760,-0.560000,0.017000,-0.024000
0.637650,-9.957150,-1.893330,-0.516000,-0.041000,-0.102000
0.304110,-10.035630,-1.942380,-0.460000,-0.071000,-0.190000
0.186390,-10.104300,-1.608840,-0.491000,-0.069000,-0.232000
0.313920,-9.888480,-1.736370,-0.546000,-0.004000,-0.216000
0.539550,-9.868860,-1.834470,-0.569000,0.096000,-0.182000
0.686700,-9.917910,-1.903140,-0.644000,0.167000,-0.145000
0.833850,-9.692280,-2.344590,-0.676000,0.190000,-0.116000
1.020240,-9.339120,-2.766420,-0.732000,0.174000,-0.085000
0.990810,-9.103680,-2.697750,-0.714000,0.080000,-0.065000
0.804420,-9.388170,-1.844280,-0.881000,-0.032000,-0.057000
0.824040,-9.554940,-1.471500,-1.110000,-0.261000,-0.103000
1.187010,-8.966340,-2.668320,-1.183000,-0.214000,-0.129000
1.187010,-8.416980,-3.198060,-1.121000,-0.184000,-0.177000
0.598410,-8.269830,-2.943000,-1.052000,-0.169000,-0.240000
0.186390,-8.387550,-2.089530,-1.040000,-0.203000,-0.291000
0.549360,-7.946100,-2.060100,-1.276000,-0.207000,-0.304000
0.627840,-6.817950,-2.717370,-1.455001,-0.049000,-0.361000
0.088290,-6.788520,-3.011670,-1.564001,0.191000,-0.459000
-0.873090,-8.191350,-3.355020,-1.559001,0.198000,-0.500000
-0.637650,-8.897670,-3.884760,-1.528001,0.199000,-0.422000
0.441450,-8.711280,-4.708800,-1.548001,0.204000,-0.241000
1.000620,-8.083440,-4.267350,-1.465001,0.180000,-0.173000
1.187010,-6.759090,-3.433500,-1.526001,0.142000,-0.158000
1.187010,-5.954670,-3.973050,-1.502001,0.125000,-0.156000
1.491120,-6.298020,-4.914810,-1.496001,0.103000,-0.216000
1.559790,-7.200540,-5.444550,-1.398000,0.050000,-0.328000
1.304730,-7.514460,-5.375880,-1.369000,0.010000,-0.385000
1.275300,-7.073010,-5.140440,-1.236000,-0.035000,-0.328000
1.373400,-6.327450,-5.179680,-1.268000,-0.088000,-0.240000
1.294920,-5.679990,-6.111630,-1.238000,-0.036000,-0.209000
1.324350,-6.003720,-6.592320,-1.170000,-0.079000,-0.287000
1.167390,-6.170490,-5.523030,-1.033000,-0.151000,-0.307000
1.098720,-6.062580,-5.895810,-1.005000,-0.122000,-0.276000
0.961380,-5.336640,-6.631560,-0.986000,-0.083000,-0.270000
1.363590,-5.267970,-7.612560,-0.928000,-0.107000,-0.315000
1.667700,-5.473980,-7.210350,-0.862000,-0.208000,-0.328000
2.236680,-5.434740,-7.014150,-0.766000,-0.213000,-0.270000
2.099340,-4.836330,-7.102440,-0.772000,-0.200000,-0.209000
1.500930,-4.777470,-7.641990,-0.759000,-0.231000,-0.262000
1.039860,-4.689180,-7.789140,-0.689000,-0.359000,-0.275000
1.353780,-4.512600,-7.279020,-0.513000,-0.402000,-0.280000
1.520550,-4.041720,-7.406550,-0.483000,-0.341000,-0.308000
0.863280,-3.973050,-7.759710,-0.439000,-0.310000,-0.359000
0.441450,-3.835710,-8.220780,-0.393000,-0.328000,-0.376000
0.902520,-3.865140,-8.054010,-0.260000,-0.297000,-0.354000
1.608840,-4.296780,-8.103060,-0.154000,-0.309000,-0.279000
1.324350,-4.257540,-8.348310,-0.101000,-0.322000,-0.248000
0.716130,-3.982860,-8.632800,-0.039000,-0.334000,-0.252000
0.461070,-3.982860,-8.387550,0.034000,-0.359000,-0.273000
0.441450,-4.139820,-8.534700,0.122000,-0.340000,-0.243000
0.392400,-4.179060,-8.358120,0.244000,-0.290000,-0.203000
0.382590,-4.228110,-8.152110,0.321000,-0.262000,-0.181000
0.392400,-4.188870,-8.515080,0.388000,-0.257000,-0.127000
0.461070,-4.179060,-8.377740,0.473000,-0.258000,-0.072000
0.559170,-4.051530,-8.093250,0.572000,-0.261000,-0.038000
0.725940,-4.022100,-8.063820,0.676000,-0.269000,-0.011000
0.510120,-4.355640,-8.309070,0.744000,-0.279000,0.022000
0.304110,-4.630320,-7.936290,0.797000,-0.286000,0.049000
0.284490,-4.836330,-8.014770,0.834000,-0.228000,0.064000
0.000000,-5.081580,-7.534080,0.867000,-0.095000,0.049000
-0.686700,-5.267970,-7.720470,0.894000,-0.039000,0.018000
-0.549360,-5.120820,-7.759710,0.954000,-0.092000,0.036000
0.127530,-5.228730,-7.435980,1.017000,-0.016000,0.054000
0.039240,-5.444550,-7.004340,1.061000,0.162000,0.038000
-0.519930,-5.630940,-7.445790,1.101000,0.197000,0.044000
0.078480,-5.572080,-6.965100,1.243000,0.113000,0.087000
1.363590,-5.630940,-6.739470,1.344000,0.102000,0.095000
1.304730,-6.258780,-6.778710,1.394000,0.199000,0.155000

