-.-.-
-0.519930,-9.839430,0.402210,0.007000,-0.002000,0.001000
-0.519930,-9.849240,0.382590,0.006000,0.005000,0.000000
-0.539550,-9.898290,0.392400,0.006000,0.005000,0.002000
-0.549360,-9.898290,0.412020,0.004000,0.000000,0.002000
-0.510120,-9.908100,0.412020,0.004000,0.003000,0.001000
-0.480690,-9.898290,0.402210,0.004000,0.002000,0.001000
-0.510120,-9.878670,0.412020,0.001000,-0.002000,0.001000
-0.529740,-9.859050,0.421830,0.001000,-0.001000,0.001000
-0.539550,-9.859050,0.431640,0.002000,-0.002000,0.001000
-0.519930,-9.849240,0.421830,0.004000,-0.003000,0.001000
-0.519930,-9.839430,0.431640,0.004000,-0.004000,0.003000
-0.539550,-9.859050,0.421830,0.004000,-0.004000,0.002000
-0.539550,-9.868860,0.421830,0.003000,-0.004000,0.001000
-0.539550,-9.878670,0.421830,0.006000,-0.007000,0.000000
-0.568980,-9.868860,0.441450,0.006000,-0.009000,0.000000
-0.539550,-9.878670,0.431640,0.006000,-0.003000,-0.003000
-0.529740,-9.888480,0.431640,0.003000,-0.002000,-0.002000
-0.549360,-9.888480,0.441450,0.000000,-0.006000,-0.001000
-0.568980,-9.878670,0.451260,-0.004000,-0.002000,-0.003000
-0.539550,-9.878670,0.451260,-0.002000,-0.003000,-0.004000
-0.559170,-9.868860,0.461070,-0.006000,-0.001000,-0.007000
-0.549360,-9.839430,0.451260,-0.004000,-0.003000,-0.003000
-0.519930,-9.868860,0.441450,-0.006000,0.003000,-0.002000
-0.500310,-9.947340,0.480690,-0.005000,0.000000,-0.004000
-0.568980,-9.908100,0.519930,-0.011000,-0.017000,-0.001000
-0.539550,-9.888480,0.441450,-0.011000,0.003000,-0.002000
-0.519930,-9.868860,0.441450,-0.004000,0.004000,-0.007000
-0.510120,-9.819810,0.461070,-0.001000,-0.002000,-0.006000
-0.529740,-9.819810,0.441450,-0.003000,-0.002000,-0.004000
-0.559170,-9.829620,0.431640,0.000000,-0.004000,-0.006000
-0.559170,-9.839430,0.421830,0.000000,-0.004000,-0.008000
-0.539550,-9.839430,0.412020,0.003000,0.001000,-0.007000
-0.539550,-9.859050,0.431640,0.004000,0.005000,-0.006000
-0.519930,-9.888480,0.431640,0.005000,0.010000,-0.005000
-0.519930,-9.908100,0.461070,0.002000,0.002000,-0.003000
-0.500310,-9.888480,0.461070,-0.001000,0.001000,-0.003000
-0.490500,-9.898290,0.451260,0.000000,0.003000,-0.003000
-0.519930,-9.878670,0.470880,0.000000,0.001000,-0.004000
-0.510120,-9.888480,0.461070,0.000000,-0.001000,-0.004000
-0.490500,-9.868860,0.480690,0.000000,-0.004000,-0.002000
-0.500310,-9.849240,0.480690,0.000000,-0.008000,-0.002000
-0.500310,-9.849240,0.470880,0.000000,-0.004000,-0.002000
-0.490500,-9.849240,0.470880,0.002000,-0.001000,0.001000
-0.510120,-9.839430,0.480690,0.001000,-0.005000,0.002000
-0.500310,-9.859050,0.500310,0.000000,-0.001000,0.002000
-0.490500,-9.859050,0.480690,0.000000,0.001000,0.002000
-0.490500,-9.888480,0.490500,-0.002000,0.000000,0.001000
-0.510120,-9.888480,0.490500,-0.005000,0.001000,0.001000
-0.490500,-9.888480,0.470880,-0.008000,0.004000,0.000000
-0.519930,-9.888480,0.461070,-0.008000,0.004000,0.000000
-0.549360,-9.849240,0.470880,-0.009000,0.006000,0.000000
-0.500310,-9.849240,0.480690,-0.011000,0.009000,0.000000
-0.441450,-9.898290,0.451260,-0.010000,0.012000,0.000000
-0.470880,-9.917910,0.519930,-0.014000,0.000000,0.007000
-0.500310,-9.878670,0.490500,-0.012000,0.005000,0.010000
-0.470880,-9.859050,0.461070,-0.010000,0.015000,0.003000
-0.470880,-9.829620,0.480690,-0.009000,0.008000,0.003000
-0.461070,-9.829620,0.461070,-0.004000,0.000000,0.002000
-0.500310,-9.819810,0.461070,-0.002000,0.000000,0.001000
-0.500310,-9.839430,0.451260,-0.002000,0.001000,0.002000
-0.500310,-9.859050,0.451260,0.000000,0.002000,0.003000
-0.490500,-9.868860,0.470880,0.000000,0.005000,0.004000
-0.490500,-9.888480,0.461070,0.001000,0.008000,0.002000
-0.480690,-9.917910,0.461070,0.000000,0.005000,0.003000
-0.490500,-9.908100,0.470880,-0.003000,0.001000,0.004000
-0.461070,-9.898290,0.461070,-0.006000,0.003000,0.005000
-0.470880,-9.888480,0.461070,-0.007000,0.003000,0.006000
-0.480690,-9.868860,0.451260,-0.004000,-0.002000,0.003000
-0.480690,-9.859050,0.461070,-0.002000,-0.004000,0.002000
-0.470880,-9.849240,0.470880,0.000000,-0.005000,0.001000
-0.480690,-9.839430,0.451260,0.002000,-0.010000,0.000000
-0.510120,-9.839430,0.461070,0.004000,-0.016000,0.000000
-0.539550,-9.859050,0.461070,0.003000,-0.009000,0.001000
-0.519930,-9.839430,0.461070,0.003000,-0.005000,0.001000
-0.480690,-9.868860,0.441450,0.003000,0.002000,0.000000
-0.490500,-9.898290,0.441450,0.002000,0.003000,0.003000
-0.490500,-9.898290,0.441450,0.000000,0.000000,0.006000
-0.480690,-9.908100,0.421830,0.000000,0.008000,0.005000
-0.470880,-9.908100,0.431640,-0.001000,0.006000,0.004000
-0.500310,-9.868860,0.431640,-0.001000,0.006000,0.004000
-0.480690,-9.839430,0.441450,-0.002000,0.001000,0.006000
-0.461070,-9.859050,0.412020,0.000000,0.004000,0.002000
-0.470880,-9.898290,0.480690,0.000000,-0.011000,0.000000
-0.519930,-9.849240,0.480690,0.002000,-0.012000,0.001000
-0.510120,-9.849240,0.412020,0.003000,0.006000,-0.001000
-0.490500,-9.839430,0.451260,0.011000,0.001000,0.000000
-0.519930,-9.839430,0.441450,0.010000,0.000000,0.003000
-0.529740,-9.849240,0.431640,0.010000,0.005000,0.005000
-0.539550,-9.849240,0.421830,0.007000,0.006000,0.005000
-0.500310,-9.878670,0.421830,0.008000,0.011000,0.006000
-0.490500,-9.868860,0.412020,0.007000,0.008000,0.008000
-0.480690,-9.888480,0.451260,0.007000,0.010000,0.009000
-0.490500,-9.878670,0.441450,0.009000,0.014000,0.010000
-0.490500,-9.898290,0.461070,0.007000,0.005000,0.009000
-0.480690,-9.878670,0.470880,0.005000,0.006000,0.006000
-0.490500,-9.888480,0.451260,0.006000,0.004000,0.002000
-0.519930,-9.859050,0.461070,0.005000,-0.002000,0.004000
-0.519930,-9.849240,0.461070,0.004000,-0.001000,0.004000
-0.529740,-9.868860,0.470880,0.006000,0.003000,0.005000
-0.519930,-9.868860,0.461070,0.006000,0.004000,0.004000
-0.529740,-9.859050,0.461070,0.008000,0.004000,0.005000
-0.549360,-9.859050,0.480690,0.008000,0.002000,0.007000
-0.539550,-9.868860,0.480690,0.006000,0.003000,0.007000
-0.549360,-9.878670,0.470880,0.000000,-0.003000,0.001000
-0.549360,-9.878670,0.470880,-0.001000,-0.002000,-0.002000
-0.549360,-9.888480,0.470880,0.000000,0.000000,-0.005000
-0.559170,-9.868860,0.461070,-0.003000,0.000000,-0.006000
-0.549360,-9.859050,0.451260,-0.003000,0.001000,-0.006000
-0.549360,-9.898290,0.451260,-0.003000,-0.002000,-0.006000
-0.559170,-9.859050,0.461070,-0.003000,0.001000,-0.006000
-0.559170,-9.849240,0.470880,-0.006000,-0.001000,-0.006000
-0.519930,-9.898290,0.461070,-0.007000,0.007000,-0.007000
-0.519930,-9.878670,0.510120,-0.010000,-0.007000,-0.006000
-0.539550,-9.878670,0.461070,-0.012000,-0.003000,-0.001000
-0.539550,-9.868860,0.470880,-0.003000,0.004000,0.000000
-0.519930,-9.859050,0.490500,0.000000,0.000000,-0.002000
-0.539550,-9.859050,0.451260,-0.003000,-0.002000,-0.002000
-0.568980,-9.839430,0.451260,-0.001000,-0.001000,-0.005000
-0.568980,-9.819810,0.441450,-0.001000,-0.001000,-0.005000
-0.529740,-9.849240,0.441450,0.001000,0.000000,-0.002000
-0.519930,-9.859050,0.431640,0.002000,-0.004000,0.000000
-0.529740,-9.868860,0.461070,0.001000,0.002000,-0.002000
-0.559170,-9.888480,0.451260,0.001000,0.004000,-0.002000
-0.559170,-9.898290,0.461070,0.000000,-0.003000,-0.001000
-0.529740,-9.898290,0.461070,0.000000,0.001000,0.000000
-0.529740,-9.888480,0.451260,-0.002000,-0.001000,-0.003000
-0.539550,-9.859050,0.461070,-0.001000,-0.002000,-0.001000
-0.539550,-9.859050,0.451260,0.000000,-0.002000,-0.003000

