-.-.-
1.765800,-10.369170,-1.491120,0.069000,-0.507000,-0.385000
2.472120,-11.683710,-1.088910,-0.022000,-0.499000,-0.398000
1.030050,-13.734000,-0.990810,-0.141000,-0.365000,-0.238000
-0.225630,-13.734000,-1.059480,-0.109000,-0.172000,0.063000
-0.058860,-12.821670,-0.156960,-0.119000,-0.081000,0.280000
1.657890,-11.144160,0.274680,-0.152000,-0.147000,0.357000
2.128770,-9.172350,0.735750,-0.162000,-0.295000,0.305000
1.353780,-7.553700,0.529740,-0.223000,-0.311000,0.300000
-0.009810,-6.710040,0.627840,-0.205000,-0.179000,0.350000
-0.470880,-6.523650,0.549360,-0.197000,0.051000,0.431000
-0.392400,-6.347070,0.814230,-0.144000,0.134000,0.463000
-0.461070,-6.278400,0.931950,-0.165000,0.191000,0.408000
-0.294300,-6.808140,0.127530,-0.132000,0.191000,0.276000
-0.255060,-7.279020,0.490500,-0.009000,0.252000,0.101000
-0.461070,-7.494840,0.412020,0.185000,0.295000,0.003000
-0.068670,-7.563510,1.373400,0.447000,0.371000,-0.069000
-0.372780,-8.740710,2.020860,0.549000,0.464000,-0.040000
-0.519930,-10.653660,1.805040,0.539000,0.527000,0.061000
-0.627840,-11.516940,2.874330,0.564000,0.438000,0.113000
-0.412020,-11.310930,4.198680,0.583000,0.417000,0.113000
-0.863280,-11.791620,3.502170,0.421000,0.465000,0.049000
0.196200,-14.577660,0.490500,0.210000,0.606000,0.026000
0.931950,-16.363080,-2.599650,0.172000,0.601000,0.175000
1.618650,-12.360600,-2.344590,0.355000,1.048000,0.391000
1.540170,-10.535940,-3.364830,-0.048000,0.984000,0.488000
1.157580,-10.751760,-3.610080,-0.190000,0.903000,0.433000
0.304110,-11.732760,-2.207250,-0.295000,0.742000,0.338000
0.647460,-12.645090,-1.412640,-0.249000,0.576000,0.201000
1.236060,-12.301740,-0.176580,-0.150000,0.407000,-0.091000
1.599030,-10.290690,0.608220,-0.158000,0.311000,-0.328000
1.657890,-9.152730,0.843660,-0.260000,0.217000,-0.436000
1.353780,-8.367930,0.941760,-0.331000,0.077000,-0.419000
1.314540,-7.730280,0.598410,-0.378000,-0.104000,-0.362000
1.039860,-6.906240,0.892710,-0.399000,-0.297000,-0.365000
0.529740,-6.749280,0.971190,-0.424000,-0.403000,-0.313000
0.647460,-7.239780,0.990810,-0.552000,-0.421000,-0.273000
1.285110,-7.612560,0.431640,-0.612000,-0.465000,-0.159000
2.472120,-8.338500,-0.696510,-0.722000,-0.722000,-0.094000
2.658510,-7.131870,-1.471500,-0.667000,-1.042000,-0.061000
0.892710,-5.209110,-0.294300,-0.282000,-1.068000,0.016000
-0.225630,-5.817330,1.805040,-0.059000,-1.202000,0.022000
0.431640,-8.279640,0.117720,-0.267000,-1.539001,0.163000
0.431640,-8.858430,-1.088910,-0.537000,-1.941001,0.254000
-0.029430,-8.701470,-3.345210,-0.701000,-2.301001,0.156000
2.354400,-9.270450,-4.394880,-0.559000,-2.401001,-0.314000
-0.235440,-13.155210,-5.052150,-1.088000,-1.853001,-0.371000
-4.100580,-15.754860,-3.178440,-1.113000,-1.084000,0.084000
-4.394880,-13.174830,-1.187010,-1.056000,-0.592000,0.372000
-1.569600,-14.450130,-1.706940,-1.347000,-0.477000,0.575000
-0.588600,-20.718720,-3.021480,-2.125001,-0.466000,0.486000
-2.629080,-23.985450,-4.228110,-2.877001,-0.359000,0.364000
-4.914810,-23.524380,-4.502790,-3.238001,0.275000,0.308000
-4.149630,-20.591190,-1.736370,-3.701001,1.185000,0.540000
0.294300,-15.980490,0.412020,-4.089001,1.803001,0.627000
4.316400,-9.339120,4.228110,-4.054001,1.099000,0.480000
4.375260,-1.540170,9.103680,-3.422001,0.627000,0.081000
3.433500,7.720470,8.377740,-2.637001,0.138000,0.109000
2.962620,15.489990,5.768280,-1.678001,0.197000,-0.115000
3.099960,14.508990,2.599650,-0.563000,0.184000,-0.520000
3.198060,9.260640,2.815470,0.204000,0.063000,-0.440000
-0.833850,1.000620,0.510120,0.580000,-0.307000,-0.672000
-5.964480,-4.718610,-3.806280,0.520000,0.629000,-0.425000
-9.741330,-16.657380,-23.043690,-0.240000,0.996000,-0.064000
5.052150,-32.628060,-20.336130,-1.148000,-0.881000,0.513000
16.726050,-16.598520,-16.775100,-1.317000,0.618000,0.470000
-6.239160,-6.916050,-13.223880,-1.426001,0.341000,0.391000
-6.268590,-15.333030,-14.410890,-1.875001,-0.008000,-0.102000
-1.393020,-6.690420,-11.379600,-1.757001,0.313000,-0.106000
0.588600,-7.504650,-10.526130,-1.050000,0.938000,0.057000
3.561030,-7.710660,-9.545130,-1.064000,0.800000,-0.012000
3.678750,-4.826520,-10.938150,-0.896000,0.534000,-0.238000
2.580030,-4.100580,-10.967580,-0.661000,0.434000,-0.268000
0.824040,-4.728420,-11.124540,-0.302000,0.523000,-0.294000
-1.098720,-6.680610,-10.673280,0.011000,0.583000,-0.287000
-0.519930,-5.719230,-10.614420,0.242000,0.606000,-0.148000
1.412640,-5.925240,-9.711900,0.526000,0.483000,-0.077000
3.188250,-6.690420,-7.455600,0.745000,0.294000,-0.038000
3.914190,-6.013530,-5.395500,0.829000,0.150000,0.080000
3.335400,-4.385070,-3.865140,0.961000,0.116000,0.174000
2.354400,-3.149010,-2.472120,1.188000,-0.107000,0.383000
1.765800,-1.805040,-1.157580,1.404001,-0.294000,0.639000
2.746800,0.019620,-0.873090,1.757001,-0.458000,0.708000
1.540170,0.951570,0.735750,2.291001,-0.592000,0.798000
1.412640,2.462310,2.374020,2.757001,-0.713000,0.842000
1.795230,3.090150,4.061340,3.233001,-0.319000,0.757000
-0.431640,2.187630,4.434120,3.502001,-0.602000,0.631000
-0.412020,-0.294300,1.962000,3.805001,-1.217000,0.639000
-13.508370,-9.466650,-21.238650,3.628001,-1.912001,0.185000
-16.029540,-39.024180,-7.494840,2.668001,1.463001,-1.697001
-1.461690,-13.989060,-6.190110,2.529001,1.286000,0.288000
14.185260,-23.377230,-8.907480,1.801001,1.363000,0.091000
10.957770,-15.028920,-9.760950,1.188000,0.499000,0.254000
2.246490,-15.421320,-6.484410,1.028000,-0.021000,-0.222000
-3.227490,-15.382080,-4.797090,0.862000,-0.077000,-0.635000
-0.294300,-12.664710,-2.452500,0.791000,-0.114000,-0.215000
2.521170,-10.457460,-1.520550,0.723000,-0.223000,0.166000
1.805040,-8.240400,-0.451260,0.634000,-0.393000,0.150000
-1.079100,-5.434740,0.735750,0.772000,-0.338000,0.000000
-2.187630,-3.786660,1.236060,0.846000,-0.026000,-0.235000
-2.550600,-2.795850,1.108530,0.954000,0.246000,-0.316000
-2.805660,-2.207250,1.932570,1.158000,0.426000,-0.225000
-2.893950,-1.471500,2.138580,1.250000,0.817000,-0.126000
-2.560410,-1.912950,0.843660,1.373000,1.025000,-0.169000
-1.030050,-3.600270,0.784800,1.393000,0.973000,-0.201000
1.079100,-5.729040,0.559170,1.422001,0.549000,-0.212000
2.648700,-7.759710,3.168630,1.353000,0.235000,-0.170000
2.236680,-10.418220,-1.314540,1.035000,0.404000,0.022000
6.827760,-17.314650,-4.954050,0.297000,0.887000,0.482000
8.161920,-23.318370,-9.554940,-0.371000,-0.051000,0.907000
7.691040,-19.963350,-10.702710,-0.521000,-1.415001,1.572001
-0.598410,-9.270450,-1.108530,0.386000,-1.688001,0.923000
-2.452500,-11.703330,-1.481310,0.035000,-1.137000,0.109000
2.776230,-17.922870,-4.277160,-0.404000,-1.255000,-0.204000
8.946720,-17.893440,-2.050290,-0.287000,-1.974001,-0.101000
6.464790,-12.556800,-0.794610,-0.058000,-2.557001,0.091000
1.010430,-9.741330,-0.274680,0.002000,-2.851001,-0.037000
-1.579410,-8.309070,-0.068670,-0.057000,-2.921001,-0.164000
0.009810,-6.278400,0.000000,-0.064000,-2.989001,-0.208000
2.226870,-5.199300,-0.009810,-0.023000,-3.178001,-0.214000
2.629080,-5.061960,0.598410,0.057000,-3.469001,-0.139000
1.834470,-5.797710,1.079100,0.111000,-3.694001,-0.028000
1.216440,-6.700230,0.833850,0.105000,-3.923001,0.015000
1.265490,-7.161300,0.166770,0.117000,-4.091001,0.104000
2.030670,-7.700850,-0.510120,0.117000,-4.326002,0.249000
2.550600,-7.779330,0.480690,0.137000,-4.643002,0.328000
1.795230,-8.407170,0.117720,-0.004000,-4.869002,0.258000
-0.539550,-9.770760,1.098720,-0.163000,-4.941002,0.120000
-2.825280,-10.987200,0.686700,-0.239000,-4.897002,-0.063000

