-.-.-
-0.186390,-9.908100,-0.284490,-0.052000,-0.047000,0.005000
-0.176580,-9.908100,-0.333540,-0.058000,-0.048000,0.005000
-0.186390,-9.908100,-0.323730,-0.061000,-0.050000,0.009000
-0.225630,-9.908100,-0.353160,-0.062000,-0.045000,0.010000
-0.225630,-9.868860,-0.382590,-0.058000,-0.040000,0.011000
-0.176580,-9.839430,-0.402210,-0.061000,-0.040000,0.012000
-0.166770,-9.849240,-0.402210,-0.066000,-0.045000,0.015000
-0.196200,-9.810000,-0.441450,-0.062000,-0.054000,0.009000
-0.196200,-9.800190,-0.412020,-0.058000,-0.052000,0.004000
-0.206010,-9.829620,-0.392400,-0.059000,-0.052000,0.002000
-0.186390,-9.859050,-0.412020,-0.060000,-0.038000,0.004000
-0.206010,-9.859050,-0.451260,-0.062000,-0.035000,0.002000
-0.235440,-9.868860,-0.451260,-0.060000,-0.023000,-0.001000
-0.206010,-9.908100,-0.412020,-0.055000,-0.011000,0.000000
-0.166770,-9.937530,-0.362970,-0.056000,-0.003000,0.005000
-0.176580,-9.859050,-0.392400,-0.055000,-0.001000,0.003000
-0.166770,-9.829620,-0.412020,-0.056000,0.006000,0.004000
-0.107910,-9.849240,-0.451260,-0.060000,0.008000,0.010000
-0.117720,-9.839430,-0.500310,-0.056000,0.004000,0.012000
-0.147150,-9.810000,-0.510120,-0.047000,0.004000,0.006000
-0.137340,-9.810000,-0.490500,-0.041000,0.009000,0.000000
-0.127530,-9.849240,-0.490500,-0.037000,0.015000,0.002000
-0.098100,-9.868860,-0.480690,-0.034000,0.022000,0.006000
-0.039240,-9.810000,-0.451260,-0.034000,0.025000,0.005000
-0.019620,-9.839430,-0.431640,-0.037000,0.024000,0.004000
-0.039240,-9.819810,-0.402210,-0.047000,0.013000,0.005000
-0.039240,-9.878670,-0.392400,-0.069000,0.010000,0.005000
0.166770,-9.908100,-0.451260,-0.075000,-0.010000,0.005000
0.147150,-9.888480,-0.392400,-0.094000,-0.020000,-0.003000
0.127530,-9.986580,-0.431640,-0.105000,-0.036000,-0.009000
0.274680,-9.898290,-0.470880,-0.124000,-0.033000,-0.015000
0.323730,-9.800190,-0.519930,-0.126000,-0.038000,-0.009000
0.402210,-9.760950,-0.588600,-0.114000,-0.042000,0.004000
0.500310,-9.623610,-0.510120,-0.084000,-0.058000,0.026000
0.539550,-9.653040,-0.382590,-0.048000,-0.116000,0.050000
0.402210,-9.770760,-0.353160,-0.029000,-0.167000,0.062000
0.304110,-9.780570,-0.343350,-0.022000,-0.205000,0.072000
0.284490,-9.839430,-0.362970,-0.029000,-0.231000,0.074000
0.176580,-9.810000,-0.470880,-0.026000,-0.231000,0.067000
0.058860,-9.780570,-0.519930,-0.018000,-0.223000,0.064000
0.000000,-9.800190,-0.529740,-0.011000,-0.195000,0.048000
0.029430,-9.721710,-0.568980,-0.023000,-0.184000,0.042000
-0.019620,-9.741330,-0.598410,-0.046000,-0.199000,0.046000
-0.255060,-9.888480,-0.608220,-0.050000,-0.229000,0.025000
-0.323730,-9.986580,-0.559170,-0.075000,-0.280000,0.015000
-0.294300,-10.339740,-0.431640,-0.160000,-0.325000,0.040000
-0.294300,-10.231830,-0.765180,-0.243000,-0.392000,0.057000
-0.696510,-9.751140,-0.598410,-0.200000,-0.403000,0.067000
-1.088910,-9.535320,-0.245250,-0.166000,-0.384000,0.058000
-1.314540,-9.810000,0.127530,-0.144000,-0.382000,0.071000
-1.020240,-10.025820,0.313920,-0.112000,-0.377000,0.088000
-1.039860,-10.094490,0.441450,-0.055000,-0.334000,0.126000
-1.118340,-10.290690,0.833850,-0.006000,-0.257000,0.161000
-1.128150,-10.496700,0.588600,-0.062000,-0.195000,0.181000
-1.177200,-10.506510,0.137340,-0.119000,-0.192000,0.211000
-1.137960,-10.202400,0.039240,-0.115000,-0.218000,0.239000
-1.059480,-9.917910,0.049050,-0.120000,-0.233000,0.213000
-1.000620,-9.731520,0.215820,-0.139000,-0.262000,0.147000
-0.990810,-9.780570,0.235440,-0.193000,-0.269000,0.105000
-1.236060,-10.016010,0.088290,-0.244000,-0.253000,0.087000
-1.393020,-9.966960,0.039240,-0.241000,-0.234000,0.074000
-1.540170,-9.741330,0.304110,-0.205000,-0.194000,0.054000
-1.589220,-9.623610,0.578790,-0.191000,-0.124000,0.031000
-1.520550,-9.692280,0.667080,-0.226000,-0.043000,-0.013000
-1.559790,-9.790380,0.578790,-0.249000,0.023000,-0.061000
-1.785420,-9.702090,0.608220,-0.246000,0.122000,-0.100000
-1.814850,-9.447030,1.059480,-0.135000,0.233000,-0.135000
-1.510740,-9.751140,1.245870,-0.068000,0.341000,-0.154000
-1.098720,-10.143540,1.059480,-0.036000,0.411000,-0.153000
-0.794610,-10.035630,0.833850,0.053000,0.459000,-0.136000
-0.804420,-9.613800,1.137960,0.231000,0.545000,-0.137000
-0.892710,-9.515700,2.158200,0.298000,0.540000,-0.146000
-0.951570,-11.016630,0.735750,0.144000,0.558000,-0.079000
0.078480,-12.998250,-1.785420,0.121000,0.476000,0.161000
0.441450,-13.057110,-2.795850,0.130000,0.310000,0.359000
-0.568980,-10.025820,-3.717990,0.246000,0.263000,0.315000
-1.569600,-8.112870,-2.795850,0.198000,0.369000,0.132000
-1.854090,-7.916670,-2.629080,0.019000,0.563000,-0.014000
-1.952190,-9.093870,-2.168010,-0.095000,0.540000,0.062000
-0.824040,-10.084680,-2.148390,-0.154000,0.459000,0.160000
0.156960,-10.535940,-2.050290,-0.090000,0.435000,0.128000
0.510120,-9.888480,-1.795230,0.018000,0.473000,-0.022000
0.304110,-9.525510,-1.275300,0.072000,0.476000,-0.150000
-0.186390,-9.437220,-1.098720,0.021000,0.468000,-0.214000
-0.392400,-9.505890,-1.343970,-0.055000,0.390000,-0.244000
-0.107910,-9.388170,-1.334160,-0.063000,0.302000,-0.237000
0.294300,-9.133110,-1.245870,-0.042000,0.269000,-0.253000
0.402210,-8.848620,-1.167390,-0.027000,0.216000,-0.271000
0.343350,-8.603370,-0.961380,0.015000,0.140000,-0.278000
0.245250,-8.809380,-0.529740,0.040000,0.041000,-0.275000
0.156960,-9.025200,-0.186390,0.035000,-0.026000,-0.229000
0.206010,-9.142920,0.176580,0.014000,-0.036000,-0.159000
0.402210,-9.211590,0.206010,-0.025000,-0.034000,-0.093000
0.608220,-9.231210,0.362970,-0.046000,-0.054000,-0.031000
1.137960,-9.074250,0.058860,-0.055000,-0.105000,0.032000
1.245870,-8.740710,-0.049050,0.014000,-0.192000,0.115000
0.981000,-8.789760,0.510120,0.154000,-0.320000,0.143000
1.079100,-9.888480,0.549360,0.194000,-0.375000,0.084000
0.608220,-10.928340,-0.088290,0.269000,-0.255000,-0.045000
0.313920,-11.409030,0.372780,0.361000,0.005000,-0.175000
0.186390,-10.987200,1.373400,0.334000,-0.034000,-0.174000
1.118340,-10.820430,1.903140,0.285000,-0.339000,-0.013000
1.275300,-11.811240,0.863280,0.414000,-0.456000,-0.069000
0.941760,-12.340980,0.931950,0.661000,-0.363000,-0.212000
0.627840,-12.694140,-0.931950,0.616000,-0.420000,-0.310000
-0.137340,-11.271690,-2.687940,0.455000,-0.282000,-0.388000
-2.128770,-10.349550,-4.591080,0.263000,-0.175000,-0.413000
-1.579410,-8.426790,-3.865140,0.181000,-0.177000,-0.390000
0.480690,-9.368550,-3.041100,-0.018000,-0.276000,-0.322000
1.343970,-11.879910,-2.756610,-0.203000,-0.296000,-0.264000
0.215820,-11.458080,-2.285730,-0.083000,-0.223000,-0.172000
-0.667080,-10.241640,-1.549980,-0.015000,-0.152000,-0.004000
-0.941760,-10.084680,-1.059480,-0.048000,-0.083000,0.190000
-0.971190,-9.839430,-0.608220,-0.080000,-0.083000,0.385000
-0.922140,-9.407790,-0.382590,-0.088000,-0.096000,0.483000
-0.706320,-9.113490,-0.333540,-0.096000,-0.072000,0.486000
-0.608220,-8.672040,-0.215820,-0.093000,-0.001000,0.430000
-0.470880,-8.171730,-0.313920,-0.097000,0.066000,0.345000
-0.549360,-7.995150,-0.088290,-0.120000,0.099000,0.262000
-0.647460,-8.191350,0.127530,-0.180000,0.090000,0.187000
-0.794610,-8.436600,0.147150,-0.265000,0.063000,0.127000
-0.784800,-9.054630,-0.088290,-0.352000,0.034000,0.106000
-0.568980,-9.329310,-0.608220,-0.388000,0.098000,0.100000
-0.431640,-9.054630,-0.961380,-0.298000,0.123000,0.078000
-0.971190,-9.103680,-0.029430,-0.146000,0.040000,0.047000
-1.157580,-9.917910,0.186390,-0.225000,0.031000,-0.029000
-1.255680,-10.918530,0.304110,-0.328000,0.037000,-0.071000
-1.245870,-11.585610,0.264870,-0.378000,0.052000,-0.039000

