-.-.-
-9.976770,0.323730,-1.275300,-0.004000,-0.016000,0.045000
-9.849240,0.206010,-1.353780,0.040000,0.028000,0.029000
-9.790380,0.245250,-1.373400,0.097000,0.050000,0.006000
-9.790380,0.274680,-1.294920,0.144000,0.073000,-0.005000
-9.819810,0.176580,-1.177200,0.164000,0.097000,-0.016000
-9.986580,0.019620,-1.157580,0.153000,0.101000,-0.013000
-9.927720,-0.078480,-1.206630,0.146000,0.085000,-0.006000
-9.868860,-0.107910,-1.363590,0.085000,0.056000,-0.013000
-9.868860,-0.088290,-1.275300,0.050000,0.041000,-0.024000
-9.878670,-0.117720,-1.363590,0.018000,0.047000,-0.019000
-9.966960,-0.264870,-1.520550,-0.015000,0.024000,-0.018000
-9.731520,-0.196200,-1.579410,-0.047000,0.022000,-0.027000
-9.662850,-0.127530,-1.530360,-0.060000,0.015000,-0.027000
-9.584370,-0.088290,-1.648080,-0.061000,0.010000,-0.023000
-9.584370,-0.166770,-1.667700,-0.048000,-0.002000,-0.011000
-9.574560,-0.107910,-1.648080,-0.042000,0.001000,-0.002000
-9.545130,-0.127530,-1.618650,-0.031000,0.000000,0.000000
-9.535320,-0.068670,-1.667700,-0.033000,-0.001000,-0.001000
-9.525510,-0.078480,-1.648080,-0.018000,-0.017000,0.004000
-9.594180,-0.049050,-1.608840,-0.004000,-0.009000,0.008000
-9.721710,-0.049050,-1.589220,0.007000,-0.014000,0.005000
-9.790380,-0.107910,-1.549980,0.010000,-0.019000,0.002000
-9.859050,-0.019620,-1.461690,0.000000,-0.004000,0.003000
-9.868860,-0.049050,-1.559790,0.015000,-0.022000,0.001000
-9.800190,-0.107910,-1.559790,-0.036000,0.000000,0.001000
-9.623610,0.147150,-1.834470,-0.012000,-0.042000,-0.024000
-9.849240,-0.058860,-1.805040,-0.005000,-0.089000,-0.033000
-9.898290,-0.372780,-2.207250,-0.063000,-0.022000,-0.039000
-9.908100,-0.333540,-1.805040,-0.164000,0.000000,-0.027000
-9.770760,0.264870,-2.020860,-0.165000,0.059000,-0.058000
-9.221400,-0.019620,-1.922760,-0.126000,0.082000,-0.071000
-9.211590,-0.274680,-1.952190,-0.088000,0.042000,-0.056000
-9.319500,-0.078480,-2.334780,-0.072000,-0.029000,-0.071000
-9.280260,0.264870,-1.805040,-0.042000,0.070000,-0.127000
-9.368550,0.147150,-1.638270,0.066000,0.009000,-0.136000
-9.466650,0.235440,-1.402830,0.093000,0.042000,-0.168000
-9.466650,0.333540,-1.481310,0.207000,-0.127000,-0.166000
-9.358740,0.176580,-1.177200,0.256000,-0.219000,-0.217000
-9.839430,-0.461070,-1.147770,0.234000,-0.376000,-0.246000
-10.172970,-0.313920,-1.010430,0.099000,-0.144000,-0.308000
-9.682470,0.461070,-1.412640,0.083000,-0.072000,-0.336000
-9.505890,0.274680,-0.961380,0.038000,-0.101000,-0.375000
-10.496700,0.735750,-0.686700,-0.004000,-0.113000,-0.431000
-11.301120,0.323730,-0.578790,-0.101000,0.029000,-0.535000
-12.105540,-0.264870,-1.069290,-0.240000,0.329000,-0.616000
-11.801430,0.510120,-0.941760,-0.305000,0.391000,-0.676000
-11.987820,0.941760,-0.912330,-0.178000,0.408000,-0.775000
-11.781810,0.588600,-0.461070,-0.168000,0.523000,-0.888000
-12.340980,-0.774990,-0.706320,-0.059000,0.664000,-0.887000
-11.634660,-0.804420,-1.883520,-0.037000,0.805000,-0.925000
-11.281500,0.127530,-2.226870,0.103000,0.967000,-0.991000
-11.565990,-0.343350,-1.863900,0.329000,1.014000,-1.108000
-10.791000,-0.873090,-1.746180,0.422000,1.126000,-1.239000
-10.222020,-1.785420,-2.089530,0.594000,1.154000,-1.358000
-9.035010,-1.706940,-1.844280,0.659000,1.124000,-1.382000
-8.250210,-2.138580,-1.500930,0.754000,1.087000,-1.421001
-7.975530,-3.021480,-1.648080,0.763000,1.063000,-1.430001
-7.926480,-3.580650,-2.236680,0.709000,1.056000,-1.387000
-7.828380,-3.492360,-2.629080,0.700000,1.023000,-1.302000
-7.887240,-3.904380,-2.570220,0.632000,1.078000,-1.279000
-7.494840,-4.218300,-3.011670,0.538000,0.997000,-1.292000
-7.151490,-4.934430,-3.315780,0.416000,0.981000,-1.286000
-6.710040,-5.434740,-3.158820,0.299000,0.942000,-1.219000
-6.611940,-5.974290,-3.276540,0.197000,0.962000,-1.147000
-6.817950,-5.886000,-2.697750,0.111000,0.884000,-1.090000
-6.837570,-5.317020,-3.590460,0.104000,0.865000,-1.063000
-6.906240,-6.033150,-4.130010,0.109000,0.887000,-1.083000
-6.504030,-6.092010,-3.825900,0.072000,0.897000,-1.086000
-6.072390,-5.650560,-4.031910,-0.017000,0.996000,-1.117000
-5.169870,-5.532840,-4.169250,0.080000,0.946000,-1.115000
-4.277160,-6.278400,-3.884760,0.166000,0.849000,-1.102000
-4.757850,-7.082820,-2.619270,0.127000,1.014000,-1.094000
-4.777470,-6.916050,-3.982860,-0.073000,0.999000,-1.032000
-4.522410,-6.857190,-4.237920,-0.145000,0.860000,-0.966000
-3.717990,-7.279020,-4.924620,-0.105000,0.681000,-0.859000
-4.051530,-7.435980,-5.052150,-0.180000,0.599000,-0.822000
-4.453740,-6.602130,-5.012910,-0.178000,0.516000,-0.746000
-4.326210,-7.298640,-6.033150,-0.106000,0.784000,-0.626000
-3.531600,-8.711280,-6.504030,-0.115000,0.698000,-0.517000
-3.237300,-8.564130,-6.337260,-0.061000,0.608000,-0.497000
-2.893950,-8.054010,-6.337260,-0.054000,0.468000,-0.540000
-3.031290,-7.435980,-5.827140,-0.042000,0.342000,-0.582000
-2.933190,-7.151490,-6.248970,-0.029000,0.201000,-0.719000
-2.256300,-6.454980,-6.867000,0.028000,0.200000,-0.685000
-2.727180,-8.122680,-6.219540,0.177000,0.041000,-0.888000
-1.912950,-8.112870,-6.101820,0.277000,-0.071000,-1.039000
-0.441450,-6.396120,-5.022720,0.476000,-0.424000,-0.847000
-1.245870,-6.611940,-4.365450,0.625000,-0.657000,-0.907000
-2.128770,-6.513840,-4.463550,0.804000,-0.778000,-1.079000
-2.825280,-6.425550,-3.894570,1.029000,-0.811000,-1.252000
-0.892710,-6.700230,-3.678750,1.213000,-0.806000,-1.404001
0.461070,-7.808760,-2.992050,1.309000,-1.162000,-1.378000
-0.382590,-6.896430,-2.864520,1.362000,-1.213000,-1.301000
-1.559790,-6.768900,-3.394260,1.473001,-1.068000,-1.447001
-1.442070,-8.593560,-2.403450,1.540001,-1.114000,-1.649001
-1.049670,-9.162540,-1.471500,1.665001,-1.127000,-1.680001
0.176580,-8.770140,-1.353780,1.438001,-1.006000,-1.718001
1.363590,-8.534700,-1.530360,1.432001,-1.010000,-1.647001
0.549360,-8.887860,-1.775610,1.491001,-1.059000,-1.608001
0.578790,-9.250830,-1.049670,1.446001,-1.301000,-1.567001
0.647460,-9.142920,-0.833850,1.433001,-1.500001,-1.349000
-0.667080,-8.809380,-0.176580,1.403001,-1.627001,-1.223000
-0.657270,-9.191970,0.029430,1.303000,-1.529001,-1.238000
-1.373400,-10.055250,0.568980,1.066000,-1.485001,-1.222000
-1.549980,-9.603990,-0.529740,0.814000,-1.315000,-1.149000
-1.893330,-9.417600,-0.235440,0.787000,-1.261000,-0.856000
-3.080340,-9.839430,-1.461690,0.724000,-1.234000,-0.633000
-4.463550,-10.477080,-0.892710,0.745000,-1.164000,-0.504000
-5.228730,-10.643850,-0.608220,0.642000,-0.707000,-0.385000
-3.541410,-11.575800,-1.500930,0.570000,-0.348000,-0.031000
-3.619890,-13.577040,-1.196820,0.706000,-0.366000,0.436000
-4.797090,-15.862770,-0.058860,0.720000,-0.304000,0.364000
-4.561650,-14.852340,0.912330,0.472000,-0.095000,0.223000
-3.835710,-11.477700,1.010430,0.198000,0.136000,0.308000
-2.786040,-9.378360,0.804420,0.135000,0.344000,0.282000
-2.177820,-8.907480,1.118340,0.143000,0.552000,0.191000
-1.883520,-8.515080,0.804420,0.089000,0.709000,0.122000
-1.010430,-8.740710,0.029430,0.038000,0.786000,0.045000
-0.510120,-8.917290,0.598410,0.142000,0.618000,-0.021000
0.019620,-9.427410,0.372780,0.185000,0.530000,-0.125000
0.294300,-10.643850,0.588600,0.267000,0.371000,-0.235000
0.323730,-10.751760,0.941760,0.313000,0.263000,-0.306000
1.128150,-9.966960,0.421830,0.308000,0.231000,-0.376000
1.412640,-9.623610,0.735750,0.288000,0.164000,-0.419000
2.040480,-9.378360,0.608220,0.297000,0.022000,-0.436000
1.883520,-9.456840,1.079100,0.336000,-0.154000,-0.465000
1.648080,-9.702090,0.981000,0.315000,-0.325000,-0.496000
1.226250,-10.084680,1.088910,0.318000,-0.463000,-0.485000

