-.-.-
-0.549360,-9.839430,0.745560,0.003000,0.027000,-0.021000
-0.470880,-9.878670,0.716130,0.012000,0.058000,-0.013000
-0.461070,-9.859050,0.716130,0.014000,0.063000,-0.007000
-0.500310,-9.859050,0.745560,0.019000,0.072000,-0.006000
-0.500310,-9.878670,0.745560,0.021000,0.082000,-0.010000
-0.392400,-9.888480,0.745560,0.017000,0.088000,-0.014000
-0.343350,-9.859050,0.725940,0.015000,0.085000,-0.014000
-0.343350,-9.800190,0.725940,0.010000,0.078000,-0.014000
-0.382590,-9.810000,0.745560,0.004000,0.073000,-0.014000
-0.402210,-9.878670,0.745560,0.000000,0.068000,-0.012000
-0.353160,-9.888480,0.755370,0.003000,0.067000,-0.011000
-0.313920,-9.859050,0.755370,0.008000,0.061000,-0.015000
-0.313920,-9.839430,0.765180,0.008000,0.049000,-0.017000
-0.323730,-9.849240,0.814230,0.008000,0.032000,-0.014000
-0.333540,-9.819810,0.814230,0.005000,0.032000,-0.012000
-0.294300,-9.800190,0.794610,-0.002000,0.042000,-0.011000
-0.264870,-9.829620,0.784800,0.003000,0.029000,-0.010000
-0.264870,-9.849240,0.824040,0.000000,-0.007000,-0.003000
-0.235440,-9.849240,0.824040,-0.005000,-0.008000,0.001000
-0.245250,-9.908100,0.873090,-0.001000,-0.016000,-0.002000
-0.294300,-9.829620,0.882900,-0.002000,-0.043000,-0.001000
-0.304110,-9.672660,0.931950,-0.007000,-0.047000,-0.001000
-0.343350,-9.623610,0.922140,-0.010000,-0.047000,0.001000
-0.343350,-9.643230,0.912330,-0.018000,-0.042000,0.003000
-0.313920,-9.643230,0.971190,-0.022000,-0.043000,0.013000
-0.284490,-9.653040,0.931950,-0.025000,-0.059000,0.026000
-0.323730,-9.800190,0.912330,-0.028000,-0.077000,0.031000
-0.431640,-9.888480,1.010430,-0.004000,-0.090000,0.034000
-0.500310,-9.780570,1.157580,0.037000,-0.105000,0.035000
-0.578790,-9.702090,1.294920,0.073000,-0.100000,0.020000
-0.618030,-9.790380,1.304730,0.078000,-0.086000,0.004000
-0.549360,-9.908100,1.353780,0.074000,-0.064000,0.006000
-0.461070,-9.839430,1.540170,0.083000,-0.051000,0.020000
-0.480690,-9.770760,1.736370,0.117000,-0.033000,0.036000
-0.451260,-9.760950,1.755990,0.137000,-0.016000,0.047000
-0.451260,-9.790380,1.540170,0.088000,-0.047000,0.048000
-0.559170,-9.839430,1.530360,0.023000,-0.106000,0.042000
-0.686700,-9.849240,1.667700,-0.011000,-0.124000,0.045000
-0.794610,-9.957150,1.726560,-0.054000,-0.095000,0.071000
-0.863280,-9.986580,1.795230,-0.128000,-0.029000,0.109000
-0.833850,-9.849240,1.559790,-0.195000,-0.027000,0.133000
-0.912330,-9.672660,1.285110,-0.297000,-0.097000,0.121000
-1.069290,-9.535320,1.442070,-0.356000,-0.180000,0.090000
-1.187010,-9.711900,1.510740,-0.364000,-0.192000,0.078000
-1.206630,-9.810000,1.471500,-0.307000,-0.205000,0.074000
-1.245870,-9.839430,1.618650,-0.262000,-0.218000,0.055000
-1.412640,-9.839430,1.775610,-0.276000,-0.221000,0.017000
-1.393020,-9.653040,1.638270,-0.322000,-0.214000,-0.035000
-1.343970,-9.486270,1.147770,-0.363000,-0.201000,-0.070000
-1.265490,-9.407790,0.598410,-0.370000,-0.151000,-0.096000
-1.039860,-9.388170,0.333540,-0.364000,-0.104000,-0.106000
-0.774990,-9.456840,0.500310,-0.370000,-0.032000,-0.124000
-0.608220,-9.515700,0.568980,-0.456000,0.167000,-0.162000
-0.166770,-8.858430,-0.225630,-0.603000,0.659000,-0.175000
-0.029430,-8.171730,-0.480690,-0.698000,0.802000,-0.020000
-0.627840,-8.848620,0.519930,-0.729000,0.653000,0.268000
-1.549980,-10.388790,1.844280,-0.704000,0.450000,0.457000
-1.716750,-11.585610,2.570220,-0.479000,0.224000,0.342000
-0.990810,-12.507750,2.736990,-0.447000,0.333000,0.088000
-0.264870,-11.928960,1.736370,-0.537000,0.341000,-0.092000
0.127530,-10.849860,0.971190,-0.529000,0.243000,-0.193000
0.490500,-10.074870,1.167390,-0.511000,-0.001000,-0.276000
0.804420,-9.603990,0.981000,-0.499000,-0.228000,-0.391000
1.108530,-9.319500,0.500310,-0.485000,-0.302000,-0.529000
1.294920,-9.290070,0.137340,-0.463000,-0.436000,-0.591000
1.049670,-9.397980,0.608220,-0.346000,-0.597000,-0.575000
0.902520,-9.800190,1.844280,-0.303000,-0.741000,-0.554000
1.265490,-10.496700,2.638890,-0.112000,-0.906000,-0.504000
0.745560,-11.438460,3.080340,0.122000,-0.785000,-0.416000
-0.618030,-11.732760,3.139200,0.404000,-0.358000,-0.285000
-1.265490,-10.369170,2.766420,0.613000,-0.025000,-0.024000
-1.510740,-9.574560,0.137340,1.215000,0.174000,0.108000
-0.873090,-7.171110,-2.491740,1.115000,-0.335000,0.030000
-0.931950,-5.356260,-4.816710,0.665000,-0.169000,0.138000
-1.255680,-4.394880,-2.943000,0.375000,0.392000,-0.177000
-2.481930,-5.454360,-0.637650,-0.065000,0.506000,-0.437000
-2.687940,-9.496080,0.362970,-0.626000,0.758000,-0.625000
-0.510120,-16.637760,1.677510,-0.912000,0.869000,-0.501000
4.855950,-16.873200,4.306590,-0.501000,1.050000,-0.031000
5.228730,-15.715620,4.600890,-0.165000,0.789000,0.302000
1.903140,-17.599140,4.983480,-0.214000,0.379000,0.355000
0.981000,-18.864630,4.434120,-0.328000,-0.177000,0.396000
1.481310,-16.941870,2.864520,-0.124000,-0.617000,0.607000
0.971190,-13.841910,0.882900,0.321000,-1.121000,0.744000
-1.942380,-9.829620,-0.706320,0.770000,-1.499001,0.777000
-4.090770,-6.837570,0.578790,1.225000,-1.320000,0.652000
-2.776230,-5.375880,-0.068670,1.080000,-0.982000,0.274000
-1.549980,-3.874950,-1.343970,0.928000,-0.850000,-0.102000
0.000000,-1.628460,-3.041100,0.741000,-0.395000,-0.240000
0.441450,1.245870,-0.372780,0.634000,0.011000,-0.350000
-0.156960,2.030670,-0.657270,0.329000,0.460000,-0.254000
-0.882900,-1.510740,-4.600890,-0.318000,0.639000,-0.018000
0.274680,-10.182780,-6.396120,-0.577000,-0.113000,0.495000
4.855950,-22.818060,1.755990,-1.022000,-0.244000,1.052000
-2.266110,-10.329930,2.069910,-0.514000,-0.590000,0.621000
-4.944240,-10.594800,1.687320,-0.036000,-0.770000,0.011000
-3.266730,-18.511470,4.836330,-0.282000,-0.523000,0.145000
0.019620,-19.257030,3.963240,-0.095000,0.120000,0.098000
-2.099340,-16.794720,4.483170,-0.139000,0.419000,-0.036000
-3.551220,-14.705190,3.924000,0.217000,0.689000,-0.277000
-3.796470,-12.066300,2.001240,0.553000,1.194000,-0.536000
-1.079100,-8.985960,-0.549360,1.220000,1.345000,-0.431000
3.364830,-7.220160,0.127530,1.622001,0.432000,-0.217000
8.544510,-7.602750,0.686700,1.099000,-0.561000,0.065000
11.055870,-5.679990,-0.098100,0.711000,-0.945000,0.488000
5.346450,-3.973050,-2.364210,0.964000,-0.968000,0.692000
-1.393020,-2.099340,-2.933190,0.702000,-1.108000,0.655000
-4.542030,1.893330,-0.922140,0.723000,-1.014000,0.408000
-3.227490,3.119580,-0.686700,0.630000,-0.896000,0.093000
-3.492360,-0.882900,-2.854710,-0.204000,-1.648001,-0.191000
-2.903760,-9.917910,-6.827760,-1.156000,-0.992000,-1.031000
-10.624230,-28.664820,-2.746800,-2.368001,0.927000,-2.721001
2.481930,-17.932680,0.981000,-0.757000,0.330000,-0.852000
9.191970,-8.750520,3.727800,0.793000,1.832001,0.716000
3.080340,-17.569710,6.092010,0.737000,1.448001,0.288000
-1.324350,-19.610190,6.170490,0.276000,-0.110000,-0.097000
0.608220,-15.960870,5.326830,0.152000,-0.245000,0.091000
0.510120,-13.537800,4.885380,0.498000,-0.137000,0.447000
-0.765180,-12.331170,3.198060,0.489000,-0.471000,0.665000
-1.765800,-10.035630,0.451260,0.417000,-0.652000,0.570000
-3.345210,-6.768900,-1.412640,0.969000,-0.308000,0.361000
-4.139820,-4.875570,-1.932570,1.378000,0.724000,0.053000
-2.992050,-3.511980,-3.021480,0.925000,1.019000,-0.233000
-1.540170,-1.785420,-3.767040,0.641000,0.920000,-0.291000
0.137340,0.441450,-2.128770,0.539000,1.122000,-0.234000
2.648700,0.333540,-1.039860,-0.060000,1.335000,-0.140000
3.492360,-6.033150,-4.787280,-1.110000,0.668000,0.177000
5.209110,-15.254550,-4.473360,-1.872001,-0.424000,0.847000

