-.-.-
3.914190,-9.133110,1.549980,-0.110000,0.042000,-1.313000
4.061340,-8.809380,1.491120,-0.108000,0.048000,-1.333000
4.267350,-8.848620,1.383210,-0.116000,0.072000,-1.372000
4.257540,-8.642610,1.383210,-0.108000,0.092000,-1.433001
4.561650,-8.554320,1.579410,-0.137000,0.038000,-1.459001
4.895190,-8.377740,1.088910,-0.141000,0.078000,-1.484001
4.797090,-8.564130,0.961380,-0.137000,0.138000,-1.552001
4.600890,-8.446410,2.177820,-0.082000,0.186000,-1.653001
4.748040,-7.504650,2.148390,-0.110000,0.261000,-1.738001
5.150250,-6.602130,1.579410,-0.109000,0.309000,-1.741001
5.709420,-7.023960,1.098720,-0.047000,0.309000,-1.734001
5.935050,-7.406550,1.569600,0.021000,0.361000,-1.793001
5.660370,-7.141680,2.109150,0.046000,0.431000,-1.836001
5.709420,-6.817950,2.099340,0.053000,0.566000,-1.792001
6.641370,-6.739470,1.579410,0.088000,0.650000,-1.695001
6.896430,-5.797710,1.962000,0.117000,0.609000,-1.613001
6.837570,-4.424310,2.109150,0.065000,0.554000,-1.596001
7.710660,-3.884760,1.775610,0.111000,0.591000,-1.541001
8.024580,-4.208490,1.599030,0.187000,0.561000,-1.507001
8.093250,-4.404690,2.315160,0.254000,0.493000,-1.491001
7.592940,-4.002480,2.413260,0.157000,0.465000,-1.502001
7.877430,-3.198060,2.275920,0.112000,0.515000,-1.433001
9.191970,-3.070530,2.089530,0.166000,0.510000,-1.365000
9.407790,-3.511980,2.344590,0.181000,0.434000,-1.377000
9.044820,-3.404070,2.089530,0.107000,0.353000,-1.380000
8.868240,-2.786040,2.236680,0.013000,0.332000,-1.348000
9.035010,-2.128770,1.893330,-0.016000,0.337000,-1.373000
8.799570,-1.559790,2.442690,-0.067000,0.278000,-1.365000
8.387550,-1.196820,2.256300,-0.065000,0.366000,-1.357000
8.603370,-1.412640,2.177820,0.016000,0.350000,-1.342000
8.829000,-1.726560,2.148390,0.109000,0.340000,-1.438001
8.995770,-1.157580,2.521170,0.115000,0.185000,-1.488001
9.505890,0.431640,2.658510,0.146000,0.003000,-1.519001
10.074870,0.774990,2.599650,0.289000,-0.235000,-1.637001
10.496700,0.235440,1.912950,0.446000,-0.464000,-1.785001
11.212830,0.088290,2.285730,0.565000,-0.561000,-1.892001
13.871340,1.363590,2.648700,0.639000,-0.287000,-1.807001
14.391270,2.217060,4.855950,0.346000,0.009000,-1.309000
12.654900,2.962620,5.895810,-0.148000,0.478000,-0.672000
11.889720,0.264870,3.717990,-0.381000,0.614000,-0.244000
10.820430,-0.461070,2.334780,-0.390000,0.277000,-0.115000
8.466030,1.402830,3.109770,-0.088000,0.072000,-0.261000
6.788520,1.510740,2.707560,-0.022000,0.215000,-0.266000
6.513840,1.579410,2.285730,-0.057000,0.428000,-0.213000
6.523650,2.177820,2.707560,0.074000,0.544000,-0.399000
7.161300,2.835090,3.914190,0.178000,0.537000,-0.580000
9.241020,2.069910,4.002480,0.308000,0.503000,-0.406000
10.673280,1.471500,4.394880,0.033000,0.737000,-0.285000
10.359360,1.824660,3.737610,-0.345000,0.765000,-0.066000
9.996390,2.374020,3.708180,-0.031000,0.506000,0.235000
10.673280,2.383830,5.748660,0.290000,0.380000,0.201000
9.927720,1.922760,5.984100,0.134000,0.540000,0.188000
9.368550,1.049670,5.012910,-0.220000,0.449000,0.327000
9.074250,1.314540,4.218300,-0.236000,0.252000,0.517000
8.927100,1.059480,4.473360,-0.133000,0.194000,0.610000
8.642610,0.833850,4.130010,-0.092000,0.276000,0.614000
8.436600,0.225630,3.413880,0.002000,0.254000,0.612000
8.132490,0.039240,3.394260,0.062000,0.165000,0.558000
8.711280,0.431640,3.963240,0.103000,0.126000,0.421000
9.142920,0.510120,4.404690,0.142000,0.088000,0.330000
9.476460,0.392400,5.150250,0.268000,0.169000,0.212000
9.417600,-0.264870,4.973670,0.278000,0.227000,0.152000
9.594180,-0.706320,5.052150,0.170000,0.184000,0.140000
9.447030,-0.686700,5.238540,0.000000,0.029000,0.144000
9.525510,-0.784800,4.905000,-0.205000,-0.110000,0.221000
9.545130,-0.716130,4.090770,-0.270000,-0.158000,0.284000
8.966340,-0.284490,4.296780,-0.279000,-0.219000,0.208000
9.221400,-0.107910,4.816710,-0.352000,-0.147000,0.098000
9.368550,-0.372780,3.904380,-0.324000,-0.203000,-0.010000
9.299880,-0.686700,3.982860,-0.258000,-0.377000,-0.040000
8.907480,-0.343350,4.100580,-0.257000,-0.499000,-0.032000
8.642610,-0.235440,3.963240,-0.187000,-0.563000,-0.034000
8.760330,-0.304110,4.316400,-0.175000,-0.593000,-0.041000
8.711280,-0.196200,3.561030,-0.090000,-0.513000,-0.028000
8.985960,-0.078480,3.668940,-0.027000,-0.487000,0.006000
9.388170,0.000000,3.580650,0.037000,-0.516000,0.031000
9.299880,0.176580,3.305970,0.124000,-0.472000,0.044000
9.290070,0.372780,3.021480,0.255000,-0.375000,0.053000
9.456840,0.186390,3.335400,0.325000,-0.353000,0.059000
9.868860,0.098100,3.610080,0.240000,-0.437000,0.111000
10.006200,0.078480,3.178440,0.218000,-0.452000,0.171000
9.525510,0.000000,3.413880,0.217000,-0.374000,0.255000
9.917910,-0.088290,2.501550,0.135000,-0.337000,0.388000
10.849860,0.029430,3.168630,0.047000,-0.556000,0.510000
11.065680,-0.117720,3.973050,0.043000,-0.783000,0.583000
10.702710,-0.421830,3.237300,-0.048000,-0.631000,0.549000
10.280880,0.608220,2.825280,-0.102000,-0.613000,0.469000
9.790380,0.784800,2.746800,0.074000,-0.677000,0.444000
9.868860,0.058860,3.649320,0.125000,-0.653000,0.492000
9.711900,-0.441450,3.315780,0.055000,-0.570000,0.652000
9.760950,0.117720,2.982240,-0.083000,-0.455000,0.755000
9.221400,0.225630,1.785420,-0.091000,-0.290000,0.808000
9.447030,-0.304110,1.883520,-0.062000,-0.198000,0.881000
9.417600,-0.588600,2.109150,-0.087000,-0.153000,0.957000
9.937530,-0.451260,2.511360,-0.124000,-0.254000,0.992000
9.947340,-0.843660,1.863900,-0.115000,-0.317000,0.994000
10.398600,-1.697130,0.794610,-0.135000,-0.357000,1.026000
9.643230,-2.177820,1.304730,-0.078000,-0.327000,1.036000
9.299880,-2.393640,1.618650,-0.182000,-0.246000,0.954000
8.642610,-2.462310,1.549980,-0.301000,-0.244000,0.950000
9.496080,-2.854710,0.264870,-0.384000,-0.211000,0.962000
9.035010,-3.188250,0.568980,-0.323000,-0.187000,0.970000
8.250210,-3.060720,1.108530,-0.313000,0.058000,0.926000
8.093250,-3.109770,1.755990,-0.328000,0.163000,0.961000
8.760330,-3.492360,1.324350,-0.417000,0.228000,1.026000
9.407790,-4.002480,0.480690,-0.408000,0.235000,1.073000
8.927100,-4.512600,1.255680,-0.293000,0.276000,1.093000
8.220780,-4.453740,1.893330,-0.268000,0.279000,1.093000
8.485650,-3.914190,2.687940,-0.313000,0.286000,1.058000
9.035010,-3.776850,1.422450,-0.380000,0.284000,1.051000
9.515700,-4.336020,1.118340,-0.283000,0.191000,1.138000
8.770140,-4.836330,1.481310,-0.209000,0.096000,1.204000
8.515080,-4.757850,2.530980,-0.218000,0.048000,1.159000
8.966340,-4.453740,1.971810,-0.288000,0.045000,1.056000
8.799570,-4.748040,1.157580,-0.270000,-0.113000,1.088000
8.338500,-5.503410,1.196820,-0.204000,-0.219000,1.143000
8.289450,-5.385690,1.687320,-0.154000,-0.240000,1.141000
8.161920,-4.836330,1.844280,-0.141000,-0.253000,1.123000
8.456220,-4.394880,1.932570,-0.133000,-0.399000,1.165000
9.074250,-5.140440,1.314540,-0.069000,-0.592000,1.236000
8.907480,-6.190110,0.843660,0.012000,-0.777000,1.305000
8.220780,-5.974290,1.265490,0.065000,-0.782000,1.284000
7.504650,-5.444550,1.648080,0.085000,-0.833000,1.194000
7.367310,-5.827140,1.187010,0.111000,-0.980000,1.217000
7.494840,-6.729660,0.333540,0.191000,-1.083000,1.290000
6.337260,-6.611940,1.020240,0.289000,-1.132000,1.343000
6.072390,-5.866380,1.157580,0.291000,-0.993000,1.299000
6.484410,-6.484410,0.892710,0.323000,-0.991000,1.276000

