-.-.-
0.147150,-6.916050,-1.030050,-0.055000,-0.407000,0.260000
-0.274680,-6.739470,-0.951570,-0.046000,-0.400000,0.229000
-0.863280,-6.857190,-0.745560,0.018000,-0.359000,0.249000
-1.275300,-7.396740,-0.676890,0.036000,-0.302000,0.268000
-1.226250,-8.515080,-0.951570,0.026000,-0.232000,0.182000
-0.824040,-9.496080,-0.774990,0.034000,-0.198000,0.043000
-0.774990,-9.878670,-0.755370,0.066000,-0.197000,-0.040000
-1.236060,-10.025820,-0.372780,0.125000,-0.138000,-0.056000
-2.168010,-10.457460,0.039240,0.235000,0.040000,-0.079000
-2.844900,-11.281500,0.402210,0.310000,0.354000,-0.153000
-3.511980,-12.851100,-0.667080,0.292000,0.741000,-0.254000
-2.776230,-15.382080,-6.396120,-0.018000,0.853000,-0.168000
0.706320,-16.009920,-3.806280,-0.067000,0.692000,-0.093000
3.050910,-13.106160,-2.766420,-0.012000,0.956000,-0.142000
-0.127530,-10.967580,-2.619270,-0.008000,1.135000,-0.039000
-2.805660,-10.349550,-3.355020,-0.022000,1.436001,-0.147000
-1.991430,-8.779950,-4.139820,-0.211000,1.567001,-0.287000
1.451880,-7.867620,-4.483170,-0.251000,1.544001,-0.284000
4.277160,-7.583130,-2.864520,-0.145000,1.442001,-0.328000
4.424310,-7.730280,-2.638890,-0.079000,1.221000,-0.334000
2.364210,-8.367930,-2.874330,0.017000,0.908000,-0.290000
0.696510,-8.485650,-2.491740,0.038000,0.751000,-0.297000
0.412020,-8.309070,-2.246490,0.037000,0.733000,-0.372000
1.020240,-8.475840,-1.824660,0.009000,0.761000,-0.413000
1.285110,-8.475840,-1.589220,0.005000,0.826000,-0.352000
1.010430,-8.250210,-1.481310,-0.028000,0.859000,-0.244000
0.725940,-7.789140,-1.285110,-0.085000,0.876000,-0.163000
0.745560,-7.288830,-1.118340,-0.142000,0.905000,-0.134000
1.471500,-7.053390,-1.167390,-0.170000,0.910000,-0.126000
2.256300,-7.171110,-1.069290,-0.153000,0.814000,-0.089000
2.609460,-7.602750,-0.941760,-0.116000,0.696000,-0.017000
2.442690,-8.142300,-0.873090,-0.095000,0.618000,0.071000
1.932570,-8.858430,-0.774990,-0.129000,0.606000,0.129000
1.599030,-9.290070,-0.833850,-0.155000,0.626000,0.160000
1.559790,-9.711900,-0.931950,-0.154000,0.651000,0.182000
1.785420,-9.947340,-0.559170,-0.094000,0.672000,0.198000
2.099340,-10.094490,-0.255060,-0.027000,0.702000,0.191000
2.354400,-10.339740,-0.304110,0.057000,0.681000,0.234000
2.570220,-10.516320,-0.137340,0.158000,0.611000,0.299000
2.717370,-10.879290,0.098100,0.309000,0.547000,0.350000
2.972430,-13.135590,-2.854710,0.161000,0.768000,0.358000
2.383830,-15.627330,-4.581270,-0.063000,1.236000,0.222000
-0.941760,-15.656760,-3.914190,-0.086000,1.177000,0.095000
-0.294300,-12.242880,-1.314540,0.026000,0.904000,0.169000
4.080960,-10.928340,-1.726560,0.299000,0.708000,0.265000
5.601510,-9.986580,-2.736990,0.402000,0.541000,0.367000
3.256920,-8.289450,-4.130010,0.199000,0.519000,0.445000
-1.226250,-7.936290,-2.707560,0.158000,0.649000,0.435000
-3.443310,-7.936290,-1.638270,0.087000,0.896000,0.405000
-2.168010,-8.201160,-1.952190,0.016000,1.216000,0.334000
-0.353160,-8.858430,-1.903140,0.049000,1.469001,0.262000
0.824040,-9.476460,-1.657890,0.128000,1.615001,0.348000
1.206630,-10.035630,-1.383210,0.227000,1.698001,0.564000
0.902520,-9.917910,-1.236060,0.266000,1.671001,0.656000
0.618030,-9.378360,-1.030050,0.282000,1.618001,0.624000
0.647460,-9.015390,-1.000620,0.302000,1.550001,0.550000
0.667080,-8.946720,-0.686700,0.329000,1.510001,0.452000
0.490500,-8.652420,-0.245250,0.333000,1.540001,0.382000
0.402210,-8.181540,0.019620,0.309000,1.651001,0.349000
-0.098100,-8.103060,-0.039240,0.311000,1.732001,0.406000
-0.441450,-8.358120,0.127530,0.289000,1.843001,0.511000
-0.274680,-8.524890,0.117720,0.239000,1.956001,0.497000
0.304110,-8.495460,0.049050,0.195000,1.983001,0.418000
0.588600,-8.475840,-0.137340,0.145000,1.928001,0.357000
0.264870,-8.721090,0.078480,0.155000,1.814001,0.327000
-0.667080,-9.113490,0.667080,0.159000,1.778001,0.297000
-1.412640,-9.721710,0.902520,0.140000,1.829001,0.212000
-1.500930,-10.732140,0.824040,0.161000,1.920001,0.118000
-1.137960,-12.488130,-0.657270,0.050000,1.930001,0.124000
0.470880,-14.165640,-2.923380,-0.124000,1.979001,0.137000
2.403450,-15.696000,-1.324350,-0.074000,1.861001,0.124000
2.030670,-14.352030,-1.324350,-0.225000,1.730001,0.025000
-0.392400,-12.419460,-1.157580,-0.314000,1.941001,-0.190000
-0.755370,-11.860290,-1.952190,-0.503000,2.194001,-0.301000
1.030050,-10.987200,-3.767040,-0.748000,2.172001,-0.202000
3.610080,-9.221400,-1.746180,-0.583000,2.005001,-0.008000
2.766420,-8.250210,-0.824040,-0.528000,1.943001,-0.002000
1.334160,-8.809380,-1.039860,-0.439000,1.873001,0.045000
0.539550,-8.770140,-0.598410,-0.409000,1.769001,0.040000
0.892710,-8.279640,-0.588600,-0.423000,1.678001,0.029000
1.893330,-8.103060,-0.343350,-0.349000,1.600001,0.116000
1.854090,-8.397360,-0.147150,-0.242000,1.578001,0.169000
0.931950,-8.691660,0.088290,-0.135000,1.555001,0.201000
0.637650,-8.152110,0.088290,-0.098000,1.557001,0.201000
1.049670,-7.504650,0.049050,-0.043000,1.568001,0.160000
1.432260,-7.524270,0.098100,0.026000,1.545001,0.120000
1.726560,-8.044200,0.078480,0.066000,1.517001,0.109000
1.883520,-8.387550,-0.039240,0.077000,1.533001,0.135000
1.844280,-8.505270,-0.176580,0.076000,1.622001,0.184000
1.451880,-8.564130,-0.441450,0.063000,1.695001,0.235000
1.187010,-8.593560,-0.519930,0.069000,1.765001,0.284000
1.363590,-8.799570,-0.490500,0.070000,1.847001,0.293000
1.844280,-9.074250,-0.559170,0.093000,1.925001,0.303000
2.295540,-9.260640,-0.716130,0.145000,1.950001,0.325000
2.324970,-9.378360,-0.882900,0.209000,1.915001,0.338000
1.922760,-9.643230,-1.137960,0.225000,1.904001,0.344000
0.931950,-10.123920,-1.275300,0.238000,1.921001,0.304000
0.264870,-10.398600,-1.422450,0.174000,1.964001,0.230000
0.412020,-10.418220,-1.383210,0.083000,1.943001,0.123000
1.442070,-9.976770,-1.049670,0.085000,1.846001,0.009000
2.589840,-8.632800,-0.637650,0.128000,1.612001,-0.099000
2.001240,-7.661610,0.058860,0.129000,1.326000,-0.225000
0.882900,-7.730280,0.382590,0.066000,1.056000,-0.298000
0.618030,-8.799570,0.166770,-0.067000,1.057000,-0.312000
0.264870,-10.771380,0.058860,-0.098000,1.119000,-0.200000
-0.402210,-13.086540,0.392400,-0.027000,1.119000,0.033000
-0.519930,-13.096350,1.020240,0.160000,1.099000,0.243000
0.039240,-11.046060,1.343970,0.299000,1.087000,0.310000
0.392400,-9.692280,1.412640,0.331000,1.107000,0.303000
0.107910,-8.927100,1.226250,0.230000,1.149000,0.299000
-0.225630,-8.466030,0.902520,0.155000,1.205000,0.276000
-0.333540,-8.171730,0.941760,0.108000,1.243000,0.218000
0.274680,-7.975530,0.931950,0.069000,1.231000,0.093000
1.255680,-8.230590,1.010430,0.081000,1.126000,-0.014000
1.677510,-8.868240,1.196820,0.094000,0.949000,-0.091000
1.716750,-9.250830,0.912330,0.081000,0.765000,-0.147000
1.334160,-8.789760,0.667080,0.063000,0.600000,-0.140000
0.755370,-8.103060,1.245870,0.174000,0.498000,-0.069000
0.598410,-8.201160,1.314540,0.237000,0.508000,-0.062000
0.402210,-8.711280,1.245870,0.285000,0.572000,-0.138000
-0.186390,-9.074250,0.961380,0.271000,0.649000,-0.206000
-0.686700,-8.573940,1.088910,0.271000,0.771000,-0.226000
-0.392400,-7.985340,1.098720,0.275000,0.876000,-0.186000
0.215820,-7.887240,1.471500,0.393000,0.846000,-0.124000
0.490500,-7.897050,2.001240,0.417000,0.746000,-0.095000
0.333540,-7.573320,2.521170,0.477000,0.727000,-0.161000
0.009810,-6.916050,2.589840,0.533000,0.695000,-0.230000
0.078480,-6.602130,2.893950,0.694000,0.471000,-0.234000

