-.-.-
-0.284490,-8.260020,2.570220,-0.013000,0.045000,0.077000
-0.147150,-8.495460,2.815470,-0.014000,0.096000,0.122000
0.206010,-8.711280,2.884140,-0.017000,0.114000,0.192000
0.568980,-8.730900,2.501550,-0.035000,0.069000,0.252000
0.735750,-8.564130,2.472120,0.052000,0.015000,0.265000
0.608220,-8.799570,2.432880,0.097000,-0.023000,0.215000
0.127530,-8.956530,2.668320,0.199000,-0.194000,0.283000
-0.029430,-9.545130,3.178440,0.297000,-0.249000,0.236000
-0.568980,-9.760950,4.100580,0.389000,-0.177000,0.077000
-0.519930,-9.613800,5.228730,0.469000,-0.143000,0.022000
0.353160,-9.191970,5.611320,0.418000,-0.213000,0.084000
-0.176580,-9.810000,4.277160,0.207000,-0.508000,0.141000
-1.942380,-12.566610,3.315780,-0.108000,-0.483000,-0.088000
-3.521790,-13.263120,3.629700,0.029000,-0.105000,-0.416000
-3.433500,-13.694760,1.294920,0.193000,0.344000,-0.749000
0.382590,-11.595420,1.079100,0.440000,0.656000,-0.658000
3.816090,-11.830860,0.490500,0.210000,0.362000,-0.356000
3.207870,-13.263120,-1.530360,-0.287000,-0.192000,-0.236000
0.892710,-12.321360,-1.814850,-0.312000,-0.565000,-0.298000
-0.696510,-10.584990,-0.529740,-0.172000,-0.572000,-0.276000
-1.079100,-9.584370,-0.039240,-0.110000,-0.385000,-0.081000
-1.255680,-8.887860,0.294300,-0.043000,-0.107000,0.071000
-1.412640,-8.642610,0.804420,0.012000,0.227000,0.090000
-1.491120,-8.829000,1.157580,0.000000,0.476000,0.069000
-1.393020,-8.770140,1.559790,-0.042000,0.573000,0.040000
-1.098720,-8.475840,1.628460,-0.129000,0.639000,0.017000
-0.696510,-8.397360,1.579410,-0.166000,0.655000,-0.017000
-0.372780,-8.171730,1.520550,-0.180000,0.613000,-0.082000
-0.402210,-8.014770,1.657890,-0.182000,0.553000,-0.111000
-0.706320,-8.230590,1.805040,-0.151000,0.548000,-0.135000
-0.843660,-8.367930,2.060100,-0.100000,0.546000,-0.178000
-0.686700,-8.662230,2.393640,-0.074000,0.542000,-0.231000
-0.510120,-9.005580,2.491740,-0.090000,0.501000,-0.273000
-0.470880,-9.093870,2.629080,-0.108000,0.448000,-0.299000
-0.510120,-8.799570,2.668320,-0.135000,0.369000,-0.318000
-0.618030,-8.446410,2.952810,-0.078000,0.379000,-0.331000
-0.725940,-8.829000,2.805660,-0.022000,0.445000,-0.323000
-1.098720,-9.162540,1.971810,0.028000,0.442000,-0.270000
-1.098720,-8.907480,2.864520,0.223000,0.608000,-0.253000
-1.599030,-9.191970,3.129390,0.231000,0.641000,-0.174000
-1.549980,-8.848620,3.855330,0.269000,0.704000,-0.073000
-1.079100,-8.103060,4.708800,0.387000,0.869000,-0.132000
-0.598410,-8.279640,4.649940,0.386000,0.999000,-0.229000
1.216440,-11.526750,3.286350,0.306000,1.008000,-0.086000
3.315780,-16.108020,1.579410,0.151000,0.359000,0.317000
3.894570,-15.372270,0.735750,0.288000,0.215000,0.556000
0.304110,-11.144160,-1.049670,0.273000,0.495000,0.350000
-2.736990,-11.605230,-1.304730,0.166000,1.084000,0.143000
-2.736990,-13.439700,-1.079100,-0.105000,1.396000,0.169000
-0.196200,-13.331790,-0.892710,-0.055000,1.538001,0.095000
1.765800,-11.860290,-0.019620,0.060000,1.350000,-0.157000
1.118340,-10.418220,0.578790,0.076000,1.177000,-0.381000
0.549360,-9.800190,1.137960,0.004000,1.086000,-0.432000
0.196200,-9.407790,1.177200,-0.098000,1.136000,-0.397000
-0.176580,-8.701470,1.059480,-0.137000,1.147000,-0.308000
0.029430,-8.161920,1.098720,-0.167000,1.155000,-0.242000
0.304110,-8.112870,1.039860,-0.218000,1.136000,-0.231000
0.304110,-8.338500,0.882900,-0.223000,1.103000,-0.236000
0.313920,-8.407170,1.039860,-0.168000,1.089000,-0.243000
0.510120,-8.524890,1.245870,-0.106000,1.103000,-0.244000
0.578790,-8.554320,1.393020,-0.046000,1.094000,-0.199000
0.627840,-8.681850,1.432260,0.000000,1.092000,-0.113000
0.421830,-8.515080,1.461690,0.037000,1.094000,-0.027000
0.372780,-8.426790,1.343970,0.079000,1.086000,0.034000
0.225630,-8.318880,1.589220,0.131000,1.042000,0.086000
-0.088290,-8.063820,2.060100,0.150000,1.021000,0.097000
0.009810,-8.328690,2.246490,0.174000,1.074000,0.064000
0.215820,-9.280260,2.374020,0.221000,1.103000,0.070000
-0.156960,-9.584370,3.031290,0.316000,1.026000,0.151000
-0.372780,-9.937530,3.188250,0.370000,1.030000,0.175000
-0.441450,-10.016010,3.207870,0.368000,0.994000,0.151000
-0.206010,-10.378980,3.453120,0.371000,0.888000,0.140000
0.098100,-10.712520,3.668940,0.402000,0.764000,0.161000
-0.088290,-10.526130,4.041720,0.467000,0.644000,0.137000
-0.598410,-10.967580,3.806280,0.507000,0.759000,-0.033000
-1.030050,-11.458080,3.757230,0.314000,0.981000,-0.177000
-0.971190,-10.712520,3.835710,-0.016000,1.166000,-0.142000
-0.941760,-10.918530,1.755990,-0.044000,1.286000,-0.111000
-1.216440,-11.173590,2.374020,0.215000,1.446001,-0.334000
-0.323730,-9.878670,1.962000,0.373000,1.554001,-0.554000
0.873090,-9.397980,1.245870,0.314000,1.502001,-0.579000
1.824660,-9.348930,0.196200,0.096000,1.427001,-0.565000
1.353780,-9.770760,-0.264870,-0.025000,1.304000,-0.529000
-0.735750,-10.467270,0.009810,-0.066000,1.355000,-0.499000
-2.089530,-10.516320,0.431640,0.021000,1.593001,-0.469000
-1.824660,-9.898290,0.931950,0.129000,1.908001,-0.421000
-0.990810,-9.760950,1.530360,0.146000,2.170001,-0.368000
-0.618030,-10.222020,1.824660,0.134000,2.342001,-0.341000
-0.951570,-10.231830,2.452500,0.156000,2.461001,-0.333000
-1.108530,-9.633420,2.540790,0.136000,2.558001,-0.361000
-0.931950,-9.329310,2.432880,0.080000,2.639001,-0.420000
-0.735750,-9.241020,2.207250,0.025000,2.716001,-0.501000
-0.588600,-9.084060,2.168010,0.021000,2.785001,-0.549000
-0.392400,-8.976150,2.040480,0.014000,2.887001,-0.584000
-0.608220,-9.339120,1.962000,0.019000,2.962001,-0.580000
-0.608220,-9.584370,1.893330,0.009000,2.976001,-0.548000
-0.490500,-9.721710,1.903140,0.003000,2.957001,-0.556000
-0.578790,-9.859050,1.932570,0.003000,2.887001,-0.564000
-0.539550,-9.515700,1.795230,0.028000,2.820001,-0.552000
-0.412020,-9.427410,2.079720,0.092000,2.803001,-0.541000
-0.510120,-9.535320,2.060100,0.096000,2.765001,-0.513000
-0.725940,-9.662850,2.030670,0.098000,2.696001,-0.495000
-0.971190,-9.780570,1.922760,0.103000,2.679001,-0.515000
-1.039860,-9.711900,1.893330,0.131000,2.635001,-0.533000
-0.990810,-9.466650,2.168010,0.142000,2.639001,-0.498000
-0.755370,-9.643230,1.932570,0.130000,2.566001,-0.437000
-1.059480,-9.594180,1.922760,0.152000,2.480001,-0.377000
-1.236060,-9.182160,2.118960,0.196000,2.453001,-0.371000
-1.147770,-9.025200,2.217060,0.216000,2.431001,-0.404000
-0.725940,-9.025200,2.256300,0.229000,2.379001,-0.409000
-0.088290,-9.162540,1.883520,0.211000,2.238001,-0.394000
0.284490,-9.535320,1.746180,0.194000,1.997001,-0.385000
0.824040,-9.702090,1.510740,0.160000,1.817001,-0.431000
1.657890,-10.104300,0.873090,0.112000,1.580001,-0.408000
2.148390,-10.584990,0.716130,0.046000,1.390000,-0.302000
1.167390,-10.653660,0.696510,-0.002000,1.093000,-0.187000
-0.323730,-10.486890,0.716130,0.101000,1.088000,-0.189000
-0.539550,-9.986580,0.931950,0.199000,1.190000,-0.257000
0.568980,-9.810000,1.353780,0.166000,1.214000,-0.346000
1.393020,-10.114110,1.167390,0.073000,1.160000,-0.366000
1.667700,-10.065060,1.010430,0.047000,1.076000,-0.337000
1.334160,-9.653040,1.069290,0.038000,0.998000,-0.323000
1.000620,-9.378360,1.049670,0.036000,0.950000,-0.347000
1.039860,-9.515700,0.931950,0.053000,0.866000,-0.346000
1.128150,-9.653040,0.990810,0.079000,0.770000,-0.298000
1.147770,-9.692280,1.039860,0.114000,0.676000,-0.251000
1.118340,-9.682470,1.245870,0.157000,0.597000,-0.226000
1.226250,-9.682470,1.500930,0.164000,0.489000,-0.225000

