-.-.-
-7.347690,-8.917290,-4.748040,1.029000,0.005000,0.114000
2.324970,-11.458080,-3.139200,1.167000,0.821000,1.158000
5.738850,-14.989680,-2.815470,1.046000,0.964000,0.558000
-0.098100,-15.333030,-3.973050,0.799000,0.913000,-0.170000
-2.383830,-14.146020,-3.355020,0.814000,0.918000,-0.262000
-1.814850,-12.615660,-2.462310,0.810000,0.922000,-0.178000
-1.520550,-11.919150,-1.677510,0.763000,0.837000,-0.007000
-0.137340,-11.781810,-1.059480,0.728000,0.820000,0.044000
0.941760,-10.849860,-0.676890,0.684000,0.784000,0.005000
0.765180,-9.878670,-0.490500,0.688000,0.780000,-0.025000
0.088290,-9.358740,-0.156960,0.700000,0.813000,-0.086000
-0.529740,-8.838810,-0.058860,0.685000,0.820000,-0.160000
-1.020240,-8.446410,0.088290,0.680000,0.759000,-0.177000
-1.059480,-8.152110,0.058860,0.645000,0.748000,-0.146000
-0.588600,-7.730280,0.461070,0.639000,0.839000,-0.146000
-0.343350,-7.269210,0.735750,0.632000,0.891000,-0.182000
-0.470880,-7.092630,0.765180,0.564000,0.889000,-0.204000
-0.824040,-7.455600,0.676890,0.469000,0.841000,-0.203000
-0.843660,-7.848000,0.961380,0.431000,0.841000,-0.188000
-0.147150,-8.112870,1.324350,0.430000,0.797000,-0.134000
0.588600,-8.269830,0.922140,0.408000,0.685000,-0.055000
0.568980,-8.466030,1.216440,0.458000,0.459000,-0.006000
0.206010,-8.534700,2.030670,0.539000,0.217000,-0.038000
0.461070,-9.447030,0.490500,0.262000,0.376000,-0.154000
1.687320,-15.313410,-2.118960,-0.267000,0.542000,-0.032000
2.923380,-20.247840,-2.727180,-0.466000,0.232000,0.684000
1.275300,-13.881150,-2.746800,-0.056000,0.515000,0.767000
-2.020860,-9.103680,-2.432880,0.346000,0.756000,0.325000
-3.021480,-8.985960,-2.030670,0.104000,0.673000,0.058000
-2.962620,-10.388790,-0.735750,-0.066000,0.583000,0.046000
-1.324350,-11.153970,0.304110,-0.001000,0.680000,0.017000
0.480690,-10.938150,0.559170,0.021000,0.865000,-0.058000
1.579410,-10.251450,0.382590,0.009000,0.977000,-0.069000
1.648080,-9.505890,0.451260,0.098000,0.975000,-0.087000
1.245870,-8.995770,0.559170,0.164000,0.878000,-0.143000
0.853470,-8.809380,0.598410,0.171000,0.685000,-0.173000
0.716130,-8.613180,0.529740,0.191000,0.478000,-0.152000
0.814230,-8.426790,0.529740,0.173000,0.379000,-0.113000
1.049670,-8.338500,0.745560,0.152000,0.362000,-0.068000
1.353780,-8.299260,0.774990,0.123000,0.423000,-0.003000
0.941760,-8.554320,0.961380,0.075000,0.484000,0.033000
0.578790,-8.711280,1.118340,0.059000,0.534000,0.083000
0.353160,-8.829000,1.108530,0.090000,0.587000,0.159000
0.176580,-8.868240,1.177200,0.147000,0.601000,0.251000
0.255060,-8.897670,1.530360,0.211000,0.529000,0.328000
0.578790,-8.956530,1.755990,0.255000,0.424000,0.387000
1.324350,-9.397980,1.746180,0.260000,0.479000,0.389000
1.785420,-9.927720,1.010430,0.157000,0.647000,0.331000
0.706320,-9.643230,0.412020,0.157000,0.708000,0.316000
-1.353780,-9.231210,1.245870,0.205000,0.505000,0.360000
-2.001240,-9.780570,0.873090,0.073000,0.345000,0.328000
-1.932570,-12.625470,-0.098100,-0.133000,0.368000,0.005000
-2.001240,-15.205500,0.470880,-0.164000,0.876000,-0.497000
0.206010,-13.047300,-0.667080,0.255000,1.116000,-0.621000
2.118960,-9.447030,-1.069290,0.522000,0.961000,-0.348000
0.794610,-8.573940,-0.725940,0.492000,0.814000,-0.157000
-0.931950,-9.643230,-0.637650,0.154000,0.997000,-0.228000
-2.599650,-10.751760,-0.235440,-0.103000,1.382000,-0.327000
-3.413880,-11.065680,0.000000,-0.187000,1.796001,-0.310000
-2.472120,-10.535940,0.441450,0.040000,1.962001,-0.156000
-0.814230,-10.182780,0.755370,0.238000,2.047001,0.011000
-0.627840,-10.123920,0.981000,0.248000,2.128001,0.080000
-0.961380,-10.261260,1.147770,0.191000,2.234001,0.064000
-0.931950,-10.006200,1.069290,0.168000,2.310001,0.016000
-0.814230,-9.643230,0.951570,0.173000,2.317001,-0.013000
-0.745560,-9.260640,1.039860,0.181000,2.295001,-0.033000
-0.833850,-8.868240,1.275300,0.174000,2.307001,-0.030000
-0.971190,-8.750520,1.422450,0.126000,2.383001,-0.034000
-0.892710,-9.084060,1.432260,0.091000,2.426001,-0.057000
-0.784800,-9.564750,1.569600,0.082000,2.435001,-0.102000
-0.696510,-9.800190,1.530360,0.073000,2.430001,-0.157000
-0.480690,-9.731520,1.520550,0.077000,2.453001,-0.226000
-0.274680,-9.721710,1.481310,0.087000,2.493001,-0.276000
-0.304110,-9.849240,1.451880,0.099000,2.503001,-0.272000
-0.500310,-10.231830,1.471500,0.106000,2.503001,-0.265000
-0.539550,-10.271070,1.481310,0.136000,2.504001,-0.292000
-0.245250,-10.094490,1.667700,0.141000,2.476001,-0.294000
-0.245250,-10.045440,1.432260,0.126000,2.408001,-0.271000
-0.568980,-10.104300,1.265490,0.080000,2.349001,-0.262000
-0.814230,-9.966960,1.020240,0.046000,2.294001,-0.287000
-0.990810,-9.780570,0.961380,0.025000,2.277001,-0.300000
-1.010430,-9.564750,0.990810,0.016000,2.237001,-0.294000
-1.088910,-9.397980,1.000620,0.024000,2.204001,-0.294000
-1.265490,-9.250830,1.314540,0.044000,2.186001,-0.329000
-1.314540,-9.084060,1.422450,0.047000,2.220001,-0.367000
-1.304730,-9.044820,1.638270,0.069000,2.268001,-0.380000
-1.039860,-9.221400,1.383210,0.056000,2.325001,-0.368000
-0.353160,-10.025820,0.931950,0.034000,2.270001,-0.314000
0.362970,-10.761570,0.774990,0.031000,2.079001,-0.247000
1.206630,-11.222640,0.716130,0.011000,1.990001,-0.212000
1.314540,-11.330550,0.353160,0.021000,1.886001,-0.221000
0.843660,-10.898910,0.166770,0.031000,1.944001,-0.190000
0.421830,-10.447650,0.402210,0.028000,2.029001,-0.224000
0.549360,-10.016010,0.500310,-0.006000,2.023001,-0.251000
0.755370,-9.770760,0.264870,-0.087000,1.985001,-0.187000
0.716130,-9.535320,0.196200,-0.131000,2.010001,-0.116000
0.343350,-9.133110,0.176580,-0.169000,2.069001,-0.073000
0.166770,-9.084060,0.137340,-0.205000,2.150001,-0.054000
0.176580,-9.378360,0.284490,-0.224000,2.201001,-0.050000
0.480690,-9.819810,0.235440,-0.222000,2.259001,-0.052000
0.873090,-9.966960,0.313920,-0.199000,2.205001,-0.035000
1.245870,-9.829620,0.284490,-0.112000,2.132001,-0.017000
1.579410,-9.731520,0.402210,-0.035000,2.090001,-0.037000
1.775610,-9.613800,0.510120,0.034000,1.986001,-0.066000
1.854090,-9.476460,0.647460,0.101000,1.875001,-0.095000
1.677510,-9.329310,0.794610,0.163000,1.748001,-0.116000
1.442070,-9.250830,0.902520,0.224000,1.642001,-0.105000
1.177200,-9.260640,1.000620,0.271000,1.577001,-0.091000
1.079100,-9.368550,1.079100,0.257000,1.557001,-0.083000
1.216440,-9.702090,0.990810,0.196000,1.532001,-0.079000
1.412640,-9.927720,0.951570,0.158000,1.473001,-0.070000
1.677510,-10.133730,0.931950,0.137000,1.465001,-0.080000
1.755990,-10.310310,0.922140,0.101000,1.433001,-0.070000
1.520550,-10.251450,0.863280,0.120000,1.396000,-0.049000
1.098720,-9.966960,0.863280,0.150000,1.397000,-0.045000
0.706320,-9.613800,0.971190,0.194000,1.398000,-0.037000
0.676890,-9.515700,1.049670,0.197000,1.328000,-0.006000
0.853470,-9.505890,1.039860,0.193000,1.236000,0.028000
1.049670,-9.751140,0.804420,0.196000,1.096000,0.051000
0.853470,-10.310310,1.118340,0.197000,0.909000,0.090000
1.020240,-10.594800,1.069290,0.177000,0.759000,0.128000
1.569600,-10.584990,0.392400,0.122000,0.573000,0.172000
1.755990,-10.359360,0.137340,0.105000,0.221000,0.252000
1.726560,-9.702090,-0.353160,0.060000,-0.124000,0.334000
1.088910,-9.319500,-0.137340,0.083000,-0.271000,0.280000
-0.058860,-9.290070,-0.127530,0.068000,-0.299000,0.186000
-1.098720,-9.505890,0.029430,0.072000,-0.227000,0.122000
-1.461690,-9.917910,-0.009810,0.053000,-0.076000,0.060000

