-.-.-
-2.511360,-12.664710,-3.531600,0.172000,-0.121000,-0.123000
-2.109150,-11.203020,-4.659750,-0.005000,0.117000,-0.155000
-1.569600,-10.290690,-3.904380,-0.018000,0.236000,-0.067000
-1.461690,-10.634040,-3.247110,-0.098000,0.244000,0.136000
-1.912950,-11.016630,-2.786040,-0.121000,0.300000,0.200000
-2.020860,-9.751140,-2.020860,-0.076000,0.370000,0.155000
-1.569600,-8.299260,-1.932570,-0.050000,0.462000,0.015000
-0.882900,-6.955290,-1.393020,-0.007000,0.515000,-0.095000
-0.372780,-6.023340,-1.157580,-0.012000,0.594000,-0.129000
0.068670,-5.238540,-1.098720,-0.007000,0.643000,-0.106000
0.657270,-4.502790,-1.177200,0.001000,0.588000,-0.060000
1.118340,-4.218300,-1.226250,0.046000,0.449000,-0.040000
1.402830,-4.669560,-0.922140,0.095000,0.219000,-0.020000
1.677510,-5.189490,-0.539550,0.166000,0.008000,0.032000
1.628460,-5.650560,-0.431640,0.267000,-0.112000,0.101000
0.951570,-6.258780,-0.304110,0.403000,-0.191000,0.166000
0.049050,-6.974910,0.019620,0.538000,-0.204000,0.199000
-0.294300,-8.142300,0.990810,0.559000,-0.287000,0.123000
-0.019620,-10.604610,1.088910,0.346000,-0.414000,0.012000
0.206010,-13.233690,0.716130,0.199000,-0.401000,-0.070000
-0.353160,-13.724190,1.971810,0.200000,-0.453000,-0.143000
-1.206630,-14.587470,3.404070,-0.004000,-0.424000,-0.168000
-1.294920,-17.157690,-0.618030,-0.784000,0.393000,-0.261000
-5.660370,-20.561760,-9.378360,-0.523000,0.825000,-0.658000
-3.874950,-12.939390,-6.425550,0.612000,0.636000,-0.932000
1.755990,-7.014150,-4.865760,0.566000,0.398000,-0.534000
2.658510,-8.858430,-3.914190,0.100000,0.129000,-0.386000
2.099340,-12.978630,-5.101200,-0.326000,0.025000,-0.449000
2.560410,-13.871340,-3.924000,-0.322000,-0.165000,-0.414000
3.217680,-11.497320,-2.913570,-0.176000,-0.315000,-0.252000
1.922760,-9.388170,-2.246490,-0.019000,-0.395000,-0.073000
-0.029430,-7.504650,-1.461690,0.047000,-0.433000,0.100000
-1.265490,-5.905620,-1.187010,0.030000,-0.382000,0.238000
-1.873710,-5.179680,-1.010430,-0.025000,-0.257000,0.281000
-2.050290,-5.150250,-0.971190,-0.058000,-0.087000,0.254000
-1.834470,-5.464170,-0.784800,-0.013000,0.071000,0.232000
-1.540170,-5.895810,-0.598410,-0.033000,0.220000,0.232000
-1.334160,-5.895810,-0.372780,0.034000,0.371000,0.222000
-1.187010,-6.052770,-0.127530,0.127000,0.490000,0.146000
-0.981000,-6.239160,0.049050,0.228000,0.545000,0.052000
-0.176580,-7.004340,0.166770,0.274000,0.535000,0.009000
1.059480,-7.681230,0.519930,0.112000,0.545000,0.038000
0.843660,-8.995770,0.686700,0.061000,0.517000,0.181000
1.236060,-11.664090,0.451260,0.144000,0.379000,0.308000
2.393640,-13.331790,1.549980,0.288000,0.161000,0.369000
0.922140,-14.057730,2.854710,0.075000,-0.031000,0.294000
-1.589220,-13.194450,0.755370,0.127000,0.093000,0.000000
0.196200,-18.403560,-7.818570,0.083000,0.020000,0.058000
9.123300,-19.835820,-11.556180,0.576000,-0.865000,0.983000
3.963240,-9.358740,-7.357500,0.669000,-0.884000,1.103000
-4.483170,-7.543890,-3.119580,0.571000,-0.781000,0.687000
-6.670800,-12.615660,-3.482550,0.394000,-0.341000,0.073000
-7.073010,-16.618140,-2.599650,0.148000,-0.054000,-0.082000
-4.179060,-12.880530,-1.854090,0.079000,0.130000,0.181000
-1.412640,-10.957770,-1.353780,0.048000,0.276000,0.361000
-0.274680,-7.916670,-0.461070,-0.021000,0.380000,0.256000
0.000000,-6.445170,-0.559170,-0.147000,0.524000,-0.118000
0.480690,-5.052150,-1.098720,-0.196000,0.535000,-0.362000
0.814230,-4.071150,-1.059480,-0.089000,0.435000,-0.392000
0.608220,-3.659130,-0.559170,0.024000,0.346000,-0.298000
0.676890,-3.776850,-0.362970,0.056000,0.265000,-0.203000
1.245870,-4.443930,-0.206010,0.122000,0.125000,-0.118000
0.990810,-5.601510,0.000000,0.211000,-0.098000,-0.015000
0.382590,-6.690420,0.382590,0.279000,-0.235000,0.140000
-0.078480,-7.671420,0.745560,0.250000,-0.238000,0.253000
-0.225630,-8.534700,0.863280,0.182000,-0.109000,0.228000
-0.284490,-10.074870,1.049670,0.177000,-0.087000,0.133000
-0.755370,-12.556800,1.451880,0.179000,-0.029000,0.038000
-1.520550,-13.822290,3.688560,0.134000,0.184000,0.041000
-0.608220,-13.400460,2.903760,-0.245000,0.587000,0.117000
0.078480,-14.783670,-2.952810,-0.112000,0.341000,0.152000
-4.826520,-19.423800,-7.769520,0.174000,0.754000,-0.530000
-4.836330,-12.988440,-7.828380,0.568000,1.027000,-1.419001
0.098100,-6.768900,-3.727800,0.585000,0.791000,-1.006000
3.541410,-8.927100,-3.600270,0.206000,0.311000,-0.525000
4.914810,-15.283980,-3.590460,0.172000,-0.014000,-0.332000
3.708180,-13.930200,-1.775610,0.174000,0.068000,-0.173000
1.736370,-11.987820,-1.069290,0.164000,0.045000,0.136000
-1.353780,-8.564130,-0.725940,0.221000,0.037000,0.215000
-3.011670,-7.151490,-0.402210,0.141000,0.100000,0.194000
-2.786040,-6.454980,-0.559170,0.114000,0.363000,0.149000
-2.128770,-5.679990,-0.608220,0.142000,0.615000,0.164000
-1.422450,-5.523030,-0.245250,0.250000,0.881000,0.217000
-0.824040,-6.219540,0.480690,0.267000,1.214000,0.308000
-0.745560,-6.857190,0.843660,0.176000,1.635001,0.289000
-1.628460,-6.484410,0.206010,-0.004000,1.902001,0.119000
-2.109150,-5.317020,0.431640,0.049000,1.987001,-0.003000
-1.147770,-5.317020,0.608220,0.133000,1.916001,0.045000
0.873090,-6.808140,1.088910,0.354000,1.816001,0.044000
2.472120,-7.749900,0.470880,0.401000,1.576001,0.079000
2.766420,-7.730280,0.333540,0.508000,1.040000,0.218000
1.442070,-7.337880,-0.107910,0.687000,0.739000,0.313000
1.373400,-9.084060,-3.688560,0.494000,1.023000,0.360000
6.445170,-17.883630,-10.702710,-0.411000,0.830000,0.836000
8.338500,-20.238030,-8.132490,0.316000,1.094000,1.508001
-3.355020,-10.437840,-6.170490,0.670000,0.965000,1.077000
-2.982240,-15.902010,-4.659750,0.379000,0.667000,0.550000
-4.247730,-16.186500,-2.393640,0.632000,1.199000,0.089000
-0.343350,-18.982350,-0.372780,0.075000,1.686001,-0.129000
0.539550,-14.607090,-0.637650,-0.155000,2.180001,0.141000
-1.118340,-12.586230,-0.716130,-0.230000,2.456001,0.441000
-1.697130,-10.957770,-0.206010,-0.233000,2.558001,0.524000
-0.873090,-9.584370,-0.088290,-0.281000,2.651001,0.564000
0.137340,-8.878050,0.029430,-0.286000,2.721001,0.614000
0.755370,-8.054010,-0.058860,-0.260000,2.752001,0.665000
1.294920,-7.180920,0.068670,-0.289000,2.725001,0.719000
1.569600,-5.935050,0.500310,-0.062000,2.639001,0.734000
1.677510,-5.787900,0.647460,0.083000,2.626001,0.694000
2.226870,-6.611940,0.794610,0.263000,2.570001,0.683000
2.364210,-7.122060,0.725940,0.451000,2.437001,0.685000
2.687940,-7.524270,0.912330,0.642000,2.293001,0.691000
1.863900,-8.161920,0.745560,0.841000,2.286001,0.648000
0.608220,-8.995770,2.207250,0.994000,2.124001,0.708000
0.206010,-9.407790,2.727180,0.980000,2.034001,0.749000
-0.078480,-12.233070,-1.285110,0.633000,2.477001,0.545000
-2.472120,-16.677000,-4.051530,0.144000,3.364001,-0.054000
-1.706940,-11.948580,-3.041100,0.346000,2.616001,-0.196000
1.697130,-10.114110,-2.413260,0.333000,2.252001,-0.030000
3.825900,-12.282120,-2.393640,0.379000,2.386001,0.097000
0.745560,-14.106780,-2.109150,0.322000,2.709001,0.156000
-2.452500,-12.340980,-1.805040,0.387000,2.979001,0.161000
-3.943620,-10.957770,-0.814230,0.491000,3.369001,0.295000
-4.345830,-10.104300,-0.166770,0.462000,3.754001,0.474000
-2.629080,-10.594800,0.029430,0.326000,3.999001,0.593000
-0.657270,-11.055870,-0.068670,0.328000,4.140001,0.733000
0.372780,-9.947340,0.009810,0.335000,4.162001,0.824000
0.000000,-8.770140,0.176580,0.328000,4.070001,0.838000
-0.765180,-8.063820,0.784800,0.296000,3.849001,0.801000

