-.-.-
0.402210,-10.280880,-2.874330,0.072000,-0.305000,0.075000
0.647460,-10.084680,-3.109770,0.234000,-0.309000,0.043000
0.676890,-9.653040,-3.021480,0.422000,-0.212000,-0.006000
0.735750,-9.603990,-2.805660,0.587000,-0.111000,-0.075000
1.108530,-9.859050,-2.266110,0.727000,-0.091000,-0.077000
1.187010,-10.457460,-2.069910,0.838000,-0.140000,-0.020000
0.794610,-12.223260,-1.903140,0.958000,-0.110000,0.017000
0.755370,-14.214690,-2.030670,1.089000,-0.001000,0.067000
1.187010,-15.362460,-2.069910,1.252000,0.081000,0.101000
0.578790,-15.548850,-1.579410,1.381000,-0.016000,0.150000
0.156960,-14.862150,-0.196200,1.455001,-0.111000,0.102000
-0.107910,-13.753620,1.491120,1.430001,-0.139000,0.096000
-0.500310,-12.252690,2.707560,1.319000,-0.134000,0.135000
-0.392400,-10.398600,2.776230,1.117000,-0.092000,0.119000
-0.215820,-8.838810,2.521170,0.936000,-0.079000,0.098000
-0.323730,-7.965720,2.442690,0.810000,-0.080000,0.090000
-0.362970,-7.955910,2.432880,0.712000,-0.034000,0.095000
-0.245250,-8.269830,1.736370,0.678000,0.008000,0.099000
-0.196200,-8.897670,1.442070,0.677000,0.038000,0.104000
-0.225630,-9.280260,1.932570,0.681000,0.028000,0.116000
-0.156960,-9.819810,2.315160,0.666000,0.022000,0.126000
0.058860,-10.359360,2.246490,0.667000,0.080000,0.121000
0.009810,-10.977390,2.266110,0.648000,0.096000,0.116000
-0.058860,-11.173590,2.472120,0.610000,0.065000,0.131000
-0.029430,-10.889100,2.844900,0.552000,0.050000,0.126000
-0.029430,-10.545750,3.041100,0.465000,0.036000,0.109000
-0.068670,-10.300500,2.648700,0.379000,0.032000,0.106000
0.000000,-10.104300,2.481930,0.307000,0.026000,0.096000
-0.009810,-9.937530,2.275920,0.259000,0.028000,0.074000
-0.009810,-9.623610,2.334780,0.245000,0.020000,0.054000
-0.039240,-9.339120,2.383830,0.224000,0.025000,0.029000
-0.039240,-9.348930,2.275920,0.204000,0.015000,0.027000
-0.049050,-9.388170,2.374020,0.182000,-0.018000,0.030000
-0.088290,-9.476460,2.344590,0.163000,-0.031000,0.038000
-0.009810,-9.711900,2.442690,0.141000,-0.025000,0.035000
-0.078480,-9.810000,2.462310,0.126000,-0.048000,0.038000
-0.078480,-9.898290,2.432880,0.113000,-0.052000,0.036000
-0.068670,-9.927720,2.599650,0.102000,-0.055000,0.027000
-0.127530,-9.839430,2.560410,0.085000,-0.052000,0.026000
-0.078480,-9.849240,2.481930,0.060000,-0.052000,0.027000
-0.127530,-9.741330,2.629080,0.036000,-0.057000,0.030000
-0.176580,-9.672660,2.511360,0.014000,-0.043000,0.028000
-0.196200,-9.603990,2.511360,-0.003000,-0.034000,0.024000
-0.206010,-9.584370,2.550600,-0.009000,-0.022000,0.018000
-0.176580,-9.584370,2.530980,-0.012000,-0.006000,0.014000
-0.176580,-9.564750,2.501550,-0.016000,-0.005000,0.013000
-0.206010,-9.603990,2.501550,-0.015000,-0.008000,0.013000
-0.186390,-9.643230,2.570220,-0.019000,-0.005000,0.014000
-0.147150,-9.584370,2.697750,-0.031000,-0.004000,0.012000
-0.117720,-9.613800,2.501550,-0.034000,-0.003000,0.014000
-0.166770,-9.692280,2.442690,-0.036000,-0.009000,0.019000
-0.098100,-9.653040,2.481930,-0.036000,-0.010000,0.014000
-0.127530,-9.594180,2.423070,-0.040000,-0.019000,0.017000
-0.147150,-9.653040,2.432880,-0.052000,-0.013000,0.016000
-0.107910,-9.672660,2.432880,-0.065000,0.000000,0.019000
-0.068670,-9.623610,2.521170,-0.067000,-0.010000,0.023000
-0.117720,-9.584370,2.530980,-0.064000,-0.019000,0.025000
-0.137340,-9.633420,2.403450,-0.063000,-0.024000,0.030000
-0.147150,-9.682470,2.236680,-0.059000,-0.026000,0.022000
-0.176580,-9.711900,2.138580,-0.050000,-0.037000,0.019000
-0.206010,-9.574560,2.226870,-0.038000,-0.042000,0.009000
-0.215820,-9.505890,2.275920,-0.028000,-0.041000,0.006000
-0.166770,-9.476460,2.334780,-0.021000,-0.028000,0.005000
-0.166770,-9.545130,2.177820,-0.008000,-0.023000,0.007000
-0.186390,-9.545130,2.256300,-0.003000,-0.027000,0.008000
-0.166770,-9.613800,2.217060,0.001000,-0.023000,0.008000
-0.166770,-9.643230,2.256300,-0.001000,-0.022000,0.006000
-0.186390,-9.653040,2.295540,0.000000,-0.027000,0.006000
-0.166770,-9.711900,2.275920,0.000000,-0.028000,0.008000
-0.176580,-9.711900,2.305350,-0.002000,-0.030000,0.007000
-0.147150,-9.711900,2.324970,-0.005000,-0.016000,0.003000
-0.156960,-9.692280,2.295540,-0.002000,-0.015000,0.007000
-0.186390,-9.643230,2.315160,-0.003000,-0.022000,0.009000
-0.206010,-9.603990,2.295540,-0.003000,-0.023000,0.006000
-0.206010,-9.584370,2.305350,-0.003000,-0.028000,0.006000
-0.196200,-9.574560,2.452500,-0.007000,-0.023000,0.007000
-0.166770,-9.574560,2.334780,-0.007000,-0.024000,0.011000
-0.166770,-9.584370,2.285730,-0.005000,-0.026000,0.013000
-0.215820,-9.603990,2.305350,0.004000,-0.016000,0.009000
-0.225630,-9.623610,2.315160,0.017000,-0.008000,0.007000
-0.176580,-9.643230,2.285730,0.018000,0.000000,0.000000
-0.166770,-9.633420,2.305350,0.016000,-0.003000,0.002000
-0.176580,-9.633420,2.315160,0.010000,-0.007000,0.001000
-0.186390,-9.672660,2.275920,0.008000,-0.007000,0.000000
-0.186390,-9.662850,2.334780,0.003000,-0.011000,0.000000
-0.196200,-9.682470,2.266110,0.000000,-0.010000,0.000000
-0.147150,-9.653040,2.266110,0.002000,-0.007000,0.000000
-0.147150,-9.594180,2.393640,0.004000,-0.019000,-0.005000
-0.186390,-9.594180,2.403450,0.006000,-0.016000,-0.010000
-0.117720,-9.682470,2.383830,-0.005000,-0.026000,0.000000
-0.147150,-9.633420,2.374020,0.000000,-0.047000,0.003000
-0.176580,-9.584370,2.374020,0.010000,-0.044000,-0.003000
-0.137340,-9.535320,2.491740,0.010000,-0.038000,-0.008000
-0.166770,-9.574560,2.599650,-0.014000,-0.038000,-0.003000
-0.196200,-9.633420,2.197440,-0.020000,-0.021000,-0.001000
-0.225630,-9.760950,2.295540,-0.028000,-0.011000,-0.002000
-0.196200,-9.819810,2.462310,-0.049000,0.001000,-0.014000
-0.166770,-9.878670,2.413260,-0.059000,0.004000,-0.021000
-0.156960,-9.770760,2.521170,-0.087000,-0.004000,-0.018000
-0.156960,-9.770760,2.540790,-0.112000,0.005000,-0.018000
-0.156960,-9.751140,2.413260,-0.127000,0.014000,-0.022000
-0.147150,-9.770760,2.481930,-0.160000,0.012000,-0.023000
-0.127530,-9.741330,2.413260,-0.175000,0.013000,-0.026000
-0.137340,-9.702090,2.462310,-0.193000,0.012000,-0.025000
-0.078480,-9.692280,2.589840,-0.218000,0.027000,-0.030000
-0.137340,-9.711900,2.648700,-0.265000,0.010000,-0.020000
-0.156960,-9.751140,2.570220,-0.331000,0.004000,-0.011000
-0.127530,-9.927720,2.423070,-0.375000,0.030000,-0.014000
-0.176580,-10.016010,2.452500,-0.422000,0.032000,-0.014000
-0.215820,-9.927720,2.727180,-0.468000,0.027000,-0.017000
-0.235440,-9.917910,2.864520,-0.559000,0.016000,-0.014000
-0.176580,-10.133730,2.236680,-0.635000,0.042000,-0.017000
-0.176580,-10.192590,2.168010,-0.727000,0.047000,-0.021000
-0.196200,-10.182780,2.266110,-0.799000,0.064000,-0.025000
-0.147150,-10.222020,2.001240,-0.881000,0.085000,-0.036000
-0.117720,-10.182780,1.912950,-0.989000,0.075000,-0.045000
-0.127530,-10.202400,1.893330,-1.099000,0.057000,-0.050000
-0.137340,-10.280880,1.991430,-1.256000,0.049000,-0.062000
-0.088290,-10.388790,2.334780,-1.508001,0.037000,-0.075000
-0.078480,-10.123920,2.727180,-1.627001,0.064000,-0.070000
-0.206010,-10.428030,2.050290,-1.629001,0.070000,-0.068000
-0.863280,-10.889100,2.187630,-1.619001,0.312000,-0.135000
-1.952190,-12.851100,0.608220,-1.829001,0.544000,-0.333000
-1.020240,-13.802670,-2.923380,-1.639001,0.905000,-0.511000
2.217060,-12.713760,-3.345210,-1.334000,0.612000,-0.452000
2.952810,-11.615040,-3.472740,-1.021000,0.130000,-0.153000
0.529740,-11.183400,-3.590460,-0.773000,-0.202000,-0.085000
0.137340,-11.252070,-3.511980,-0.577000,-0.155000,-0.232000

