-.-.-
1.383210,-13.390650,-0.912330,0.018000,0.910000,0.070000
0.029430,-12.242880,-0.009810,0.377000,0.899000,0.101000
-1.255680,-10.918530,0.549360,0.384000,0.957000,0.018000
-1.903140,-10.025820,0.382590,0.137000,1.086000,-0.007000
-2.099340,-9.290070,0.480690,0.024000,1.275000,-0.031000
-1.510740,-8.603370,0.480690,-0.015000,1.625001,0.046000
-0.912330,-8.269830,0.441450,-0.002000,1.884001,0.185000
-0.833850,-8.024580,0.362970,0.011000,2.030001,0.161000
-1.285110,-7.641990,0.549360,-0.006000,2.099001,-0.024000
-1.157580,-7.730280,0.824040,0.002000,2.177001,-0.214000
-0.774990,-7.995150,1.128150,0.075000,2.182001,-0.283000
-0.794610,-8.103060,1.795230,0.230000,2.184001,-0.273000
-0.922140,-8.985960,2.943000,0.252000,2.314001,-0.099000
-0.578790,-9.486270,2.452500,0.088000,2.536001,0.171000
0.598410,-9.878670,0.156960,0.005000,2.286001,0.316000
1.363590,-10.418220,-0.284490,0.085000,1.580001,0.377000
0.735750,-9.133110,0.353160,0.141000,1.469001,0.265000
-0.304110,-9.103680,-2.580030,-0.255000,2.111001,0.256000
0.500310,-10.565370,-3.747420,-0.305000,2.643001,0.492000
2.560410,-14.950440,-4.012290,-0.469000,2.546001,1.195000
0.304110,-12.841290,-0.127530,0.039000,2.278001,1.334000
-0.215820,-12.988440,-1.471500,-0.180000,1.683001,0.677000
-0.971190,-14.185260,-0.951570,0.270000,1.323000,0.055000
-1.196820,-12.635280,0.873090,0.592000,1.600001,-0.244000
-0.902520,-11.301120,1.785420,0.295000,2.239001,-0.287000
0.392400,-10.447650,0.863280,-0.055000,2.607001,-0.048000
1.383210,-9.868860,-0.049050,-0.195000,2.533001,0.242000
1.952190,-8.367930,0.098100,-0.160000,2.340001,0.351000
1.942380,-7.180920,0.235440,0.049000,2.082001,0.260000
1.697130,-6.494220,0.000000,0.139000,1.723001,0.160000
1.177200,-7.151490,0.735750,0.121000,1.463001,0.198000
0.500310,-7.563510,0.667080,0.078000,1.408001,0.301000
0.362970,-7.632180,0.745560,0.149000,1.402001,0.360000
0.843660,-8.367930,1.000620,0.160000,1.361000,0.373000
1.196820,-9.133110,0.824040,0.053000,1.261000,0.441000
1.049670,-9.682470,0.725940,0.049000,1.059000,0.485000
1.000620,-10.329930,0.323730,0.104000,0.882000,0.455000
1.324350,-11.232450,-0.264870,0.190000,0.686000,0.455000
0.098100,-11.232450,0.353160,0.473000,0.385000,0.530000
-0.107910,-11.006820,1.275300,0.789000,0.487000,0.451000
0.304110,-11.124540,1.962000,0.916000,0.534000,0.320000
0.539550,-12.144780,0.686700,0.816000,0.700000,0.319000
-1.285110,-11.830860,-2.001240,0.565000,0.574000,0.196000
-3.384450,-10.692900,-3.433500,0.453000,0.577000,-0.274000
-4.336020,-9.447030,-3.129390,0.046000,0.940000,-0.492000
-3.678750,-9.525510,-2.982240,-0.358000,1.688001,-0.361000
-3.325590,-11.811240,-2.501550,-0.329000,2.288001,-0.068000
-2.580030,-11.320740,-1.402830,0.128000,2.832001,0.325000
-1.471500,-10.771380,-0.107910,0.377000,3.326001,0.494000
-2.226870,-10.889100,0.382590,0.326000,3.379001,0.660000
-2.609460,-10.378980,0.274680,0.151000,3.412001,0.685000
-1.805040,-9.594180,0.019620,0.106000,3.553001,0.620000
-0.843660,-9.005580,0.245250,0.176000,3.848001,0.589000
-1.108530,-8.829000,0.255060,0.196000,3.964001,0.666000
-1.863900,-8.936910,0.225630,0.173000,3.890001,0.743000
-2.491740,-9.721710,0.480690,0.235000,3.800001,0.711000
-0.833850,-10.535940,0.461070,0.217000,3.613001,0.642000
1.216440,-10.447650,0.863280,0.299000,3.207001,0.578000
1.932570,-9.505890,0.981000,0.333000,2.675001,0.459000
1.500930,-8.760330,0.725940,0.358000,2.217001,0.248000
0.461070,-8.760330,0.510120,0.374000,1.845001,0.113000
-1.128150,-8.358120,0.676890,0.517000,1.355000,0.069000
-1.020240,-8.446410,1.755990,0.531000,1.324000,-0.035000
-1.128150,-8.976150,1.187010,0.491000,1.379000,-0.201000
-1.059480,-9.760950,1.343970,0.600000,1.418001,-0.242000
-0.833850,-11.114730,-1.255680,0.351000,1.685001,-0.264000
2.933190,-16.304220,-6.131250,0.283000,2.053001,0.344000
4.051530,-14.607090,-4.983480,0.203000,1.339000,0.781000
-1.648080,-7.641990,-2.884140,0.534000,0.874000,0.467000
-4.277160,-8.858430,-3.031290,0.357000,0.523000,0.050000
-3.580650,-11.830860,-1.952190,0.422000,0.762000,-0.400000
-1.206630,-11.948580,-1.157580,0.314000,1.183000,-0.579000
0.490500,-11.683710,-1.765800,0.144000,1.350000,-0.411000
0.941760,-11.075490,-2.246490,0.012000,1.380000,-0.190000
0.627840,-9.447030,-1.844280,-0.009000,1.209000,-0.084000
0.637650,-8.161920,-1.805040,0.063000,1.001000,-0.143000
0.843660,-7.867620,-1.393020,0.145000,0.824000,-0.351000
0.922140,-7.416360,-1.147770,0.110000,0.646000,-0.428000
1.451880,-7.180920,-0.833850,0.009000,0.550000,-0.295000
1.697130,-7.112250,-0.627840,-0.093000,0.461000,-0.062000
1.432260,-7.112250,-0.245250,-0.149000,0.287000,0.092000
0.951570,-7.416360,0.137340,-0.120000,0.123000,0.103000
0.539550,-8.161920,0.000000,-0.050000,0.017000,0.055000
0.304110,-8.642610,-0.519930,0.063000,-0.043000,0.060000
0.088290,-8.750520,0.971190,0.259000,-0.118000,0.099000
0.402210,-10.202400,0.961380,0.218000,-0.115000,0.061000
0.245250,-12.566610,0.804420,0.388000,0.050000,-0.077000
-0.843660,-13.223880,0.941760,0.420000,0.380000,-0.208000
-1.952190,-14.616900,-0.686700,0.201000,0.419000,-0.341000
-4.983480,-17.177310,-6.219540,0.467000,0.757000,-0.797000
-3.590460,-12.399840,-5.091390,0.759000,0.767000,-0.944000
1.334160,-7.475220,-3.433500,0.225000,0.190000,-0.538000
4.061340,-6.141060,-1.657890,-0.010000,0.021000,-0.173000
3.786660,-9.319500,-1.353780,-0.116000,0.199000,-0.026000
2.168010,-11.870100,-1.716750,-0.119000,0.090000,0.076000
-0.255060,-11.713140,-2.217060,-0.092000,-0.024000,0.177000
-2.226870,-10.339740,-2.236680,-0.056000,-0.162000,0.186000
-2.246490,-9.172350,-1.667700,-0.012000,-0.126000,0.122000
-1.187010,-8.456220,-1.432260,-0.013000,0.011000,0.032000
-0.559170,-7.916670,-1.334160,-0.020000,0.118000,0.047000
-0.981000,-7.681230,-1.049670,-0.020000,0.229000,0.134000
-1.736370,-7.730280,-0.647460,-0.039000,0.379000,0.126000
-2.305350,-7.946100,-0.333540,0.007000,0.487000,0.000000
-2.060100,-8.083440,-0.559170,0.041000,0.590000,-0.160000
-0.981000,-7.798950,-1.265490,0.135000,0.735000,-0.264000
-0.058860,-7.249590,-0.519930,0.424000,0.806000,-0.251000
0.147150,-7.161300,1.638270,0.520000,0.623000,-0.082000
-0.186390,-8.622990,2.315160,0.267000,0.571000,0.075000
-0.765180,-11.899530,0.147150,0.141000,0.573000,0.096000
-0.716130,-12.743190,-0.039240,0.165000,0.138000,0.171000
-0.245250,-11.222640,1.579410,0.363000,0.119000,0.305000
-0.127530,-12.115350,-0.294300,0.288000,0.407000,0.286000
2.982240,-16.039350,-3.874950,0.345000,0.421000,0.797000
4.924620,-14.970060,-5.729040,-0.081000,0.202000,1.466001
0.402210,-7.043580,-5.130630,0.185000,0.247000,1.227000
-4.100580,-5.287590,-2.570220,0.059000,-0.268000,0.633000
-4.669560,-11.016630,-2.962620,-0.105000,-0.503000,-0.063000
-2.648700,-13.469130,-0.755370,0.305000,-0.386000,-0.447000
0.127530,-13.037490,0.196200,0.180000,0.163000,-0.405000
1.589220,-11.095110,-1.098720,-0.116000,0.397000,-0.157000
0.902520,-8.613180,-1.579410,-0.041000,0.174000,-0.060000
0.362970,-7.867620,-1.559790,0.029000,-0.182000,-0.193000
0.137340,-8.152110,-1.245870,0.013000,-0.465000,-0.350000
0.559170,-8.397360,-0.912330,-0.080000,-0.636000,-0.370000
1.088910,-8.201160,-0.568980,-0.137000,-0.782000,-0.229000
1.039860,-7.632180,0.196200,-0.136000,-0.939000,-0.026000
0.294300,-7.092630,0.951570,-0.117000,-1.020000,0.034000
-0.304110,-7.171110,0.824040,-0.044000,-0.913000,0.025000

