-.-.-
3.001860,-8.907480,1.393020,0.069000,0.544000,0.412000
1.402830,-6.592320,0.264870,0.250000,0.366000,0.391000
-0.510120,-3.835710,0.637650,0.406000,0.445000,0.285000
-2.383830,-0.922140,-0.333540,0.277000,0.597000,0.186000
-2.570220,1.196820,0.039240,0.325000,1.043000,0.067000
-1.618650,0.676890,-1.069290,0.191000,1.345000,0.013000
-1.226250,0.000000,-0.863280,0.171000,1.591001,-0.053000
-0.451260,-0.098100,0.774990,0.227000,1.968001,-0.210000
2.030670,-2.069910,-0.608220,0.017000,2.651001,-0.283000
3.384450,-12.076110,-19.217790,-1.451001,1.098000,0.541000
7.573320,-35.002080,6.180300,3.686001,0.818000,0.827000
-5.179680,-19.737720,0.156960,-0.448000,1.935001,-0.105000
-7.700850,-14.587470,1.255680,0.531000,2.394001,-0.391000
-0.176580,-19.374750,1.030050,0.282000,2.419001,-0.246000
4.551840,-19.502280,1.873710,0.167000,2.427001,-0.200000
3.943620,-16.726050,1.510740,-0.019000,2.354001,-0.131000
2.060100,-14.352030,1.579410,0.101000,2.029001,-0.035000
-0.255060,-12.301740,2.903760,0.028000,1.853001,0.136000
-0.824040,-10.702710,3.639510,-0.213000,1.924001,0.079000
0.608220,-8.838810,2.580030,-0.332000,2.079001,0.000000
2.060100,-5.081580,0.931950,-0.207000,2.010001,0.097000
3.345210,-2.079720,-0.755370,0.358000,1.638001,0.263000
3.345210,-1.510740,0.049050,0.591000,1.114000,0.252000
2.746800,-0.863280,-0.362970,0.673000,0.785000,0.370000
1.549980,0.166770,-0.215820,0.707000,0.672000,0.458000
-0.343350,0.588600,0.304110,0.752000,0.775000,0.514000
-1.785420,-0.961380,-0.353160,0.627000,1.117000,0.509000
-3.031290,-4.806900,-1.049670,0.297000,1.328000,0.308000
-1.167390,-15.205500,-5.944860,-0.418000,1.865001,-0.402000
-5.591700,-32.922360,-3.345210,0.324000,2.684001,-1.865001
1.118340,-18.226980,-0.951570,-0.058000,1.870001,-1.222000
6.513840,-14.195070,-0.098100,0.420000,2.159001,-0.146000
1.569600,-18.766530,0.343350,0.334000,2.136001,0.149000
-3.610080,-18.609570,1.079100,-0.012000,2.317001,-0.245000
-2.864520,-14.999490,1.285110,0.072000,2.589001,-0.434000
-1.461690,-11.889720,1.294920,-0.048000,2.821001,-0.222000
-0.735750,-9.633420,0.902520,-0.254000,3.102001,0.058000
-0.421830,-8.171730,0.990810,-0.286000,3.461001,0.133000
-0.627840,-6.641370,0.814230,-0.281000,3.754001,0.095000
-1.079100,-4.924620,0.941760,-0.219000,3.936001,0.051000
-0.912330,-3.825900,1.363590,-0.123000,3.996001,0.014000
-0.137340,-3.816090,0.755370,0.004000,3.900001,0.038000
1.147770,-4.110390,0.500310,0.148000,3.703001,0.047000
1.579410,-4.600890,1.010430,0.240000,3.498001,-0.065000
0.676890,-5.542650,1.422450,0.311000,3.194001,-0.129000
-0.206010,-7.308450,1.363590,0.353000,2.867001,-0.160000
0.000000,-8.711280,0.774990,0.338000,2.618001,-0.327000
1.510740,-10.673280,0.382590,0.280000,2.244001,-0.515000
5.032530,-12.959010,-0.774990,-0.008000,1.880001,-0.648000
5.827140,-15.254550,-2.481930,-0.152000,1.412001,-0.375000
3.041100,-15.843150,-1.245870,0.107000,1.108000,0.080000
-0.343350,-14.361840,0.323730,0.329000,1.043000,0.120000
-2.589840,-12.193830,0.686700,0.298000,1.194000,-0.079000
-2.187630,-10.849860,0.421830,0.156000,1.660001,-0.111000
-1.030050,-10.604610,0.284490,0.048000,2.016001,-0.072000
0.804420,-10.212210,0.402210,-0.009000,2.205001,-0.075000
1.962000,-8.917290,0.343350,-0.069000,2.231001,-0.097000
2.040480,-7.671420,0.186390,-0.031000,2.187001,-0.191000
2.109150,-7.416360,0.078480,-0.049000,2.149001,-0.306000
2.207250,-7.838190,-0.147150,-0.065000,2.057001,-0.374000
2.158200,-8.220780,-0.049050,-0.007000,1.928001,-0.354000
2.638890,-9.339120,-0.137340,0.002000,1.869001,-0.270000
3.080340,-10.143540,-0.657270,0.020000,1.746001,-0.153000
2.736990,-10.575180,-0.490500,0.000000,1.654001,-0.120000
2.050290,-10.722330,-0.294300,-0.065000,1.567001,-0.131000
2.099340,-10.673280,0.000000,-0.044000,1.468001,-0.104000
2.118960,-9.810000,0.147150,-0.007000,1.403001,-0.085000
2.109150,-9.221400,0.461070,0.016000,1.324000,-0.080000
2.285730,-9.172350,0.431640,0.026000,1.218000,-0.076000
2.393640,-9.280260,0.372780,0.080000,1.064000,-0.046000
2.305350,-9.103680,0.264870,0.115000,0.911000,0.001000
2.266110,-9.084060,0.294300,0.157000,0.752000,0.061000
2.158200,-9.427410,0.245250,0.170000,0.677000,0.079000
1.844280,-10.143540,-0.019620,0.200000,0.730000,0.059000
1.393020,-10.614420,-0.049050,0.209000,0.771000,0.051000
1.422450,-10.535940,-0.245250,0.191000,0.781000,0.041000
1.687320,-10.153350,-0.343350,0.191000,0.721000,0.040000
1.883520,-9.564750,-0.343350,0.188000,0.591000,0.082000
1.883520,-9.123300,-0.392400,0.201000,0.443000,0.118000
1.275300,-9.084060,-0.264870,0.209000,0.304000,0.147000
0.774990,-9.329310,-0.078480,0.208000,0.238000,0.125000
0.765180,-9.692280,-0.078480,0.193000,0.203000,0.079000
0.931950,-9.927720,-0.215820,0.184000,0.159000,0.062000
0.873090,-10.114110,-0.323730,0.192000,0.110000,0.066000
0.618030,-10.182780,-0.333540,0.186000,0.071000,0.059000
0.402210,-10.074870,-0.412020,0.177000,0.010000,0.049000
0.421830,-9.888480,-0.412020,0.167000,-0.048000,0.057000
0.392400,-10.016010,-0.333540,0.162000,-0.110000,0.076000
0.294300,-10.172970,-0.294300,0.155000,-0.167000,0.084000
0.117720,-10.055250,-0.215820,0.133000,-0.229000,0.082000
-0.137340,-9.868860,-0.137340,0.090000,-0.246000,0.075000
-0.225630,-9.741330,-0.255060,0.061000,-0.254000,0.062000
-0.372780,-9.819810,-0.098100,0.068000,-0.261000,0.068000
-0.578790,-9.957150,0.107910,0.096000,-0.250000,0.089000
-0.853470,-10.123920,0.362970,0.144000,-0.212000,0.107000
-0.814230,-10.349550,0.461070,0.147000,-0.162000,0.121000
-0.686700,-10.535940,0.372780,0.148000,-0.142000,0.139000
-0.696510,-10.388790,0.392400,0.131000,-0.134000,0.164000
-0.853470,-10.094490,0.372780,0.132000,-0.113000,0.181000
-0.873090,-9.731520,0.333540,0.146000,-0.084000,0.178000
-0.725940,-9.319500,0.480690,0.168000,-0.069000,0.145000
-0.667080,-9.005580,0.676890,0.166000,-0.042000,0.096000
-0.647460,-9.054630,0.725940,0.171000,-0.029000,0.056000
-0.382590,-9.191970,0.706320,0.177000,-0.022000,-0.005000
0.000000,-9.702090,0.451260,0.152000,-0.039000,-0.067000
0.441450,-10.212210,0.362970,0.142000,-0.085000,-0.110000
0.637650,-10.369170,0.343350,0.102000,-0.139000,-0.139000
0.568980,-10.290690,0.362970,0.080000,-0.181000,-0.153000
0.294300,-10.261260,0.412020,0.079000,-0.190000,-0.117000
-0.078480,-10.280880,0.490500,0.116000,-0.143000,-0.081000
-0.451260,-10.329930,0.608220,0.121000,-0.125000,-0.033000
-0.598410,-10.241640,0.539550,0.104000,-0.110000,0.020000
-0.539550,-10.290690,0.568980,0.093000,-0.093000,0.050000
-0.519930,-10.114110,0.451260,0.043000,-0.097000,0.053000
-0.431640,-9.653040,0.490500,0.030000,-0.032000,0.034000
-0.264870,-9.397980,0.627840,0.054000,0.055000,0.006000
-0.156960,-9.653040,0.824040,0.076000,0.118000,-0.012000
0.000000,-9.947340,0.794610,0.081000,0.166000,-0.032000
0.176580,-9.966960,0.725940,0.064000,0.147000,-0.042000
0.431640,-9.976770,0.559170,0.034000,0.094000,-0.037000
0.451260,-9.966960,0.333540,0.000000,0.017000,-0.030000
0.323730,-9.898290,0.304110,-0.021000,-0.016000,-0.037000
0.088290,-9.751140,0.490500,-0.013000,-0.047000,-0.034000
0.049050,-9.702090,0.618030,0.000000,-0.057000,-0.048000
0.039240,-9.829620,0.667080,0.017000,-0.046000,-0.063000
0.225630,-9.849240,0.735750,0.034000,-0.017000,-0.062000
0.225630,-9.770760,0.853470,0.026000,-0.007000,-0.050000
0.156960,-9.800190,0.892710,0.024000,0.009000,-0.043000

