-.-.-
-1.451880,-9.662850,2.462310,0.149000,-0.244000,0.833000
-1.540170,-9.751140,2.197440,0.088000,-0.235000,0.843000
-1.746180,-9.653040,2.374020,0.097000,-0.147000,0.821000
-1.294920,-9.290070,2.580030,0.111000,-0.109000,0.810000
-1.334160,-9.133110,2.570220,0.105000,-0.157000,0.765000
-1.147770,-8.613180,2.619270,0.113000,-0.185000,0.716000
-1.206630,-8.829000,2.844900,0.204000,-0.160000,0.683000
-0.794610,-9.280260,2.874330,0.205000,-0.204000,0.698000
-0.500310,-10.241640,2.884140,0.111000,-0.345000,0.755000
-1.137960,-10.261260,2.697750,0.080000,-0.444000,0.755000
-0.971190,-10.594800,2.717370,0.011000,-0.522000,0.733000
-1.285110,-10.437840,2.393640,-0.044000,-0.566000,0.708000
-1.010430,-10.516320,2.511360,-0.109000,-0.598000,0.702000
-1.196820,-10.074870,2.746800,-0.171000,-0.625000,0.619000
-1.373400,-10.084680,2.481930,-0.213000,-0.638000,0.551000
-1.334160,-9.957150,2.766420,-0.272000,-0.682000,0.509000
-1.422450,-9.515700,2.462310,-0.331000,-0.808000,0.455000
-1.971810,-9.407790,2.727180,-0.355000,-0.904000,0.379000
-2.766420,-9.231210,2.629080,-0.404000,-1.000000,0.296000
-2.933190,-9.084060,2.678130,-0.455000,-1.027000,0.203000
-3.256920,-8.524890,2.511360,-0.391000,-0.974000,0.093000
-4.100580,-8.407170,2.629080,-0.353000,-0.848000,0.005000
-4.443930,-9.044820,2.285730,-0.367000,-0.669000,0.005000
-4.571460,-9.191970,2.530980,-0.360000,-0.480000,-0.001000
-4.159440,-8.681850,2.913570,-0.313000,-0.319000,-0.055000
-4.296780,-9.074250,1.952190,-0.233000,-0.201000,-0.048000
-4.600890,-9.142920,1.991430,-0.257000,-0.108000,-0.069000
-3.688560,-7.798950,2.491740,-0.191000,0.095000,-0.111000
-3.492360,-8.073630,2.589840,-0.076000,0.116000,-0.079000
-3.678750,-8.750520,2.805660,-0.038000,0.245000,-0.095000
-3.355020,-8.897670,2.060100,0.089000,0.375000,-0.107000
-2.540790,-8.681850,2.275920,0.171000,0.562000,-0.169000
-1.726560,-8.554320,2.678130,0.238000,0.515000,-0.188000
-1.471500,-9.702090,2.118960,0.178000,0.318000,-0.110000
-1.589220,-10.388790,1.873710,0.158000,0.183000,-0.134000
-1.432260,-9.976770,2.148390,0.168000,0.155000,-0.188000
-1.079100,-10.222020,1.736370,0.114000,0.105000,-0.149000
-1.030050,-10.271070,1.589220,0.024000,-0.032000,-0.124000
-1.500930,-10.045440,1.608840,0.008000,-0.053000,-0.137000
-1.589220,-10.035630,1.422450,-0.014000,0.048000,-0.153000
-1.196820,-9.898290,1.608840,-0.013000,0.144000,-0.178000
-0.853470,-9.888480,1.657890,-0.038000,0.138000,-0.198000
-0.814230,-9.927720,1.746180,-0.072000,0.104000,-0.209000
-0.706320,-9.996390,1.844280,-0.103000,0.043000,-0.196000
-0.833850,-9.908100,2.011050,-0.139000,-0.050000,-0.200000
-0.902520,-9.760950,2.069910,-0.164000,-0.095000,-0.195000
-1.049670,-9.584370,2.177820,-0.182000,-0.143000,-0.162000
-1.020240,-9.770760,1.903140,-0.224000,-0.098000,-0.171000
-1.069290,-9.554940,1.893330,-0.188000,-0.181000,-0.164000
-1.255680,-9.172350,2.148390,-0.127000,-0.276000,-0.103000
-1.402830,-9.025200,2.246490,-0.096000,-0.220000,-0.091000
-1.412640,-9.172350,2.217060,-0.045000,-0.147000,-0.078000
-1.481310,-9.191970,2.305350,-0.006000,-0.126000,-0.074000
-1.451880,-9.309690,2.285730,0.004000,-0.098000,-0.082000
-1.304730,-9.329310,2.266110,0.030000,-0.120000,-0.054000
-1.226250,-9.476460,2.334780,0.046000,-0.143000,-0.033000
-1.304730,-9.672660,2.236680,0.037000,-0.175000,-0.002000
-1.422450,-9.741330,2.207250,0.035000,-0.148000,0.001000
-1.461690,-9.800190,2.168010,0.022000,-0.132000,0.000000
-1.481310,-9.878670,2.040480,0.005000,-0.103000,-0.002000
-1.500930,-9.829620,1.932570,-0.010000,-0.109000,0.007000
-1.530360,-9.682470,1.942380,-0.027000,-0.102000,0.017000
-1.549980,-9.623610,1.991430,-0.017000,-0.094000,0.015000
-1.589220,-9.692280,1.883520,-0.019000,-0.062000,0.020000
-1.638270,-9.623610,1.863900,-0.041000,-0.033000,0.021000
-1.618650,-9.594180,1.893330,-0.049000,0.005000,0.011000
-1.667700,-9.653040,1.922760,-0.038000,0.017000,0.005000
-1.579410,-9.554940,2.040480,-0.032000,0.036000,-0.001000
-1.481310,-9.486270,2.069910,-0.027000,0.058000,-0.008000
-1.510740,-9.368550,2.158200,-0.008000,0.073000,-0.020000
-1.451880,-9.417600,2.226870,0.004000,0.091000,-0.025000
-1.334160,-9.613800,2.069910,0.007000,0.095000,-0.024000
-1.314540,-9.623610,2.030670,0.013000,0.083000,-0.030000
-1.137960,-9.515700,2.138580,0.029000,0.072000,-0.023000
-1.147770,-9.574560,2.118960,0.040000,0.053000,-0.016000
-1.147770,-9.662850,1.932570,0.040000,0.070000,-0.026000
-1.088910,-9.603990,1.991430,0.046000,0.044000,-0.017000
-1.128150,-9.584370,2.158200,0.043000,0.021000,-0.004000
-1.128150,-9.702090,2.001240,0.037000,0.029000,-0.004000
-1.196820,-9.721710,1.922760,0.033000,0.033000,0.003000
-1.236060,-9.515700,2.030670,0.037000,0.010000,0.015000
-1.187010,-9.554940,2.079720,0.042000,0.010000,0.033000
-1.187010,-9.456840,2.197440,0.059000,0.046000,0.023000
-1.167390,-9.476460,2.168010,0.066000,0.074000,0.016000
-1.255680,-9.388170,2.187630,0.093000,0.109000,0.008000
-1.353780,-9.368550,2.197440,0.126000,0.147000,-0.006000
-1.304730,-9.417600,2.207250,0.139000,0.162000,-0.018000
-1.187010,-9.427410,2.236680,0.162000,0.145000,-0.023000
-1.118340,-9.456840,2.305350,0.183000,0.111000,-0.025000
-1.157580,-9.603990,2.187630,0.181000,0.061000,-0.022000
-1.177200,-9.692280,2.197440,0.173000,0.008000,-0.023000
-1.334160,-9.623610,2.374020,0.160000,-0.035000,-0.021000
-1.393020,-9.574560,2.423070,0.158000,-0.062000,-0.015000
-1.294920,-9.770760,2.236680,0.156000,-0.054000,-0.016000
-1.285110,-9.731520,2.344590,0.153000,-0.058000,-0.017000
-1.294920,-9.574560,2.432880,0.153000,-0.096000,-0.028000
-1.147770,-9.554940,2.432880,0.141000,-0.129000,-0.030000
-1.147770,-9.613800,2.491740,0.136000,-0.154000,-0.049000
-1.216440,-9.623610,2.491740,0.122000,-0.152000,-0.062000
-1.069290,-9.653040,2.530980,0.110000,-0.175000,-0.062000
-0.981000,-9.417600,2.658510,0.099000,-0.239000,-0.089000
-1.167390,-9.260640,2.717370,0.104000,-0.282000,-0.128000
-1.334160,-9.211590,2.844900,0.102000,-0.293000,-0.149000
-1.442070,-9.182160,3.031290,0.116000,-0.253000,-0.170000
-1.510740,-9.231210,3.090150,0.125000,-0.188000,-0.199000
-1.677510,-9.378360,2.982240,0.135000,-0.119000,-0.233000
-1.795230,-9.231210,3.168630,0.152000,-0.024000,-0.279000
-1.530360,-9.260640,3.149010,0.172000,0.081000,-0.298000
-1.324350,-9.231210,3.207870,0.184000,0.138000,-0.317000
-1.491120,-9.250830,3.158820,0.183000,0.205000,-0.355000
-1.491120,-9.162540,3.198060,0.197000,0.293000,-0.403000
-1.393020,-9.329310,3.011670,0.213000,0.398000,-0.461000
-1.069290,-9.250830,3.139200,0.233000,0.496000,-0.507000
-0.824040,-9.241020,3.472740,0.246000,0.534000,-0.568000
-0.843660,-9.182160,3.237300,0.228000,0.576000,-0.612000
-1.245870,-9.319500,3.168630,0.210000,0.637000,-0.685000
-1.108530,-9.054630,3.904380,0.234000,0.782000,-0.746000
-0.333540,-9.299880,3.531600,0.240000,0.872000,-0.734000
-0.255060,-10.074870,3.639510,0.228000,0.810000,-0.711000
-0.264870,-10.055250,3.629700,0.180000,0.770000,-0.717000
-0.098100,-10.084680,3.247110,0.137000,0.720000,-0.725000
0.009810,-9.927720,2.933190,0.078000,0.596000,-0.699000
0.166770,-9.849240,2.629080,0.052000,0.528000,-0.692000
0.304110,-9.603990,2.687940,0.019000,0.441000,-0.721000
0.578790,-8.985960,2.599650,0.000000,0.349000,-0.712000
0.421830,-8.819190,3.168630,0.051000,0.284000,-0.672000
0.990810,-8.593560,3.757230,0.172000,0.200000,-0.597000
1.628460,-9.152730,3.963240,0.188000,0.054000,-0.595000

