-.-.-
-0.588600,-9.633420,2.374020,-0.006000,-0.033000,-0.004000
-0.598410,-9.613800,2.383830,-0.002000,-0.025000,-0.014000
-0.549360,-9.594180,2.393640,-0.007000,-0.027000,-0.019000
-0.510120,-9.633420,2.324970,-0.012000,-0.025000,-0.023000
-0.519930,-9.584370,2.344590,-0.010000,-0.028000,-0.022000
-0.539550,-9.564750,2.374020,-0.009000,-0.036000,-0.023000
-0.510120,-9.545130,2.393640,-0.008000,-0.026000,-0.022000
-0.480690,-9.594180,2.374020,-0.005000,-0.022000,-0.020000
-0.470880,-9.584370,2.364210,-0.002000,-0.029000,-0.018000
-0.519930,-9.574560,2.334780,-0.001000,-0.034000,-0.017000
-0.539550,-9.545130,2.423070,-0.004000,-0.025000,-0.011000
-0.500310,-9.662850,2.364210,-0.005000,-0.014000,-0.005000
-0.470880,-9.672660,2.364210,-0.008000,-0.004000,-0.001000
-0.490500,-9.672660,2.403450,-0.014000,-0.001000,-0.003000
-0.480690,-9.613800,2.354400,-0.017000,-0.001000,0.003000
-0.461070,-9.603990,2.393640,-0.015000,0.000000,0.003000
-0.500310,-9.574560,2.374020,-0.017000,-0.001000,0.004000
-0.490500,-9.584370,2.364210,-0.016000,0.008000,0.006000
-0.500310,-9.564750,2.393640,-0.015000,0.023000,0.013000
-0.519930,-9.574560,2.393640,-0.017000,0.027000,0.015000
-0.539550,-9.594180,2.354400,-0.018000,0.022000,0.014000
-0.568980,-9.623610,2.344590,-0.015000,0.026000,0.012000
-0.519930,-9.603990,2.374020,-0.016000,0.044000,0.009000
-0.686700,-9.584370,2.442690,-0.009000,0.086000,0.007000
-0.519930,-9.672660,2.236680,-0.016000,0.114000,0.010000
-0.568980,-9.643230,2.383830,-0.015000,0.104000,-0.017000
-0.814230,-9.584370,2.501550,-0.026000,0.146000,-0.024000
-0.627840,-9.594180,2.501550,-0.046000,0.318000,-0.034000
-0.412020,-9.770760,2.324970,-0.046000,0.454000,-0.104000
-0.156960,-9.731520,2.423070,-0.039000,0.533000,-0.172000
-0.686700,-9.751140,2.324970,-0.042000,0.593000,-0.232000
-1.226250,-9.760950,2.256300,-0.053000,0.712000,-0.297000
-1.442070,-9.702090,2.109150,-0.058000,0.683000,-0.376000
-0.431640,-9.800190,2.177820,-0.076000,0.534000,-0.378000
0.009810,-10.035630,2.187630,-0.096000,0.371000,-0.415000
-0.490500,-9.868860,2.403450,-0.108000,0.223000,-0.528000
-0.814230,-9.721710,2.295540,-0.160000,0.136000,-0.602000
-0.618030,-9.878670,2.256300,-0.211000,0.024000,-0.661000
-0.490500,-9.957150,1.981620,-0.256000,-0.136000,-0.743000
-0.608220,-9.731520,1.952190,-0.292000,-0.292000,-0.825000
-0.941760,-9.603990,1.942380,-0.296000,-0.386000,-0.895000
-0.814230,-9.348930,2.207250,-0.303000,-0.478000,-0.971000
-0.647460,-9.417600,2.050290,-0.286000,-0.561000,-1.050000
-0.568980,-9.839430,1.922760,-0.263000,-0.592000,-1.117000
-0.304110,-10.172970,1.775610,-0.253000,-0.536000,-1.206000
-0.029430,-10.437840,1.549980,-0.230000,-0.499000,-1.274000
0.451260,-10.231830,1.648080,-0.213000,-0.445000,-1.330000
0.853470,-9.947340,1.765800,-0.153000,-0.433000,-1.398000
1.343970,-10.035630,1.579410,-0.089000,-0.432000,-1.454001
2.374020,-10.251450,1.500930,-0.095000,-0.487000,-1.401001
3.109770,-10.192590,1.618650,-0.111000,-0.545000,-1.389000
3.050910,-10.172970,1.530360,-0.143000,-0.548000,-1.464001
2.609460,-9.947340,1.451880,-0.174000,-0.502000,-1.546001
2.786040,-9.603990,1.265490,-0.204000,-0.414000,-1.593001
3.247110,-8.995770,1.314540,-0.208000,-0.399000,-1.623001
3.482550,-8.622990,1.177200,-0.190000,-0.370000,-1.666001
3.551220,-8.456220,0.892710,-0.175000,-0.340000,-1.697001
4.061340,-8.250210,0.745560,-0.155000,-0.290000,-1.703001
4.659750,-7.965720,0.568980,-0.131000,-0.286000,-1.704001
5.042340,-7.730280,0.598410,-0.105000,-0.295000,-1.741001
5.111010,-7.867620,0.510120,-0.081000,-0.296000,-1.778001
5.091390,-7.612560,0.441450,-0.030000,-0.286000,-1.824001
5.012910,-7.259400,0.716130,0.035000,-0.290000,-1.885001
5.258160,-6.778710,0.647460,0.063000,-0.250000,-1.926001
5.856570,-6.141060,0.412020,0.072000,-0.140000,-1.944001
5.719230,-5.974290,0.215820,0.091000,-0.055000,-1.880001
5.935050,-6.268590,-0.088290,0.092000,0.082000,-1.821001
6.994530,-6.190110,0.412020,0.082000,0.134000,-1.762001
8.358120,-5.797710,0.058860,0.088000,0.146000,-1.705001
8.250210,-5.248350,0.117720,0.092000,-0.038000,-1.634001
7.975530,-5.111010,0.196200,0.126000,-0.082000,-1.616001
8.171730,-5.022720,0.362970,0.119000,-0.101000,-1.583001
8.318880,-4.816710,0.519930,0.098000,-0.148000,-1.524001
8.348310,-4.228110,0.372780,0.044000,-0.199000,-1.511001
8.024580,-3.590460,0.068670,-0.011000,-0.155000,-1.539001
8.328690,-3.021480,0.000000,-0.034000,-0.111000,-1.567001
8.161920,-2.766420,0.049050,-0.048000,-0.090000,-1.542001
8.122680,-2.540790,0.264870,-0.023000,-0.048000,-1.531001
8.691660,-2.462310,0.264870,-0.020000,0.020000,-1.486001
9.064440,-2.020860,0.000000,-0.052000,-0.044000,-1.438001
8.907480,-1.952190,-0.088290,-0.043000,-0.083000,-1.350000
7.798950,-1.706940,-0.156960,-0.008000,0.080000,-1.276000
7.740090,-1.000620,-0.451260,0.058000,0.236000,-1.177000
8.456220,-0.294300,-0.019620,0.050000,0.354000,-1.113000
9.966960,-0.176580,0.421830,-0.058000,0.485000,-1.195000
11.026440,-0.559170,0.608220,-0.108000,0.442000,-1.202000
10.761570,-0.088290,0.559170,-0.084000,0.436000,-1.241000
11.605230,-0.107910,0.412020,0.050000,0.572000,-1.143000
13.783050,0.480690,1.098720,0.072000,0.599000,-0.751000
15.146640,2.285730,2.658510,-0.002000,0.611000,-0.356000
14.911200,1.873710,2.658510,-0.124000,0.446000,-0.162000
11.978010,1.383210,2.795850,-0.188000,0.269000,-0.138000
9.191970,1.010430,2.992050,-0.202000,0.280000,-0.234000
8.161920,0.549360,2.776230,-0.179000,0.377000,-0.318000
8.603370,-0.068670,2.217060,-0.179000,0.519000,-0.200000
9.299880,0.078480,1.657890,-0.083000,0.639000,-0.077000
9.466650,0.166770,1.549980,0.098000,0.631000,-0.038000
10.378980,-0.284490,1.834470,0.329000,0.495000,-0.022000
10.408410,-0.627840,2.148390,0.435000,0.180000,0.054000
10.045440,-0.765180,2.374020,0.486000,-0.022000,0.096000
9.996390,-0.716130,2.599650,0.489000,-0.078000,0.086000
10.133730,-1.010430,2.599650,0.418000,-0.043000,0.079000
9.966960,-0.902520,2.442690,0.316000,-0.030000,0.098000
9.672660,-0.863280,2.118960,0.244000,-0.086000,0.075000
9.515700,-0.618030,2.295540,0.206000,-0.115000,0.027000
9.554940,-0.510120,2.177820,0.228000,-0.082000,0.014000
9.898290,-0.431640,2.050290,0.221000,-0.093000,0.003000
10.025820,-0.206010,2.128770,0.216000,-0.099000,-0.004000
10.143540,-0.382590,2.050290,0.253000,-0.101000,-0.024000
9.986580,-0.539550,1.942380,0.265000,-0.151000,-0.020000
9.643230,-0.794610,1.814850,0.253000,-0.190000,-0.012000
9.329310,-0.853470,1.667700,0.235000,-0.191000,-0.022000
9.221400,-0.814230,1.500930,0.224000,-0.125000,-0.045000
9.368550,-0.578790,1.432260,0.202000,-0.036000,-0.054000
9.476460,-0.500310,1.363590,0.177000,0.031000,-0.056000
9.417600,-0.441450,1.451880,0.137000,0.080000,-0.049000
9.643230,-0.441450,1.471500,0.120000,0.118000,-0.053000
9.702090,-0.539550,1.579410,0.100000,0.151000,-0.065000
9.790380,-0.539550,1.618650,0.072000,0.153000,-0.079000
9.721710,-0.510120,1.726560,0.065000,0.162000,-0.092000
9.594180,-0.402210,1.854090,0.051000,0.176000,-0.092000
9.594180,-0.323730,1.991430,0.052000,0.201000,-0.097000
9.682470,-0.255060,2.128770,0.053000,0.229000,-0.098000
9.643230,-0.156960,2.217060,0.058000,0.253000,-0.095000
9.603990,-0.088290,2.207250,0.076000,0.268000,-0.083000
9.633420,-0.147150,2.236680,0.087000,0.258000,-0.061000
9.653040,-0.127530,2.256300,0.104000,0.246000,-0.053000
9.751140,-0.137340,2.315160,0.112000,0.239000,-0.047000

