-.-.-
-3.904380,-22.092120,-5.395500,2.077001,-0.045000,0.160000
-2.452500,-17.775720,-3.355020,1.485001,0.043000,-0.057000
0.873090,-17.422560,-1.697130,1.277000,0.002000,-0.089000
0.951570,-16.088400,-0.353160,0.927000,-0.058000,0.024000
-0.696510,-11.664090,0.774990,0.909000,-0.028000,0.026000
-0.971190,-8.583750,1.814850,1.061000,-0.002000,0.068000
-0.441450,-8.122680,1.726560,1.130000,-0.007000,0.104000
0.058860,-8.122680,1.579410,1.173000,-0.027000,0.144000
0.000000,-7.906860,1.177200,1.198000,-0.040000,0.132000
-0.549360,-7.759710,0.814230,1.185000,-0.007000,0.088000
-0.735750,-7.740090,0.618030,1.196000,0.011000,0.047000
-0.559170,-8.564130,0.382590,1.172000,0.033000,0.023000
-0.470880,-9.692280,0.029430,1.133000,0.005000,0.019000
-0.588600,-10.722330,-0.107910,1.063000,-0.054000,0.032000
-0.745560,-10.898910,-0.176580,0.911000,-0.106000,0.054000
-0.549360,-11.153970,-0.088290,0.834000,-0.076000,0.030000
-0.568980,-11.232450,0.000000,0.724000,-0.032000,0.025000
-0.873090,-11.006820,-0.147150,0.683000,-0.024000,0.048000
-1.128150,-11.016630,-0.019620,0.642000,-0.034000,0.054000
-1.137960,-10.869480,0.225630,0.557000,-0.033000,0.041000
-0.843660,-10.212210,0.000000,0.533000,0.040000,0.031000
-1.030050,-9.702090,-0.529740,0.609000,0.087000,0.029000
-1.638270,-9.407790,-0.058860,0.695000,0.162000,-0.032000
-0.892710,-9.015390,2.305350,0.638000,0.091000,-0.104000
-0.588600,-9.103680,2.472120,0.509000,0.033000,-0.137000
-0.519930,-9.643230,1.854090,0.459000,0.047000,-0.071000
-0.725940,-9.947340,2.040480,0.451000,0.025000,0.022000
-0.745560,-9.780570,2.207250,0.425000,-0.026000,0.066000
-0.667080,-9.819810,2.217060,0.461000,-0.051000,0.074000
-0.686700,-9.976770,2.285730,0.408000,-0.008000,0.070000
-0.676890,-10.182780,2.344590,0.377000,0.019000,0.048000
-0.686700,-10.486890,2.560410,0.333000,0.014000,0.029000
-0.637650,-10.702710,2.383830,-0.083000,0.030000,0.003000
-0.549360,-9.888480,2.217060,0.103000,0.005000,-0.002000
-0.500310,-10.830240,2.138580,-0.235000,0.015000,-0.022000
-0.490500,-9.702090,1.942380,-0.081000,0.000000,-0.033000
-0.539550,-9.819810,1.854090,-0.013000,-0.018000,-0.040000
-0.686700,-10.065060,1.912950,0.008000,-0.051000,-0.048000
-0.774990,-9.810000,1.805040,-0.006000,-0.045000,-0.053000
-0.774990,-9.770760,1.805040,0.004000,-0.048000,-0.047000
-0.794610,-9.780570,1.912950,0.021000,-0.048000,-0.042000
-0.873090,-9.780570,1.883520,0.029000,-0.037000,-0.034000
-0.922140,-9.741330,1.912950,0.072000,-0.005000,-0.031000
-0.873090,-9.721710,1.854090,0.129000,-0.002000,-0.009000
-0.922140,-9.770760,1.912950,0.153000,0.010000,-0.003000
-0.804420,-9.849240,1.903140,0.174000,0.028000,-0.006000
-0.716130,-9.986580,1.922760,0.129000,0.043000,-0.002000
-0.676890,-9.878670,2.011050,0.026000,0.050000,0.000000
-0.559170,-9.741330,1.922760,-0.068000,0.056000,0.000000
-0.519930,-9.839430,1.854090,-0.096000,0.045000,0.002000
-0.598410,-9.937530,1.726560,-0.115000,0.052000,-0.007000
-0.657270,-9.888480,1.697130,-0.127000,0.061000,-0.014000
-0.549360,-9.672660,1.618650,-0.156000,0.052000,-0.020000
-0.568980,-9.702090,1.726560,-0.153000,0.014000,-0.010000
-0.755370,-9.692280,1.736370,-0.172000,-0.007000,-0.001000
-0.814230,-9.859050,1.736370,-0.186000,0.020000,-0.008000
-0.814230,-9.800190,1.677510,-0.197000,0.057000,-0.004000
-0.706320,-9.829620,1.706940,-0.229000,0.081000,0.000000
-0.559170,-9.996390,1.510740,-0.258000,0.068000,0.009000
-0.529740,-10.104300,1.589220,-0.251000,0.040000,0.024000
-0.598410,-9.731520,1.814850,-0.271000,0.033000,0.021000
-0.578790,-9.594180,1.697130,-0.340000,0.050000,0.001000
-0.794610,-10.202400,1.579410,-0.372000,0.038000,0.013000
-0.814230,-10.614420,1.451880,-0.425000,0.048000,0.036000
-0.725940,-10.428030,1.599030,-0.480000,0.079000,0.029000
-0.412020,-10.271070,1.873710,-0.559000,0.105000,0.022000
-0.510120,-10.683090,1.824660,-0.700000,0.100000,0.041000
-0.608220,-11.114730,1.599030,-0.816000,0.099000,0.063000
-0.519930,-11.095110,1.638270,-0.927000,0.116000,0.057000
-0.539550,-10.663470,1.628460,-1.013000,0.106000,0.045000
-0.814230,-10.683090,1.540170,-1.128000,0.087000,0.024000
-0.676890,-10.987200,1.491120,-1.284000,0.076000,0.008000
-0.500310,-11.055870,1.049670,-1.437001,-0.004000,0.025000
-0.333540,-11.340360,1.157580,-1.557001,-0.088000,0.046000
-0.500310,-11.350170,1.432260,-1.787001,-0.150000,0.026000
-0.755370,-11.016630,1.706940,-2.060001,-0.097000,-0.009000
-1.000620,-11.359980,1.746180,-2.209001,-0.066000,-0.045000
-1.059480,-11.595420,0.941760,-2.335001,-0.098000,-0.032000
-1.559790,-10.732140,-1.030050,-2.511001,-0.044000,0.082000
-1.412640,-10.957770,-1.559790,-2.386001,0.059000,0.110000
-1.147770,-10.869480,-2.197440,-2.111001,0.187000,0.087000
-1.442070,-9.103680,-4.600890,-1.675001,0.148000,0.025000
-1.442070,-8.613180,-5.473980,-1.044000,0.038000,-0.072000
-0.863280,-9.525510,-5.503410,-0.682000,0.010000,-0.128000
-0.500310,-9.947340,-5.974290,-0.423000,-0.037000,-0.234000
-0.412020,-11.016630,-6.317640,-0.052000,-0.127000,-0.288000
-0.902520,-12.596040,-6.190110,0.176000,-0.160000,-0.329000
-1.402830,-11.526750,-6.003720,0.335000,-0.164000,-0.401000
-1.294920,-10.800810,-5.699610,0.497000,-0.098000,-0.407000
-0.863280,-10.898910,-5.454360,0.615000,-0.055000,-0.345000
-0.843660,-10.261260,-5.385690,0.739000,-0.046000,-0.267000
-1.157580,-10.065060,-5.061960,0.849000,-0.045000,-0.228000
-1.275300,-9.348930,-4.630320,0.909000,-0.040000,-0.222000
-0.981000,-8.603370,-3.874950,0.943000,-0.010000,-0.209000
-0.676890,-7.985340,-3.423690,0.972000,0.042000,-0.189000
-0.490500,-7.720470,-2.903760,1.012000,0.048000,-0.148000
-0.392400,-7.798950,-2.521170,1.043000,0.034000,-0.120000
-0.186390,-7.965720,-2.207250,1.067000,0.005000,-0.126000
-0.107910,-7.710660,-2.079720,1.101000,-0.032000,-0.126000
-0.107910,-7.279020,-1.854090,1.155000,-0.031000,-0.112000
-0.029430,-6.690420,-1.638270,1.179000,-0.092000,-0.072000
-0.225630,-6.337260,-1.422450,1.152000,-0.137000,-0.046000
-0.362970,-6.121440,-1.491120,1.143000,-0.076000,-0.075000
-0.382590,-6.062580,-1.177200,1.117000,-0.017000,-0.105000
-0.441450,-6.013530,-0.431640,1.046000,-0.026000,-0.121000
-0.529740,-6.229350,-1.020240,0.956000,0.010000,-0.136000
-0.333540,-6.494220,-1.128150,0.920000,0.081000,-0.161000
-0.098100,-6.680610,-1.510740,0.832000,0.143000,-0.162000
0.000000,-6.729660,-1.275300,0.781000,0.174000,-0.152000
0.078480,-7.249590,-1.706940,0.653000,0.189000,-0.124000
0.255060,-8.161920,-1.422450,0.587000,0.134000,-0.093000
0.127530,-8.907480,-1.304730,0.447000,0.105000,-0.075000
-0.294300,-9.339120,-1.412640,0.438000,0.090000,-0.061000
-0.510120,-9.603990,-0.853470,0.442000,0.137000,-0.075000
-0.470880,-9.731520,-0.755370,0.371000,0.234000,-0.075000
-0.313920,-10.143540,-0.676890,0.309000,0.273000,-0.034000
-0.029430,-10.516320,-0.716130,0.215000,0.265000,0.004000
0.176580,-10.555560,-0.686700,0.136000,0.204000,0.026000
0.186390,-10.486890,-0.873090,0.091000,0.116000,0.032000
0.117720,-10.310310,-0.657270,0.073000,0.063000,0.028000
-0.147150,-9.898290,-0.657270,0.031000,0.050000,0.012000
-0.343350,-9.643230,-0.510120,0.015000,0.071000,0.009000
-0.196200,-9.594180,-0.412020,0.004000,0.145000,-0.002000
-0.098100,-9.780570,-0.362970,0.041000,0.166000,0.015000
0.068670,-10.143540,0.088290,0.042000,0.124000,0.039000
0.245250,-10.104300,0.029430,-0.015000,0.075000,0.044000
0.264870,-10.025820,-0.343350,-0.053000,0.044000,0.019000
0.196200,-9.849240,-0.382590,-0.066000,-0.012000,0.039000

