-.-.-
-0.098100,-7.004340,-0.245250,0.263000,0.257000,-0.242000
-0.814230,-6.474600,0.480690,0.509000,0.329000,-0.134000
-0.765180,-6.190110,1.275300,0.424000,0.339000,0.005000
-0.255060,-6.896430,1.059480,-0.040000,0.395000,-0.032000
0.137340,-7.975530,-0.107910,-0.266000,0.397000,-0.145000
0.382590,-7.818570,-1.000620,-0.039000,0.234000,-0.203000
0.313920,-7.229970,-0.304110,0.288000,0.209000,-0.265000
0.343350,-7.789140,1.020240,0.378000,0.151000,-0.265000
0.206010,-8.564130,0.902520,0.211000,0.278000,-0.244000
-0.127530,-8.917290,0.186390,0.025000,0.363000,-0.162000
-0.500310,-10.231830,-0.225630,0.029000,0.221000,-0.050000
0.981000,-12.370410,-1.030050,-0.028000,0.162000,0.037000
2.982240,-14.165640,-1.039860,-0.075000,-0.147000,0.144000
2.913570,-14.410890,-0.500310,0.162000,-0.310000,0.200000
3.227490,-16.549470,-1.039860,-0.426000,-0.299000,0.209000
2.658510,-17.805150,-0.961380,0.081000,-0.129000,0.443000
-2.854710,-13.930200,1.746180,0.715000,0.152000,0.271000
-3.855330,-13.459320,2.187630,0.299000,0.252000,-0.095000
0.853470,-15.705810,1.726560,-0.077000,0.419000,-0.085000
3.276540,-14.979870,0.981000,-0.243000,0.489000,0.108000
2.560410,-11.575800,0.274680,-0.271000,0.464000,0.135000
1.373400,-8.985960,0.127530,-0.251000,0.309000,-0.025000
1.128150,-7.455600,0.176580,-0.322000,0.197000,-0.174000
1.030050,-6.533460,-0.333540,-0.298000,0.110000,-0.222000
0.882900,-5.846760,-0.706320,-0.212000,-0.019000,-0.217000
1.069290,-5.886000,-0.716130,-0.092000,-0.087000,-0.132000
1.098720,-5.758470,-0.107910,0.149000,-0.171000,0.034000
1.039860,-5.601510,1.285110,0.283000,-0.261000,0.119000
0.676890,-6.033150,1.285110,0.139000,-0.262000,0.154000
0.333540,-5.984100,0.549360,0.039000,-0.233000,0.208000
-0.206010,-6.533460,0.696510,0.071000,-0.216000,0.183000
-0.470880,-6.965100,0.981000,0.006000,-0.124000,0.107000
-0.412020,-6.798330,0.863280,-0.116000,0.000000,-0.004000
0.235440,-6.945480,0.931950,-0.038000,0.077000,-0.018000
0.843660,-8.446410,1.196820,0.071000,0.126000,0.172000
1.343970,-9.849240,1.343970,0.151000,0.059000,0.418000
1.236060,-10.163160,1.187010,0.146000,0.065000,0.396000
1.079100,-9.917910,0.667080,0.155000,0.106000,0.170000
-0.353160,-10.604610,-1.167390,-0.097000,0.269000,-0.102000
-0.539550,-11.046060,-2.678130,-0.464000,0.527000,-0.276000
-0.873090,-11.605230,-4.237920,-0.122000,0.774000,-0.474000
-0.598410,-14.685570,-1.706940,0.157000,0.948000,-0.441000
-1.275300,-18.815580,-0.264870,-0.013000,0.946000,-0.239000
3.737610,-17.569710,0.323730,0.062000,0.597000,-0.027000
5.405310,-14.665950,1.010430,0.171000,0.258000,0.170000
2.118960,-14.352030,1.294920,0.202000,0.005000,0.068000
-0.421830,-13.635900,1.559790,0.212000,-0.073000,-0.085000
-0.902520,-12.076110,1.157580,0.160000,-0.070000,-0.092000
-0.716130,-10.663470,0.402210,0.023000,-0.037000,0.051000
-0.461070,-9.162540,-0.107910,-0.079000,0.005000,0.199000
-0.245250,-7.700850,-0.294300,-0.048000,-0.012000,0.234000
-0.294300,-6.719850,-0.313920,-0.038000,-0.022000,0.167000
-0.215820,-5.876190,-0.127530,-0.132000,0.028000,0.038000
-0.176580,-5.729040,0.000000,-0.249000,0.050000,-0.076000
-0.470880,-6.651180,-0.578790,-0.316000,0.087000,-0.130000
-0.735750,-7.043580,-0.627840,-0.144000,0.134000,-0.133000
-0.686700,-6.494220,-0.421830,0.122000,0.247000,-0.164000
-0.647460,-5.758470,0.588600,0.441000,0.423000,-0.240000
-0.696510,-6.003720,1.981620,0.453000,0.674000,-0.300000
-1.098720,-6.817950,1.147770,0.105000,0.800000,-0.232000
-1.039860,-7.916670,0.264870,-0.134000,0.813000,-0.082000
-0.461070,-8.436600,-0.735750,-0.091000,0.818000,-0.033000
-0.294300,-8.672040,0.568980,0.126000,0.865000,-0.129000
-0.206010,-9.201780,2.001240,0.075000,0.813000,-0.116000
-0.107910,-9.682470,1.343970,-0.120000,0.743000,-0.129000
0.039240,-10.555560,0.107910,-0.333000,0.677000,-0.117000
0.794610,-11.595420,-2.079720,-0.430000,0.589000,0.015000
1.393020,-12.350790,-3.031290,-0.335000,0.403000,0.065000
2.766420,-14.675760,-3.816090,-0.236000,0.391000,0.191000
3.688560,-15.009300,-2.020860,0.043000,0.056000,0.237000
2.589840,-16.402320,-0.490500,-0.020000,0.400000,0.006000
-0.853470,-16.333650,-0.323730,0.080000,0.669000,-0.151000
-1.422450,-15.745050,1.334160,0.214000,0.656000,-0.174000
0.794610,-15.097590,1.491120,-0.015000,0.702000,-0.038000
2.629080,-13.989060,0.510120,-0.182000,0.764000,0.174000
2.697750,-11.919150,-0.058860,-0.126000,0.684000,0.182000
2.226870,-9.388170,-0.362970,-0.064000,0.641000,0.057000
1.893330,-7.602750,-0.362970,-0.082000,0.655000,-0.049000
1.530360,-6.425550,-0.549360,-0.129000,0.656000,-0.055000
0.951570,-6.170490,-0.539550,-0.117000,0.652000,-0.021000
0.353160,-6.690420,-0.029430,-0.117000,0.638000,0.008000
0.519930,-7.534080,0.353160,-0.180000,0.692000,0.069000
0.794610,-8.416980,0.843660,-0.273000,0.811000,0.133000
1.118340,-9.280260,0.451260,-0.415000,1.050000,0.219000
1.265490,-9.917910,-0.166770,-0.511000,1.225000,0.347000
0.774990,-10.428030,-0.166770,-0.339000,1.343000,0.462000
-0.029430,-10.604610,0.245250,-0.094000,1.508001,0.526000
-0.019620,-10.781190,0.353160,-0.085000,1.719001,0.457000
0.588600,-10.751760,0.000000,-0.163000,1.871001,0.342000
1.079100,-10.163160,-0.510120,-0.253000,1.939001,0.253000
1.226250,-9.603990,-0.696510,-0.248000,1.931001,0.213000
1.432260,-9.662850,-0.598410,-0.250000,1.961001,0.199000
1.363590,-10.496700,-0.971190,-0.240000,2.167001,0.016000
1.206630,-10.673280,-0.981000,-0.004000,2.298001,-0.226000
2.423070,-9.496080,-1.118340,0.053000,2.164001,-0.172000
1.903140,-9.505890,-1.177200,0.101000,1.973001,0.060000
1.098720,-9.908100,-1.010430,0.068000,1.874001,0.224000
0.500310,-9.545130,-0.892710,0.083000,1.864001,0.201000
-0.078480,-8.544510,-0.863280,0.115000,1.900001,0.028000
-0.402210,-7.975530,-0.706320,0.044000,2.045001,-0.135000
-0.735750,-8.534700,-0.441450,-0.136000,2.222001,-0.214000
-0.912330,-10.271070,-0.618030,-0.345000,2.425001,-0.147000
-0.941760,-11.458080,-0.706320,-0.287000,2.596001,-0.019000
-0.343350,-11.183400,-0.431640,-0.193000,2.682001,0.052000
0.402210,-10.918530,-0.304110,-0.168000,2.695001,0.149000
0.618030,-11.222640,-0.166770,-0.138000,2.691001,0.241000
0.186390,-11.134350,-0.362970,-0.156000,2.677001,0.286000
-0.343350,-10.300500,-0.412020,-0.185000,2.705001,0.293000
-0.676890,-9.368550,-0.362970,-0.225000,2.754001,0.286000
-0.716130,-9.015390,-0.382590,-0.310000,2.808001,0.295000
-0.323730,-9.172350,-0.382590,-0.309000,2.899001,0.339000
0.107910,-9.358740,-0.313920,-0.197000,2.947001,0.337000
0.225630,-9.388170,-0.098100,-0.148000,2.973001,0.274000
0.245250,-9.358740,0.000000,-0.171000,2.991001,0.209000
0.421830,-9.417600,-0.068670,-0.109000,2.949001,0.154000
0.784800,-9.702090,-0.058860,-0.064000,2.873001,0.132000
1.128150,-10.055250,-0.107910,-0.057000,2.808001,0.102000
1.265490,-9.996390,-0.196200,-0.097000,2.772001,0.058000
1.196820,-9.711900,-0.735750,-0.135000,2.717001,0.008000
0.676890,-9.810000,-0.568980,-0.074000,2.628001,-0.022000
0.431640,-10.153350,-0.264870,-0.045000,2.723001,0.010000
0.058860,-10.516320,-0.294300,-0.080000,2.911001,0.106000
0.372780,-11.310930,-0.824040,-0.382000,2.734001,0.294000
2.305350,-11.693520,-1.363590,-0.671000,2.503001,0.392000
4.345830,-10.634040,-2.432880,-0.471000,2.266001,0.378000
3.011670,-8.603370,-1.530360,-0.128000,2.016001,0.304000
1.363590,-7.838190,-0.107910,0.035000,1.881001,0.203000
0.480690,-8.456220,-0.019620,-0.177000,1.917001,0.151000

