-.-.-
9.898290,-2.158200,-0.049050,0.102000,-0.986000,1.165000
9.368550,-2.383830,0.431640,0.194000,-1.028000,1.246000
10.329930,-2.501550,0.549360,0.295000,-1.233000,1.286000
11.801430,-2.481930,0.421830,0.438000,-1.691001,1.242000
10.771380,-2.707560,0.451260,0.518000,-1.910001,1.221000
9.741330,-3.610080,0.323730,0.549000,-1.944001,1.278000
10.604610,-4.149630,-0.156960,0.515000,-2.196001,1.298000
10.908720,-4.963860,-0.068670,0.572000,-2.612001,1.262000
8.407170,-4.865760,0.000000,0.542000,-2.799001,1.211000
6.425550,-4.718610,0.382590,0.568000,-2.659001,1.183000
6.160680,-5.405310,-0.971190,0.404000,-2.591001,1.191000
6.229350,-6.229350,-2.207250,0.344000,-2.489001,1.128000
3.953430,-5.984100,-3.786660,0.273000,-2.703001,1.158000
1.118340,-6.052770,-3.404070,0.369000,-1.991001,1.005000
0.098100,-7.445790,-3.737610,0.360000,-1.358000,1.026000
1.147770,-8.387550,-4.512600,0.329000,-0.915000,1.040000
1.706940,-7.995150,-5.523030,0.310000,-0.788000,0.972000
0.225630,-8.475840,-5.758470,0.393000,-0.537000,0.896000
-1.402830,-9.241020,-5.925240,0.318000,-0.043000,0.850000
-1.187010,-8.544510,-5.150250,0.278000,0.528000,0.920000
0.058860,-7.426170,-5.287590,0.360000,0.585000,1.004000
0.294300,-6.592320,-5.591700,0.477000,0.719000,1.008000
-0.147150,-7.229970,-4.954050,0.540000,0.964000,1.074000
-0.039240,-8.122680,-5.022720,0.573000,1.347000,1.228000
2.050290,-8.681850,-4.581270,0.556000,1.555001,1.312000
2.972430,-8.789760,-4.002480,0.568000,1.404001,1.361000
3.933810,-8.789760,-4.100580,0.574000,1.414001,1.237000
4.816710,-8.681850,-3.776850,0.554000,1.279000,1.208000
4.110390,-8.534700,-3.149010,0.538000,1.113000,1.334000
2.982240,-8.446410,-2.776230,0.582000,1.153000,1.384000
2.452500,-8.397360,-2.099340,0.629000,1.200000,1.338000
4.061340,-8.426790,-1.726560,0.684000,1.188000,1.284000
5.591700,-8.878050,-1.393020,0.672000,0.936000,1.273000
5.003100,-8.878050,-1.226250,0.682000,0.750000,1.243000
3.482550,-8.603370,-1.265490,0.697000,0.743000,1.134000
2.678130,-8.878050,-0.647460,0.711000,0.756000,1.054000
3.482550,-9.721710,-0.627840,0.713000,0.655000,1.041000
4.031910,-9.868860,-0.706320,0.670000,0.493000,1.053000
3.217680,-9.574560,-0.745560,0.682000,0.366000,1.029000
1.599030,-9.672660,-0.323730,0.722000,0.343000,0.956000
0.843660,-9.996390,0.196200,0.727000,0.384000,0.874000
1.147770,-10.889100,-0.637650,0.647000,0.518000,0.848000
0.490500,-10.584990,-0.490500,0.607000,0.513000,0.856000
-0.421830,-10.280880,-0.382590,0.670000,0.628000,0.830000
-0.784800,-10.212210,0.588600,0.635000,0.586000,0.816000
-0.353160,-10.457460,0.313920,0.531000,0.634000,0.795000
0.431640,-10.820430,0.225630,0.457000,0.571000,0.764000
0.107910,-10.477080,0.931950,0.379000,0.460000,0.740000
-0.941760,-9.917910,1.030050,0.354000,0.276000,0.742000
-1.393020,-9.927720,0.706320,0.278000,0.119000,0.789000
-1.834470,-10.094490,0.676890,0.218000,0.003000,0.811000
-2.256300,-9.898290,0.009810,0.286000,0.094000,0.748000
-2.619270,-9.947340,0.490500,0.342000,0.206000,0.629000
-2.599650,-9.241020,0.902520,0.404000,0.242000,0.600000
-2.315160,-9.613800,0.774990,0.408000,0.283000,0.566000
-1.422450,-10.133730,0.137340,0.336000,0.301000,0.460000
-0.608220,-10.663470,0.196200,0.267000,0.272000,0.311000
-0.196200,-10.673280,0.323730,0.152000,0.180000,0.196000
-0.500310,-10.555560,0.971190,0.021000,0.000000,0.145000
-1.020240,-10.526130,0.618030,-0.100000,-0.200000,0.090000
-1.137960,-10.565370,0.421830,-0.220000,-0.334000,0.029000
-0.922140,-10.437840,0.000000,-0.303000,-0.259000,-0.023000
-0.362970,-9.790380,0.774990,-0.069000,-0.282000,-0.061000
-0.618030,-9.633420,1.540170,-0.131000,-0.366000,-0.005000
-1.000620,-9.976770,1.442070,-0.125000,-0.438000,0.018000
-0.961380,-10.437840,-0.009810,-0.303000,-0.513000,-0.054000
-1.000620,-10.074870,0.470880,-0.303000,-0.624000,-0.118000
-1.177200,-9.270450,0.264870,-0.299000,-0.694000,-0.133000
-1.353780,-8.809380,0.510120,-0.266000,-0.456000,-0.130000
-1.304730,-9.103680,0.107910,-0.195000,-0.379000,-0.115000
-0.882900,-9.947340,0.058860,-0.169000,-0.408000,-0.094000
-1.039860,-10.055250,-0.058860,-0.180000,-0.372000,-0.104000
-1.108530,-9.574560,0.068670,-0.098000,-0.182000,-0.088000
-0.804420,-9.594180,0.500310,-0.063000,-0.110000,-0.054000
-0.627840,-9.937530,0.362970,-0.039000,-0.082000,-0.036000
-0.362970,-10.271070,0.166770,-0.040000,-0.074000,-0.035000
-0.382590,-10.349550,0.029430,-0.058000,-0.041000,-0.039000
-0.372780,-10.025820,0.107910,-0.026000,0.043000,-0.038000
-0.372780,-9.731520,0.362970,-0.001000,0.050000,-0.027000
-0.412020,-9.711900,0.225630,-0.003000,0.026000,-0.018000
-0.402210,-9.672660,0.147150,-0.011000,0.004000,-0.023000
-0.294300,-9.554940,0.274680,-0.009000,0.014000,-0.024000
-0.107910,-9.417600,0.372780,0.024000,0.013000,0.002000
-0.461070,-9.672660,0.461070,0.008000,-0.071000,0.032000
-0.784800,-9.986580,0.206010,-0.010000,-0.065000,0.050000
-0.725940,-10.035630,0.304110,-0.055000,0.015000,0.043000
-0.549360,-10.084680,0.382590,-0.047000,0.034000,0.040000
-0.608220,-10.251450,0.206010,-0.077000,-0.090000,0.040000
-0.794610,-10.202400,0.058860,-0.096000,-0.109000,0.039000
-1.069290,-10.094490,0.049050,-0.115000,-0.074000,0.033000
-1.167390,-9.810000,0.137340,-0.135000,-0.028000,0.019000
-0.912330,-9.682470,0.137340,-0.110000,0.070000,0.012000
-0.706320,-9.800190,0.029430,-0.097000,0.045000,0.016000
-0.774990,-9.888480,-0.039240,-0.094000,-0.002000,0.007000
-1.010430,-9.937530,-0.166770,-0.102000,-0.036000,0.007000
-1.147770,-9.731520,-0.137340,-0.096000,0.034000,-0.004000
-1.079100,-9.741330,-0.196200,-0.081000,0.099000,-0.009000
-0.922140,-9.711900,-0.117720,-0.074000,0.116000,-0.014000
-0.873090,-9.682470,-0.039240,-0.063000,0.129000,-0.021000
-0.735750,-9.839430,-0.127530,-0.037000,0.107000,-0.010000
-0.559170,-9.878670,-0.019620,-0.032000,0.076000,-0.010000
-0.510120,-9.888480,-0.049050,-0.023000,0.058000,-0.010000
-0.539550,-9.819810,-0.117720,-0.023000,0.035000,-0.007000
-0.490500,-9.731520,-0.127530,-0.012000,0.009000,-0.006000
-0.549360,-9.643230,-0.009810,-0.003000,-0.016000,-0.008000
-0.647460,-9.702090,0.068670,0.009000,-0.035000,-0.010000
-0.735750,-9.888480,-0.058860,-0.008000,-0.027000,-0.019000
-0.598410,-9.927720,-0.176580,0.000000,0.000000,-0.028000
-0.519930,-9.908100,-0.255060,0.005000,-0.036000,-0.022000
-0.618030,-9.829620,-0.088290,0.004000,-0.063000,-0.014000
-0.716130,-9.741330,0.058860,0.009000,-0.084000,-0.010000
-0.725940,-9.888480,-0.029430,-0.002000,-0.071000,-0.020000
-0.686700,-9.937530,-0.166770,0.001000,-0.072000,-0.022000
-0.667080,-9.917910,-0.137340,-0.002000,-0.072000,-0.019000
-0.735750,-9.810000,-0.019620,0.001000,-0.063000,-0.021000
-0.755370,-9.780570,0.029430,0.013000,-0.017000,-0.026000
-0.696510,-9.819810,-0.068670,0.017000,-0.023000,-0.015000
-0.667080,-9.888480,-0.147150,0.014000,-0.037000,-0.004000
-0.716130,-9.878670,-0.137340,0.020000,-0.033000,-0.003000
-0.745560,-9.859050,-0.029430,0.014000,-0.010000,-0.011000
-0.755370,-9.810000,0.000000,0.017000,-0.007000,-0.010000
-0.745560,-9.908100,-0.049050,0.010000,0.015000,-0.007000
-0.716130,-9.878670,-0.088290,0.007000,0.020000,-0.005000
-0.676890,-9.898290,-0.147150,0.012000,0.021000,0.000000
-0.657270,-9.829620,-0.068670,0.010000,0.031000,-0.002000
-0.627840,-9.839430,-0.019620,0.014000,0.027000,0.000000
-0.578790,-9.859050,0.009810,0.011000,0.031000,0.000000
-0.549360,-9.888480,-0.049050,0.012000,0.023000,0.011000

