-.-.-
0.412020,-8.829000,1.491120,-0.205000,1.530001,-0.368000
0.156960,-8.171730,1.824660,-0.180000,1.574001,-0.279000
0.559170,-8.299260,2.393640,-0.111000,1.717001,-0.310000
0.892710,-8.613180,2.452500,-0.021000,1.851001,-0.322000
0.500310,-8.730900,2.697750,0.064000,1.989001,-0.279000
0.627840,-8.691660,2.786040,0.086000,2.149001,-0.239000
1.363590,-8.485650,3.158820,0.104000,2.129001,-0.185000
2.001240,-8.789760,3.806280,0.084000,1.936001,-0.131000
2.530980,-9.290070,3.276540,0.002000,1.715001,-0.084000
2.766420,-9.309690,2.668320,-0.006000,1.526001,0.013000
2.580030,-8.995770,2.413260,0.108000,1.389000,0.104000
1.451880,-9.054630,2.501550,0.139000,1.313000,0.124000
-0.755370,-9.035010,2.805660,0.257000,1.003000,0.314000
-0.568980,-9.800190,3.825900,0.438000,0.696000,0.427000
-0.176580,-9.810000,4.130010,0.574000,0.668000,0.318000
-2.570220,-10.977390,2.795850,0.542000,0.280000,0.317000
-3.502170,-14.783670,-0.480690,0.236000,0.950000,-0.197000
-1.569600,-13.949820,-0.362970,0.232000,1.045000,-0.716000
2.903760,-11.359980,-2.118960,0.307000,1.081000,-0.777000
2.530980,-10.329930,-1.314540,0.110000,0.972000,-0.343000
1.324350,-9.839430,-0.274680,-0.033000,1.022000,-0.288000
-0.588600,-9.584370,1.255680,0.222000,1.438001,-0.390000
-1.814850,-8.858430,2.197440,0.369000,1.941001,-0.392000
-1.412640,-8.426790,2.374020,0.320000,2.444001,-0.356000
-0.549360,-9.123300,2.246490,0.258000,2.790001,-0.337000
-0.412020,-9.819810,2.481930,0.234000,2.899001,-0.355000
-0.323730,-9.760950,2.589840,0.222000,2.997001,-0.391000
-0.304110,-9.437220,2.717370,0.191000,3.168001,-0.431000
-0.412020,-9.751140,2.599650,0.169000,3.269001,-0.394000
-0.392400,-9.780570,2.432880,0.184000,3.242001,-0.291000
-0.127530,-9.427410,2.736990,0.195000,3.167001,-0.244000
0.264870,-9.662850,2.903760,0.148000,3.001001,-0.261000
0.470880,-9.819810,2.560410,0.055000,2.741001,-0.226000
0.323730,-9.437220,2.128770,-0.014000,2.522001,-0.182000
-0.166770,-9.211590,2.462310,-0.005000,2.335001,-0.175000
-0.676890,-9.447030,2.648700,-0.012000,2.198001,-0.196000
-0.902520,-9.525510,2.383830,-0.022000,2.170001,-0.215000
-0.843660,-9.486270,2.629080,0.072000,2.137001,-0.262000
-0.647460,-9.653040,3.413880,0.195000,2.089001,-0.299000
-0.304110,-10.163160,4.022100,0.288000,2.001001,-0.284000
-0.961380,-11.026440,3.168630,0.339000,1.768001,-0.213000
-0.873090,-10.251450,2.884140,0.464000,1.709001,-0.256000
-0.608220,-9.309690,3.521790,0.691000,1.526001,-0.350000
-0.117720,-8.779950,4.198680,0.899000,1.216000,-0.407000
0.206010,-8.466030,4.071150,0.813000,0.841000,-0.504000
0.519930,-9.084060,2.138580,0.491000,1.057000,-0.657000
4.326210,-12.684330,-0.490500,-0.128000,1.596001,-0.590000
2.011050,-15.597900,-3.472740,-0.410000,1.010000,0.023000
-3.286350,-9.859050,-0.706320,0.224000,1.805001,0.075000
-2.972430,-9.839430,-0.029430,-0.007000,2.018001,-0.257000
-0.559170,-11.565990,0.765180,0.193000,1.994001,-0.502000
3.188250,-10.869480,1.030050,0.202000,1.625001,-0.559000
2.972430,-8.760330,1.324350,0.059000,1.193000,-0.487000
0.941760,-8.279640,1.383210,-0.146000,0.893000,-0.435000
-0.323730,-9.339120,1.137960,-0.204000,0.807000,-0.404000
0.009810,-8.985960,1.285110,-0.174000,0.758000,-0.358000
0.902520,-8.289450,1.069290,-0.196000,0.706000,-0.342000
0.716130,-7.955910,1.177200,-0.197000,0.591000,-0.322000
0.765180,-8.260020,1.226250,-0.187000,0.514000,-0.281000
0.931950,-8.593560,1.559790,-0.124000,0.462000,-0.284000
0.774990,-8.289450,1.863900,-0.055000,0.399000,-0.291000
0.735750,-8.672040,1.942380,-0.059000,0.332000,-0.266000
1.177200,-8.848620,1.648080,-0.054000,0.276000,-0.171000
1.785420,-8.927100,1.422450,0.046000,0.133000,-0.076000
1.834470,-8.917290,1.716750,0.202000,-0.055000,-0.004000
1.854090,-9.162540,2.550600,0.376000,-0.337000,0.092000
1.118340,-9.466650,3.698370,0.565000,-0.567000,0.100000
-0.539550,-10.889100,4.914810,0.688000,-0.589000,-0.005000
-1.275300,-11.978010,5.689800,0.655000,-0.164000,-0.206000
-0.843660,-12.027060,5.748660,0.655000,0.234000,-0.247000
1.079100,-13.145400,4.571460,0.476000,0.422000,-0.169000
2.118960,-13.665330,0.578790,0.144000,0.174000,0.007000
0.313920,-12.900150,-2.050290,0.086000,-0.405000,-0.059000
-1.206630,-10.967580,-3.149010,0.149000,-0.330000,-0.327000
-0.578790,-8.220780,0.274680,0.177000,-0.043000,-0.459000
0.608220,-8.760330,-0.235440,0.046000,0.144000,-0.426000
1.442070,-11.114730,-0.137340,0.021000,0.080000,-0.128000
0.794610,-11.212830,0.941760,0.049000,-0.004000,-0.007000
0.049050,-10.437840,1.373400,0.060000,-0.115000,0.069000
-0.353160,-9.525510,1.363590,-0.004000,0.023000,0.120000
-0.402210,-8.976150,1.422450,-0.030000,0.203000,0.205000
-0.353160,-8.250210,1.206630,-0.035000,0.250000,0.255000
-0.647460,-7.916670,1.236060,-0.009000,0.331000,0.268000
-1.059480,-7.671420,1.412640,0.020000,0.434000,0.237000
-1.216440,-7.710660,1.628460,0.055000,0.525000,0.217000
-0.755370,-7.622370,1.638270,0.067000,0.546000,0.171000
-0.215820,-7.386930,1.746180,0.086000,0.464000,0.116000
0.186390,-7.475220,1.912950,0.132000,0.346000,0.036000
0.000000,-7.592940,2.550600,0.215000,0.198000,-0.015000
-0.863280,-8.083440,3.404070,0.292000,0.181000,-0.073000
-1.834470,-9.054630,3.531600,0.264000,0.422000,-0.186000
-2.148390,-10.172970,3.099960,0.205000,0.808000,-0.298000
-2.069910,-10.898910,3.668940,0.245000,0.987000,-0.295000
-1.236060,-11.742570,4.159440,0.387000,0.915000,-0.159000
-0.127530,-11.722950,4.679370,0.539000,0.731000,-0.115000
-0.510120,-11.565990,5.611320,0.655000,0.426000,-0.076000
-1.500930,-11.791620,5.689800,0.529000,0.280000,0.074000
-1.962000,-11.261880,4.218300,0.175000,0.330000,0.045000
1.255680,-12.360600,-0.274680,-0.334000,0.789000,-0.058000
3.786660,-13.989060,-2.756610,-0.404000,0.417000,0.245000
2.491740,-11.693520,-2.972430,-0.056000,-0.103000,0.654000
-2.432880,-8.397360,0.981000,0.177000,-0.104000,0.335000
-3.256920,-9.878670,0.206010,-0.175000,0.402000,-0.041000
-0.892710,-10.997010,0.519930,-0.193000,0.579000,-0.058000
1.304730,-9.976770,1.000620,-0.234000,0.437000,-0.019000
0.971190,-8.583750,0.412020,-0.309000,0.168000,-0.117000
0.421830,-8.279640,0.912330,-0.253000,-0.014000,-0.246000
-0.058860,-8.662230,1.079100,-0.272000,-0.110000,-0.294000
0.412020,-8.475840,1.147770,-0.245000,-0.136000,-0.226000
1.461690,-7.955910,1.422450,-0.223000,-0.300000,-0.196000
1.481310,-7.779330,1.432260,-0.221000,-0.557000,-0.203000
0.696510,-8.004960,1.510740,-0.190000,-0.703000,-0.185000
0.147150,-8.210970,1.942380,-0.148000,-0.718000,-0.145000
0.215820,-8.309070,2.324970,-0.121000,-0.649000,-0.098000
0.490500,-8.436600,2.756610,-0.114000,-0.552000,-0.043000
0.755370,-8.416980,2.491740,-0.125000,-0.457000,0.047000
0.892710,-8.299260,1.638270,-0.059000,-0.445000,0.155000
1.088910,-8.083440,2.697750,0.182000,-0.568000,0.227000
1.167390,-8.387550,3.688560,0.432000,-0.755000,0.284000
0.098100,-9.123300,4.993290,0.530000,-1.048000,0.247000
-1.304730,-10.506510,5.366070,0.396000,-0.697000,0.017000
-1.971810,-11.526750,5.905620,0.486000,-0.154000,-0.019000
-1.157580,-12.537180,6.082200,0.406000,0.097000,0.003000
1.157580,-13.439700,2.344590,0.085000,0.063000,-0.001000
-0.117720,-13.469130,-0.774990,-0.164000,-0.527000,0.024000
-2.589840,-13.537800,-2.501550,-0.116000,-0.397000,-0.427000
-1.863900,-11.261880,-0.686700,0.114000,-0.056000,-0.747000
1.147770,-10.310310,-0.156960,0.041000,-0.004000,-0.434000

