-.-.-
9.603990,-0.441450,1.461690,0.019000,-0.045000,0.019000
9.594180,-0.500310,1.520550,0.026000,-0.011000,0.027000
9.682470,-0.519930,1.530360,0.029000,-0.002000,0.034000
9.780570,-0.529740,1.510740,0.032000,0.003000,0.041000
9.819810,-0.549360,1.589220,0.030000,0.002000,0.036000
9.859050,-0.676890,1.648080,0.028000,0.004000,0.031000
9.888480,-0.745560,1.687320,0.016000,0.006000,0.026000
9.790380,-0.716130,1.657890,0.010000,-0.005000,0.017000
9.751140,-0.676890,1.628460,0.012000,-0.008000,0.004000
9.731520,-0.735750,1.628460,0.015000,-0.005000,-0.001000
9.672660,-0.696510,1.599030,0.012000,-0.006000,-0.010000
9.692280,-0.608220,1.618650,0.016000,-0.001000,-0.016000
9.711900,-0.598410,1.608840,0.018000,-0.007000,-0.015000
9.721710,-0.598410,1.599030,0.019000,-0.003000,-0.016000
9.780570,-0.598410,1.608840,0.019000,0.005000,-0.013000
9.829620,-0.559170,1.736370,0.019000,0.031000,-0.014000
9.937530,-0.529740,1.785420,0.029000,0.052000,-0.006000
9.859050,-0.578790,1.628460,0.020000,0.026000,-0.002000
9.770760,-0.588600,1.648080,0.007000,0.039000,-0.010000
9.662850,-0.578790,1.618650,-0.007000,0.063000,-0.020000
9.643230,-0.539550,1.608840,-0.014000,0.071000,-0.025000
9.760950,-0.519930,1.726560,-0.005000,0.084000,-0.021000
9.800190,-0.549360,1.785420,0.003000,0.066000,-0.006000
9.937530,-0.578790,1.854090,0.014000,0.064000,-0.001000
9.770760,-0.608220,1.844280,0.023000,0.046000,0.000000
9.633420,-0.618030,1.785420,0.013000,0.056000,-0.008000
9.574560,-0.598410,1.716750,0.001000,0.055000,-0.021000
9.535320,-0.608220,1.716750,-0.004000,0.036000,-0.031000
9.515700,-0.578790,1.716750,0.001000,0.005000,-0.030000
9.613800,-0.598410,1.775610,0.010000,-0.018000,-0.024000
9.721710,-0.578790,1.844280,0.010000,-0.019000,-0.018000
9.731520,-0.519930,1.834470,0.016000,-0.021000,-0.014000
9.702090,-0.490500,1.805040,0.027000,-0.034000,-0.012000
9.692280,-0.510120,1.844280,0.031000,-0.041000,-0.008000
9.760950,-0.510120,1.824660,0.035000,-0.057000,-0.002000
9.819810,-0.510120,1.844280,0.036000,-0.070000,0.001000
9.810000,-0.539550,1.883520,0.038000,-0.062000,0.003000
9.829620,-0.549360,1.903140,0.036000,-0.057000,0.001000
9.819810,-0.568980,1.922760,0.027000,-0.048000,-0.002000
9.790380,-0.559170,1.893330,0.017000,-0.050000,-0.007000
9.780570,-0.549360,1.854090,0.015000,-0.059000,-0.012000
9.790380,-0.559170,1.854090,0.004000,-0.060000,-0.012000
9.770760,-0.559170,1.824660,0.005000,-0.065000,-0.014000
9.770760,-0.510120,1.785420,0.005000,-0.066000,-0.015000
9.760950,-0.490500,1.775610,0.008000,-0.058000,-0.010000
9.751140,-0.529740,1.755990,0.006000,-0.060000,-0.007000
9.731520,-0.539550,1.736370,0.003000,-0.060000,-0.007000
9.702090,-0.529740,1.687320,0.004000,-0.052000,-0.008000
9.682470,-0.539550,1.687320,0.002000,-0.047000,-0.007000
9.682470,-0.500310,1.657890,-0.001000,-0.041000,-0.010000
9.702090,-0.510120,1.657890,-0.003000,-0.030000,-0.012000
9.672660,-0.500310,1.687320,0.000000,-0.018000,-0.008000
9.711900,-0.500310,1.697130,-0.001000,-0.017000,-0.002000
9.760950,-0.500310,1.736370,0.000000,-0.013000,-0.002000
9.760950,-0.519930,1.736370,-0.001000,-0.010000,-0.003000
9.711900,-0.510120,1.736370,0.003000,-0.009000,-0.003000
9.711900,-0.529740,1.726560,0.002000,-0.006000,-0.002000
9.702090,-0.510120,1.736370,0.002000,-0.008000,-0.003000
9.721710,-0.500310,1.736370,0.003000,-0.008000,-0.003000
9.741330,-0.490500,1.775610,0.005000,-0.005000,-0.003000
9.751140,-0.529740,1.785420,0.003000,-0.004000,-0.001000
9.751140,-0.539550,1.765800,0.001000,-0.008000,0.000000
9.751140,-0.519930,1.765800,0.000000,-0.012000,-0.001000
9.741330,-0.519930,1.795230,0.004000,-0.007000,-0.002000
9.731520,-0.529740,1.785420,0.000000,-0.006000,0.000000
9.711900,-0.510120,1.755990,0.000000,-0.013000,-0.002000
9.721710,-0.519930,1.746180,0.002000,-0.013000,-0.002000
9.711900,-0.510120,1.755990,0.003000,-0.017000,-0.001000
9.741330,-0.519930,1.765800,0.000000,-0.008000,-0.002000
9.751140,-0.480690,1.765800,0.001000,-0.010000,-0.001000
9.770760,-0.490500,1.795230,-0.004000,-0.008000,0.000000
9.780570,-0.529740,1.824660,-0.009000,0.002000,0.003000
9.741330,-0.490500,1.863900,-0.009000,0.004000,0.006000
9.721710,-0.519930,1.814850,-0.009000,0.002000,0.009000
9.731520,-0.529740,1.775610,-0.012000,0.000000,0.006000
9.829620,-0.500310,1.942380,-0.004000,0.016000,0.004000
9.898290,-0.490500,1.952190,0.000000,0.040000,0.014000
9.927720,-0.441450,1.922760,-0.009000,0.032000,0.029000
9.966960,-0.451260,1.893330,-0.015000,-0.004000,0.044000
9.868860,-0.480690,1.893330,-0.026000,-0.061000,0.052000
9.957150,-0.519930,1.942380,-0.003000,-0.083000,0.066000
9.986580,-0.725940,1.942380,0.011000,-0.085000,0.084000
10.104300,-0.755370,1.805040,-0.005000,-0.077000,0.061000
10.349550,-0.716130,1.677510,-0.064000,-0.101000,0.034000
10.025820,-0.853470,1.491120,-0.122000,-0.109000,0.033000
9.260640,-0.824040,1.343970,-0.175000,-0.074000,0.035000
8.809380,-0.833850,1.393020,-0.168000,-0.052000,0.017000
9.035010,-0.814230,1.844280,-0.200000,-0.026000,-0.003000
9.711900,-0.549360,1.755990,-0.207000,0.001000,-0.037000
10.182780,-0.794610,1.657890,-0.287000,0.013000,-0.045000
10.251450,-0.539550,1.726560,-0.270000,-0.068000,-0.020000
10.359360,-0.323730,1.726560,-0.245000,-0.119000,0.040000
10.898910,0.255060,2.413260,-0.253000,-0.152000,0.077000
11.095110,0.676890,2.727180,-0.257000,-0.236000,0.127000
10.535940,0.686700,2.217060,-0.267000,-0.252000,0.167000
9.996390,0.412020,2.334780,-0.179000,-0.206000,0.220000
10.065060,0.412020,2.491740,-0.081000,-0.268000,0.277000
10.496700,0.627840,2.393640,0.046000,-0.383000,0.361000
10.320120,1.059480,2.933190,0.172000,-0.579000,0.362000
10.575180,0.667080,2.334780,0.276000,-0.578000,0.419000
9.721710,0.559170,2.128770,0.280000,-0.547000,0.438000
9.623610,0.500310,1.697130,0.328000,-0.412000,0.487000
9.829620,-0.421830,1.030050,0.305000,-0.380000,0.644000
11.821050,-0.637650,-0.156960,0.216000,-0.390000,0.759000
12.684330,-0.941760,-0.284490,0.089000,-0.528000,0.797000
12.762810,-2.275920,-0.843660,0.020000,-0.646000,0.954000
12.998250,-2.315160,-0.784800,-0.055000,-0.799000,1.095000
12.223260,-1.981620,-0.588600,-0.114000,-0.926000,1.285000
10.781190,-1.638270,-0.676890,-0.157000,-0.945000,1.483001
9.780570,-1.912950,-1.020240,-0.135000,-0.897000,1.685001
9.201780,-1.844280,-0.667080,-0.063000,-0.834000,1.816001
8.779950,-1.736370,-0.166770,-0.074000,-0.728000,1.917001
8.073630,-1.991430,-0.107910,-0.001000,-0.642000,2.017001
7.583130,-2.069910,-0.294300,0.043000,-0.506000,2.165001
7.818570,-3.050910,-0.382590,0.149000,-0.386000,2.252001
7.318260,-3.708180,-0.451260,0.192000,-0.349000,2.270001
7.465410,-4.797090,-0.618030,0.167000,-0.177000,2.197001
7.131870,-5.101200,-0.784800,0.100000,-0.189000,2.158001
6.857190,-5.572080,-0.461070,0.119000,-0.218000,2.082001
6.013530,-5.954670,-0.618030,0.168000,-0.265000,1.904001
4.914810,-5.542650,-0.618030,0.202000,-0.157000,1.832001
4.277160,-5.974290,-0.490500,0.245000,0.025000,1.766001
4.139820,-6.523650,-0.696510,0.262000,0.259000,1.657001
4.846140,-6.906240,-0.735750,0.259000,0.459000,1.563001
5.317020,-6.994530,-1.000620,0.245000,0.502000,1.522001
5.797710,-7.004340,-0.824040,0.251000,0.397000,1.520001
5.552460,-7.043580,-0.627840,0.302000,0.326000,1.482001
5.415120,-7.534080,-0.598410,0.302000,0.278000,1.420001

