-.-.-
0.088290,-7.710660,-4.738230,-0.811000,-0.075000,-0.080000
0.166770,-7.955910,-4.336020,-0.858000,-0.043000,-0.085000
0.706320,-7.534080,-4.502790,-0.957000,-0.022000,-0.083000
0.745560,-6.798330,-5.277780,-0.954000,-0.031000,-0.090000
0.510120,-6.925860,-6.082200,-0.860000,-0.071000,-0.078000
0.274680,-7.249590,-5.375880,-0.771000,-0.181000,-0.076000
0.264870,-7.180920,-5.248350,-0.780000,-0.202000,-0.064000
0.372780,-7.063200,-5.679990,-0.841000,-0.196000,-0.090000
0.323730,-6.719850,-6.121440,-0.835000,-0.204000,-0.112000
0.117720,-6.729660,-6.033150,-0.808000,-0.225000,-0.103000
0.078480,-6.759090,-5.532840,-0.801000,-0.131000,-0.109000
0.029430,-6.660990,-6.131250,-0.822000,-0.067000,-0.132000
-0.333540,-6.670800,-6.386310,-0.797000,-0.050000,-0.130000
-0.215820,-6.523650,-6.935670,-0.767000,-0.086000,-0.084000
0.206010,-6.484410,-7.023960,-0.738000,-0.165000,-0.045000
0.510120,-6.494220,-7.180920,-0.706000,-0.128000,-0.025000
0.225630,-6.553080,-7.514460,-0.663000,-0.053000,-0.057000
-0.255060,-6.268590,-7.769520,-0.629000,-0.056000,-0.091000
-0.127530,-6.445170,-7.612560,-0.633000,-0.131000,-0.098000
0.500310,-6.307830,-7.720470,-0.622000,-0.182000,-0.028000
0.647460,-6.150870,-7.857810,-0.585000,-0.166000,0.012000
0.372780,-5.984100,-8.034390,-0.571000,-0.167000,0.008000
0.107910,-6.092010,-8.210970,-0.570000,-0.209000,0.003000
0.117720,-6.121440,-8.142300,-0.547000,-0.231000,0.019000
0.068670,-5.738850,-7.965720,-0.499000,-0.192000,0.035000
-0.176580,-5.621130,-7.975530,-0.470000,-0.158000,0.024000
-0.264870,-5.454360,-8.250210,-0.440000,-0.156000,0.021000
-0.029430,-5.454360,-8.367930,-0.388000,-0.159000,0.015000
0.039240,-5.346450,-8.328690,-0.332000,-0.150000,0.004000
-0.107910,-5.434740,-8.299260,-0.298000,-0.163000,0.001000
-0.137340,-5.189490,-8.220780,-0.250000,-0.183000,0.015000
-0.235440,-5.091390,-8.407170,-0.200000,-0.170000,0.020000
-0.225630,-5.150250,-8.622990,-0.166000,-0.182000,0.024000
0.029430,-5.424930,-8.838810,-0.144000,-0.224000,0.040000
-0.029430,-5.415120,-8.789760,-0.123000,-0.216000,0.055000
-0.441450,-5.346450,-8.750520,-0.080000,-0.167000,0.056000
-0.706320,-5.209110,-8.907480,-0.078000,-0.173000,0.037000
-0.441450,-5.326830,-9.005580,-0.064000,-0.165000,0.029000
-0.323730,-5.307210,-9.074250,-0.050000,-0.149000,0.017000
-0.392400,-5.287590,-9.103680,-0.038000,-0.129000,0.010000
-0.647460,-5.405310,-9.182160,-0.055000,-0.137000,0.016000
-0.588600,-5.523030,-9.172350,-0.070000,-0.109000,0.026000
-0.510120,-5.375880,-9.211590,-0.071000,-0.089000,0.032000
-0.529740,-5.218920,-9.182160,-0.076000,-0.102000,0.034000
-0.618030,-5.287590,-9.142920,-0.071000,-0.078000,0.041000
-0.765180,-5.130630,-9.152730,-0.074000,-0.048000,0.032000
-0.725940,-5.052150,-9.054630,-0.061000,-0.051000,0.037000
-0.676890,-5.061960,-9.182160,-0.056000,-0.041000,0.038000
-0.608220,-5.061960,-9.162540,-0.043000,-0.025000,0.025000
-0.549360,-5.140440,-9.064440,-0.034000,-0.029000,0.018000
-0.598410,-4.973670,-9.044820,-0.037000,-0.027000,0.025000
-0.706320,-5.042340,-8.995770,-0.031000,-0.015000,0.029000
-0.647460,-4.993290,-8.966340,-0.018000,-0.014000,0.045000
-0.627840,-4.944240,-8.976150,-0.010000,-0.024000,0.044000
-0.706320,-4.924620,-8.936910,0.003000,-0.017000,0.036000
-0.696510,-4.934430,-8.868240,0.018000,-0.005000,0.029000
-0.765180,-5.052150,-8.966340,0.027000,0.016000,0.019000
-0.745560,-5.101200,-8.946720,0.036000,0.023000,0.018000
-0.627840,-5.101200,-8.878050,0.045000,0.016000,0.018000
-0.627840,-5.091390,-8.819190,0.035000,0.013000,0.009000
-0.794610,-5.091390,-8.770140,0.024000,0.044000,-0.002000
-0.794610,-5.140440,-9.241020,0.042000,0.062000,-0.012000
-0.824040,-5.336640,-9.152730,0.062000,0.053000,-0.021000
-0.745560,-5.434740,-9.025200,0.056000,0.063000,-0.026000
-0.745560,-5.385690,-9.025200,0.047000,0.070000,-0.015000
-0.627840,-5.267970,-8.966340,0.055000,0.067000,-0.015000
-0.568980,-5.287590,-9.231210,0.045000,0.063000,-0.017000
-0.500310,-5.601510,-9.133110,0.040000,0.039000,-0.009000
-0.519930,-5.650560,-8.642610,0.013000,0.048000,-0.003000
-0.618030,-5.434740,-8.289450,0.014000,0.085000,-0.004000
-0.814230,-5.356260,-9.358740,0.025000,0.096000,-0.011000
-0.745560,-5.473980,-9.515700,0.032000,0.112000,-0.035000
-0.696510,-5.630940,-9.348930,0.030000,0.099000,-0.059000
-0.774990,-5.787900,-9.201780,0.012000,0.106000,-0.075000
-0.706320,-5.729040,-8.858430,0.038000,0.129000,-0.085000
-0.549360,-5.670180,-9.702090,0.066000,0.129000,-0.083000
-0.255060,-5.856570,-9.643230,0.066000,0.106000,-0.071000
-0.333540,-5.748660,-9.613800,0.062000,0.079000,-0.036000
-0.568980,-5.748660,-9.476460,0.093000,0.061000,-0.002000
-0.686700,-5.866380,-9.603990,0.127000,0.071000,0.015000
-0.686700,-5.836950,-9.780570,0.146000,0.091000,0.018000
-0.618030,-5.797710,-9.594180,0.148000,0.102000,0.016000
-0.667080,-5.709420,-9.584370,0.167000,0.092000,0.025000
-0.568980,-5.621130,-9.358740,0.232000,0.090000,0.027000
-0.510120,-5.464170,-9.466650,0.322000,0.106000,0.018000
-0.529740,-5.513220,-9.466650,0.386000,0.128000,0.008000
-0.539550,-5.719230,-9.221400,0.432000,0.128000,0.006000
-0.490500,-5.915430,-9.015390,0.484000,0.146000,0.018000
-0.480690,-5.905620,-8.770140,0.552000,0.153000,0.023000
-0.549360,-5.778090,-8.760330,0.616000,0.174000,0.022000
-0.461070,-5.640750,-8.466030,0.684000,0.202000,0.011000
-0.304110,-5.738850,-8.054010,0.747000,0.212000,0.014000
-0.215820,-5.836950,-7.592940,0.792000,0.236000,0.030000
-0.206010,-5.866380,-7.514460,0.846000,0.258000,0.040000
-0.137340,-5.876190,-7.180920,0.929000,0.255000,0.047000
0.058860,-5.915430,-6.896430,1.006000,0.258000,0.062000
0.019620,-5.905620,-6.504030,1.081000,0.268000,0.081000
-0.029430,-5.905620,-6.111630,1.148000,0.257000,0.102000
0.029430,-5.925240,-5.679990,1.238000,0.252000,0.121000
0.156960,-6.111630,-5.513220,1.299000,0.284000,0.128000
0.186390,-6.356880,-5.267970,1.358000,0.284000,0.125000
0.137340,-6.739470,-4.905000,1.401001,0.242000,0.135000
0.323730,-7.073010,-4.748040,1.431001,0.207000,0.148000
0.510120,-7.210350,-4.571460,1.438001,0.175000,0.149000
0.519930,-7.386930,-4.159440,1.481001,0.174000,0.138000
0.510120,-7.445790,-4.061340,1.505001,0.151000,0.120000
0.274680,-7.632180,-3.590460,1.512001,0.068000,0.109000
0.206010,-7.730280,-3.325590,1.505001,0.061000,0.101000
0.362970,-7.838190,-3.394260,1.489001,0.073000,0.108000
0.304110,-8.044200,-3.070530,1.483001,0.064000,0.095000
0.304110,-8.250210,-2.884140,1.431001,0.040000,0.077000
0.362970,-8.289450,-2.746800,1.405001,0.059000,0.088000
0.549360,-8.426790,-2.717370,1.318000,0.043000,0.110000
0.353160,-8.524890,-2.256300,1.235000,0.007000,0.108000
0.284490,-8.672040,-2.550600,1.147000,0.003000,0.093000
0.461070,-8.740710,-2.580030,1.071000,-0.022000,0.080000
0.441450,-8.721090,-2.383830,0.994000,-0.053000,0.071000
0.323730,-9.133110,-2.442690,0.893000,-0.034000,0.053000
0.196200,-9.309690,-2.344590,0.864000,-0.013000,0.027000
0.127530,-8.770140,-2.305350,0.830000,-0.008000,0.027000
0.049050,-8.711280,-2.040480,0.791000,-0.014000,0.028000
0.156960,-8.691660,-1.912950,0.712000,0.003000,0.053000
-0.009810,-8.868240,-1.991430,0.590000,0.015000,0.067000
0.009810,-9.241020,-2.069910,0.499000,0.007000,0.090000
0.078480,-9.407790,-2.060100,0.455000,0.019000,0.085000
0.156960,-9.662850,-2.197440,0.471000,-0.002000,0.068000
0.000000,-9.800190,-1.726560,0.413000,-0.052000,0.038000
0.000000,-9.672660,-1.510740,0.373000,-0.007000,0.024000

