-.-.-
1.108530,-8.250210,-3.247110,-1.004000,-0.274000,0.351000
0.107910,-7.161300,-3.806280,-1.106000,-0.390000,0.331000
-1.343970,-5.630940,-3.521790,-1.037000,-0.327000,0.198000
-0.412020,-7.475220,-3.835710,-0.874000,-0.098000,0.125000
-0.294300,-8.760330,-5.071770,-0.746000,-0.141000,0.333000
0.137340,-7.749900,-5.689800,-0.654000,-0.220000,0.496000
-0.009810,-5.866380,-4.787280,-0.519000,-0.196000,0.342000
-0.853470,-6.504030,-4.973670,-0.351000,0.098000,0.144000
-1.726560,-8.132490,-5.964480,-0.242000,0.221000,0.253000
-1.157580,-7.681230,-6.464790,-0.187000,0.123000,0.440000
0.559170,-7.053390,-6.072390,-0.084000,0.087000,0.454000
1.000620,-7.622370,-6.033150,-0.031000,0.142000,0.341000
-0.294300,-7.926480,-6.141060,0.006000,0.116000,0.322000
-0.264870,-7.848000,-6.454980,0.037000,0.012000,0.332000
0.000000,-7.524270,-6.278400,0.065000,0.016000,0.199000
-0.107910,-8.210970,-6.356880,0.051000,0.099000,0.052000
-0.078480,-8.632800,-6.327450,0.050000,0.059000,0.015000
0.686700,-8.799570,-6.621750,0.013000,-0.104000,0.027000
0.971190,-8.701470,-6.680610,-0.020000,-0.300000,0.035000
-0.431640,-9.133110,-6.562890,-0.039000,-0.339000,0.016000
-1.314540,-9.221400,-6.749280,-0.048000,-0.210000,-0.030000
-0.765180,-9.319500,-6.867000,0.003000,-0.108000,-0.030000
0.068670,-9.388170,-6.513840,0.078000,-0.243000,0.000000
0.068670,-9.486270,-6.641370,0.145000,-0.334000,-0.003000
-0.931950,-9.908100,-6.386310,0.201000,-0.331000,0.055000
-2.040480,-10.055250,-6.101820,0.244000,-0.211000,0.121000
-1.510740,-10.133730,-6.356880,0.276000,-0.071000,0.131000
-0.588600,-10.516320,-5.827140,0.317000,-0.148000,0.121000
-1.128150,-10.634040,-5.572080,0.302000,-0.216000,0.064000
-1.677510,-10.555560,-5.542650,0.274000,-0.210000,0.011000
-1.549980,-10.702710,-5.552460,0.247000,-0.184000,-0.049000
-1.265490,-10.869480,-5.611320,0.196000,-0.214000,-0.071000
-1.422450,-10.849860,-5.866380,0.142000,-0.250000,-0.092000
-1.844280,-10.791000,-5.768280,0.094000,-0.280000,-0.114000
-2.069910,-10.810620,-5.523030,0.042000,-0.229000,-0.121000
-1.952190,-10.673280,-5.228730,-0.018000,-0.159000,-0.113000
-1.736370,-10.231830,-5.199300,-0.076000,-0.116000,-0.101000
-1.648080,-9.790380,-5.042340,-0.118000,-0.129000,-0.093000
-1.834470,-9.525510,-4.816710,-0.142000,-0.107000,-0.083000
-1.942380,-9.191970,-4.551840,-0.157000,-0.053000,-0.059000
-1.706940,-8.829000,-4.414500,-0.161000,-0.003000,-0.048000
-1.363590,-8.485650,-4.277160,-0.150000,0.010000,-0.037000
-1.363590,-8.044200,-4.159440,-0.136000,-0.001000,-0.020000
-1.569600,-7.691040,-4.159440,-0.122000,0.007000,-0.008000
-1.608840,-7.494840,-4.267350,-0.094000,0.033000,0.000000
-1.451880,-7.553700,-4.296780,-0.066000,0.051000,0.008000
-1.206630,-7.553700,-4.336020,-0.035000,0.041000,0.015000
-1.108530,-7.651800,-4.463550,-0.015000,0.005000,0.041000
-1.206630,-7.759710,-4.532220,-0.004000,-0.014000,0.068000
-1.402830,-7.955910,-4.581270,0.011000,0.003000,0.084000
-1.393020,-8.220780,-4.600890,0.030000,0.013000,0.113000
-1.245870,-8.309070,-4.679370,0.036000,0.002000,0.124000
-1.285110,-8.416980,-4.679370,0.039000,-0.010000,0.119000
-1.294920,-8.681850,-4.767660,0.043000,-0.009000,0.121000
-1.471500,-8.622990,-4.826520,0.040000,0.004000,0.115000
-1.442070,-8.829000,-4.875570,0.046000,0.026000,0.102000
-1.530360,-8.907480,-4.836330,0.051000,0.044000,0.092000
-1.510740,-8.917290,-4.738230,0.044000,0.053000,0.080000
-1.432260,-8.936910,-4.806900,0.042000,0.064000,0.069000
-1.510740,-8.887860,-4.738230,0.039000,0.080000,0.070000
-1.697130,-8.779950,-4.698990,0.031000,0.116000,0.070000
-1.687320,-8.721090,-4.620510,0.020000,0.143000,0.080000
-1.412640,-8.632800,-4.640130,0.016000,0.158000,0.088000
-1.285110,-8.613180,-4.659750,0.013000,0.143000,0.089000
-1.304730,-8.593560,-4.620510,0.015000,0.130000,0.084000
-1.226250,-8.534700,-4.542030,0.020000,0.109000,0.073000
-1.226250,-8.495460,-4.522410,0.022000,0.083000,0.064000
-1.285110,-8.456220,-4.532220,0.025000,0.061000,0.055000
-1.275300,-8.505270,-4.600890,0.026000,0.047000,0.047000
-1.275300,-8.554320,-4.630320,0.024000,0.027000,0.038000
-1.245870,-8.593560,-4.640130,0.014000,0.019000,0.032000
-1.285110,-8.613180,-4.669560,0.002000,0.003000,0.028000
-1.275300,-8.642610,-4.659750,-0.010000,-0.009000,0.026000
-1.294920,-8.544510,-4.689180,-0.024000,-0.021000,0.025000
-1.373400,-8.485650,-4.728420,-0.033000,-0.013000,0.019000
-1.383210,-8.485650,-4.757850,-0.038000,-0.007000,0.009000
-1.314540,-8.475840,-4.757850,-0.029000,-0.008000,0.001000
-1.314540,-8.505270,-4.757850,-0.024000,-0.017000,0.000000
-1.275300,-8.466030,-4.689180,-0.023000,-0.044000,0.002000
-1.324350,-8.475840,-4.728420,-0.021000,-0.053000,0.001000
-1.451880,-8.475840,-4.738230,-0.025000,-0.057000,0.004000
-1.510740,-8.446410,-4.836330,-0.030000,-0.045000,-0.003000
-1.510740,-8.436600,-4.875570,-0.026000,-0.034000,-0.008000
-1.422450,-8.456220,-4.836330,-0.023000,-0.039000,-0.012000
-1.432260,-8.466030,-4.816710,-0.026000,-0.058000,-0.010000
-1.520550,-8.475840,-4.836330,-0.029000,-0.053000,-0.007000
-1.589220,-8.475840,-4.846140,-0.035000,-0.046000,-0.005000
-1.530360,-8.505270,-4.816710,-0.036000,-0.039000,0.002000
-1.559790,-8.505270,-4.836330,-0.039000,-0.036000,0.002000
-1.559790,-8.475840,-4.777470,-0.041000,-0.034000,-0.005000
-1.510740,-8.416980,-4.806900,-0.037000,-0.030000,-0.013000
-1.530360,-8.367930,-4.816710,-0.029000,-0.028000,-0.016000
-1.520550,-8.279640,-4.836330,-0.019000,-0.025000,-0.019000
-1.451880,-8.309070,-4.885380,-0.009000,-0.023000,-0.020000
-1.402830,-8.328690,-4.905000,0.002000,-0.035000,-0.013000
-1.402830,-8.328690,-4.885380,0.011000,-0.043000,-0.009000
-1.393020,-8.348310,-4.826520,0.018000,-0.042000,-0.002000
-1.451880,-8.387550,-4.806900,0.019000,-0.039000,-0.002000
-1.500930,-8.426790,-4.816710,0.017000,-0.038000,-0.009000
-1.589220,-8.338500,-4.728420,0.017000,-0.048000,-0.021000
-1.648080,-8.318880,-4.748040,0.024000,-0.035000,-0.031000
-1.648080,-8.318880,-4.748040,0.028000,-0.013000,-0.033000
-1.599030,-8.348310,-4.757850,0.035000,0.004000,-0.033000
-1.549980,-8.397360,-4.708800,0.039000,0.004000,-0.027000
-1.491120,-8.456220,-4.698990,0.038000,-0.003000,-0.013000
-1.520550,-8.505270,-4.689180,0.026000,-0.023000,0.002000
-1.579410,-8.534700,-4.708800,0.017000,-0.031000,0.009000
-1.716750,-8.564130,-4.757850,0.010000,-0.034000,0.013000
-1.824660,-8.554320,-4.855950,0.014000,-0.017000,0.005000
-1.726560,-8.583750,-4.738230,0.026000,-0.010000,-0.004000
-1.559790,-8.603370,-4.581270,0.031000,-0.001000,0.000000
-1.657890,-8.603370,-4.434120,0.018000,0.004000,0.022000
-1.755990,-8.642610,-4.463550,0.002000,0.007000,0.041000
-1.510740,-8.485650,-4.561650,0.002000,-0.004000,0.050000
-1.677510,-8.583750,-4.777470,0.001000,-0.041000,0.062000
-2.393640,-9.280260,-5.572080,-0.003000,-0.020000,0.069000
-2.462310,-9.957150,-5.866380,-0.032000,0.041000,0.038000
-2.913570,-10.751760,-6.847380,-0.069000,0.146000,0.019000
-2.727180,-11.389410,-7.023960,-0.132000,0.255000,0.074000
-2.266110,-12.164400,-7.563510,-0.213000,0.281000,0.120000
-2.403450,-12.468510,-8.387550,-0.324000,0.281000,0.149000
-2.560410,-11.938770,-8.436600,-0.391000,0.332000,0.134000
-1.991430,-11.516940,-8.269830,-0.421000,0.393000,0.131000
-1.520550,-10.820430,-8.142300,-0.441000,0.426000,0.103000
-1.471500,-10.329930,-7.995150,-0.419000,0.443000,0.047000
-1.118340,-9.976770,-7.906860,-0.381000,0.460000,-0.009000
-0.843660,-9.545130,-7.828380,-0.334000,0.464000,-0.076000
-0.519930,-9.084060,-7.651800,-0.283000,0.454000,-0.116000

