-.-.-
1.795230,-9.025200,0.402210,0.048000,-0.833000,0.042000
1.255680,-10.310310,-0.725940,0.016000,-0.915000,-0.012000
-3.374640,-14.195070,-4.698990,-0.159000,-0.858000,-0.283000
-3.041100,-10.761570,-2.580030,0.127000,-0.465000,-0.180000
-1.245870,-6.082200,-1.236060,0.225000,-0.345000,0.028000
0.470880,-7.543890,-1.265490,0.199000,-0.508000,0.000000
0.451260,-10.261260,-1.775610,0.187000,-0.516000,-0.052000
-2.501550,-11.075490,-2.756610,0.181000,-0.292000,-0.112000
-4.159440,-11.095110,-2.501550,0.302000,0.089000,-0.071000
-2.413260,-11.742570,-2.315160,0.321000,0.271000,0.123000
-0.637650,-13.066920,-2.472120,0.296000,0.208000,0.240000
-0.068670,-12.870720,-2.589840,0.271000,0.035000,0.144000
-0.745560,-12.076110,-2.393640,0.179000,-0.102000,-0.015000
-1.363590,-11.242260,-2.069910,0.121000,-0.139000,0.007000
-1.687320,-10.055250,-1.736370,0.084000,-0.151000,0.105000
-1.510740,-8.858430,-1.618650,0.066000,-0.086000,0.124000
-1.353780,-7.926480,-1.334160,0.074000,-0.008000,0.068000
-1.373400,-7.200540,-1.108530,0.072000,0.031000,0.037000
-1.608840,-6.729660,-0.696510,0.065000,0.092000,0.019000
-1.481310,-6.582510,-0.441450,0.059000,0.207000,-0.013000
-1.226250,-6.484410,-0.362970,0.044000,0.278000,-0.059000
-1.383210,-6.062580,-0.362970,0.097000,0.292000,-0.103000
-1.363590,-6.131250,0.088290,0.285000,0.352000,-0.168000
-1.893330,-7.092630,-0.372780,0.341000,0.392000,-0.161000
-2.756610,-8.544510,-0.588600,0.409000,0.527000,-0.129000
-2.589840,-9.093870,-0.735750,0.449000,0.476000,-0.093000
0.058860,-9.908100,0.235440,0.388000,0.538000,-0.073000
1.569600,-12.105540,0.117720,0.340000,0.424000,-0.113000
-0.068670,-14.665950,-0.902520,0.525000,0.673000,0.056000
0.009810,-15.176070,-3.629700,0.426000,0.701000,0.221000
0.235440,-14.597280,-3.443310,0.453000,0.626000,0.394000
-1.569600,-10.045440,-2.972430,0.416000,0.601000,0.400000
-2.962620,-9.025200,-2.521170,0.207000,0.676000,0.287000
-1.500930,-12.517560,-2.413260,0.006000,0.460000,0.294000
0.863280,-13.537800,-2.354400,0.025000,0.142000,0.172000
1.039860,-10.761570,-1.196820,0.143000,-0.114000,-0.085000
0.274680,-9.682470,-0.784800,0.089000,-0.145000,-0.264000
0.107910,-9.035010,-0.657270,0.047000,-0.123000,-0.243000
0.245250,-8.338500,-0.490500,0.035000,-0.135000,-0.183000
0.343350,-8.004960,-0.725940,-0.047000,-0.192000,-0.188000
0.500310,-8.014770,-0.833850,-0.141000,-0.243000,-0.233000
0.255060,-7.965720,-1.088910,-0.250000,-0.276000,-0.225000
0.284490,-8.122680,-1.353780,-0.338000,-0.302000,-0.147000
-0.088290,-8.181540,-1.030050,-0.313000,-0.297000,-0.095000
-0.009810,-8.613180,-1.010430,-0.330000,-0.301000,-0.092000
-0.333540,-8.946720,-0.343350,-0.343000,-0.263000,-0.080000
-0.529740,-9.437220,-0.313920,-0.355000,-0.104000,0.007000
0.029430,-9.437220,0.049050,-0.274000,-0.061000,0.139000
0.568980,-9.447030,0.382590,-0.174000,-0.153000,0.231000
0.686700,-10.153350,-0.382590,-0.127000,-0.276000,0.200000
0.245250,-10.457460,-0.529740,-0.059000,-0.402000,0.165000
-0.333540,-10.575180,-0.863280,-0.037000,-0.286000,0.145000
-0.519930,-10.163160,0.009810,-0.090000,-0.432000,0.287000
0.578790,-10.153350,-1.353780,-0.094000,-0.952000,0.321000
0.765180,-9.947340,0.049050,0.199000,-1.508001,0.088000
-0.931950,-8.799570,-2.491740,0.115000,-1.706001,-0.206000
-5.061960,-10.761570,-3.090150,-0.029000,-1.005000,-0.642000
-6.033150,-11.860290,-4.120200,-0.181000,-0.058000,-0.664000
-1.628460,-10.732140,-3.266730,-0.040000,0.516000,-0.269000
1.579410,-12.134970,-2.275920,-0.071000,0.636000,0.061000
-0.598410,-13.773240,-2.423070,-0.207000,0.480000,0.104000
-2.315160,-12.262500,-1.903140,-0.167000,0.519000,0.137000
-1.628460,-10.820430,-1.422450,-0.179000,0.507000,0.212000
-0.510120,-9.564750,-0.941760,-0.195000,0.480000,0.277000
-0.206010,-8.230590,-0.745560,-0.217000,0.433000,0.286000
-0.431640,-7.396740,-0.667080,-0.283000,0.389000,0.262000
-1.000620,-7.063200,-0.657270,-0.389000,0.395000,0.216000
-1.530360,-7.210350,-0.588600,-0.488000,0.414000,0.147000
-1.471500,-7.386930,-0.500310,-0.494000,0.546000,0.105000
-0.922140,-7.700850,-0.421830,-0.496000,0.646000,0.079000
-0.676890,-7.965720,-0.922140,-0.533000,0.557000,0.051000
-1.324350,-7.592940,-2.040480,-0.528000,0.473000,-0.035000
-1.098720,-7.269210,-1.736370,-0.219000,0.532000,-0.163000
-0.147150,-8.358120,-0.294300,-0.150000,0.646000,-0.089000
0.058860,-9.250830,-0.451260,-0.169000,0.338000,0.010000
0.009810,-10.555560,-1.373400,-0.324000,0.080000,0.004000
0.990810,-13.959630,-4.973670,-0.768000,-0.326000,0.238000
1.255680,-12.596040,-2.736990,-0.630000,-1.069000,0.436000
-4.846140,-4.522410,-0.774990,-0.536000,-0.545000,-0.382000
-5.022720,-2.295540,-0.618030,-0.316000,0.652000,-0.812000
-2.805660,-3.874950,0.323730,0.086000,1.163000,-0.430000
-1.216440,-4.286970,-0.431640,0.225000,1.499001,-0.193000
0.971190,-6.366690,-3.080340,-0.031000,1.430001,-0.090000
4.512600,-8.524890,-2.992050,-0.109000,0.843000,0.185000
4.620510,-10.683090,-2.825280,-0.165000,0.274000,-0.039000
-0.510120,-15.627330,-3.698370,-0.284000,-0.063000,-0.300000
-1.226250,-19.472850,-4.973670,-0.588000,-0.126000,-0.355000
1.628460,-18.707670,-5.091390,-0.930000,-0.232000,-0.322000
2.697750,-19.413990,-4.385070,-1.310000,-0.452000,-0.489000
0.804420,-20.532330,-4.139820,-1.606001,-0.603000,-0.595000
-0.981000,-19.531710,-4.414500,-1.853001,-0.459000,-0.584000
-0.971190,-16.490610,-4.738230,-2.051001,-0.318000,-0.453000
-0.774990,-13.920390,-3.874950,-2.142001,-0.343000,-0.314000
-1.255680,-11.389410,-4.610700,-2.191001,-0.334000,-0.189000
-1.500930,-8.024580,-3.659130,-1.870001,0.116000,-0.143000
-1.137960,-4.120200,-1.147770,-1.523001,0.373000,-0.017000
-0.362970,-2.256300,0.382590,-1.247000,0.198000,0.133000
0.981000,-0.794610,2.393640,-0.904000,-0.095000,0.480000
1.765800,2.236680,3.629700,-0.566000,-0.387000,0.743000
1.599030,4.934430,0.000000,-0.190000,-0.526000,0.829000
1.657890,3.168630,2.648700,0.332000,-1.279000,1.064000
3.266730,1.677510,0.353160,0.899000,-1.724001,0.954000
3.266730,-3.413880,-4.385070,1.228000,-2.171001,0.725000
-12.311550,-22.425660,-19.914300,0.505000,-0.625000,-0.418000
-6.945480,-7.279020,-11.516940,0.580000,-0.966000,0.421000
4.934430,-24.318990,-16.529850,0.117000,-0.756000,0.926000
-6.366690,-17.353890,-16.333650,-0.438000,-0.413000,-0.029000
-10.712520,-15.068160,-16.510230,-0.618000,0.143000,-0.068000
-4.326210,-13.704570,-13.478940,-0.683000,0.586000,0.373000
-1.402830,-15.509610,-10.261260,-0.798000,0.511000,0.479000
-1.814850,-12.497940,-8.407170,-0.795000,0.545000,0.196000
-2.521170,-8.318880,-6.788520,-0.686000,0.675000,0.203000
-2.629080,-5.238540,-5.150250,-0.569000,0.649000,0.366000
-1.471500,-3.561030,-3.256920,-0.380000,0.442000,0.389000
-1.196820,-2.030670,-1.755990,-0.177000,0.428000,0.228000
-1.520550,-1.491120,0.078480,0.072000,0.627000,0.019000
-0.647460,-0.863280,0.824040,0.305000,1.082000,-0.130000
-0.549360,0.549360,0.657270,0.415000,1.260000,-0.197000
-0.931950,0.549360,0.539550,0.581000,1.500001,-0.255000
-1.128150,-0.245250,-0.431640,0.774000,1.667001,-0.379000
-1.000620,-0.049050,-1.971810,1.027000,1.656001,-0.425000
-0.431640,1.697130,-0.412020,1.550001,1.547001,-0.475000
-0.804420,2.315160,1.069290,1.793001,1.742001,-0.481000
-1.383210,2.285730,0.981000,1.901001,2.172001,-0.262000
-2.187630,2.187630,1.805040,2.151001,2.476001,-0.140000
-1.147770,-0.049050,0.981000,2.290001,3.236001,-0.129000
8.142300,-14.548230,-20.404800,1.089000,4.527002,0.902000
33.265710,-21.807630,-22.455090,-0.258000,-2.296001,3.308001

