-.-.-
9.476460,-0.902520,3.521790,-0.317000,-0.475000,0.091000
9.172350,-1.098720,3.580650,-0.286000,-0.397000,0.118000
9.290070,-1.334160,3.433500,-0.380000,-0.248000,0.203000
9.388170,-1.628460,3.296160,-0.508000,-0.075000,0.261000
9.672660,-1.589220,3.453120,-0.586000,0.237000,0.391000
9.966960,-1.177200,3.315780,-0.615000,0.555000,0.533000
10.280880,-0.814230,3.119580,-0.741000,0.802000,0.707000
10.261260,-1.226250,3.296160,-0.720000,0.883000,0.780000
10.251450,-1.677510,3.747420,-0.762000,0.928000,0.757000
10.202400,-1.746180,3.286350,-0.765000,0.829000,0.782000
9.986580,-2.138580,3.639510,-0.789000,0.638000,0.795000
10.133730,-2.501550,4.188870,-0.820000,0.564000,0.844000
10.506510,-2.452500,3.237300,-0.859000,0.539000,0.932000
9.397980,-2.550600,3.835710,-0.815000,0.354000,0.920000
9.191970,-2.560410,3.914190,-0.846000,0.283000,0.896000
8.475840,-2.589840,3.531600,-0.817000,0.261000,0.952000
9.123300,-2.825280,4.012290,-0.732000,0.144000,1.018000
8.897670,-3.060720,3.482550,-0.716000,-0.037000,0.907000
8.485650,-3.649320,4.345830,-0.659000,-0.204000,0.848000
8.750520,-3.551220,3.835710,-0.619000,-0.104000,0.869000
9.035010,-3.924000,3.914190,-0.561000,-0.266000,0.824000
8.966340,-3.982860,4.316400,-0.567000,-0.444000,0.781000
9.280260,-3.992670,4.188870,-0.557000,-0.546000,0.761000
8.819190,-4.620510,3.747420,-0.586000,-0.810000,0.720000
8.838810,-4.394880,3.717990,-0.522000,-0.772000,0.715000
8.887860,-4.591080,3.266730,-0.521000,-0.806000,0.707000
8.436600,-4.345830,2.776230,-0.524000,-0.919000,0.706000
9.603990,-4.345830,2.511360,-0.528000,-1.138000,0.736000
9.162540,-4.973670,1.991430,-0.586000,-1.192000,0.803000
7.955910,-4.806900,1.667700,-0.629000,-1.233000,0.815000
7.828380,-4.816710,2.158200,-0.540000,-1.121000,0.840000
8.367930,-5.974290,1.187010,-0.565000,-1.178000,0.950000
7.681230,-5.876190,1.559790,-0.660000,-1.228000,1.011000
6.729660,-5.473980,0.549360,-0.637000,-1.089000,1.032000
6.798330,-5.572080,0.990810,-0.591000,-1.022000,1.005000
6.768900,-6.131250,0.735750,-0.542000,-0.859000,1.049000
6.827760,-5.964480,1.157580,-0.436000,-0.735000,1.063000
7.749900,-5.650560,0.412020,-0.382000,-0.661000,1.010000
7.975530,-6.170490,0.196200,-0.313000,-0.679000,1.018000
7.632180,-6.621750,-0.049050,-0.260000,-0.725000,1.035000
7.406550,-6.553080,-0.647460,-0.182000,-0.776000,1.070000
7.033770,-6.533460,-0.814230,-0.159000,-0.832000,1.096000
6.376500,-6.710040,-0.863280,-0.104000,-0.879000,1.098000
5.866380,-7.004340,-0.882900,-0.120000,-0.826000,1.137000
5.434740,-6.739470,-0.902520,-0.144000,-0.709000,1.177000
5.071770,-7.583130,-1.167390,-0.127000,-0.564000,1.225000
5.650560,-7.897050,-1.589220,-0.117000,-0.537000,1.257000
5.542650,-8.299260,-1.814850,-0.104000,-0.603000,1.267000
4.306590,-8.505270,-1.912950,-0.111000,-0.636000,1.239000
3.904380,-8.250210,-1.755990,-0.104000,-0.549000,1.196000
4.718610,-7.759710,-1.785420,-0.069000,-0.633000,1.166000
3.992670,-7.337880,-1.854090,0.025000,-0.666000,1.123000
2.982240,-7.897050,-1.844280,0.137000,-0.522000,1.091000
2.550600,-8.161920,-1.599030,0.192000,-0.385000,1.093000
2.707560,-8.142300,-1.657890,0.245000,-0.242000,1.083000
2.766420,-8.152110,-1.687320,0.289000,-0.205000,1.044000
2.560410,-8.495460,-1.628460,0.305000,-0.105000,0.966000
2.619270,-8.760330,-1.834470,0.293000,-0.134000,0.919000
2.423070,-9.299880,-1.706940,0.326000,-0.061000,0.837000
1.883520,-9.711900,-1.628460,0.290000,0.129000,0.731000
2.001240,-9.692280,-1.294920,0.272000,0.349000,0.682000
2.619270,-9.682470,-1.236060,0.267000,0.383000,0.689000
2.952810,-9.653040,-1.275300,0.326000,0.338000,0.708000
2.805660,-9.172350,-0.794610,0.337000,0.304000,0.696000
2.629080,-8.377740,-1.167390,0.330000,0.320000,0.749000
1.461690,-8.367930,-0.519930,0.513000,0.088000,0.794000
1.755990,-9.525510,0.176580,0.578000,0.202000,0.566000
1.824660,-9.976770,-0.098100,0.546000,0.277000,0.455000
1.795230,-10.123920,-0.176580,0.481000,0.320000,0.512000
2.128770,-9.682470,-0.088290,0.449000,0.305000,0.551000
2.344590,-9.388170,-0.058860,0.458000,0.236000,0.551000
2.050290,-9.378360,0.088290,0.541000,0.168000,0.571000
1.667700,-9.388170,0.147150,0.581000,0.201000,0.608000
0.853470,-9.388170,0.431640,0.618000,0.303000,0.627000
0.568980,-9.447030,0.549360,0.633000,0.380000,0.585000
0.745560,-8.593560,1.393020,0.653000,0.444000,0.513000
1.324350,-9.172350,0.657270,0.585000,0.661000,0.488000
1.471500,-9.623610,0.441450,0.572000,0.621000,0.516000
0.804420,-9.927720,1.226250,0.722000,0.462000,0.489000
0.824040,-10.957770,1.422450,0.701000,0.408000,0.469000
0.500310,-11.369790,1.687320,0.617000,0.300000,0.481000
-0.029430,-11.389410,1.903140,0.475000,0.247000,0.469000
-0.402210,-11.026440,1.805040,0.317000,0.294000,0.471000
-0.637650,-10.604610,1.981620,0.266000,0.386000,0.482000
-0.716130,-10.202400,1.755990,0.210000,0.391000,0.485000
-0.784800,-9.770760,1.873710,0.222000,0.355000,0.488000
-0.578790,-9.466650,1.824660,0.241000,0.383000,0.489000
-0.500310,-9.329310,1.952190,0.258000,0.377000,0.482000
-0.568980,-9.162540,1.952190,0.261000,0.338000,0.454000
-0.147150,-9.172350,2.128770,0.260000,0.313000,0.423000
-0.206010,-9.319500,2.187630,0.259000,0.272000,0.399000
-0.392400,-9.721710,2.040480,0.261000,0.197000,0.357000
-0.510120,-10.172970,1.981620,0.243000,0.179000,0.324000
-0.529740,-10.280880,1.932570,0.201000,0.191000,0.280000
-0.451260,-10.310310,2.138580,0.187000,0.199000,0.243000
-0.657270,-10.133730,1.873710,0.160000,0.174000,0.245000
-0.784800,-9.976770,2.099340,0.133000,0.198000,0.217000
-0.843660,-9.790380,2.344590,0.107000,0.257000,0.197000
-1.039860,-9.682470,2.570220,0.071000,0.294000,0.211000
-0.735750,-9.584370,2.580030,0.025000,0.358000,0.222000
-0.490500,-9.927720,2.364210,-0.028000,0.340000,0.253000
-0.127530,-9.662850,1.932570,-0.044000,0.228000,0.263000
-0.421830,-9.427410,2.089530,0.025000,0.004000,0.251000
-1.010430,-9.182160,2.609460,0.066000,-0.047000,0.239000
-1.343970,-9.535320,2.560410,0.099000,-0.017000,0.249000
-1.442070,-9.868860,2.413260,0.088000,-0.007000,0.235000
-1.334160,-9.927720,2.197440,0.055000,-0.057000,0.164000
-1.608840,-9.760950,2.432880,-0.022000,-0.110000,0.046000
-2.011050,-9.407790,2.560410,-0.108000,-0.139000,-0.036000
-2.079720,-9.339120,2.491740,-0.134000,-0.112000,-0.090000
-1.873710,-9.584370,2.236680,-0.117000,-0.064000,-0.107000
-1.608840,-9.702090,2.158200,-0.081000,-0.037000,-0.134000
-1.393020,-9.790380,2.069910,-0.086000,-0.011000,-0.148000
-1.196820,-9.574560,2.197440,-0.133000,0.032000,-0.162000
-0.892710,-9.476460,2.011050,-0.159000,0.059000,-0.176000
-0.686700,-9.515700,1.971810,-0.163000,0.001000,-0.197000
-0.657270,-9.603990,2.001240,-0.172000,-0.039000,-0.203000
-0.725940,-9.662850,2.236680,-0.144000,-0.070000,-0.205000
-0.755370,-9.760950,2.364210,-0.129000,-0.046000,-0.203000
-0.755370,-9.908100,2.168010,-0.131000,-0.019000,-0.190000
-0.608220,-9.790380,2.040480,-0.158000,-0.026000,-0.185000
-0.529740,-9.623610,2.050290,-0.156000,-0.072000,-0.179000
-0.519930,-9.476460,2.001240,-0.141000,-0.097000,-0.180000
-0.657270,-9.564750,1.942380,-0.126000,-0.119000,-0.170000
-0.598410,-9.496080,2.069910,-0.115000,-0.122000,-0.169000
-0.519930,-9.574560,2.069910,-0.107000,-0.124000,-0.153000
-0.529740,-9.662850,1.932570,-0.098000,-0.108000,-0.133000
-0.539550,-9.672660,1.883520,-0.080000,-0.126000,-0.131000

