-.-.-
-0.147150,-9.613800,-2.295540,-0.017000,-0.006000,-0.012000
-0.176580,-9.584370,-2.109150,-0.025000,-0.016000,-0.006000
-0.245250,-9.525510,-2.040480,-0.029000,-0.013000,-0.009000
-0.245250,-9.623610,-2.040480,-0.032000,-0.008000,-0.008000
-0.294300,-9.643230,-2.109150,-0.017000,-0.002000,-0.003000
-0.264870,-9.623610,-2.099340,-0.009000,-0.006000,-0.003000
-0.235440,-9.672660,-1.942380,-0.019000,-0.002000,-0.007000
-0.235440,-9.653040,-1.942380,-0.029000,0.022000,-0.003000
-0.186390,-9.721710,-2.011050,-0.029000,0.010000,0.003000
-0.176580,-9.760950,-2.118960,-0.031000,0.012000,-0.003000
-0.294300,-9.878670,-2.158200,-0.051000,0.009000,-0.006000
-0.196200,-9.868860,-2.060100,-0.070000,0.002000,-0.003000
-0.176580,-9.780570,-2.020860,-0.096000,-0.027000,-0.003000
-0.127530,-9.721710,-2.089530,-0.101000,-0.028000,-0.006000
-0.147150,-9.741330,-2.109150,-0.133000,-0.027000,-0.013000
-0.049050,-10.025820,-2.197440,-0.163000,-0.018000,-0.028000
-0.235440,-10.202400,-2.374020,-0.209000,-0.145000,-0.040000
-0.431640,-10.123920,-2.560410,-0.253000,-0.346000,-0.023000
-0.107910,-10.251450,-2.295540,-0.297000,-0.370000,-0.052000
0.058860,-10.212210,-2.109150,-0.350000,-0.309000,-0.100000
0.029430,-9.996390,-2.236680,-0.436000,-0.272000,-0.083000
-0.225630,-9.623610,-2.158200,-0.449000,-0.236000,-0.046000
-0.323730,-9.241020,-1.863900,-0.442000,-0.175000,-0.040000
-0.667080,-9.427410,-2.079720,-0.467000,-0.223000,-0.051000
-0.323730,-9.800190,-2.226870,-0.526000,-0.194000,-0.049000
0.078480,-9.682470,-2.570220,-0.560000,-0.205000,-0.033000
0.245250,-9.437220,-2.580030,-0.598000,-0.215000,-0.002000
0.068670,-9.103680,-2.432880,-0.648000,-0.204000,0.039000
-0.313920,-8.936910,-2.521170,-0.625000,-0.266000,0.082000
-0.578790,-8.966340,-2.481930,-0.598000,-0.221000,0.088000
-0.549360,-9.339120,-2.707560,-0.565000,-0.158000,0.079000
-0.451260,-9.594180,-3.050910,-0.561000,-0.100000,0.093000
-0.392400,-9.770760,-3.335400,-0.568000,-0.027000,0.127000
-0.559170,-9.839430,-3.570840,-0.614000,0.020000,0.156000
-0.519930,-9.947340,-3.874950,-0.717000,0.032000,0.166000
-0.176580,-9.584370,-3.776850,-0.806000,0.037000,0.156000
0.107910,-9.437220,-4.139820,-0.878000,0.028000,0.150000
-0.117720,-9.241020,-4.365450,-0.958000,0.021000,0.156000
-0.470880,-8.927100,-4.218300,-1.046000,0.047000,0.164000
-0.637650,-8.475840,-4.345830,-1.110000,0.054000,0.187000
-0.627840,-8.152110,-4.434120,-1.168000,0.066000,0.195000
-0.745560,-7.955910,-4.404690,-1.195000,0.108000,0.192000
-0.421830,-8.004960,-4.208490,-1.233000,0.178000,0.189000
-0.225630,-8.171730,-4.551840,-1.265000,0.125000,0.191000
-0.392400,-8.387550,-4.885380,-1.299000,0.072000,0.199000
-0.362970,-8.524890,-5.140440,-1.288000,0.072000,0.214000
-0.402210,-8.387550,-4.640130,-1.244000,0.000000,0.269000
-0.127530,-8.662230,-5.287590,-1.112000,-0.051000,0.311000
-0.068670,-9.417600,-5.572080,-1.166000,-0.141000,0.348000
-0.500310,-9.035010,-6.739470,-1.230000,-0.048000,0.375000
-0.549360,-8.377740,-6.935670,-1.280000,-0.036000,0.370000
-1.383210,-8.250210,-7.485030,-1.289000,-0.078000,0.313000
-1.618650,-8.044200,-8.426790,-1.290000,0.002000,0.265000
-1.863900,-7.573320,-9.152730,-1.222000,0.000000,0.247000
-1.549980,-6.042960,-9.839430,-1.217000,0.055000,0.139000
-1.226250,-5.287590,-9.731520,-1.193000,0.087000,0.037000
-0.843660,-5.111010,-9.653040,-1.058000,0.072000,0.072000
-1.167390,-4.394880,-9.633420,-0.948000,0.110000,0.113000
-1.755990,-3.629700,-9.260640,-0.819000,0.125000,0.110000
-2.040480,-3.610080,-9.074250,-0.626000,0.170000,0.059000
-1.461690,-3.247110,-8.515080,-0.444000,0.177000,0.012000
-1.039860,-2.874330,-8.593560,-0.223000,0.192000,-0.037000
-0.824040,-3.521790,-8.191350,-0.063000,0.153000,-0.047000
-1.216440,-4.110390,-8.573940,0.091000,0.148000,-0.028000
-1.442070,-4.237920,-9.035010,0.232000,0.191000,-0.051000
-1.343970,-4.365450,-9.182160,0.319000,0.189000,-0.086000
-1.098720,-4.738230,-9.123300,0.342000,0.175000,-0.102000
-1.128150,-5.140440,-9.172350,0.360000,0.176000,-0.107000
-0.971190,-5.228730,-9.152730,0.387000,0.101000,-0.106000
-0.814230,-5.375880,-9.152730,0.388000,0.094000,-0.108000
-0.745560,-5.464170,-8.289450,0.365000,0.066000,-0.109000
-1.039860,-5.611320,-8.446410,0.323000,0.074000,-0.108000
-1.314540,-5.238540,-8.112870,0.345000,0.125000,-0.117000
-1.098720,-5.120820,-7.789140,0.385000,0.176000,-0.142000
-0.873090,-4.865760,-6.464790,0.388000,0.198000,-0.170000
-0.657270,-5.160060,-8.093250,0.330000,0.193000,-0.159000
-0.412020,-5.061960,-8.112870,0.327000,0.216000,-0.133000
-0.588600,-4.816710,-7.946100,0.354000,0.247000,-0.120000
-0.510120,-4.983480,-7.229970,0.316000,0.249000,-0.113000
-0.343350,-5.042340,-6.945480,0.299000,0.247000,-0.082000
-0.206010,-4.561650,-7.043580,0.250000,0.276000,-0.075000
-0.049050,-4.600890,-7.730280,0.198000,0.244000,-0.059000
0.215820,-4.041720,-7.190730,0.148000,0.259000,-0.031000
0.186390,-3.394260,-5.758470,0.054000,0.158000,-0.014000
0.451260,-2.933190,-6.229350,0.031000,0.019000,0.003000
0.362970,-2.629080,-6.082200,-0.003000,-0.058000,0.082000
0.470880,-1.912950,-6.170490,-0.003000,-0.035000,0.081000
0.431640,-1.736370,-4.895190,-0.096000,0.018000,0.063000
-0.156960,-2.619270,-6.435360,-0.055000,0.111000,0.181000
0.206010,-3.472740,-7.573320,-0.102000,0.215000,0.227000
0.588600,-4.080960,-6.523650,-0.089000,0.291000,0.284000
-2.315160,-5.169870,-8.171730,-0.051000,0.049000,0.319000
-0.284490,-6.935670,-10.212210,-0.294000,0.129000,0.267000
0.176580,-5.993910,-9.790380,-0.426000,-0.009000,0.239000
1.599030,-4.659750,-10.055250,-0.393000,0.061000,-0.051000
0.362970,-4.463550,-9.486270,-0.402000,0.074000,-0.180000
0.490500,-4.159440,-8.858430,-0.301000,0.114000,-0.194000
0.627840,-3.629700,-7.867620,-0.158000,0.046000,-0.131000
0.392400,-2.736990,-6.994530,0.043000,-0.066000,-0.094000
-0.382590,-1.687320,-6.562890,0.329000,-0.181000,-0.090000
-0.912330,-1.412640,-6.572700,0.674000,-0.146000,-0.084000
-1.520550,-1.863900,-6.425550,0.901000,0.035000,-0.029000
-1.687320,-2.717370,-6.474600,1.040000,0.014000,0.049000
-0.922140,-3.404070,-6.562890,1.238000,-0.046000,0.080000
-0.049050,-3.855330,-6.916050,1.501001,-0.128000,0.044000
-0.166770,-4.120200,-7.445790,1.752001,-0.039000,0.032000
-0.598410,-5.581890,-8.269830,1.887001,0.002000,0.084000
-1.157580,-7.848000,-9.584370,1.958001,-0.117000,0.110000
-0.588600,-9.035010,-9.348930,1.999001,-0.182000,0.088000
0.049050,-11.271690,-7.249590,2.089001,-0.182000,0.070000
0.392400,-13.714380,-6.307830,1.904001,-0.318000,0.091000
0.372780,-14.450130,-6.356880,1.955001,-0.435000,0.045000
-0.019620,-13.096350,-5.670180,1.984001,-0.513000,-0.073000
-0.353160,-12.321360,-2.923380,1.890001,-0.477000,-0.131000
-0.058860,-10.879290,-0.529740,1.688001,-0.234000,-0.113000
-0.657270,-9.456840,-0.804420,1.641001,-0.192000,-0.083000
-0.667080,-8.966340,-1.059480,1.643001,-0.213000,-0.081000
-0.519930,-8.377740,-1.167390,1.626001,-0.190000,-0.078000
-0.451260,-7.926480,-0.382590,1.621001,-0.155000,-0.052000
-0.215820,-8.191350,-0.313920,1.524001,-0.044000,-0.033000
-0.647460,-8.730900,-0.931950,1.430001,0.039000,-0.050000
-0.853470,-9.839430,-1.030050,1.399001,0.021000,-0.065000
-0.853470,-10.555560,-0.931950,1.318000,0.017000,-0.071000
-0.765180,-10.565370,0.000000,1.236000,0.118000,-0.107000
-0.451260,-11.163780,-0.117720,1.186000,0.114000,-0.110000
-0.353160,-11.585610,-0.412020,1.139000,0.117000,-0.108000
-0.264870,-11.575800,-0.431640,1.088000,0.130000,-0.102000
-0.245250,-11.046060,-0.039240,1.039000,0.093000,-0.059000

