-.-.-
0.264870,-8.927100,4.551840,0.076000,0.019000,-0.006000
0.255060,-8.936910,4.630320,0.102000,0.022000,0.000000
0.245250,-8.809380,4.659750,0.060000,0.021000,-0.001000
0.196200,-8.819190,4.718610,0.069000,0.012000,0.001000
0.196200,-8.779950,4.728420,0.053000,0.018000,0.000000
0.225630,-8.779950,4.738230,0.047000,0.029000,-0.003000
0.255060,-8.848620,4.708800,0.032000,0.034000,-0.005000
0.206010,-8.691660,4.689180,0.006000,0.040000,-0.006000
0.284490,-8.740710,4.757850,-0.015000,0.032000,-0.007000
0.225630,-8.662230,4.728420,-0.023000,0.044000,-0.008000
0.245250,-8.750520,4.649940,-0.016000,0.065000,-0.014000
0.186390,-8.730900,4.551840,-0.016000,0.058000,-0.011000
0.186390,-8.809380,4.492980,-0.030000,0.039000,-0.010000
0.215820,-8.819190,4.542030,-0.049000,0.026000,-0.007000
0.196200,-8.819190,4.561650,-0.044000,0.019000,-0.006000
0.206010,-8.838810,4.502790,-0.033000,0.022000,-0.006000
0.215820,-8.829000,4.473360,-0.028000,0.026000,-0.005000
0.215820,-8.829000,4.483170,-0.030000,0.028000,-0.007000
0.206010,-8.829000,4.492980,-0.036000,0.027000,-0.007000
0.196200,-8.829000,4.561650,-0.035000,0.016000,-0.003000
0.206010,-8.809380,4.610700,-0.032000,0.010000,-0.001000
0.235440,-8.760330,4.620510,-0.009000,0.000000,0.002000
0.166770,-8.838810,4.669560,-0.015000,0.005000,0.000000
0.196200,-8.809380,4.649940,-0.015000,0.007000,0.000000
0.196200,-8.809380,4.640130,-0.006000,0.000000,0.000000
0.196200,-8.799570,4.630320,-0.005000,-0.003000,0.002000
0.206010,-8.799570,4.630320,-0.009000,-0.001000,0.001000
0.196200,-8.789760,4.630320,-0.006000,-0.003000,0.000000
0.196200,-8.809380,4.591080,-0.002000,-0.007000,0.001000
0.196200,-8.809380,4.571460,-0.004000,-0.008000,0.001000
0.186390,-8.819190,4.571460,-0.005000,-0.010000,0.001000
0.186390,-8.819190,4.571460,-0.005000,-0.012000,0.000000
0.186390,-8.809380,4.542030,-0.006000,-0.010000,0.000000
0.196200,-8.829000,4.551840,-0.008000,-0.017000,0.001000
0.196200,-8.819190,4.571460,-0.009000,-0.021000,0.003000
0.176580,-8.789760,4.659750,0.002000,-0.013000,0.000000
0.176580,-8.789760,4.630320,0.026000,-0.011000,0.001000
0.196200,-8.858430,4.443930,0.005000,-0.038000,0.008000
0.245250,-8.848620,4.502790,0.012000,-0.031000,0.006000
0.186390,-8.721090,4.748040,0.033000,-0.002000,-0.001000
0.186390,-8.691660,4.963860,0.047000,-0.012000,-0.002000
0.245250,-8.681850,4.767660,0.031000,-0.005000,0.014000
0.215820,-8.907480,4.443930,0.036000,-0.030000,-0.005000
0.147150,-8.878050,4.512600,0.075000,-0.037000,0.011000
0.284490,-8.750520,4.610700,0.043000,0.031000,0.011000
0.313920,-8.760330,4.698990,0.040000,0.056000,0.003000
0.225630,-8.868240,4.600890,0.025000,-0.079000,0.011000
0.176580,-8.966340,4.492980,0.005000,-0.158000,0.017000
0.117720,-8.622990,4.551840,-0.011000,-0.163000,0.011000
0.166770,-8.779950,4.777470,-0.041000,-0.094000,0.012000
0.274680,-8.554320,5.042340,-0.123000,-0.014000,-0.001000
0.176580,-8.632800,4.885380,-0.121000,-0.079000,0.011000
0.186390,-9.025200,4.797090,-0.107000,-0.107000,0.009000
0.088290,-9.084060,4.600890,-0.172000,-0.096000,0.005000
0.206010,-8.927100,4.522410,-0.187000,-0.051000,0.005000
0.304110,-8.779950,4.610700,-0.219000,-0.003000,0.007000
0.284490,-8.721090,4.512600,-0.236000,-0.043000,0.014000
0.294300,-9.025200,4.542030,-0.285000,-0.047000,0.006000
0.304110,-9.172350,4.522410,-0.295000,-0.028000,0.003000
0.313920,-9.152730,4.483170,-0.363000,-0.018000,-0.005000
0.421830,-9.054630,4.512600,-0.336000,-0.050000,-0.003000
0.441450,-9.496080,4.542030,-0.353000,-0.033000,-0.010000
0.382590,-9.515700,4.640130,-0.355000,-0.020000,-0.017000
0.343350,-10.104300,4.630320,-0.470000,-0.044000,-0.013000
0.461070,-10.840050,4.522410,-0.481000,-0.050000,-0.030000
0.353160,-10.732140,4.502790,-0.618000,-0.090000,-0.007000
0.235440,-9.456840,4.100580,-0.665000,-0.116000,-0.025000
0.098100,-8.397360,3.924000,-0.598000,-0.099000,-0.011000
0.166770,-8.652420,4.208490,-0.594000,-0.068000,-0.052000
0.274680,-9.525510,4.012290,-0.663000,-0.051000,-0.038000
0.156960,-9.456840,3.914190,-0.698000,-0.010000,-0.032000
0.000000,-9.643230,3.914190,-0.729000,-0.009000,-0.031000
0.235440,-9.731520,3.737610,-0.753000,0.012000,-0.031000
0.441450,-9.937530,3.521790,-0.782000,0.003000,-0.010000
0.372780,-9.937530,3.335400,-0.833000,-0.007000,-0.004000
0.362970,-9.751140,3.149010,-0.870000,-0.014000,-0.012000
0.421830,-9.790380,2.952810,-0.881000,-0.049000,-0.009000
0.461070,-9.751140,2.766420,-0.919000,-0.060000,0.007000
0.313920,-9.770760,2.697750,-0.932000,-0.052000,0.020000
0.284490,-9.692280,2.501550,-0.951000,-0.027000,0.014000
0.421830,-9.878670,2.403450,-0.949000,-0.015000,0.010000
0.510120,-10.231830,2.491740,-0.971000,-0.042000,0.027000
0.313920,-10.045440,2.423070,-1.036000,-0.084000,0.034000
0.245250,-9.496080,1.922760,-1.109000,-0.041000,0.020000
0.392400,-9.505890,1.510740,-1.132000,-0.005000,0.013000
0.637650,-10.182780,1.334160,-1.180000,-0.031000,0.022000
0.716130,-10.300500,0.941760,-1.237000,-0.076000,0.041000
0.696510,-10.202400,0.539550,-1.290000,-0.126000,0.045000
0.568980,-10.349550,0.412020,-1.341000,-0.143000,0.055000
0.333540,-10.261260,0.206010,-1.383000,-0.198000,0.056000
0.274680,-10.271070,-0.206010,-1.423001,-0.210000,0.056000
0.206010,-10.418220,-0.215820,-1.443001,-0.283000,0.043000
0.029430,-10.575180,-0.284490,-1.489001,-0.217000,0.029000
0.215820,-11.016630,-0.745560,-1.583001,-0.200000,0.018000
0.461070,-11.065680,-1.785420,-1.629001,-0.248000,0.000000
0.451260,-10.947960,-2.099340,-1.552001,-0.273000,0.034000
0.206010,-10.634040,-1.500930,-1.603001,-0.190000,0.057000
0.284490,-10.722330,-2.315160,-1.551001,-0.027000,0.056000
0.137340,-10.604610,-3.031290,-1.481001,0.003000,0.074000
-0.078480,-10.555560,-3.767040,-1.389000,-0.108000,0.090000
-0.058860,-10.663470,-4.120200,-1.328000,-0.150000,0.102000
0.284490,-10.290690,-4.169250,-1.257000,-0.074000,0.131000
0.549360,-9.780570,-4.267350,-1.150000,-0.107000,0.155000
0.461070,-9.574560,-4.600890,-0.997000,-0.203000,0.185000
0.186390,-9.966960,-4.718610,-0.881000,-0.166000,0.202000
-0.323730,-10.065060,-4.905000,-0.806000,-0.100000,0.211000
-0.480690,-9.437220,-5.042340,-0.743000,-0.092000,0.190000
-0.353160,-8.760330,-4.993290,-0.618000,-0.117000,0.180000
-0.245250,-8.318880,-5.101200,-0.499000,-0.079000,0.161000
-0.470880,-8.132490,-4.924620,-0.440000,-0.065000,0.142000
-0.843660,-7.504650,-5.071770,-0.345000,-0.032000,0.131000
-0.922140,-7.269210,-5.218920,-0.195000,-0.015000,0.127000
-0.882900,-7.298640,-5.071770,-0.080000,0.042000,0.124000
-0.647460,-7.229970,-5.228730,0.053000,0.097000,0.110000
-0.470880,-7.435980,-5.307210,0.179000,0.131000,0.094000
-0.470880,-7.308450,-5.375880,0.264000,0.124000,0.115000
-0.372780,-7.288830,-5.238540,0.324000,0.102000,0.126000
-0.235440,-7.288830,-5.042340,0.405000,0.068000,0.131000
-0.343350,-7.661610,-5.120820,0.495000,0.085000,0.103000
-0.588600,-8.073630,-5.101200,0.559000,0.106000,0.045000
-0.618030,-8.250210,-5.012910,0.633000,0.102000,0.022000
-0.186390,-8.377740,-4.895190,0.708000,0.031000,0.046000
0.039240,-8.446410,-4.581270,0.786000,0.012000,0.073000
-0.088290,-8.524890,-4.522410,0.842000,0.020000,0.084000
-0.255060,-8.750520,-3.855330,0.889000,-0.005000,0.064000
-0.245250,-8.701470,-3.708180,0.911000,0.017000,0.052000
-0.235440,-8.662230,-3.776850,0.934000,-0.010000,0.059000
-0.382590,-8.475840,-3.345210,0.977000,-0.023000,0.042000

