-.-.-
4.031910,-9.299880,-0.725940,0.404000,0.803000,0.072000
0.951570,-7.691040,-1.128150,0.336000,0.540000,-0.035000
-2.648700,-7.377120,-0.931950,0.141000,0.595000,-0.226000
-3.227490,-9.898290,-0.833850,-0.128000,1.015000,-0.462000
-1.893330,-11.948580,-1.314540,-0.080000,1.584001,-0.615000
-0.618030,-11.134350,-0.774990,0.127000,1.697001,-0.412000
-0.461070,-9.682470,0.196200,0.178000,1.844001,-0.091000
-1.343970,-9.682470,0.912330,0.087000,2.103001,0.005000
-2.128770,-10.722330,1.147770,0.001000,2.380001,-0.094000
-2.295540,-11.134350,1.363590,-0.032000,2.578001,-0.177000
-1.981620,-10.653660,1.461690,-0.050000,2.748001,-0.169000
-1.510740,-10.104300,1.481310,-0.068000,2.937001,-0.118000
-0.961380,-9.839430,1.500930,-0.035000,3.127001,-0.089000
-0.706320,-9.594180,1.589220,-0.073000,3.193001,-0.063000
-0.353160,-9.427410,1.363590,-0.068000,3.199001,-0.078000
-0.206010,-9.221400,1.432260,-0.081000,3.172001,-0.120000
-0.206010,-9.113490,1.540170,-0.123000,3.137001,-0.152000
-0.029430,-9.064440,1.324350,-0.131000,3.091001,-0.181000
-0.019620,-8.936910,1.255680,-0.132000,2.994001,-0.219000
-0.029430,-9.084060,0.892710,-0.174000,2.934001,-0.273000
-0.068670,-9.711900,0.078480,-0.274000,3.002001,-0.343000
-0.147150,-9.594180,0.049050,-0.169000,3.095001,-0.370000
-0.706320,-9.133110,0.951570,0.031000,3.199001,-0.339000
-1.432260,-9.290070,1.147770,0.094000,3.133001,-0.236000
-1.226250,-10.016010,0.755370,0.123000,3.005001,-0.168000
-0.098100,-10.898910,0.716130,0.126000,2.845001,-0.104000
1.128150,-10.879290,0.127530,0.093000,2.621001,-0.019000
1.530360,-10.065060,0.156960,0.084000,2.372001,0.018000
1.540170,-9.819810,-0.029430,-0.021000,2.130001,0.006000
1.088910,-10.202400,0.029430,-0.125000,2.078001,-0.023000
0.941760,-10.339740,0.117720,-0.153000,2.207001,-0.042000
1.569600,-9.888480,0.088290,-0.112000,2.405001,0.031000
2.491740,-9.466650,-0.284490,-0.086000,2.274001,0.131000
3.315780,-9.427410,-0.156960,-0.039000,1.938001,0.178000
3.021480,-9.721710,-0.304110,-0.004000,1.543001,0.149000
2.177820,-10.329930,-0.127530,0.043000,1.255000,0.063000
1.579410,-10.006200,0.333540,0.113000,1.105000,-0.017000
1.677510,-9.505890,0.529740,0.145000,1.079000,-0.030000
2.089530,-9.574560,0.686700,0.113000,1.085000,-0.042000
2.844900,-9.721710,0.176580,0.099000,1.050000,-0.057000
3.296160,-9.574560,-0.029430,0.099000,0.862000,-0.073000
2.962620,-9.358740,-0.019620,0.113000,0.663000,-0.074000
2.374020,-9.603990,-0.107910,0.120000,0.514000,-0.073000
2.001240,-9.917910,-0.304110,0.106000,0.383000,-0.033000
2.060100,-9.868860,-0.264870,0.107000,0.254000,0.025000
1.942380,-9.790380,-0.255060,0.066000,0.100000,0.072000
1.716750,-9.996390,-0.107910,0.063000,-0.026000,0.112000
1.442070,-10.045440,-0.323730,0.061000,-0.111000,0.176000
1.530360,-9.682470,-1.196820,0.043000,-0.173000,0.237000
0.637650,-9.721710,-1.314540,0.004000,-0.220000,0.226000
-1.422450,-10.702710,-1.285110,-0.069000,-0.284000,0.193000
-1.098720,-11.791620,-0.333540,-0.058000,-0.178000,0.112000
0.814230,-10.840050,-0.686700,-0.012000,-0.096000,0.090000
0.882900,-9.172350,-0.568980,0.016000,-0.137000,0.178000
0.304110,-8.466030,-0.215820,0.001000,-0.099000,0.228000
-0.186390,-9.290070,-0.431640,-0.010000,-0.142000,0.176000
-0.931950,-10.212210,-0.274680,0.001000,-0.181000,0.147000
-1.118340,-9.849240,-0.245250,0.079000,-0.181000,0.141000
-1.030050,-9.319500,0.137340,0.154000,-0.137000,0.094000
-1.314540,-9.084060,0.255060,0.132000,-0.065000,0.030000
-1.608840,-9.250830,0.431640,0.144000,0.024000,-0.029000
-1.461690,-9.643230,0.304110,0.128000,0.109000,-0.065000
-0.784800,-9.908100,-0.156960,0.123000,0.172000,-0.102000
0.225630,-9.770760,-0.029430,0.206000,0.260000,-0.117000
0.333540,-9.613800,0.451260,0.307000,0.104000,-0.083000
-0.078480,-9.554940,0.598410,0.281000,-0.017000,-0.079000
-0.745560,-9.623610,0.539550,0.216000,-0.039000,-0.114000
-1.216440,-9.692280,0.206010,0.173000,0.030000,-0.134000
-0.657270,-10.172970,0.313920,0.189000,0.130000,-0.159000
-0.009810,-10.535940,0.098100,0.136000,0.153000,-0.196000
0.264870,-10.584990,-0.147150,0.153000,0.188000,-0.155000
0.441450,-10.516320,-0.245250,0.261000,0.197000,-0.055000
0.441450,-9.917910,-0.333540,0.382000,0.185000,0.008000
0.284490,-9.486270,-0.235440,0.461000,0.165000,0.017000
-0.019620,-9.437220,0.206010,0.459000,0.103000,0.025000
-0.176580,-9.505890,0.392400,0.406000,0.080000,0.030000
-0.127530,-9.790380,0.421830,0.309000,0.138000,0.003000
0.039240,-10.192590,0.225630,0.212000,0.154000,-0.001000
0.392400,-10.339740,0.098100,0.129000,0.093000,0.033000
0.804420,-10.280880,-0.049050,0.065000,0.006000,0.063000
0.824040,-10.408410,-0.353160,0.018000,-0.133000,0.076000
0.529740,-10.428030,-0.353160,0.055000,-0.209000,0.075000
0.000000,-10.094490,-0.127530,0.135000,-0.210000,0.058000
-0.431640,-9.623610,0.176580,0.157000,-0.110000,0.016000
-0.313920,-9.466650,0.402210,0.131000,0.064000,-0.034000
0.058860,-9.672660,0.608220,0.094000,0.182000,-0.049000
0.441450,-9.957150,0.716130,0.065000,0.215000,-0.046000
0.559170,-10.084680,0.588600,0.054000,0.174000,-0.020000
0.431640,-10.133730,0.529740,0.058000,0.083000,0.008000
0.353160,-10.065060,0.461070,0.047000,-0.009000,0.014000
0.313920,-9.966960,0.382590,0.007000,-0.068000,0.030000
0.147150,-9.917910,0.372780,0.015000,-0.121000,0.044000
-0.088290,-9.898290,0.323730,0.010000,-0.172000,0.046000
-0.156960,-9.819810,0.559170,0.008000,-0.120000,0.038000
0.000000,-9.839430,0.686700,-0.009000,-0.073000,0.031000
0.078480,-9.878670,0.667080,-0.021000,-0.079000,0.030000
0.029430,-9.780570,0.637650,-0.017000,-0.071000,0.022000
-0.049050,-9.731520,0.676890,-0.029000,-0.046000,0.014000
-0.029430,-9.800190,0.539550,-0.053000,0.010000,0.010000
0.000000,-9.927720,0.529740,-0.018000,0.007000,0.005000
0.147150,-9.868860,0.588600,-0.015000,0.008000,0.002000
0.176580,-9.810000,0.637650,-0.027000,0.017000,-0.004000
0.098100,-9.908100,0.647460,-0.045000,0.034000,-0.007000
0.156960,-9.947340,0.618030,-0.034000,0.030000,0.002000
0.255060,-9.829620,0.735750,-0.010000,0.019000,0.008000
0.166770,-9.780570,0.794610,-0.012000,0.008000,0.005000
0.117720,-9.819810,0.667080,-0.013000,-0.006000,0.011000
0.068670,-10.035630,0.578790,0.009000,-0.067000,0.013000
0.000000,-9.859050,0.657270,0.030000,-0.084000,-0.001000
0.107910,-9.662850,0.676890,0.018000,-0.072000,-0.010000
0.156960,-9.780570,0.627840,0.000000,-0.066000,-0.005000
0.049050,-9.859050,0.598410,-0.006000,-0.086000,-0.001000
-0.098100,-9.810000,0.686700,0.019000,-0.099000,-0.005000
-0.088290,-9.849240,0.735750,0.014000,-0.067000,-0.017000
0.000000,-9.957150,0.706320,-0.002000,-0.033000,-0.008000
0.019620,-9.957150,0.657270,-0.002000,-0.039000,0.009000
0.029430,-9.800190,0.637650,0.005000,-0.044000,0.004000
-0.039240,-9.810000,0.618030,0.018000,-0.032000,0.000000
-0.098100,-9.908100,0.676890,0.044000,-0.037000,-0.005000
-0.019620,-9.859050,0.745560,0.057000,-0.023000,0.000000
0.029430,-9.839430,0.647460,0.033000,-0.010000,-0.002000
0.058860,-9.849240,0.549360,0.025000,-0.014000,-0.003000
0.009810,-9.927720,0.510120,0.047000,-0.033000,0.001000
-0.009810,-9.927720,0.470880,0.046000,-0.034000,0.003000
-0.049050,-9.810000,0.470880,0.054000,-0.017000,0.000000
-0.058860,-9.878670,0.490500,0.058000,-0.003000,0.000000
0.000000,-9.947340,0.461070,0.061000,-0.011000,-0.004000
-0.009810,-9.947340,0.431640,0.056000,-0.022000,-0.015000

