-.-.-
-0.402210,-9.859050,0.186390,-0.013000,0.037000,0.000000
-0.421830,-9.947340,0.156960,-0.013000,0.014000,0.003000
-0.480690,-9.986580,0.176580,-0.016000,0.011000,-0.001000
-0.510120,-10.025820,0.196200,-0.034000,0.014000,-0.013000
-0.470880,-10.055250,0.284490,-0.069000,0.024000,-0.013000
-0.412020,-10.114110,0.333540,-0.121000,0.056000,-0.007000
-0.421830,-10.329930,-0.127530,-0.193000,0.050000,0.018000
-0.480690,-10.339740,-0.402210,-0.215000,0.056000,0.014000
-0.529740,-10.172970,-0.451260,-0.203000,0.066000,-0.001000
-0.470880,-9.908100,0.009810,-0.230000,0.079000,-0.024000
-0.402210,-9.898290,0.166770,-0.287000,0.071000,-0.028000
-0.353160,-9.927720,0.009810,-0.310000,0.029000,-0.010000
-0.402210,-9.908100,-0.039240,-0.311000,-0.011000,0.000000
-0.480690,-9.927720,0.019620,-0.327000,0.003000,-0.015000
-0.559170,-9.986580,-0.058860,-0.353000,0.014000,-0.028000
-0.618030,-10.045440,-0.196200,-0.366000,0.014000,-0.036000
-0.627840,-10.035630,-0.343350,-0.387000,0.018000,-0.040000
-0.539550,-9.996390,-0.431640,-0.408000,0.009000,-0.035000
-0.529740,-9.976770,-0.588600,-0.444000,0.018000,-0.062000
-0.441450,-10.065060,-0.696510,-0.466000,0.000000,-0.067000
-0.372780,-10.035630,-0.725940,-0.471000,-0.045000,-0.066000
-0.412020,-9.908100,-0.568980,-0.511000,-0.047000,-0.065000
-0.510120,-9.731520,-0.647460,-0.528000,-0.021000,-0.075000
-0.559170,-9.908100,-0.863280,-0.568000,-0.014000,-0.073000
-0.568980,-9.966960,-1.147770,-0.590000,0.011000,-0.074000
-0.510120,-10.006200,-1.216440,-0.600000,0.053000,-0.084000
-0.431640,-10.016010,-1.206630,-0.646000,0.083000,-0.102000
-0.362970,-10.045440,-1.324350,-0.697000,0.095000,-0.099000
-0.274680,-10.084680,-1.383210,-0.720000,0.067000,-0.095000
-0.343350,-10.074870,-1.334160,-0.773000,0.061000,-0.101000
-0.392400,-10.163160,-1.481310,-0.815000,0.062000,-0.113000
-0.343350,-10.241640,-1.579410,-0.886000,0.048000,-0.116000
-0.284490,-10.123920,-1.726560,-0.923000,0.036000,-0.117000
-0.235440,-10.006200,-1.834470,-0.949000,0.037000,-0.118000
-0.206010,-9.780570,-1.716750,-0.974000,0.038000,-0.118000
-0.294300,-9.672660,-2.079720,-0.897000,0.006000,-0.105000
-0.245250,-10.025820,-2.452500,-0.897000,0.009000,-0.113000
-0.068670,-10.016010,-2.530980,-0.956000,-0.014000,-0.105000
0.039240,-10.055250,-2.844900,-0.877000,-0.029000,-0.098000
0.009810,-10.094490,-3.021480,-0.827000,-0.035000,-0.075000
0.029430,-10.192590,-3.286350,-0.854000,0.023000,-0.087000
-0.029430,-9.672660,-3.590460,-0.842000,0.030000,-0.062000
-0.225630,-9.417600,-3.933810,-0.852000,0.036000,-0.058000
0.117720,-9.299880,-3.963240,-0.835000,0.095000,-0.072000
0.372780,-9.241020,-4.532220,-0.815000,0.095000,-0.070000
0.627840,-9.005580,-4.983480,-0.868000,0.000000,-0.036000
0.176580,-8.534700,-4.993290,-0.845000,-0.014000,-0.021000
-0.049050,-8.662230,-5.709420,-0.808000,-0.044000,-0.017000
-0.127530,-8.554320,-5.944860,-0.788000,-0.149000,-0.026000
0.206010,-8.622990,-5.993910,-0.762000,-0.090000,-0.035000
0.206010,-8.436600,-6.033150,-0.724000,-0.054000,-0.030000
0.078480,-8.073630,-6.150870,-0.674000,-0.033000,-0.028000
-0.019620,-8.024580,-6.317640,-0.629000,-0.042000,-0.021000
0.166770,-7.985340,-6.602130,-0.568000,-0.087000,-0.021000
0.245250,-7.749900,-6.572700,-0.497000,-0.061000,-0.031000
-0.137340,-7.524270,-6.504030,-0.414000,-0.051000,-0.039000
-0.117720,-7.347690,-6.298020,-0.344000,-0.031000,-0.040000
0.000000,-7.435980,-6.386310,-0.254000,-0.013000,-0.030000
0.235440,-7.661610,-6.415740,-0.186000,0.003000,-0.024000
0.098100,-7.602750,-6.562890,-0.114000,0.033000,-0.011000
-0.049050,-7.651800,-6.454980,-0.040000,0.027000,0.000000
-0.147150,-7.808760,-6.386310,0.020000,0.008000,0.013000
-0.235440,-7.926480,-6.484410,0.082000,0.003000,0.032000
0.000000,-8.103060,-6.494220,0.138000,0.006000,0.051000
0.000000,-8.210970,-6.611940,0.183000,0.015000,0.060000
-0.049050,-8.289450,-6.660990,0.220000,-0.021000,0.063000
0.000000,-8.426790,-6.445170,0.244000,-0.025000,0.061000
-0.117720,-8.466030,-6.435360,0.287000,-0.019000,0.084000
-0.088290,-8.338500,-6.258780,0.314000,0.002000,0.088000
-0.156960,-8.269830,-6.298020,0.351000,0.025000,0.088000
-0.264870,-8.358120,-6.170490,0.381000,-0.009000,0.076000
-0.147150,-8.279640,-6.023340,0.418000,0.000000,0.076000
-0.078480,-8.358120,-5.984100,0.452000,-0.002000,0.077000
-0.049050,-8.348310,-5.768280,0.472000,-0.003000,0.069000
-0.049050,-8.289450,-5.523030,0.512000,0.026000,0.059000
-0.068670,-8.269830,-5.297400,0.558000,0.016000,0.059000
-0.058860,-8.093250,-5.081580,0.590000,0.017000,0.058000
-0.078480,-8.152110,-5.120820,0.622000,-0.008000,0.055000
-0.068670,-8.122680,-4.816710,0.667000,-0.024000,0.047000
0.029430,-8.171730,-4.571460,0.716000,-0.047000,0.046000
0.039240,-8.063820,-4.247730,0.752000,-0.086000,0.046000
0.029430,-8.093250,-4.228110,0.792000,-0.122000,0.042000
0.000000,-8.152110,-3.924000,0.827000,-0.115000,0.036000
-0.274680,-8.260020,-3.894570,0.858000,-0.107000,0.017000
-0.264870,-8.407170,-3.649320,0.890000,-0.146000,0.003000
-0.147150,-8.289450,-3.345210,0.904000,-0.148000,0.005000
-0.098100,-8.161920,-3.315780,0.907000,-0.124000,0.009000
-0.058860,-8.260020,-3.188250,0.934000,-0.124000,0.023000
-0.156960,-8.328690,-2.854710,0.940000,-0.134000,0.036000
-0.353160,-8.210970,-2.560410,0.961000,-0.170000,0.032000
-0.402210,-8.367930,-2.825280,0.988000,-0.174000,-0.010000
-0.225630,-8.534700,-2.354400,0.991000,-0.153000,-0.030000
-0.107910,-8.515080,-2.187630,0.985000,-0.091000,-0.037000
-0.107910,-8.407170,-2.001240,1.026000,-0.070000,-0.014000
-0.343350,-8.250210,-1.863900,1.061000,-0.158000,0.007000
-0.343350,-7.965720,-1.805040,1.054000,-0.177000,-0.022000
-0.088290,-8.054010,-1.451880,1.053000,-0.145000,-0.056000
0.049050,-7.985340,-1.530360,1.047000,-0.115000,-0.083000
0.019620,-8.387550,-1.363590,1.056000,-0.170000,-0.086000
0.049050,-8.848620,-1.069290,0.970000,-0.134000,-0.073000
-0.206010,-9.054630,-1.177200,0.904000,-0.120000,-0.054000
-0.392400,-9.133110,-1.088910,0.897000,-0.190000,-0.048000
-0.147150,-9.103680,-0.608220,0.856000,-0.127000,-0.043000
-0.313920,-9.309690,-0.706320,0.853000,-0.090000,-0.013000
-0.510120,-9.672660,-0.372780,0.806000,-0.143000,-0.003000
-0.343350,-10.055250,-0.451260,0.705000,-0.126000,-0.017000
-0.313920,-9.947340,-0.392400,0.639000,-0.152000,-0.034000
-0.274680,-9.770760,-0.627840,0.586000,-0.170000,-0.052000
-0.156960,-9.545130,-0.245250,0.672000,-0.268000,-0.057000
-0.255060,-9.594180,0.215820,0.634000,-0.246000,-0.035000
-0.441450,-9.711900,0.539550,0.586000,-0.196000,-0.009000
-0.588600,-10.094490,0.608220,0.525000,-0.123000,0.003000
-0.598410,-10.133730,0.559170,0.477000,-0.001000,0.007000
-0.686700,-9.927720,0.382590,0.483000,0.109000,-0.003000
-0.706320,-9.868860,0.745560,0.489000,0.219000,-0.015000
-0.480690,-10.006200,0.892710,0.412000,0.291000,-0.019000
-0.127530,-10.231830,0.706320,0.335000,0.335000,-0.025000
0.088290,-10.486890,0.588600,0.285000,0.303000,-0.018000
-0.009810,-10.457460,0.362970,0.237000,0.205000,-0.003000
-0.284490,-10.153350,0.461070,0.187000,0.065000,-0.002000
-0.245250,-9.898290,0.784800,0.176000,0.117000,-0.008000
-0.245250,-9.966960,1.324350,0.178000,0.173000,-0.021000
-0.196200,-9.947340,1.579410,0.153000,0.201000,-0.032000
-0.039240,-10.035630,1.530360,0.115000,0.171000,-0.016000
0.078480,-10.025820,1.353780,0.065000,0.107000,0.000000
-0.049050,-10.025820,1.255680,0.029000,0.059000,-0.006000
-0.284490,-10.006200,1.098720,-0.003000,0.033000,-0.013000
-0.313920,-9.898290,1.108530,-0.003000,0.050000,-0.023000

