-.-.-
-1.304730,-7.789140,-2.187630,-0.492000,0.590000,-0.042000
-1.236060,-7.897050,-2.354400,-0.454000,0.656000,-0.062000
-0.735750,-8.240400,-2.423070,-0.527000,0.723000,-0.151000
-0.245250,-8.093250,-2.413260,-0.586000,0.816000,-0.242000
0.323730,-7.661610,-2.736990,-0.677000,0.808000,-0.228000
0.735750,-7.494840,-2.315160,-0.715000,0.701000,-0.122000
0.431640,-7.367310,-1.236060,-0.716000,0.642000,-0.024000
-0.706320,-7.308450,-1.775610,-0.710000,0.660000,-0.067000
0.755370,-9.191970,-3.570840,-0.843000,0.556000,0.099000
1.805040,-7.426170,-4.179060,-1.122000,0.209000,0.327000
2.550600,-6.670800,-5.748660,-1.088000,-0.030000,0.174000
1.471500,-6.582510,-5.493600,-1.027000,-0.259000,-0.001000
-0.039240,-7.279020,-5.719230,-0.889000,0.077000,-0.314000
-0.382590,-8.250210,-5.787900,-0.818000,0.298000,-0.068000
1.912950,-8.367930,-6.150870,-0.829000,0.101000,0.501000
3.060720,-6.808140,-6.082200,-0.876000,-0.216000,0.419000
1.726560,-6.131250,-5.415120,-0.724000,-0.233000,0.032000
-0.127530,-6.808140,-5.699610,-0.553000,-0.034000,-0.151000
-0.313920,-7.063200,-5.984100,-0.508000,0.122000,0.032000
1.167390,-6.660990,-6.288210,-0.479000,0.102000,0.117000
1.677510,-6.033150,-6.386310,-0.398000,0.073000,0.023000
1.275300,-6.504030,-5.905620,-0.262000,0.052000,-0.021000
0.951570,-6.592320,-6.533460,-0.212000,0.035000,0.080000
0.824040,-6.474600,-6.494220,-0.086000,0.041000,0.062000
0.696510,-6.984720,-5.758470,0.063000,0.058000,-0.028000
1.755990,-7.681230,-5.532840,0.153000,-0.008000,-0.091000
2.874330,-7.671420,-6.082200,0.107000,-0.267000,0.000000
2.187630,-7.691040,-6.513840,0.092000,-0.419000,0.032000
0.784800,-8.054010,-6.356880,0.160000,-0.503000,0.056000
0.000000,-8.083440,-6.474600,0.253000,-0.450000,0.012000
0.402210,-8.171730,-6.405930,0.335000,-0.400000,-0.015000
0.814230,-8.260020,-6.327450,0.380000,-0.435000,-0.024000
0.627840,-8.161920,-5.895810,0.415000,-0.491000,-0.028000
0.098100,-8.466030,-5.071770,0.611000,-0.519000,-0.074000
0.264870,-7.965720,-5.434740,0.532000,-0.514000,-0.058000
0.137340,-7.710660,-5.405310,0.524000,-0.540000,-0.053000
-0.392400,-7.955910,-5.581890,0.554000,-0.506000,-0.077000
-0.029430,-8.730900,-5.513220,0.598000,-0.463000,-0.059000
0.343350,-9.172350,-5.464170,0.543000,-0.480000,0.030000
-0.088290,-9.035010,-5.630940,0.496000,-0.514000,0.063000
-0.274680,-9.152730,-5.729040,0.483000,-0.536000,0.099000
-0.441450,-9.603990,-5.552460,0.464000,-0.540000,0.136000
-0.696510,-9.751140,-5.326830,0.445000,-0.512000,0.133000
-0.755370,-10.055250,-5.434740,0.389000,-0.468000,0.146000
-0.853470,-10.320120,-5.356260,0.343000,-0.461000,0.158000
-1.069290,-9.878670,-5.464170,0.260000,-0.465000,0.151000
-1.265490,-9.564750,-5.473980,0.212000,-0.429000,0.122000
-1.530360,-9.898290,-5.415120,0.203000,-0.333000,0.106000
-1.569600,-9.819810,-5.356260,0.185000,-0.220000,0.091000
-1.157580,-10.016010,-5.209110,0.180000,-0.157000,0.095000
-0.990810,-9.957150,-5.032530,0.150000,-0.149000,0.085000
-1.108530,-9.986580,-5.160060,0.121000,-0.158000,0.060000
-1.196820,-10.074870,-5.199300,0.079000,-0.136000,0.046000
-1.236060,-10.241640,-5.169870,0.020000,-0.111000,0.052000
-1.079100,-10.261260,-5.395500,-0.039000,-0.092000,0.043000
-1.039860,-10.153350,-5.228730,-0.088000,-0.093000,0.020000
-1.167390,-9.996390,-5.150250,-0.115000,-0.084000,0.005000
-1.147770,-9.810000,-5.052150,-0.131000,-0.070000,0.007000
-0.990810,-9.721710,-5.042340,-0.147000,-0.069000,0.019000
-0.961380,-9.476460,-4.885380,-0.163000,-0.078000,0.027000
-1.039860,-9.211590,-4.777470,-0.175000,-0.088000,0.019000
-1.167390,-8.868240,-4.640130,-0.183000,-0.093000,0.018000
-1.216440,-8.583750,-4.561650,-0.184000,-0.068000,0.014000
-1.226250,-8.358120,-4.522410,-0.164000,-0.054000,0.009000
-1.245870,-8.201160,-4.463550,-0.137000,-0.032000,0.014000
-1.147770,-8.044200,-4.404690,-0.105000,-0.024000,0.034000
-1.128150,-8.034390,-4.453740,-0.068000,-0.015000,0.057000
-1.206630,-8.083440,-4.522410,-0.041000,0.004000,0.069000
-1.157580,-8.191350,-4.581270,-0.017000,0.033000,0.071000
-1.177200,-8.152110,-4.679370,-0.005000,0.041000,0.075000
-1.039860,-8.181540,-4.738230,0.001000,0.050000,0.069000
-0.971190,-8.250210,-4.836330,0.002000,0.059000,0.074000
-1.088910,-8.328690,-4.816710,0.000000,0.074000,0.077000
-0.990810,-8.416980,-4.855950,0.004000,0.081000,0.070000
-0.902520,-8.377740,-4.875570,0.006000,0.061000,0.065000
-1.000620,-8.456220,-4.905000,0.006000,0.051000,0.063000
-1.147770,-8.426790,-4.934430,-0.003000,0.063000,0.064000
-1.020240,-8.475840,-4.944240,-0.002000,0.081000,0.058000
-1.059480,-8.466030,-4.954050,0.004000,0.088000,0.053000
-0.981000,-8.436600,-4.914810,0.016000,0.074000,0.049000
-0.853470,-8.505270,-4.875570,0.033000,0.058000,0.058000
-0.843660,-8.593560,-4.787280,0.040000,0.037000,0.077000
-0.981000,-8.603370,-4.777470,0.041000,0.026000,0.091000
-1.010430,-8.613180,-4.777470,0.035000,0.020000,0.088000
-1.039860,-8.544510,-4.757850,0.029000,0.015000,0.067000
-1.059480,-8.564130,-4.659750,0.029000,0.020000,0.045000
-1.039860,-8.573940,-4.561650,0.034000,0.014000,0.024000
-1.030050,-8.524890,-4.669560,0.040000,0.004000,0.004000
-1.147770,-8.485650,-4.600890,0.050000,0.001000,-0.005000
-1.216440,-8.475840,-4.571460,0.055000,0.008000,-0.005000
-1.226250,-8.426790,-4.610700,0.059000,0.008000,0.004000
-1.216440,-8.485650,-4.620510,0.065000,0.004000,0.013000
-1.245870,-8.593560,-4.630320,0.061000,0.001000,0.025000
-1.294920,-8.642610,-4.600890,0.052000,-0.003000,0.032000
-1.304730,-8.681850,-4.669560,0.046000,-0.002000,0.034000
-1.285110,-8.770140,-4.640130,0.040000,0.002000,0.028000
-1.275300,-8.789760,-4.640130,0.029000,0.001000,0.020000
-1.265490,-8.809380,-4.669560,0.017000,0.003000,0.010000
-1.304730,-8.789760,-4.659750,0.008000,0.008000,0.003000
-1.353780,-8.789760,-4.679370,0.001000,0.021000,0.002000
-1.265490,-8.770140,-4.640130,-0.004000,0.029000,0.003000
-1.265490,-8.740710,-4.649940,-0.011000,0.033000,0.001000
-1.206630,-8.721090,-4.600890,-0.018000,0.029000,0.000000
-1.157580,-8.672040,-4.620510,-0.021000,0.010000,0.000000
-1.334160,-8.632800,-4.561650,-0.019000,0.019000,0.004000
-1.275300,-8.613180,-4.600890,-0.019000,0.038000,0.013000
-1.157580,-8.583750,-4.581270,-0.016000,0.042000,0.019000
-1.088910,-8.564130,-4.600890,-0.011000,0.033000,0.023000
-1.108530,-8.544510,-4.600890,-0.005000,0.026000,0.020000
-1.128150,-8.534700,-4.571460,-0.006000,0.021000,0.016000
-1.137960,-8.505270,-4.591080,-0.003000,0.030000,0.013000
-1.128150,-8.475840,-4.581270,0.002000,0.041000,0.010000
-1.030050,-8.456220,-4.591080,0.006000,0.034000,0.004000
-1.049670,-8.466030,-4.620510,0.006000,0.028000,-0.005000
-1.030050,-8.515080,-4.610700,0.013000,0.025000,-0.005000
-0.971190,-8.505270,-4.610700,0.009000,0.015000,-0.003000
-0.981000,-8.446410,-4.630320,0.006000,0.003000,0.000000
-1.059480,-8.466030,-4.630320,0.008000,-0.001000,0.001000
-1.098720,-8.515080,-4.640130,0.009000,-0.006000,0.006000
-1.030050,-8.485650,-4.689180,0.014000,-0.005000,0.003000
-1.088910,-8.515080,-4.669560,0.016000,-0.010000,0.006000
-1.177200,-8.534700,-4.679370,0.016000,-0.008000,0.004000
-1.206630,-8.544510,-4.659750,0.025000,0.000000,0.001000
-1.206630,-8.564130,-4.787280,0.028000,0.006000,0.009000
-1.540170,-8.642610,-4.924620,0.017000,0.028000,0.027000
-1.608840,-8.927100,-5.267970,0.025000,0.062000,0.045000
-1.599030,-9.692280,-5.464170,0.039000,0.081000,0.106000
-2.158200,-10.428030,-6.042960,0.002000,0.132000,0.149000

