-.-.-
-0.853470,-9.035010,0.196200,-0.186000,0.046000,0.124000
-0.833850,-9.005580,0.441450,-0.148000,0.110000,0.076000
-0.559170,-8.946720,0.765180,-0.104000,0.149000,0.045000
-0.412020,-8.976150,1.147770,-0.098000,0.155000,0.021000
-0.392400,-9.064440,1.275300,-0.087000,0.137000,-0.033000
-0.372780,-8.976150,1.481310,-0.033000,0.140000,-0.096000
-0.382590,-8.809380,1.618650,0.026000,0.193000,-0.163000
-0.618030,-8.809380,1.814850,0.136000,0.267000,-0.198000
-1.245870,-9.231210,2.197440,0.196000,0.375000,-0.151000
-1.805040,-9.741330,1.667700,0.235000,0.460000,-0.058000
-1.589220,-10.006200,1.736370,0.272000,0.570000,0.011000
-0.706320,-9.937530,2.128770,0.344000,0.678000,-0.017000
0.088290,-10.810620,1.667700,0.235000,0.793000,-0.076000
0.490500,-12.713760,-0.568980,0.127000,0.554000,0.052000
1.157580,-14.312790,-2.432880,0.256000,0.422000,0.343000
2.030670,-13.165020,-2.913570,0.368000,0.296000,0.580000
0.147150,-9.476460,-0.931950,0.505000,0.362000,0.429000
-1.962000,-8.240400,-0.343350,0.272000,0.664000,0.082000
-2.217060,-9.378360,-1.000620,0.188000,0.805000,-0.058000
0.235440,-11.870100,-1.471500,0.141000,0.617000,0.003000
2.619270,-12.233070,-1.334160,0.292000,0.195000,0.046000
2.560410,-10.997010,-0.627840,0.361000,-0.057000,-0.038000
1.883520,-10.143540,-0.461070,0.216000,-0.233000,-0.226000
1.128150,-9.280260,-0.490500,0.122000,-0.343000,-0.348000
0.784800,-8.524890,-0.215820,0.076000,-0.468000,-0.305000
0.578790,-8.524890,-0.353160,-0.021000,-0.493000,-0.214000
0.971190,-9.015390,-0.343350,-0.117000,-0.536000,-0.151000
1.589220,-9.201780,-0.029430,-0.164000,-0.629000,-0.119000
2.138580,-9.427410,0.039240,-0.180000,-0.806000,-0.014000
2.285730,-9.201780,-0.078480,-0.231000,-0.976000,0.117000
1.736370,-8.829000,-0.255060,-0.257000,-1.151000,0.257000
1.422450,-8.829000,0.156960,-0.307000,-1.273000,0.379000
1.461690,-9.035010,1.657890,-0.233000,-1.456001,0.455000
2.197440,-10.584990,1.971810,-0.269000,-1.787001,0.457000
2.982240,-12.184020,0.902520,-0.599000,-2.036001,0.430000
2.491740,-11.840670,-0.166770,-1.008000,-2.105001,0.484000
1.991430,-10.879290,0.706320,-1.074000,-2.346001,0.585000
0.892710,-10.643850,0.235440,-1.357000,-2.597001,0.624000
0.618030,-9.662850,-0.362970,-1.468001,-2.628001,0.583000
1.049670,-8.534700,-2.315160,-1.584001,-2.579001,0.388000
-0.863280,-5.326830,-2.589840,-1.224000,-2.428001,0.254000
-4.983480,-5.091390,-0.990810,-1.591001,-1.998001,0.067000
-8.103060,-5.611320,1.863900,-1.718001,-0.960000,-0.241000
-9.476460,-5.209110,1.579410,-1.312000,-0.185000,-0.259000
-8.230590,-6.572700,0.392400,-1.086000,0.914000,-0.387000
-7.789140,-8.073630,-0.784800,-0.712000,1.706001,-0.213000
-5.160060,-8.966340,0.539550,-0.443000,2.305001,0.133000
-1.412640,-8.956530,0.098100,-0.437000,2.581001,0.075000
0.421830,-11.006820,-2.962620,-0.409000,2.627001,-0.112000
-0.255060,-13.449510,-3.610080,-0.381000,2.521001,0.052000
1.608840,-13.253310,-4.728420,-0.399000,2.122001,0.273000
5.140440,-13.047300,-6.415740,-0.467000,1.615001,0.247000
5.807520,-14.371650,-7.200540,-0.528000,1.034000,0.203000
3.443310,-13.871340,-6.396120,-0.571000,0.748000,0.157000
0.549360,-12.998250,-5.670180,-0.565000,0.577000,0.084000
0.000000,-12.517560,-5.238540,-0.512000,0.480000,0.026000
0.735750,-12.085920,-4.905000,-0.396000,0.352000,0.028000
1.118340,-11.664090,-4.326210,-0.309000,0.230000,0.086000
0.588600,-11.183400,-3.472740,-0.264000,0.126000,0.157000
-0.451260,-10.202400,-2.903760,-0.190000,0.057000,0.214000
-1.844280,-9.113490,-2.148390,-0.071000,0.153000,0.219000
-2.295540,-8.573940,-1.765800,-0.038000,0.379000,0.157000
-2.011050,-8.122680,-1.726560,0.052000,0.610000,0.117000
-1.275300,-6.916050,-1.530360,0.067000,0.778000,0.129000
-0.519930,-5.258160,-0.667080,0.143000,0.730000,0.134000
-0.500310,-3.796470,-0.588600,0.193000,0.603000,0.133000
0.117720,-2.668320,-0.863280,0.319000,0.611000,0.016000
0.323730,-1.942380,0.539550,0.658000,0.503000,-0.110000
0.088290,-1.157580,1.010430,0.975000,0.550000,-0.198000
0.255060,-0.313920,1.687320,1.332000,0.860000,-0.283000
-1.412640,-1.049670,3.090150,1.613001,1.112000,-0.361000
-2.589840,-3.600270,-3.090150,1.664001,1.648001,-0.349000
-4.679370,-12.311550,-24.740820,-0.084000,-0.796000,0.569000
13.645710,-26.653770,4.816710,1.198000,0.523000,0.811000
0.294300,-16.686810,-10.457460,0.313000,1.044000,0.089000
-8.338500,-20.767770,-8.515080,0.694000,0.708000,0.459000
-3.708180,-20.041830,-7.161300,0.103000,0.497000,0.365000
5.052150,-15.872580,-5.886000,-0.210000,0.481000,0.282000
6.082200,-13.940010,-5.317020,-0.244000,0.098000,0.317000
1.255680,-13.606470,-4.031910,-0.083000,-0.264000,0.065000
-0.892710,-11.742570,-2.805660,-0.072000,-0.344000,-0.166000
0.127530,-9.535320,-2.050290,0.029000,-0.306000,-0.300000
0.206010,-7.848000,-1.285110,0.152000,-0.233000,-0.419000
0.068670,-6.258780,-0.794610,0.347000,-0.133000,-0.380000
0.068670,-4.983480,-0.578790,0.540000,-0.088000,-0.219000
0.774990,-3.914190,-0.608220,0.615000,-0.075000,-0.109000
0.931950,-3.286350,-0.421830,0.652000,-0.278000,-0.039000
1.324350,-3.757230,-0.166770,0.741000,-0.380000,-0.014000
1.726560,-4.738230,0.019620,0.798000,-0.523000,0.003000
1.030050,-5.846760,-0.647460,0.804000,-0.646000,0.047000
0.088290,-6.925860,0.049050,0.869000,-0.639000,0.082000
-0.470880,-8.201160,0.284490,0.891000,-0.479000,0.049000
-1.118340,-9.496080,0.362970,0.929000,-0.314000,-0.008000
-1.795230,-10.231830,0.745560,0.932000,-0.176000,0.024000
-1.245870,-10.388790,0.853470,0.893000,-0.063000,0.035000
0.510120,-11.359980,-0.618030,0.710000,-0.041000,0.010000
0.941760,-12.733380,-3.580650,0.610000,-0.469000,-0.004000
0.510120,-14.361840,-3.237300,0.469000,-0.449000,-0.330000
-0.441450,-12.998250,-3.001860,0.444000,-0.414000,-0.653000
0.510120,-10.280880,-1.265490,0.568000,-0.911000,-0.264000
1.648080,-9.996390,-0.431640,0.313000,-1.026000,-0.010000
0.000000,-14.067540,-0.588600,0.290000,-0.644000,-0.154000
-2.236680,-15.127020,-0.725940,0.213000,-0.275000,-0.218000
-2.746800,-12.811860,-0.843660,0.182000,-0.009000,-0.107000
-2.364210,-11.193210,-0.255060,0.202000,0.218000,0.200000
-1.412640,-9.623610,-0.068670,0.122000,0.319000,0.364000
-0.137340,-8.250210,-0.147150,0.073000,0.335000,0.344000
0.559170,-7.171110,-0.107910,0.013000,0.263000,0.297000
0.215820,-6.553080,0.107910,-0.008000,0.174000,0.240000
-0.657270,-6.454980,0.382590,-0.093000,0.178000,0.139000
-1.353780,-6.690420,0.343350,-0.125000,0.203000,0.002000
-1.285110,-7.023960,0.824040,-0.084000,0.292000,-0.092000
-0.765180,-7.514460,0.647460,-0.043000,0.337000,-0.183000
-0.333540,-8.083440,1.030050,0.019000,0.400000,-0.315000
-0.078480,-8.642610,1.628460,0.171000,0.422000,-0.391000
-0.735750,-9.368550,1.706940,0.238000,0.341000,-0.335000
-1.343970,-10.683090,0.637650,0.221000,0.294000,-0.206000
-0.343350,-11.644470,0.824040,0.293000,0.267000,-0.163000
0.421830,-11.722950,1.697130,0.293000,0.220000,-0.160000
0.166770,-12.203640,2.354400,0.170000,0.177000,-0.057000
-0.755370,-12.900150,0.147150,0.227000,0.118000,0.123000
-0.706320,-12.978630,-2.226870,0.353000,0.182000,0.329000
1.010430,-12.036870,-1.049670,0.454000,0.049000,0.522000
2.580030,-10.094490,-1.196820,0.348000,0.035000,0.571000
1.353780,-8.789760,-1.677510,0.293000,-0.102000,0.592000
-0.882900,-9.182160,-0.353160,0.295000,-0.210000,0.480000
-1.343970,-10.771380,0.235440,0.271000,-0.221000,0.141000
0.431640,-11.781810,0.039240,0.226000,-0.373000,-0.127000

