-.-.-
-0.686700,-8.348310,4.944240,-0.062000,-0.107000,0.000000
-0.765180,-8.289450,5.022720,-0.049000,-0.137000,-0.009000
-0.765180,-8.083440,5.483790,-0.067000,-0.169000,-0.021000
-0.608220,-7.995150,5.562270,-0.172000,-0.188000,-0.019000
-0.470880,-8.210970,5.689800,-0.270000,-0.167000,-0.017000
-0.510120,-8.466030,5.748660,-0.327000,-0.128000,-0.034000
-0.529740,-8.171730,5.738850,-0.346000,-0.096000,-0.050000
-0.559170,-8.721090,5.797710,-0.342000,-0.118000,-0.067000
-0.362970,-8.426790,5.699610,-0.397000,-0.158000,-0.121000
-0.461070,-8.730900,5.689800,-0.434000,-0.128000,-0.180000
-0.657270,-9.574560,5.895810,-0.522000,-0.092000,-0.186000
-0.804420,-9.309690,6.013530,-0.652000,-0.057000,-0.177000
-1.000620,-10.143540,6.327450,-0.729000,-0.034000,-0.137000
-1.167390,-9.760950,6.209730,-0.854000,0.045000,-0.093000
-0.470880,-8.887860,6.141060,-0.911000,0.074000,-0.020000
-0.490500,-8.848620,5.954670,-0.947000,0.023000,-0.010000
-0.667080,-9.211590,5.778090,-1.002000,0.037000,0.007000
-0.931950,-9.182160,5.640750,-1.053000,0.053000,0.012000
-0.863280,-9.162540,5.356260,-1.074000,0.028000,0.009000
-0.971190,-8.191350,4.924620,-1.286000,0.096000,-0.013000
-0.343350,-9.574560,4.728420,-1.304000,0.085000,-0.012000
-0.421830,-9.603990,4.326210,-1.382000,0.051000,-0.015000
-0.461070,-9.653040,3.904380,-1.447001,0.059000,-0.029000
-0.657270,-9.515700,3.717990,-1.499001,0.067000,-0.054000
-0.598410,-9.623610,3.227490,-1.541001,0.093000,-0.084000
-0.490500,-9.554940,3.207870,-1.591001,0.099000,-0.088000
-0.343350,-9.378360,3.168630,-1.642001,0.082000,-0.075000
-0.117720,-9.476460,3.070530,-1.693001,0.004000,-0.046000
0.068670,-9.554940,3.394260,-1.737001,-0.166000,0.017000
-0.206010,-9.790380,3.305970,-1.748001,-0.136000,0.038000
-0.235440,-9.810000,3.531600,-1.779001,0.102000,0.021000
0.107910,-10.712520,2.678130,-1.895001,0.105000,0.039000
-0.117720,-11.448270,1.177200,-2.003001,0.018000,0.067000
-0.843660,-12.242880,-0.578790,-1.926001,0.062000,0.015000
-1.030050,-12.390030,-2.374020,-1.708001,0.067000,-0.047000
-0.480690,-11.683710,-2.736990,-1.361000,0.021000,-0.128000
0.127530,-10.869480,-3.129390,-1.033000,-0.048000,-0.106000
0.480690,-10.722330,-3.374640,-0.704000,-0.093000,-0.014000
0.402210,-11.065680,-3.492360,-0.478000,-0.140000,0.024000
0.058860,-11.399220,-3.462930,-0.321000,-0.226000,-0.002000
-0.412020,-11.448270,-3.286350,-0.228000,-0.270000,-0.011000
-0.676890,-11.075490,-2.962620,-0.105000,-0.251000,0.015000
-0.765180,-10.712520,-2.805660,0.014000,-0.225000,0.001000
-0.519930,-10.800810,-2.609460,0.127000,-0.186000,0.012000
-0.196200,-10.584990,-2.432880,0.206000,-0.139000,0.011000
-0.362970,-10.035630,-2.138580,0.280000,-0.159000,0.025000
-0.627840,-9.584370,-2.177820,0.341000,-0.163000,0.042000
-0.539550,-9.152730,-2.187630,0.427000,-0.182000,0.037000
-0.264870,-8.642610,-2.089530,0.511000,-0.125000,-0.006000
-0.362970,-8.063820,-1.873710,0.580000,-0.099000,-0.008000
-0.667080,-7.691040,-1.814850,0.632000,-0.054000,-0.003000
-0.735750,-7.720470,-1.304730,0.675000,0.004000,0.014000
-0.392400,-7.985340,-0.981000,0.671000,0.044000,-0.010000
-0.421830,-8.956530,-0.951570,0.684000,0.057000,-0.027000
-0.529740,-9.191970,-0.902520,0.733000,0.035000,-0.012000
-0.480690,-8.907480,-0.843660,0.759000,0.002000,-0.010000
-0.441450,-8.779950,-0.618030,0.812000,-0.026000,-0.029000
-0.402210,-8.819190,-0.608220,0.781000,-0.063000,-0.017000
-0.490500,-8.691660,-0.490500,0.817000,-0.085000,0.000000
-0.559170,-8.485650,-0.461070,0.843000,-0.074000,0.010000
-0.382590,-8.377740,-0.353160,0.838000,-0.080000,-0.010000
-0.264870,-8.299260,-0.333540,0.792000,-0.098000,-0.022000
-0.294300,-8.309070,-0.058860,0.770000,-0.118000,-0.027000
-0.372780,-8.289450,-0.343350,0.728000,-0.126000,-0.036000
-0.470880,-8.201160,0.009810,0.720000,-0.141000,-0.054000
-0.382590,-8.181540,-0.039240,0.651000,-0.159000,-0.057000
-0.412020,-8.416980,0.078480,0.635000,-0.156000,-0.053000
-0.451260,-8.407170,0.245250,0.609000,-0.169000,-0.044000
-0.500310,-8.446410,0.294300,0.564000,-0.156000,-0.041000
-0.480690,-8.466030,0.510120,0.548000,-0.134000,-0.024000
-0.529740,-8.701470,0.519930,0.532000,-0.139000,-0.005000
-0.588600,-8.868240,0.539550,0.508000,-0.109000,-0.007000
-0.451260,-8.917290,0.588600,0.517000,-0.063000,-0.006000
-0.274680,-9.064440,0.853470,0.490000,-0.068000,0.021000
-0.225630,-9.270450,0.765180,0.435000,-0.120000,0.054000
-0.225630,-9.299880,0.912330,0.418000,-0.154000,0.061000
-0.235440,-9.437220,1.128150,0.416000,-0.172000,0.073000
-0.206010,-9.486270,1.402830,0.386000,-0.232000,0.084000
-0.176580,-9.564750,1.510740,0.353000,-0.263000,0.086000
-0.255060,-9.545130,1.628460,0.327000,-0.277000,0.087000
-0.382590,-9.515700,1.697130,0.306000,-0.287000,0.097000
-0.412020,-9.545130,1.854090,0.285000,-0.270000,0.094000
-0.392400,-9.535320,1.962000,0.268000,-0.259000,0.091000
-0.451260,-9.564750,2.079720,0.260000,-0.240000,0.085000
-0.490500,-9.584370,2.217060,0.248000,-0.205000,0.072000
-0.578790,-9.702090,2.285730,0.221000,-0.156000,0.060000
-0.559170,-9.829620,2.226870,0.167000,-0.113000,0.053000
-0.529740,-9.849240,2.138580,0.119000,-0.074000,0.046000
-0.519930,-9.829620,2.158200,0.086000,-0.039000,0.037000
-0.490500,-9.917910,2.177820,0.060000,-0.021000,0.037000
-0.372780,-9.957150,2.118960,0.025000,-0.027000,0.034000
-0.323730,-9.829620,2.069910,-0.011000,-0.051000,0.034000
-0.392400,-9.653040,2.148390,-0.022000,-0.048000,0.033000
-0.549360,-9.564750,2.217060,-0.023000,-0.024000,0.030000
-0.627840,-9.594180,2.266110,-0.020000,0.005000,0.025000
-0.608220,-9.692280,2.266110,-0.010000,0.028000,0.012000
-0.578790,-9.702090,2.423070,0.000000,0.041000,-0.003000
-0.568980,-9.731520,2.374020,-0.027000,0.068000,-0.005000
-0.480690,-9.702090,2.393640,-0.050000,0.093000,-0.011000
-0.421830,-9.721710,2.275920,-0.079000,0.103000,-0.010000
-0.480690,-9.731520,2.128770,-0.092000,0.101000,-0.004000
-0.412020,-9.682470,2.069910,-0.082000,0.085000,-0.001000
-0.549360,-9.711900,2.060100,-0.061000,0.047000,0.001000
-0.588600,-9.780570,2.079720,-0.055000,0.075000,-0.032000
-0.519930,-9.505890,2.148390,-0.037000,0.091000,-0.046000
-0.451260,-9.447030,2.197440,-0.036000,0.108000,-0.040000
-0.500310,-9.554940,2.305350,-0.027000,0.112000,-0.053000
-0.431640,-9.643230,2.324970,-0.030000,0.147000,-0.072000
-0.284490,-9.692280,2.256300,-0.013000,0.116000,-0.049000
-0.382590,-9.545130,2.275920,-0.002000,0.088000,-0.022000
-0.431640,-9.535320,2.217060,-0.009000,0.098000,-0.024000
-0.412020,-9.613800,2.168010,0.004000,0.092000,-0.029000
-0.461070,-9.682470,2.207250,0.026000,0.079000,-0.031000
-0.470880,-9.662850,2.217060,0.037000,0.082000,-0.026000
-0.402210,-9.603990,2.207250,0.038000,0.083000,-0.023000
-0.353160,-9.584370,2.207250,0.037000,0.069000,-0.018000
-0.382590,-9.594180,2.275920,0.048000,0.058000,-0.009000
-0.441450,-9.643230,2.256300,0.054000,0.049000,-0.004000
-0.529740,-9.662850,2.285730,0.059000,0.050000,-0.005000
-0.559170,-9.672660,2.295540,0.059000,0.052000,-0.011000
-0.510120,-9.653040,2.305350,0.055000,0.048000,-0.018000
-0.470880,-9.633420,2.315160,0.037000,0.054000,-0.018000
-0.421830,-9.643230,2.285730,0.032000,0.054000,-0.013000
-0.412020,-9.653040,2.285730,0.039000,0.043000,-0.009000
-0.441450,-9.662850,2.295540,0.033000,0.023000,-0.010000
-0.441450,-9.623610,2.256300,0.023000,0.010000,-0.010000
-0.470880,-9.623610,2.226870,0.011000,0.001000,-0.009000
-0.490500,-9.672660,2.275920,0.009000,0.002000,-0.006000

