-.-.-
10.153350,-0.343350,1.540170,-0.005000,-0.455000,0.244000
10.545750,-0.402210,1.304730,0.056000,-0.542000,0.260000
10.447650,-0.716130,1.128150,0.153000,-0.651000,0.286000
10.123920,-1.049670,1.236060,0.258000,-0.800000,0.331000
9.682470,-1.196820,1.314540,0.313000,-0.874000,0.345000
9.957150,-1.059480,1.275300,0.369000,-0.888000,0.313000
9.976770,-0.941760,0.882900,0.465000,-0.934000,0.326000
9.927720,-1.255680,0.578790,0.473000,-0.925000,0.366000
9.898290,-1.373400,0.667080,0.438000,-0.863000,0.402000
9.829620,-1.196820,0.333540,0.416000,-0.777000,0.473000
9.603990,-1.432260,0.176580,0.451000,-0.666000,0.517000
9.613800,-2.011050,-0.313920,0.396000,-0.539000,0.574000
9.662850,-2.452500,-0.490500,0.401000,-0.462000,0.688000
9.486270,-2.354400,-0.255060,0.279000,-0.434000,0.742000
9.996390,-2.462310,-0.304110,0.221000,-0.394000,0.698000
10.182780,-2.786040,-0.343350,0.138000,-0.380000,0.686000
9.849240,-3.060720,-0.049050,0.079000,-0.366000,0.714000
9.839430,-3.041100,0.372780,0.064000,-0.337000,0.753000
9.751140,-3.168630,0.196200,-0.022000,-0.332000,0.750000
9.643230,-3.031290,-0.206010,-0.037000,-0.314000,0.740000
8.976150,-2.736990,-0.166770,-0.076000,-0.379000,0.708000
9.133110,-3.296160,0.000000,-0.085000,-0.296000,0.649000
8.622990,-3.443310,-0.882900,-0.199000,-0.337000,0.735000
8.887860,-3.727800,-1.275300,-0.096000,-0.233000,0.853000
8.976150,-4.198680,-1.157580,-0.113000,-0.279000,0.846000
9.329310,-4.169250,-1.088910,-0.146000,-0.293000,0.786000
9.476460,-3.953430,-0.618030,-0.125000,-0.296000,0.716000
9.957150,-4.336020,-1.059480,-0.107000,-0.367000,0.652000
9.682470,-4.492980,-1.137960,-0.100000,-0.345000,0.658000
8.554320,-4.414500,-1.069290,-0.048000,-0.284000,0.696000
8.014770,-4.473360,-0.892710,-0.020000,-0.171000,0.739000
7.828380,-4.345830,-1.196820,-0.012000,0.019000,0.794000
8.093250,-4.306590,-1.461690,0.006000,0.127000,0.853000
8.485650,-4.375260,-1.461690,0.031000,0.189000,0.900000
8.495460,-4.120200,-1.549980,0.005000,0.222000,0.939000
8.446410,-4.218300,-1.589220,-0.007000,0.211000,1.005000
8.515080,-4.640130,-1.863900,0.021000,0.313000,1.039000
7.848000,-4.757850,-2.060100,-0.005000,0.428000,1.042000
7.514460,-4.797090,-1.952190,0.021000,0.594000,1.097000
7.700850,-5.012910,-1.863900,0.012000,0.618000,1.204000
7.131870,-5.140440,-1.618650,0.065000,0.503000,1.366000
7.161300,-4.787280,-1.383210,0.094000,0.537000,1.394000
7.681230,-4.659750,-1.667700,0.181000,0.559000,1.415001
8.152110,-5.267970,-1.363590,0.304000,0.330000,1.573001
7.897050,-5.513220,-0.529740,0.446000,0.094000,1.685001
7.141680,-5.807520,-0.206010,0.604000,0.036000,1.622001
6.808140,-6.847380,0.598410,0.758000,0.035000,1.462001
7.180920,-8.103060,0.510120,0.780000,-0.008000,1.370000
7.112250,-8.760330,0.304110,0.726000,-0.009000,1.334000
6.072390,-8.848620,0.235440,0.644000,-0.076000,1.338000
4.581270,-8.456220,-0.264870,0.540000,-0.082000,1.294000
3.031290,-8.142300,-0.068670,0.488000,-0.028000,1.223000
3.767040,-8.014770,0.362970,0.497000,0.047000,1.106000
4.169250,-7.367310,1.020240,0.499000,0.107000,1.019000
3.933810,-7.475220,0.559170,0.569000,0.316000,0.965000
3.217680,-7.965720,0.863280,0.644000,0.415000,1.027000
3.305970,-8.191350,1.265490,0.669000,0.376000,1.083000
3.855330,-8.387550,1.402830,0.660000,0.334000,1.082000
4.483170,-8.740710,1.069290,0.648000,0.350000,1.045000
4.218300,-9.015390,1.393020,0.659000,0.319000,1.008000
3.639510,-8.956530,1.903140,0.631000,0.339000,0.949000
3.256920,-8.995770,1.824660,0.576000,0.411000,0.875000
2.560410,-9.103680,1.157580,0.559000,0.417000,0.975000
2.383830,-9.417600,1.343970,0.566000,0.403000,1.099000
2.334780,-10.016010,1.520550,0.569000,0.439000,1.087000
2.266110,-10.800810,1.657890,0.526000,0.477000,1.048000
1.912950,-11.163780,1.962000,0.436000,0.487000,1.060000
1.814850,-11.114730,2.050290,0.315000,0.537000,1.055000
1.648080,-10.820430,2.609460,0.174000,0.571000,1.058000
1.530360,-10.437840,2.344590,0.037000,0.383000,1.097000
1.481310,-10.359360,2.030670,0.000000,0.182000,1.117000
1.667700,-10.526130,2.472120,-0.010000,0.140000,0.978000
1.589220,-10.467270,2.727180,-0.037000,0.156000,0.799000
1.549980,-9.329310,3.845520,-0.095000,0.165000,0.717000
1.343970,-7.769520,3.717990,0.000000,0.074000,0.736000
0.608220,-7.798950,3.747420,0.205000,0.147000,0.663000
-0.539550,-9.093870,3.188250,0.319000,0.269000,0.566000
-0.618030,-10.065060,3.335400,0.241000,0.377000,0.523000
0.127530,-9.937530,3.041100,0.102000,0.427000,0.573000
0.706320,-9.957150,2.648700,0.092000,0.338000,0.640000
0.510120,-9.986580,2.795850,0.055000,0.222000,0.634000
0.098100,-9.947340,3.158820,0.023000,0.134000,0.543000
-0.333540,-9.466650,3.247110,-0.014000,0.038000,0.485000
-0.735750,-9.466650,2.776230,0.044000,0.019000,0.449000
-1.226250,-9.888480,2.717370,0.093000,0.042000,0.401000
-1.088910,-10.163160,2.972430,0.061000,0.183000,0.302000
-1.236060,-10.182780,2.638890,-0.006000,0.244000,0.275000
-1.000620,-9.741330,2.599650,-0.028000,0.327000,0.336000
-0.774990,-9.201780,2.481930,-0.074000,0.341000,0.371000
-0.568980,-9.162540,2.481930,-0.086000,0.294000,0.325000
-0.461070,-9.211590,2.550600,-0.080000,0.199000,0.252000
-0.470880,-9.280260,2.442690,-0.106000,0.071000,0.170000
-0.706320,-9.682470,2.168010,-0.082000,-0.012000,0.136000
-0.735750,-9.682470,2.638890,-0.133000,-0.077000,0.112000
-0.990810,-9.623610,2.844900,-0.157000,-0.086000,0.147000
-1.108530,-9.721710,2.580030,-0.109000,-0.040000,0.201000
-0.931950,-9.594180,2.786040,-0.094000,-0.044000,0.188000
-0.706320,-9.358740,3.355020,-0.137000,-0.057000,0.147000
-0.912330,-9.407790,3.060720,-0.146000,-0.084000,0.114000
-1.216440,-9.976770,2.609460,-0.152000,-0.051000,0.063000
-1.442070,-10.192590,2.570220,-0.202000,-0.005000,-0.020000
-1.393020,-9.672660,3.149010,-0.254000,0.047000,-0.095000
-1.422450,-9.162540,2.893950,-0.269000,0.105000,-0.111000
-1.088910,-9.250830,2.040480,-0.222000,0.182000,-0.080000
-0.804420,-9.741330,1.834470,-0.185000,0.196000,-0.090000
-0.706320,-10.339740,1.893330,-0.167000,0.165000,-0.093000
-0.794610,-10.329930,2.109150,-0.245000,0.145000,-0.067000
-0.843660,-9.702090,1.952190,-0.345000,0.107000,-0.042000
-0.657270,-9.221400,1.697130,-0.343000,0.061000,-0.073000
-0.313920,-9.044820,1.589220,-0.306000,0.018000,-0.122000
0.156960,-9.201780,1.912950,-0.244000,-0.022000,-0.124000
0.019620,-9.496080,1.736370,-0.183000,-0.108000,-0.064000
-0.725940,-9.976770,1.706940,-0.161000,-0.098000,-0.069000
-1.363590,-10.084680,1.422450,-0.177000,0.015000,-0.104000
-1.265490,-9.898290,1.461690,-0.212000,0.102000,-0.128000
-0.519930,-9.545130,1.334160,-0.230000,0.107000,-0.105000
0.000000,-9.437220,1.236060,-0.190000,0.027000,-0.058000
0.068670,-9.427410,1.451880,-0.148000,-0.057000,-0.040000
-0.245250,-9.515700,1.638270,-0.124000,-0.100000,-0.059000
-0.608220,-9.731520,1.648080,-0.099000,-0.113000,-0.077000
-0.755370,-9.859050,1.432260,-0.097000,-0.105000,-0.082000
-0.725940,-9.878670,1.294920,-0.090000,-0.086000,-0.093000
-0.608220,-9.760950,1.294920,-0.087000,-0.062000,-0.094000
-0.588600,-9.584370,1.393020,-0.075000,-0.054000,-0.070000
-0.598410,-9.574560,1.432260,-0.054000,-0.038000,-0.055000
-0.588600,-9.721710,1.383210,-0.035000,-0.028000,-0.056000
-0.510120,-9.878670,1.432260,-0.029000,-0.022000,-0.062000
-0.421830,-9.780570,1.383210,-0.025000,-0.023000,-0.065000

