-.-.-
-3.099960,-11.811240,0.578790,0.520000,3.410001,0.301000
-2.825280,-11.232450,0.637650,0.598000,3.616001,0.175000
-1.236060,-10.869480,-0.539550,0.537000,3.933001,0.071000
1.785420,-11.928960,-1.000620,0.509000,4.242002,0.128000
2.766420,-10.918530,-0.137340,0.297000,4.032001,-0.038000
1.137960,-9.496080,-1.187010,0.000000,3.796001,-0.321000
0.618030,-9.005580,-0.362970,-0.065000,3.903001,-0.444000
1.245870,-10.123920,-0.637650,-0.128000,3.958001,-0.389000
1.677510,-11.585610,-0.441450,-0.165000,3.941001,-0.266000
1.706940,-11.605230,-0.196200,-0.235000,3.898001,-0.116000
2.334780,-10.545750,0.402210,-0.271000,3.752001,-0.047000
2.295540,-9.868860,0.412020,-0.320000,3.408001,-0.009000
2.226870,-9.348930,0.637650,-0.237000,3.181001,0.031000
2.511360,-8.750520,0.725940,-0.146000,2.873001,0.065000
2.835090,-8.230590,0.706320,-0.073000,2.500001,0.120000
2.952810,-7.867620,1.010430,-0.013000,2.187001,0.156000
2.668320,-7.514460,1.373400,0.042000,1.927001,0.193000
2.530980,-7.288830,1.540170,0.081000,1.735001,0.248000
2.481930,-7.102440,1.304730,0.099000,1.523001,0.324000
2.540790,-7.288830,0.981000,0.106000,1.232000,0.317000
2.805660,-7.632180,1.491120,0.135000,1.042000,0.213000
3.060720,-8.436600,1.069290,0.080000,1.061000,0.086000
2.864520,-9.505890,0.313920,0.042000,1.179000,0.050000
2.079720,-9.603990,-0.245250,-0.052000,1.141000,0.126000
2.933190,-9.427410,-0.912330,-0.071000,0.876000,0.211000
3.963240,-9.741330,-1.020240,-0.008000,0.497000,0.180000
3.325590,-10.104300,-1.461690,0.011000,0.093000,0.183000
1.216440,-9.221400,-1.442070,0.105000,-0.169000,0.189000
0.196200,-8.446410,-1.873710,0.183000,-0.507000,0.105000
-0.981000,-7.798950,-4.404690,-0.140000,-1.251000,-0.057000
-3.924000,-6.808140,-2.354400,-0.311000,-1.897001,-0.543000
-2.001240,-7.759710,0.529740,-0.808000,-0.558000,-1.095000
1.648080,-9.564750,-1.294920,-0.866000,0.662000,-1.037000
1.893330,-12.900150,-0.127530,-0.485000,0.466000,-0.215000
1.893330,-12.095730,-0.804420,-0.557000,0.116000,0.323000
1.128150,-11.252070,0.313920,-0.253000,-0.252000,0.342000
0.931950,-10.791000,1.765800,0.018000,-0.679000,0.096000
1.216440,-10.153350,0.912330,-0.038000,-1.082000,-0.099000
0.049050,-8.799570,0.343350,0.023000,-1.274000,-0.016000
-2.511360,-7.367310,0.843660,0.203000,-1.188000,0.209000
-3.668940,-5.817330,1.187010,0.393000,-0.801000,0.318000
-2.668320,-5.120820,1.206630,0.583000,-0.298000,0.166000
-0.922140,-5.160060,0.549360,0.663000,0.137000,-0.061000
-0.618030,-5.140440,0.196200,0.765000,0.192000,0.001000
-0.941760,-5.621130,0.058860,0.852000,0.166000,0.107000
0.490500,-6.435360,-0.676890,0.844000,0.308000,0.129000
2.099340,-7.063200,-2.069910,0.604000,0.387000,0.211000
2.001240,-6.376500,-1.932570,0.277000,0.340000,0.416000
2.374020,-6.356880,-1.922760,-0.014000,0.474000,0.526000
1.383210,-9.800190,-5.444550,-0.233000,-0.172000,0.767000
1.412640,-13.743810,-2.933190,-0.198000,-0.604000,0.737000
4.061340,-19.835820,-1.481310,-0.539000,-0.654000,0.341000
1.010430,-14.842530,0.667080,-0.270000,-1.252000,0.009000
-6.621750,-13.263120,4.188870,0.476000,-0.702000,-0.246000
-7.367310,-14.656140,3.668940,0.197000,0.639000,-0.059000
-2.305350,-16.284600,1.294920,0.170000,0.969000,0.312000
1.932570,-13.508370,0.833850,0.345000,1.034000,0.344000
4.492980,-9.760950,-0.068670,0.263000,0.808000,0.148000
4.571460,-7.190730,-1.118340,0.456000,0.203000,-0.028000
3.227490,-5.935050,1.353780,0.645000,-0.807000,-0.163000
1.608840,-6.356880,0.696510,0.496000,-1.104000,-0.172000
1.059480,-6.935670,-0.735750,0.489000,-0.982000,-0.134000
-0.421830,-6.101820,-1.128150,0.394000,-0.928000,-0.112000
-2.001240,-4.336020,-3.296160,0.231000,-1.160000,-0.052000
-3.178440,-3.865140,-3.561030,0.151000,-1.428001,-0.220000
-4.777470,-6.003720,-0.794610,0.132000,-1.208000,-0.455000
-2.295540,-12.017250,-3.492360,-0.438000,-0.220000,-0.644000
-4.905000,-25.721820,-3.443310,-1.277000,0.182000,-1.244000
-4.836330,-12.929580,-1.726560,-0.967000,1.647001,-0.666000
3.433500,-11.104920,2.403450,0.306000,1.208000,0.229000
7.220160,-15.185880,1.245870,0.207000,0.231000,0.461000
2.550600,-16.588710,1.461690,-0.264000,-0.118000,-0.139000
-0.608220,-14.724810,0.667080,-0.155000,-0.037000,-0.346000
-2.109150,-11.026440,0.382590,0.047000,0.294000,-0.176000
-3.109770,-8.377740,1.353780,0.283000,0.620000,0.145000
-3.256920,-7.033770,1.687320,0.348000,0.965000,0.170000
-2.079720,-6.376500,0.755370,0.365000,1.164000,-0.021000
-0.480690,-6.190110,0.068670,0.419000,1.272000,-0.203000
-0.088290,-6.042960,-0.206010,0.438000,1.395000,-0.245000
-0.784800,-5.984100,-0.264870,0.385000,1.548001,-0.131000
-1.020240,-6.347070,-0.078480,0.342000,1.745001,-0.058000
-0.009810,-6.523650,-0.529740,0.245000,1.757001,-0.025000
2.521170,-8.426790,-2.923380,-0.014000,1.715001,0.116000
2.874330,-8.740710,-3.413880,-0.121000,1.447001,0.299000
2.678130,-8.829000,-2.442690,-0.304000,1.599001,0.342000
2.835090,-11.507130,-3.825900,-0.597000,1.474001,0.597000
2.285730,-15.705810,-3.629700,-0.672000,0.420000,0.827000
3.237300,-17.716860,-2.275920,-0.673000,-0.317000,0.662000
2.570220,-15.382080,0.088290,-0.431000,-0.527000,0.189000
-2.207250,-12.537180,3.610080,0.036000,-0.308000,-0.095000
-5.375880,-12.350790,3.502170,0.002000,0.709000,-0.054000
-3.678750,-10.977390,1.540170,0.015000,1.467001,0.173000
-0.274680,-9.937530,1.343970,0.220000,1.523001,0.320000
3.374640,-7.848000,1.863900,0.324000,1.328000,0.318000
4.080960,-6.131250,1.363590,0.395000,0.948000,0.281000
2.158200,-5.748660,1.471500,0.458000,0.569000,0.302000
0.156960,-5.827140,1.589220,0.477000,0.540000,0.351000
-1.137960,-6.111630,1.549980,0.498000,0.747000,0.378000
-1.363590,-6.405930,1.353780,0.535000,1.086000,0.272000
-1.589220,-7.190730,0.902520,0.601000,1.438001,0.114000
-1.697130,-8.573940,0.892710,0.636000,1.817001,-0.002000
-1.638270,-9.378360,1.314540,0.609000,2.376001,0.013000
-0.333540,-9.917910,-0.107910,0.521000,2.865001,0.132000
-0.009810,-11.409030,-2.619270,0.279000,2.850001,0.001000
-0.539550,-11.409030,-3.315780,0.250000,2.536001,-0.359000
-0.647460,-11.075490,-1.903140,0.195000,2.374001,-0.644000
-0.225630,-11.830860,-1.363590,-0.015000,2.539001,-0.621000
-1.520550,-14.195070,-0.049050,-0.207000,2.839001,-0.461000
-4.120200,-17.658000,-0.313920,-0.401000,3.279001,-0.406000
-3.198060,-14.715000,0.892710,-0.117000,3.776001,-0.101000
0.402210,-12.968820,2.521170,0.111000,3.855001,0.244000
0.519930,-11.595420,2.629080,0.035000,3.734001,0.325000
-1.775610,-11.673900,2.805660,-0.067000,3.820001,0.142000
-2.756610,-11.497320,2.658510,-0.136000,4.250002,-0.028000
-1.559790,-9.996390,2.766420,-0.111000,4.614002,-0.056000
-0.696510,-8.338500,2.442690,-0.158000,4.813002,0.036000
-0.559170,-6.533460,2.069910,-0.216000,4.998002,0.142000
-0.951570,-5.640750,2.128770,-0.172000,4.955002,0.193000
-0.588600,-5.729040,1.137960,-0.110000,4.980002,0.034000
0.333540,-5.778090,0.971190,-0.075000,4.957002,-0.116000
1.461690,-4.865760,1.746180,-0.021000,4.869002,-0.099000
1.795230,-4.836330,0.716130,-0.003000,4.500002,-0.064000
1.520550,-6.347070,-0.716130,-0.049000,4.158001,-0.119000
1.039860,-7.298640,-1.648080,-0.138000,3.811001,-0.214000
1.500930,-7.298640,-1.020240,-0.261000,3.833001,-0.212000
2.354400,-9.859050,-0.814230,-0.253000,3.414001,-0.011000
0.549360,-14.136210,0.313920,-0.345000,3.290001,0.282000
0.098100,-18.462420,-1.402830,-0.632000,2.755001,0.653000

