-.-.-
-9.476460,-0.431640,2.687940,0.021000,0.018000,0.003000
-9.496080,-0.431640,2.678130,0.016000,0.013000,0.007000
-9.515700,-0.412020,2.697750,0.004000,0.018000,0.010000
-9.505890,-0.392400,2.678130,0.003000,0.023000,0.011000
-9.486270,-0.382590,2.658510,0.000000,0.021000,0.009000
-9.476460,-0.392400,2.609460,0.002000,0.010000,0.007000
-9.525510,-0.353160,2.560410,0.010000,0.017000,0.001000
-9.594180,-0.313920,2.226870,0.053000,0.044000,-0.011000
-9.702090,-0.284490,1.559790,0.146000,0.025000,-0.027000
-9.849240,-0.362970,1.481310,0.225000,-0.077000,-0.034000
-10.123920,-0.176580,2.521170,0.295000,-0.109000,-0.060000
-9.731520,-0.196200,2.354400,0.279000,0.100000,-0.144000
-9.692280,0.068670,1.589220,0.289000,0.000000,-0.160000
-9.348930,-0.019620,1.079100,0.266000,-0.121000,-0.221000
-9.025200,-0.323730,1.912950,0.045000,-0.291000,-0.312000
-8.995770,-0.206010,2.756610,-0.166000,-0.434000,-0.367000
-10.545750,-0.441450,2.550600,-0.375000,-0.466000,-0.430000
-11.212830,-1.187010,2.207250,-0.682000,-0.442000,-0.546000
-10.457460,-1.736370,2.089530,-0.852000,-0.453000,-0.724000
-9.986580,-1.559790,2.992050,-0.954000,-0.497000,-0.925000
-9.358740,-0.696510,3.355020,-1.080000,-0.445000,-1.017000
-10.428030,-0.519930,3.914190,-1.114000,-0.444000,-1.052000
-12.134970,-0.461070,4.581270,-0.997000,-0.090000,-1.108000
-12.772620,-0.843660,4.777470,-0.913000,0.344000,-1.202000
-11.703330,-1.020240,4.630320,-0.875000,0.614000,-1.255000
-11.320740,-0.941760,4.944240,-0.730000,0.676000,-1.301000
-10.967580,-1.187010,4.620510,-0.530000,0.878000,-1.391000
-10.457460,-1.618650,3.973050,-0.420000,1.033000,-1.442001
-8.887860,-1.873710,3.914190,-0.376000,1.127000,-1.419001
-7.406550,-2.864520,3.590460,-0.334000,1.027000,-1.352000
-6.111630,-3.639510,3.296160,-0.309000,0.870000,-1.256000
-6.513840,-3.973050,2.805660,-0.345000,0.588000,-1.182000
-6.886620,-4.218300,2.275920,-0.247000,0.479000,-1.164000
-8.279640,-4.394880,2.011050,-0.217000,0.418000,-1.098000
-8.534700,-4.679370,1.628460,-0.215000,0.441000,-0.985000
-7.524270,-4.512600,1.893330,-0.276000,0.413000,-0.812000
-7.210350,-4.267350,1.216440,-0.230000,0.440000,-0.620000
-8.466030,-4.571460,0.784800,-0.047000,0.495000,-0.534000
-9.947340,-5.483790,0.372780,0.076000,0.608000,-0.518000
-9.741330,-5.562270,-0.510120,0.160000,0.812000,-0.486000
-9.407790,-5.385690,-0.892710,0.184000,0.774000,-0.450000
-9.172350,-4.895190,-0.637650,0.244000,0.831000,-0.572000
-8.358120,-4.591080,-0.166770,0.318000,0.856000,-0.716000
-7.720470,-5.012910,-0.137340,0.301000,0.835000,-0.751000
-7.612560,-4.443930,-0.313920,0.352000,0.767000,-0.621000
-7.033770,-5.111010,0.431640,0.503000,0.746000,-0.684000
-6.052770,-6.602130,0.990810,0.536000,0.754000,-0.859000
-5.493600,-6.955290,1.393020,0.499000,0.652000,-0.964000
-5.562270,-5.679990,2.177820,0.518000,0.617000,-0.890000
-5.434740,-5.778090,1.049670,0.563000,0.531000,-0.810000
-5.022720,-6.052770,0.843660,0.627000,0.346000,-0.755000
-4.846140,-5.925240,1.549980,0.687000,0.089000,-0.762000
-5.336640,-6.121440,1.500930,0.731000,-0.145000,-0.740000
-6.896430,-6.464790,1.962000,0.766000,-0.321000,-0.666000
-8.289450,-6.651180,1.667700,0.749000,-0.282000,-0.642000
-8.505270,-7.112250,1.932570,0.751000,-0.084000,-0.683000
-8.868240,-7.946100,1.795230,0.611000,0.094000,-0.704000
-8.878050,-7.857810,2.364210,0.576000,0.317000,-0.694000
-8.063820,-7.406550,1.805040,0.529000,0.379000,-0.736000
-7.779330,-7.347690,1.883520,0.453000,0.363000,-0.745000
-6.474600,-7.112250,2.099340,0.363000,0.386000,-0.782000
-5.464170,-6.553080,1.304730,0.396000,0.541000,-0.876000
-5.611320,-7.102440,1.049670,0.387000,0.485000,-0.912000
-5.621130,-7.671420,0.745560,0.244000,0.379000,-0.903000
-4.698990,-7.710660,1.422450,0.098000,0.098000,-0.857000
-4.728420,-7.161300,1.442070,0.071000,-0.031000,-0.826000
-5.120820,-7.220160,1.059480,0.092000,0.080000,-0.862000
-5.787900,-8.279640,0.667080,0.087000,0.043000,-0.855000
-5.925240,-8.976150,0.882900,-0.073000,-0.022000,-0.812000
-5.513220,-8.770140,1.039860,-0.138000,-0.102000,-0.798000
-5.111010,-8.220780,0.372780,-0.238000,0.059000,-0.941000
-4.345830,-8.318880,-0.225630,-0.193000,0.145000,-1.100000
-4.110390,-8.897670,0.431640,-0.263000,0.014000,-1.083000
-3.816090,-9.182160,0.676890,-0.279000,-0.027000,-0.976000
-3.364830,-9.603990,0.510120,-0.227000,0.001000,-0.881000
-3.580650,-9.859050,0.892710,-0.211000,0.063000,-0.841000
-4.031910,-10.045440,0.774990,-0.195000,0.128000,-0.841000
-4.277160,-9.603990,0.657270,-0.203000,0.244000,-0.888000
-3.825900,-9.084060,0.431640,-0.204000,0.294000,-0.939000
-2.835090,-8.819190,0.421830,-0.201000,0.297000,-0.958000
-1.834470,-8.809380,0.470880,-0.174000,0.251000,-0.926000
-1.500930,-9.241020,0.343350,-0.135000,0.197000,-0.879000
-1.697130,-9.741330,0.255060,-0.120000,0.226000,-0.862000
-2.128770,-9.662850,0.696510,-0.120000,0.197000,-0.851000
-2.217060,-9.447030,0.598410,-0.096000,0.178000,-0.858000
-1.952190,-9.447030,0.441450,-0.076000,0.168000,-0.882000
-1.491120,-9.859050,0.107910,-0.088000,0.098000,-0.870000
-1.167390,-9.966960,0.402210,-0.133000,0.010000,-0.807000
-0.912330,-10.133730,0.402210,-0.149000,-0.130000,-0.696000
-1.098720,-10.378980,0.382590,-0.140000,-0.184000,-0.647000
-1.265490,-10.153350,0.941760,-0.194000,-0.320000,-0.639000
-1.226250,-10.378980,0.392400,-0.192000,-0.402000,-0.627000
-0.951570,-10.663470,0.667080,-0.192000,-0.402000,-0.609000
-0.892710,-10.329930,0.853470,-0.200000,-0.452000,-0.571000
-0.951570,-10.035630,0.431640,-0.181000,-0.417000,-0.547000
-0.774990,-9.692280,0.784800,-0.136000,-0.414000,-0.528000
-0.372780,-9.839430,0.676890,-0.103000,-0.353000,-0.514000
-0.215820,-9.623610,0.627840,-0.060000,-0.330000,-0.479000
-0.137340,-9.427410,0.451260,-0.019000,-0.352000,-0.410000
-0.313920,-8.976150,0.873090,-0.014000,-0.417000,-0.328000
-0.068670,-8.387550,0.470880,0.030000,-0.452000,-0.278000
-0.176580,-8.613180,-0.049050,0.095000,-0.513000,-0.250000
-0.206010,-9.643230,-0.343350,0.107000,-0.435000,-0.279000
-0.725940,-10.575180,-0.304110,0.066000,-0.354000,-0.321000
-1.402830,-10.889100,-0.451260,-0.003000,-0.229000,-0.286000
-1.530360,-10.722330,-0.451260,-0.088000,-0.109000,-0.217000
-1.236060,-10.271070,-0.372780,-0.147000,0.018000,-0.147000
-0.716130,-9.810000,-0.274680,-0.178000,0.081000,-0.093000
-0.372780,-9.878670,-0.313920,-0.192000,0.083000,-0.067000
-0.313920,-10.035630,-0.166770,-0.214000,0.072000,-0.084000
-0.412020,-9.947340,0.068670,-0.200000,0.052000,-0.126000
-0.470880,-9.760950,0.304110,-0.195000,0.093000,-0.161000
-0.196200,-9.525510,0.264870,-0.177000,0.165000,-0.161000
-0.166770,-9.437220,0.225630,-0.164000,0.170000,-0.127000
-0.304110,-9.505890,0.284490,-0.144000,0.168000,-0.106000
-0.519930,-9.849240,0.353160,-0.146000,0.138000,-0.094000
-0.608220,-10.016010,0.313920,-0.102000,0.131000,-0.085000
-0.647460,-10.016010,0.284490,-0.066000,0.139000,-0.077000
-0.657270,-10.016010,0.313920,-0.038000,0.162000,-0.047000
-0.647460,-9.839430,0.294300,-0.019000,0.190000,-0.010000
-0.667080,-9.878670,0.107910,0.015000,0.215000,0.035000
-0.627840,-9.859050,-0.049050,0.039000,0.228000,0.068000
-0.529740,-9.770760,-0.107910,0.054000,0.235000,0.072000
-0.421830,-9.672660,-0.137340,0.067000,0.235000,0.064000
-0.196200,-9.662850,-0.156960,0.069000,0.249000,0.062000
-0.088290,-9.594180,-0.235440,0.069000,0.221000,0.080000
0.009810,-9.672660,-0.284490,0.069000,0.201000,0.093000
0.029430,-9.760950,-0.294300,0.072000,0.171000,0.094000

