-.-.-
-3.443310,-11.261880,-1.039860,-0.353000,1.176000,0.482000
-3.198060,-12.115350,-1.373400,-0.340000,1.198000,0.617000
-3.982860,-11.958390,-1.079100,-0.358000,1.265000,0.723000
-3.855330,-11.664090,-1.118340,-0.414000,1.400001,0.825000
-3.806280,-12.066300,-1.432260,-0.442000,1.490001,0.913000
-3.619890,-14.224500,-2.383830,-0.510000,1.542001,0.982000
-3.786660,-14.695380,-2.472120,-0.788000,1.487001,0.927000
-3.178440,-13.282740,-3.129390,-0.984000,1.495001,0.863000
-2.884140,-12.919770,-3.305970,-1.166000,1.458001,0.788000
-2.589840,-13.429890,-4.120200,-1.387000,1.311000,0.657000
-3.070530,-13.096350,-4.640130,-1.678001,1.120000,0.524000
-3.531600,-12.674520,-4.865760,-1.919001,1.033000,0.478000
-3.413880,-12.556800,-4.708800,-2.119001,1.029000,0.452000
-1.962000,-12.017250,-4.188870,-2.212001,0.930000,0.452000
0.343350,-10.516320,-4.002480,-2.250001,0.826000,0.469000
0.686700,-8.681850,-4.031910,-2.253001,0.830000,0.456000
-1.049670,-7.838190,-4.542030,-2.173001,1.048000,0.307000
-1.196820,-7.730280,-4.277160,-2.026001,0.912000,0.239000
0.235440,-6.700230,-4.993290,-1.800001,0.830000,0.266000
1.805040,-6.494220,-5.395500,-1.752001,0.718000,0.208000
1.275300,-6.288210,-5.974290,-1.601001,0.722000,0.122000
0.431640,-5.670180,-6.268590,-1.434001,0.714000,-0.029000
-0.284490,-3.973050,-7.082820,-1.139000,0.806000,-0.323000
-0.667080,-2.864520,-6.827760,-0.853000,0.861000,-0.581000
0.519930,-2.383830,-6.562890,-0.533000,0.784000,-0.714000
2.236680,-2.589840,-6.347070,-0.265000,0.525000,-0.703000
2.334780,-2.717370,-6.258780,0.022000,0.330000,-0.624000
1.422450,-2.285730,-6.239160,0.304000,0.184000,-0.592000
0.588600,-2.540790,-6.798330,0.582000,0.099000,-0.583000
0.186390,-4.031910,-7.249590,0.801000,0.046000,-0.580000
0.000000,-5.415120,-7.220160,0.908000,-0.029000,-0.586000
0.461070,-6.327450,-7.445790,0.965000,-0.094000,-0.622000
0.696510,-6.925860,-7.779330,1.015000,-0.141000,-0.683000
0.892710,-7.171110,-7.965720,1.060000,-0.212000,-0.743000
0.843660,-7.269210,-7.730280,1.126000,-0.287000,-0.739000
1.020240,-7.524270,-7.229970,1.142000,-0.318000,-0.701000
1.314540,-7.534080,-6.425550,1.178000,-0.318000,-0.645000
1.540170,-7.161300,-5.925240,1.257000,-0.327000,-0.581000
1.206630,-7.200540,-5.238540,1.380000,-0.437000,-0.508000
0.863280,-7.583130,-4.934430,1.507001,-0.540000,-0.496000
0.696510,-7.740090,-4.571460,1.622001,-0.564000,-0.521000
0.765180,-7.416360,-3.806280,1.769001,-0.539000,-0.583000
0.824040,-7.308450,-2.756610,1.883001,-0.573000,-0.599000
1.167390,-7.190730,-2.324970,1.960001,-0.612000,-0.567000
1.667700,-7.171110,-1.648080,1.987001,-0.649000,-0.550000
2.207250,-7.504650,-1.216440,1.990001,-0.732000,-0.540000
2.109150,-7.161300,-1.137960,1.772001,-0.912000,-0.530000
1.343970,-7.151490,-1.471500,1.751001,-1.043000,-0.509000
0.264870,-7.112250,-1.461690,1.605001,-1.230000,-0.453000
-0.637650,-7.112250,-1.638270,1.423001,-1.275000,-0.381000
-0.735750,-7.220160,-1.883520,1.277000,-1.194000,-0.399000
-0.441450,-7.445790,-2.089530,1.097000,-0.995000,-0.438000
-0.215820,-8.014770,-2.619270,0.929000,-0.851000,-0.373000
0.166770,-8.191350,-2.393640,0.816000,-0.719000,-0.224000
0.961380,-8.269830,-2.717370,0.680000,-0.833000,-0.080000
1.599030,-8.436600,-2.629080,0.530000,-1.085000,0.040000
1.461690,-8.995770,-3.109770,0.311000,-1.460001,0.162000
0.215820,-9.250830,-2.393640,0.349000,-1.766001,0.208000
-1.255680,-10.840050,-0.559170,0.331000,-1.651001,0.179000
-1.500930,-11.713140,-1.039860,0.075000,-1.416001,0.175000
-1.363590,-11.948580,-1.343970,0.113000,-1.243000,0.203000
-1.746180,-11.379600,-1.069290,0.136000,-1.240000,0.204000
-2.246490,-9.859050,-0.098100,0.017000,-1.209000,0.225000
-2.197440,-8.367930,0.657270,0.072000,-1.057000,0.206000
-1.854090,-8.358120,0.951570,0.133000,-0.716000,0.160000
-1.706940,-9.456840,0.568980,0.192000,-0.420000,0.146000
-2.001240,-10.045440,0.402210,0.249000,-0.297000,0.174000
-2.374020,-9.427410,0.441450,0.319000,-0.122000,0.138000
-2.344590,-8.917290,0.618030,0.297000,0.096000,0.053000
-1.510740,-8.799570,0.372780,0.248000,0.206000,0.010000
-0.716130,-9.064440,0.078480,0.248000,0.183000,-0.005000
-0.500310,-9.505890,-0.088290,0.272000,0.027000,-0.006000
-0.568980,-9.721710,-0.362970,0.316000,-0.157000,-0.022000
-0.500310,-9.810000,-0.362970,0.355000,-0.293000,-0.084000
-0.568980,-9.721710,-0.392400,0.295000,-0.398000,-0.189000
-0.490500,-9.711900,-0.863280,0.192000,-0.457000,-0.238000
-0.147150,-10.016010,-1.187010,0.154000,-0.468000,-0.239000
0.637650,-10.810620,-1.726560,0.110000,-0.426000,-0.206000
0.990810,-11.644470,-1.402830,0.251000,-0.643000,-0.146000
-0.264870,-10.859670,-0.372780,0.251000,-0.797000,-0.144000
-1.893330,-9.437220,0.441450,0.193000,-0.562000,-0.199000
-2.619270,-8.583750,1.049670,0.144000,0.010000,-0.224000
-1.844280,-9.231210,1.108530,0.148000,0.506000,-0.198000
-0.245250,-10.594800,0.892710,0.146000,0.643000,-0.189000
1.137960,-11.281500,0.784800,0.101000,0.526000,-0.179000
1.863900,-10.800810,0.745560,0.113000,0.334000,-0.155000
2.011050,-9.731520,0.922140,0.163000,0.093000,-0.135000
1.471500,-8.730900,1.098720,0.199000,-0.125000,-0.144000
0.696510,-8.515080,1.216440,0.196000,-0.177000,-0.171000
0.215820,-9.554940,0.981000,0.176000,-0.085000,-0.195000
0.235440,-10.722330,0.578790,0.160000,0.020000,-0.177000
0.470880,-10.584990,0.490500,0.156000,0.075000,-0.150000
0.608220,-9.633420,0.568980,0.180000,0.088000,-0.105000
0.559170,-8.936910,0.725940,0.203000,0.056000,-0.079000
0.549360,-9.103680,1.049670,0.168000,0.038000,-0.080000
0.755370,-10.016010,1.226250,0.140000,0.046000,-0.069000
0.657270,-10.771380,1.314540,0.144000,0.060000,-0.033000
0.333540,-10.624230,1.245870,0.110000,0.133000,0.007000
0.088290,-10.035630,1.304730,0.077000,0.208000,0.034000
0.166770,-9.702090,1.432260,0.046000,0.287000,0.033000
0.441450,-9.800190,1.363590,0.026000,0.325000,0.027000
0.794610,-10.016010,1.255680,0.022000,0.278000,0.032000
1.010430,-9.976770,1.147770,0.016000,0.208000,0.039000
0.961380,-9.849240,1.059480,0.003000,0.150000,0.045000
0.735750,-9.741330,1.088910,-0.016000,0.100000,0.048000
0.510120,-9.711900,1.157580,-0.026000,0.093000,0.042000
0.421830,-9.800190,1.196820,-0.029000,0.100000,0.039000
0.461070,-9.849240,1.187010,-0.016000,0.076000,0.046000
0.588600,-9.849240,1.196820,0.006000,0.056000,0.048000
0.608220,-9.849240,1.167390,0.016000,0.012000,0.052000
0.568980,-9.868860,1.157580,-0.005000,-0.028000,0.051000
0.490500,-9.927720,1.137960,-0.014000,-0.027000,0.047000
0.382590,-9.957150,1.118340,-0.009000,-0.037000,0.046000
0.382590,-9.868860,1.118340,-0.010000,-0.039000,0.049000
0.421830,-9.800190,1.030050,-0.013000,-0.045000,0.049000
0.451260,-9.731520,0.941760,-0.006000,-0.081000,0.051000
0.490500,-9.711900,0.912330,-0.002000,-0.116000,0.050000
0.343350,-9.741330,0.961380,-0.001000,-0.148000,0.049000
0.176580,-9.790380,1.039860,-0.009000,-0.140000,0.054000
0.147150,-9.849240,1.049670,-0.007000,-0.145000,0.052000
0.196200,-9.859050,1.079100,-0.016000,-0.139000,0.046000
0.176580,-9.878670,1.088910,-0.032000,-0.111000,0.050000
0.107910,-9.849240,1.069290,-0.035000,-0.091000,0.053000
0.019620,-9.780570,1.069290,-0.024000,-0.077000,0.051000
0.009810,-9.780570,1.088910,-0.020000,-0.075000,0.051000
0.009810,-9.800190,1.137960,-0.019000,-0.071000,0.046000
0.009810,-9.810000,1.108530,-0.028000,-0.062000,0.047000
-0.049050,-9.800190,1.098720,-0.043000,-0.051000,0.055000

