-.-.-
-0.559170,-9.917910,1.147770,-0.102000,-0.017000,0.026000
-0.539550,-9.908100,0.882900,-0.106000,-0.041000,0.018000
-0.500310,-9.800190,0.833850,-0.062000,-0.065000,0.001000
-0.539550,-9.741330,0.971190,-0.026000,-0.084000,-0.007000
-0.627840,-9.770760,1.079100,-0.034000,-0.076000,-0.004000
-0.676890,-9.839430,1.088910,-0.048000,-0.059000,-0.007000
-0.637650,-9.829620,1.079100,-0.061000,-0.072000,0.007000
-0.686700,-9.957150,1.108530,-0.062000,-0.067000,0.011000
-0.755370,-10.025820,1.147770,-0.097000,-0.036000,0.006000
-0.794610,-9.819810,1.059480,-0.115000,-0.011000,0.000000
-0.853470,-9.731520,1.147770,-0.140000,0.016000,0.009000
-0.833850,-9.800190,0.941760,-0.157000,0.046000,0.031000
-0.814230,-9.810000,0.843660,-0.151000,0.022000,0.061000
-0.961380,-9.790380,0.863280,-0.135000,-0.011000,0.062000
-1.000620,-9.839430,0.922140,-0.124000,-0.030000,0.031000
-0.971190,-9.751140,0.912330,-0.106000,-0.051000,0.009000
-0.922140,-9.721710,1.020240,-0.089000,-0.070000,0.005000
-0.922140,-9.643230,1.030050,-0.065000,-0.107000,0.004000
-1.000620,-9.574560,1.098720,-0.033000,-0.143000,0.001000
-1.137960,-9.564750,1.147770,-0.010000,-0.142000,-0.004000
-1.196820,-9.545130,1.265490,0.013000,-0.112000,-0.002000
-1.108530,-9.505890,1.412640,0.029000,-0.087000,-0.013000
-0.922140,-9.486270,1.314540,0.043000,-0.080000,-0.009000
-0.824040,-9.466650,1.343970,0.072000,-0.114000,-0.013000
-0.794610,-9.505890,1.471500,0.088000,-0.143000,0.000000
-0.873090,-9.633420,1.579410,0.094000,-0.162000,0.017000
-0.863280,-9.849240,1.500930,0.081000,-0.182000,0.018000
-0.804420,-9.927720,1.373400,0.066000,-0.219000,0.004000
-0.824040,-9.996390,1.255680,0.064000,-0.287000,0.000000
-0.784800,-9.966960,1.334160,0.067000,-0.357000,-0.011000
-0.853470,-10.153350,1.206630,0.025000,-0.371000,-0.090000
-1.049670,-10.339740,0.794610,-0.003000,-0.356000,-0.176000
-0.706320,-10.114110,0.421830,0.038000,-0.311000,-0.254000
0.186390,-9.515700,0.657270,0.050000,-0.177000,-0.284000
0.421830,-8.966340,1.020240,-0.043000,-0.100000,-0.269000
-0.049050,-9.290070,0.725940,-0.161000,0.017000,-0.247000
-0.009810,-10.369170,0.451260,-0.140000,0.164000,-0.253000
0.117720,-10.683090,1.088910,0.051000,0.195000,-0.270000
0.735750,-9.554940,2.403450,0.245000,0.207000,-0.242000
1.373400,-9.231210,3.070530,0.218000,-0.022000,-0.198000
1.098720,-10.280880,2.815470,0.101000,-0.333000,-0.204000
0.490500,-11.016630,2.295540,-0.001000,-0.355000,-0.310000
-0.156960,-10.575180,1.971810,-0.038000,-0.225000,-0.392000
-0.833850,-9.564750,2.168010,-0.086000,-0.139000,-0.340000
-0.657270,-8.976150,2.099340,-0.155000,-0.080000,-0.242000
-0.274680,-9.093870,2.030670,-0.230000,-0.072000,-0.209000
0.078480,-8.985960,1.765800,-0.291000,0.016000,-0.196000
0.510120,-8.789760,1.687320,-0.239000,0.053000,-0.200000
0.814230,-8.760330,1.962000,-0.160000,0.003000,-0.184000
0.745560,-8.848620,2.256300,-0.109000,-0.126000,-0.110000
0.470880,-8.927100,2.530980,-0.076000,-0.227000,-0.019000
0.215820,-8.868240,2.893950,-0.103000,-0.219000,0.033000
-0.078480,-8.829000,2.844900,-0.137000,-0.148000,0.068000
-0.441450,-9.005580,2.707560,-0.135000,-0.110000,0.187000
-0.186390,-9.250830,2.491740,-0.105000,-0.061000,0.287000
0.186390,-9.456840,2.295540,-0.112000,-0.183000,0.344000
0.833850,-9.486270,2.148390,-0.108000,-0.338000,0.346000
1.059480,-9.525510,2.383830,-0.094000,-0.435000,0.207000
0.196200,-9.486270,2.982240,-0.023000,-0.386000,0.000000
-0.745560,-10.065060,3.825900,0.014000,-0.275000,-0.143000
-0.863280,-11.644470,4.159440,-0.020000,-0.024000,-0.246000
0.156960,-12.184020,3.482550,0.017000,0.145000,-0.242000
1.030050,-11.830860,3.413880,0.076000,0.030000,-0.074000
1.726560,-12.664710,4.326210,-0.169000,0.000000,0.059000
2.746800,-12.046680,0.755370,-0.149000,0.082000,0.134000
1.559790,-11.997630,-0.166770,0.051000,-0.278000,0.101000
-0.284490,-12.223260,-1.402830,0.124000,-0.253000,0.089000
-0.637650,-10.643850,-1.039860,0.254000,-0.176000,0.123000
-0.735750,-8.779950,-0.510120,0.197000,-0.181000,0.214000
0.382590,-8.309070,-0.421830,0.041000,-0.183000,0.190000
0.931950,-10.055250,-0.657270,-0.111000,-0.237000,0.055000
0.941760,-12.282120,-0.519930,-0.203000,-0.231000,-0.035000
0.863280,-11.978010,-0.578790,-0.165000,-0.245000,-0.060000
0.843660,-10.329930,-0.461070,-0.101000,-0.395000,0.003000
0.019620,-9.407790,0.078480,-0.117000,-0.469000,0.082000
-0.392400,-8.701470,0.029430,-0.110000,-0.402000,0.142000
-0.578790,-8.181540,-0.029430,-0.061000,-0.351000,0.208000
-1.059480,-7.671420,0.284490,0.007000,-0.210000,0.219000
-1.559790,-7.347690,0.814230,0.079000,-0.045000,0.221000
-1.991430,-7.328070,0.990810,0.088000,0.155000,0.238000
-2.001240,-7.592940,1.285110,0.096000,0.352000,0.271000
-1.903140,-7.573320,1.559790,0.069000,0.503000,0.259000
-1.608840,-7.328070,1.785420,0.054000,0.578000,0.181000
-1.108530,-7.122060,2.275920,0.039000,0.571000,0.074000
-0.323730,-7.043580,2.511360,0.025000,0.529000,-0.042000
0.323730,-8.103060,2.442690,0.050000,0.402000,-0.096000
0.225630,-9.584370,2.128770,-0.004000,0.265000,-0.120000
-0.264870,-10.702710,1.657890,-0.062000,0.315000,-0.200000
-0.667080,-11.781810,1.314540,-0.051000,0.362000,-0.176000
-0.784800,-11.899530,2.668320,0.003000,0.400000,-0.035000
-0.873090,-10.614420,3.816090,0.088000,0.518000,-0.014000
-1.520550,-10.339740,4.561650,0.157000,0.633000,-0.020000
-2.344590,-11.546370,3.217680,0.149000,0.671000,0.092000
-1.863900,-14.401080,2.717370,0.427000,0.574000,0.313000
-2.354400,-12.998250,3.855330,0.545000,0.242000,0.287000
-1.236060,-11.811240,0.931950,0.598000,0.484000,0.068000
1.549980,-11.036250,-0.156960,0.241000,0.738000,-0.163000
3.149010,-10.388790,-2.050290,0.175000,0.493000,-0.125000
1.991430,-9.800190,-2.648700,0.165000,0.264000,0.068000
-0.156960,-9.329310,-1.893330,0.298000,0.109000,0.152000
-1.510740,-10.202400,-0.863280,0.202000,0.009000,0.056000
-1.079100,-11.909340,-0.284490,0.105000,0.058000,-0.082000
-0.353160,-12.046680,0.117720,0.108000,0.244000,-0.251000
-0.362970,-10.653660,0.362970,0.109000,0.373000,-0.322000
-0.019620,-9.937530,0.667080,0.060000,0.420000,-0.330000
0.412020,-9.162540,0.274680,-0.017000,0.428000,-0.362000
0.873090,-7.985340,0.274680,-0.038000,0.414000,-0.402000
0.833850,-7.249590,0.313920,-0.056000,0.327000,-0.366000
0.618030,-7.092630,0.706320,-0.065000,0.171000,-0.250000
0.637650,-7.102440,1.108530,-0.067000,0.068000,-0.153000
0.735750,-7.171110,1.236060,-0.057000,0.021000,-0.129000
0.804420,-7.151490,1.226250,-0.034000,-0.039000,-0.111000
0.343350,-7.357500,1.844280,0.057000,-0.111000,-0.064000
0.490500,-7.337880,2.786040,0.167000,-0.086000,-0.030000
0.470880,-7.641990,3.394260,0.223000,-0.116000,0.049000
0.284490,-8.426790,3.227490,0.173000,-0.222000,0.171000
0.431640,-9.662850,3.090150,0.054000,-0.220000,0.175000
0.863280,-10.388790,2.344590,-0.150000,-0.087000,0.065000
0.990810,-11.026440,2.226870,-0.217000,-0.144000,0.078000
0.637650,-11.428650,2.766420,-0.118000,-0.210000,0.096000
-0.019620,-11.193210,4.237920,0.058000,-0.260000,0.003000
0.039240,-9.917910,5.748660,0.292000,-0.366000,-0.013000
0.696510,-10.683090,3.413880,0.299000,-0.561000,0.107000
0.637650,-13.861530,5.366070,-0.234000,-0.152000,-0.015000
1.167390,-11.516940,-0.284490,0.176000,0.279000,-0.038000
0.235440,-11.222640,-2.148390,0.131000,-0.192000,0.028000
-1.912950,-11.369790,-2.982240,-0.025000,-0.119000,-0.282000
-1.049670,-9.123300,-1.893330,0.055000,-0.271000,-0.307000

