-.-.-
-0.058860,-9.741330,-1.657890,0.011000,-0.024000,-0.006000
-0.078480,-9.711900,-1.648080,0.007000,-0.013000,-0.003000
-0.088290,-9.711900,-1.667700,0.002000,0.005000,0.000000
-0.049050,-9.741330,-1.667700,0.000000,0.016000,0.001000
-0.029430,-9.751140,-1.687320,-0.001000,0.016000,0.003000
-0.029430,-9.721710,-1.687320,-0.001000,0.011000,0.003000
-0.039240,-9.692280,-1.687320,-0.003000,0.014000,0.003000
-0.039240,-9.682470,-1.687320,-0.004000,0.017000,0.005000
-0.039240,-9.741330,-1.697130,-0.002000,0.017000,0.002000
-0.019620,-9.760950,-1.667700,0.004000,0.013000,0.000000
-0.009810,-9.741330,-1.638270,0.008000,0.014000,0.003000
-0.049050,-9.721710,-1.648080,0.005000,0.015000,0.008000
-0.049050,-9.721710,-1.667700,0.000000,0.017000,0.007000
-0.029430,-9.721710,-1.677510,-0.002000,0.019000,0.003000
-0.009810,-9.692280,-1.667700,0.000000,0.015000,0.001000
-0.039240,-9.692280,-1.667700,0.003000,0.012000,0.002000
-0.049050,-9.721710,-1.677510,0.008000,0.017000,0.000000
-0.039240,-9.741330,-1.667700,0.009000,0.023000,0.000000
-0.019620,-9.721710,-1.667700,0.004000,0.020000,0.002000
0.000000,-9.702090,-1.667700,0.002000,0.017000,0.006000
0.000000,-9.741330,-1.657890,0.004000,0.017000,0.008000
-0.019620,-9.770760,-1.677510,0.002000,-0.005000,0.002000
-0.039240,-9.741330,-1.657890,0.000000,-0.003000,-0.002000
0.000000,-9.711900,-1.677510,0.000000,-0.014000,-0.005000
0.009810,-9.692280,-1.648080,0.002000,-0.015000,-0.002000
-0.039240,-9.731520,-1.667700,0.000000,-0.008000,0.002000
-0.068670,-9.731520,-1.687320,0.002000,-0.003000,0.000000
-0.019620,-9.721710,-1.677510,0.005000,-0.007000,-0.005000
0.000000,-9.702090,-1.687320,0.004000,-0.002000,-0.006000
-0.039240,-9.711900,-1.657890,0.005000,0.000000,-0.003000
-0.068670,-9.721710,-1.648080,0.006000,0.003000,-0.002000
-0.068670,-9.760950,-1.657890,0.008000,0.012000,0.001000
-0.009810,-9.751140,-1.638270,0.007000,0.015000,0.003000
0.019620,-9.741330,-1.667700,0.000000,0.003000,0.002000
0.019620,-9.741330,-1.667700,0.000000,-0.004000,0.003000
-0.019620,-9.731520,-1.667700,0.003000,-0.003000,0.003000
-0.058860,-9.721710,-1.648080,0.003000,0.000000,0.001000
-0.058860,-9.711900,-1.638270,0.003000,-0.001000,0.000000
-0.029430,-9.721710,-1.648080,0.003000,0.000000,-0.001000
0.000000,-9.702090,-1.657890,0.004000,0.003000,0.000000
-0.009810,-9.702090,-1.648080,0.007000,0.000000,0.002000
-0.019620,-9.731520,-1.628460,0.008000,-0.002000,0.002000
-0.019620,-9.760950,-1.599030,0.005000,-0.001000,0.000000
-0.019620,-9.770760,-1.608840,0.003000,-0.005000,-0.003000
-0.009810,-9.731520,-1.599030,0.001000,-0.007000,-0.004000
0.000000,-9.731520,-1.628460,0.002000,-0.006000,-0.004000
0.000000,-9.741330,-1.638270,0.002000,-0.010000,-0.001000
-0.009810,-9.711900,-1.638270,-0.001000,-0.012000,-0.001000
-0.019620,-9.702090,-1.638270,0.002000,-0.009000,-0.001000
-0.049050,-9.731520,-1.618650,0.002000,-0.007000,-0.002000
-0.049050,-9.780570,-1.628460,0.001000,0.000000,-0.005000
-0.019620,-9.760950,-1.589220,-0.001000,0.000000,0.001000
0.000000,-9.731520,-1.599030,0.000000,-0.001000,0.005000
-0.019620,-9.741330,-1.569600,0.003000,0.003000,0.004000
-0.039240,-9.751140,-1.608840,-0.006000,0.013000,-0.001000
-0.029430,-9.731520,-1.628460,-0.006000,0.014000,-0.001000
-0.009810,-9.741330,-1.608840,0.000000,0.010000,0.002000
-0.029430,-9.741330,-1.608840,0.006000,0.009000,0.006000
-0.039240,-9.711900,-1.599030,0.009000,0.010000,0.007000
-0.019620,-9.721710,-1.599030,0.005000,0.011000,0.002000
-0.019620,-9.731520,-1.589220,0.006000,0.014000,0.000000
0.000000,-9.741330,-1.579410,0.005000,0.010000,0.001000
-0.019620,-9.751140,-1.549980,0.005000,0.004000,0.005000
-0.019620,-9.760950,-1.540170,0.004000,0.001000,0.004000
-0.029430,-9.751140,-1.540170,0.001000,0.005000,0.002000
-0.019620,-9.741330,-1.559790,0.002000,0.003000,0.001000
-0.019620,-9.751140,-1.569600,-0.002000,0.000000,0.003000
-0.019620,-9.741330,-1.579410,-0.006000,0.000000,0.006000
-0.029430,-9.751140,-1.540170,0.000000,-0.005000,0.005000
-0.029430,-9.760950,-1.540170,0.004000,-0.007000,0.003000
-0.019620,-9.751140,-1.540170,0.005000,-0.004000,0.000000
-0.029430,-9.741330,-1.540170,0.000000,-0.005000,-0.001000
-0.039240,-9.760950,-1.510740,-0.002000,-0.008000,-0.002000
-0.029430,-9.741330,-1.520550,0.000000,-0.002000,-0.002000
-0.009810,-9.731520,-1.500930,0.001000,0.000000,-0.002000
0.000000,-9.760950,-1.520550,0.002000,-0.004000,0.000000
0.000000,-9.780570,-1.500930,0.001000,-0.007000,0.000000
-0.039240,-9.760950,-1.491120,0.000000,-0.008000,-0.001000
-0.049050,-9.751140,-1.520550,0.002000,-0.003000,0.000000
-0.009810,-9.731520,-1.481310,0.003000,-0.002000,0.000000
0.009810,-9.751140,-1.491120,-0.001000,-0.008000,0.000000
0.000000,-9.741330,-1.471500,0.003000,-0.010000,0.000000
-0.058860,-9.780570,-1.461690,0.002000,-0.010000,0.000000
-0.068670,-9.760950,-1.500930,0.001000,-0.004000,0.001000
-0.039240,-9.741330,-1.491120,0.002000,-0.003000,-0.001000
-0.019620,-9.741330,-1.491120,-0.001000,0.000000,-0.002000
-0.019620,-9.770760,-1.491120,-0.001000,0.000000,-0.002000
-0.039240,-9.760950,-1.491120,-0.001000,0.000000,-0.001000
-0.068670,-9.770760,-1.500930,-0.002000,0.004000,0.000000
-0.068670,-9.741330,-1.481310,-0.003000,0.010000,0.001000
-0.058860,-9.741330,-1.491120,-0.006000,0.009000,0.000000
-0.039240,-9.741330,-1.471500,-0.008000,0.009000,-0.001000
-0.019620,-9.770760,-1.471500,-0.008000,0.012000,0.001000
-0.019620,-9.780570,-1.481310,-0.010000,0.011000,0.003000
-0.039240,-9.780570,-1.481310,-0.007000,0.006000,0.003000
-0.068670,-9.770760,-1.491120,-0.008000,0.006000,0.001000
-0.049050,-9.692280,-1.530360,-0.003000,0.008000,0.000000
-0.019620,-9.731520,-1.461690,-0.004000,0.006000,-0.001000
0.009810,-9.760950,-1.471500,-0.008000,0.002000,0.000000
-0.039240,-9.780570,-1.461690,-0.006000,0.002000,0.000000
-0.088290,-9.770760,-1.461690,-0.006000,0.006000,-0.001000
-0.029430,-9.760950,-1.461690,-0.008000,0.008000,-0.002000
0.000000,-9.731520,-1.471500,-0.008000,0.006000,-0.003000
0.000000,-9.741330,-1.442070,-0.003000,0.002000,0.002000
-0.009810,-9.751140,-1.422450,0.004000,-0.011000,0.004000
-0.049050,-9.829620,-1.412640,0.003000,-0.010000,0.001000
-0.058860,-9.839430,-1.432260,0.003000,-0.009000,-0.008000
-0.019620,-9.790380,-1.402830,-0.003000,-0.004000,-0.010000
-0.009810,-9.741330,-1.422450,-0.004000,-0.010000,-0.004000
-0.049050,-9.721710,-1.393020,0.000000,-0.008000,0.002000
-0.088290,-9.751140,-1.451880,0.000000,-0.004000,0.000000
-0.058860,-9.760950,-1.451880,0.004000,-0.002000,-0.009000
-0.019620,-9.780570,-1.442070,0.003000,-0.001000,-0.007000
-0.019620,-9.760950,-1.442070,0.001000,-0.004000,-0.003000
-0.049050,-9.760950,-1.422450,0.000000,-0.009000,0.000000
-0.078480,-9.790380,-1.422450,0.000000,-0.005000,-0.004000
-0.068670,-9.800190,-1.432260,-0.002000,0.000000,-0.006000
-0.039240,-9.770760,-1.422450,-0.007000,-0.002000,-0.005000
0.000000,-9.760950,-1.451880,-0.012000,-0.005000,0.000000
-0.049050,-9.760950,-1.412640,-0.008000,0.000000,0.005000
-0.098100,-9.760950,-1.422450,-0.006000,0.004000,0.004000
-0.068670,-9.770760,-1.432260,0.000000,0.004000,0.000000
0.000000,-9.760950,-1.422450,-0.002000,0.003000,-0.001000
-0.019620,-9.770760,-1.412640,-0.006000,0.001000,0.001000
-0.068670,-9.790380,-1.422450,-0.006000,-0.001000,0.003000
-0.068670,-9.790380,-1.422450,-0.004000,-0.003000,0.002000
-0.029430,-9.760950,-1.422450,-0.004000,-0.004000,0.000000
-0.019620,-9.741330,-1.402830,-0.006000,-0.005000,-0.001000

