-.-.-
-0.922140,-7.955910,1.294920,-0.079000,0.403000,0.127000
-0.412020,-7.798950,1.697130,-0.001000,0.413000,0.092000
-0.392400,-7.995150,1.883520,0.073000,0.402000,0.015000
-0.696510,-7.936290,1.971810,0.114000,0.401000,-0.059000
-0.814230,-7.818570,2.344590,0.154000,0.457000,-0.104000
-1.079100,-8.279640,2.540790,0.184000,0.503000,-0.135000
-1.245870,-9.280260,1.854090,0.166000,0.623000,-0.168000
-0.922140,-10.859670,0.951570,0.144000,0.770000,-0.074000
0.461070,-11.713140,1.245870,0.177000,0.889000,0.058000
0.863280,-12.174210,1.275300,0.180000,0.516000,0.176000
0.313920,-12.164400,2.334780,0.170000,0.047000,0.302000
-1.196820,-10.830240,3.482550,0.192000,-0.147000,0.161000
-2.530980,-10.604610,3.404070,0.352000,-0.052000,0.013000
-2.197440,-12.027060,2.099340,0.537000,0.202000,0.052000
-0.755370,-12.694140,1.373400,0.947000,0.074000,0.342000
1.079100,-13.174830,-0.402210,0.654000,-0.198000,0.440000
2.766420,-11.448270,-2.844900,0.052000,0.149000,0.269000
1.559790,-9.505890,-3.305970,-0.089000,0.052000,0.165000
-1.510740,-9.142920,-1.471500,-0.153000,-0.009000,0.185000
-2.481930,-10.594800,-0.598410,-0.140000,0.256000,0.107000
-1.589220,-11.271690,-0.186390,-0.183000,0.424000,-0.010000
0.294300,-10.408410,1.000620,-0.198000,0.399000,-0.042000
1.079100,-9.201780,1.481310,-0.197000,0.244000,-0.064000
1.255680,-8.328690,1.785420,-0.150000,0.166000,-0.077000
1.069290,-7.887240,1.726560,-0.174000,0.066000,-0.074000
0.519930,-7.848000,1.500930,-0.176000,-0.071000,-0.075000
0.294300,-8.220780,1.481310,-0.142000,-0.157000,-0.075000
0.539550,-8.112870,1.393020,-0.105000,-0.250000,-0.050000
0.500310,-7.946100,1.402830,-0.076000,-0.352000,0.027000
0.343350,-7.416360,1.638270,-0.074000,-0.389000,0.129000
0.618030,-7.465410,2.040480,0.024000,-0.386000,0.118000
0.608220,-7.906860,2.315160,0.116000,-0.371000,0.097000
0.725940,-8.809380,1.854090,0.144000,-0.486000,0.092000
0.421830,-8.956530,2.324970,0.165000,-0.517000,0.135000
0.225630,-9.819810,2.305350,0.174000,-0.506000,0.114000
-1.236060,-10.908720,1.422450,0.155000,-0.418000,0.118000
-2.177820,-11.350170,1.432260,0.160000,-0.048000,0.160000
-2.324970,-9.908100,3.286350,0.352000,0.216000,0.227000
0.176580,-9.868860,4.443930,0.544000,-0.001000,0.252000
1.491120,-11.948580,3.708180,0.605000,-0.296000,0.038000
1.451880,-14.067540,2.128770,0.691000,-0.156000,-0.161000
-1.177200,-14.803290,-0.794610,0.270000,-0.295000,-0.306000
-4.159440,-13.851720,-4.080960,0.110000,-0.256000,-0.584000
-3.394260,-9.702090,-3.325590,-0.079000,0.141000,-0.786000
1.079100,-7.524270,-1.226250,0.135000,0.928000,-0.611000
2.315160,-10.114110,-0.323730,0.283000,1.030000,-0.387000
1.363590,-13.753620,-0.716130,0.187000,0.918000,-0.243000
-0.176580,-11.997630,0.667080,0.037000,0.972000,-0.234000
-0.873090,-9.682470,1.030050,0.033000,1.060000,-0.149000
-1.491120,-8.348310,0.863280,-0.054000,1.131000,-0.049000
-0.912330,-7.259400,0.882900,-0.095000,1.271000,-0.018000
-0.451260,-7.279020,1.167390,-0.080000,1.307000,-0.005000
-0.627840,-7.975530,1.765800,-0.084000,1.449001,-0.014000
-0.931950,-8.583750,1.873710,-0.153000,1.650001,-0.104000
-1.049670,-8.407170,1.687320,-0.187000,1.685001,-0.237000
-0.529740,-8.152110,1.559790,-0.201000,1.628001,-0.306000
0.245250,-7.808760,1.030050,-0.170000,1.530001,-0.315000
0.441450,-7.906860,2.207250,-0.041000,1.572001,-0.303000
-0.323730,-8.377740,2.481930,0.129000,1.589001,-0.377000
-0.755370,-8.907480,1.971810,0.079000,1.520001,-0.499000
-0.431640,-8.829000,2.825280,0.132000,1.753001,-0.534000
0.029430,-9.093870,2.374020,0.165000,1.887001,-0.450000
0.441450,-10.653660,2.158200,0.222000,1.720001,-0.254000
0.637650,-11.242260,1.883520,0.195000,1.510001,-0.106000
0.441450,-9.976770,1.873710,0.124000,1.422001,-0.024000
1.177200,-9.957150,1.010430,-0.034000,1.790001,-0.107000
3.364830,-12.066300,-1.814850,0.127000,2.103001,-0.045000
2.746800,-13.488750,-2.118960,-0.264000,1.963001,0.314000
0.794610,-13.125780,-1.432260,-0.289000,1.908001,0.580000
-0.568980,-11.791620,-1.236060,-0.297000,1.725001,0.582000
0.490500,-12.448890,0.274680,-0.067000,1.875001,0.121000
0.951570,-13.998870,0.333540,-0.057000,1.832001,-0.143000
-0.117720,-12.674520,1.893330,-0.049000,1.766001,-0.213000
-0.107910,-11.203020,2.599650,-0.070000,2.005001,-0.213000
0.490500,-10.143540,2.364210,-0.086000,2.393001,-0.284000
1.530360,-9.447030,1.805040,-0.103000,2.382001,-0.284000
1.657890,-8.426790,1.530360,-0.159000,2.185001,-0.245000
1.079100,-7.563510,1.255680,-0.164000,2.086001,-0.175000
0.981000,-6.945480,1.608840,-0.177000,2.121001,-0.040000
1.412640,-7.023960,1.187010,-0.164000,2.203001,0.040000
1.981620,-7.730280,1.373400,-0.096000,2.203001,0.099000
2.040480,-8.083440,1.363590,-0.058000,2.117001,0.175000
1.667700,-8.367930,1.255680,0.015000,2.039001,0.222000
1.079100,-8.691660,1.942380,0.120000,2.050001,0.216000
1.206630,-8.927100,2.550600,0.196000,2.118001,0.190000
1.873710,-9.231210,3.217680,0.327000,2.180001,0.233000
2.952810,-10.280880,2.874330,0.379000,2.161001,0.314000
2.678130,-10.741950,2.491740,0.397000,1.980001,0.447000
1.942380,-10.271070,2.629080,0.462000,1.605001,0.586000
1.422450,-10.280880,2.933190,0.485000,1.273000,0.558000
1.255680,-12.596040,1.716750,0.506000,1.387000,0.357000
-0.510120,-15.754860,-1.334160,0.299000,1.965001,0.124000
-3.070530,-11.556180,-0.333540,0.417000,1.976001,0.198000
-0.990810,-8.338500,-0.765180,0.407000,1.996001,0.209000
1.608840,-9.692280,-1.108530,0.249000,2.198001,-0.269000
1.304730,-12.174210,-1.196820,0.103000,2.471001,-0.480000
-0.196200,-11.595420,-1.353780,-0.060000,2.672001,-0.385000
-0.990810,-10.791000,-0.814230,-0.214000,2.770001,-0.232000
-0.951570,-10.104300,-0.657270,-0.178000,2.832001,-0.196000
-0.461070,-10.114110,0.166770,-0.022000,2.942001,-0.254000
-0.971190,-9.554940,0.156960,-0.014000,2.940001,-0.236000
-1.461690,-9.084060,0.284490,-0.062000,2.871001,-0.192000
-1.677510,-8.789760,0.510120,-0.107000,3.082001,-0.195000
-1.844280,-8.485650,0.716130,-0.080000,3.267001,-0.015000
-1.373400,-9.721710,0.676890,-0.046000,3.144001,0.270000
-0.147150,-10.398600,0.990810,-0.022000,2.985001,0.333000
0.284490,-9.231210,0.990810,-0.049000,2.800001,0.220000
-0.186390,-8.868240,1.343970,-0.017000,2.665001,0.186000
-0.137340,-8.701470,1.814850,0.057000,2.532001,0.182000
1.157580,-8.829000,1.746180,0.089000,2.403001,0.187000
2.187630,-8.936910,1.530360,0.087000,2.002001,0.189000
1.657890,-9.123300,1.471500,0.028000,1.682001,0.141000
1.098720,-9.113490,1.255680,0.055000,1.501001,0.055000
0.313920,-9.260640,1.579410,0.078000,1.264000,0.010000
0.107910,-9.466650,1.706940,0.149000,1.265000,-0.004000
0.333540,-10.104300,1.363590,0.282000,1.137000,0.092000
0.372780,-10.987200,2.001240,0.379000,1.121000,0.119000
0.510120,-11.683710,1.795230,0.457000,1.079000,0.026000
0.078480,-11.134350,2.217060,0.557000,0.881000,-0.125000
-0.470880,-10.741950,2.530980,0.628000,0.857000,-0.257000
-0.480690,-11.085300,1.677510,0.710000,0.964000,-0.379000
0.676890,-14.185260,-0.431640,0.999000,1.114000,-0.219000
0.186390,-13.321980,-2.481930,0.699000,1.026000,0.092000
-0.931950,-11.095110,-3.472740,0.623000,1.276000,0.015000
-1.216440,-9.270450,-4.022100,0.306000,1.617001,-0.180000
-1.265490,-9.113490,-2.570220,0.178000,1.809001,-0.167000
-1.118340,-10.673280,-1.010430,0.117000,1.506001,0.075000
0.794610,-11.811240,-1.334160,0.130000,1.188000,0.037000

