-.-.-
0.372780,-10.398600,0.392400,-0.057000,3.057001,0.128000
0.451260,-8.868240,1.039860,-0.011000,3.126001,0.123000
1.147770,-7.818570,1.098720,-0.034000,3.133001,0.110000
2.011050,-7.485030,0.941760,-0.111000,3.103001,0.147000
3.109770,-8.171730,0.186390,-0.249000,2.906001,0.248000
3.786660,-8.436600,-0.500310,-0.284000,2.534001,0.342000
3.619890,-8.416980,-0.510120,-0.226000,2.161001,0.386000
2.697750,-8.161920,-0.009810,-0.132000,1.745001,0.436000
1.981620,-8.573940,1.304730,0.042000,1.418001,0.398000
1.687320,-9.250830,1.500930,0.031000,1.239000,0.303000
2.403450,-9.623610,0.755370,-0.080000,1.201000,0.249000
3.315780,-9.741330,0.431640,-0.088000,1.004000,0.331000
3.737610,-9.319500,1.049670,0.175000,0.656000,0.395000
3.767040,-10.025820,1.785420,0.233000,0.522000,0.250000
2.884140,-10.741950,1.491120,0.189000,0.353000,0.168000
1.991430,-11.114730,1.873710,0.339000,0.386000,0.074000
1.177200,-11.085300,1.599030,0.401000,0.330000,0.122000
-0.098100,-12.046680,-0.568980,0.381000,0.112000,0.145000
-0.578790,-14.508990,-2.913570,0.332000,0.570000,-0.217000
-1.020240,-12.350790,-2.874330,0.465000,0.761000,-0.346000
-0.382590,-10.084680,-2.128770,0.213000,0.638000,0.011000
0.382590,-12.429270,-2.795850,-0.094000,0.787000,-0.056000
0.814230,-13.959630,-2.619270,-0.218000,0.854000,-0.204000
2.491740,-12.272310,-2.324970,-0.137000,1.162000,-0.290000
2.736990,-10.673280,-2.560410,-0.191000,1.217000,-0.191000
1.206630,-10.261260,-1.795230,-0.180000,1.034000,0.132000
0.088290,-9.054630,-0.902520,-0.124000,1.019000,0.223000
-0.215820,-8.063820,-0.647460,-0.049000,1.111000,0.179000
-0.804420,-7.730280,-0.745560,-0.051000,1.273000,0.186000
-1.059480,-7.435980,-0.794610,-0.038000,1.458001,0.343000
-0.824040,-7.759710,-0.696510,-0.033000,1.530001,0.475000
-0.362970,-8.014770,-0.333540,0.002000,1.390000,0.509000
0.323730,-7.985340,-0.127530,0.146000,1.225000,0.432000
1.137960,-7.641990,0.127530,0.290000,0.918000,0.281000
1.589220,-7.887240,0.323730,0.315000,0.513000,0.186000
1.069290,-8.318880,0.441450,0.236000,0.360000,0.147000
0.559170,-8.299260,-0.107910,0.147000,0.397000,0.121000
-0.304110,-9.211590,0.274680,0.296000,0.149000,0.180000
0.480690,-10.447650,1.167390,0.434000,0.026000,0.266000
1.049670,-11.830860,2.158200,0.474000,-0.079000,0.137000
0.049050,-11.330550,1.903140,0.431000,-0.139000,-0.029000
-0.098100,-10.310310,1.638270,0.456000,0.060000,-0.168000
1.020240,-11.252070,-2.707560,0.258000,0.285000,-0.170000
1.039860,-13.165020,-5.081580,0.338000,0.010000,0.236000
0.333540,-12.027060,-3.698370,0.422000,-0.260000,0.506000
-0.107910,-11.144160,-3.561030,0.113000,-0.111000,0.256000
-0.323730,-12.929580,-2.648700,-0.061000,0.306000,-0.105000
0.657270,-13.488750,-2.393640,0.045000,0.325000,-0.119000
0.078480,-11.978010,-1.667700,0.184000,-0.043000,0.025000
-0.313920,-10.820430,-0.931950,0.188000,-0.314000,0.044000
0.039240,-9.770760,-0.245250,0.131000,-0.385000,-0.103000
0.313920,-8.377740,-0.412020,0.126000,-0.349000,-0.221000
0.539550,-7.073010,-0.784800,0.069000,-0.316000,-0.260000
1.167390,-6.454980,-0.765180,0.002000,-0.305000,-0.204000
2.099340,-6.602130,-0.922140,-0.086000,-0.362000,-0.159000
1.873710,-7.092630,-0.902520,-0.181000,-0.588000,-0.146000
0.490500,-7.014150,-0.843660,-0.147000,-0.738000,-0.107000
-0.421830,-7.131870,-0.568980,-0.038000,-0.845000,-0.096000
-1.275300,-7.279020,-0.068670,0.072000,-0.855000,-0.051000
-1.147770,-7.632180,1.010430,0.164000,-0.754000,-0.013000
-0.294300,-7.700850,1.648080,0.212000,-0.627000,-0.027000
0.755370,-8.544510,2.109150,0.168000,-0.550000,-0.041000
1.265490,-10.437840,1.608840,0.004000,-0.619000,-0.099000
0.402210,-12.076110,1.206630,-0.104000,-0.468000,-0.191000
-0.882900,-12.448890,2.197440,0.053000,-0.264000,-0.185000
-1.569600,-12.036870,2.815470,0.164000,-0.011000,-0.165000
-1.422450,-11.870100,2.168010,0.152000,0.202000,-0.142000
-2.383830,-13.890960,-2.874330,-0.318000,0.093000,-0.208000
-2.678130,-15.313410,-5.621130,0.074000,0.080000,-0.500000
0.382590,-11.840670,-2.305350,0.517000,0.057000,-0.560000
2.530980,-10.065060,-2.962620,0.230000,-0.071000,-0.626000
2.736990,-10.378980,-2.177820,-0.027000,0.019000,-0.501000
0.490500,-13.321980,-2.521170,-0.289000,-0.173000,-0.425000
-0.058860,-12.125160,-2.001240,-0.279000,-0.200000,-0.426000
1.618650,-9.819810,-1.285110,-0.140000,-0.162000,-0.354000
1.432260,-8.652420,-0.863280,-0.121000,-0.203000,-0.097000
0.529740,-7.749900,-0.647460,-0.035000,-0.150000,0.151000
-0.196200,-7.082820,-0.402210,0.037000,-0.046000,0.202000
-0.784800,-6.867000,-0.019620,0.036000,0.086000,0.173000
-1.236060,-7.033770,-0.196200,-0.081000,0.264000,0.152000
-1.461690,-7.661610,0.176580,-0.135000,0.406000,0.113000
-0.794610,-7.740090,0.568980,-0.174000,0.435000,0.095000
-0.304110,-7.641990,0.559170,-0.213000,0.444000,0.038000
0.127530,-7.710660,0.588600,-0.077000,0.489000,-0.073000
0.009810,-7.965720,0.362970,0.079000,0.593000,-0.127000
-0.284490,-8.161920,-0.353160,0.208000,0.525000,0.004000
-0.078480,-9.005580,1.373400,0.449000,0.371000,0.164000
0.206010,-10.398600,2.040480,0.451000,0.439000,0.156000
0.765180,-12.174210,1.540170,0.410000,0.184000,0.194000
2.069910,-11.742570,3.168630,0.620000,-0.305000,0.243000
0.961380,-10.280880,2.972430,0.659000,-0.568000,0.063000
0.735750,-11.811240,-2.423070,-0.021000,0.290000,-0.047000
2.275920,-15.411510,-5.483790,0.288000,0.414000,0.513000
1.451880,-14.469750,-4.924620,0.278000,-0.283000,1.211000
-0.578790,-10.535940,-3.168630,0.483000,-0.498000,0.993000
-2.913570,-10.359360,-2.589840,0.175000,-0.070000,0.345000
-2.315160,-13.312170,-2.678130,-0.097000,0.455000,0.067000
0.068670,-13.115970,-2.501550,-0.008000,0.288000,0.201000
0.264870,-11.203020,-1.334160,0.176000,-0.062000,0.302000
0.206010,-9.603990,0.578790,0.215000,-0.190000,0.190000
0.706320,-8.377740,0.264870,0.171000,-0.244000,-0.083000
1.000620,-7.269210,0.127530,0.086000,-0.343000,-0.177000
1.167390,-7.063200,-0.156960,-0.040000,-0.358000,-0.153000
1.628460,-7.435980,-0.225630,-0.049000,-0.376000,-0.051000
1.775610,-7.504650,-0.156960,-0.083000,-0.500000,0.021000
0.686700,-7.396740,-0.068670,-0.119000,-0.610000,0.106000
0.068670,-7.131870,0.196200,-0.062000,-0.678000,0.150000
-0.245250,-7.102440,0.716130,0.026000,-0.632000,0.154000
-0.255060,-7.583130,1.236060,0.074000,-0.614000,0.161000
-0.382590,-7.749900,0.990810,0.194000,-0.593000,0.224000
-0.814230,-7.759710,2.413260,0.374000,-0.606000,0.268000
-0.255060,-8.269830,2.854710,0.455000,-0.425000,0.103000
0.696510,-9.545130,2.128770,0.346000,0.001000,-0.064000
0.255060,-10.555560,1.559790,0.286000,0.210000,-0.018000
0.117720,-10.388790,1.922760,0.463000,0.353000,0.135000
0.451260,-8.779950,2.952810,0.866000,0.299000,0.214000
-0.137340,-8.819190,0.333540,0.922000,0.081000,0.098000
-3.462930,-12.125160,-1.549980,-0.010000,-0.746000,-0.157000
-5.160060,-19.394370,-9.152730,-1.736001,0.962000,-1.217000
-1.648080,-13.165020,-6.543270,0.040000,1.821001,-1.046000
3.708180,-8.269830,0.264870,0.963000,1.058000,0.166000
2.933190,-8.426790,0.127530,0.258000,1.518001,0.214000
-2.540790,-15.470370,-1.432260,-0.599000,1.952001,-0.634000
-5.140440,-17.412750,-0.490500,-0.544000,2.410001,-0.969000
-3.943620,-12.380220,-0.117720,-0.337000,3.053001,-0.582000
-1.422450,-10.732140,-0.117720,-0.238000,3.626001,-0.216000
0.598410,-10.977390,-0.245250,-0.309000,3.895001,-0.040000
0.156960,-10.182780,-0.078480,-0.286000,4.011001,0.025000

