-.-.-
-0.480690,-9.868860,-0.137340,-0.090000,-0.066000,0.004000
-0.568980,-9.849240,-0.147150,-0.090000,-0.100000,0.013000
-0.696510,-9.829620,-0.206010,-0.088000,-0.107000,0.006000
-0.696510,-9.780570,-0.196200,-0.079000,-0.073000,0.003000
-0.618030,-9.760950,-0.255060,-0.086000,-0.066000,0.008000
-0.578790,-9.829620,-0.196200,-0.084000,-0.040000,0.013000
-0.637650,-9.927720,-0.215820,-0.103000,-0.044000,0.013000
-0.667080,-9.976770,-0.215820,-0.104000,-0.046000,0.006000
-0.637650,-9.927720,-0.186390,-0.105000,-0.050000,-0.001000
-0.637650,-9.829620,-0.196200,-0.116000,-0.050000,0.000000
-0.765180,-9.849240,-0.245250,-0.134000,-0.041000,0.012000
-0.971190,-9.878670,-0.304110,-0.170000,-0.053000,0.038000
-1.314540,-10.016010,-0.274680,-0.198000,-0.047000,0.039000
-1.471500,-10.006200,-0.284490,-0.252000,-0.010000,0.033000
-1.343970,-9.996390,-0.431640,-0.320000,-0.021000,0.055000
-1.304730,-9.859050,-0.598410,-0.363000,-0.047000,0.092000
-1.451880,-9.819810,-0.588600,-0.382000,-0.110000,0.089000
-1.589220,-9.927720,-0.529740,-0.385000,-0.132000,0.091000
-1.579410,-9.908100,-0.637650,-0.386000,-0.160000,0.075000
-1.716750,-9.643230,-0.412020,-0.342000,-0.190000,0.032000
-2.050290,-9.731520,-0.098100,-0.368000,-0.140000,-0.003000
-1.981620,-9.819810,-0.156960,-0.398000,-0.088000,0.006000
-1.854090,-9.898290,0.009810,-0.385000,-0.052000,0.008000
-1.922760,-9.780570,-0.264870,-0.432000,0.003000,-0.050000
-1.775610,-9.594180,-0.588600,-0.403000,0.013000,-0.102000
-1.393020,-9.348930,-0.588600,-0.388000,0.014000,-0.119000
-1.000620,-9.280260,-0.853470,-0.375000,-0.018000,-0.143000
-0.735750,-9.476460,-0.794610,-0.410000,-0.088000,-0.177000
-0.676890,-9.250830,-0.824040,-0.367000,-0.195000,-0.167000
-0.794610,-9.348930,-0.627840,-0.329000,-0.220000,-0.175000
-0.745560,-9.221400,-0.598410,-0.369000,-0.250000,-0.195000
-0.255060,-9.201780,-0.912330,-0.431000,-0.170000,-0.197000
0.068670,-9.123300,-1.147770,-0.532000,-0.142000,-0.183000
0.372780,-8.858430,-1.412640,-0.663000,-0.228000,-0.161000
0.931950,-9.025200,-1.805040,-0.736000,-0.367000,-0.109000
0.882900,-9.133110,-1.991430,-0.717000,-0.682000,-0.089000
0.264870,-7.985340,-1.765800,-0.525000,-0.796000,-0.243000
0.019620,-6.425550,-1.706940,-0.402000,-0.686000,-0.474000
0.353160,-5.935050,-0.765180,-0.397000,-0.508000,-0.617000
-0.117720,-7.308450,-0.127530,-0.488000,-0.463000,-0.573000
0.029430,-9.623610,0.088290,-0.436000,-0.322000,-0.352000
0.951570,-12.291930,-0.421830,-0.444000,-0.332000,-0.209000
0.647460,-14.312790,-0.853470,-0.407000,-0.468000,-0.242000
-0.549360,-14.989680,-1.079100,-0.344000,-0.512000,-0.304000
-1.294920,-16.039350,-0.882900,-0.365000,-0.403000,-0.286000
-0.961380,-17.059590,-1.059480,-0.408000,-0.228000,-0.167000
-0.676890,-16.421940,-1.275300,-0.390000,-0.147000,-0.003000
-0.774990,-14.930820,-1.187010,-0.376000,-0.048000,0.103000
-0.824040,-13.429890,-1.196820,-0.416000,0.115000,0.154000
-0.755370,-11.791620,-1.657890,-0.460000,0.369000,0.225000
-0.039240,-10.084680,-2.089530,-0.460000,0.630000,0.293000
0.922140,-7.661610,-2.403450,-0.345000,0.692000,0.339000
0.608220,-6.052770,-2.030670,-0.098000,0.559000,0.330000
0.461070,-5.307210,-1.147770,-0.009000,0.374000,0.407000
1.098720,-3.894570,-0.206010,-0.050000,0.329000,0.520000
1.903140,-1.785420,-0.559170,0.155000,-0.176000,0.495000
1.755990,-0.598410,1.343970,0.252000,-0.395000,0.525000
1.599030,-0.127530,0.137340,0.282000,-0.676000,0.482000
-0.147150,-3.443310,-6.248970,-0.066000,-0.770000,0.262000
-5.091390,-10.653660,-5.778090,-0.116000,0.269000,-0.268000
-3.796470,-9.937530,-2.305350,0.279000,0.243000,0.280000
2.158200,-8.691660,-2.158200,0.322000,0.006000,0.757000
0.725940,-15.097590,-3.109770,0.129000,-0.055000,0.646000
-4.286970,-18.560520,-3.865140,-0.021000,0.183000,0.210000
-3.453120,-18.423180,-3.874950,-0.013000,0.466000,0.063000
-0.255060,-19.943730,-3.453120,-0.110000,0.418000,0.130000
0.264870,-19.835820,-3.001860,-0.222000,0.078000,0.086000
0.058860,-17.726670,-2.560410,-0.301000,-0.277000,-0.027000
-0.912330,-15.686190,-2.432880,-0.378000,-0.475000,-0.068000
-2.246490,-13.233690,-2.344590,-0.417000,-0.509000,-0.158000
-2.972430,-9.702090,-1.638270,-0.371000,-0.334000,-0.071000
-2.177820,-6.356880,-1.147770,-0.322000,-0.168000,0.006000
-0.941760,-3.855330,-1.010430,-0.267000,-0.077000,-0.132000
-0.372780,-1.677510,-0.372780,-0.101000,0.124000,-0.373000
-0.863280,-0.176580,-0.833850,0.053000,0.298000,-0.596000
-2.432880,0.971190,-2.246490,0.314000,0.541000,-0.646000
-2.060100,2.040480,-1.020240,0.629000,1.001000,-0.579000
-0.892710,2.756610,0.127530,0.738000,1.269000,-0.556000
-0.892710,1.775610,0.912330,0.914000,1.466001,-0.522000
0.863280,-2.530980,-1.883520,0.657000,1.906001,-0.267000
6.268590,-18.678240,-14.832720,-0.824000,0.833000,0.961000
5.807520,-23.357610,-4.512600,0.356000,-1.177000,1.103000
-8.701470,-6.739470,0.255060,1.095000,-0.082000,-0.493000
-7.367310,-18.128880,-2.452500,0.298000,0.652000,-1.024000
2.020860,-24.544620,-3.541410,-0.107000,0.618000,0.127000
3.717990,-19.168740,-2.903760,-0.037000,0.195000,0.556000
-1.952190,-16.569090,-1.785420,-0.030000,0.142000,0.111000
-3.198060,-14.773860,-1.579410,-0.171000,0.436000,-0.106000
-0.549360,-12.488130,-2.207250,-0.245000,0.633000,-0.106000
1.177200,-10.290690,-1.628460,-0.096000,0.526000,-0.125000
0.480690,-7.279020,-0.627840,0.028000,0.489000,-0.054000
0.412020,-4.806900,-0.137340,0.071000,0.649000,0.050000
1.118340,-3.256920,-1.039860,0.165000,0.612000,0.196000
1.628460,-1.216440,-1.343970,0.342000,0.398000,0.320000
2.324970,0.735750,-1.187010,0.381000,0.095000,0.378000
2.011050,1.098720,-1.079100,0.440000,-0.300000,0.389000
1.765800,0.725940,-1.196820,0.411000,-0.556000,0.393000
1.196820,0.588600,-1.039860,0.411000,-1.198000,0.352000
-1.216440,-1.942380,-4.806900,0.026000,-1.952001,0.009000
-6.454980,-16.510230,-8.073630,-0.452000,-0.411000,-1.128000
-3.600270,-18.678240,-1.481310,0.955000,1.061000,-0.492000
5.915430,-8.358120,0.009810,0.865000,-0.282000,1.125000
2.923380,-21.160170,-2.776230,0.157000,-0.731000,0.710000
-5.513220,-21.837060,-2.118960,0.035000,-0.695000,-0.213000
-4.130010,-21.081690,-2.069910,0.054000,-0.418000,-0.268000
-0.127530,-19.541520,-1.079100,-0.019000,-0.249000,-0.013000
1.667700,-18.236790,-0.176580,-0.219000,-0.703000,0.156000
-0.353160,-16.039350,-0.981000,-0.426000,-1.040000,-0.077000
-2.177820,-13.361220,-1.510740,-0.394000,-1.001000,-0.178000
-2.913570,-9.927720,-1.451880,-0.370000,-0.841000,-0.113000
-2.236680,-5.905620,-1.167390,-0.231000,-0.674000,0.116000
-1.275300,-4.012290,-0.922140,-0.131000,-0.563000,0.157000
-0.676890,-2.011050,-1.422450,0.011000,-0.449000,-0.109000
-1.118340,0.127530,-2.295540,0.208000,-0.194000,-0.434000
-1.736370,1.814850,-1.471500,0.571000,0.195000,-0.502000
-0.794610,2.334780,0.235440,0.682000,0.711000,-0.431000
-0.500310,0.568980,-0.039240,0.558000,0.781000,-0.415000
-0.304110,-0.461070,-0.255060,0.528000,0.816000,-0.400000
1.039860,-2.580030,-1.500930,0.237000,1.283000,-0.224000
5.719230,-17.991540,-13.371030,-0.891000,0.832000,0.867000
0.343350,-22.504140,-4.875570,-0.394000,-1.644001,0.909000
-9.388170,-4.679370,2.864520,0.955000,-0.482000,-0.622000
-6.356880,-20.924730,-0.804420,0.181000,0.754000,-0.748000
0.873090,-21.886110,-2.266110,-0.150000,0.726000,0.340000
0.814230,-19.629810,-0.490500,-0.051000,0.247000,0.485000
-2.795850,-18.040590,0.206010,-0.150000,0.438000,0.233000
-3.757230,-16.745670,-0.039240,-0.249000,0.811000,0.212000
-2.442690,-14.332410,-0.568980,-0.265000,1.113000,0.389000

