-.-.-
0.313920,-9.888480,1.648080,-0.163000,0.171000,0.008000
0.294300,-9.702090,1.442070,-0.147000,0.091000,0.012000
0.176580,-9.643230,1.491120,-0.116000,0.028000,0.022000
0.000000,-9.623610,1.589220,-0.098000,0.015000,0.027000
-0.039240,-9.692280,1.569600,-0.098000,0.006000,0.025000
0.000000,-9.790380,1.461690,-0.089000,-0.014000,0.019000
0.029430,-9.810000,1.383210,-0.079000,-0.036000,0.025000
-0.019620,-9.692280,1.461690,-0.067000,-0.062000,0.028000
-0.098100,-9.682470,1.540170,-0.056000,-0.051000,0.023000
-0.098100,-9.770760,1.481310,-0.049000,-0.045000,0.020000
-0.078480,-9.819810,1.491120,-0.042000,-0.071000,0.017000
-0.009810,-9.819810,1.491120,-0.035000,-0.109000,0.024000
-0.009810,-9.770760,1.422450,-0.040000,-0.148000,0.034000
-0.117720,-9.790380,1.412640,-0.057000,-0.147000,0.041000
-0.196200,-9.878670,1.245870,-0.065000,-0.138000,0.050000
-0.225630,-9.859050,1.334160,-0.061000,-0.123000,0.053000
-0.294300,-9.927720,1.324350,-0.088000,-0.100000,0.058000
-0.323730,-9.957150,1.177200,-0.134000,-0.071000,0.048000
-0.313920,-10.104300,0.990810,-0.186000,-0.040000,0.031000
-0.245250,-10.388790,0.902520,-0.223000,-0.011000,0.025000
-0.176580,-10.447650,0.814230,-0.252000,0.033000,0.008000
-0.147150,-10.290690,0.667080,-0.343000,0.101000,-0.024000
-0.186390,-10.114110,0.480690,-0.430000,0.149000,-0.049000
-0.235440,-10.192590,0.323730,-0.452000,0.155000,-0.051000
-0.255060,-10.339740,0.206010,-0.479000,0.187000,-0.056000
-0.225630,-10.486890,0.284490,-0.552000,0.269000,-0.073000
-0.117720,-10.614420,0.009810,-0.681000,0.382000,-0.090000
-0.127530,-10.486890,-0.245250,-0.787000,0.376000,-0.108000
-0.127530,-10.212210,-0.568980,-0.833000,0.399000,-0.114000
-0.009810,-10.222020,-0.725940,-0.880000,0.389000,-0.105000
0.029430,-10.339740,-0.412020,-1.018000,0.379000,-0.109000
0.235440,-10.398600,-0.274680,-1.187000,0.410000,-0.114000
0.235440,-10.437840,-0.922140,-1.204000,0.289000,-0.104000
0.304110,-10.398600,-1.030050,-1.118000,0.148000,-0.175000
0.058860,-10.045440,-1.079100,-1.147000,0.239000,-0.267000
-0.019620,-9.515700,-0.843660,-1.344000,0.393000,-0.302000
0.098100,-9.211590,-1.030050,-1.481001,0.500000,-0.343000
0.372780,-9.162540,-1.383210,-1.488001,0.468000,-0.347000
0.166770,-9.241020,-1.883520,-1.537001,0.401000,-0.338000
0.519930,-9.133110,-2.266110,-1.632001,0.270000,-0.314000
0.892710,-8.887860,-1.971810,-1.648001,0.271000,-0.296000
1.010430,-9.084060,-2.413260,-1.653001,0.294000,-0.322000
0.559170,-8.711280,-2.442690,-1.676001,0.306000,-0.405000
0.078480,-8.789760,-3.305970,-1.667001,0.300000,-0.455000
-0.147150,-8.897670,-3.433500,-1.793001,0.246000,-0.417000
0.264870,-8.171730,-1.863900,-1.808001,0.341000,-0.397000
0.500310,-7.691040,-3.158820,-1.862001,0.494000,-0.394000
0.490500,-7.534080,-4.169250,-1.873001,0.532000,-0.443000
0.392400,-8.122680,-4.610700,-1.991001,0.499000,-0.448000
0.343350,-7.416360,-3.541410,-1.967001,0.478000,-0.372000
0.902520,-6.867000,-2.933190,-1.911001,0.522000,-0.393000
1.510740,-6.631560,-4.875570,-1.963001,0.686000,-0.462000
1.863900,-6.494220,-6.229350,-1.975001,0.812000,-0.501000
1.265490,-6.631560,-5.209110,-1.905001,0.723000,-0.467000
1.039860,-7.023960,-5.650560,-1.945001,0.541000,-0.440000
1.746180,-6.611940,-6.298020,-1.956001,0.468000,-0.430000
2.472120,-5.817330,-5.876190,-1.835001,0.482000,-0.472000
2.697750,-4.777470,-5.336640,-1.799001,0.558000,-0.508000
2.511360,-4.591080,-6.180300,-1.831001,0.579000,-0.549000
2.697750,-4.914810,-6.778710,-1.787001,0.544000,-0.530000
2.580030,-4.610700,-6.965100,-1.748001,0.478000,-0.493000
2.717370,-3.973050,-6.670800,-1.723001,0.436000,-0.447000
2.795850,-3.315780,-7.053390,-1.741001,0.398000,-0.437000
3.355020,-3.070530,-7.602750,-1.736001,0.301000,-0.447000
4.012290,-3.227490,-8.171730,-1.689001,0.235000,-0.419000
4.041720,-3.286350,-8.328690,-1.568001,0.252000,-0.367000
3.737610,-2.746800,-8.907480,-1.519001,0.250000,-0.340000
3.570840,-2.403450,-9.554940,-1.484001,0.262000,-0.318000
4.100580,-2.069910,-9.692280,-1.426001,0.262000,-0.296000
4.336020,-1.765800,-9.633420,-1.375000,0.267000,-0.265000
4.551840,-1.638270,-9.731520,-1.276000,0.237000,-0.237000
4.826520,-1.383210,-9.868860,-1.172000,0.238000,-0.188000
5.199300,-1.000620,-10.418220,-1.077000,0.239000,-0.168000
5.120820,-0.804420,-10.104300,-0.968000,0.168000,-0.162000
4.924620,-0.353160,-9.908100,-0.853000,0.138000,-0.145000
4.914810,-0.049050,-10.025820,-0.730000,0.139000,-0.124000
4.865760,-0.127530,-10.123920,-0.613000,0.105000,-0.108000
5.130630,0.000000,-9.986580,-0.519000,0.050000,-0.090000
5.042340,0.372780,-9.760950,-0.414000,0.019000,-0.075000
4.816710,0.402210,-9.682470,-0.319000,-0.026000,-0.053000
4.738230,0.294300,-9.496080,-0.258000,-0.092000,-0.022000
4.954050,0.333540,-9.388170,-0.209000,-0.112000,0.007000
4.905000,0.255060,-9.427410,-0.147000,-0.127000,0.025000
4.179060,0.127530,-9.505890,-0.099000,-0.127000,0.022000
3.561030,0.235440,-9.662850,-0.066000,-0.086000,0.018000
3.462930,0.255060,-9.790380,-0.035000,-0.038000,0.021000
3.629700,0.147150,-9.937530,-0.015000,0.002000,0.011000
3.884760,0.000000,-9.711900,0.014000,0.000000,-0.002000
4.218300,0.039240,-9.358740,0.039000,0.014000,-0.014000
4.345830,0.137340,-9.466650,0.058000,0.044000,-0.030000
4.188870,0.049050,-9.397980,0.063000,0.017000,-0.039000
4.188870,0.039240,-9.476460,0.060000,-0.012000,-0.033000
4.228110,0.009810,-9.515700,0.068000,-0.035000,-0.036000
4.277160,0.009810,-9.496080,0.083000,-0.078000,-0.039000
4.316400,0.049050,-9.525510,0.107000,-0.123000,-0.037000
4.306590,0.147150,-9.564750,0.153000,-0.152000,-0.036000
4.365450,0.274680,-9.505890,0.189000,-0.180000,-0.031000
4.630320,0.451260,-9.859050,0.258000,-0.167000,-0.024000
4.973670,0.235440,-10.143540,0.345000,-0.204000,-0.025000
4.954050,0.137340,-10.035630,0.415000,-0.285000,-0.009000
4.826520,0.137340,-10.329930,0.508000,-0.330000,0.002000
4.738230,0.176580,-10.320120,0.598000,-0.361000,0.013000
4.522410,0.039240,-10.320120,0.657000,-0.416000,0.028000
4.247730,-0.353160,-10.143540,0.756000,-0.448000,0.030000
4.306590,-0.618030,-10.084680,0.848000,-0.443000,0.035000
4.512600,-0.667080,-10.467270,0.917000,-0.488000,0.055000
4.267350,-0.725940,-10.143540,1.016000,-0.550000,0.073000
3.767040,-0.814230,-9.829620,1.134000,-0.581000,0.086000
3.413880,-1.039860,-9.800190,1.236000,-0.597000,0.099000
3.276540,-1.324350,-9.280260,1.355000,-0.632000,0.122000
3.158820,-1.638270,-8.927100,1.456001,-0.640000,0.146000
2.962620,-1.952190,-8.897670,1.557001,-0.630000,0.156000
2.864520,-2.187630,-8.799570,1.655001,-0.641000,0.156000
2.678130,-2.521170,-8.475840,1.745001,-0.659000,0.168000
2.403450,-3.021480,-8.063820,1.826001,-0.684000,0.186000
2.079720,-3.580650,-7.602750,1.904001,-0.693000,0.204000
1.922760,-4.022100,-7.229970,1.966001,-0.715000,0.214000
1.755990,-4.483170,-7.112250,2.003001,-0.727000,0.210000
1.569600,-4.885380,-7.023960,2.026001,-0.721000,0.200000
1.049670,-5.317020,-6.454980,2.057001,-0.736000,0.174000
0.667080,-5.719230,-5.886000,2.063001,-0.697000,0.156000
0.519930,-6.082200,-5.827140,2.042001,-0.672000,0.159000
0.451260,-6.317640,-5.621130,2.036001,-0.662000,0.165000
0.421830,-6.660990,-5.218920,2.029001,-0.613000,0.168000
0.235440,-6.896430,-4.973670,2.000001,-0.567000,0.151000
0.215820,-6.798330,-4.757850,2.016001,-0.529000,0.133000
0.255060,-7.200540,-4.532220,2.005001,-0.536000,0.127000
0.343350,-7.435980,-4.385070,1.971001,-0.517000,0.127000

