-.-.-
-2.295540,-15.107400,1.137960,0.358000,0.878000,-0.300000
-1.216440,-12.439080,1.628460,0.721000,1.184000,-0.165000
1.069290,-9.790380,2.687940,0.687000,1.090000,0.001000
2.913570,-6.759090,1.648080,0.632000,0.842000,0.307000
3.070530,-4.306590,-2.913570,0.362000,0.534000,0.523000
0.931950,0.421830,-2.756610,0.212000,0.090000,0.537000
0.990810,3.659130,-1.334160,0.165000,0.058000,0.345000
1.020240,3.708180,-1.255680,0.270000,-0.086000,0.285000
-0.470880,1.147770,0.451260,0.635000,0.047000,0.408000
-2.266110,-2.727180,-1.765800,0.431000,-0.335000,0.293000
-3.992670,-20.188980,-8.622990,-0.945000,1.377000,-1.357000
-6.876810,-20.542140,-0.274680,0.067000,1.677001,-0.999000
2.295540,-10.202400,1.128150,1.050000,0.836000,0.312000
6.925860,-23.387040,3.462930,0.282000,0.554000,0.340000
2.815470,-18.776340,3.443310,0.007000,0.406000,-0.383000
1.922760,-16.627950,3.551220,0.281000,0.366000,-0.338000
2.148390,-13.557420,1.932570,-0.022000,0.082000,0.088000
0.824040,-11.575800,0.470880,0.182000,-0.093000,0.467000
-1.824660,-9.299880,-0.362970,0.446000,0.054000,0.804000
-1.912950,-8.367930,1.265490,0.618000,0.249000,0.628000
-2.972430,-7.514460,3.727800,0.852000,0.327000,0.165000
-1.893330,-6.356880,1.559790,0.680000,0.198000,-0.026000
-0.931950,-5.022720,-1.393020,0.619000,0.475000,-0.120000
-1.226250,-2.079720,-4.728420,0.312000,1.159000,0.026000
-2.187630,2.177820,-3.727800,0.319000,1.871001,0.166000
-0.755370,2.933190,-1.324350,0.270000,2.264001,0.119000
2.001240,-0.824040,-1.049670,0.230000,2.271001,0.092000
1.079100,-8.475840,-1.343970,0.144000,1.523001,0.175000
1.834470,-31.146750,-1.952190,-0.050000,2.149001,1.087000
1.245870,-19.051020,-1.343970,-1.066000,1.621001,1.066000
-1.265490,-17.147880,3.973050,0.395000,1.206000,0.269000
-2.491740,-19.041210,4.963860,0.274000,1.680001,-0.390000
-1.883520,-18.982350,5.003100,0.269000,2.133001,-0.307000
-1.883520,-16.726050,5.179680,0.372000,2.534001,-0.202000
-1.265490,-13.881150,4.620510,0.569000,2.947001,0.052000
1.206630,-11.281500,4.551840,0.741000,3.096001,0.059000
5.562270,-9.672660,-0.274680,0.663000,2.050001,0.034000
6.003720,-5.601510,0.019620,0.434000,0.847000,0.174000
3.502170,0.294300,-0.941760,0.256000,0.681000,0.097000
0.990810,3.404070,-3.404070,0.126000,0.859000,-0.083000
0.009810,2.893950,-1.844280,0.161000,1.042000,-0.120000
-0.225630,1.510740,-1.324350,0.237000,1.229000,-0.068000
-1.491120,-0.294300,-1.157580,0.282000,1.476001,0.029000
-3.462930,-4.188870,-1.736370,0.376000,1.542001,0.105000
-2.040480,-14.891580,-0.912330,0.106000,1.695001,-0.285000
-0.912330,-33.177420,0.255060,-0.659000,1.873001,-0.987000
-4.816710,-19.080450,-2.158200,-0.005000,2.611001,-1.332000
0.843660,-17.501040,4.571460,0.311000,2.139001,-0.223000
3.502170,-18.472230,4.237920,0.128000,2.527001,0.062000
1.530360,-16.765290,5.503410,0.024000,2.413001,-0.198000
0.902520,-15.136830,4.385070,0.048000,2.414001,-0.014000
-0.941760,-13.057110,2.648700,0.105000,2.358001,0.085000
-2.481930,-11.006820,1.569600,0.246000,2.322001,0.201000
-1.638270,-8.868240,-0.304110,0.254000,2.480001,0.161000
-0.873090,-6.288210,-0.559170,0.082000,2.700001,-0.141000
-0.215820,-3.482550,-1.412640,-0.126000,2.779001,-0.448000
0.735750,-1.069290,-0.990810,-0.005000,3.048001,-0.564000
0.873090,0.206010,-1.039860,0.039000,3.498001,-0.444000
-0.559170,0.588600,-0.568980,0.042000,3.745001,0.025000
-0.255060,0.765180,0.941760,0.007000,3.862001,0.487000
1.010430,-0.284490,1.608840,0.269000,3.467001,0.660000
1.706940,-5.523030,0.382590,0.518000,3.320001,0.569000
0.922140,-15.745050,-0.725940,0.154000,2.841001,0.745000
0.902520,-23.190840,-0.392400,-0.427000,2.393001,1.177000
2.570220,-16.058970,0.461070,0.251000,2.268001,0.556000
-0.333540,-18.825390,3.963240,0.591000,2.243001,-0.193000
-2.776230,-20.777580,5.238540,0.444000,2.686001,-0.361000
-2.462310,-20.238030,5.984100,0.323000,2.826001,-0.281000
0.274680,-18.334890,6.013530,0.290000,3.097001,-0.109000
1.814850,-16.402320,5.228730,0.184000,3.486001,0.055000
2.423070,-13.282740,3.315780,0.334000,3.636001,-0.064000
4.473360,-10.074870,2.128770,0.494000,3.134001,-0.239000
4.924620,-8.583750,0.922140,0.466000,2.267001,-0.095000
2.226870,-4.944240,-0.706320,0.308000,1.890001,0.088000
0.294300,-1.324350,-1.510740,0.139000,1.984001,0.127000
1.265490,1.402830,-1.903140,0.113000,1.993001,0.087000
1.128150,2.668320,1.059480,0.181000,1.750001,0.194000
0.961380,1.540170,0.568980,0.297000,1.558001,0.358000
0.421830,-2.118960,-1.559790,0.231000,1.200000,0.273000
-0.480690,-6.984720,-2.560410,0.182000,1.485001,-0.012000
-1.873710,-15.696000,-4.208490,-0.431000,1.602001,-0.428000
-5.326830,-23.769630,-2.275920,-1.011000,2.517001,-0.720000
-2.001240,-11.193210,-0.657270,-0.101000,2.545001,-0.137000
5.346450,-15.499800,2.060100,0.097000,1.705001,0.438000
4.698990,-20.032020,2.295540,-0.246000,1.353000,0.291000
2.374020,-20.218410,4.179060,-0.087000,0.807000,0.284000
2.570220,-19.953540,3.678750,-0.196000,0.133000,0.270000
1.451880,-18.432990,1.677510,-0.192000,-0.617000,0.277000
2.109150,-14.096970,0.794610,0.180000,-0.914000,0.264000
0.824040,-10.967580,-0.961380,0.230000,-1.085000,0.154000
-2.658510,-8.358120,0.107910,0.375000,-0.925000,0.070000
-3.845520,-6.504030,-0.627840,0.325000,-0.632000,0.002000
-2.589840,-4.973670,-1.991430,0.318000,-0.368000,-0.273000
-0.058860,-2.118960,-3.374640,0.274000,0.011000,-0.412000
-0.107910,1.334160,-1.520550,0.214000,0.480000,-0.386000
-0.814230,3.256920,-0.873090,0.251000,0.896000,-0.473000
-1.157580,2.884140,1.432260,0.592000,1.423001,-0.528000
-1.020240,-0.686700,0.814230,0.817000,1.540001,-0.338000
0.382590,-7.808760,-0.990810,0.646000,1.347000,-0.022000
1.844280,-19.512090,-3.992670,0.121000,1.151000,0.474000
2.324970,-16.569090,-4.483170,-0.468000,0.922000,0.711000
1.746180,-12.880530,-3.060720,0.217000,0.564000,0.320000
-2.315160,-15.980490,-0.421830,0.031000,0.554000,-0.263000
-3.551220,-18.550710,0.676890,-0.111000,0.588000,-0.400000
-1.628460,-20.051640,2.364210,-0.022000,0.768000,-0.424000
-0.284490,-19.315890,3.139200,0.083000,0.907000,-0.487000
-0.264870,-17.873820,3.109770,0.185000,1.055000,-0.439000
-0.745560,-15.431130,2.736990,0.334000,1.330000,-0.417000
0.402210,-11.899530,1.893330,0.569000,1.731001,-0.432000
3.776850,-8.770140,0.461070,0.671000,1.524001,-0.326000
6.298020,-6.160680,-2.354400,0.412000,0.720000,-0.045000
3.825900,-1.216440,-2.285730,0.157000,0.091000,0.237000
0.618030,3.305970,-0.971190,0.219000,0.022000,0.352000
-1.608840,4.071150,-0.362970,0.308000,-0.182000,0.294000
-1.873710,2.472120,-0.245250,0.433000,-0.327000,0.194000
-0.931950,0.078480,0.186390,0.577000,-0.439000,0.122000
-2.285730,-4.492980,-3.933810,0.064000,-1.163000,-0.138000
-2.020860,-15.980490,-5.532840,-0.630000,0.783000,-1.254000
-2.668320,-15.156450,0.461070,0.055000,0.662000,-0.576000
1.020240,-9.957150,-0.323730,-0.200000,0.271000,0.105000
3.404070,-22.229460,-0.039240,-0.403000,0.359000,0.056000
1.952190,-18.619380,2.344590,-0.220000,0.239000,-0.132000
2.736990,-18.619380,1.873710,0.052000,0.140000,0.027000
2.442690,-18.266220,3.168630,0.073000,-0.395000,0.308000
3.109770,-15.941250,1.677510,0.217000,-1.148000,0.504000
3.433500,-13.174830,0.000000,0.229000,-1.752001,0.419000
0.137340,-10.369170,1.579410,0.388000,-1.745001,0.187000
-7.504650,-7.043580,0.137340,0.598000,-0.752000,0.105000

