-.-.-
0.402210,-6.817950,-4.443930,1.246000,-0.204000,0.001000
-0.019620,-6.651180,-3.806280,1.289000,-0.228000,-0.021000
-0.255060,-6.592320,-3.413880,1.284000,-0.189000,-0.026000
-0.225630,-6.670800,-3.462930,1.234000,-0.111000,-0.003000
0.107910,-6.582510,-3.315780,1.153000,-0.019000,0.009000
0.206010,-6.680610,-3.364830,1.081000,0.054000,0.023000
0.058860,-6.513840,-3.325590,1.002000,0.095000,0.026000
0.019620,-6.366690,-2.952810,0.907000,0.140000,0.018000
0.088290,-5.925240,-2.393640,0.701000,0.180000,0.008000
0.225630,-5.738850,-3.139200,0.435000,0.231000,0.010000
0.461070,-4.963860,-3.413880,0.244000,0.180000,0.067000
0.853470,-4.051530,-2.903760,0.179000,0.142000,0.114000
0.824040,-3.786660,-2.491740,0.077000,0.072000,0.134000
0.402210,-3.492360,-3.011670,-0.034000,0.054000,0.127000
0.245250,-3.021480,-3.315780,-0.030000,0.074000,0.130000
-0.039240,-2.187630,-2.403450,-0.027000,0.070000,0.163000
-0.186390,-2.109150,-2.315160,-0.003000,0.105000,0.092000
0.068670,-2.844900,-3.227490,0.056000,0.162000,0.028000
0.225630,-3.001860,-3.737610,0.179000,0.125000,0.098000
-0.245250,-3.315780,-3.011670,0.422000,0.084000,0.103000
-0.470880,-4.855950,-2.207250,0.718000,0.191000,0.001000
0.137340,-4.090770,-2.668320,1.014000,0.374000,0.004000
0.294300,-4.443930,-1.883520,1.338000,0.271000,0.079000
2.060100,-11.261880,0.725940,1.709001,0.174000,0.040000
0.470880,-24.603480,1.834470,2.044001,0.113000,0.245000
0.539550,-32.078700,3.914190,2.495001,0.092000,0.223000
-0.186390,-28.635390,4.816710,2.613001,-0.080000,0.055000
-0.264870,-26.104410,5.405310,2.808001,-0.105000,0.120000
-0.304110,-20.689290,5.709420,2.619001,-0.144000,0.045000
-1.177200,-16.892820,3.649320,2.111001,-0.050000,0.014000
-0.873090,-9.152730,1.491120,1.757001,0.015000,0.111000
-0.127530,-1.805040,0.000000,1.763001,0.011000,0.128000
0.598410,-2.472120,0.588600,1.936001,-0.127000,0.120000
-0.058860,-6.248970,1.020240,1.898001,-0.218000,0.170000
-0.362970,-5.689800,0.961380,1.686001,-0.143000,0.180000
-0.343350,-2.923380,1.971810,1.550001,-0.172000,0.106000
-0.049050,-2.570220,3.374640,1.709001,-0.189000,0.097000
-0.176580,-5.827140,5.287590,1.972001,-0.206000,0.074000
-0.608220,-9.466650,7.534080,2.240001,-0.167000,0.012000
-1.030050,-13.037490,9.074250,2.460001,-0.065000,0.264000
-1.569600,-14.067540,10.241640,2.086001,0.145000,0.439000
0.215820,-7.877430,10.074870,1.556001,0.237000,0.211000
0.470880,-6.533460,11.399220,1.339000,0.202000,0.192000
-0.480690,-11.624850,11.801430,0.947000,0.051000,0.142000
-0.559170,-7.220160,12.674520,0.299000,0.037000,0.068000
-0.627840,-7.092630,12.802050,0.110000,0.074000,-0.032000
-0.343350,-6.759090,10.957770,-0.250000,0.048000,-0.108000
-0.186390,-7.259400,9.505890,-0.520000,0.024000,-0.096000
0.166770,-6.906240,8.318880,-0.720000,-0.022000,-0.025000
0.049050,-7.190730,7.357500,-0.753000,-0.136000,-0.022000
-0.519930,-7.583130,6.582510,-0.768000,-0.216000,-0.049000
-0.441450,-6.798330,6.170490,-0.798000,-0.201000,-0.089000
-0.019620,-5.405310,5.738850,-0.706000,-0.192000,-0.096000
-0.029430,-5.984100,5.601510,-0.645000,-0.201000,-0.051000
-0.039240,-7.583130,5.101200,-0.635000,-0.185000,-0.054000
0.019620,-8.416980,5.160060,-0.659000,-0.165000,-0.057000
-0.088290,-8.593560,5.081580,-0.723000,-0.200000,-0.034000
-0.353160,-8.485650,5.179680,-0.767000,-0.187000,-0.049000
-0.166770,-9.054630,5.473980,-0.707000,-0.099000,-0.108000
-0.107910,-9.829620,5.405310,-0.679000,-0.096000,-0.099000
-0.068670,-9.741330,5.317020,-0.710000,-0.064000,-0.046000
-0.156960,-9.044820,4.963860,-0.749000,-0.053000,-0.017000
-0.206010,-8.868240,4.640130,-0.725000,-0.046000,-0.020000
-0.107910,-8.946720,4.483170,-0.700000,-0.025000,-0.018000
0.019620,-9.152730,4.208490,-0.731000,-0.049000,0.029000
0.000000,-9.172350,3.884760,-0.780000,-0.061000,0.055000
-0.058860,-9.084060,3.561030,-0.792000,-0.060000,0.044000
-0.117720,-9.064440,3.767040,-0.749000,-0.034000,0.018000
-0.137340,-8.976150,3.992670,-0.723000,0.017000,0.030000
-0.058860,-9.103680,4.110390,-0.743000,0.043000,0.049000
0.000000,-9.025200,4.237920,-0.779000,0.044000,0.057000
-0.029430,-9.280260,4.316400,-0.799000,0.028000,0.052000
-0.176580,-9.280260,4.434120,-0.876000,0.002000,0.038000
-0.147150,-9.250830,4.159440,-0.897000,0.001000,0.028000
-0.117720,-9.378360,4.031910,-0.925000,-0.007000,0.034000
-0.107910,-9.093870,3.600270,-0.944000,0.014000,0.032000
-0.039240,-9.093870,3.168630,-0.856000,0.060000,0.048000
-0.019620,-9.290070,3.296160,-0.837000,0.063000,0.058000
0.000000,-9.250830,2.992050,-0.852000,0.082000,0.041000
-0.088290,-9.339120,2.766420,-0.801000,0.100000,0.023000
-0.049050,-9.466650,2.275920,-0.739000,0.141000,0.020000
-0.176580,-9.564750,2.099340,-0.694000,0.118000,0.017000
-0.294300,-9.721710,2.128770,-0.634000,0.129000,-0.015000
-0.068670,-9.525510,1.814850,-0.594000,0.139000,-0.045000
-0.147150,-9.241020,1.540170,-0.498000,0.112000,-0.042000
-0.255060,-9.447030,1.236060,-0.479000,0.115000,-0.039000
-0.264870,-9.515700,1.088910,-0.463000,0.131000,-0.022000
-0.206010,-9.407790,1.206630,-0.424000,0.131000,-0.030000
0.000000,-9.525510,1.167390,-0.402000,0.110000,-0.050000
0.166770,-9.653040,1.020240,-0.399000,0.064000,-0.059000
0.166770,-9.584370,0.951570,-0.368000,0.034000,-0.049000
0.068670,-9.554940,0.922140,-0.349000,0.002000,-0.033000
0.039240,-9.594180,0.843660,-0.351000,-0.038000,-0.037000
-0.019620,-9.594180,0.853470,-0.349000,-0.055000,-0.046000
0.029430,-9.653040,0.647460,-0.338000,-0.046000,-0.049000
0.039240,-9.741330,0.470880,-0.322000,-0.031000,-0.041000
-0.019620,-9.653040,0.392400,-0.305000,-0.032000,-0.026000
-0.088290,-9.574560,0.382590,-0.280000,-0.033000,-0.013000
-0.088290,-9.594180,0.392400,-0.254000,-0.016000,-0.014000
-0.029430,-9.672660,0.294300,-0.235000,-0.015000,-0.009000
-0.039240,-9.868860,0.284490,-0.218000,-0.015000,-0.006000
-0.039240,-9.721710,0.284490,-0.202000,-0.012000,0.000000
-0.058860,-9.643230,0.343350,-0.186000,0.000000,0.006000
0.009810,-9.633420,0.333540,-0.169000,0.027000,0.014000
0.029430,-9.692280,0.372780,-0.145000,0.024000,0.020000
0.019620,-9.731520,0.353160,-0.124000,0.022000,0.017000
-0.019620,-9.760950,0.372780,-0.110000,0.011000,0.013000
0.009810,-9.760950,0.412020,-0.104000,0.011000,0.008000
0.029430,-9.770760,0.451260,-0.090000,0.005000,0.012000
0.009810,-9.800190,0.441450,-0.071000,0.005000,0.017000
-0.049050,-9.868860,0.441450,-0.059000,0.005000,0.012000
-0.088290,-9.859050,0.421830,-0.048000,0.005000,0.010000
-0.058860,-9.888480,0.461070,-0.039000,0.008000,0.008000
-0.068670,-9.819810,0.480690,-0.030000,0.001000,0.011000
-0.107910,-9.800190,0.549360,-0.028000,0.000000,0.007000
-0.049050,-9.751140,0.510120,-0.023000,0.018000,0.004000
-0.078480,-9.859050,0.392400,-0.026000,0.015000,0.008000
-0.039240,-9.819810,0.441450,-0.026000,0.007000,0.010000
-0.019620,-9.849240,0.470880,-0.024000,0.012000,0.009000
-0.019620,-9.878670,0.539550,-0.022000,0.019000,0.011000
-0.029430,-9.859050,0.539550,-0.024000,0.017000,0.007000
-0.049050,-9.947340,0.480690,-0.019000,0.020000,0.006000
-0.068670,-9.908100,0.519930,-0.007000,0.011000,0.003000
-0.029430,-9.839430,0.510120,0.005000,0.010000,-0.002000
-0.019620,-9.829620,0.559170,0.020000,0.000000,0.000000
-0.039240,-9.829620,0.539550,0.023000,-0.014000,0.003000
-0.068670,-9.878670,0.539550,0.018000,-0.021000,0.001000
-0.117720,-9.839430,0.549360,0.016000,-0.016000,-0.005000

