-.-.-
0.647460,-9.810000,1.589220,-0.197000,0.031000,-0.015000
0.549360,-9.751140,2.168010,-0.172000,-0.063000,-0.027000
0.323730,-10.094490,2.315160,-0.225000,-0.087000,-0.051000
0.068670,-10.025820,1.716750,-0.313000,-0.043000,-0.041000
-0.029430,-9.564750,1.442070,-0.309000,0.003000,-0.019000
-0.009810,-9.290070,1.648080,-0.244000,0.020000,-0.021000
0.019620,-9.613800,1.952190,-0.190000,0.009000,-0.046000
0.147150,-9.878670,2.050290,-0.202000,0.001000,-0.057000
0.245250,-9.731520,1.962000,-0.236000,0.005000,-0.043000
0.284490,-9.643230,1.952190,-0.253000,0.010000,-0.044000
0.284490,-9.751140,1.932570,-0.265000,0.030000,-0.061000
0.431640,-9.603990,1.952190,-0.256000,0.056000,-0.052000
0.372780,-9.260640,1.589220,-0.233000,0.057000,-0.006000
0.294300,-9.084060,1.589220,-0.120000,0.053000,0.038000
0.206010,-9.270450,1.442070,-0.034000,0.034000,0.076000
-0.137340,-10.123920,1.442070,0.028000,0.103000,0.049000
-0.009810,-10.467270,1.638270,0.088000,0.096000,0.126000
-0.431640,-11.036250,1.157580,-0.028000,-0.437000,0.267000
0.215820,-12.242880,-0.578790,-0.129000,-0.599000,0.077000
0.784800,-11.350170,-0.490500,-0.174000,-0.819000,-0.105000
-0.323730,-9.829620,-0.559170,-0.222000,-0.958000,-0.105000
-0.941760,-8.691660,0.412020,-0.311000,-0.743000,-0.102000
-0.529740,-9.113490,1.373400,-0.406000,-0.441000,-0.143000
-0.196200,-11.016630,0.922140,-0.399000,-0.169000,-0.044000
0.215820,-10.898910,0.706320,-0.171000,0.067000,0.131000
-0.049050,-10.202400,1.520550,0.017000,0.072000,0.236000
-0.441450,-9.751140,1.677510,-0.060000,0.103000,0.286000
-0.461070,-9.358740,1.422450,-0.213000,0.085000,0.327000
-0.313920,-9.299880,0.981000,-0.320000,0.015000,0.336000
-0.186390,-9.270450,0.657270,-0.324000,-0.098000,0.339000
-0.304110,-8.985960,0.941760,-0.294000,-0.160000,0.344000
-0.559170,-8.672040,1.275300,-0.264000,-0.224000,0.330000
-0.804420,-8.750520,1.206630,-0.256000,-0.227000,0.298000
-0.863280,-9.182160,1.226250,-0.261000,-0.255000,0.258000
-1.098720,-9.505890,1.716750,-0.241000,-0.230000,0.185000
-1.442070,-9.594180,1.648080,-0.276000,-0.140000,0.090000
-1.657890,-9.653040,1.589220,-0.406000,0.103000,0.014000
-1.824660,-10.182780,1.069290,-0.493000,0.386000,-0.012000
-1.706940,-10.791000,0.627840,-0.504000,0.600000,-0.016000
-1.353780,-10.712520,0.333540,-0.457000,0.717000,-0.015000
-1.000620,-11.222640,0.461070,-0.265000,0.644000,0.029000
-0.402210,-12.076110,1.324350,0.020000,0.663000,-0.031000
-1.226250,-12.645090,2.550600,0.274000,0.768000,-0.128000
-1.137960,-15.548850,-0.804420,0.029000,0.826000,-0.077000
0.686700,-16.431750,-2.530980,-0.099000,0.795000,0.216000
1.108530,-13.390650,0.824040,0.145000,0.713000,0.017000
-0.931950,-13.351410,-2.638890,-0.081000,0.825000,-0.324000
-1.245870,-11.879910,-3.315780,-0.140000,0.951000,-0.245000
-0.137340,-9.976770,-3.551220,-0.231000,0.810000,-0.160000
1.540170,-10.172970,-3.345210,-0.224000,0.591000,-0.224000
2.079720,-10.388790,-2.540790,-0.108000,0.326000,-0.305000
1.432260,-9.682470,-1.716750,-0.031000,0.122000,-0.307000
0.480690,-9.633420,-1.206630,-0.028000,0.079000,-0.299000
-0.255060,-9.633420,-1.128150,-0.066000,0.177000,-0.289000
-0.412020,-8.956530,-0.686700,-0.070000,0.304000,-0.252000
0.029430,-8.014770,-0.873090,-0.096000,0.417000,-0.179000
0.372780,-7.367310,-0.814230,-0.148000,0.474000,-0.111000
0.676890,-7.082820,-0.441450,-0.129000,0.452000,-0.066000
0.206010,-7.073010,-0.029430,-0.147000,0.358000,0.005000
0.019620,-6.876810,0.264870,-0.170000,0.275000,0.111000
0.294300,-7.180920,-0.137340,-0.202000,0.183000,0.142000
0.490500,-7.671420,-0.343350,-0.235000,0.074000,0.118000
0.392400,-8.534700,-0.539550,-0.194000,-0.006000,0.044000
0.343350,-9.496080,-0.706320,-0.178000,0.021000,-0.032000
0.618030,-9.947340,-1.118340,-0.119000,0.107000,-0.109000
1.599030,-10.329930,-1.353780,0.029000,0.092000,-0.127000
2.079720,-10.683090,-0.814230,0.289000,-0.108000,-0.052000
1.991430,-10.683090,-0.107910,0.528000,-0.362000,0.042000
2.766420,-10.212210,1.236060,0.793000,-0.765000,0.086000
2.001240,-12.458700,-0.539550,0.687000,-1.051000,0.050000
0.313920,-12.546990,-2.619270,0.502000,-0.732000,-0.076000
-0.598410,-10.369170,-2.364210,0.541000,-0.703000,0.127000
-0.088290,-10.006200,-2.697750,0.395000,-0.866000,0.304000
-0.147150,-10.604610,-2.805660,0.265000,-0.921000,0.234000
-0.559170,-10.261260,-2.383830,0.249000,-0.872000,0.134000
-0.755370,-9.711900,-1.687320,0.247000,-0.743000,0.151000
-1.020240,-9.397980,-1.304730,0.213000,-0.539000,0.127000
-0.961380,-10.163160,-1.236060,0.186000,-0.367000,0.132000
-0.686700,-10.428030,-0.961380,0.190000,-0.251000,0.165000
-0.235440,-10.084680,-1.128150,0.160000,-0.193000,0.196000
-0.068670,-9.594180,-0.981000,0.122000,-0.190000,0.227000
-0.382590,-9.368550,-1.088910,0.045000,-0.196000,0.218000
-0.539550,-9.093870,-1.187010,0.028000,-0.158000,0.214000
-0.510120,-8.524890,-0.863280,0.009000,-0.112000,0.228000
-0.696510,-8.250210,-0.765180,-0.049000,-0.061000,0.263000
-0.755370,-8.034390,-0.804420,-0.097000,-0.045000,0.295000
-0.588600,-7.926480,-0.637650,-0.132000,-0.046000,0.301000
-0.833850,-8.093250,-0.225630,-0.147000,-0.077000,0.282000
-1.059480,-8.495460,-0.156960,-0.180000,-0.071000,0.258000
-1.216440,-8.622990,-0.255060,-0.203000,-0.056000,0.205000
-1.275300,-8.946720,0.039240,-0.188000,-0.102000,0.156000
-1.294920,-9.417600,0.500310,-0.184000,-0.039000,0.087000
-1.108530,-10.084680,0.559170,-0.170000,0.004000,0.024000
-0.912330,-10.143540,0.892710,-0.092000,0.069000,-0.034000
-0.824040,-10.074870,0.941760,0.010000,0.120000,-0.115000
-0.657270,-9.888480,1.088910,0.132000,0.155000,-0.248000
-0.510120,-9.388170,1.343970,0.332000,0.382000,-0.362000
-0.804420,-10.163160,1.069290,0.409000,0.605000,-0.374000
-0.578790,-12.095730,-0.637650,0.384000,0.638000,-0.305000
-0.529740,-13.086540,-1.422450,0.384000,0.479000,-0.174000
0.049050,-12.419460,-1.422450,0.231000,0.401000,-0.265000
-0.725940,-11.840670,-0.833850,0.215000,0.637000,-0.423000
-1.491120,-12.380220,-1.363590,0.134000,0.882000,-0.363000
-0.225630,-11.369790,-1.775610,0.023000,0.961000,-0.251000
1.442070,-10.398600,-1.520550,-0.030000,0.861000,-0.237000
1.706940,-10.280880,-1.294920,-0.045000,0.663000,-0.222000
0.941760,-10.182780,-0.480690,0.000000,0.521000,-0.253000
0.343350,-9.849240,-0.107910,-0.006000,0.449000,-0.317000
0.009810,-9.250830,-0.088290,-0.043000,0.377000,-0.318000
0.245250,-8.622990,0.029430,-0.047000,0.356000,-0.296000
0.529740,-8.289450,-0.019620,-0.081000,0.311000,-0.278000
0.814230,-8.240400,-0.461070,-0.124000,0.262000,-0.221000
1.108530,-8.299260,-0.686700,-0.176000,0.143000,-0.168000
1.363590,-8.377740,-0.824040,-0.188000,0.010000,-0.136000
1.432260,-8.554320,-0.745560,-0.168000,-0.123000,-0.129000
1.108530,-8.495460,-0.372780,-0.127000,-0.230000,-0.113000
0.735750,-8.573940,0.127530,-0.110000,-0.320000,-0.112000
0.608220,-8.927100,0.196200,-0.129000,-0.302000,-0.124000
0.922140,-9.574560,0.402210,-0.148000,-0.252000,-0.179000
1.628460,-9.908100,0.294300,-0.200000,-0.274000,-0.209000
1.755990,-10.035630,0.039240,-0.224000,-0.333000,-0.190000
1.785420,-10.172970,0.618030,-0.246000,-0.432000,-0.171000
1.500930,-10.035630,0.794610,-0.238000,-0.421000,-0.154000
1.294920,-10.172970,0.696510,-0.136000,-0.357000,-0.083000
1.471500,-10.369170,-0.255060,0.046000,-0.428000,0.030000
1.177200,-11.114730,-1.824660,0.142000,-0.592000,0.047000
0.147150,-11.252070,-1.285110,0.219000,-0.832000,-0.032000
0.716130,-12.017250,-0.647460,0.246000,-1.063000,-0.087000

