-.-.-
0.039240,-8.132490,-2.442690,0.003000,0.485000,-0.116000
0.127530,-8.279640,-2.354400,-0.002000,0.558000,-0.128000
0.284490,-8.377740,-2.413260,-0.006000,0.621000,-0.111000
0.186390,-8.299260,-2.393640,-0.001000,0.633000,-0.068000
0.186390,-8.210970,-2.423070,-0.015000,0.655000,-0.051000
0.343350,-8.309070,-2.344590,-0.018000,0.672000,-0.063000
0.686700,-8.348310,-2.060100,-0.004000,0.676000,-0.062000
1.079100,-8.495460,-1.922760,-0.001000,0.680000,-0.038000
1.108530,-8.544510,-1.863900,-0.007000,0.650000,-0.001000
0.804420,-8.309070,-2.011050,-0.024000,0.599000,0.024000
0.774990,-8.132490,-1.863900,-0.016000,0.529000,0.019000
1.059480,-8.328690,-1.716750,-0.027000,0.448000,0.002000
1.118340,-8.632800,-1.549980,-0.047000,0.378000,0.005000
0.951570,-8.966340,-1.432260,-0.089000,0.335000,0.009000
0.765180,-9.123300,-1.657890,-0.151000,0.349000,0.010000
0.863280,-9.084060,-1.746180,-0.192000,0.344000,0.000000
1.216440,-9.270450,-1.971810,-0.176000,0.277000,0.021000
1.147770,-9.476460,-1.599030,-0.063000,0.120000,0.056000
0.765180,-9.888480,-1.079100,0.031000,0.034000,0.035000
0.912330,-10.467270,-0.892710,0.035000,0.052000,0.023000
1.559790,-11.055870,-1.294920,0.000000,0.052000,0.058000
1.196820,-11.467890,-2.011050,0.071000,0.044000,0.064000
0.117720,-12.792240,-4.169250,0.039000,0.286000,-0.002000
-1.275300,-13.606470,-3.531600,0.063000,0.413000,-0.100000
2.011050,-13.037490,-4.777470,0.078000,0.009000,0.006000
5.042340,-13.469130,-5.179680,0.114000,-0.497000,-0.006000
2.874330,-12.507750,-5.464170,0.129000,-0.839000,-0.039000
-0.431640,-10.153350,-4.748040,0.113000,-0.943000,-0.060000
-1.059480,-8.809380,-4.316400,0.037000,-0.780000,-0.084000
-0.225630,-8.917290,-3.973050,0.015000,-0.656000,-0.002000
0.294300,-9.280260,-4.051530,-0.014000,-0.600000,0.115000
0.098100,-9.211590,-3.610080,-0.033000,-0.555000,0.184000
-0.794610,-8.583750,-2.943000,-0.011000,-0.401000,0.198000
-1.353780,-8.377740,-2.550600,0.011000,-0.303000,0.200000
-1.206630,-8.299260,-2.226870,0.044000,-0.205000,0.218000
-0.725940,-8.269830,-2.177820,0.084000,-0.126000,0.257000
-0.392400,-8.073630,-2.266110,0.093000,-0.111000,0.305000
-0.049050,-7.671420,-2.432880,0.092000,-0.112000,0.301000
-0.107910,-7.239780,-2.148390,0.112000,-0.172000,0.289000
-0.451260,-7.053390,-2.020860,0.122000,-0.231000,0.254000
-0.696510,-7.308450,-1.834470,0.112000,-0.274000,0.192000
-0.902520,-7.573320,-1.726560,0.108000,-0.269000,0.148000
-1.118340,-7.877430,-1.785420,0.087000,-0.235000,0.124000
-1.255680,-8.210970,-1.912950,0.071000,-0.164000,0.102000
-1.167390,-8.397360,-1.697130,0.083000,-0.051000,0.068000
-1.167390,-8.740710,-1.540170,0.067000,0.029000,0.034000
-0.981000,-9.172350,-1.569600,0.034000,0.088000,0.015000
-0.863280,-9.466650,-1.589220,0.018000,0.093000,0.017000
-0.824040,-9.476460,-1.805040,-0.009000,0.082000,-0.001000
-0.814230,-9.427410,-1.520550,0.019000,0.059000,-0.020000
-0.863280,-9.348930,-1.226250,0.022000,0.025000,-0.023000
-1.049670,-9.378360,-1.118340,0.021000,0.027000,-0.037000
-0.931950,-9.427410,-1.128150,0.004000,0.047000,-0.067000
-0.814230,-9.613800,-1.236060,-0.020000,0.050000,-0.099000
-0.725940,-9.908100,-1.412640,-0.025000,0.054000,-0.118000
-0.657270,-10.192590,-1.422450,0.025000,0.024000,-0.109000
-0.686700,-10.732140,-1.343970,0.058000,0.008000,-0.096000
-0.735750,-11.624850,-1.942380,0.050000,0.032000,-0.100000
-0.912330,-12.458700,-3.776850,0.069000,-0.199000,-0.076000
1.657890,-13.841910,-3.924000,-0.073000,-0.284000,0.003000
-0.892710,-12.851100,-2.786040,-0.186000,-0.325000,0.020000
-4.649940,-13.547610,-3.188250,-0.138000,0.010000,-0.081000
-3.198060,-12.282120,-3.315780,-0.021000,0.378000,-0.081000
-0.323730,-10.280880,-4.306590,-0.069000,0.515000,0.003000
1.245870,-8.878050,-4.375260,-0.066000,0.365000,0.094000
0.019620,-8.466030,-3.894570,-0.061000,0.191000,0.008000
-0.618030,-8.887860,-3.767040,-0.048000,0.177000,-0.201000
0.117720,-9.319500,-3.561030,-0.052000,0.121000,-0.290000
1.098720,-8.691660,-3.364830,-0.042000,-0.071000,-0.222000
0.990810,-8.348310,-3.021480,-0.036000,-0.229000,-0.188000
0.657270,-8.181540,-2.717370,0.001000,-0.351000,-0.246000
0.725940,-8.054010,-2.511360,0.027000,-0.433000,-0.353000
0.931950,-8.142300,-2.511360,0.055000,-0.534000,-0.433000
0.951570,-8.181540,-2.472120,0.084000,-0.612000,-0.436000
0.608220,-8.210970,-2.442690,0.103000,-0.657000,-0.419000
0.470880,-8.142300,-2.452500,0.114000,-0.653000,-0.412000
0.618030,-8.220780,-2.511360,0.111000,-0.647000,-0.413000
0.755370,-8.279640,-2.619270,0.117000,-0.664000,-0.425000
0.706320,-8.328690,-2.570220,0.130000,-0.681000,-0.446000
0.843660,-8.416980,-2.246490,0.137000,-0.706000,-0.448000
0.882900,-8.730900,-2.226870,0.090000,-0.756000,-0.439000
0.529740,-8.848620,-2.030670,0.084000,-0.772000,-0.428000
0.362970,-8.917290,-2.001240,0.032000,-0.739000,-0.431000
0.559170,-8.907480,-2.207250,-0.023000,-0.699000,-0.431000
0.774990,-9.044820,-2.236680,-0.054000,-0.666000,-0.432000
1.010430,-9.241020,-1.971810,-0.069000,-0.666000,-0.420000
1.167390,-9.319500,-2.020860,-0.122000,-0.648000,-0.395000
1.196820,-9.270450,-2.050290,-0.144000,-0.643000,-0.380000
1.059480,-9.152730,-1.854090,-0.155000,-0.600000,-0.377000
1.059480,-9.309690,-2.020860,-0.210000,-0.560000,-0.358000
1.432260,-9.574560,-2.011050,-0.226000,-0.538000,-0.300000
1.608840,-9.653040,-2.079720,-0.201000,-0.542000,-0.257000
1.618650,-9.466650,-1.863900,-0.129000,-0.574000,-0.254000
1.638270,-9.407790,-1.873710,-0.101000,-0.654000,-0.260000
1.697130,-9.339120,-1.912950,-0.103000,-0.756000,-0.281000
1.755990,-9.339120,-1.814850,-0.100000,-0.878000,-0.312000
1.775610,-9.290070,-1.805040,-0.095000,-1.003000,-0.322000
1.716750,-9.329310,-1.500930,-0.083000,-1.136000,-0.297000
1.755990,-9.476460,-1.422450,-0.103000,-1.241000,-0.248000
1.912950,-10.369170,-3.198060,-0.230000,-1.044000,-0.289000
0.627840,-9.790380,-3.050910,-0.251000,-1.195000,-0.193000
-0.058860,-9.829620,-3.698370,-0.199000,-1.213000,-0.052000
0.431640,-11.026440,-2.511360,-0.102000,-1.324000,-0.296000
2.109150,-11.104920,-2.540790,-0.003000,-1.341000,-0.282000
1.854090,-11.811240,-3.178440,-0.073000,-1.186000,-0.192000
0.176580,-12.576420,-4.179060,-0.091000,-0.995000,-0.152000
0.461070,-11.928960,-4.443930,-0.052000,-0.998000,-0.070000
1.805040,-11.526750,-4.424310,0.020000,-1.242000,-0.123000
1.275300,-10.320120,-4.198680,-0.003000,-1.558001,-0.164000
-0.549360,-9.643230,-3.924000,0.026000,-1.601001,-0.249000
-1.903140,-9.162540,-3.727800,0.053000,-1.495001,-0.286000
-2.177820,-9.172350,-3.394260,0.102000,-1.356000,-0.215000
-1.216440,-9.270450,-3.325590,0.142000,-1.213000,-0.146000
-0.412020,-9.456840,-3.325590,0.155000,-1.158000,-0.171000
-0.294300,-9.584370,-3.266730,0.190000,-1.187000,-0.229000
0.058860,-9.348930,-3.001860,0.241000,-1.246000,-0.277000
0.313920,-8.976150,-2.717370,0.297000,-1.336000,-0.288000
0.264870,-8.770140,-2.560410,0.327000,-1.450001,-0.303000
0.000000,-8.505270,-2.462310,0.343000,-1.533001,-0.345000
-0.147150,-8.260020,-2.432880,0.350000,-1.601001,-0.337000
-0.392400,-8.250210,-2.393640,0.306000,-1.676001,-0.280000
-0.824040,-8.034390,-2.354400,0.292000,-1.735001,-0.254000
-1.030050,-7.789140,-2.177820,0.300000,-1.782001,-0.250000
-0.833850,-7.867620,-2.266110,0.258000,-1.755001,-0.289000
-0.833850,-8.034390,-2.138580,0.236000,-1.707001,-0.324000
-0.990810,-8.044200,-2.148390,0.236000,-1.658001,-0.337000
-0.676890,-8.397360,-2.334780,0.182000,-1.596001,-0.345000
-0.206010,-8.770140,-2.874330,0.096000,-1.640001,-0.309000

