-.-.-
36,-258,-81,-42,-43,13
32,-256,-83,-36,-46,15
34,-256,-81,-27,-49,18
38,-255,-80,-22,-52,24
39,-256,-83,-22,-52,27
34,-256,-84,-28,-53,26
34,-254,-84,-36,-53,31
36,-256,-84,-47,-51,33
34,-255,-79,-55,-48,39
40,-257,-85,-64,-45,41
12,-266,-104,-76,-41,43
40,-257,-80,-108,-29,70
37,-256,-81,-97,-27,59
40,-260,-84,-84,-32,51
36,-262,-84,-83,-31,46
35,-261,-78,-83,-27,47
36,-261,-84,-84,-25,49
36,-263,-83,-83,-23,52
34,-257,-84,-77,-20,54
34,-257,-86,-67,-15,60
38,-260,-85,-60,-11,59
35,-258,-80,-59,-7,52
36,-260,-84,-58,-1,53
34,-259,-86,-54,6,52
33,-258,-84,-53,12,49
32,-261,-81,-56,19,46
33,-261,-77,-57,25,47
32,-259,-82,-53,27,50
28,-255,-81,-47,28,47
29,-261,-80,-45,30,42
31,-260,-83,-45,30,38
29,-262,-82,-43,31,32
30,-257,-80,-39,30,27
30,-258,-81,-29,31,20
31,-257,-83,-20,32,15
30,-258,-78,-14,31,9
33,-260,-80,-14,29,5
29,-257,-80,-14,26,3
29,-255,-80,-17,23,-2
29,-256,-75,-26,20,-5
30,-255,-80,-36,18,-9
29,-255,-77,-50,16,-13
30,-255,-81,-62,16,-15
29,-256,-80,-68,19,-18
27,-255,-80,-73,19,-20
28,-256,-77,-74,18,-24
30,-255,-78,-73,17,-27
27,-254,-82,-70,18,-30
31,-255,-81,-67,19,-34
29,-254,-82,-69,21,-37
33,-253,-81,-75,25,-40
35,-256,-81,-86,29,-40
33,-252,-80,-99,33,-40
33,-256,-81,-111,35,-41
34,-252,-79,-119,39,-39
33,-256,-82,-122,42,-36
34,-255,-80,-119,46,-34
37,-251,-82,-112,51,-31
34,-253,-82,-108,58,-28
33,-251,-81,-114,62,-27
36,-253,-80,-120,68,-24
34,-254,-90,-133,74,-19
30,-257,-83,-158,76,-3
32,-261,-76,-190,69,11
34,-264,-73,-194,55,13
33,-264,-78,-176,44,18
34,-266,-79,-153,39,15
29,-268,-81,-139,35,0
28,-272,-78,-131,37,-4
34,-275,-80,-130,43,-3
29,-271,-79,-122,47,-3
31,-272,-82,-105,50,-5
31,-271,-83,-88,51,-2
31,-264,-82,-77,51,-3
35,-262,-80,-73,46,-1
32,-258,-84,-72,45,-1
34,-256,-86,-72,45,2
35,-255,-84,-77,46,0
31,-255,-85,-89,46,-2
33,-254,-88,-99,48,-3
31,-256,-81,-111,49,-5
33,-253,-86,-121,49,-6
33,-256,-83,-127,48,-7
31,-254,-84,-136,44,-7
33,-255,-85,-146,39,-7
32,-259,-86,-156,34,-7
33,-259,-89,-165,28,-7
32,-258,-82,-170,21,-5
35,-260,-81,-175,16,-7
31,-260,-87,-180,10,-6
32,-259,-88,-182,4,-8
30,-259,-88,-181,1,-7
29,-259,-83,-175,-3,-6
31,-262,-90,-167,-5,-7
30,-261,-91,-156,-7,-9
29,-260,-90,-147,-7,-9
31,-261,-90,-138,-9,-7
28,-260,-87,-131,-13,-9
28,-261,-91,-127,-20,-9
29,-259,-92,-122,-27,-8
33,-259,-92,-118,-32,-9
32,-267,-99,-114,-38,-8
33,-257,-95,-114,-43,-8
33,-256,-91,-112,-47,-9
35,-259,-90,-109,-50,-11
30,-257,-93,-107,-53,-12
34,-259,-95,-106,-55,-12
34,-258,-94,-106,-57,-11
31,-260,-93,-106,-58,-11
32,-260,-91,-103,-61,-12
35,-259,-92,-97,-61,-13
35,-258,-93,-92,-62,-13
34,-259,-105,-83,-62,-12
38,-259,-93,-74,-63,-11
37,-256,-91,-65,-61,-10
37,-256,-94,-57,-61,-7
37,-256,-100,-50,-57,-5
37,-256,-92,-45,-55,-3
40,-255,-97,-42,-53,-1
39,-257,-93,-42,-49,2
39,-256,-93,-42,-45,4
39,-254,-96,-43,-37,6
41,-256,-95,-42,-31,8
38,-267,-84,-47,-22,9
42,-256,-90,-51,-12,10
42,-255,-97,-56,0,11
41,-252,-92,-62,11,11
44,-252,-90,-69,19,14
44,-250,-92,-76,27,17
40,-253,-90,-81,32,18
43,-255,-93,-87,37,20
44,-255,-92,-92,40,21
45,-256,-90,-98,44,26
40,-257,-92,-103,46,26
48,-263,-80,-107,52,28
43,-258,-94,-109,56,29
43,-256,-95,-108,62,31
41,-257,-96,-105,69,30
40,-257,-92,-100,75,29
41,-256,-95,-95,80,27
39,-257,-89,-92,87,26
41,-257,-92,-87,92,22
36,-258,-91,-86,97,18
36,-254,-89,-87,102,16
34,-255,-93,-91,104,13
39,-259,-89,-98,109,9
30,-258,-85,-109,113,5
34,-257,-85,-119,118,1
34,-261,-87,-127,124,-5
31,-261,-87,-132,128,-8
30,-259,-86,-134,133,-12
30,-258,-84,-136,135,-18
31,-259,-89,-136,135,-23
31,-261,-90,-135,133,-25
33,-260,-87,-130,130,-27
32,-259,-91,-126,129,-31
28,-258,-86,-118,128,-33
30,-257,-89,-108,127,-33
33,-257,-94,-100,128,-35
34,-256,-86,-91,126,-36
28,-256,-87,-87,124,-39
32,-253,-93,-84,123,-37
31,-256,-90,-82,122,-38
31,-257,-85,-84,121,-40
33,-258,-88,-87,119,-40
31,-255,-87,-89,118,-42
33,-255,-86,-92,113,-43
31,-245,-95,-98,106,-44
31,-252,-86,-100,99,-44
31,-255,-87,-101,89,-42
34,-255,-90,-101,80,-42
31,-256,-88,-100,71,-43
31,-256,-89,-99,63,-44
32,-258,-90,-97,57,-46
32,-254,-86,-97,55,-46
33,-255,-89,-98,51,-48
35,-256,-88,-103,52,-48
33,-256,-88,-107,54,-45
37,-253,-90,-112,56,-44
35,-255,-82,-118,57,-46
40,-256,-86,-121,56,-48
39,-256,-88,-126,51,-48
37,-256,-85,-131,46,-49
33,-255,-84,-136,40,-46
37,-254,-89,-140,33,-45
34,-256,-88,-148,26,-44
33,-256,-85,-157,18,-43
32,-257,-90,-168,10,-42
35,-257,-90,-180,4,-40
31,-259,-91,-191,-1,-44
33,-256,-93,-202,-7,-50
35,-257,-92,-211,-10,-53
37,-258,-96,-222,-16,-59
34,-258,-93,-223,-18,-58
34,-260,-95,-216,-17,-56
30,-258,-94,-197,-17,-56
33,-256,-95,-172,-19,-56
30,-255,-92,-139,-22,-55
33,-255,-100,-93,-21,-59
30,-256,-105,-65,-22,-63
35,-256,-113,-67,-31,-67
34,-255,-106,-99,-49,-66
37,-256,-106,-125,-67,-67
34,-256,-105,-137,-78,-72
36,-260,-103,-133,-78,-80
36,-261,-105,-129,-73,-87
31,-259,-109,-144,-74,-97
36,-260,-108,-158,-74,-92
35,-256,-101,-154,-74,-91
36,-258,-105,-133,-85,-96
37,-255,-108,-110,-99,-103
38,-252,-103,-89,-109,-105
37,-249,-105,-75,-115,-107
38,-249,-103,-64,-113,-107
38,-255,-102,-59,-105,-104
40,-253,-99,-53,-94,-103
39,-256,-100,-51,-82,-98
41,-258,-97,-50,-74,-91
36,-257,-103,-51,-74,-86
34,-257,-101,-51,-78,-78
36,-257,-103,-50,-89,-73
32,-256,-105,-47,-105,-68
36,-255,-107,-45,-119,-64
33,-256,-104,-45,-129,-61
32,-256,-106,-44,-135,-59
33,-255,-105,-45,-138,-58
30,-252,-104,-46,-138,-57
35,-254,-105,-44,-133,-55
34,-251,-105,-44,-125,-56
34,-249,-100,-43,-120,-54
38,-251,-99,-44,-111,-53
35,-248,-98,-49,-102,-55
41,-251,-97,-54,-92,-56
39,-252,-97,-59,-82,-56
41,-253,-100,-63,-72,-54
41,-248,-99,-68,-64,-52
40,-250,-99,-69,-60,-49
37,-251,-97,-73,-57,-43
40,-254,-97,-76,-57,-40
39,-252,-103,-82,-57,-36
38,-252,-103,-88,-60,-31
35,-254,-104,-94,-59,-25
37,-254,-103,-104,-59,-19
38,-257,-99,-111,-58,-15
39,-257,-101,-116,-57,-12
38,-257,-99,-120,-55,-10
41,-258,-103,-121,-53,-7
40,-257,-98,-118,-51,-4
44,-256,-103,-117,-47,0
44,-255,-101,-116,-43,1
41,-254,-107,-115,-39,2
41,-255,-103,-117,-34,5
43,-255,-100,-125,-27,6
43,-255,-101,-133,-21,7
44,-257,-100,-139,-11,8
43,-255,-94,-144,-3,11
42,-254,-101,-146,4,13
45,-256,-99,-148,11,15
43,-257,-96,-141,18,18
44,-255,-100,-135,25,20
43,-253,-99,-131,36,22
43,-255,-104,-130,44,23
46,-253,-104,-130,55,26
41,-253,-101,-133,65,28
44,-253,-101,-134,70,29
43,-255,-105,-136,75,30
44,-256,-109,-134,78,29
45,-254,-106,-134,85,29
43,-256,-104,-133,92,30
45,-255,-103,-131,100,30
42,-253,-100,-129,109,30
42,-254,-103,-129,118,30
48,-255,-99,-131,129,29
45,-255,-102,-133,138,29
45,-254,-100,-136,146,30
46,-255,-101,-138,151,31
45,-256,-100,-141,156,33
45,-253,-102,-141,157,34
46,-256,-103,-142,157,36
41,-255,-101,-143,159,37
44,-255,-99,-143,159,36
42,-256,-100,-142,159,37
40,-257,-105,-141,160,38
43,-256,-107,-139,164,39
42,-254,-104,-138,167,38
40,-254,-104,-137,170,38
41,-252,-103,-134,173,37
38,-256,-104,-128,174,34
42,-255,-104,-123,176,34
41,-257,-105,-117,177,33
45,-257,-101,-114,179,31
42,-254,-105,-111,178,28
44,-254,-101,-108,178,28
40,-255,-101,-106,178,26
42,-253,-103,-105,175,25
39,-254,-101,-104,172,24
42,-253,-103,-103,170,23
42,-253,-102,-102,168,23
40,-255,-104,-103,167,22
40,-253,-105,-99,166,21
41,-252,-105,-99,165,21
38,-255,-102,-101,165,18
37,-248,-104,-105,164,17
38,-252,-105,-108,162,17
40,-253,-108,-110,159,16
39,-252,-103,-112,157,16
38,-252,-106,-114,156,17
38,-253,-109,-116,155,16
38,-252,-105,-118,154,16
40,-252,-109,-120,153,15
37,-252,-104,-123,150,15
37,-250,-104,-127,148,15
36,-251,-104,-128,145,15
40,-251,-107,-131,141,14
39,-255,-104,-134,138,15
40,-252,-104,-136,135,16
37,-248,-107,-141,132,16
38,-250,-108,-145,129,16
39,-251,-105,-149,127,17
37,-252,-109,-154,126,16
37,-248,-106,-158,126,17
40,-250,-110,-162,125,18
38,-252,-109,-166,126,19
41,-246,-108,-170,128,19
41,-249,-116,-174,132,21
40,-252,-110,-178,134,22
42,-247,-111,-184,135,24
42,-250,-109,-190,134,25
42,-249,-110,-196,133,29
43,-248,-110,-201,130,30
41,-245,-111,-206,128,32
39,-247,-112,-210,125,34
36,-243,-115,-214,126,37
38,-246,-114,-220,128,40
39,-243,-115,-228,132,43
38,-244,-121,-234,137,46
37,-242,-120,-243,142,50
36,-241,-119,-253,149,53
37,-242,-123,-261,154,57
37,-239,-124,-272,158,57
32,-241,-124,-283,156,59
38,-240,-124,-289,154,59
33,-239,-129,-290,149,58
32,-237,-127,-291,140,55
34,-234,-132,-293,128,47
29,-225,-130,-293,111,39
29,-225,-131,-295,92,29
27,-219,-130,-299,71,16
28,-214,-132,-307,50,7
26,-210,-137,-317,27,-1
28,-201,-135,-330,9,-6
29,-196,-140,-345,-5,-13
29,-187,-140,-365,-20,-18
28,-181,-142,-387,-28,-20
31,-173,-146,-410,-33,-15
26,-168,-147,-433,-37,-7
30,-160,-144,-455,-39,-1
30,-152,-143,-474,-40,15
32,-147,-139,-497,-41,24
35,-137,-146,-520,-40,33
29,-129,-136,-545,-38,51
32,-126,-137,-569,-32,71
29,-121,-142,-596,-29,81
27,-114,-134,-623,-20,95
28,-110,-132,-645,-3,119
23,-103,-128,-672,16,138
30,-97,-127,-704,43,165
31,-92,-116,-734,75,176
33,-91,-114,-744,115,186
35,-90,-101,-755,164,187
36,-92,-106,-772,212,179
39,-91,-95,-791,259,168
41,-94,-89,-795,307,159
43,-95,-82,-787,352,154
43,-94,-75,-765,378,160
43,-105,-78,-744,393,170
44,-109,-81,-741,398,176
43,-113,-77,-750,395,183
42,-120,-83,-756,384,188
43,-123,-89,-763,365,191
49,-128,-92,-789,347,194
49,-129,-102,-837,337,190
54,-135,-99,-903,336,179
48,-145,-105,-979,347,175
43,-155,-111,-1065,368,173
43,-174,-112,-1166,402,178
44,-195,-113,-1282,447,189
42,-223,-111,-1403,506,206
33,-258,-109,-1499,585,227
26,-307,-105,-1556,684,249
24,-359,-105,-1557,798,266
6,-418,-90,-1485,922,282
-18,-465,-101,-1323,1050,313
-39,-500,-131,-1076,1162,367
-59,-519,-175,-796,1227,407
-63,-534,-226,-554,1218,397
-60,-542,-262,-376,1128,338
-48,-553,-282,-232,951,249
-15,-576,-273,-95,720,151
25,-605,-255,80,477,63
75,-642,-240,315,276,-13
108,-676,-237,605,159,-78
139,-721,-244,934,138,-115
151,-771,-259,1246,205,-123
163,-814,-273,1496,323,-115
163,-860,-290,1669,438,-91
165,-902,-302,1767,516,-81
153,-943,-296,1791,551,-121
125,-978,-301,1772,530,-165
85,-1008,-295,1725,467,-164
70,-1027,-317,1659,367,-117
35,-1035,-336,1586,253,-67
2,-1032,-338,1529,136,-12
-15,-1023,-348,1572,1,18
-15,-1012,-343,1645,-127,-13
-21,-975,-311,1719,-246,-95
-29,-940,-266,1833,-348,-130
-12,-895,-220,1979,-453,-110
2,-847,-197,2121,-569,-115
-8,-787,-167,2186,-670,-161
-14,-728,-135,2187,-761,-213
-6,-667,-140,2201,-846,-232
-4,-612,-156,2164,-894,-237
2,-541,-128,2006,-902,-240
2,-468,-117,1918,-891,-251
0,-400,-111,1871,-888,-269
-2,-353,-130,1841,-916,-328
-15,-295,-128,1708,-982,-454
-2,-246,-116,1537,-1069,-588
-14,-196,-117,1418,-1149,-732
-29,-144,-117,1329,-1204,-844
-21,-69,-95,1317,-1196,-897
-3,3,-92,1494,-1107,-954
2,105,-85,1834,-967,-1037
27,122,-123,2261,-796,-1123
81,137,-147,2615,-656,-1290
59,131,-190,3036,-647,-1524
-12,64,-276,3708,-814,-1682
-72,-37,-401,4669,-1054,-1568
-65,-133,-539,5689,-1224,-1345
-57,-157,-636,6407,-1203,-1368
-88,-95,-648,6587,-1059,-1532
-95,64,-577,6184,-892,-1626
-105,249,-474,5279,-819,-1488
-104,399,-295,4204,-774,-1176
-76,542,-142,3206,-771,-779
-42,616,-63,2027,-806,-396
9,640,7,829,-833,-143
43,573,51,-199,-776,62
46,351,7,-789,-640,248
109,60,-13,-1349,-507,571
118,-104,55,-1843,-429,712
101,-196,126,-1859,-444,665
94,-238,160,-1378,-525,562
107,-236,178,-567,-619,428
150,-192,154,344,-711,257
156,-112,120,1119,-766,40
148,-17,69,1646,-780,-182
145,72,9,1924,-749,-369
125,148,-54,1993,-669,-510
104,196,-116,1905,-547,-607
89,218,-174,1670,-381,-655
76,213,-220,1272,-163,-663
63,193,-246,719,96,-655
45,161,-240,86,372,-615
42,124,-211,-510,648,-528
47,76,-179,-973,895,-437
44,35,-144,-1270,1085,-375
27,0,-112,-1404,1193,-334
18,-33,-84,-1397,1208,-296
4,-59,-63,-1285,1149,-258
0,-71,-49,-1108,1046,-225
-6,-86,-34,-895,918,-208
-2,-93,-37,-674,780,-215
-9,-88,-31,-460,651,-246
-13,-73,-31,-251,530,-278
-18,-54,-34,-51,419,-300
-26,-26,-47,122,313,-300
-29,-12,-52,244,214,-287
-29,1,-64,301,127,-269
-22,11,-78,304,57,-246
-14,13,-95,263,8,-218
-6,14,-101,200,-18,-185
2,12,-104,132,-25,-155
4,13,-104,72,-19,-126
13,12,-101,21,-11,-91
18,9,-96,-20,-7,-50
25,7,-92,-52,-5,-12
31,8,-92,-71,-7,19
37,11,-96,-87,-12,44
38,11,-99,-104,-21,59
38,14,-103,-120,-38,68
39,14,-107,-134,-62,67
37,19,-111,-152,-88,64
31,25,-118,-176,-113,60
23,23,-119,-223,-132,51
21,26,-121,-296,-151,42
18,25,-120,-390,-178,43
12,25,-118,-505,-223,62
7,22,-119,-646,-291,78
0,16,-113,-799,-381,95
-4,10,-107,-934,-488,118
9,5,-91,-1038,-590,161
31,-3,-67,-1103,-656,221
65,-16,-32,-1121,-655,277
86,-35,-9,-1125,-552,339
19,-55,-9,-1078,-439,419
50,-87,-40,-1122,-485,473
105,-145,-50,-1296,-530,527
184,-218,-36,-1486,-447,574
208,-273,-67,-1663,-281,596
211,-347,-105,-1864,-98,602
229,-454,-82,-2038,123,610
267,-575,-4,-2161,451,594
312,-715,114,-2262,874,579
321,-899,229,-2337,1199,591
311,-1176,247,-2384,1300,529
321,-1469,159,-2497,1350,234
306,-1664,127,-2837,1466,-192
281,-1721,138,-3178,1399,-401
246,-1674,58,-2869,1005,-243
164,-1518,-137,-1804,503,203
68,-1319,-246,-473,211,644
13,-1121,-202,842,66,801
29,-944,-117,1989,-92,818
122,-779,-40,2754,-160,806
251,-652,13,3007,-45,707
352,-536,44,2938,285,526
397,-449,54,2707,768,363
399,-388,58,2432,1277,295
345,-338,40,2183,1690,278
254,-307,20,1952,1921,290
150,-287,3,1735,1970,282
56,-283,-13,1524,1887,211
-31,-278,-19,1283,1704,90
-87,-269,-7,1037,1449,-76
-127,-270,-4,781,1143,-264
-153,-259,-4,501,809,-409
-154,-252,2,259,493,-495
-139,-239,1,54,222,-523
-121,-219,-5,-111,12,-507
-94,-191,-9,-199,-139,-451
-64,-163,-17,-220,-257,-383
-48,-149,-31,-219,-352,-349
-32,-129,-26,-216,-428,-344
-22,-113,-31,-181,-499,-332
-13,-102,-39,-125,-560,-267
0,-103,-41,-69,-605,-165
15,-94,-38,-23,-637,-81
27,-78,-36,42,-640,-27
33,-55,-31,151,-617,4
53,-49,-39,285,-583,19
62,-48,-55,347,-556,27
71,-51,-60,299,-548,53
82,-58,-64,164,-561,94
86,-68,-67,-17,-590,135
95,-78,-74,-211,-625,151
97,-87,-70,-374,-654,162
100,-105,-75,-487,-671,165
101,-124,-73,-576,-673,155
110,-141,-73,-645,-650,134
109,-157,-67,-701,-604,102
115,-174,-62,-732,-535,59
117,-193,-59,-738,-446,7
116,-209,-55,-712,-350,-49
111,-220,-49,-651,-249,-102
111,-235,-50,-565,-154,-148
98,-246,-50,-474,-74,-178
94,-255,-49,-381,-11,-194
89,-259,-49,-292,32,-201
85,-262,-43,-208,64,-205
77,-268,-35,-134,83,-208
72,-270,-25,-69,90,-196
69,-278,-19,-21,85,-170
68,-288,-18,4,66,-129
65,-297,-13,3,38,-78
64,-309,-13,-26,-3,-8
62,-325,0,-76,-55,60
55,-340,-8,-136,-112,126
47,-354,-14,-190,-171,187
40,-364,-14,-228,-229,236
33,-371,-20,-244,-284,271
33,-372,-29,-234,-328,291
30,-367,-36,-193,-363,291
33,-361,-40,-127,-374,259
38,-344,-49,-34,-372,193
42,-327,-52,72,-362,119
46,-310,-55,186,-349,45
56,-308,-43,293,-339,-32
60,-275,-61,388,-335,-104
66,-257,-62,482,-335,-173
75,-242,-57,544,-331,-233
79,-229,-57,588,-318,-279
89,-215,-52,625,-290,-313
95,-202,-52,647,-249,-324
100,-196,-49,634,-194,-293
102,-194,-46,603,-137,-239
106,-193,-40,561,-92,-182
103,-192,-39,508,-51,-118
104,-188,-44,438,-10,-51
102,-203,-27,354,28,13
99,-212,-22,261,59,71
99,-220,-23,167,85,118
97,-227,-18,83,101,156
94,-237,-14,14,105,183
88,-249,-11,-41,96,190
81,-257,-16,-71,72,177
74,-264,-9,-81,39,148
65,-266,-10,-71,5,107
69,-265,-21,-45,-23,66
57,-269,-13,-8,-45,29
58,-267,-8,25,-57,-1
55,-264,-10,52,-60,-22
51,-264,-9,69,-56,-36
52,-262,-12,80,-54,-44
50,-257,-10,92,-53,-48
48,-257,-7,102,-56,-41
49,-255,-9,105,-62,-31
53,-255,-12,96,-65,-21
51,-255,-7,77,-70,-8
49,-255,-12,54,-80,6
56,-256,-7,30,-95,16
56,-260,-4,13,-112,24
59,-261,-9,1,-135,30
62,-263,-3,-5,-158,33
68,-267,-3,7,-180,29
64,-263,-10,35,-201,15
66,-264,-11,68,-217,-3
71,-265,-11,100,-228,-21
73,-263,-13,127,-236,-35
71,-256,-13,141,-239,-46
75,-256,-22,143,-238,-51
76,-253,-20,131,-236,-50
75,-249,-17,106,-235,-42
75,-244,-16,78,-234,-30
77,-244,-14,53,-234,-21
78,-241,-16,29,-232,-10
81,-243,-17,8,-227,2
83,-241,-15,-11,-220,13
88,-242,-12,-23,-211,26
87,-240,-7,-35,-201,39
86,-241,-11,-46,-188,49
91,-242,-11,-56,-171,59
89,-242,-8,-65,-150,67
88,-243,-13,-76,-129,72
91,-243,-9,-86,-108,74
87,-245,-11,-97,-88,75
85,-249,-9,-109,-71,72
83,-250,-4,-124,-58,68
79,-250,-1,-138,-48,66
82,-253,-2,-150,-40,61
76,-253,-7,-161,-36,55
76,-253,-3,-169,-30,51
76,-256,-1,-168,-25,43
76,-260,-4,-162,-19,35
76,-257,-5,-154,-13,27
77,-260,-5,-142,-7,22
78,-259,-4,-129,0,17
82,-259,-6,-115,9,13
83,-260,-2,-102,20,10
86,-259,-2,-88,29,8
86,-258,-3,-76,39,7
89,-258,-5,-66,46,7
89,-254,-6,-58,52,6
90,-254,-2,-53,58,6
91,-254,-2,-48,62,8
89,-252,-1,-50,65,9
87,-246,-1,-54,70,10
85,-246,-5,-61,75,11
82,-242,-3,-74,82,14
82,-245,-5,-88,90,16
80,-245,-6,-104,99,19
82,-243,-4,-123,109,21
80,-242,-3,-143,119,21
82,-247,-10,-164,129,21
79,-248,-8,-185,140,22
79,-248,-8,-202,149,22
77,-248,-10,-218,159,21
76,-250,-8,-226,167,17
78,-255,-8,-232,174,14
74,-254,-11,-234,180,11
76,-255,-11,-235,185,8
75,-251,-6,-235,186,4
72,-253,-9,-233,187,1
75,-256,-12,-228,186,-3
70,-256,-14,-224,183,-6
71,-255,-11,-217,180,-9
67,-253,-11,-211,175,-11
73,-254,-10,-205,174,-12
72,-252,-13,-201,170,-15
71,-254,-10,-198,167,-17
71,-254,-5,-195,163,-16
71,-252,-9,-198,159,-15
73,-254,-14,-200,154,-14
69,-252,-10,-205,149,-14
72,-256,-9,-209,144,-14
70,-254,-13,-211,143,-11
69,-257,-14,-216,138,-9
70,-257,-16,-219,133,-5
70,-260,-14,-219,128,-3
70,-255,-15,-216,122,1
72,-258,-14,-216,119,3
68,-256,-12,-213,115,5
72,-258,-12,-210,108,8
72,-256,-15,-209,103,10
71,-254,-18,-208,98,12
70,-255,-12,-210,94,14
71,-254,-16,-214,92,17
70,-254,-20,-226,86,20
72,-254,-15,-235,78,25
73,-255,-14,-241,72,29
75,-255,-17,-250,64,33
75,-254,-19,-252,57,37
76,-253,-23,-258,51,41
76,-255,-13,-265,43,43
77,-252,-14,-269,40,47
78,-251,-16,-271,40,48
80,-248,-21,-274,42,48
76,-246,-21,-275,44,47
81,-248,-21,-278,49,46
77,-247,-20,-284,56,43
78,-247,-23,-292,62,42
79,-246,-21,-303,71,39
77,-246,-18,-314,78,39
80,-245,-21,-325,85,38
73,-244,-18,-339,92,38
69,-242,-20,-348,98,41
67,-239,-21,-353,106,48
65,-237,-25,-357,116,60
69,-242,-30,-380,123,67
66,-247,-26,-429,126,62
70,-251,-28,-467,124,58
69,-256,-26,-486,120,51
66,-255,-28,-490,110,34
63,-256,-33,-484,95,17
61,-255,-34,-465,74,5
54,-253,-40,-440,52,2
57,-253,-42,-414,29,4
53,-253,-50,-393,9,6
53,-252,-50,-383,-10,12
50,-248,-62,-385,-25,22
49,-244,-65,-393,-38,32
48,-239,-72,-404,-56,43
47,-233,-78,-416,-71,51
45,-230,-85,-423,-86,60
43,-221,-91,-429,-100,73
40,-216,-97,-432,-112,81
34,-208,-100,-432,-126,91
31,-198,-111,-427,-142,99
26,-190,-113,-425,-162,111
28,-183,-120,-430,-183,125
19,-170,-123,-440,-206,142
13,-160,-124,-454,-235,154
7,-148,-123,-471,-266,173
5,-135,-125,-488,-299,195
2,-121,-121,-507,-337,218
0,-110,-123,-530,-376,244
-2,-97,-119,-551,-416,277
-6,-88,-118,-571,-453,310
-7,-78,-118,-588,-486,351
-6,-69,-115,-604,-512,398
0,-62,-111,-624,-528,430
8,-56,-101,-644,-530,452
15,-46,-91,-660,-520,462
23,-40,-81,-675,-498,460
33,-34,-67,-695,-462,447
42,-30,-60,-716,-417,428
52,-35,-45,-738,-360,397
60,-38,-37,-764,-325,355
62,-46,-23,-799,-307,305
62,-58,-15,-836,-313,258
64,-71,-9,-879,-342,225
70,-84,2,-928,-381,209
77,-110,6,-982,-417,199
81,-132,11,-1049,-439,182
84,-166,7,-1140,-448,155
89,-202,5,-1236,-435,135
81,-243,3,-1320,-395,123
81,-285,1,-1357,-336,112
79,-332,-23,-1330,-246,94
82,-385,-44,-1293,-102,78
80,-438,-56,-1282,100,56
76,-506,-76,-1314,342,29
67,-573,-91,-1402,578,-13
57,-642,-107,-1534,766,-80
54,-713,-111,-1663,874,-163
62,-785,-104,-1741,899,-270
88,-844,-97,-1727,851,-387
122,-895,-85,-1602,741,-506
160,-926,-80,-1347,593,-598
206,-944,-82,-963,439,-613
247,-954,-84,-450,312,-531
267,-951,-101,188,221,-398
268,-940,-142,904,201,-264
249,-913,-190,1543,281,-198
218,-879,-220,1970,449,-185
201,-862,-244,2162,663,-178
199,-883,-267,2162,886,-190
185,-901,-257,1955,1071,-262
166,-945,-218,1664,1168,-316
132,-976,-175,1413,1141,-322
104,-1007,-123,1241,1004,-250
92,-1021,-79,1178,812,-120
91,-1017,-34,1272,630,21
108,-995,-16,1578,502,137
122,-953,-16,1992,432,191
119,-883,-22,2384,389,187
115,-805,-15,2707,325,181
94,-719,-12,2928,223,161
91,-640,5,3039,85,149
82,-558,15,3057,-68,149
75,-482,21,2983,-219,183
84,-406,24,2825,-344,218
88,-322,26,2624,-416,212
79,-246,10,2447,-432,203
80,-171,-8,2283,-415,156
67,-107,-24,2107,-395,63
61,-53,-36,1883,-376,-46
40,25,-48,1641,-364,-149
26,99,-61,1485,-352,-187
39,180,-107,1416,-339,-166
43,259,-162,1343,-321,-139
24,356,-216,1173,-328,-144
-6,446,-276,913,-378,-168
-43,512,-331,624,-449,-206
-85,536,-375,411,-527,-273
-139,496,-399,372,-610,-311
-187,438,-433,476,-704,-269
-185,370,-497,562,-766,-176
-189,319,-514,308,-752,-126
-162,259,-463,-413,-666,-14
-118,177,-321,-1394,-514,199
-54,69,-188,-2222,-334,440
-2,-32,-110,-2724,-137,590
35,-125,-36,-2973,62,616
62,-202,45,-3026,206,574
88,-267,103,-2830,266,513
119,-318,144,-2370,240,433
145,-356,164,-1727,149,321
144,-370,171,-997,24,172
150,-361,152,-252,-109,12
159,-326,126,443,-219,-134
151,-285,93,1044,-284,-266
128,-225,66,1528,-312,-377
133,-161,27,1888,-325,-429
110,-82,1,2089,-330,-452
100,-1,-32,2148,-338,-442
89,69,-67,2102,-349,-416
73,130,-103,1947,-349,-390
59,182,-128,1683,-322,-373
42,219,-147,1304,-266,-333
32,231,-161,831,-171,-259
30,224,-162,296,-28,-187
39,200,-148,-256,162,-144
38,169,-122,-756,378,-136
38,130,-96,-1125,599,-150
28,93,-76,-1322,809,-179
19,56,-64,-1376,988,-213
11,23,-61,-1325,1122,-249
1,-7,-59,-1217,1211,-279
-4,-32,-60,-1063,1251,-290
-11,-54,-64,-892,1245,-290
-18,-66,-64,-716,1204,-284
-20,-76,-66,-541,1129,-273
-23,-79,-74,-384,1032,-263
-24,-81,-79,-250,924,-256
-29,-79,-81,-145,815,-248
-26,-73,-80,-69,714,-236
-23,-62,-84,-18,630,-222
-17,-57,-79,4,558,-209
-7,-47,-77,10,500,-199
0,-36,-74,11,453,-190
11,-28,-70,9,413,-188
16,-19,-66,16,372,-191
23,-15,-64,30,326,-196
25,-10,-69,57,276,-210
21,-7,-74,95,222,-226
14,-2,-81,141,168,-239
6,-1,-89,187,114,-245
-3,2,-94,227,57,-242
-18,8,-104,246,-2,-243
-25,13,-111,231,-47,-238
-31,15,-121,190,-66,-224
-40,17,-127,130,-56,-198
-49,20,-134,59,-35,-166
-52,21,-135,-15,-21,-123
-41,14,-132,-95,-23,-67
-28,9,-115,-174,-29,2
55,2,-70,-260,-17,85
5,0,-30,-354,80,180
-37,-14,-53,-450,123,269
0,-60,-52,-663,9,335
97,-128,1,-979,-151,406
219,-194,31,-1307,-273,477
266,-247,4,-1637,-250,526
302,-319,-41,-1993,-99,570
379,-450,-73,-2344,102,604
460,-641,-42,-2668,417,554
477,-919,62,-2953,763,434
434,-1284,11,-3227,834,272
308,-1703,-62,-3821,700,-37
174,-1847,4,-4478,737,-530
201,-1836,130,-4151,1142,-507
288,-1819,182,-2762,1456,-73
235,-1714,99,-860,1311,137
39,-1443,-76,994,832,231
-138,-1143,-233,2414,340,414
-199,-934,-232,3233,-113,658
-160,-793,-137,3634,-481,884
-50,-661,-43,3737,-636,978
69,-546,12,3529,-554,903
150,-458,33,3185,-245,711
179,-388,37,2867,175,506
170,-336,21,2612,525,371
146,-308,9,2378,706,312
98,-280,-1,2178,722,275
39,-249,-5,2065,598,245
12,-207,3,2067,384,209
-17,-168,1,2185,115,123
-31,-128,-22,2247,-181,2
-28,-95,-38,2144,-466,-113
-8,-68,-56,1876,-711,-231
0,-46,-71,1474,-882,-370
12,-10,-73,969,-985,-489
18,36,-61,506,-1014,-488
40,70,-64,230,-995,-424
64,100,-67,67,-974,-402
61,117,-90,-32,-935,-435
53,114,-95,-201,-840,-395
60,114,-90,-397,-713,-290
63,109,-78,-526,-606,-192
63,110,-63,-576,-544,-158
59,107,-56,-526,-511,-184
40,101,-50,-410,-483,-196
35,78,-48,-316,-447,-129
46,39,-57,-331,-404,-22
56,7,-59,-521,-365,92
67,-34,-54,-826,-346,212
73,-67,-54,-1144,-347,289
72,-98,-46,-1412,-369,365
78,-138,-51,-1575,-403,440
77,-177,-50,-1667,-446,499
80,-219,-50,-1697,-497,551
82,-258,-46,-1693,-544,607
85,-297,-43,-1646,-580,665
91,-337,-35,-1569,-600,730
100,-381,-33,-1475,-600,796
112,-422,-28,-1378,-581,848
116,-462,-23,-1296,-543,867
123,-507,-13,-1226,-497,868
122,-551,-12,-1158,-450,847
121,-593,-12,-1092,-410,777
110,-619,-12,-1032,-382,659
91,-635,-15,-941,-357,477
64,-615,-2,-715,-331,248
43,-576,0,-351,-299,53
28,-526,0,149,-270,-86
28,-473,0,691,-260,-186
20,-414,-5,1221,-251,-280
15,-354,-13,1673,-253,-358
8,-298,-21,1998,-268,-407
7,-240,-38,2173,-294,-430
15,-183,-42,2206,-331,-405
23,-138,-54,2103,-360,-334
35,-106,-61,1873,-380,-231
44,-76,-67,1553,-387,-134
58,-59,-71,1194,-381,-66
63,-47,-72,833,-367,-21
75,-49,-71,480,-343,21
89,-54,-71,131,-302,65
99,-73,-73,-208,-243,101
107,-92,-66,-537,-176,128
118,-121,-58,-852,-101,159
123,-153,-47,-1120,-23,179
122,-189,-34,-1314,47,184
120,-220,-18,-1424,100,176
126,-260,-3,-1443,134,151
124,-289,7,-1367,155,108
124,-317,18,-1209,171,55
118,-340,23,-1002,185,16
108,-358,22,-783,198,1
99,-375,21,-578,213,3
80,-379,15,-386,237,13
65,-371,16,-203,259,16
50,-362,13,-15,269,-2
36,-347,5,185,265,-49
25,-330,-4,378,250,-105
18,-317,-13,529,239,-157
21,-293,-24,615,227,-193
22,-275,-24,632,214,-214
25,-260,-27,588,196,-229
35,-247,-26,509,176,-233
42,-237,-27,421,156,-231
50,-235,-28,344,138,-233
58,-231,-29,285,128,-229
63,-228,-34,241,126,-218
65,-225,-29,207,129,-202
68,-217,-33,191,139,-184
72,-222,-25,184,153,-165
73,-220,-32,178,168,-149
72,-223,-34,167,186,-130
67,-224,-30,137,205,-108
63,-226,-29,91,222,-85
59,-231,-27,33,232,-61
57,-238,-19,-19,233,-42
49,-246,-20,-67,229,-27
43,-253,-14,-98,220,-16
39,-259,-13,-114,207,-13
42,-253,-24,-116,193,-14
34,-275,-8,-109,179,-16
34,-276,-8,-92,162,-19
34,-284,-8,-66,145,-24
36,-283,-15,-34,130,-29
37,-286,-12,4,116,-34
40,-286,-16,38,104,-38
46,-285,-17,66,96,-43
50,-282,-18,93,94,-52
56,-277,-19,120,94,-62
60,-272,-19,147,94,-72
74,-272,-22,171,92,-79
64,-259,-17,185,90,-85
67,-254,-16,189,89,-90
69,-248,-18,183,85,-90
70,-246,-21,165,83,-87
72,-241,-23,138,80,-86
77,-241,-21,104,81,-82
76,-241,-17,67,84,-81
79,-237,-23,33,88,-81
76,-240,-17,0,93,-83
79,-241,-21,-28,100,-86
77,-256,-3,-45,109,-83
75,-246,-18,-56,121,-79
71,-250,-18,-61,135,-77
73,-255,-21,-62,147,-75
70,-257,-16,-61,160,-69
71,-258,-16,-57,166,-65
67,-255,-14,-53,168,-60
63,-257,-16,-49,167,-55
67,-262,-13,-42,162,-48
63,-263,-11,-33,157,-43
64,-260,-10,-28,151,-39
69,-267,5,-23,146,-36
61,-258,-12,-16,143,-31
63,-257,-10,-9,138,-28
64,-259,-8,-4,135,-25
65,-254,-9,-1,127,-22
59,-252,-7,-1,120,-22
64,-254,-13,-7,110,-19
63,-249,-10,-17,100,-18
64,-250,-14,-32,87,-16
65,-249,-15,-50,72,-15
62,-251,-14,-73,61,-14
69,-241,-28,-94,50,-13
63,-254,-17,-118,40,-12
65,-252,-16,-139,31,-13
61,-256,-16,-156,24,-11
62,-256,-15,-166,20,-10
63,-258,-13,-172,15,-9
60,-257,-15,-173,10,-7
63,-259,-16,-170,3,-8
64,-261,-16,-166,-4,-5
63,-263,-14,-162,-15,-5
63,-262,-19,-155,-29,-6
63,-261,-1,-149,-41,-5
62,-263,-19,-143,-56,-5
63,-263,-17,-140,-73,-5
62,-261,-16,-135,-88,-5
65,-258,-16,-128,-100,-5
63,-257,-14,-117,-108,-9
65,-260,-16,-108,-113,-10
65,-256,-18,-109,-116,-6
63,-255,-20,-113,-119,1
65,-258,-22,-119,-124,8
67,-258,-23,-122,-133,18
64,-260,-18,-119,-141,22
65,-260,-18,-110,-152,25
66,-259,-19,-98,-159,30
67,-260,-18,-87,-164,33
67,-260,-21,-78,-168,38
66,-260,-20,-70,-170,39
64,-260,-18,-60,-174,37
65,-256,-19,-50,-173,35
66,-256,-20,-46,-169,36
67,-256,-20,-47,-161,37
72,-258,-21,-53,-155,39
68,-256,-22,-60,-156,44
69,-256,-21,-70,-169,52
70,-256,-24,-86,-183,64
69,-256,-24,-100,-201,75
70,-255,-25,-105,-225,86
70,-257,-27,-101,-258,97
71,-259,-34,-90,-296,108
69,-259,-35,-73,-330,114
71,-263,-36,-54,-359,120
68,-265,-33,-38,-376,123
71,-261,-37,-22,-378,122
73,-262,-35,-11,-356,117
76,-260,-36,-2,-316,105
80,-259,-36,10,-264,91
80,-256,-32,19,-205,72
81,-254,-28,20,-141,54
80,-251,-21,16,-80,36
80,-251,-23,3,-27,20
80,-249,-22,-15,13,8
80,-253,-19,-34,38,-2
78,-250,-18,-54,53,-9
81,-250,-18,-70,56,-12
76,-252,-17,-81,58,-16
75,-252,-16,-83,54,-21
75,-252,-18,-80,51,-24
72,-254,-25,-75,48,-24
71,-255,-21,-73,46,-24
70,-254,-17,-73,41,-23
70,-252,-19,-75,36,-24
69,-254,-20,-81,28,-23
67,-255,-22,-92,15,-20
65,-255,-22,-101,2,-19
65,-257,-27,-107,-12,-18
62,-256,-24,-109,-24,-17
61,-257,-24,-110,-32,-15
65,-260,-29,-108,-33,-11
63,-260,-29,-104,-26,-9
64,-264,-31,-94,-11,-8
62,-263,-30,-79,9,-7
61,-264,-29,-65,26,-8
61,-265,-29,-52,43,-7
62,-262,-26,-40,55,-8
61,-258,-29,-36,64,-8
61,-261,-23,-38,70,-8
60,-259,-25,-43,70,-9
61,-259,-21,-51,65,-6
63,-259,-25,-59,57,-7
62,-259,-20,-67,47,-7
62,-257,-22,-71,36,-7
60,-256,-23,-66,21,-7
65,-263,-20,-61,6,-6
61,-258,-21,-55,-2,-4
60,-256,-24,-48,-9,-4
60,-258,-22,-45,-13,-3
58,-259,-22,-45,-15,-4
59,-264,-25,-42,-16,-5
57,-260,-23,-41,-14,-5
59,-261,-23,-40,-14,-5
55,-263,-25,-36,-13,-7
55,-261,-25,-32,-12,-9
55,-259,-23,-29,-12,-10
59,-264,-20,-24,-14,-11
55,-260,-22,-18,-15,-14
55,-261,-20,-12,-20,-16
54,-260,-20,-6,-25,-16
55,-260,-22,2,-29,-20
57,-258,-21,10,-37,-20
56,-258,-24,18,-42,-21
61,-257,-19,23,-47,-18
57,-256,-19,27,-51,-18
59,-257,-24,34,-51,-20
60,-260,-21,32,-51,-19
59,-256,-17,25,-50,-17
60,-260,-24,17,-48,-15
61,-256,-23,11,-43,-13
63,-256,-17,9,-36,-12
61,-260,-18,8,-32,-13
63,-258,-17,7,-26,-14
63,-256,-17,7,-23,-14
64,-258,-18,6,-21,-15
62,-256,-17,1,-21,-16
65,-257,-22,-3,-24,-18
64,-260,-18,-6,-27,-19
62,-259,-18,-7,-31,-21
64,-258,-18,-7,-37,-24
63,-260,-18,-5,-43,-24
65,-260,-19,0,-47,-26
63,-258,-18,1,-48,-31
65,-257,-19,2,-51,-30
63,-258,-20,4,-49,-31
62,-255,-21,3,-45,-32
64,-256,-23,4,-38,-31
62,-254,-21,4,-30,-29
61,-254,-20,2,-22,-29
65,-255,-23,-2,-15,-28
63,-254,-21,-9,-9,-24
62,-251,-22,-18,-4,-20
62,-250,-19,-27,-1,-17
65,-253,-14,-37,2,-14
65,-251,-18,-44,2,-10
63,-252,-19,-50,2,-5
64,-253,-18,-53,-1,0
65,-252,-16,-53,-3,4
66,-254,-16,-54,-4,8
67,-255,-20,-55,-5,10
66,-256,-20,-59,-2,10
64,-254,-18,-67,0,10
65,-256,-21,-74,7,10
64,-257,-19,-80,12,7
67,-258,-20,-85,18,5
66,-258,-19,-86,23,4
64,-256,-21,-86,30,3
64,-262,-19,-81,37,1
63,-259,-14,-75,39,-1
62,-259,-16,-65,44,-3
63,-261,-17,-60,46,-6
64,-259,-14,-53,48,-8
64,-259,-16,-48,53,-9
64,-256,-14,-44,56,-10
64,-256,-15,-40,60,-11
63,-256,-16,-40,62,-13
61,-256,-16,-41,62,-14
62,-255,-17,-42,60,-15
63,-253,-14,-44,57,-14
64,-255,-20,-45,54,-15
64,-253,-17,-50,48,-13
62,-252,-15,-54,42,-13
65,-253,-19,-58,37,-11
67,-254,-15,-60,33,-9
65,-254,-24,-65,31,-10
65,-251,-23,-69,32,-10
65,-257,-18,-72,33,-11
64,-254,-18,-74,37,-11
67,-256,-23,-76,38,-12
65,-257,-19,-76,42,-11
65,-257,-17,-76,43,-11
68,-255,-14,-75,44,-11
66,-257,-16,-76,45,-10
66,-256,-17,-77,46,-9
65,-256,-15,-77,48,-8
64,-256,-18,-80,49,-7
65,-256,-22,-84,49,-6
65,-257,-17,-87,52,-4
63,-253,-15,-90,50,-3
61,-257,-13,-94,47,-1
65,-256,-14,-96,43,0
64,-255,-11,-100,35,2
68,-254,-11,-103,26,4
64,-254,-14,-104,18,4
67,-255,-15,-103,12,3
67,-255,-15,-100,8,1
66,-254,-18,-97,4,0
67,-256,-17,-90,3,-1
64,-257,-20,-84,6,-4
65,-257,-22,-81,9,-6
65,-257,-18,-78,15,-9
66,-256,-20,-82,20,-11
64,-255,-22,-89,28,-14
66,-258,-20,-98,37,-16
65,-255,-17,-110,47,-18
68,-257,-17,-123,54,-18
65,-255,-17,-133,60,-18
66,-256,-11,-137,64,-17
68,-259,-10,-136,62,-18
67,-259,-10,-129,59,-19
66,-260,-17,-120,55,-22
64,-262,-17,-108,52,-23
65,-259,-18,-97,48,-26
65,-258,-16,-88,45,-28
66,-257,-20,-80,42,-31
64,-260,-20,-74,43,-33
64,-256,-21,-71,46,-35
64,-259,-21,-68,49,-36
67,-259,-23,-67,51,-37
69,-260,-22,-67,56,-38
67,-259,-20,-65,61,-39
67,-257,-19,-64,67,-40
66,-257,-17,-61,71,-40
64,-255,-20,-58,75,-40
64,-256,-21,-55,78,-41
68,-258,-23,-53,82,-42
66,-259,-22,-48,84,-43
66,-257,-20,-45,87,-42
68,-257,-18,-41,88,-42
67,-257,-13,-37,88,-42
68,-257,-16,-34,87,-43
67,-257,-16,-29,88,-42
67,-256,-16,-25,89,-41
69,-257,-20,-22,91,-41
69,-258,-16,-18,94,-42
67,-257,-18,-16,96,-41
67,-256,-18,-15,98,-41
69,-256,-18,-15,99,-39
69,-258,-19,-18,100,-38
68,-256,-16,-21,102,-39
69,-256,-15,-23,105,-36
72,-258,-13,-23,105,-37
66,-255,-17,-24,104,-36
70,-258,-18,-26,105,-36
66,-257,-20,-26,103,-36
67,-256,-15,-24,100,-34
65,-254,-18,-25,99,-35
68,-256,-18,-26,98,-36
65,-258,-22,-27,97,-35
66,-252,-18,-28,97,-35
66,-255,-22,-29,98,-35
68,-257,-18,-33,100,-35
68,-255,-16,-36,103,-35
66,-256,-15,-38,107,-34
68,-258,-17,-37,111,-35
68,-255,-11,-37,112,-33
66,-255,-18,-37,113,-31
67,-255,-15,-34,112,-30
69,-256,-18,-32,109,-30
66,-258,-17,-31,107,-30
65,-256,-16,-28,106,-30
68,-256,-17,-27,103,-33
66,-255,-17,-27,102,-33
66,-257,-14,-27,101,-33
70,-255,-17,-27,101,-34
68,-255,-18,-25,100,-35
65,-255,-21,-26,101,-35
71,-257,-20,-28,101,-37
69,-256,-17,-27,103,-36
67,-257,-17,-27,105,-38
67,-256,-20,-31,107,-38
68,-255,-19,-30,107,-38
67,-256,-16,-29,109,-40
68,-257,-19,-27,108,-39
67,-258,-13,-25,109,-38
67,-256,-17,-24,111,-38
66,-255,-22,-23,109,-38
64,-256,-18,-22,106,-39
69,-257,-15,-21,106,-38
69,-255,-19,-25,102,-38
69,-256,-20,-26,100,-38
65,-254,-19,-27,99,-38
69,-257,-19,-28,100,-37
66,-257,-21,-29,99,-37
67,-255,-16,-30,97,-38
67,-256,-21,-33,95,-39
67,-257,-20,-36,94,-37
67,-256,-18,-38,93,-36
66,-256,-20,-38,92,-35
65,-256,-18,-39,93,-35
65,-257,-20,-38,91,-34
65,-256,-18,-38,90,-33
65,-257,-16,-37,90,-34
65,-258,-23,-34,87,-35
65,-257,-19,-30,80,-35
65,-258,-18,-30,77,-35
65,-255,-20,-29,71,-35
66,-258,-20,-28,67,-33
65,-257,-17,-29,65,-34
66,-255,-19,-30,63,-33
62,-255,-16,-33,62,-32
66,-258,-18,-37,60,-32
66,-257,-22,-44,61,-31
67,-257,-17,-51,58,-31
67,-255,-13,-58,56,-29
68,-255,-18,-66,51,-28
66,-253,-19,-74,47,-27
68,-256,-19,-78,42,-26
69,-257,-19,-81,39,-26
68,-258,-22,-79,35,-25
68,-256,-19,-74,34,-26
69,-257,-20,-67,36,-27
67,-256,-24,-56,38,-28
68,-257,-23,-46,41,-32
67,-257,-24,-38,49,-33
69,-257,-23,-29,56,-34
69,-258,-23,-22,65,-33
66,-255,-20,-19,71,-35
68,-255,-19,-21,78,-36
69,-257,-17,-28,81,-35
67,-257,-18,-37,81,-33
69,-256,-20,-44,75,-32
66,-257,-17,-52,67,-29
67,-257,-19,-53,60,-27
69,-257,-18,-51,54,-25
68,-260,-17,-47,49,-23
67,-257,-16,-44,44,-23
68,-259,-19,-39,43,-23
70,-259,-18,-36,45,-23
68,-257,-20,-31,47,-23
66,-259,-17,-28,50,-24
65,-257,-16,-27,54,-24
67,-259,-20,-26,59,-24
68,-257,-20,-24,62,-24
65,-256,-19,-24,68,-24
65,-255,-18,-23,68,-23
65,-256,-20,-26,69,-24
70,-257,-15,-28,69,-22
69,-256,-19,-32,68,-23
66,-256,-18,-35,66,-24
67,-258,-11,-36,63,-24
68,-257,-20,-37,60,-23
67,-258,-16,-35,57,-23
66,-255,-16,-33,55,-25
66,-258,-17,-29,55,-24
67,-255,-17,-27,57,-25
66,-255,-16,-23,57,-24
68,-257,-16,-21,56,-23
66,-256,-14,-19,56,-22
65,-253,-17,-23,54,-21
66,-256,-15,-27,53,-21
66,-256,-19,-33,51,-20
61,-255,-19,-39,51,-20
66,-253,-17,-46,50,-20
66,-253,-17,-48,50,-21
69,-257,-15,-52,48,-20
67,-256,-14,-52,47,-19
68,-256,-13,-52,46,-21
68,-256,-15,-50,43,-21
68,-256,-14,-50,42,-21
69,-256,-18,-48,40,-20
68,-256,-19,-48,39,-19
67,-257,-16,-48,39,-19
68,-258,-16,-49,41,-20
70,-257,-17,-51,42,-21
69,-257,-16,-51,44,-23
71,-255,-17,-53,45,-23
69,-251,-19,-53,47,-23
72,-256,-18,-52,50,-24
71,-257,-20,-51,53,-23
72,-255,-20,-51,52,-22
73,-255,-19,-52,55,-24
73,-256,-16,-53,56,-24
70,-255,-14,-51,59,-27
72,-258,-18,-51,62,-29
71,-258,-17,-52,63,-29
73,-257,-20,-51,65,-31
70,-255,-14,-49,67,-32
70,-257,-14,-46,67,-32
70,-258,-18,-43,66,-32
68,-256,-19,-38,65,-34
71,-257,-17,-32,66,-35
68,-258,-17,-28,65,-34
70,-257,-20,-24,62,-35
69,-255,-19,-20,61,-34
69,-256,-17,-21,58,-36
71,-255,-18,-22,57,-37
68,-256,-17,-22,57,-38
71,-257,-17,-20,56,-38
69,-258,-15,-20,56,-38
72,-256,-21,-17,55,-37
70,-255,-16,-10,52,-34
71,-255,-18,-4,49,-33
68,-255,-18,2,46,-33
66,-256,-20,5,43,-32
72,-253,-16,6,39,-33
79,-257,-20,4,37,-33
66,-252,-15,2,38,-32
70,-253,-16,-1,38,-30
72,-254,-17,-2,39,-25
71,-253,-16,-9,41,-25
71,-254,-18,-16,45,-24
70,-256,-16,-27,51,-22
73,-255,-17,-40,56,-21
64,-272,-12,-52,60,-21
74,-260,-15,-60,66,-23
76,-258,-17,-69,71,-23
78,-258,-18,-71,74,-25
77,-259,-17,-69,78,-27
76,-258,-18,-64,83,-29
80,-260,-19,-58,86,-30
72,-259,-19,-52,90,-33
74,-261,-12,-47,95,-31
75,-257,-16,-44,100,-33
61,-250,-22,-42,106,-33
76,-257,-15,-44,115,-34
73,-255,-18,-48,122,-36
73,-253,-13,-51,130,-35
76,-255,-14,-56,134,-35
76,-254,-14,-61,138,-34
77,-256,-17,-60,143,-34
77,-255,-24,-60,145,-33
75,-255,-14,-56,148,-33
77,-252,-20,-52,152,-36
76,-253,-18,-47,158,-38
73,-263,-13,-39,166,-43
75,-253,-17,-34,176,-46
75,-254,-21,-35,188,-48
77,-255,-17,-36,202,-51
76,-255,-18,-37,212,-51
73,-255,-13,-41,222,-52
74,-256,-14,-46,229,-51
73,-256,-15,-53,233,-50
75,-256,-15,-58,231,-47
74,-259,-9,-60,225,-44
74,-256,-8,-57,217,-43
68,-256,-13,-48,207,-41
74,-258,-13,-38,198,-37
75,-258,-13,-27,189,-35
73,-257,-12,-18,184,-33
73,-257,-14,-13,179,-33
73,-257,-12,-9,177,-34
71,-256,-12,-9,178,-33
72,-255,-15,-11,181,-32
71,-256,-17,-12,186,-33
70,-255,-18,-15,188,-34
72,-257,-10,-18,190,-34
60,-265,-29,-23,190,-34
70,-253,-14,-26,190,-35
73,-258,-12,-30,186,-35
73,-258,-18,-33,182,-36
72,-257,-13,-35,177,-34
69,-256,-16,-35,168,-34
70,-257,-10,-30,163,-35
75,-258,-12,-21,157,-36
68,-257,-11,-12,154,-35
69,-258,-11,-3,149,-35
69,-257,-11,9,145,-36
63,-253,-17,15,140,-35
68,-256,-11,19,136,-34
69,-256,-14,16,134,-33
67,-253,-11,6,130,-31
70,-254,-13,-4,124,-28
72,-256,-10,-14,118,-26
72,-255,-11,-26,110,-24
68,-253,-10,-37,106,-21
72,-256,-11,-44,100,-20
68,-255,-13,-49,95,-19
70,-257,-11,-49,91,-16
69,-253,5,-47,86,-18
68,-252,-11,-44,82,-17
69,-254,-11,-41,76,-18
69,-253,-12,-38,70,-18
68,-254,-14,-40,61,-18
68,-254,-8,-43,55,-19
66,-256,-14,-45,46,-19
65,-255,-10,-51,35,-16
68,-252,-12,-56,26,-15
67,-254,-12,-62,16,-13
65,-253,-13,-66,7,-13
66,-251,-10,-71,-2,-10
66,-256,-10,-73,-9,-6
65,-256,-13,-71,-15,-1
65,-254,-7,-67,-22,-1
67,-254,-9,-59,-29,2
64,-252,-10,-53,-34,4
64,-253,-10,-48,-42,6
65,-252,-13,-46,-52,7
67,-253,-12,-48,-63,9
66,-252,-12,-54,-71,9
69,-250,-8,-66,-75,8
69,-256,-15,-79,-75,8
70,-257,-13,-87,-72,8
70,-259,-11,-95,-68,8
69,-256,-15,-98,-60,7
75,-260,-15,-96,-52,6
69,-258,-16,-86,-50,4
71,-261,-9,-75,-49,2
71,-258,-11,-60,-53,1
71,-259,-10,-45,-60,2
71,-256,-13,-33,-66,3
72,-257,-17,-26,-72,5
72,-258,-16,-23,-78,6
72,-254,-16,-22,-79,9
72,-255,-17,-24,-78,10
70,-255,-13,-26,-75,8
71,-257,-12,-29,-70,10
70,-253,-13,-29,-66,12
72,-255,-14,-33,-62,10
72,-257,-13,-34,-59,8
74,-254,-15,-34,-58,5
73,-255,-16,-35,-57,5
73,-253,-14,-36,-56,3
74,-252,-19,-36,-52,1
76,-254,-16,-36,-47,-1
78,-255,-17,-39,-41,-3
76,-255,-16,-42,-32,-4
75,-257,-13,-44,-20,-7
74,-256,-13,-46,-9,-9
76,-256,-14,-46,-1,-11
76,-258,-12,-44,4,-14
75,-256,-14,-44,8,-13
77,-257,-16,-41,9,-13
77,-255,-12,-40,7,-13
73,-254,-13,-42,8,-12
74,-251,-15,-43,10,-11
74,-251,-15,-50,14,-10
73,-252,-13,-59,19,-8
76,-252,-16,-69,24,-11
71,-252,-13,-83,30,-11
79,-248,-12,-98,34,-11
74,-248,-14,-115,34,-9
74,-255,-10,-128,37,-10
72,-253,-15,-129,39,-10
71,-255,-17,-125,42,-12
70,-257,-14,-114,44,-14
71,-257,-18,-96,49,-16
68,-259,-18,-78,48,-17
71,-258,-20,-59,51,-20
70,-259,-15,-46,55,-23
71,-259,-17,-35,61,-24
71,-262,-17,-30,69,-25
73,-257,-19,-28,76,-25
71,-256,-13,-29,83,-23
72,-254,-15,-34,88,-21
70,-256,-15,-39,92,-18
71,-255,-11,-41,90,-16
72,-255,-11,-42,87,-15
73,-253,-9,-44,83,-13
70,-256,-10,-40,75,-11
71,-255,-11,-35,65,-9
70,-254,-12,-31,58,-8
69,-256,-14,-32,52,-10
70,-253,-13,-33,47,-10
71,-256,-13,-35,45,-10
70,-255,-15,-38,42,-11
67,-255,-19,-43,39,-9
67,-254,-18,-46,39,-9
69,-256,-20,-47,39,-9
67,-257,-18,-50,41,-9
71,-257,-19,-50,43,-8
67,-256,-21,-49,46,-8
69,-257,-17,-45,48,-8
70,-256,-14,-42,50,-8
68,-257,-16,-36,52,-9
72,-257,-14,-32,53,-9
73,-256,-15,-31,54,-9
74,-254,-14,-30,55,-11
73,-257,-11,-29,54,-10
73,-253,-15,-27,50,-11
73,-255,-13,-28,48,-9
74,-255,-16,-31,45,-8
75,-254,-17,-34,43,-8
75,-255,-12,-36,40,-9
72,-254,-17,-40,38,-8
74,-254,-17,-42,39,-9
73,-252,-18,-47,40,-8
75,-256,-18,-49,42,-9
73,-255,-16,-50,46,-12
71,-255,-18,-49,50,-14
74,-255,-16,-50,53,-14
73,-256,-15,-48,54,-15
71,-254,-17,-46,58,-15
72,-254,-12,-46,59,-17
70,-256,-18,-46,61,-17
75,-255,-19,-47,64,-18
70,-256,-15,-47,65,-19
73,-255,-12,-45,66,-20
73,-255,-11,-45,68,-21
75,-257,-12,-43,68,-21
72,-255,-12,-40,69,-21
74,-255,-17,-40,71,-20
71,-254,-14,-38,72,-20
71,-255,-15,-38,72,-19
74,-255,-17,-39,72,-19
74,-255,-14,-39,73,-21
76,-254,-13,-40,74,-22
74,-256,-15,-44,77,-24
73,-255,-16,-50,79,-25
73,-255,-19,-54,80,-25
75,-254,-15,-57,81,-27
75,-255,-15,-58,82,-27
75,-255,-15,-56,82,-28
73,-254,-17,-54,81,-29
72,-254,-17,-52,82,-28
74,-254,-15,-49,81,-28
74,-254,-14,-46,81,-27
73,-255,-12,-44,82,-26
75,-254,-13,-43,81,-26
74,-254,-14,-45,81,-26
72,-254,-15,-47,81,-26
73,-254,-11,-50,80,-23
74,-253,-12,-52,79,-21
74,-254,-14,-56,76,-22
75,-255,-6,-58,74,-21
70,-255,-9,-61,73,-21
72,-254,-11,-64,72,-21
72,-256,-13,-65,72,-21
71,-256,-11,-62,72,-23
73,-256,-10,-60,71,-23
72,-254,-11,-57,71,-24
72,-255,-11,-57,71,-24
73,-254,-13,-58,70,-25
75,-255,-9,-57,70,-26
74,-255,-14,-58,69,-28
73,-254,-14,-58,70,-29
74,-258,-13,-60,70,-30
77,-254,-11,-61,72,-31
77,-255,-8,-60,72,-31
75,-254,-10,-58,72,-32
73,-256,-10,-58,73,-33
76,-255,-11,-57,74,-32
76,-256,-15,-55,76,-32
76,-256,-11,-55,80,-33
75,-258,-14,-57,85,-33
78,-256,-16,-62,88,-33
76,-256,-9,-64,91,-32
77,-256,-14,-69,91,-33
78,-255,-10,-75,91,-33
76,-254,-7,-80,89,-32
77,-254,-9,-89,89,-32
78,-255,-14,-94,85,-33
77,-256,-13,-93,85,-34
76,-256,-15,-88,88,-37
78,-256,-13,-80,92,-38
78,-256,-12,-69,100,-41
78,-255,-13,-56,106,-42
78,-256,-17,-44,116,-46
78,-255,-15,-35,123,-46
78,-256,-14,-30,133,-47
78,-254,-16,-29,144,-49
75,-254,-17,-34,156,-51
76,-256,-14,-37,169,-53
76,-256,-11,-40,179,-55
78,-256,-10,-43,186,-56
73,-256,-9,-41,187,-56
77,-257,-11,-35,186,-55
76,-256,-9,-29,177,-55
77,-255,-8,-21,170,-55
75,-253,-8,-15,161,-55
74,-256,-4,-15,153,-52
72,-256,-8,-12,147,-52
75,-255,-10,-15,143,-51
69,-253,-9,-19,141,-50
72,-254,-10,-25,141,-49
74,-254,-13,-29,143,-47
73,-254,-9,-34,142,-46
73,-252,-12,-41,142,-43
73,-254,-12,-46,142,-40
74,-254,-7,-49,141,-36
72,-256,-9,-53,139,-32
73,-249,-9,-55,138,-29
71,-253,-8,-54,136,-28
72,-254,-8,-50,134,-30
71,-253,-9,-43,132,-28
68,-252,-6,-39,128,-27
70,-252,-9,-35,124,-26
68,-253,-3,-35,118,-26
71,-254,-8,-38,108,-24
70,-254,-8,-42,97,-23
69,-254,-9,-48,87,-20
69,-252,-7,-56,77,-19
72,-256,-7,-63,67,-17
72,-252,-6,-68,59,-16
73,-254,-12,-72,53,-13
72,-250,-8,-74,47,-9
74,-254,-9,-76,45,-6
73,-251,-13,-77,45,-4
74,-253,-11,-76,44,-4
72,-254,-11,-78,44,-3
76,-254,-5,-77,43,1
72,-251,-11,-76,40,4
76,-252,-8,-78,38,6
79,-252,-8,-79,36,8
76,-254,-10,-83,36,6
77,-255,-9,-84,36,6
75,-255,-9,-80,37,5
76,-254,-10,-77,37,7
76,-255,-7,-73,34,7
78,-254,-7,-71,31,9
75,-253,-11,-68,28,9
76,-254,-8,-68,23,11
72,-255,-8,-68,21,10
72,-255,-13,-69,19,11
75,-256,-6,-70,19,11
75,-256,-11,-71,20,11
77,-256,-9,-73,21,9
78,-258,-15,-73,23,10
77,-257,-10,-70,27,11
75,-257,-16,-67,28,10
80,-256,-12,-65,31,9
79,-257,-12,-63,30,6
79,-261,-16,-59,31,4
77,-258,-9,-53,33,0
82,-257,-14,-46,33,-4
78,-256,-14,-34,34,-6
80,-257,-13,-24,35,-10
81,-256,-10,-16,35,-13
79,-254,-11,-7,39,-14
79,-256,-12,-2,41,-14
77,-253,-13,1,44,-17
78,-253,-13,1,48,-17
76,-254,-13,2,51,-19
77,-254,-14,0,54,-21
78,-255,-13,-3,56,-22
80,-254,-18,-8,59,-23
73,-255,-15,-8,61,-25
72,-253,-12,-7,65,-26
75,-253,-15,-2,68,-30
78,-254,-14,0,71,-34
77,-255,-12,-1,72,-35
78,-254,-13,-1,78,-38
74,-252,-10,-2,87,-39
76,-254,-13,-1,95,-42
75,-251,-12,-1,102,-46
79,-251,-11,-1,109,-49
74,-250,-9,-1,114,-52
74,-254,-11,0,120,-55
78,-255,-11,-2,123,-55
76,-251,-11,-3,126,-58
78,-254,-10,-7,132,-59
73,-251,-11,-9,136,-62
77,-252,-7,-16,141,-63
77,-253,-12,-24,146,-66
78,-252,-9,-35,153,-68
82,-252,-10,-47,160,-70
83,-252,-10,-62,166,-70
83,-254,-9,-76,172,-69
85,-250,-12,-86,179,-66
86,-253,-12,-90,187,-58
84,-253,-10,-87,195,-50
86,-253,-14,-81,201,-45
85,-249,-12,-69,206,-42
83,-249,-16,-58,212,-38
84,-251,-15,-44,222,-35
84,-243,-12,-33,234,-28
84,-237,-10,-9,252,-6
83,-239,-14,18,276,23
73,-245,-18,17,301,37
68,-248,-15,-20,318,44
79,-245,-10,-65,321,46
79,-251,-8,-95,322,44
70,-256,-10,-134,317,25
63,-262,-5,-193,295,-4
67,-271,2,-258,260,-27
68,-272,0,-291,231,-52
71,-274,3,-282,222,-84
68,-271,3,-231,223,-113
72,-271,0,-157,229,-126
68,-263,-4,-93,234,-130
65,-264,-7,-40,229,-127
67,-258,-9,1,216,-119
68,-257,-9,27,196,-104
66,-252,-12,38,180,-89
65,-254,-11,26,164,-75
64,-250,-14,-1,156,-62
65,-249,-14,-28,153,-50
65,-250,-17,-51,157,-36
67,-250,-15,-69,164,-21
67,-251,-13,-80,169,-13
72,-251,-8,-82,169,-10
71,-252,-11,-84,160,-11
75,-254,-9,-93,147,-10
74,-251,-14,-107,133,-11
74,-253,-13,-122,118,-12
74,-255,-10,-137,106,-13
77,-256,-12,-145,97,-13
78,-257,-12,-149,89,-14
78,-258,-8,-149,86,-17
79,-258,-8,-143,86,-16
77,-255,-16,-142,88,-13
79,-254,-11,-144,92,-7
79,-254,-15,-145,95,-4
84,-254,-12,-151,99,0
84,-253,-15,-156,105,5
84,-256,-12,-157,112,6
82,-255,-17,-160,120,5
83,-251,-18,-163,130,3
84,-255,-20,-168,140,1
84,-254,-19,-173,150,-4
84,-254,-17,-173,161,-9
80,-254,-19,-171,173,-13
84,-254,-14,-171,186,-15
81,-256,-15,-171,197,-15
78,-255,-16,-170,206,-15
80,-257,-18,-164,215,-17
78,-255,-16,-158,222,-18
82,-258,-13,-149,230,-19
76,-257,-17,-137,236,-23
77,-256,-16,-126,239,-27
79,-259,-17,-113,243,-32
79,-256,-16,-101,246,-36
79,-259,-17,-87,249,-41
80,-259,-16,-81,256,-44
83,-258,-20,-74,263,-47
81,-257,-19,-68,269,-52
83,-258,-17,-63,276,-54
81,-258,-17,-59,284,-56
84,-256,-17,-55,291,-57
79,-256,-17,-50,297,-56
81,-256,-15,-45,302,-54
81,-254,-20,-41,306,-50
81,-253,-14,-39,309,-46
78,-250,-14,-34,312,-44
77,-248,-13,-31,312,-45
75,-253,-13,-29,311,-43
74,-252,-12,-29,308,-41
71,-251,-9,-32,305,-41
73,-254,-12,-38,298,-39
71,-251,-15,-47,290,-36
69,-248,-9,-58,282,-34
69,-251,-9,-69,275,-29
71,-251,-6,-80,267,-28
67,-254,-7,-88,255,-25
68,-255,-11,-92,246,-23
68,-254,-9,-93,238,-21
68,-256,-12,-91,233,-21
68,-256,-7,-89,229,-19
68,-255,-8,-84,230,-19
58,-255,-11,-81,230,-19
66,-257,-11,-75,227,-19
63,-257,-9,-72,223,-19
63,-255,-5,-68,214,-18
65,-256,-8,-66,204,-16
65,-255,-6,-67,189,-16
65,-258,-2,-67,176,-12
67,-257,-9,-73,160,-11
64,-256,-7,-76,144,-7
62,-252,-9,-82,131,-4
64,-255,-6,-87,121,1
61,-258,4,-95,110,4
64,-255,-8,-102,100,6
65,-257,-3,-110,92,9
66,-256,-6,-115,84,11
66,-255,-8,-123,72,14
66,-255,-6,-129,59,16
67,-256,-10,-134,46,16
70,-257,-6,-135,31,17
65,-258,-8,-133,20,17
64,-256,-11,-126,9,18
66,-257,-9,-112,1,19
57,-266,-2,-97,-3,17
66,-260,-11,-79,-6,16
69,-261,-11,-60,-10,15
67,-253,-10,-45,-13,14
68,-256,-10,-37,-14,15
69,-256,-10,-35,-13,15
71,-254,-13,-41,-14,17
70,-255,-14,-51,-12,18
69,-256,-12,-64,-13,21
71,-254,-9,-75,-16,23
72,-256,-10,-79,-24,24
76,-248,-14,-80,-34,25
71,-253,-10,-77,-46,29
71,-250,-5,-71,-59,31
72,-255,-11,-64,-70,33
76,-254,-9,-58,-78,32
73,-254,-12,-55,-84,33
73,-255,-10,-53,-87,34
77,-255,-11,-54,-85,34
75,-256,-10,-56,-81,34
72,-256,-11,-60,-75,32
75,-255,-15,-62,-67,32
72,-250,-25,-65,-61,31
71,-255,-14,-66,-52,30
75,-256,-11,-63,-48,28
74,-253,-11,-60,-41,27
75,-255,-12,-57,-35,25
77,-254,-18,-54,-33,23
77,-255,-11,-51,-31,21
79,-256,-12,-46,-27,18
76,-252,-16,-45,-23,15
77,-254,-13,-42,-21,15
76,-252,-8,-41,-19,14
67,-255,-8,-42,-18,13
76,-252,-13,-44,-16,12
80,-254,-9,-48,-17,12
79,-252,-10,-52,-18,12
77,-252,-13,-59,-18,11
78,-254,-13,-63,-19,10
77,-251,-12,-70,-18,10
76,-254,-13,-77,-15,10
75,-251,-14,-81,-12,9
73,-253,-15,-81,-7,7
78,-244,-22,-81,-1,4
74,-253,-14,-80,6,2
75,-255,-14,-76,11,0
73,-255,-13,-73,16,-1
71,-255,-15,-71,18,-3
73,-253,-11,-71,23,-4
75,-253,-12,-69,25,-7
77,-254,-14,-69,26,-7
75,-255,-13,-70,27,-9
75,-252,-12,-69,29,-10
73,-254,-8,-70,29,-10
75,-253,-9,-71,30,-12
75,-256,-10,-72,31,-14
76,-254,-15,-70,32,-14
73,-255,-12,-72,33,-15
74,-254,-12,-74,35,-17
76,-256,-15,-75,37,-18
75,-255,-13,-77,39,-20
74,-255,-12,-79,39,-20
74,-255,-14,-80,40,-21
75,-256,-12,-79,40,-22
74,-256,-15,-79,39,-22
76,-256,-17,-77,37,-22
74,-256,-14,-77,36,-22
75,-255,-10,-77,36,-23
73,-256,-14,-75,36,-23
74,-257,-17,-75,39,-25
74,-254,-18,-74,41,-26
74,-255,-13,-73,41,-27
75,-256,-15,-73,44,-27
73,-256,-18,-73,47,-28
77,-253,-15,-73,48,-29
70,-254,-11,-69,49,-30
73,-255,-14,-69,48,-31
74,-256,-16,-66,48,-33
74,-257,-18,-63,47,-32
76,-257,-17,-61,44,-33
72,-256,-14,-58,42,-33
72,-255,-13,-55,41,-33
78,-255,-16,-51,42,-30
72,-255,-16,-47,44,-30
75,-255,-15,-45,46,-30
74,-256,-14,-44,47,-32
73,-256,-11,-45,48,-34
76,-257,-18,-46,48,-35
77,-257,-15,-42,48,-34
76,-258,-16,-38,48,-34
74,-257,-17,-34,49,-34
73,-256,-18,-32,48,-35
72,-255,-15,-33,49,-35
76,-256,-13,-34,50,-35
74,-255,-15,-37,50,-33
76,-256,-17,-39,53,-33
76,-255,-15,-44,54,-33
73,-253,-13,-47,55,-32
74,-255,-13,-50,55,-32
75,-255,-14,-57,53,-31
76,-257,-13,-59,52,-30
76,-254,-13,-63,49,-29
73,-253,-12,-61,44,-27
72,-254,-16,-59,40,-28
73,-255,-18,-55,39,-28
72,-256,-22,-47,37,-29
76,-256,-15,-39,37,-29
77,-257,-17,-28,41,-32
75,-256,-15,-20,44,-34
76,-257,-16,-14,50,-37
71,-255,-16,-10,57,-39
78,-256,-20,-11,65,-42
71,-255,-13,-9,73,-44
77,-256,-15,-14,82,-43
74,-254,-13,-17,86,-43
76,-256,-15,-18,90,-42
78,-257,-11,-18,90,-41
75,-256,-17,-15,88,-41
74,-255,-11,-11,84,-39
77,-256,-17,-8,76,-37
72,-253,-11,-5,71,-35
74,-253,-16,-4,65,-35
77,-256,-9,-5,61,-33
75,-255,-9,-8,59,-31
76,-255,-12,-11,57,-29
73,-256,-17,-13,57,-29
76,-256,-13,-16,59,-28
79,-255,-17,-18,62,-28
72,-256,-15,-21,65,-29
76,-257,-15,-23,68,-28
73,-253,-15,-24,72,-28
75,-257,-17,-25,74,-29
75,-257,-18,-22,77,-28
71,-255,-13,-20,79,-27
75,-254,-14,-18,78,-28
75,-255,-10,-17,76,-30
74,-255,-10,-16,76,-30
77,-257,-11,-15,76,-30
72,-254,-16,-15,75,-30
76,-256,-9,-15,71,-30
72,-254,-12,-15,69,-32
75,-256,-8,-17,65,-31
75,-253,-11,-18,60,-31
72,-254,-12,-19,53,-29
74,-255,-16,-21,46,-28
72,-250,-11,-24,41,-25
73,-254,-10,-28,36,-23
77,-254,-11,-30,32,-21
73,-251,-13,-33,31,-20
76,-253,-13,-33,31,-19
75,-255,-15,-32,32,-18
73,-255,-11,-31,33,-17
73,-256,-13,-30,35,-15
74,-255,-12,-28,37,-15
74,-253,-14,-26,41,-14
78,-257,-9,-26,44,-14
74,-257,-10,-26,46,-15
74,-256,-8,-26,47,-13
77,-254,-13,-26,46,-12
74,-256,-12,-27,45,-11
76,-256,-9,-26,41,-11
75,-255,-11,-24,37,-11
75,-256,-13,-23,32,-10
75,-256,-9,-24,29,-9
73,-253,-13,-23,27,-7
75,-254,-13,-24,26,-8
75,-255,-9,-24,28,-8
76,-256,-13,-20,28,-7
76,-256,-13,-18,27,-8
77,-256,-12,-17,27,-7
74,-255,-11,-14,27,-6
76,-255,-12,-12,28,-6
77,-256,-13,-12,28,-4
77,-255,-10,-9,28,-3
79,-255,-12,-10,28,-3
81,-256,-16,-12,26,-3
78,-256,-12,-9,26,-4
79,-255,-12,-9,27,-4
79,-256,-11,-7,29,-3
77,-255,-8,-3,31,-4
78,-255,-10,-1,32,-4
77,-254,-10,2,32,-2
79,-256,-11,0,31,-3
78,-255,-8,0,29,-3
78,-254,-14,-2,27,0
80,-254,-6,-7,25,0
76,-253,-11,-9,23,0
78,-253,-9,-13,20,1
76,-255,-10,-14,21,1
77,-251,-8,-17,21,2
75,-252,-12,-19,23,2
77,-255,-7,-20,24,0
76,-254,-11,-19,28,0
79,-256,-10,-18,30,-2
79,-255,-8,-14,33,-4
76,-254,-5,-10,35,-7
78,-252,-10,-8,37,-7
81,-254,-11,-5,40,-7
80,-253,-11,-6,42,-6
78,-251,-9,-7,43,-7
79,-251,-9,-15,47,-6
76,-249,-7,-23,51,-6
80,-253,-15,-32,54,-7
77,-252,-7,-40,55,-8
77,-250,-4,-47,56,-6
80,-250,-8,-53,54,-8
74,-251,-4,-57,52,-9
74,-255,-6,-61,49,-9
78,-251,-8,-61,46,-8
78,-255,-10,-63,43,-9
77,-254,-9,-59,39,-9
75,-254,-11,-55,39,-9
76,-255,-16,-49,41,-10
78,-256,-10,-44,46,-10
79,-252,-14,-40,52,-12
79,-253,-9,-37,62,-12
78,-256,-13,-38,69,-12
79,-256,-9,-41,78,-12
76,-255,-9,-44,82,-12
78,-253,-7,-48,88,-12
77,-254,-11,-48,88,-10
78,-255,-2,-45,85,-10
77,-255,-9,-41,79,-10
79,-253,-8,-33,73,-11
79,-253,-6,-28,67,-9
77,-253,-7,-27,64,-11
76,-252,-7,-26,61,-12
75,-254,-10,-29,60,-12
74,-253,-5,-33,62,-13
76,-251,-9,-37,64,-13
76,-256,-9,-41,68,-15
77,-253,-9,-45,73,-16
78,-256,-3,-48,77,-16
78,-254,-9,-50,81,-17
75,-254,-11,-50,85,-16
76,-256,-7,-52,87,-18
78,-254,-8,-50,89,-18
75,-252,-8,-49,88,-17
78,-256,-9,-48,88,-16
77,-255,-8,-45,86,-16
75,-254,-3,-44,84,-16
76,-254,-10,-42,84,-16
75,-254,-8,-43,83,-16
79,-254,-5,-45,82,-16
75,-255,-7,-45,81,-17
73,-252,-5,-45,80,-18
77,-255,-7,-45,78,-17
77,-256,-5,-44,77,-16
72,-252,-4,-45,75,-15
73,-252,-6,-46,72,-16
75,-252,-4,-46,70,-16
76,-254,-5,-46,69,-17
73,-255,-7,-46,67,-16
75,-252,-3,-43,67,-18
76,-257,-8,-40,67,-19
74,-252,-6,-38,69,-19
77,-255,-4,-38,71,-20
72,-253,-7,-38,74,-21
76,-253,-8,-38,76,-19
78,-255,-7,-40,77,-19
77,-255,-5,-42,76,-17
75,-251,-10,-46,74,-17
77,-253,-3,-49,71,-15
74,-255,-7,-51,67,-13
79,-254,-7,-53,61,-12
75,-251,-7,-56,56,-13
74,-252,-4,-57,52,-13
74,-253,-9,-58,50,-12
75,-256,-5,-60,49,-12
76,-256,-5,-59,48,-12
75,-254,-9,-61,46,-12
77,-254,-5,-63,47,-12
73,-254,-7,-62,48,-10
74,-255,-5,-62,47,-10
74,-255,-8,-60,46,-10
74,-254,-7,-59,45,-10
74,-256,-9,-57,44,-12
72,-253,-7,-56,43,-11
71,-254,-1,-53,41,-11
72,-255,-4,-51,38,-10
73,-254,-8,-51,34,-11
74,-256,-10,-50,32,-11
75,-252,-10,-47,30,-12
74,-256,-4,-48,28,-10
75,-254,-4,-46,28,-10
76,-255,-9,-46,27,-8
73,-251,-9,-45,26,-8
73,-255,-7,-44,25,-7
74,-255,-6,-44,22,-8
77,-254,-8,-44,21,-8
73,-254,-5,-46,19,-5
76,-254,-5,-43,17,-4
77,-254,-5,-42,16,-5
77,-254,-7,-42,14,-4
73,-253,-9,-43,13,-2
78,-255,-10,-43,11,-2
72,-254,-7,-43,12,-2
75,-257,-9,-43,12,1
76,-255,-9,-42,10,1
73,-254,-5,-44,7,2
72,-256,-8,-44,5,2
73,-257,-4,-41,1,1
73,-257,-3,-36,-2,1
75,-254,-7,-30,-4,0
75,-257,-6,-25,-6,1
74,-257,-5,-22,-7,0
75,-257,-5,-21,-6,0
75,-255,-7,-23,-5,-1
74,-256,-6,-27,-4,-1
74,-252,-6,-32,-3,-1
76,-255,-3,-35,-3,-1
76,-256,-10,-39,-5,-2
73,-250,-2,-45,-9,-1
77,-252,-6,-51,-14,-1
73,-255,-5,-53,-21,0
76,-253,-7,-50,-27,2
77,-256,-5,-47,-32,2
73,-252,-6,-44,-34,3
75,-255,-9,-36,-34,1
77,-254,-8,-22,-31,-1
78,-258,-10,-10,-26,-2
73,-255,-12,2,-20,-4
77,-255,-12,7,-11,-5
72,-256,-11,10,-3,-4
77,-256,-9,12,4,-4
75,-256,-10,9,8,-4
74,-255,-5,0,9,-3
75,-255,-2,-5,4,0
70,-254,-7,-9,-3,3
78,-254,-4,-10,-11,5
77,-253,-3,-7,-20,5
76,-254,-3,-3,-29,7
76,-255,-3,2,-34,8
75,-255,-4,3,-38,7
76,-255,-9,4,-38,8
77,-255,-3,2,-34,5
77,-253,-6,-2,-30,5
76,-254,-12,-4,-26,5
77,-256,-11,-8,-20,5
77,-254,-9,-13,-16,4
73,-254,-6,-14,-14,4
76,-256,-10,-15,-13,4
78,-253,-10,-15,-12,4
78,-255,-4,-13,-11,3
78,-256,-8,-11,-12,3
79,-255,-3,-9,-13,3
79,-255,-1,-7,-13,3
77,-256,-5,-3,-14,3
78,-254,-4,-3,-12,3
76,-255,-9,-6,-13,3
76,-255,-7,-8,-13,3
76,-253,-4,-10,-13,3
78,-253,-8,-12,-13,3
80,-253,0,-14,-13,3
80,-254,-7,-17,-13,5
75,-253,-2,-20,-15,5
78,-253,-5,-23,-16,5
75,-252,-8,-28,-16,7
75,-252,-5,-33,-17,7
77,-253,-6,-37,-18,7
80,-254,-5,-38,-16,5
80,-253,-6,-38,-15,6
77,-252,-6,-39,-13,5
78,-253,-8,-37,-10,4
79,-253,-3,-36,-6,4
80,-256,-3,-36,-2,2
78,-252,-7,-36,1,1
79,-253,-7,-36,3,2
79,-254,-2,-35,5,2
77,-251,-4,-34,6,3
78,-255,-8,-35,5,2
79,-254,-5,-35,4,2
77,-253,-4,-35,4,2
76,-253,-2,-36,3,3
76,-251,-9,-37,3,2
76,-253,-1,-38,4,2
74,-254,-11,-40,5,2
78,-254,-7,-41,7,2
74,-253,-2,-43,8,1
76,-253,-7,-44,9,1
75,-253,-4,-47,12,0
77,-256,-5,-47,13,0
77,-255,-8,-48,14,0
77,-254,-5,-48,16,-1
77,-255,-7,-46,16,0
80,-256,-11,-42,16,0
80,-256,-7,-39,17,-1
78,-255,-4,-36,18,1
76,-255,-4,-33,17,0
79,-254,-5,-34,17,-1
78,-254,-2,-32,18,-2
75,-253,-9,-33,18,-1
77,-253,-3,-35,18,-1
78,-256,-5,-35,20,-1
79,-254,-2,-37,19,-3
73,-253,-6,-40,20,-1
78,-255,-10,-41,20,-2
74,-254,-5,-41,21,-2
76,-252,-6,-42,23,-2
75,-253,-7,-43,22,-1
78,-253,-4,-42,22,-2
76,-254,-2,-45,19,-2
75,-253,-3,-46,18,-1
76,-252,-4,-46,17,-1
75,-255,-9,-46,16,1
76,-255,-3,-49,17,2
76,-254,-5,-50,18,2
75,-255,-6,-52,17,2
76,-252,-4,-53,15,1
76,-253,-1,-52,12,2
76,-254,-7,-51,10,1
76,-257,-6,-49,6,1
75,-254,-5,-47,8,1
77,-256,-5,-45,10,0
75,-252,-6,-44,10,0
75,-251,-3,-47,12,1
75,-256,-5,-51,13,2
75,-255,-5,-55,13,3
75,-254,-6,-62,13,4
76,-254,-2,-67,10,5
77,-252,-4,-72,7,5
74,-254,-3,-78,2,6
74,-252,-2,-83,-3,7
75,-252,-4,-85,-8,8
74,-253,-9,-85,-12,7
75,-254,-8,-81,-15,6
75,-256,-6,-75,-17,8
75,-255,-5,-68,-16,7
77,-255,-9,-62,-16,6
76,-254,-9,-54,-10,5
75,-251,-11,-49,-4,3
74,-255,-10,-48,5,2
76,-257,-14,-49,14,1
77,-255,-10,-50,22,1
74,-257,-8,-54,29,0
74,-255,-8,-57,32,3
76,-253,-5,-56,31,5
75,-255,-7,-53,28,7
78,-254,-1,-50,22,6
75,-256,-5,-48,12,7
76,-253,-2,-45,2,8
75,-254,-1,-42,-6,9
77,-252,-6,-42,-12,10
74,-252,0,-45,-15,10
73,-254,-2,-48,-17,10
74,-252,-7,-55,-16,10
80,-252,-3,-60,-14,11
75,-255,-6,-69,-11,11
76,-252,-10,-74,-5,10
75,-256,-7,-78,0,10
76,-256,-6,-80,3,10
75,-257,-9,-83,4,8
76,-255,-5,-83,6,8
77,-255,-12,-81,6,7
77,-258,-3,-79,6,6
74,-257,-3,-75,6,6
76,-255,-5,-73,5,6
84,-257,-6,-67,3,6
76,-255,-2,-66,0,5
73,-255,-6,-63,-2,4
75,-255,-2,-63,-6,5
74,-254,-4,-63,-7,7
75,-250,-2,-65,-10,7
74,-250,-2,-68,-12,8
76,-253,-8,-72,-15,8
76,-251,-7,-78,-17,8
76,-251,-11,-84,-18,9
74,-254,-9,-90,-18,9
81,-253,-17,-92,-16,9
76,-253,-7,-94,-13,9
78,-256,-6,-94,-11,9
74,-256,-7,-94,-7,9
74,-254,-9,-92,-2,7
75,-256,-8,-88,3,6
74,-255,-3,-86,6,5
76,-256,-8,-83,11,4
73,-255,-10,-81,13,4
73,-254,-8,-79,13,4
74,-252,-6,-77,12,4
82,-243,-17,-76,10,4
73,-255,-10,-75,5,5
72,-253,-8,-78,-1,5
75,-255,-8,-81,-7,6
76,-254,-8,-84,-9,8
71,-254,-11,-84,-11,9
75,-252,-8,-83,-12,9
73,-255,-10,-83,-12,8
73,-254,-8,-82,-10,7
72,-252,-6,-83,-10,6
71,-254,-8,-83,-7,6
63,-255,-7,-83,-7,4
75,-255,-9,-83,-3,3
77,-254,-3,-84,-1,2
74,-255,-6,-84,2,2
75,-257,-10,-83,2,2
72,-253,-6,-80,4,2
76,-251,-10,-77,4,2
77,-254,-8,-75,3,2
77,-256,-9,-73,3,1

