-.-.-
26,-252,-57,-42,11,-6
23,-251,-56,-41,12,-6
24,-252,-56,-41,11,-6
24,-249,-55,-40,11,-5
26,-248,-56,-41,11,-5
24,-253,-55,-43,11,-5
22,-249,-54,-44,11,-5
26,-249,-53,-46,9,-6
25,-250,-55,-47,9,-5
25,-250,-55,-48,8,-3
21,-249,-56,-47,9,-4
25,-251,-58,-47,9,-5
23,-251,-54,-49,9,-5
25,-253,-59,-50,10,-6
23,-252,-55,-51,10,-5
24,-252,-55,-52,10,-6
23,-251,-52,-55,13,-6
22,-252,-55,-53,13,-6
24,-251,-56,-52,15,-6
27,-254,-56,-53,15,-5
22,-252,-53,-52,16,-6
22,-250,-57,-51,17,-6
22,-254,-57,-49,17,-4
25,-252,-55,-48,16,-3
24,-252,-55,-46,15,-4
27,-253,-57,-43,15,-5
23,-250,-55,-41,14,-5
24,-252,-54,-42,15,-5
24,-249,-58,-43,16,-6
24,-253,-55,-44,17,-6
26,-252,-56,-46,17,-5
24,-251,-56,-44,18,-4
25,-251,-58,-43,17,-5
21,-253,-53,-43,17,-6
23,-251,-55,-40,17,-7
22,-250,-55,-39,17,-7
24,-252,-56,-40,17,-5
23,-250,-55,-40,18,-6
24,-249,-55,-42,19,-4
24,-250,-60,-42,20,-6
21,-249,-55,-43,19,-6
23,-249,-57,-43,18,-7
22,-251,-57,-42,17,-8
23,-251,-54,-45,15,-7
24,-250,-55,-49,15,-6
23,-249,-55,-53,14,-6
24,-249,-54,-58,13,-5
23,-251,-57,-62,14,-4
24,-253,-57,-68,14,-5
21,-254,-56,-68,15,-6
23,-255,-56,-66,17,-5
23,-253,-57,-59,16,-5
25,-255,-59,-49,16,-6
20,-255,-54,-44,16,-6
23,-253,-57,-36,15,-5
24,-251,-57,-31,13,-5
24,-252,-57,-29,12,-3
23,-250,-58,-31,11,-5
23,-253,-58,-36,12,-4
22,-253,-56,-42,12,-4
25,-250,-58,-50,12,-5
21,-252,-56,-54,12,-4
21,-251,-55,-58,13,-4
24,-254,-55,-59,12,-4
26,-257,-55,-59,12,-5
22,-252,-54,-56,12,-5
24,-251,-55,-57,12,-5
26,-254,-57,-52,11,-5
24,-251,-59,-49,10,-4
28,-254,-58,-45,10,-2
26,-254,-61,-45,12,-2
24,-251,-60,-47,12,-3
25,-252,-56,-49,13,-3
23,-247,-60,-50,14,-3
23,-249,-55,-50,13,-4
22,-251,-56,-52,14,-3
23,-249,-56,-52,12,-4
23,-251,-58,-54,12,-3
23,-251,-52,-53,11,-3
26,-254,-56,-54,10,-3
24,-252,-56,-54,11,-3
24,-251,-55,-53,11,-5
23,-254,-56,-50,11,-5
24,-252,-57,-50,12,-2
22,-252,-54,-47,11,-4
24,-252,-57,-45,11,-3
25,-252,-57,-45,10,-1
23,-255,-57,-46,11,0
25,-251,-54,-48,9,-1
22,-251,-56,-48,9,-1
25,-251,-56,-49,9,-1
23,-251,-58,-50,8,0
23,-251,-62,-51,7,-2
23,-252,-56,-52,8,-2
25,-252,-57,-54,8,-2
22,-249,-56,-57,9,-2
22,-250,-56,-57,10,-3
24,-251,-56,-57,11,-3
23,-252,-52,-57,12,-2
24,-252,-56,-52,12,-5
24,-252,-56,-49,13,-5
23,-249,-57,-47,13,-5
23,-251,-56,-45,15,-4
24,-255,-55,-43,14,-4
23,-251,-55,-44,14,-5
25,-250,-57,-46,14,-5
20,-250,-57,-48,15,-5
26,-252,-55,-49,15,-1
23,-251,-57,-54,14,-3
21,-252,-55,-56,14,-4
24,-251,-57,-56,16,-3
23,-252,-56,-56,16,-4
25,-250,-57,-55,16,-4
22,-253,-55,-54,19,-3
23,-250,-58,-53,19,-2
24,-253,-54,-49,21,-4
23,-252,-56,-47,20,-2
22,-252,-56,-43,19,-3
23,-250,-54,-44,20,-3
22,-252,-56,-45,19,-3
24,-253,-55,-42,18,-3
26,-252,-58,-43,18,-4
24,-251,-56,-43,19,-4
25,-253,-58,-45,21,-3
26,-252,-57,-44,21,-4
27,-251,-58,-46,21,-4
23,-250,-59,-48,21,-5
24,-251,-57,-48,20,-4
25,-253,-59,-50,20,-4
24,-253,-58,-51,22,-4
22,-253,-58,-53,21,-4
22,-252,-59,-51,21,-4
26,-251,-55,-51,21,-5
23,-250,-57,-47,19,-6
25,-250,-59,-42,20,-6
17,-260,-56,-39,19,-5
25,-251,-55,-37,17,-5
20,-250,-59,-36,17,-4
23,-248,-56,-35,16,-4
25,-252,-59,-40,16,-2
22,-251,-58,-44,16,-3
24,-254,-56,-50,15,-2
23,-249,-59,-55,15,-2
24,-251,-55,-55,16,-2
24,-254,-59,-56,16,-2
21,-253,-59,-53,15,-2
21,-252,-59,-48,12,-3
22,-250,-57,-44,11,-3
24,-253,-58,-40,10,-5
21,-251,-52,-37,8,-4
23,-252,-57,-34,10,-5
23,-248,-57,-34,12,-4
24,-250,-57,-36,12,-4
24,-249,-58,-40,12,-3
23,-251,-57,-44,15,-4
21,-252,-57,-48,15,-4
21,-251,-56,-49,17,-4
33,-249,-50,-51,15,-4
26,-255,-53,-50,14,-3
21,-250,-57,-47,13,-2
25,-252,-56,-44,10,-2
22,-252,-56,-40,11,-2
23,-252,-58,-40,9,-3
23,-254,-57,-39,10,-4
23,-253,-57,-40,9,-5
23,-253,-60,-40,8,-3
26,-249,-57,-42,10,-2
22,-252,-51,-41,10,-3
25,-249,-57,-39,10,-3
24,-252,-56,-38,11,-2
21,-252,-56,-34,12,-2
23,-251,-57,-33,12,-2
23,-252,-56,-34,11,-3
21,-249,-56,-33,11,-4
20,-251,-58,-34,8,-4
22,-251,-56,-36,7,-4
22,-252,-56,-42,5,-2
21,-251,-56,-47,6,-3
21,-256,-59,-50,7,-4
23,-254,-55,-54,7,-5
20,-254,-55,-55,8,-4
24,-255,-58,-55,9,-5
26,-257,-56,-53,10,-5
22,-254,-57,-50,10,-5
21,-252,-55,-45,10,-4
23,-253,-57,-39,11,-4
22,-250,-57,-35,10,-6
23,-253,-57,-32,13,-4
22,-251,-54,-30,13,-3
28,-253,-56,-29,14,-4
22,-251,-57,-27,13,-3
21,-250,-57,-29,11,-3
24,-253,-58,-31,9,-2
24,-252,-57,-34,7,-2
22,-251,-56,-37,6,-2
23,-250,-58,-40,6,-1
21,-250,-56,-44,6,0
22,-252,-58,-47,6,-1
21,-249,-56,-49,5,-1
23,-251,-55,-51,5,-1
24,-254,-56,-52,6,0
23,-251,-54,-51,8,0
19,-250,-57,-49,8,0
24,-254,-59,-48,8,-2
26,-251,-55,-46,8,0
24,-253,-59,-46,10,-3
26,-251,-59,-41,10,-2
23,-251,-56,-39,11,-1
21,-250,-56,-37,12,0
25,-253,-57,-38,12,-1
23,-249,-58,-39,13,-1
23,-250,-56,-38,13,-1
23,-251,-57,-38,13,0
22,-250,-56,-37,13,0
22,-252,-57,-37,14,-2
22,-252,-56,-35,13,-2
22,-250,-52,-32,13,-2
25,-252,-58,-29,13,-1
24,-252,-56,-25,13,-3
22,-251,-55,-24,12,-2
24,-251,-58,-22,11,-2
22,-247,-55,-22,11,-4
17,-249,-56,-23,10,-2
21,-252,-56,-25,9,-3
23,-251,-57,-30,8,-2
22,-249,-57,-33,8,0
21,-250,-54,-37,9,0
20,-252,-59,-36,8,0
21,-248,-58,-40,9,0
19,-250,-56,-41,11,0
21,-251,-60,-40,11,0
24,-252,-55,-38,12,0
24,-251,-53,-35,10,0
22,-251,-57,-35,10,1
20,-249,-59,-36,7,0
23,-250,-56,-36,8,1
23,-252,-55,-38,8,0
21,-251,-58,-41,8,0
20,-251,-55,-45,8,1
23,-255,-56,-48,9,-1
23,-255,-57,-47,13,-1
23,-251,-57,-43,15,-2
23,-251,-56,-40,15,-3
22,-253,-57,-34,15,-3
22,-247,-57,-30,15,-4
25,-250,-57,-28,13,-5
24,-250,-58,-26,14,-5
24,-253,-54,-23,13,-5
22,-247,-57,-24,13,-3
27,-252,-56,-26,13,-3
26,-251,-56,-28,13,-4
22,-255,-56,-31,14,-3
23,-249,-55,-33,16,-2
21,-251,-53,-35,19,-3
20,-251,-56,-36,18,-3
22,-253,-56,-38,18,-1
23,-253,-56,-37,18,-3
22,-252,-57,-35,16,1
23,-251,-58,-35,15,-2
24,-250,-53,-35,15,0
21,-252,-55,-32,14,1
24,-251,-55,-30,15,-1
22,-251,-56,-29,15,0
23,-252,-57,-29,16,-1
23,-251,-54,-28,18,-1
25,-251,-58,-28,19,-1
16,-251,-56,-27,21,-1
24,-252,-56,-28,22,-2
24,-252,-53,-29,23,0
24,-251,-55,-33,22,-2
25,-252,-56,-36,22,-2
25,-252,-56,-39,21,-4
23,-249,-53,-42,20,-4
19,-252,-53,-45,19,-4
23,-252,-55,-48,18,-4
20,-252,-57,-50,15,-4
22,-249,-56,-51,15,-4
23,-253,-55,-48,16,-3
22,-255,-54,-45,16,-2
20,-250,-59,-42,17,-3
22,-253,-54,-40,19,-2
23,-252,-56,-35,17,-2
24,-252,-58,-33,18,-2
22,-248,-56,-31,19,-1
20,-252,-57,-31,19,-2
22,-252,-57,-32,17,0
25,-252,-55,-33,17,-2
18,-250,-57,-35,15,-2
15,-254,-55,-36,14,-1
22,-249,-57,-37,14,-1
21,-254,-56,-37,14,-2
20,-254,-58,-37,13,-2
23,-256,-56,-38,12,-1
23,-254,-59,-37,11,-2
22,-253,-58,-38,12,-1
21,-253,-58,-35,11,-3
21,-252,-56,-34,11,-1
24,-252,-57,-29,9,0
23,-254,-56,-27,9,-1
22,-251,-59,-23,7,-1
22,-252,-55,-23,7,-1
20,-252,-58,-26,7,-2
20,-250,-57,-26,6,-2
23,-252,-62,-27,4,-1
21,-254,-58,-29,3,0
23,-252,-58,-31,4,-1
20,-249,-57,-31,3,-2
23,-252,-59,-32,3,-2
20,-252,-59,-30,3,-1
20,-251,-56,-30,1,-1
20,-243,-61,-27,3,0
19,-250,-60,-24,3,0
20,-251,-57,-20,2,0
23,-250,-56,-14,3,1
20,-252,-60,-15,0,2
19,-250,-55,-16,-1,2
23,-252,-58,-19,-3,0
22,-252,-60,-19,-5,1
20,-250,-58,-23,-5,4
23,-250,-58,-28,-6,4
19,-249,-56,-32,-5,4
19,-250,-60,-37,-7,5
21,-250,-56,-42,-8,5
21,-249,-59,-48,-7,7
22,-250,-57,-52,-7,7
18,-248,-58,-57,-6,7
22,-251,-57,-59,-4,7
20,-250,-57,-61,-4,5
21,-252,-59,-61,-3,6
21,-251,-56,-61,-2,4
19,-250,-58,-60,-2,4
27,-253,-53,-57,-1,6
21,-250,-57,-52,0,4
22,-251,-55,-49,-1,4
21,-253,-56,-48,-2,4
18,-252,-55,-47,-2,4
20,-251,-55,-48,-3,2
22,-254,-55,-46,-2,5
21,-253,-56,-45,0,3
20,-254,-59,-42,1,3
18,-253,-60,-41,2,4
23,-252,-53,-38,1,5
20,-251,-57,-37,0,4
22,-252,-55,-33,-1,5
20,-251,-55,-31,-2,3
18,-249,-54,-30,-4,5
22,-251,-58,-28,-5,5
20,-250,-52,-27,-4,5
22,-251,-53,-29,-3,6
22,-250,-52,-32,-2,6
23,-252,-51,-34,0,3
23,-249,-54,-35,3,3
18,-248,-55,-38,6,3
21,-251,-53,-36,9,3
20,-251,-53,-36,11,2
22,-251,-52,-38,10,3
20,-255,-54,-40,10,3
23,-254,-55,-41,9,4
20,-255,-54,-42,7,4
21,-257,-55,-44,4,4
21,-255,-56,-45,2,5
19,-255,-56,-44,-2,5
16,-252,-57,-41,-6,8
16,-253,-56,-38,-10,9
18,-257,-56,-34,-14,12
16,-253,-58,-30,-16,15
17,-253,-58,-27,-18,17
19,-256,-59,-25,-19,18
19,-257,-57,-25,-20,17
17,-253,-58,-25,-18,18
17,-257,-57,-24,-18,17
17,-254,-59,-23,-17,17
20,-254,-59,-22,-18,15
18,-257,-57,-23,-17,14
19,-253,-61,-23,-14,14
19,-252,-63,-20,-15,13
20,-253,-62,-19,-14,11
19,-252,-61,-17,-15,11
18,-253,-61,-13,-16,10
19,-253,-59,-11,-15,10
22,-254,-60,-7,-16,11
18,-251,-61,-7,-19,11
17,-252,-58,-4,-22,12
18,-251,-57,-4,-25,12
21,-250,-58,-3,-29,13
15,-248,-61,-3,-32,13
20,-250,-61,-1,-33,13
15,-249,-58,-2,-35,13
19,-250,-57,-3,-36,13
13,-250,-57,-3,-39,14
13,-246,-58,-8,-39,15
16,-248,-60,-11,-41,17
16,-248,-61,-15,-41,17
15,-250,-61,-18,-41,16
16,-247,-63,-21,-41,17
15,-252,-62,-23,-40,18
16,-249,-65,-27,-40,18
15,-248,-61,-32,-41,19
17,-248,-62,-37,-44,19
16,-246,-61,-44,-48,18
15,-249,-63,-50,-52,21
13,-244,-65,-61,-56,21
16,-248,-68,-73,-59,20
14,-246,-63,-87,-63,22
14,-247,-67,-101,-68,23
14,-247,-64,-114,-71,23
16,-248,-63,-126,-74,24
14,-249,-66,-133,-76,23
15,-248,-66,-141,-78,23
15,-250,-62,-147,-82,22
16,-251,-64,-152,-86,22
15,-249,-69,-157,-91,20
14,-250,-64,-161,-94,20
16,-251,-62,-165,-96,18
16,-250,-68,-170,-100,16
12,-249,-67,-176,-101,16
15,-250,-67,-175,-104,14
18,-252,-63,-175,-107,15
11,-252,-67,-171,-107,14
15,-252,-62,-171,-108,12
14,-253,-64,-172,-111,11
15,-251,-64,-167,-111,10
15,-250,-65,-161,-111,10
16,-249,-61,-155,-110,10
18,-249,-67,-148,-109,9
15,-249,-65,-140,-107,6
16,-249,-65,-132,-105,3
18,-250,-65,-124,-104,1
18,-246,-64,-119,-107,-3
20,-248,-68,-120,-108,-9
18,-248,-66,-122,-110,-13
19,-248,-65,-125,-110,-16
19,-245,-66,-131,-109,-19
22,-247,-67,-139,-108,-23
22,-244,-69,-148,-103,-29
23,-247,-67,-156,-95,-33
25,-248,-67,-164,-88,-37
22,-247,-72,-171,-80,-42
21,-246,-70,-178,-71,-45
21,-249,-72,-184,-64,-46
22,-244,-75,-193,-62,-48
20,-247,-72,-201,-63,-50
20,-249,-67,-208,-64,-51
19,-248,-68,-214,-64,-52
21,-248,-70,-219,-65,-51
19,-248,-73,-220,-64,-49
18,-248,-72,-223,-63,-50
19,-249,-76,-223,-60,-50
19,-248,-74,-220,-57,-49
15,-249,-77,-220,-57,-51
17,-249,-78,-222,-56,-53
14,-253,-77,-226,-60,-54
15,-249,-76,-229,-65,-55
16,-249,-73,-230,-72,-56
15,-250,-76,-228,-80,-56
14,-250,-76,-224,-85,-56
12,-247,-74,-217,-90,-54
14,-249,-73,-208,-91,-50
16,-247,-73,-201,-88,-46
18,-247,-76,-194,-84,-43
19,-243,-76,-189,-78,-39
24,-245,-77,-188,-70,-38
23,-245,-80,-187,-64,-37
21,-243,-80,-188,-61,-39
20,-243,-82,-192,-64,-41
15,-243,-81,-197,-76,-42
16,-241,-78,-206,-92,-45
18,-238,-79,-215,-108,-47
18,-236,-79,-225,-123,-49
20,-235,-69,-235,-131,-51
21,-238,-71,-246,-132,-53
21,-238,-73,-255,-124,-55
21,-234,-70,-266,-115,-57
22,-238,-69,-274,-106,-61
20,-240,-68,-280,-99,-65
24,-239,-69,-284,-96,-70
24,-240,-72,-286,-95,-74
24,-241,-71,-286,-96,-79
24,-243,-73,-287,-97,-84
27,-245,-77,-288,-98,-88
24,-245,-73,-292,-98,-91
27,-247,-74,-294,-102,-95
27,-248,-74,-296,-109,-97
26,-248,-68,-294,-118,-97
21,-245,-70,-290,-128,-96
25,-248,-69,-283,-138,-96
22,-250,-69,-274,-146,-95
24,-251,-72,-263,-153,-93
22,-248,-72,-251,-157,-93
19,-248,-71,-242,-160,-90
20,-254,-72,-233,-162,-89
22,-252,-71,-226,-162,-87
18,-250,-75,-220,-161,-86
21,-250,-72,-217,-159,-86
21,-249,-72,-214,-157,-84
20,-251,-68,-214,-157,-84
21,-249,-73,-212,-157,-83
19,-251,-71,-209,-158,-82
23,-251,-72,-205,-158,-79
25,-251,-73,-198,-160,-78
25,-249,-74,-189,-160,-78
27,-252,-70,-179,-161,-77
24,-253,-74,-165,-158,-77
26,-251,-75,-154,-155,-76
28,-249,-72,-144,-154,-78
28,-250,-71,-133,-154,-78
31,-246,-72,-123,-154,-79
31,-254,-72,-113,-153,-82
30,-254,-75,-103,-148,-82
32,-255,-70,-95,-142,-85
31,-252,-74,-86,-132,-86
28,-253,-75,-78,-125,-88
33,-254,-71,-67,-114,-89
30,-251,-75,-60,-104,-88
30,-250,-74,-50,-97,-86
30,-249,-75,-43,-89,-83
30,-254,-70,-34,-85,-81
30,-251,-77,-29,-83,-77
31,-249,-75,-24,-81,-75
32,-249,-75,-23,-81,-72
30,-249,-77,-20,-82,-71
32,-249,-83,-20,-81,-70
30,-248,-74,-19,-78,-71
29,-247,-82,-20,-71,-72
29,-244,-80,-20,-63,-73
31,-247,-79,-23,-53,-73
32,-249,-77,-27,-41,-72
29,-249,-75,-33,-26,-73
31,-248,-73,-41,-8,-71
32,-248,-70,-45,6,-70
33,-247,-74,-50,19,-68
37,-247,-72,-48,29,-66
36,-249,-76,-46,33,-62
36,-248,-73,-42,38,-60
34,-245,-74,-35,38,-55
34,-244,-77,-32,38,-52
34,-247,-76,-32,38,-49
38,-248,-81,-33,41,-48
34,-243,-81,-40,44,-46
31,-244,-78,-52,52,-47
32,-245,-86,-63,59,-47
31,-241,-85,-74,65,-47
33,-240,-83,-85,67,-45
31,-239,-81,-96,74,-42
30,-239,-78,-104,81,-40
32,-238,-81,-112,92,-40
36,-242,-78,-116,106,-39
33,-242,-77,-122,122,-38
33,-242,-73,-124,136,-36
35,-247,-76,-126,150,-30
32,-243,-76,-125,163,-28
33,-245,-73,-128,169,-23
35,-243,-79,-128,172,-16
32,-242,-78,-128,171,-10
33,-242,-79,-130,165,-5
32,-245,-81,-134,160,-1
35,-243,-81,-139,155,3
27,-244,-82,-144,152,7
26,-243,-81,-152,151,9
30,-245,-85,-161,148,13
30,-243,-82,-168,148,15
27,-239,-85,-174,150,16
26,-241,-82,-181,151,17
28,-242,-84,-188,151,18
28,-241,-80,-193,156,21
31,-242,-80,-197,161,21
31,-245,-77,-199,164,21
31,-244,-72,-203,171,19
33,-246,-78,-202,175,17
33,-247,-76,-202,179,13
33,-249,-76,-200,184,9
32,-250,-76,-197,187,3
31,-256,-77,-189,190,-2
30,-256,-78,-179,190,-6
30,-254,-78,-167,187,-13
30,-252,-78,-153,181,-18
29,-250,-80,-141,175,-21
28,-251,-84,-129,169,-22
27,-250,-81,-118,162,-26
29,-250,-83,-111,154,-26
30,-247,-79,-107,145,-25
27,-247,-79,-105,135,-22
27,-245,-83,-105,127,-21
29,-242,-85,-105,120,-15
25,-245,-82,-103,117,-11
27,-245,-79,-101,118,-7
27,-244,-78,-100,120,-2
27,-245,-75,-103,122,1
24,-245,-78,-102,123,4
24,-245,-77,-105,121,8
24,-249,-76,-103,114,12
24,-248,-75,-100,105,14
25,-248,-77,-97,97,16
21,-249,-79,-95,86,17
25,-249,-80,-88,77,18
26,-251,-84,-86,66,16
24,-247,-84,-82,59,14
24,-247,-83,-79,55,12
25,-247,-88,-78,55,9
26,-244,-84,-77,55,5
27,-247,-85,-78,59,0
25,-243,-81,-77,63,-4
27,-243,-83,-80,66,-8
26,-244,-82,-81,68,-10
28,-246,-85,-78,72,-9
28,-244,-80,-75,78,-9
29,-247,-78,-66,85,-8
31,-248,-86,-59,94,-4
29,-248,-86,-47,102,1
34,-249,-84,-36,110,7
32,-249,-86,-27,118,13
32,-248,-81,-15,124,20
32,-249,-91,-9,124,25
35,-250,-87,-6,117,31
33,-248,-92,-7,104,35
34,-245,-87,-9,89,40
33,-245,-87,-14,76,44
29,-247,-92,-14,67,48
30,-246,-84,-11,63,50
32,-244,-88,-9,63,52
31,-243,-84,-4,70,54
31,-245,-81,4,83,56
27,-240,-84,11,99,54
27,-241,-83,17,116,54
28,-242,-83,17,130,53
23,-241,-83,11,136,52
25,-243,-87,-5,141,54
25,-238,-88,-27,144,55
29,-239,-83,-55,141,57
30,-241,-88,-81,141,59
31,-239,-86,-102,136,61
31,-237,-80,-123,127,62
29,-241,-75,-140,117,60
27,-241,-77,-153,106,58
26,-242,-71,-165,95,53
24,-241,-70,-173,89,50
24,-247,-63,-174,88,45
21,-247,-71,-171,90,43
20,-248,-75,-165,94,40
20,-250,-76,-154,100,43
18,-251,-79,-141,106,44
22,-251,-83,-129,112,48
20,-251,-81,-117,118,54
21,-252,-89,-107,121,63
20,-250,-85,-101,124,72
23,-249,-86,-99,120,82
25,-248,-84,-97,112,90
26,-247,-87,-102,107,96
25,-250,-84,-111,100,99
25,-247,-87,-120,95,101
26,-248,-85,-131,91,99
24,-247,-82,-143,86,98
23,-247,-81,-153,82,95
23,-248,-81,-158,78,94
20,-247,-84,-157,79,92
19,-248,-83,-155,80,92
23,-248,-83,-148,83,91
18,-247,-80,-142,89,93
23,-253,-84,-134,94,94
25,-249,-82,-126,97,94
25,-245,-76,-120,101,96
22,-244,-79,-117,104,95
25,-244,-81,-114,103,94
24,-244,-78,-111,102,92
24,-244,-78,-110,98,88
26,-242,-78,-109,92,85
25,-242,-82,-110,85,79
24,-241,-83,-112,81,72
22,-244,-86,-113,79,66
25,-241,-86,-117,81,60
25,-244,-89,-121,86,52
22,-241,-91,-126,90,45
22,-243,-88,-132,98,38
22,-247,-90,-135,102,35
22,-245,-88,-137,102,34
19,-247,-87,-132,100,35
24,-248,-86,-126,99,36
23,-250,-89,-114,100,38
23,-250,-94,-101,100,42
21,-249,-89,-88,98,46
25,-244,-92,-77,95,49
24,-251,-94,-66,89,52
24,-247,-91,-59,82,54
24,-248,-88,-55,73,54
24,-247,-89,-54,66,50
22,-245,-90,-56,59,44
21,-242,-91,-60,51,39
22,-243,-89,-70,44,31
20,-241,-88,-77,39,23
21,-242,-90,-82,37,16
16,-244,-81,-83,40,10
21,-243,-92,-80,46,4
22,-243,-88,-76,56,1
23,-246,-88,-68,63,-4
23,-244,-89,-56,69,-5
23,-243,-90,-46,69,-6
24,-241,-89,-36,67,-2
25,-242,-88,-30,61,1
27,-244,-87,-28,55,2
32,-245,-90,-31,46,-1
27,-244,-88,-36,39,-5
28,-246,-90,-47,31,-13
28,-243,-91,-60,28,-26
30,-240,-90,-74,25,-40
31,-242,-90,-89,24,-52
27,-246,-89,-101,25,-64
26,-240,-93,-109,27,-72
30,-244,-89,-112,29,-76
27,-244,-92,-112,33,-79
29,-246,-93,-110,36,-78
23,-248,-93,-101,39,-74
23,-249,-90,-93,40,-66
26,-250,-90,-85,38,-56
27,-254,-87,-74,37,-44
29,-254,-87,-65,36,-32
37,-256,-83,-55,38,-21
25,-251,-85,-37,49,-18
25,-254,-82,-14,49,-17
30,-252,-86,6,40,-15
32,-249,-84,16,25,-15
28,-250,-85,21,14,-14
28,-248,-89,22,6,-16
29,-248,-91,24,2,-17
28,-251,-88,27,-2,-15
25,-250,-89,31,-5,-15
25,-252,-88,38,-5,-11
25,-249,-83,49,-4,-4
22,-251,-87,61,-2,2
24,-252,-84,77,-1,11
21,-252,-85,93,-2,23
24,-259,-86,108,-2,34
21,-257,-88,116,-2,44
21,-255,-87,122,1,53
28,-255,-88,119,3,60
27,-256,-85,110,7,66
28,-250,-83,98,9,65
32,-253,-80,81,13,63
31,-250,-79,63,13,56
30,-250,-81,46,10,48
30,-249,-84,31,6,40
28,-248,-80,20,-5,34
26,-248,-84,16,-15,31
26,-246,-83,15,-23,29
25,-246,-88,19,-26,29
25,-248,-85,30,-23,28
22,-246,-86,42,-16,27
19,-252,-91,59,-5,29
18,-250,-92,79,6,28
20,-253,-88,99,14,30
18,-249,-89,120,23,30
18,-252,-86,140,29,34
21,-250,-84,154,37,35
23,-251,-83,163,42,35
27,-251,-84,165,47,35
26,-250,-84,161,53,33
25,-249,-82,150,56,33
29,-248,-78,143,56,34
28,-244,-82,138,53,33
27,-247,-83,136,47,36
26,-243,-79,140,42,37
27,-247,-80,148,35,41
25,-246,-81,161,30,41
25,-244,-80,173,28,42
19,-241,-80,183,24,41
18,-245,-79,189,21,42
16,-244,-79,193,17,45
15,-243,-78,194,12,46
16,-240,-80,196,8,47
14,-239,-79,190,6,47
14,-240,-76,184,10,47
15,-239,-75,168,13,46
19,-236,-77,153,18,47
14,-234,-71,132,23,52
15,-234,-69,115,19,56
18,-237,-72,106,12,63
14,-235,-72,101,3,74
16,-238,-74,104,-9,82
16,-236,-72,113,-19,91
24,-232,-86,128,-27,96
17,-240,-78,148,-30,97
16,-241,-83,170,-29,98
14,-239,-77,192,-21,95
17,-241,-80,214,-10,90
22,-244,-75,233,8,84
23,-246,-75,253,28,76
26,-249,-78,272,49,66
24,-247,-78,290,71,57
22,-248,-76,310,89,50
22,-248,-75,325,97,43
23,-251,-72,339,99,38
20,-251,-68,352,90,41
17,-252,-68,366,73,48
15,-251,-65,380,46,59
17,-254,-63,395,12,72
13,-254,-70,411,-25,87
9,-256,-65,426,-56,103
8,-259,-66,440,-79,115
7,-257,-64,458,-93,121
6,-260,-64,482,-100,123
8,-258,-62,513,-95,119
7,-255,-62,548,-80,112
8,-260,-61,586,-55,102
14,-257,-62,631,-24,88
14,-257,-57,669,8,71
17,-253,-56,695,37,54
15,-251,-54,713,61,38
17,-253,-52,719,72,26
15,-252,-50,719,72,15
11,-254,-50,714,60,13
11,-255,-38,706,38,17
10,-255,-41,696,4,23
4,-262,-35,687,-39,33
7,-264,-28,689,-87,48
1,-265,-26,702,-135,61
5,-267,-26,728,-175,74
4,-270,-31,759,-204,83
5,-268,-25,786,-220,83
9,-273,-25,816,-225,72
13,-273,-25,844,-221,55
13,-273,-21,867,-215,33
14,-266,-20,890,-213,12
15,-269,-14,916,-209,-6
14,-271,-13,951,-205,-22
18,-273,-3,993,-203,-34
16,-274,6,1045,-201,-45
22,-285,3,1107,-196,-56
21,-290,1,1178,-193,-62
19,-292,4,1252,-187,-68
19,-293,-4,1333,-181,-70
21,-293,-10,1413,-175,-70
21,-288,-18,1471,-168,-68
21,-285,-32,1496,-161,-68
20,-283,-35,1493,-144,-63
20,-288,-35,1475,-117,-54
20,-291,-43,1448,-84,-41
15,-296,-51,1409,-50,-27
18,-298,-53,1357,-14,-7
19,-301,-57,1292,15,17
19,-307,-65,1208,31,33
25,-311,-62,1098,41,41
25,-312,-67,974,57,49
27,-315,-54,849,79,63
23,-313,-38,733,99,72
19,-311,-29,655,113,77
16,-308,-16,616,113,78
13,-306,-10,614,105,80
13,-301,-8,634,101,85
16,-295,-2,660,114,88
15,-287,5,680,138,86
20,-282,10,688,168,81
20,-275,9,681,195,74
19,-269,11,663,215,67
21,-259,12,632,225,59
20,-255,15,593,230,49
18,-248,13,549,231,41
19,-245,13,503,233,30
17,-241,17,455,233,20
18,-236,15,409,226,6
19,-230,20,361,214,-9
17,-229,20,319,198,-28
17,-225,23,282,186,-46
18,-220,25,247,179,-65
20,-221,21,218,177,-82
18,-217,23,193,182,-100
19,-220,22,172,188,-119
16,-223,25,153,194,-141
13,-223,25,137,193,-163
9,-223,28,125,190,-185
11,-228,31,120,181,-202
6,-229,34,120,171,-210
8,-232,35,131,157,-212
5,-232,37,148,143,-206
6,-235,38,169,128,-196
7,-234,37,195,119,-182
9,-241,44,218,113,-166
10,-239,39,238,109,-147
7,-238,39,251,104,-129
12,-236,35,255,103,-114
11,-241,35,249,101,-98
14,-240,34,235,102,-86
15,-243,31,215,102,-79
15,-243,31,186,101,-74
19,-246,30,151,99,-72
17,-246,32,115,95,-71
19,-251,35,79,91,-73
20,-251,34,46,87,-77
20,-251,40,15,87,-84
18,-252,40,-8,89,-91
19,-257,45,-24,93,-97
21,-255,45,-28,99,-104
17,-254,45,-22,107,-107
18,-253,49,-3,115,-109
18,-255,48,20,121,-110
15,-253,45,50,125,-109
15,-249,48,79,129,-107
17,-248,49,105,130,-104
18,-247,46,125,134,-100
16,-239,44,139,137,-95
19,-238,42,137,143,-92
21,-233,46,127,152,-87
23,-231,42,105,162,-83
22,-229,42,77,171,-79
23,-227,46,43,180,-74
21,-227,42,5,187,-67
23,-223,47,-29,193,-59
21,-222,49,-60,195,-53
21,-220,53,-90,192,-44
21,-223,57,-110,186,-36
20,-224,57,-120,179,-28
22,-229,56,-119,167,-21
22,-227,54,-108,150,-18
24,-232,54,-93,136,-19
23,-238,47,-77,126,-20
21,-238,45,-65,122,-24
20,-239,43,-60,120,-29
21,-242,41,-65,125,-34
26,-242,36,-72,136,-39
27,-246,37,-82,152,-43
25,-248,33,-90,166,-47
29,-252,35,-92,176,-48
30,-255,35,-90,180,-51
26,-253,36,-86,181,-48
26,-254,38,-80,175,-47
25,-254,36,-69,167,-43
26,-254,38,-50,153,-41
26,-258,37,-26,137,-36
24,-256,38,2,120,-33
23,-250,33,27,105,-30
24,-247,35,53,92,-28
25,-247,37,71,81,-25
21,-247,33,83,76,-24
21,-241,34,90,74,-24
24,-240,35,87,75,-21
22,-238,33,84,79,-18
27,-240,31,80,81,-18
22,-239,34,73,80,-22
22,-238,36,65,73,-21
22,-242,37,61,65,-23
19,-240,41,57,56,-25
18,-238,38,54,47,-30
15,-237,37,54,39,-32
16,-234,40,54,32,-35
16,-235,39,53,26,-38
15,-233,33,54,21,-40
13,-235,32,50,12,-39
8,-234,34,39,5,-37
10,-233,28,23,-5,-36
13,-234,28,0,-13,-31
12,-236,31,-30,-22,-24
12,-236,26,-62,-32,-19
14,-237,29,-94,-39,-14
15,-243,32,-121,-51,-12
16,-246,28,-140,-62,-13
18,-248,30,-153,-71,-19
20,-248,33,-154,-77,-29
20,-249,31,-150,-82,-40
22,-250,32,-139,-85,-52
23,-251,30,-122,-84,-67
26,-250,35,-102,-76,-81
22,-247,32,-80,-64,-97
20,-247,36,-55,-48,-112
21,-247,34,-33,-34,-123
19,-239,30,-13,-26,-132
16,-243,29,-2,-20,-134
16,-240,29,3,-18,-135
13,-240,29,0,-17,-131
11,-243,31,-9,-18,-124
9,-241,27,-24,-23,-116
6,-242,27,-43,-30,-105
9,-243,26,-62,-39,-95
5,-245,26,-81,-48,-82
4,-246,32,-95,-59,-72
6,-247,26,-105,-67,-61
8,-246,30,-110,-70,-52
7,-247,34,-107,-70,-47
11,-248,32,-98,-68,-43
10,-248,33,-88,-64,-39
14,-247,36,-70,-58,-37
12,-248,32,-54,-52,-35
16,-248,30,-35,-44,-33
17,-247,29,-17,-37,-32
18,-245,25,-4,-31,-29
18,-248,27,6,-27,-28
19,-247,27,12,-22,-28
23,-243,19,15,-19,-28
24,-244,23,12,-17,-29
24,-248,27,6,-17,-33
21,-246,30,0,-22,-38
23,-244,30,-8,-29,-44
24,-246,29,-16,-41,-50
23,-244,26,-21,-54,-55
22,-246,30,-24,-67,-60
21,-244,33,-22,-80,-65
18,-243,27,-19,-90,-72
20,-241,28,-13,-102,-79
23,-245,25,-9,-115,-83
23,-244,32,-9,-127,-90
21,-242,31,-14,-137,-96
22,-243,29,-23,-144,-102
23,-244,28,-37,-149,-105
24,-241,25,-52,-154,-108
23,-244,26,-72,-156,-110
24,-243,29,-92,-158,-110
28,-244,27,-108,-161,-109
31,-246,31,-122,-160,-110
29,-246,30,-130,-159,-115
41,-239,36,-132,-156,-119
34,-248,34,-131,-158,-125
34,-251,32,-122,-162,-132
31,-250,36,-107,-166,-139
32,-251,31,-88,-171,-148
31,-252,37,-66,-175,-155
32,-251,34,-45,-176,-161
31,-249,35,-23,-176,-163
30,-247,26,-3,-171,-163
31,-248,31,9,-164,-164
33,-246,33,18,-156,-161
28,-245,27,20,-151,-160
31,-245,26,20,-150,-156
29,-242,26,17,-153,-153
28,-240,26,12,-156,-147
30,-238,23,7,-160,-143
28,-239,26,-3,-164,-141
27,-242,32,-10,-169,-136
27,-242,26,-17,-173,-133
28,-245,33,-17,-175,-133
30,-244,28,-17,-175,-133
30,-244,34,-15,-169,-133
28,-244,29,-11,-158,-134
32,-247,28,-4,-141,-134
31,-244,27,5,-123,-133
31,-246,23,12,-104,-131
36,-243,22,18,-88,-130
36,-243,24,21,-75,-127
38,-240,31,21,-65,-120
37,-241,25,18,-61,-116
38,-241,28,15,-62,-110
43,-243,31,9,-66,-106
40,-241,24,5,-73,-101
38,-243,25,-5,-80,-97
39,-242,25,-16,-85,-95
40,-240,28,-24,-85,-89
40,-245,26,-37,-79,-86
42,-246,29,-48,-71,-82
43,-245,31,-59,-57,-81
44,-246,31,-66,-44,-80
46,-245,35,-70,-37,-78
45,-244,36,-69,-30,-78
46,-247,35,-65,-29,-76
45,-243,35,-61,-31,-73
45,-242,33,-57,-35,-74
44,-241,32,-52,-42,-72
47,-241,35,-53,-50,-71
44,-240,29,-58,-59,-70
46,-241,33,-66,-65,-66
43,-236,35,-78,-70,-62
42,-237,31,-91,-72,-58
45,-242,29,-105,-73,-54
43,-241,34,-118,-73,-51
44,-241,24,-129,-74,-48
46,-238,25,-139,-74,-45
47,-243,27,-145,-73,-44
48,-243,25,-149,-70,-45
47,-242,31,-147,-67,-48
47,-241,29,-143,-64,-52
48,-243,24,-137,-58,-58
46,-244,28,-129,-51,-63
48,-245,29,-118,-44,-63
51,-247,29,-104,-36,-66
49,-247,26,-89,-26,-67
49,-244,32,-75,-15,-66
45,-244,28,-63,-6,-63
47,-246,28,-54,-1,-60
45,-245,28,-46,1,-57
43,-244,27,-45,0,-55
43,-245,29,-41,-4,-54
44,-244,27,-42,-8,-52
44,-247,32,-42,-12,-53
45,-250,30,-37,-15,-51
43,-246,34,-30,-14,-50
46,-248,30,-20,-11,-48
47,-246,30,-13,-6,-44
47,-247,25,-7,-2,-42
47,-244,25,-4,3,-41
44,-241,27,-3,6,-41
46,-242,30,-4,6,-43
44,-242,31,-7,6,-47
45,-244,30,-11,5,-53
46,-247,35,-18,2,-61
46,-246,35,-20,-3,-68
46,-247,39,-15,-9,-73
44,-245,36,-8,-14,-74
45,-240,33,3,-12,-71
45,-236,34,14,-4,-63
46,-235,32,22,9,-54
46,-232,27,25,22,-48
47,-233,30,24,31,-41
46,-232,28,16,29,-34
46,-233,25,5,23,-29
46,-232,27,-11,11,-22
45,-232,25,-30,-1,-13
45,-235,26,-50,-9,-3
48,-240,25,-71,-12,7
47,-239,27,-89,-9,14
45,-242,27,-103,-4,22
43,-241,26,-111,1,28
43,-241,29,-116,5,33
43,-245,24,-117,10,38
44,-244,26,-117,17,44
46,-243,25,-115,22,46
45,-245,25,-112,27,47
43,-244,24,-109,32,48
45,-245,26,-106,36,47
41,-245,27,-101,39,47
44,-247,27,-99,38,45
46,-246,28,-95,36,45
42,-248,27,-92,32,46
44,-248,29,-85,32,50
42,-248,26,-83,32,51
39,-245,24,-81,31,49
40,-247,26,-84,29,43
41,-247,27,-89,26,38
40,-246,28,-93,20,32
40,-245,34,-93,14,32
40,-244,36,-85,9,32
44,-243,39,-76,4,35
41,-245,36,-64,-1,36
41,-245,37,-57,-8,37
40,-245,37,-50,-15,39
38,-246,34,-44,-24,42
39,-247,35,-35,-31,45
35,-244,36,-27,-39,46
40,-244,35,-19,-42,48
40,-243,31,-6,-42,45
41,-243,28,2,-39,42
40,-240,27,6,-32,40
44,-240,24,9,-19,34
42,-241,24,10,-7,29
41,-238,23,5,5,23
42,-239,20,-2,10,18
41,-238,24,-9,12,15
40,-240,24,-17,14,12
42,-241,24,-28,15,9
38,-236,29,-40,17,8
42,-238,28,-48,18,7
42,-242,27,-57,21,7
42,-244,24,-64,23,8
39,-243,30,-68,23,9
38,-241,26,-73,25,12
36,-247,24,-79,23,15
37,-242,25,-83,21,17
36,-247,28,-87,19,17
37,-245,30,-89,15,18
37,-246,28,-89,13,17
35,-247,27,-87,12,16
37,-247,26,-84,13,14
37,-247,31,-81,14,12
36,-245,27,-78,15,13
37,-246,18,-76,18,11
36,-246,28,-76,19,10
36,-245,30,-75,19,10
34,-243,27,-74,19,11
40,-244,25,-74,18,11
43,-247,27,-74,21,11
42,-243,29,-70,26,12
42,-243,27,-69,30,9
38,-243,34,-67,33,7
38,-242,29,-68,32,4
44,-246,29,-66,30,-1
42,-246,28,-64,25,-5
39,-246,26,-61,24,-8
42,-246,29,-54,22,-12
43,-245,27,-47,22,-16
44,-247,31,-41,23,-15
44,-244,25,-35,26,-14
43,-244,27,-28,28,-11
42,-244,25,-24,30,-9
44,-243,25,-23,32,-6
41,-243,25,-24,34,-2
43,-244,26,-26,31,-1
47,-239,33,-29,30,0
45,-243,26,-34,28,4
43,-239,27,-40,30,4
43,-240,29,-45,34,6
43,-239,31,-51,35,7
43,-245,32,-52,36,7
44,-242,32,-52,34,6
42,-245,30,-53,30,6
41,-241,30,-53,27,6
39,-242,31,-52,24,7
43,-240,28,-54,22,9
38,-239,27,-56,22,9
41,-241,30,-61,20,9
40,-242,24,-68,18,10
40,-241,28,-75,20,12
40,-241,30,-80,21,12
38,-240,29,-87,21,14
42,-242,27,-93,23,14
42,-246,27,-98,24,15
40,-243,30,-100,25,14
43,-247,29,-102,23,14
40,-237,23,-103,21,11
39,-247,32,-102,14,9
39,-245,30,-99,10,8
37,-246,31,-93,7,10
39,-247,29,-83,5,11
38,-245,28,-75,3,12
41,-246,22,-69,3,14
39,-244,23,-65,3,14
43,-247,27,-64,3,17
39,-242,28,-64,4,17
42,-245,26,-68,5,15
39,-241,23,-70,8,13
42,-243,25,-75,12,11
40,-242,27,-79,18,8
40,-243,31,-84,23,4
42,-245,28,-83,25,2
41,-244,33,-85,26,-4
40,-244,27,-80,25,-8
38,-247,29,-76,24,-6
39,-246,30,-72,21,-7
38,-244,26,-68,20,-6
39,-240,27,-64,18,-4
39,-244,28,-63,16,-1
34,-242,24,-62,13,1
37,-243,20,-65,11,4
37,-242,23,-70,9,6
36,-242,22,-80,6,5
35,-243,24,-88,7,5
37,-244,23,-96,9,3
41,-246,23,-105,12,0
38,-245,27,-112,14,-3
41,-247,25,-114,18,-4
36,-245,24,-112,23,-5
37,-247,28,-109,25,-7
40,-243,30,-103,24,-7
40,-245,24,-93,23,-6
38,-245,25,-86,21,-4
39,-245,25,-77,16,-2
35,-249,21,-71,13,0
39,-245,20,-62,10,-1
41,-244,22,-55,5,-1
37,-243,22,-53,1,-1
37,-244,20,-54,-3,-1
36,-243,25,-58,-5,1
40,-248,27,-62,-2,1
43,-244,25,-65,1,-1
40,-247,28,-66,6,0
39,-244,26,-65,10,-1
44,-248,26,-61,14,0
39,-242,26,-56,18,2
41,-245,24,-52,21,3
41,-245,25,-49,23,2
39,-247,27,-45,25,5
42,-243,23,-45,27,6
41,-247,25,-44,25,5
40,-243,25,-46,23,5
43,-245,27,-52,21,6
43,-244,30,-56,19,5
39,-244,29,-61,16,3
38,-241,28,-63,15,1
40,-244,28,-62,12,-1
40,-244,31,-64,10,-3
38,-245,31,-63,9,-5
41,-246,28,-58,9,-8
40,-245,27,-54,10,-10
41,-246,28,-49,11,-13
41,-249,24,-48,11,-14
38,-246,24,-47,10,-17
42,-244,20,-52,9,-16
39,-241,27,-58,9,-15
37,-242,18,-67,8,-13
40,-243,22,-79,6,-12
35,-242,22,-87,4,-12
43,-245,21,-98,3,-10
37,-240,21,-103,3,-9
39,-244,23,-107,3,-9
39,-243,26,-108,6,-10
36,-243,25,-106,9,-11
38,-245,27,-103,12,-10
40,-246,26,-96,17,-10
40,-247,25,-90,21,-9
40,-246,25,-85,21,-10
37,-245,23,-78,21,-11
41,-244,23,-73,17,-10
41,-247,22,-70,16,-10
38,-243,22,-65,14,-9
40,-245,20,-63,14,-8
41,-244,22,-64,11,-6
43,-241,18,-65,10,-4
42,-245,18,-67,8,-1
42,-244,21,-71,9,-1
37,-246,24,-74,10,-1
40,-245,22,-77,9,0
37,-244,23,-79,10,-1
38,-244,23,-81,10,-1
39,-241,24,-83,11,0
40,-246,24,-85,11,2
39,-244,23,-86,12,2
40,-242,22,-91,9,3
35,-241,19,-98,5,5
37,-244,23,-104,0,7
37,-245,25,-112,-5,8
36,-245,23,-117,-9,7
39,-247,21,-122,-13,8
38,-247,22,-124,-16,7
37,-248,25,-123,-16,7
39,-249,23,-118,-18,5
40,-247,24,-105,-16,4
38,-251,23,-96,-15,3
40,-248,28,-81,-14,1
40,-247,31,-69,-18,1
39,-247,23,-56,-24,-3
38,-251,27,-48,-33,-7
41,-247,23,-42,-39,-9
37,-244,22,-40,-44,-11
41,-245,16,-43,-46,-13
40,-243,14,-46,-43,-13
39,-241,19,-54,-39,-14
42,-241,16,-66,-36,-13
43,-241,19,-83,-32,-14
38,-239,19,-98,-30,-14
39,-240,21,-115,-32,-14
42,-241,24,-130,-31,-15
40,-241,25,-144,-30,-16
39,-241,29,-154,-29,-18
42,-242,27,-164,-29,-19
42,-245,27,-171,-29,-19
36,-243,27,-173,-30,-20
37,-243,28,-174,-31,-21
40,-245,30,-176,-30,-20
43,-245,26,-178,-28,-18
41,-243,24,-181,-26,-18
42,-241,29,-184,-26,-15
39,-243,21,-187,-26,-14
38,-243,25,-192,-26,-14
42,-244,24,-197,-26,-12
40,-243,21,-203,-27,-11
40,-243,25,-207,-27,-9
37,-246,23,-209,-24,-9
41,-247,21,-213,-21,-9
40,-243,20,-217,-17,-9
39,-246,22,-218,-14,-9
43,-246,21,-218,-11,-10
38,-245,19,-216,-10,-9
40,-247,19,-214,-9,-6
41,-247,19,-213,-9,-4
40,-245,19,-211,-12,-1
42,-246,19,-206,-13,3
42,-248,17,-199,-15,6
42,-245,15,-194,-19,5
41,-247,13,-189,-23,6
39,-248,13,-185,-25,7
40,-245,13,-187,-23,8
42,-246,12,-191,-23,8
40,-242,13,-198,-21,9
40,-242,13,-206,-20,11
40,-243,18,-217,-16,13
39,-242,10,-229,-12,15
42,-243,12,-241,-10,16
38,-241,11,-255,-8,17
42,-239,12,-267,-9,22
43,-244,11,-280,-11,23
40,-244,8,-293,-11,26
42,-243,14,-306,-12,28
42,-246,9,-319,-14,30
42,-247,8,-329,-14,31
44,-247,11,-334,-14,33
43,-246,9,-337,-13,34
41,-248,10,-339,-11,33
42,-247,11,-334,-10,35
41,-247,10,-331,-9,32
40,-247,10,-327,-8,30
41,-247,12,-322,-9,29
43,-246,10,-317,-8,26
44,-245,9,-312,-8,26
45,-246,11,-314,-8,29
41,-241,8,-315,-7,31
42,-238,11,-321,-6,34
40,-242,9,-328,-10,40
35,-239,9,-340,-14,44
38,-243,8,-355,-18,49
37,-244,5,-375,-25,52
38,-245,8,-394,-32,58
38,-245,5,-413,-35,61
38,-243,4,-431,-39,62
40,-247,8,-448,-40,64
42,-247,-3,-462,-37,60
44,-249,3,-476,-33,59
41,-247,1,-491,-26,53
40,-247,4,-503,-15,50
44,-249,7,-510,-10,46
37,-248,3,-515,-2,42
41,-249,5,-520,0,39
38,-249,6,-520,-1,36
39,-249,5,-519,-6,33
41,-247,2,-516,-9,33
40,-247,-1,-512,-11,35
38,-245,-5,-513,-12,41
39,-246,-3,-520,-10,47
36,-245,-5,-531,-12,52
39,-246,-9,-540,-19,59
35,-242,-12,-553,-25,65
35,-242,-10,-570,-33,69
37,-245,-10,-587,-41,72
34,-241,-14,-605,-41,74
35,-243,-13,-626,-43,77
38,-245,-14,-642,-41,79
37,-245,-14,-660,-40,77
36,-244,-12,-679,-42,75
38,-242,-9,-699,-39,71
37,-243,-14,-717,-32,68
39,-244,-14,-737,-26,67
38,-245,-19,-754,-16,69
35,-243,-19,-770,-11,74
38,-241,-21,-790,-13,80
36,-240,-23,-815,-20,88
35,-243,-28,-841,-31,94
33,-246,-24,-865,-43,101
34,-246,-29,-884,-58,105
34,-246,-32,-900,-68,108
35,-245,-34,-915,-71,108
34,-246,-39,-928,-70,108
33,-247,-42,-943,-62,107
34,-249,-40,-953,-51,106
36,-251,-39,-964,-46,107
35,-256,-38,-968,-35,110
35,-256,-35,-964,-24,115
36,-259,-34,-953,-18,121
37,-261,-31,-935,-12,127
35,-263,-35,-909,-11,128
34,-264,-34,-877,-14,127
33,-262,-35,-844,-23,124
30,-263,-40,-815,-36,120
31,-261,-44,-794,-46,115
29,-259,-50,-785,-53,107
26,-254,-53,-791,-57,99
26,-250,-53,-803,-58,90
27,-251,-61,-823,-60,78
28,-250,-56,-856,-61,70
23,-250,-56,-893,-61,61
26,-249,-57,-936,-61,58
26,-252,-58,-971,-59,56
29,-256,-57,-1010,-56,49
35,-261,-61,-1042,-50,41
28,-260,-60,-1074,-42,35
32,-265,-63,-1099,-35,33
31,-269,-63,-1119,-32,28
33,-271,-69,-1133,-32,28
33,-271,-72,-1139,-36,26
34,-271,-76,-1141,-40,26
37,-270,-76,-1136,-42,23
34,-266,-76,-1120,-44,20
36,-264,-71,-1103,-47,16
31,-258,-75,-1081,-51,13
33,-262,-77,-1063,-59,12
37,-262,-75,-1048,-70,6
33,-256,-75,-1037,-77,-3
39,-259,-82,-1032,-86,-13
33,-259,-84,-1032,-89,-27
37,-259,-85,-1038,-91,-42
37,-257,-87,-1045,-88,-55
35,-257,-88,-1056,-79,-64
33,-253,-91,-1071,-70,-70
33,-254,-93,-1081,-58,-73
33,-251,-96,-1087,-48,-72
30,-254,-92,-1092,-37,-67
28,-255,-95,-1095,-32,-57
26,-254,-93,-1095,-30,-45
24,-256,-97,-1092,-37,-30
22,-258,-99,-1086,-49,-18
24,-259,-102,-1077,-63,-10
21,-256,-105,-1065,-81,-2
21,-258,-112,-1051,-97,1
23,-255,-113,-1038,-111,1
23,-252,-117,-1023,-119,-1
23,-252,-121,-1014,-123,-6
25,-252,-120,-998,-120,-14
26,-252,-120,-987,-107,-27
26,-254,-120,-979,-93,-41
25,-251,-125,-973,-74,-57
24,-250,-123,-967,-57,-74
28,-250,-118,-963,-46,-87
24,-248,-124,-957,-35,-94
24,-250,-121,-954,-27,-98
30,-249,-126,-954,-22,-93
30,-249,-125,-954,-18,-89
31,-252,-131,-952,-18,-80
31,-250,-129,-951,-21,-67
30,-249,-136,-950,-24,-58
28,-249,-141,-949,-28,-46
31,-249,-144,-946,-33,-35
33,-248,-147,-944,-37,-25
27,-248,-149,-941,-43,-13
30,-249,-154,-938,-55,-1
28,-249,-158,-936,-65,8
29,-250,-160,-936,-77,18
25,-247,-160,-935,-87,21
28,-249,-167,-939,-98,24
29,-249,-165,-950,-107,28
26,-249,-164,-953,-114,34
29,-246,-162,-951,-124,38
27,-247,-162,-945,-129,44
32,-248,-166,-931,-137,51
29,-249,-164,-912,-139,53
35,-247,-163,-897,-141,54
39,-246,-160,-879,-140,56
35,-248,-159,-858,-139,59
36,-246,-163,-830,-137,60
37,-249,-156,-800,-137,58
36,-244,-155,-769,-136,56
37,-240,-158,-741,-140,47
34,-237,-157,-724,-144,38
32,-238,-161,-718,-151,32
29,-239,-157,-713,-157,26
30,-236,-158,-711,-160,25
27,-232,-157,-705,-164,24
31,-235,-153,-695,-164,26
24,-234,-151,-683,-160,26
23,-232,-150,-667,-154,29
20,-233,-155,-652,-157,32
18,-234,-151,-637,-157,33
17,-230,-152,-624,-162,37
22,-229,-152,-614,-167,39
26,-229,-153,-604,-169,45
24,-225,-157,-591,-164,48
22,-223,-161,-576,-156,54
27,-224,-160,-561,-145,58
30,-221,-160,-546,-135,59
30,-217,-166,-530,-122,59
34,-217,-166,-519,-110,58
37,-219,-164,-511,-97,54
35,-215,-168,-505,-87,49
31,-214,-173,-499,-77,45
34,-213,-168,-496,-70,37
30,-214,-169,-493,-62,32
34,-213,-173,-493,-58,26
32,-215,-168,-493,-57,22
28,-213,-176,-494,-56,17
31,-212,-175,-498,-54,12
28,-211,-174,-503,-49,7
27,-210,-176,-508,-42,0
30,-212,-176,-517,-34,-5
28,-211,-179,-524,-22,-12
34,-216,-181,-528,-8,-18
29,-211,-181,-526,9,-24
28,-215,-176,-516,25,-30
27,-215,-181,-499,42,-35
25,-218,-171,-476,55,-39
25,-216,-176,-446,66,-41
25,-216,-176,-416,74,-43
26,-219,-179,-387,77,-45
24,-217,-179,-357,75,-48
21,-215,-181,-328,68,-48
19,-216,-180,-302,59,-48
19,-216,-181,-276,45,-45
20,-218,-181,-247,31,-46
17,-215,-179,-218,18,-44
19,-213,-182,-185,6,-45
19,-217,-184,-153,-1,-45
18,-217,-183,-120,-6,-45
16,-218,-184,-94,-5,-45
21,-217,-182,-72,-2,-48
21,-213,-184,-54,4,-50
22,-212,-182,-42,10,-53
22,-210,-184,-34,16,-55
26,-210,-182,-28,20,-58
25,-210,-179,-24,21,-58
23,-209,-179,-21,18,-57
26,-210,-185,-17,11,-52
24,-211,-181,-13,6,-50
29,-210,-183,-10,-2,-47
22,-210,-182,-2,-6,-43
21,-208,-180,7,-9,-41
21,-208,-179,18,-9,-40
23,-206,-179,33,-11,-38
25,-209,-179,47,-13,-37
21,-204,-177,56,-15,-36
23,-206,-178,60,-18,-36
22,-206,-179,66,-18,-35
23,-202,-177,67,-20,-35
22,-200,-180,60,-18,-33
22,-200,-179,52,-21,-32
22,-203,-180,41,-22,-27
24,-203,-182,28,-24,-23
23,-202,-181,20,-25,-21
23,-203,-178,10,-26,-15
25,-203,-178,1,-26,-12
25,-204,-180,-4,-29,-10
22,-205,-180,-5,-32,-9
20,-205,-177,-2,-35,-7
22,-206,-178,4,-37,-6
19,-209,-179,9,-39,-3
15,-206,-182,14,-43,1
22,-211,-180,15,-49,3
23,-208,-179,18,-52,7
23,-213,-178,21,-53,10
22,-208,-176,30,-49,13
23,-213,-176,38,-45,15
16,-211,-179,53,-40,19
23,-211,-175,69,-34,21
23,-213,-178,86,-28,27
24,-210,-181,101,-20,32
22,-207,-181,111,-10,37
22,-207,-178,123,-1,42
23,-207,-182,139,9,48
24,-207,-182,149,14,52
25,-207,-183,154,22,57
24,-209,-183,158,30,66
24,-209,-183,159,37,73
24,-213,-184,161,47,78
25,-212,-183,158,56,87
25,-212,-183,162,62,89
30,-211,-179,170,71,92
27,-210,-179,182,80,94
25,-208,-175,199,88,95
27,-211,-172,220,94,96
28,-209,-168,237,96,95
28,-212,-171,253,94,95
27,-210,-167,270,86,95
29,-212,-165,287,76,95
24,-211,-168,300,61,93
21,-208,-168,310,47,93
21,-210,-169,320,31,91
22,-209,-167,323,18,93
21,-210,-165,327,10,93
19,-208,-170,329,6,93
17,-209,-169,332,6,96
20,-210,-167,337,8,99
18,-211,-169,344,14,100
21,-211,-165,351,23,101
19,-209,-170,358,33,100
17,-212,-169,361,43,97
20,-212,-168,363,51,96
20,-213,-168,363,56,95
20,-209,-168,358,58,92
25,-215,-161,354,56,89
23,-212,-169,352,51,83
19,-211,-166,349,47,79
20,-214,-163,346,46,72
20,-212,-163,347,46,68
19,-217,-163,347,47,62
21,-217,-163,346,51,57
19,-215,-165,350,60,52
20,-217,-163,349,72,49
21,-219,-163,352,80,48
21,-219,-158,358,87,44
23,-220,-160,365,90,38
23,-219,-154,374,90,32
23,-220,-155,382,89,28
19,-217,-153,392,84,27
23,-220,-153,401,79,25
21,-219,-153,410,72,24
23,-217,-151,417,67,24
21,-217,-152,426,66,22
24,-219,-150,432,66,18
24,-218,-149,434,69,16
20,-216,-154,436,71,14
24,-217,-158,437,72,14
21,-218,-148,432,71,13
20,-217,-154,429,72,15
20,-216,-152,422,69,17
22,-215,-152,414,67,17
22,-215,-148,408,63,15
22,-217,-149,406,61,11
23,-216,-151,402,60,8
21,-219,-145,395,63,4
18,-219,-144,391,72,3
20,-221,-144,385,79,0
22,-219,-144,379,91,0
20,-219,-139,373,101,-1
19,-222,-142,369,110,-1
23,-223,-142,368,116,-4
22,-223,-136,368,119,-4
20,-225,-139,372,120,-6
21,-225,-140,378,120,-5
21,-229,-137,385,124,-5
22,-224,-139,392,127,-2
20,-225,-142,400,130,1
23,-226,-138,410,134,2
27,-232,-137,419,142,8
25,-227,-142,429,153,11
24,-225,-141,438,161,13
26,-224,-140,443,168,15
27,-225,-133,445,175,20
28,-223,-138,450,177,22
28,-223,-136,453,176,24
24,-224,-135,453,172,24
27,-226,-136,451,166,22
20,-225,-135,445,156,19
22,-228,-134,437,147,17
22,-225,-137,428,141,14
21,-227,-135,421,139,13
21,-226,-136,419,142,13
24,-227,-132,417,147,12
16,-226,-133,414,158,12
19,-226,-130,414,169,11
17,-228,-133,416,180,9
14,-229,-128,416,188,8
18,-228,-129,421,191,9
19,-227,-123,430,191,8
18,-228,-123,438,188,11
18,-226,-120,444,184,13
19,-228,-122,451,178,13
21,-233,-118,461,173,13
17,-230,-122,473,172,14
17,-230,-121,485,174,13
15,-230,-119,498,179,14
18,-234,-120,515,186,15
17,-233,-116,530,192,15
19,-233,-122,547,197,16
17,-233,-124,557,195,17
17,-232,-127,559,192,17
19,-231,-125,551,186,18
17,-229,-128,537,180,17
20,-230,-128,518,174,18
22,-232,-127,494,171,17
21,-229,-127,469,169,17
23,-227,-124,443,167,19
22,-225,-120,421,165,20
25,-226,-120,402,163,20
25,-224,-117,386,159,21
23,-224,-113,381,155,23
25,-226,-112,375,151,24
23,-230,-105,379,149,25
22,-227,-106,388,149,26
21,-230,-106,402,150,25
23,-231,-111,416,152,25
24,-232,-111,432,161,23
20,-229,-112,446,167,23
23,-231,-112,460,176,23
22,-230,-115,468,186,20
22,-229,-118,473,195,20
22,-228,-112,469,201,22
29,-227,-114,465,205,20
26,-226,-121,453,209,18
27,-227,-116,438,214,16
24,-228,-116,425,218,15
27,-230,-113,411,221,18
26,-231,-112,402,225,20
23,-232,-104,396,227,20
26,-235,-102,397,224,21
28,-237,-100,400,219,24
26,-238,-99,406,212,25
29,-240,-98,413,206,29
23,-240,-100,422,204,31
26,-242,-99,436,205,32
24,-240,-103,450,209,31
26,-244,-103,465,214,30
22,-242,-102,477,220,27
24,-243,-100,486,226,24
22,-244,-100,492,228,24
25,-244,-101,493,227,24
25,-246,-102,488,225,21
23,-244,-98,479,222,20
25,-242,-99,466,217,19
24,-242,-97,455,212,16
26,-247,-94,441,207,15
22,-248,-94,426,205,10
25,-248,-88,414,201,5
27,-250,-90,409,196,3
24,-250,-89,409,193,5
23,-250,-87,413,191,6
21,-248,-86,416,189,9
25,-248,-86,422,188,12
25,-249,-83,422,189,14
25,-248,-87,424,188,13
20,-246,-89,423,187,15
22,-248,-85,418,183,15
20,-246,-81,412,177,16
20,-245,-85,407,167,17
21,-245,-79,399,156,21
20,-243,-82,394,146,21
17,-244,-81,386,138,21
22,-242,-78,379,133,23
21,-244,-73,365,128,24
23,-248,-75,354,125,26
23,-247,-73,345,122,29
26,-248,-71,333,117,30
24,-248,-74,324,111,27
20,-250,-77,315,103,25
23,-252,-77,303,93,26
24,-252,-80,290,85,27
22,-251,-75,272,78,24
19,-252,-76,258,73,21
19,-252,-74,248,69,18
17,-253,-77,242,65,15
19,-250,-80,239,60,16
21,-253,-79,239,54,14
26,-249,-79,240,52,11
22,-249,-79,242,53,9
24,-249,-80,246,55,8
25,-248,-76,249,58,6
28,-245,-81,248,62,5
28,-244,-78,247,64,4
28,-242,-80,240,64,1
28,-240,-78,229,60,0
29,-238,-77,219,53,-3
24,-238,-77,209,44,-5
23,-237,-75,199,35,-7
22,-235,-77,187,27,-9
24,-237,-76,176,22,-11
27,-238,-73,164,23,-14
23,-239,-75,154,27,-17
26,-242,-72,146,32,-19
22,-241,-71,137,35,-19
20,-241,-68,129,38,-18
23,-244,-68,125,42,-16
23,-244,-67,119,46,-14
20,-244,-66,115,52,-14
23,-244,-67,107,57,-13
27,-248,-73,103,65,-12
29,-244,-68,100,73,-11
27,-244,-71,96,81,-12
30,-245,-72,93,86,-15
28,-246,-73,88,90,-17
27,-243,-76,83,92,-18
27,-242,-76,71,88,-17
29,-244,-77,59,85,-17
29,-246,-80,46,86,-18
29,-247,-79,31,84,-18
28,-248,-77,17,81,-18
30,-246,-75,3,81,-17
29,-248,-78,-8,82,-17
31,-249,-80,-14,86,-21
30,-249,-78,-18,93,-24
29,-255,-73,-15,99,-27
25,-255,-75,-10,98,-29
26,-259,-72,-3,91,-32
26,-259,-68,10,81,-32
26,-259,-64,31,73,-32
27,-258,-58,58,73,-31
28,-255,-58,89,80,-31
36,-255,-61,127,90,-28
31,-256,-56,164,99,-26
30,-255,-56,201,105,-23
29,-251,-55,229,109,-19
29,-251,-63,246,110,-14
32,-251,-64,253,109,-12
31,-247,-67,248,107,-11
37,-247,-67,238,105,-9
35,-245,-72,224,105,-8
36,-245,-68,207,106,-6
35,-241,-69,187,107,-4
35,-242,-64,168,111,-3
40,-242,-62,147,121,-5
42,-244,-68,124,133,-7
39,-245,-63,96,146,-12
38,-246,-63,70,160,-20
38,-246,-60,39,175,-28
35,-250,-60,11,185,-35
32,-253,-60,-13,192,-43
26,-254,-63,-30,193,-50
30,-256,-57,-43,192,-55
31,-257,-62,-38,192,-63
29,-256,-61,-27,192,-66
27,-254,-56,-10,191,-69
26,-255,-52,14,190,-71
27,-251,-53,40,187,-70
22,-253,-55,62,185,-69
22,-251,-56,85,185,-69
21,-251,-60,101,184,-67
24,-251,-58,116,188,-67
26,-251,-59,128,189,-66
23,-249,-54,133,187,-65
23,-252,-59,132,178,-63
23,-247,-55,128,167,-59
18,-247,-57,121,154,-55
18,-248,-55,114,143,-53
17,-248,-56,98,135,-48
18,-249,-52,80,129,-43
18,-250,-56,65,127,-40
20,-250,-52,54,128,-36
22,-256,-52,47,128,-31
24,-256,-52,38,126,-29
25,-253,-49,35,120,-26
26,-258,-46,38,114,-25
29,-260,-46,50,106,-22
31,-257,-47,66,99,-21
31,-258,-45,84,91,-23
31,-256,-46,98,85,-25
34,-256,-48,108,83,-24
37,-253,-50,113,86,-29
39,-255,-45,117,96,-33
38,-251,-49,117,110,-36
40,-254,-51,122,123,-40
37,-253,-47,130,132,-45
38,-252,-45,138,136,-48
35,-250,-46,152,134,-49
35,-248,-44,159,132,-49
36,-250,-39,158,127,-52
33,-249,-35,159,121,-52
30,-248,-34,161,114,-53
33,-247,-37,164,107,-54
31,-249,-36,164,102,-50
31,-248,-38,159,99,-49
31,-243,-37,150,97,-46
29,-243,-36,136,98,-45
26,-240,-41,119,101,-40
29,-239,-43,99,104,-38
28,-241,-40,76,105,-33
26,-242,-39,52,108,-31
26,-244,-37,25,107,-30
28,-244,-41,3,104,-28
27,-245,-42,-20,100,-27
25,-248,-41,-37,93,-23
26,-248,-42,-51,87,-21
25,-249,-42,-60,80,-20
22,-252,-41,-67,72,-16
20,-250,-38,-72,65,-15
22,-255,-38,-72,57,-12
22,-256,-40,-73,49,-9
20,-256,-37,-69,42,-6
23,-260,-37,-67,37,-5
27,-260,-41,-64,34,-5
27,-262,-41,-54,32,-5
27,-261,-42,-42,33,-7
27,-259,-40,-28,35,-9
29,-259,-35,-10,34,-11
30,-259,-40,9,36,-11
26,-260,-36,23,35,-10
29,-254,-41,33,37,-9
31,-254,-41,41,37,-11
29,-249,-39,40,37,-10
30,-252,-39,39,37,-9
27,-249,-41,32,35,-10
33,-251,-39,21,36,-12
29,-249,-35,12,36,-13
31,-251,-32,6,38,-13
31,-249,-34,1,36,-14
32,-252,-37,-2,37,-15
31,-252,-31,0,36,-13
31,-250,-27,0,38,-15
32,-251,-30,2,37,-15
31,-249,-30,1,38,-15
31,-250,-32,-2,36,-14
27,-246,-33,-9,34,-13
30,-247,-35,-19,29,-13
29,-246,-34,-31,27,-12
30,-248,-38,-44,25,-10
31,-248,-39,-55,24,-6
30,-247,-33,-64,23,-6
25,-249,-36,-69,22,-4
26,-248,-35,-69,17,-3
29,-250,-34,-67,14,-2
29,-250,-33,-62,10,-1
25,-250,-31,-56,7,1
27,-250,-33,-56,4,-1
28,-250,-33,-57,4,-3
26,-254,-40,-61,3,-2
28,-252,-36,-66,4,-2
24,-253,-41,-73,3,-2
27,-254,-40,-77,2,-1
26,-253,-41,-80,-2,0
30,-255,-39,-78,-5,0
29,-257,-38,-76,-8,2
30,-252,-35,-70,-10,2
28,-256,-42,-65,-12,3
30,-253,-37,-60,-15,2
28,-252,-36,-55,-17,3
29,-252,-34,-57,-20,4
27,-251,-35,-60,-22,5
24,-251,-39,-64,-24,4
29,-250,-44,-69,-26,4
31,-252,-32,-74,-26,5
31,-253,-37,-76,-28,6
31,-250,-33,-74,-28,6
32,-253,-37,-71,-27,5
29,-249,-39,-66,-26,4
31,-250,-35,-61,-25,3
31,-250,-34,-60,-26,1
30,-249,-30,-60,-26,0
31,-249,-31,-60,-26,-2
30,-249,-30,-66,-27,-2
32,-250,-27,-70,-28,-5
31,-251,-30,-78,-32,-5
30,-251,-33,-88,-36,-6
28,-253,-34,-95,-40,-7
30,-251,-36,-105,-43,-8
27,-248,-38,-109,-43,-9
27,-250,-43,-115,-40,-9
29,-249,-43,-123,-35,-10
27,-249,-37,-130,-29,-8
25,-248,-36,-136,-26,-7
30,-250,-35,-143,-24,-4
25,-252,-40,-146,-26,-2
32,-253,-35,-150,-29,0
30,-254,-33,-148,-32,2
27,-254,-33,-139,-33,3
32,-256,-33,-125,-33,2
32,-254,-29,-108,-30,3
31,-256,-34,-87,-28,2
31,-255,-32,-64,-25,1
32,-256,-33,-42,-24,2
32,-253,-35,-27,-22,0
30,-253,-36,-21,-20,-3
31,-250,-39,-25,-18,-4
31,-251,-40,-36,-14,-4
32,-253,-40,-51,-11,-4
31,-252,-41,-62,-6,-7
32,-255,-39,-70,-5,-4
31,-254,-39,-70,-2,-2
32,-255,-37,-63,-1,-1
31,-256,-35,-52,0,1
33,-257,-39,-36,0,3
29,-253,-38,-23,0,5
30,-252,-38,-9,0,7
34,-253,-36,-2,-1,10
28,-250,-37,1,-1,10
31,-250,-36,-1,-1,12
26,-249,-35,-9,0,13
27,-250,-37,-20,2,12
27,-249,-39,-34,2,13
27,-249,-41,-47,3,13
27,-249,-39,-57,4,13
29,-253,-38,-65,5,13
30,-251,-33,-66,6,13
28,-251,-34,-66,7,13
30,-253,-35,-59,8,13
26,-253,-30,-54,8,13
30,-252,-32,-45,7,12
27,-251,-39,-40,7,10
26,-253,-39,-38,9,8
26,-256,-37,-38,9,7
26,-250,-42,-40,9,5
26,-249,-43,-47,10,4
25,-248,-42,-55,10,4
24,-246,-44,-62,9,4
30,-251,-48,-70,6,5
24,-248,-42,-81,3,5
27,-248,-38,-90,2,6
26,-249,-41,-96,1,7
28,-251,-39,-99,3,8
27,-251,-40,-100,7,7
28,-252,-40,-99,10,6
28,-252,-40,-98,14,6
30,-254,-42,-98,17,4
29,-252,-41,-97,19,4
29,-251,-39,-99,22,3
30,-254,-40,-103,23,1
28,-253,-47,-102,24,1
27,-251,-42,-104,24,-1
30,-255,-44,-102,21,-1
30,-254,-41,-98,17,-2
26,-251,-41,-89,15,-2
27,-252,-45,-79,12,0
27,-253,-46,-70,9,2
26,-252,-45,-62,5,2
28,-249,-46,-59,4,2
27,-250,-50,-56,3,4
24,-249,-51,-57,3,5
25,-249,-48,-63,2,6
26,-249,-46,-70,1,6
27,-249,-47,-80,1,6
26,-250,-49,-89,0,7
29,-253,-44,-97,0,7
28,-252,-44,-102,1,8
29,-253,-41,-102,4,9
27,-255,-42,-94,7,9
30,-259,-43,-84,11,12
30,-255,-42,-68,10,14
31,-253,-44,-54,7,17
30,-254,-46,-44,4,18
26,-252,-48,-38,-4,18
26,-253,-48,-43,-11,18
30,-254,-53,-55,-16,16
29,-253,-51,-73,-17,14
28,-251,-51,-91,-17,14
28,-252,-49,-106,-15,13
26,-252,-48,-116,-9,11
26,-252,-47,-115,-7,11
26,-253,-41,-102,-4,11
26,-254,-39,-85,-3,10
26,-255,-46,-67,-3,9
27,-253,-45,-52,-3,9
26,-252,-43,-41,-3,6
26,-250,-45,-42,-3,6
26,-250,-46,-48,-4,4
25,-248,-51,-58,-1,3
27,-248,-48,-74,1,2
26,-250,-46,-87,7,1
27,-253,-45,-95,11,1
28,-251,-44,-100,15,-1
26,-251,-42,-98,16,0
30,-255,-43,-91,18,-1
27,-253,-44,-81,18,-2
27,-253,-39,-70,16,-2
25,-253,-44,-59,12,-1
27,-254,-41,-51,9,1
29,-255,-46,-46,5,1
27,-254,-45,-48,4,2
27,-252,-46,-53,4,2
25,-251,-47,-59,4,4
28,-254,-46,-69,6,5
27,-255,-41,-77,8,4
30,-244,-53,-79,11,6
27,-255,-47,-80,12,7
27,-256,-43,-76,11,9
27,-254,-44,-69,10,10
25,-251,-45,-60,9,11
22,-253,-46,-54,6,10
26,-252,-44,-49,3,10
26,-254,-41,-45,-1,9
25,-250,-45,-47,-3,9
26,-254,-45,-50,-5,10
27,-254,-46,-56,-8,11
25,-253,-45,-61,-11,11
25,-253,-43,-65,-11,8
25,-252,-43,-68,-11,9
27,-256,-43,-70,-11,9
25,-255,-45,-69,-11,8
23,-256,-45,-67,-11,8
26,-257,-45,-62,-13,7
23,-257,-45,-57,-15,6
28,-257,-47,-53,-16,4
23,-256,-46,-48,-18,3
25,-253,-47,-48,-19,3
26,-254,-49,-45,-18,4
24,-253,-50,-45,-15,2
26,-253,-49,-42,-15,1
29,-253,-47,-41,-14,2
24,-251,-48,-39,-16,3
25,-251,-46,-37,-19,3
22,-251,-48,-39,-24,3
27,-251,-40,-40,-29,4
27,-250,-46,-41,-32,5
25,-249,-46,-43,-32,5
25,-253,-43,-46,-33,6
27,-252,-43,-46,-35,7
28,-251,-44,-47,-36,8
27,-252,-51,-48,-37,8
29,-252,-46,-48,-39,8
25,-252,-44,-49,-40,9
26,-250,-44,-47,-40,8
28,-250,-46,-43,-41,8
29,-253,-42,-40,-39,9
26,-250,-45,-38,-39,7
25,-252,-44,-38,-37,10
26,-249,-51,-40,-36,9
26,-250,-45,-44,-34,10
25,-250,-47,-48,-34,9
27,-251,-47,-53,-33,10
25,-249,-50,-60,-33,11
26,-252,-48,-64,-32,10
28,-253,-48,-66,-30,10
25,-253,-44,-63,-30,10
26,-251,-47,-58,-31,10
29,-256,-46,-52,-28,10
26,-253,-47,-45,-27,11
27,-253,-46,-36,-28,11
29,-253,-45,-31,-26,10
28,-251,-50,-29,-29,10
27,-250,-46,-27,-29,9
25,-251,-49,-31,-29,10
30,-251,-42,-35,-30,10
23,-249,-44,-40,-32,11
26,-253,-46,-44,-31,10
26,-253,-45,-48,-30,12
24,-253,-42,-50,-28,11
27,-255,-43,-46,-25,11
28,-255,-47,-42,-24,10
25,-253,-42,-35,-25,12
26,-251,-44,-26,-24,13
28,-250,-47,-21,-25,11
30,-253,-43,-18,-26,11
25,-249,-51,-18,-27,11
28,-254,-43,-21,-28,12
27,-251,-50,-27,-27,10
24,-251,-47,-34,-26,11
24,-250,-42,-41,-26,12
24,-245,-51,-50,-26,13
26,-251,-45,-53,-29,15
24,-254,-49,-53,-30,16
22,-255,-43,-49,-32,13
25,-257,-45,-40,-34,14
26,-254,-43,-33,-36,13
26,-254,-46,-27,-38,12
27,-252,-43,-20,-39,12
24,-253,-40,-17,-39,13
27,-253,-44,-14,-36,13
27,-253,-37,-16,-33,11
29,-253,-45,-19,-30,10
28,-254,-43,-20,-28,9
30,-253,-42,-22,-26,8
26,-251,-39,-23,-25,7
27,-254,-40,-24,-25,7
25,-253,-43,-24,-25,7
25,-250,-43,-22,-27,6
22,-254,-41,-25,-30,6
25,-252,-42,-29,-33,7
27,-251,-42,-31,-35,8
25,-251,-40,-34,-34,7
26,-251,-43,-35,-36,9
28,-249,-42,-37,-36,11
28,-250,-43,-38,-35,10
23,-250,-42,-36,-33,11
28,-252,-41,-34,-30,11
28,-252,-47,-31,-29,12
28,-252,-42,-29,-27,13
24,-251,-45,-29,-29,13
28,-252,-43,-30,-30,13
26,-251,-46,-32,-30,12
23,-252,-46,-36,-29,13
25,-251,-43,-40,-30,13
24,-254,-42,-41,-28,13
26,-252,-42,-39,-26,14
26,-256,-44,-40,-25,13
23,-255,-43,-38,-25,13
25,-255,-41,-37,-25,14
25,-252,-40,-33,-23,12
24,-251,-40,-29,-22,13
24,-255,-39,-23,-21,11
26,-254,-42,-21,-21,12
21,-252,-43,-18,-23,12
21,-253,-39,-17,-22,10
21,-251,-41,-16,-22,10
25,-250,-47,-16,-23,9
27,-252,-43,-20,-22,10
23,-254,-40,-22,-22,9
26,-252,-45,-21,-21,10
24,-252,-41,-24,-20,11
25,-251,-46,-23,-20,12
26,-251,-43,-21,-20,14
24,-253,-43,-16,-20,15
28,-251,-47,-13,-20,16
26,-251,-44,-12,-21,13
25,-249,-43,-11,-22,13
24,-251,-45,-11,-19,11
23,-251,-44,-12,-19,10
26,-251,-46,-17,-23,10
24,-251,-44,-23,-25,10
22,-252,-46,-31,-25,8
24,-255,-44,-35,-28,8
25,-255,-44,-41,-28,8
27,-256,-43,-40,-30,9
24,-255,-43,-38,-29,10
24,-255,-43,-31,-31,11
22,-255,-42,-25,-32,11
24,-253,-44,-16,-33,11
26,-251,-41,-11,-34,11
24,-254,-40,-7,-32,11
23,-253,-42,-7,-33,12
24,-253,-41,-10,-33,12
24,-250,-40,-14,-31,10
24,-254,-39,-18,-30,10
25,-251,-42,-22,-29,8
28,-252,-41,-28,-27,7
25,-254,-42,-29,-24,6
25,-252,-39,-28,-19,5
26,-250,-39,-28,-16,4
28,-252,-43,-27,-13,4
27,-250,-39,-23,-12,4
26,-251,-37,-22,-9,3
24,-252,-40,-22,-9,4
29,-254,-38,-22,-9,3
26,-250,-42,-24,-8,3
24,-252,-42,-26,-7,5
27,-254,-42,-30,-8,4
27,-254,-43,-32,-9,5
24,-254,-46,-34,-11,7
23,-255,-45,-32,-11,6
23,-251,-44,-31,-12,7
24,-254,-44,-28,-16,8
24,-254,-42,-24,-20,10
23,-251,-40,-20,-22,10
24,-254,-41,-16,-25,10
23,-252,-42,-15,-24,11
23,-251,-43,-14,-25,12
22,-249,-42,-17,-25,10
22,-253,-43,-23,-23,11
20,-252,-42,-25,-22,12
23,-255,-41,-24,-21,9
23,-254,-41,-20,-22,11
22,-253,-39,-15,-23,10
21,-253,-43,-8,-22,8
22,-255,-40,-4,-24,7
24,-253,-37,2,-25,7
23,-251,-39,6,-26,6
24,-251,-37,10,-27,6
24,-250,-42,10,-27,5
22,-252,-40,9,-25,4
21,-249,-36,3,-22,4
24,-251,-42,-4,-20,4
26,-250,-43,-12,-18,2
26,-251,-43,-19,-14,0
22,-251,-39,-26,-13,-2
27,-251,-41,-33,-11,-1
25,-252,-41,-39,-11,-2
26,-252,-41,-43,-10,-2
25,-251,-39,-46,-11,-3
23,-252,-48,-48,-11,-1
25,-252,-41,-50,-10,-3
25,-252,-39,-51,-9,-5
26,-253,-41,-51,-6,-5
26,-250,-40,-52,-4,-4
27,-253,-39,-50,1,-4
26,-251,-41,-46,6,-4
27,-252,-41,-44,8,-6
27,-253,-39,-41,9,-7
24,-253,-44,-38,10,-7
30,-252,-42,-36,8,-4
27,-251,-43,-37,8,-6
24,-252,-42,-37,7,-5
24,-251,-40,-37,10,-4
27,-255,-42,-36,12,-4
26,-251,-39,-37,15,-4
27,-253,-36,-37,17,-4
24,-256,-42,-36,20,-4
24,-255,-40,-38,24,-4
24,-254,-39,-34,24,-3
23,-250,-41,-31,26,-5
25,-254,-39,-27,26,-4
19,-252,-34,-24,26,-6
22,-252,-42,-22,25,-6
22,-255,-41,-25,25,-6
23,-250,-39,-27,25,-7
21,-250,-40,-31,24,-6
22,-251,-41,-35,24,-6
21,-253,-40,-40,24,-7
19,-253,-39,-42,23,-6
21,-252,-41,-45,23,-5
22,-251,-41,-46,21,-5
22,-252,-38,-45,22,-3
21,-251,-39,-44,23,-3
24,-250,-38,-43,26,-4
22,-250,-38,-43,30,-4
22,-252,-40,-43,34,-5
21,-249,-41,-44,38,-6
25,-252,-41,-46,40,-8
25,-250,-44,-47,39,-7
23,-250,-40,-49,40,-9
21,-250,-41,-50,41,-9
22,-249,-39,-50,38,-10
28,-251,-41,-48,37,-9
25,-251,-35,-45,38,-8
26,-253,-33,-43,39,-8
26,-249,-36,-44,41,-9
24,-253,-39,-42,43,-9
25,-252,-37,-44,44,-9
26,-254,-36,-45,48,-12
24,-250,-37,-46,52,-12
30,-258,-37,-48,55,-13
28,-256,-40,-47,60,-15
28,-258,-40,-49,63,-15
27,-257,-40,-50,63,-14
26,-257,-41,-49,62,-12
25,-254,-38,-50,57,-10
25,-258,-45,-50,54,-9
24,-257,-37,-49,50,-7
23,-258,-40,-50,47,-5
24,-257,-38,-47,44,-2
24,-257,-45,-47,43,0
20,-255,-38,-46,43,0
22,-255,-38,-42,42,0
25,-260,-38,-37,43,-1
27,-253,-41,-31,43,-1
24,-255,-39,-24,45,-3
25,-255,-37,-14,47,-3
24,-255,-40,-6,50,-2
22,-253,-38,5,51,-2
23,-250,-44,11,53,-3
21,-250,-38,20,54,-3
24,-250,-38,23,54,-4
23,-247,-42,25,54,-4
23,-247,-39,21,53,-6
23,-247,-41,13,52,-7
21,-248,-40,1,49,-8
18,-247,-38,-13,49,-9
23,-248,-43,-27,46,-10
21,-249,-36,-41,43,-10
23,-252,-38,-48,42,-8
19,-253,-39,-52,42,-8
21,-254,-38,-52,41,-8
20,-252,-39,-48,40,-9
19,-251,-38,-43,40,-8
19,-255,-40,-40,37,-8
24,-249,-37,-35,35,-9
21,-251,-42,-34,35,-8
20,-253,-43,-31,34,-9
24,-250,-40,-33,31,-11
21,-250,-40,-33,30,-10
22,-252,-40,-31,29,-10
23,-249,-38,-33,30,-11
20,-248,-41,-36,30,-11
23,-252,-43,-38,32,-10
22,-253,-39,-43,32,-10
24,-252,-40,-46,32,-11
25,-254,-39,-49,31,-9
23,-250,-35,-55,30,-9
23,-251,-34,-58,28,-9
23,-253,-37,-61,25,-8
24,-253,-33,-63,23,-6
23,-255,-36,-66,22,-5
26,-254,-41,-66,22,-3
22,-255,-37,-64,21,-2
23,-254,-36,-61,22,-1
24,-255,-36,-58,22,1
23,-253,-35,-55,22,1
26,-251,-36,-52,21,3
21,-254,-38,-53,19,2

