-.-.-
62,-254,-39,-205,-791,70
65,-256,-38,-203,-794,72
66,-257,-40,-201,-797,78
65,-260,-37,-199,-801,81
64,-256,-41,-198,-805,85
63,-260,-39,-196,-810,90
65,-260,-44,-192,-815,95
65,-261,-43,-186,-821,96
63,-263,-48,-180,-827,102
65,-262,-48,-172,-831,105
64,-266,-51,-163,-834,109
63,-260,-56,-153,-835,114
63,-268,-53,-147,-832,118
64,-266,-54,-137,-827,123
62,-265,-54,-129,-823,125
63,-265,-52,-119,-817,128
65,-263,-59,-109,-812,132
65,-265,-57,-99,-804,135
68,-263,-54,-88,-794,137
69,-265,-58,-81,-783,139
68,-262,-54,-77,-775,140
72,-266,-55,-77,-769,141
73,-261,-56,-79,-767,143
71,-261,-57,-83,-768,142
68,-259,-52,-92,-769,141
68,-259,-59,-100,-774,139
69,-265,-54,-110,-776,134
66,-257,-58,-119,-778,129
66,-262,-56,-126,-778,125
66,-262,-54,-132,-781,121
63,-262,-55,-135,-784,115
64,-265,-54,-133,-790,108
63,-264,-56,-127,-800,103
62,-263,-50,-119,-810,100
57,-266,-54,-107,-817,94
60,-264,-53,-93,-827,88
60,-268,-56,-77,-833,84
62,-267,-55,-59,-837,78
63,-272,-52,-40,-842,73
64,-270,-57,-19,-846,69
64,-271,-53,4,-851,64
64,-269,-51,26,-854,62
65,-270,-53,47,-858,61
70,-272,-54,69,-862,61
69,-273,-50,92,-865,63
72,-272,-46,119,-868,64
73,-269,-44,145,-872,65
71,-264,-43,165,-877,66
75,-266,-40,190,-884,69
73,-261,-40,212,-888,70
71,-258,-41,224,-891,70
73,-257,-38,229,-892,73
72,-256,-45,221,-893,74
73,-254,-50,201,-890,74
72,-251,-48,168,-885,77
70,-257,-59,122,-878,77
65,-253,-62,70,-871,79
63,-252,-65,14,-861,80
63,-250,-77,-47,-851,81
59,-255,-77,-108,-840,76
59,-256,-89,-169,-825,67
56,-257,-91,-226,-808,53
56,-263,-94,-274,-793,34
54,-261,-96,-309,-776,9
56,-264,-91,-330,-757,-21
58,-266,-88,-333,-732,-52
56,-269,-90,-319,-703,-83
56,-268,-83,-290,-670,-114
51,-267,-81,-246,-635,-142
52,-269,-76,-195,-600,-164
44,-265,-76,-137,-565,-181
40,-264,-76,-80,-528,-191
36,-259,-76,-29,-494,-195
30,-255,-72,10,-464,-192
29,-254,-72,42,-437,-186
22,-247,-73,62,-416,-175
23,-243,-73,70,-404,-162
16,-241,-71,66,-399,-146
14,-237,-67,52,-402,-130
14,-236,-65,29,-415,-111
5,-234,-68,1,-435,-93
10,-234,-67,-32,-462,-76
6,-236,-66,-63,-497,-57
2,-238,-71,-94,-538,-35
2,-239,-68,-126,-578,-13
2,-241,-70,-159,-617,9
-1,-242,-67,-191,-649,33
-1,-246,-68,-221,-676,53
0,-249,-72,-251,-696,76
-2,-254,-80,-283,-711,95
-3,-256,-77,-312,-719,112
-3,-255,-87,-340,-720,125
-3,-264,-86,-364,-714,136
-4,-265,-85,-384,-701,144
-4,-272,-90,-396,-684,147
-5,-272,-92,-403,-667,149
-1,-280,-89,-404,-649,147
0,-280,-91,-397,-628,145
1,-281,-95,-383,-606,140
2,-285,-95,-360,-582,130
5,-286,-94,-336,-556,120
5,-287,-95,-304,-531,111
11,-293,-95,-268,-506,99
11,-289,-89,-230,-484,86
11,-287,-91,-186,-462,72
13,-286,-93,-144,-443,59
13,-282,-92,-104,-427,45
14,-281,-92,-70,-411,35
12,-278,-88,-39,-397,25
13,-274,-93,-18,-381,18
12,-269,-86,2,-366,10
11,-263,-85,18,-348,4
8,-263,-84,24,-330,-1
9,-257,-81,26,-309,-4
9,-257,-82,21,-289,-8
7,-256,-77,15,-269,-8
6,-253,-73,2,-255,-10
6,-256,-70,-9,-237,-9
5,-255,-72,-23,-219,-10
4,-256,-64,-36,-201,-10
0,-251,-71,-46,-184,-10
2,-255,-70,-57,-170,-12
6,-257,-67,-62,-156,-14
2,-259,-64,-64,-143,-15
1,-261,-64,-63,-131,-17
4,-260,-67,-57,-121,-19
3,-262,-65,-48,-114,-19
4,-264,-66,-38,-106,-18
4,-268,-66,-28,-102,-16
7,-265,-66,-18,-98,-15
6,-265,-65,-6,-94,-13
3,-264,-65,2,-91,-9
4,-267,-72,11,-86,-5
3,-265,-64,19,-79,0
7,-268,-67,22,-74,4
7,-263,-72,24,-68,7
6,-264,-72,28,-61,9
9,-261,-71,33,-53,8
9,-258,-72,40,-42,5
12,-257,-70,45,-29,0
12,-256,-72,52,-12,-5
10,-255,-69,58,8,-9
16,-254,-67,62,31,-16
12,-253,-68,68,56,-23
20,-256,-66,70,83,-29
22,-259,-60,68,112,-34
16,-256,-69,66,140,-39
17,-256,-69,59,169,-42
21,-258,-69,49,198,-44
20,-259,-75,38,226,-46
19,-257,-79,22,246,-50
17,-258,-76,11,259,-58
20,-258,-77,1,261,-66
25,-259,-75,-3,258,-78
30,-259,-68,3,256,-93
20,-262,-65,19,263,-110
27,-259,-63,44,282,-128
26,-258,-65,75,313,-143
22,-259,-68,108,352,-157
22,-260,-71,137,393,-167
17,-259,-73,157,431,-171
18,-260,-77,161,455,-168
16,-258,-78,152,465,-162
22,-258,-83,127,458,-150
17,-260,-82,91,440,-141
20,-258,-91,53,421,-133
17,-259,-84,21,399,-128
18,-262,-90,-4,378,-123
19,-264,-85,-19,350,-120
20,-269,-86,-26,322,-117
21,-265,-83,-23,290,-109
23,-266,-83,-16,261,-98
22,-264,-85,-4,237,-84
19,-261,-79,10,218,-68
22,-261,-79,24,206,-50
25,-260,-79,35,197,-32
29,-259,-76,46,194,-13
25,-256,-69,54,195,3
30,-256,-71,61,199,16
30,-254,-73,64,207,25
34,-253,-73,70,219,28
33,-250,-71,69,230,27
36,-251,-72,64,238,24
36,-248,-74,59,246,15
38,-250,-67,55,251,3
39,-251,-72,49,256,-8
36,-248,-67,44,262,-26
41,-252,-73,38,267,-43
38,-255,-66,32,273,-60
37,-254,-66,27,279,-74
32,-256,-67,22,286,-86
30,-254,-63,15,293,-92
31,-257,-69,7,300,-95
29,-256,-70,1,306,-94
26,-256,-69,-6,311,-90
29,-261,-73,-14,316,-81
24,-261,-71,-20,321,-71
23,-258,-72,-27,325,-59
23,-260,-73,-31,330,-48
17,-264,-82,-35,333,-38
25,-263,-75,-38,337,-29
26,-264,-78,-41,336,-23
29,-266,-75,-42,331,-18
30,-267,-76,-45,325,-16
29,-267,-77,-45,318,-18
36,-267,-79,-44,311,-19
40,-272,-80,-40,303,-23
41,-271,-75,-36,292,-27
44,-269,-80,-32,284,-31
41,-265,-81,-27,275,-35
50,-262,-76,-24,269,-39
42,-260,-76,-22,262,-42
42,-261,-79,-25,256,-43
44,-262,-75,-28,249,-42
40,-259,-76,-34,243,-42
41,-263,-73,-36,235,-39
38,-261,-77,-42,230,-32
38,-259,-71,-46,228,-27
39,-260,-71,-49,226,-20
34,-259,-71,-54,225,-15
33,-254,-69,-51,224,-9
32,-257,-71,-50,227,-2
31,-258,-71,-47,228,4
30,-257,-68,-44,229,9
30,-257,-69,-39,230,14
29,-256,-67,-35,227,20
28,-257,-67,-31,224,24
29,-256,-65,-30,221,26
27,-256,-66,-31,218,30
27,-254,-66,-35,214,31
29,-255,-66,-37,212,32
25,-254,-63,-43,211,30
26,-252,-66,-48,210,26
25,-253,-65,-57,211,22
22,-250,-67,-67,212,18
26,-249,-67,-80,214,11
30,-252,-67,-93,217,4
28,-251,-61,-104,222,-1
33,-251,-65,-114,224,-5
31,-249,-64,-122,227,-9
32,-249,-65,-128,230,-12
36,-251,-65,-133,232,-12
37,-253,-65,-140,233,-14
36,-255,-66,-147,231,-10
36,-252,-66,-155,227,-8
37,-254,-68,-163,221,-4
39,-255,-69,-174,214,1
35,-256,-68,-183,206,4
36,-258,-75,-191,195,12
36,-257,-75,-197,181,17
35,-259,-74,-205,168,21
34,-257,-74,-213,152,24
36,-260,-80,-219,136,27
41,-254,-74,-222,127,28
37,-263,-76,-220,117,29
39,-265,-80,-217,112,28
38,-264,-74,-213,109,27
38,-263,-79,-203,112,26
38,-265,-77,-192,115,23
40,-264,-76,-180,122,19
41,-262,-80,-168,126,17
42,-261,-76,-157,132,16
43,-262,-78,-151,137,16
44,-262,-83,-145,142,16
45,-262,-81,-141,149,20
41,-259,-78,-136,155,19
46,-262,-77,-131,162,20
43,-259,-75,-128,167,21
44,-257,-77,-120,173,22
44,-257,-71,-113,178,22
49,-259,-73,-104,184,20
48,-257,-69,-97,189,20
49,-258,-75,-91,196,19
48,-257,-71,-88,203,18
46,-256,-67,-85,209,16
45,-260,-77,-84,213,14
48,-257,-71,-84,216,11
44,-256,-67,-82,217,7
46,-255,-70,-81,217,5
44,-258,-69,-84,215,3
41,-257,-71,-85,213,-1
42,-257,-71,-85,212,-6
41,-257,-78,-84,208,-11
40,-256,-70,-83,203,-14
38,-255,-77,-85,199,-17
40,-256,-71,-87,194,-18
35,-259,-76,-93,191,-20
39,-256,-72,-102,186,-21
42,-256,-74,-111,183,-20
42,-257,-73,-121,178,-19
41,-258,-69,-126,173,-17
42,-260,-72,-134,169,-16
41,-261,-73,-139,168,-12
42,-259,-76,-139,167,-10
45,-261,-71,-136,168,-7
45,-265,-73,-131,167,-4
42,-261,-77,-122,165,1
45,-262,-72,-116,164,4
46,-260,-75,-110,162,7
42,-260,-76,-106,161,11
49,-263,-76,-103,162,13
48,-259,-75,-103,162,16
45,-259,-77,-102,161,16
47,-257,-71,-100,161,17
47,-256,-76,-100,161,17
46,-258,-71,-99,163,17
51,-259,-72,-96,161,16
49,-256,-76,-95,159,16
50,-255,-73,-93,157,15
49,-253,-74,-92,154,11
49,-253,-73,-93,149,7
52,-253,-68,-96,144,3
50,-250,-68,-101,138,-3
51,-252,-68,-109,137,-9
49,-250,-67,-118,140,-16
48,-250,-73,-129,143,-22
49,-252,-72,-136,148,-30
51,-252,-68,-146,157,-39
47,-249,-73,-156,163,-48
51,-253,-68,-167,170,-57
51,-257,-71,-177,177,-68
50,-256,-70,-185,182,-77
47,-258,-70,-190,186,-85
48,-258,-74,-196,184,-93
52,-263,-74,-202,185,-99
50,-264,-78,-208,186,-107
48,-261,-77,-217,188,-110
54,-266,-79,-224,186,-112
52,-265,-82,-231,188,-113
54,-267,-69,-233,187,-111
52,-270,-82,-229,185,-109
55,-269,-78,-220,181,-107
55,-271,-76,-207,176,-104
53,-271,-79,-188,168,-102
51,-270,-74,-167,157,-101
53,-270,-70,-146,148,-100
49,-270,-68,-125,134,-97
53,-271,-69,-107,124,-97
52,-267,-66,-93,113,-96
52,-268,-64,-78,101,-94
48,-266,-58,-67,86,-92
48,-267,-60,-55,74,-91
49,-265,-56,-48,60,-88
44,-263,-52,-42,47,-87
45,-264,-54,-35,32,-85
43,-262,-53,-31,18,-85
40,-262,-54,-26,3,-84
43,-263,-52,-24,-15,-86
35,-256,-52,-23,-33,-86
40,-260,-51,-25,-50,-86
38,-257,-52,-30,-71,-85
37,-257,-56,-36,-93,-81
40,-259,-51,-43,-115,-78
38,-258,-55,-48,-139,-70
40,-261,-55,-49,-162,-61
41,-259,-56,-49,-187,-55
40,-259,-59,-45,-211,-45
43,-260,-58,-39,-241,-35
44,-261,-58,-30,-272,-25
46,-260,-55,-18,-305,-14
47,-260,-52,-6,-336,-2
50,-260,-48,4,-368,7
52,-261,-55,13,-398,19
53,-262,-53,20,-428,27
54,-265,-55,24,-456,35
55,-265,-53,26,-483,42
54,-267,-55,26,-505,49
56,-268,-55,24,-526,55
56,-270,-56,24,-541,59
58,-270,-55,23,-551,66
56,-267,-59,22,-557,70
59,-269,-60,22,-560,71
58,-273,-60,27,-560,74
62,-272,-59,34,-557,76
60,-271,-60,46,-555,78
62,-272,-60,59,-550,77
62,-272,-62,81,-547,77
62,-271,-60,106,-542,80
61,-266,-62,126,-536,81
62,-266,-62,148,-529,84
66,-264,-63,170,-522,84
67,-260,-63,190,-513,87
66,-260,-62,209,-504,88
68,-257,-61,225,-495,91
70,-257,-64,239,-485,93
71,-257,-64,244,-476,95
71,-256,-67,244,-467,98
68,-256,-66,231,-459,102
70,-255,-70,210,-452,105
68,-256,-67,178,-448,109
71,-259,-67,140,-447,112
71,-264,-69,105,-444,111
72,-265,-69,72,-442,108
69,-264,-74,49,-435,106
65,-269,-73,34,-425,102
65,-275,-76,26,-414,96
64,-277,-80,20,-401,88
64,-281,-83,17,-390,78
63,-280,-88,10,-381,66
63,-279,-88,5,-377,53
59,-285,-91,3,-370,35
59,-284,-88,1,-365,16
60,-286,-84,11,-356,-5
65,-285,-80,27,-341,-29
68,-287,-77,54,-325,-55
65,-280,-78,92,-306,-80
64,-275,-71,137,-287,-103
63,-272,-69,190,-269,-122
62,-268,-65,247,-256,-138
62,-265,-70,304,-244,-150
60,-257,-61,344,-237,-156
60,-255,-60,390,-232,-158
56,-253,-59,424,-229,-154
55,-242,-57,448,-230,-149
52,-241,-59,454,-231,-137
50,-236,-51,447,-235,-124
51,-235,-57,427,-239,-109
47,-232,-55,397,-246,-95
47,-230,-55,357,-254,-78
46,-229,-53,312,-266,-67
46,-233,-50,263,-280,-53
48,-233,-50,213,-296,-40
45,-238,-52,166,-311,-28
42,-240,-51,118,-330,-19
41,-242,-55,72,-351,-7
38,-243,-58,29,-374,3
41,-247,-59,-10,-395,10
42,-250,-57,-44,-416,15
38,-255,-61,-72,-433,18
39,-257,-59,-94,-445,18
41,-259,-61,-107,-454,15
37,-259,-63,-117,-459,10
35,-264,-64,-119,-463,3
33,-264,-63,-116,-464,-4
29,-263,-63,-106,-465,-12
27,-266,-64,-90,-466,-23
24,-272,-64,-70,-468,-32
16,-268,-75,-45,-470,-41
14,-267,-66,-19,-471,-49
12,-265,-71,8,-471,-54
9,-266,-73,40,-471,-57
6,-265,-74,71,-470,-56
5,-263,-78,98,-469,-56
1,-257,-80,121,-470,-51
0,-255,-81,143,-474,-45
1,-257,-81,164,-477,-40
4,-249,-81,175,-485,-34
-1,-243,-89,181,-495,-29
0,-240,-89,178,-507,-24
-2,-237,-90,168,-524,-19
-3,-233,-93,148,-544,-18
-1,-232,-94,122,-565,-17
-1,-228,-98,90,-589,-20
0,-226,-92,55,-614,-23
0,-222,-92,20,-632,-28
3,-228,-91,-15,-649,-32
5,-227,-88,-49,-662,-35
9,-227,-86,-81,-670,-37
9,-234,-78,-107,-669,-39
13,-236,-76,-130,-658,-42
15,-236,-77,-152,-636,-44
17,-242,-79,-171,-609,-43
16,-240,-80,-198,-582,-38
19,-245,-83,-232,-555,-28
17,-244,-83,-272,-532,-14
19,-248,-85,-309,-509,0
23,-251,-81,-346,-488,14
22,-253,-89,-383,-464,24
21,-258,-86,-413,-440,31
18,-258,-83,-437,-416,40
17,-266,-85,-449,-390,46
14,-264,-84,-447,-362,47
13,-273,-78,-434,-332,49
9,-267,-79,-414,-297,46
8,-265,-78,-391,-260,43
4,-263,-71,-369,-226,41
3,-263,-76,-350,-192,41
1,-260,-80,-342,-164,40
0,-257,-74,-339,-145,45
-1,-255,-81,-341,-134,50
-6,-245,-76,-347,-131,55
-1,-245,-83,-350,-132,58
0,-237,-86,-353,-140,56
1,-230,-87,-353,-158,51
5,-224,-82,-347,-174,43
9,-217,-83,-338,-192,30
13,-210,-78,-326,-207,16
16,-201,-78,-320,-214,-1
17,-197,-75,-319,-215,-15
18,-191,-76,-326,-207,-26
18,-186,-79,-341,-194,-32
22,-183,-76,-366,-178,-34
17,-182,-85,-395,-162,-34
21,-181,-87,-428,-148,-28
25,-184,-89,-464,-136,-24
27,-180,-93,-502,-119,-22
29,-183,-98,-545,-96,-21
33,-183,-98,-593,-61,-17
34,-187,-102,-631,-18,-16
38,-189,-108,-681,31,-13
36,-192,-113,-729,76,-15
36,-193,-110,-778,112,-20
40,-197,-120,-822,130,-32
43,-203,-120,-854,141,-47
46,-205,-120,-875,138,-68
46,-205,-113,-885,126,-89
46,-203,-110,-879,112,-105
44,-206,-102,-862,100,-125
41,-201,-105,-834,95,-144
39,-196,-98,-799,100,-156
35,-197,-96,-764,116,-161
39,-193,-93,-734,139,-160
35,-191,-94,-716,170,-155
33,-184,-97,-703,207,-146
36,-187,-91,-701,247,-131
36,-184,-90,-704,284,-114
33,-183,-91,-713,315,-94
30,-180,-93,-728,340,-73
29,-183,-95,-743,355,-50
25,-181,-97,-761,358,-33
28,-189,-103,-778,353,-19
21,-187,-105,-798,338,-9
13,-182,-109,-823,322,0
9,-188,-114,-854,304,3
12,-189,-118,-893,285,2
8,-188,-126,-937,265,0
8,-193,-127,-987,248,-7
7,-195,-127,-1032,228,-15
12,-200,-124,-1067,208,-25
14,-206,-124,-1086,188,-40
12,-212,-124,-1087,168,-55
16,-217,-123,-1075,148,-70
14,-217,-119,-1049,129,-86
10,-215,-116,-1012,112,-101
12,-206,-106,-968,96,-111
14,-210,-105,-924,80,-117
14,-205,-105,-884,64,-115
14,-200,-103,-855,52,-108
15,-196,-99,-833,42,-97
17,-193,-94,-815,33,-82
17,-188,-95,-797,23,-66
21,-190,-97,-782,9,-48
21,-188,-93,-768,-9,-32
19,-187,-98,-753,-30,-19
29,-189,-99,-743,-53,-11
32,-188,-109,-734,-76,-5
32,-189,-106,-732,-103,-7
28,-187,-111,-735,-135,-11
27,-186,-111,-740,-167,-15
27,-190,-112,-750,-203,-21
27,-193,-116,-765,-238,-27
26,-197,-123,-779,-268,-35
18,-195,-124,-795,-294,-47
21,-206,-124,-806,-309,-63
22,-214,-126,-815,-320,-79
16,-217,-126,-817,-324,-99
17,-226,-124,-813,-321,-115
18,-231,-128,-805,-312,-127
19,-240,-126,-783,-294,-136
16,-246,-126,-753,-271,-140
14,-248,-122,-712,-251,-141
17,-253,-123,-660,-235,-139
17,-257,-121,-606,-225,-128
17,-262,-120,-552,-213,-111
21,-264,-124,-508,-214,-83
20,-268,-122,-468,-223,-50
24,-269,-125,-435,-243,-9
18,-275,-119,-409,-268,37
31,-278,-120,-384,-296,87
35,-277,-120,-359,-321,132
39,-279,-124,-328,-347,177
44,-282,-124,-294,-376,218
47,-282,-124,-256,-406,248
55,-280,-127,-216,-433,268
58,-274,-130,-179,-454,276
58,-270,-133,-146,-465,272
63,-264,-136,-120,-465,256
67,-259,-140,-96,-452,231
71,-257,-142,-74,-427,193
72,-254,-143,-52,-388,145
68,-246,-147,-30,-340,91
72,-239,-141,-7,-278,36
63,-238,-145,12,-210,-26
63,-235,-146,32,-135,-65
52,-231,-148,47,-64,-105
54,-233,-150,56,-12,-125
46,-234,-154,58,42,-133
49,-232,-152,57,80,-134
47,-233,-162,66,101,-134
50,-238,-157,72,113,-117
59,-240,-164,68,117,-97
58,-247,-167,71,111,-78
62,-250,-172,70,102,-53
66,-255,-178,55,89,-26
65,-261,-179,28,73,3
63,-263,-182,-12,58,32
68,-274,-183,-57,44,57
68,-276,-183,-101,36,64
62,-282,-183,-141,37,69
66,-293,-182,-169,45,59
61,-298,-177,-178,61,44
53,-303,-176,-173,82,26
56,-306,-175,-159,106,-8
46,-302,-176,-130,131,-45
42,-300,-171,-110,166,-70
43,-290,-164,-105,210,-83
32,-280,-165,-103,252,-115
28,-275,-173,-113,286,-129
24,-262,-173,-145,309,-142
19,-257,-170,-178,314,-156
25,-251,-177,-235,316,-148
16,-248,-175,-315,297,-136
34,-251,-171,-393,271,-114
25,-251,-181,-447,235,-113
47,-247,-178,-505,200,-89
41,-249,-184,-557,166,-82
33,-256,-192,-610,144,-72
31,-257,-192,-693,125,-43
41,-259,-189,-759,109,-10
46,-263,-191,-791,98,13
42,-268,-194,-789,89,13
53,-272,-195,-766,83,19
55,-267,-199,-728,90,26
38,-278,-218,-652,107,0
40,-272,-223,-598,127,5
43,-267,-226,-570,135,2
49,-267,-230,-535,141,-5
53,-262,-224,-526,147,-3
45,-261,-230,-530,155,1
53,-253,-216,-549,168,25
44,-253,-222,-538,192,37
46,-246,-225,-540,213,55
45,-233,-236,-562,228,74
56,-234,-213,-603,247,86
29,-235,-214,-600,272,70
19,-249,-222,-530,255,38
16,-240,-223,-411,233,9
43,-242,-215,-301,213,0
38,-235,-216,-193,218,-11
38,-225,-214,-124,229,-5
38,-219,-213,-107,235,-1
29,-212,-215,-109,242,-2
33,-229,-206,-122,236,7
39,-224,-188,-130,213,14
37,-232,-187,-88,222,-28
21,-229,-205,-64,230,-47
17,-225,-205,-143,205,-24
13,-235,-202,-246,174,-6
11,-235,-194,-314,130,0
12,-247,-210,-343,81,5
8,-237,-202,-360,47,22
26,-234,-206,-375,28,44
13,-233,-220,-390,29,49
5,-227,-218,-406,20,58
20,-229,-232,-447,6,78
46,-229,-227,-490,5,101
51,-234,-218,-485,29,120
51,-233,-222,-462,53,128
54,-232,-222,-454,52,118
63,-232,-217,-457,43,96
72,-230,-214,-459,37,93
66,-232,-211,-451,41,118
64,-222,-216,-443,54,110
60,-216,-225,-443,72,113
53,-219,-222,-475,71,133
48,-225,-224,-529,74,159
29,-221,-211,-579,77,161
43,-227,-218,-598,50,108
48,-220,-228,-588,10,87
21,-243,-222,-559,25,106
48,-214,-215,-583,11,27
50,-241,-224,-611,-19,11
27,-240,-212,-574,30,65
27,-241,-215,-528,76,93
0,-242,-214,-505,94,105
6,-241,-219,-481,71,90
-44,-242,-201,-423,36,94
6,-237,-226,-351,7,122
-201,-194,-26,-292,19,165
160,-284,-242,-337,-683,-237
36,-260,-253,-842,-840,-499
56,-231,-277,-1029,-680,-507
105,-208,-280,-982,-512,-478
34,-240,-281,-748,-319,-266
58,-221,-232,-480,-238,-183
97,-192,-266,-204,-261,-111
65,-201,-274,93,-168,21
28,-203,-255,367,-26,93
33,-209,-233,567,50,94
37,-215,-222,686,62,86
34,-221,-220,740,49,82
35,-224,-211,766,32,79
32,-219,-206,774,16,76
32,-218,-204,771,8,70
33,-216,-203,768,2,65
31,-214,-197,767,0,62
37,-217,-202,781,2,57
38,-218,-202,804,3,49
39,-216,-203,835,7,40
42,-226,-204,874,9,35
46,-235,-203,920,6,32
39,-248,-201,961,6,35
39,-257,-201,999,8,38
37,-268,-209,1032,13,41
29,-277,-217,1058,17,42
24,-286,-231,1071,13,44
23,-299,-242,1089,2,41
16,-313,-243,1128,-15,34
10,-325,-250,1195,-34,17
17,-330,-249,1291,-56,-8
17,-333,-241,1402,-79,-36
18,-331,-233,1525,-103,-65
17,-326,-224,1648,-123,-94
12,-321,-211,1765,-141,-114
13,-311,-200,1878,-162,-115
14,-298,-188,1982,-180,-111
21,-284,-174,2077,-191,-98
23,-266,-155,2158,-196,-76
29,-247,-141,2206,-191,-52
29,-224,-120,2215,-178,-28
29,-210,-106,2183,-156,-18
32,-199,-91,2121,-130,-6
37,-193,-79,2033,-100,-2
34,-188,-70,1930,-68,-7
38,-184,-66,1815,-39,-15
36,-182,-71,1702,-20,-24
37,-179,-71,1585,-7,-33
41,-189,-76,1479,-6,-34
35,-194,-90,1395,-9,-29
37,-203,-105,1358,-12,-15
37,-203,-105,1359,-14,-1
32,-209,-110,1398,-15,9
36,-215,-114,1466,-8,16
35,-219,-110,1543,7,22
34,-231,-110,1626,32,28
37,-236,-110,1714,50,24
35,-239,-100,1798,71,12
31,-243,-94,1876,87,1
23,-248,-93,1949,95,-4
24,-253,-83,2020,98,-4
24,-258,-83,2087,93,-11
21,-261,-66,2134,83,-22
15,-267,-65,2185,67,-23
20,-275,-59,2232,51,-12
20,-276,-58,2265,30,-7
19,-280,-53,2270,12,-10
24,-281,-58,2236,-12,-28
23,-276,-58,2156,-32,-54
19,-271,-50,2043,-42,-74
29,-271,-56,1914,-38,-75
36,-265,-55,1767,-24,-80
29,-260,-56,1613,-2,-88
25,-262,-54,1457,26,-87
28,-259,-55,1303,57,-81
29,-262,-48,1159,86,-75
33,-258,-52,1027,106,-69
28,-258,-47,913,115,-63
30,-258,-49,817,121,-48
30,-259,-46,741,118,-30
30,-254,-49,675,107,-11
36,-255,-47,628,90,8
37,-260,-49,597,65,17
34,-256,-50,588,39,20
21,-252,-50,598,17,18
32,-251,-44,609,6,36
38,-250,-38,626,0,32
31,-250,-36,663,-6,4
28,-249,-36,706,-5,-20
26,-247,-38,742,6,-37
22,-249,-29,767,24,-51
20,-248,-34,785,44,-60
21,-247,-30,792,62,-67
19,-248,-32,793,78,-74
23,-246,-27,781,82,-79
18,-250,-23,758,75,-82
15,-251,-24,722,64,-72
17,-253,-23,680,48,-55
21,-252,-18,637,29,-36
21,-252,-17,591,7,-21
24,-254,-19,549,-20,-10
18,-252,-20,500,-45,0
25,-255,-16,445,-70,15
26,-252,-19,386,-95,32
23,-253,-15,322,-115,48
33,-255,-11,263,-135,57
37,-253,-9,216,-152,52
33,-254,-13,175,-166,39
36,-253,-16,133,-176,32
31,-252,-13,85,-180,27
41,-252,-10,46,-177,17
37,-249,-5,25,-175,-1
38,-255,-8,8,-167,-14
45,-254,-5,-7,-157,-23
47,-256,0,-16,-146,-31
37,-250,-6,-18,-139,-40
43,-250,-6,-17,-129,-44
42,-248,-3,-18,-121,-39
49,-249,-4,-19,-109,-32
48,-254,-7,-17,-94,-24
47,-254,-1,-21,-75,-11
49,-256,-11,-33,-59,3
51,-259,-9,-55,-50,11
42,-259,-12,-84,-50,14
47,-261,-17,-116,-53,14
47,-265,-20,-143,-60,0
47,-268,-13,-152,-66,-24
44,-267,-19,-134,-67,-48
38,-271,-23,-102,-60,-65
40,-270,-25,-58,-41,-73
42,-272,-27,-3,-14,-79
47,-269,-26,51,20,-78
45,-269,-24,102,56,-78
51,-266,-23,145,90,-75
50,-265,-20,181,116,-79
49,-261,-26,206,133,-82
51,-255,-19,222,145,-86
54,-258,-13,227,152,-88
50,-256,-11,224,155,-95
49,-254,-5,216,152,-102
45,-254,-2,204,146,-106
44,-254,0,188,138,-112
38,-251,4,176,129,-115
38,-256,9,167,115,-116
38,-254,13,157,99,-114
35,-251,9,149,79,-108
36,-250,9,132,59,-98
31,-250,9,111,39,-86
37,-249,6,79,20,-73
31,-244,4,39,3,-59
29,-245,4,-6,-13,-45
31,-246,1,-56,-27,-31
32,-247,3,-90,-37,-19
34,-250,-3,-125,-40,-13
33,-255,-2,-148,-37,-10
32,-255,-6,-160,-29,-10
31,-256,-7,-157,-19,-11
37,-261,-5,-145,-3,-15
41,-263,-5,-124,17,-18
41,-261,-1,-96,34,-25
44,-267,-14,-65,53,-28
43,-268,-9,-31,68,-36
44,-265,-9,5,77,-40
46,-268,-15,35,75,-41
46,-264,-14,61,67,-41
47,-266,-13,75,59,-37
46,-259,-12,78,50,-26
47,-262,-15,76,39,-26
43,-258,-15,68,29,-28
45,-264,-21,50,22,-20
51,-256,-13,27,15,-20
49,-257,-14,6,11,-23
48,-259,-14,-11,9,-25
48,-259,-12,-33,9,-23
46,-257,-13,-51,8,-21
41,-258,-9,-66,9,-16
42,-259,-11,-80,10,-12
39,-259,-5,-89,12,-9
42,-260,-6,-93,16,-4
42,-260,-7,-92,18,-2
39,-257,-9,-86,21,-1
41,-261,-15,-81,26,-2
40,-258,-12,-73,32,-2
41,-256,-13,-67,37,-5
39,-255,-12,-63,44,-6
39,-255,-17,-60,51,-8
43,-256,-18,-56,59,-13
41,-255,-18,-54,66,-16
41,-252,-21,-59,71,-19
43,-251,-17,-62,76,-22
37,-252,-17,-70,77,-22
41,-251,-18,-75,76,-20
44,-255,-17,-79,71,-19
48,-259,-14,-81,67,-17
45,-260,-14,-80,59,-15
42,-257,-13,-75,51,-11
47,-263,-16,-67,41,-7
43,-262,-13,-53,33,-3
40,-266,-14,-36,23,5
42,-266,-12,-19,12,9
37,-263,-10,-7,3,13
41,-269,-12,0,-7,15
35,-266,-12,5,-15,15
32,-262,-12,5,-22,15
31,-261,-8,3,-27,15
30,-257,-5,-2,-30,10
29,-259,-12,-10,-31,5
29,-261,-5,-19,-30,-2
27,-258,-13,-34,-26,-7
30,-261,-12,-48,-21,-12
26,-258,-12,-65,-15,-16
30,-258,-13,-76,-9,-18
26,-256,-13,-88,-4,-17
31,-256,-16,-94,1,-18
27,-260,-14,-93,4,-18
30,-259,-20,-89,6,-20
32,-261,-17,-80,9,-20
34,-260,-15,-72,10,-20
35,-262,-21,-66,11,-19
32,-259,-16,-58,11,-18
37,-262,-14,-50,11,-14
37,-263,-9,-41,8,-11
35,-260,-16,-34,1,-7
37,-262,-14,-26,-7,-2
33,-270,-19,-20,-14,-1
35,-263,-14,-16,-20,5
35,-264,-12,-10,-25,5
34,-265,-10,2,-30,8
33,-265,-12,14,-35,11
34,-264,-11,30,-40,12
29,-258,-11,41,-45,11
34,-262,-10,50,-49,11
33,-260,-14,53,-50,10
31,-256,-8,53,-51,8
39,-256,-12,49,-52,6
34,-259,-7,46,-50,2
35,-258,-8,38,-48,1
33,-256,-10,30,-47,-1
38,-258,-9,23,-45,-1
36,-257,-10,19,-44,-3
34,-257,-7,15,-43,-5
34,-261,-11,10,-40,-6
33,-257,-8,4,-40,-5
36,-257,-4,-1,-41,-2
36,-256,-7,-8,-42,-1
35,-257,-9,-17,-45,1
35,-259,-11,-23,-49,1
39,-258,-11,-29,-51,2
36,-257,-11,-36,-54,2
34,-258,-13,-44,-59,3
35,-260,-12,-46,-61,4
38,-257,-14,-48,-65,5
36,-257,-9,-51,-70,4
36,-257,-13,-52,-74,4
37,-258,-10,-51,-79,3
36,-257,-8,-50,-83,1
34,-257,-7,-46,-85,-2
34,-258,-11,-43,-87,-2
36,-260,-6,-36,-89,-2
36,-263,-10,-30,-91,-2
38,-261,-13,-24,-93,-2
36,-264,-6,-19,-94,-3
36,-263,-14,-13,-93,-4
39,-263,-12,-10,-91,-4
39,-263,-9,-7,-89,-3
42,-265,-12,-4,-89,-4
37,-261,-15,-3,-86,-4
38,-261,-14,-3,-82,-5
37,-259,-6,-3,-78,-5
38,-259,-11,-4,-74,-6
38,-261,-8,-8,-69,-7
38,-263,-11,-8,-65,-8
40,-259,-13,-6,-62,-10
38,-258,-11,-2,-61,-13
38,-259,-9,-1,-59,-14
42,-256,-8,2,-58,-16
40,-256,-9,3,-55,-18
42,-256,-13,0,-53,-21
46,-257,-7,-4,-49,-21
44,-256,-14,-8,-46,-23
45,-255,-10,-13,-42,-25
45,-257,-12,-21,-38,-25
44,-256,-16,-26,-37,-25
43,-257,-10,-34,-38,-28
43,-258,-14,-39,-37,-27
43,-258,-10,-40,-34,-30
41,-260,-23,-41,-31,-30
44,-261,-15,-37,-29,-31
42,-266,-14,-30,-25,-31
42,-267,-19,-19,-22,-33
40,-262,-13,-7,-19,-34
40,-267,-18,9,-14,-35
40,-264,-14,22,-10,-36
37,-263,-15,36,-9,-35
41,-263,-13,49,-5,-34
42,-262,-11,59,-5,-35
40,-260,-11,67,-3,-34
39,-259,-12,69,-2,-32
40,-258,-14,70,-2,-30
40,-257,-13,68,-2,-28
41,-257,-9,61,-2,-27
42,-257,-6,55,-4,-23
40,-257,-8,47,-3,-21
42,-255,-5,38,-6,-19
41,-258,-4,31,-10,-16
42,-258,-10,25,-14,-15
46,-261,-7,24,-17,-12
43,-259,-5,30,-21,-12
43,-259,-8,41,-21,-12
44,-263,-5,51,-21,-14
38,-262,-5,61,-19,-14
45,-262,-13,73,-15,-16
45,-261,-9,84,-8,-18
44,-263,-11,96,-3,-22
44,-259,-8,107,3,-26
41,-260,-9,113,9,-29
42,-257,-5,115,15,-31
41,-259,-8,113,23,-33
43,-258,-14,107,32,-33
41,-256,-5,96,39,-34
43,-257,-4,84,44,-32
47,-257,1,72,48,-28
43,-256,-4,61,47,-24
45,-257,-1,54,43,-19
43,-257,0,50,35,-17
43,-257,1,44,27,-15
42,-257,1,39,19,-12
42,-258,0,34,12,-11
42,-262,1,30,7,-12
38,-256,3,29,2,-14
37,-259,2,29,-2,-14
40,-258,0,31,-4,-16
39,-268,4,35,-8,-16
37,-257,0,40,-9,-16
38,-258,0,42,-10,-14
36,-260,0,42,-12,-14
39,-258,-2,42,-12,-13
36,-259,-2,39,-12,-12
37,-256,-6,33,-14,-11
34,-255,-4,23,-15,-8
40,-258,1,12,-15,-8
37,-257,2,0,-12,-8
36,-256,-3,-10,-9,-9
41,-255,3,-18,-2,-9
41,-254,2,-26,6,-9
43,-255,0,-33,15,-10
43,-256,1,-35,23,-10
46,-257,2,-38,29,-12
41,-256,1,-38,34,-12
44,-260,1,-35,38,-11
41,-256,1,-28,39,-10
47,-258,0,-19,38,-9
47,-257,1,-13,34,-8
46,-254,3,-7,27,-9
49,-254,3,-2,19,-10
47,-256,2,-2,15,-14
48,-253,1,-2,12,-14
48,-256,1,-4,11,-15
48,-256,-2,-5,9,-16
45,-256,0,-5,10,-18
41,-255,-1,-7,14,-17
44,-260,-1,-9,20,-18
41,-259,-2,-14,26,-18
43,-258,0,-16,33,-17
42,-260,-1,-19,38,-16
40,-257,1,-20,44,-16
40,-258,-1,-23,47,-15
41,-259,0,-24,48,-16
41,-259,0,-26,48,-14
40,-261,-5,-31,49,-12
42,-260,0,-33,48,-12
40,-258,-3,-30,49,-12
41,-263,0,-26,48,-13
42,-259,0,-21,50,-15
42,-262,4,-14,48,-15
44,-258,-11,-8,50,-18
48,-262,1,-2,51,-19
39,-260,1,5,51,-20
41,-260,0,10,53,-20
42,-258,1,14,53,-19
39,-258,0,17,54,-18
41,-259,-1,18,52,-18
41,-257,0,18,49,-15
43,-257,0,17,48,-14
37,-256,-3,15,44,-11
39,-255,0,11,43,-8
48,-260,-2,5,41,-6
38,-256,-5,1,39,-4
37,-256,0,-3,38,-3
43,-256,0,-6,38,-1
43,-258,-1,-7,38,-2
43,-256,-2,-7,38,-2
43,-257,0,-5,39,-4
46,-258,2,-1,38,-5
39,-254,-1,-1,39,-4
40,-257,1,2,40,-5
43,-260,-2,5,40,-7
38,-261,3,10,40,-7
41,-259,1,13,41,-9
40,-257,0,17,40,-9
40,-256,2,17,40,-10
41,-257,4,16,41,-11
42,-260,0,13,41,-10
40,-257,0,10,40,-9
41,-259,2,4,40,-10
39,-256,0,0,37,-9
37,-257,4,-9,32,-9
41,-258,-2,-13,27,-7
40,-260,-4,-21,22,-7
40,-258,-1,-23,17,-7
41,-258,-2,-26,13,-7
41,-257,0,-28,12,-7
41,-257,-2,-29,11,-7
38,-259,1,-30,11,-8
40,-257,1,-30,13,-11
37,-258,2,-27,17,-10
37,-257,-1,-23,20,-11
39,-258,1,-19,24,-12
39,-257,3,-14,27,-13
40,-256,5,-7,30,-12
39,-258,2,-6,30,-12
40,-258,3,-5,31,-13
42,-259,1,-7,31,-14
38,-258,2,-10,31,-13
39,-255,2,-14,31,-10
42,-256,2,-14,31,-8
40,-254,0,-15,27,-7
43,-256,0,-16,21,-3
40,-255,6,-15,16,0
40,-256,4,-12,10,1
47,-259,8,-11,5,2
39,-257,3,-9,0,0
39,-259,1,-8,-1,0
43,-257,4,-6,-3,-4
39,-257,4,-3,-3,-5
39,-257,5,2,-3,-6
39,-257,2,10,-3,-6
41,-260,0,16,-4,-6
40,-257,1,23,-5,-6
40,-255,3,27,-8,-5
39,-260,2,27,-8,-1
42,-259,2,25,-8,-2
40,-257,3,20,-8,1
38,-254,3,10,-7,1
39,-252,7,4,-4,1
43,-257,5,-5,0,1
41,-254,5,-12,5,-1
42,-258,5,-17,11,-2
38,-251,5,-22,16,-4
40,-255,4,-24,23,-7
44,-254,3,-30,28,-8
43,-254,5,-32,33,-10
38,-263,4,-35,37,-10
43,-259,2,-36,38,-11
45,-261,4,-36,39,-12
44,-257,1,-37,40,-11
44,-256,7,-37,37,-11
43,-257,3,-39,36,-10
43,-256,4,-37,33,-10
40,-256,4,-36,30,-13
41,-257,2,-35,26,-12
42,-257,0,-35,24,-11
44,-255,2,-36,24,-11
45,-259,0,-35,25,-11
43,-256,1,-35,27,-9
43,-258,1,-36,28,-8
46,-258,2,-32,32,-8
47,-258,5,-30,35,-8
43,-257,4,-25,35,-9
40,-257,5,-21,37,-7
40,-255,5,-15,38,-6
42,-255,5,-14,38,-5
43,-257,7,-15,38,-5
41,-264,13,-19,38,-3
38,-253,7,-23,38,-2
43,-255,8,-29,36,-1
40,-254,7,-33,33,0
38,-255,7,-38,33,2
39,-254,6,-40,33,3
37,-255,8,-42,31,3
38,-254,7,-44,32,3
42,-256,8,-48,32,3
38,-256,6,-54,32,5
40,-255,8,-56,31,4
37,-252,11,-61,28,4
38,-256,5,-65,27,3
36,-255,2,-68,24,3
37,-254,1,-71,21,2
39,-254,4,-74,18,0
39,-256,2,-78,15,-1
42,-257,2,-82,13,1
38,-256,3,-86,10,2
40,-256,4,-88,8,5
41,-258,1,-88,6,6
41,-258,4,-88,4,6
40,-258,7,-87,4,8
43,-259,2,-87,5,7
42,-257,1,-84,5,7
38,-259,1,-82,7,6
44,-259,2,-77,7,6
43,-261,2,-73,7,6
40,-260,3,-67,6,5
42,-260,3,-62,5,3
42,-258,3,-54,2,4
40,-258,0,-49,0,2
38,-261,7,-40,-3,0
43,-256,0,-32,-4,2
39,-258,1,-29,-4,3
38,-257,2,-26,-4,5
43,-257,3,-25,-3,5
45,-258,3,-24,1,6
42,-256,4,-22,3,6
42,-256,2,-21,4,6
41,-254,3,-23,6,7
40,-256,2,-25,6,6
39,-256,4,-26,7,5
37,-254,0,-29,6,4
47,-256,7,-31,5,3
41,-258,4,-28,5,3
38,-258,3,-23,4,0
41,-256,1,-18,4,-2
39,-256,2,-13,2,-4
40,-258,2,-8,4,-6
39,-256,3,-6,7,-8
38,-258,2,-6,11,-10
42,-258,6,-7,15,-11
39,-256,5,-7,20,-11
33,-255,5,-8,26,-11
38,-257,7,-9,28,-10
39,-257,5,-12,34,-12
38,-256,6,-13,35,-12
37,-257,3,-17,38,-12
41,-257,2,-20,39,-11
39,-257,7,-21,38,-9
41,-256,4,-22,35,-9
41,-257,7,-24,32,-7
38,-256,2,-23,29,-7
41,-255,1,-24,26,-7
40,-256,3,-26,25,-6
40,-256,8,-29,21,-6
41,-256,5,-31,19,-6
41,-257,5,-35,17,-5
42,-257,3,-37,15,-6
41,-256,3,-36,15,-5
40,-256,0,-36,13,-3
37,-257,2,-35,10,-5
41,-258,1,-32,9,-6
40,-256,0,-35,9,-7
42,-256,1,-38,9,-8
44,-257,5,-40,9,-6
42,-257,4,-43,12,-5
41,-255,8,-43,14,-8
40,-257,6,-43,19,-8
41,-256,6,-42,22,-9
41,-257,9,-39,30,-9
39,-256,9,-39,33,-11
40,-258,8,-39,36,-11
38,-256,9,-42,40,-12
40,-255,10,-45,40,-11
40,-257,10,-45,39,-9
42,-257,5,-48,38,-9
39,-257,3,-51,36,-9
42,-257,3,-54,32,-9
40,-255,6,-55,28,-9
40,-255,5,-57,25,-11
41,-256,5,-59,22,-9
40,-255,2,-61,20,-9
41,-257,3,-61,20,-8
38,-257,3,-61,20,-7
39,-257,4,-63,20,-7
41,-258,0,-65,19,-7
37,-261,8,-65,21,-3
40,-257,4,-61,23,-4
39,-256,1,-56,25,-5
38,-258,2,-50,28,-6
41,-256,1,-44,28,-7
41,-258,4,-40,28,-8
42,-255,3,-38,29,-9
40,-256,3,-36,26,-10
41,-256,4,-37,25,-10
39,-257,4,-37,22,-9
41,-255,6,-36,18,-10
47,-256,10,-38,17,-7
43,-257,6,-39,18,-6
38,-255,9,-39,17,-5
43,-257,5,-36,16,-4
42,-259,3,-35,16,-4
41,-258,6,-33,16,-6
42,-259,6,-31,14,-9
45,-258,2,-32,13,-7
40,-258,5,-34,12,-7
41,-257,2,-37,11,-8
42,-256,5,-39,11,-7
48,-256,0,-41,12,-8
41,-258,1,-43,16,-7
40,-256,1,-45,16,-9
40,-257,1,-46,16,-8
39,-257,2,-47,17,-8
41,-255,-1,-45,18,-8
39,-258,2,-48,20,-9
36,-255,1,-51,21,-8
44,-258,5,-52,23,-8
39,-258,2,-54,24,-7
40,-257,7,-54,25,-9
34,-257,5,-53,25,-9
41,-256,4,-52,25,-10
40,-257,6,-49,25,-10
42,-256,6,-48,24,-11
40,-256,5,-47,23,-13
40,-256,5,-46,23,-14
42,-257,3,-48,22,-14
41,-256,5,-48,19,-14
40,-257,6,-50,18,-12
43,-257,4,-52,16,-12
45,-257,2,-55,13,-10
39,-258,3,-56,12,-10
41,-258,7,-56,11,-8
43,-258,2,-56,11,-7
41,-256,2,-54,12,-8
39,-256,0,-52,15,-9
40,-257,3,-49,16,-10
42,-257,5,-43,21,-10
40,-257,2,-41,24,-12
40,-254,7,-37,28,-11
42,-258,3,-34,29,-14
42,-257,3,-30,30,-14
36,-255,6,-31,31,-14
39,-256,2,-32,29,-13
42,-256,4,-36,28,-13
41,-256,2,-40,25,-11
39,-255,3,-45,22,-9
42,-256,2,-50,18,-8
39,-256,2,-51,17,-10
38,-257,3,-55,16,-9
42,-256,4,-58,16,-8
42,-255,2,-60,16,-9
39,-257,0,-63,18,-10
36,-257,2,-67,20,-10
39,-258,2,-72,23,-10
44,-258,8,-73,27,-12
41,-257,2,-74,31,-11
39,-256,3,-73,34,-14
39,-256,6,-70,38,-12
43,-258,9,-68,37,-12
40,-258,6,-64,37,-11
43,-258,9,-58,34,-10
41,-260,4,-53,31,-8
40,-257,1,-50,28,-7
45,-257,4,-48,23,-7
40,-260,2,-46,19,-9
42,-259,2,-45,15,-8
42,-262,2,-42,12,-10
39,-257,0,-39,10,-11
40,-257,3,-37,10,-12
41,-257,2,-34,7,-11
40,-255,0,-32,7,-11
41,-258,1,-30,7,-11
44,-256,1,-27,6,-9
44,-256,4,-27,6,-7
47,-255,1,-24,5,-7
43,-256,0,-22,5,-7
41,-256,0,-23,4,-7
42,-256,4,-23,3,-7
41,-255,4,-26,5,-6
40,-257,7,-28,9,-8
37,-256,6,-32,15,-9
40,-257,8,-33,18,-11
40,-255,7,-34,22,-11
42,-257,9,-37,26,-12
38,-257,10,-39,27,-13
42,-255,8,-43,27,-14
39,-254,7,-47,26,-14
42,-254,5,-50,25,-12
43,-257,5,-50,21,-12
36,-255,6,-51,18,-10
42,-258,3,-50,16,-10
41,-256,3,-51,15,-9
42,-262,3,-50,14,-10
43,-257,4,-52,15,-9
41,-261,2,-50,15,-10
42,-262,1,-50,17,-9
41,-256,1,-50,19,-7
43,-259,0,-47,19,-8
43,-258,2,-46,23,-7
41,-258,2,-42,24,-7
39,-256,3,-39,24,-8
39,-257,2,-35,25,-9
41,-257,6,-33,26,-8
42,-257,-1,-30,25,-8
37,-256,1,-30,24,-9
42,-258,1,-33,22,-9
43,-258,4,-38,21,-9
38,-256,1,-41,17,-10
41,-255,1,-47,14,-9
40,-256,2,-52,13,-8
43,-256,3,-56,11,-8
41,-258,4,-55,9,-7
43,-257,4,-51,9,-7
45,-258,6,-51,11,-8
44,-253,10,-53,12,-6
40,-257,3,-56,15,-9
41,-257,4,-60,15,-8
43,-257,15,-61,17,-9
39,-257,5,-61,19,-9
37,-255,5,-57,21,-9
40,-257,4,-52,22,-10
40,-259,4,-50,22,-9
41,-258,5,-48,21,-9
44,-258,5,-45,20,-8
38,-254,1,-42,20,-7
41,-257,5,-38,19,-7
41,-255,9,-34,20,-7
39,-256,2,-31,19,-6
41,-257,1,-27,19,-7
39,-256,1,-25,20,-7
40,-257,0,-22,19,-7
40,-257,-2,-23,20,-6
44,-256,2,-24,21,-5
44,-256,5,-25,20,-6
40,-257,4,-27,17,-6
44,-257,0,-29,15,-5
39,-257,5,-33,13,-6
41,-253,5,-38,13,-7
43,-256,8,-41,13,-8
40,-256,6,-44,12,-10
41,-257,6,-48,14,-9
39,-254,3,-53,13,-10
41,-256,4,-58,13,-9
43,-257,6,-63,14,-7
41,-256,7,-69,15,-5
40,-256,3,-72,14,-4
41,-256,2,-78,14,-4
41,-256,4,-83,15,-4
43,-257,2,-85,17,-4
41,-258,0,-84,16,-5
32,-259,2,-86,16,-6
41,-257,6,-82,16,-6
40,-260,1,-76,16,-6
42,-260,-1,-69,16,-7
40,-259,0,-60,13,-7
42,-258,2,-52,11,-8
39,-259,0,-44,8,-9
41,-257,3,-41,6,-9
40,-257,5,-38,6,-9
39,-257,2,-37,6,-9
41,-257,2,-37,7,-11
41,-260,-1,-38,6,-11
45,-259,4,-40,8,-10
42,-255,0,-42,8,-9
39,-256,4,-43,7,-8
42,-256,2,-41,8,-8
42,-256,6,-41,9,-8
40,-256,5,-38,8,-9
41,-256,2,-39,7,-6
42,-255,4,-40,2,-6
39,-256,1,-45,1,-5
40,-254,5,-51,0,-4
40,-257,4,-59,-1,-3
36,-257,1,-68,1,-4
39,-255,2,-75,4,-4
38,-256,1,-84,6,-5
42,-260,3,-91,8,-4
38,-257,2,-96,13,-5
38,-256,0,-96,17,-6
38,-258,2,-96,21,-7
37,-259,3,-89,25,-7
38,-257,6,-81,24,-5
44,-257,4,-73,21,-3
38,-255,1,-61,17,-2
40,-256,2,-53,11,-2
44,-257,2,-47,5,-1
42,-256,1,-43,2,-2
40,-258,3,-40,-2,-2
42,-257,3,-36,-4,-3
44,-257,7,-34,-5,-4
43,-258,6,-30,-6,-3
40,-261,3,-27,-5,-5
44,-258,7,-22,-6,-3
41,-262,7,-20,-4,-3
42,-257,2,-16,-4,-2
40,-257,1,-14,-4,-1
41,-256,1,-13,-7,1
43,-256,1,-14,-8,2
41,-257,0,-16,-9,3
42,-257,1,-20,-12,3
42,-256,3,-26,-12,3
40,-255,3,-31,-11,3
42,-256,4,-37,-8,3
38,-255,3,-43,-5,1
41,-251,16,-47,3,0
43,-257,4,-49,7,-4
40,-257,1,-50,13,-6
40,-254,4,-51,18,-8
39,-259,2,-50,23,-11
43,-258,5,-51,26,-12
41,-255,4,-49,28,-14
42,-258,6,-47,29,-13
40,-257,2,-45,28,-12
40,-256,6,-43,25,-12
43,-256,2,-42,23,-10
44,-259,8,-42,22,-8
41,-259,3,-40,18,-7
38,-256,2,-35,16,-5
38,-256,2,-33,14,-4
39,-257,3,-28,13,-4
42,-258,5,-26,13,-3
41,-257,4,-25,13,-2
41,-258,3,-22,13,-3
39,-260,3,-20,14,-5
44,-255,1,-19,14,-5
36,-252,3,-18,13,-6
40,-254,8,-18,13,-7
40,-256,3,-17,14,-7
41,-256,5,-17,11,-8
41,-256,1,-18,10,-8
40,-256,1,-20,8,-8
41,-256,2,-22,8,-7
41,-255,4,-26,8,-7
39,-256,5,-29,8,-7
42,-255,5,-32,9,-5
40,-260,6,-33,13,-5
44,-257,7,-34,16,-4
42,-255,4,-36,18,-5
41,-257,2,-37,20,-6
40,-257,4,-39,19,-7
44,-256,4,-41,21,-9
39,-256,8,-43,21,-9
43,-259,8,-48,25,-10
44,-256,6,-50,26,-10
43,-257,5,-53,28,-9
42,-255,5,-57,29,-8
45,-254,3,-59,30,-8
44,-255,1,-60,30,-6
46,-255,4,-60,29,-5
43,-255,4,-61,26,-1
42,-256,7,-61,24,-3
43,-255,2,-62,22,-4
42,-255,3,-60,21,-4
39,-257,0,-62,21,-7
41,-256,6,-64,21,-8
41,-254,4,-65,21,-10
40,-257,2,-64,23,-10
41,-255,7,-63,24,-11
40,-257,8,-61,25,-13
37,-259,6,-58,25,-13
39,-257,8,-52,28,-14
39,-257,4,-49,31,-14
39,-259,1,-46,32,-15
38,-256,4,-43,32,-15
41,-258,6,-44,33,-15
41,-260,2,-46,33,-14
39,-257,0,-52,32,-13
39,-256,1,-58,32,-13
40,-257,0,-66,32,-11
42,-257,5,-72,32,-8
41,-253,5,-78,34,-8
43,-257,5,-83,36,-7
41,-256,4,-88,37,-6
41,-256,3,-92,39,-7
43,-256,2,-96,42,-5
43,-256,6,-100,44,-4
46,-254,3,-105,46,-3
43,-256,6,-111,48,-3
43,-255,1,-114,48,-3
47,-257,3,-119,45,-1
43,-255,4,-123,48,0
38,-254,6,-125,48,-2
40,-255,3,-127,51,-3
39,-254,1,-128,55,-7
42,-256,6,-129,60,-9
43,-256,5,-132,66,-9
40,-255,4,-136,71,-11
41,-255,2,-138,75,-12
43,-256,4,-139,79,-10
44,-256,8,-141,80,-10
46,-256,7,-143,81,-9
42,-258,5,-145,81,-10
42,-255,7,-145,82,-11
43,-256,6,-144,82,-11
42,-257,6,-142,84,-12
43,-257,7,-144,83,-13
41,-255,10,-148,83,-13
44,-256,7,-149,82,-14
41,-255,7,-155,81,-15
42,-254,7,-163,78,-13
44,-253,1,-174,77,-13
47,-253,8,-186,77,-11
47,-253,3,-198,77,-9
45,-255,4,-214,77,-11
45,-253,0,-230,75,-11
46,-254,0,-248,75,-8
42,-253,-2,-268,74,-6
38,-251,-3,-292,71,-7
40,-252,-7,-321,66,-4
41,-252,-5,-348,59,-2
38,-252,-4,-377,51,3
40,-254,-9,-407,46,4
41,-254,-11,-431,41,5
39,-253,-6,-453,41,4
39,-255,-13,-472,41,0
37,-255,-15,-487,42,-2
38,-257,-11,-497,42,-2
38,-259,-12,-501,40,-4
38,-258,-16,-500,35,-3
39,-258,-11,-494,24,-3
41,-257,-14,-486,12,-2
42,-256,-16,-474,0,-2
39,-256,-11,-471,-13,-1
41,-251,-4,-473,-21,-2
43,-253,-6,-478,-23,-4
41,-246,-4,-489,-21,-6
40,-246,-6,-506,-16,-8
39,-243,-2,-533,-13,-11
43,-244,-1,-569,-8,-11
40,-242,0,-609,0,-11
39,-241,2,-655,9,-10
41,-242,0,-700,18,-7
42,-246,3,-740,26,-6
45,-248,-3,-774,29,-7
34,-252,2,-805,29,-8
39,-255,1,-825,29,-6
39,-256,-1,-834,31,-8
38,-255,0,-841,35,-13
43,-259,1,-843,39,-18
38,-261,1,-837,40,-22
41,-262,-4,-828,42,-25
40,-265,-1,-814,41,-27
38,-263,-8,-797,38,-27
38,-257,-7,-787,34,-29
39,-261,-10,-784,30,-26
42,-259,-9,-791,27,-21
41,-257,-20,-801,28,-17
38,-257,-16,-815,33,-14
42,-256,-22,-830,36,-11
39,-257,-25,-858,42,-11
40,-255,-25,-891,51,-8
38,-254,-27,-927,62,-6
35,-258,-28,-960,75,-5
32,-260,-23,-980,82,-5
30,-261,-24,-988,84,-1
32,-263,-26,-983,79,1
33,-266,-19,-972,69,5
29,-259,-24,-952,51,11
31,-254,-29,-934,36,14
33,-252,-30,-928,18,17
30,-251,-30,-934,5,21
36,-251,-29,-950,-6,27
32,-249,-30,-968,-12,31
31,-253,-31,-988,-11,40
37,-259,-32,-1003,-14,49
35,-254,-38,-1000,-19,51
35,-254,-38,-991,-27,48
37,-254,-44,-999,-41,50
36,-248,-52,-1019,-52,56
34,-252,-49,-1054,-59,59
37,-252,-46,-1089,-59,65
40,-252,-46,-1119,-56,70
39,-257,-47,-1144,-51,66
37,-257,-45,-1176,-38,71
46,-258,-41,-1213,-18,73
46,-262,-41,-1246,4,60
49,-258,-40,-1286,29,53
32,-256,-36,-1345,52,53
65,-260,-51,-1417,54,64
66,-259,-48,-1506,62,78
50,-263,-53,-1605,72,78
58,-260,-64,-1721,66,92
63,-270,-67,-1849,40,116
58,-275,-73,-1973,30,130
60,-277,-88,-2089,24,143
57,-274,-88,-2204,15,141
52,-278,-96,-2303,5,143
56,-282,-111,-2380,-12,150
51,-280,-126,-2437,-9,142
43,-289,-146,-2466,19,123
48,-274,-147,-2477,46,112
55,-271,-163,-2488,49,86
37,-264,-184,-2495,68,39
38,-271,-182,-2536,61,21
36,-269,-193,-2529,35,9
26,-264,-204,-2478,-7,7
65,-277,-202,-2381,-31,34
20,-279,-226,-2182,10,54
32,-277,-227,-1956,35,80
16,-286,-233,-1705,55,48
29,-294,-234,-1459,38,15
36,-301,-231,-1220,27,-19
36,-306,-219,-1000,19,-48
24,-302,-227,-794,23,-73
28,-303,-226,-642,8,-76
29,-311,-219,-543,-1,-69
33,-309,-225,-459,-10,-62
18,-310,-221,-394,-17,-62
29,-320,-211,-343,-43,-58
18,-319,-208,-257,-60,-64
17,-322,-205,-149,-79,-73
25,-328,-198,-6,-97,-83
12,-312,-204,159,-118,-95
5,-321,-196,318,-139,-111
32,-313,-190,481,-157,-120
31,-312,-206,672,-184,-131
19,-289,-216,792,-208,-152
18,-280,-230,837,-229,-165
21,-273,-233,802,-240,-166
23,-272,-224,733,-239,-162
25,-268,-210,667,-234,-155
22,-266,-204,615,-229,-147
27,-260,-193,579,-229,-136
34,-259,-191,554,-222,-124
34,-258,-185,536,-217,-115
29,-259,-187,524,-212,-101
32,-264,-183,513,-211,-84
37,-265,-184,515,-214,-74
30,-265,-184,522,-220,-67
27,-266,-187,531,-227,-58
31,-267,-189,533,-234,-53
23,-274,-186,525,-252,-55
30,-267,-187,514,-262,-46
25,-274,-188,502,-272,-41
24,-273,-185,484,-281,-46
27,-275,-185,471,-282,-45
26,-272,-179,464,-272,-33
32,-272,-179,463,-252,-19
27,-271,-172,464,-238,-22
30,-273,-173,459,-219,-18
28,-272,-166,450,-201,-22
33,-272,-164,432,-189,-33
41,-275,-166,413,-176,-48
35,-266,-162,390,-162,-56
32,-265,-158,366,-153,-60
39,-267,-155,344,-151,-51
42,-262,-155,324,-158,-57
35,-265,-155,307,-179,-66
39,-263,-157,292,-196,-58
36,-266,-158,285,-208,-39
34,-265,-151,269,-225,-27
38,-268,-153,250,-243,-17
44,-265,-147,231,-259,-15
45,-271,-148,204,-277,-14
44,-264,-149,171,-286,-7
44,-265,-144,132,-293,-10
38,-269,-143,95,-293,-10
42,-270,-141,64,-276,-3
42,-267,-135,39,-249,5
42,-269,-135,21,-219,9
47,-267,-131,3,-186,3
44,-268,-130,-4,-159,-19
43,-266,-127,-9,-133,-35
34,-272,-126,-6,-103,-34
33,-269,-122,-13,-80,-20
38,-267,-122,-31,-71,-9
37,-268,-120,-57,-72,-1
39,-266,-118,-85,-73,4
39,-262,-121,-115,-77,8
30,-261,-116,-145,-82,15
30,-260,-113,-183,-89,34
37,-261,-107,-218,-98,54
42,-261,-109,-249,-110,62
41,-263,-112,-281,-119,66
44,-262,-105,-317,-125,76
44,-261,-107,-358,-128,81
45,-263,-106,-394,-127,79
40,-261,-109,-433,-119,75
39,-260,-105,-465,-107,87
42,-264,-108,-487,-99,99
40,-262,-114,-503,-89,110
38,-265,-116,-523,-73,117
36,-262,-116,-532,-57,117
34,-261,-125,-551,-42,122
43,-265,-121,-566,-30,116
25,-262,-128,-570,-27,107
24,-264,-130,-570,-24,130
27,-267,-130,-565,-29,153
29,-266,-130,-550,-33,162
28,-265,-135,-529,-32,154
17,-267,-132,-509,-24,144
21,-262,-129,-492,-14,150
27,-264,-129,-476,-14,151
30,-265,-132,-453,-13,140
28,-264,-134,-436,-8,130
34,-264,-130,-417,-10,128
32,-267,-126,-383,-12,126
30,-265,-125,-339,-10,128
31,-267,-121,-284,-7,127
32,-269,-119,-223,5,127
32,-265,-119,-163,17,126
32,-267,-121,-104,28,122
23,-265,-121,-52,40,121
29,-260,-117,-13,50,124
27,-259,-116,40,53,120
26,-256,-114,98,57,117
21,-265,-116,154,60,114
25,-253,-119,207,63,109
24,-252,-120,252,66,105
25,-252,-123,289,67,98
22,-251,-125,316,66,90
24,-246,-131,341,63,82
21,-245,-129,366,53,64
22,-242,-133,393,36,46
22,-240,-135,416,21,24
20,-239,-140,434,8,6
16,-234,-137,453,0,-2
25,-221,-143,471,-4,-8
26,-230,-139,495,-1,-12
23,-224,-137,523,4,-16
28,-224,-135,552,18,-18
27,-220,-136,580,33,-18
29,-218,-136,601,50,-19
28,-216,-136,612,63,-16
29,-213,-133,615,72,-15
31,-212,-131,606,75,-10
26,-212,-130,586,76,-5
25,-211,-130,564,70,6
27,-210,-132,538,59,17
26,-215,-121,518,45,32
27,-215,-126,504,34,43
25,-215,-118,497,28,55
23,-217,-119,497,28,65
23,-214,-114,499,33,71
23,-216,-114,501,40,76
19,-216,-108,501,47,80
20,-213,-111,500,54,82
17,-214,-109,497,56,81
19,-217,-104,495,56,82
16,-210,-116,492,53,81
15,-212,-109,491,49,78
19,-214,-108,492,46,75
16,-216,-107,495,43,71
17,-214,-108,500,43,68
18,-213,-110,503,46,64
19,-213,-112,508,48,61
19,-213,-113,515,50,58
19,-212,-118,528,52,57
19,-212,-113,542,53,54
23,-211,-118,556,57,48
19,-208,-116,566,61,40
20,-205,-115,572,68,31
19,-205,-117,569,74,22
19,-208,-115,559,80,17
19,-206,-113,543,84,13
17,-203,-113,521,87,10
19,-207,-107,497,90,11
16,-208,-108,469,92,13
23,-207,-105,444,95,15
19,-211,-104,423,97,18
16,-215,-105,408,100,19
24,-214,-101,405,99,22
24,-216,-100,409,99,21
24,-219,-97,422,97,22
30,-213,-95,438,91,23
29,-216,-87,457,83,26
29,-211,-89,479,74,31
35,-211,-92,498,66,36
34,-211,-93,509,59,40
33,-208,-89,512,56,43
38,-206,-91,508,57,44
43,-207,-91,498,62,42
36,-207,-93,487,72,40
36,-202,-86,473,86,34
29,-200,-87,458,105,28
30,-202,-87,443,123,23
27,-199,-87,427,140,20
21,-197,-88,410,148,18
19,-197,-84,391,152,17
17,-196,-84,378,152,19
15,-195,-86,368,149,20
15,-199,-87,361,150,21
12,-198,-85,354,156,22
13,-201,-83,342,168,24
14,-204,-83,324,182,26
15,-208,-81,299,196,27
17,-213,-82,270,205,29
22,-215,-82,240,208,31
20,-218,-84,213,201,32
22,-220,-80,188,185,32
26,-225,-86,166,161,30
24,-225,-84,151,133,26
24,-225,-83,143,101,17
22,-226,-86,140,69,8
24,-234,-85,142,39,-6
23,-230,-86,152,14,-19
22,-228,-88,166,-6,-30
17,-225,-83,182,-19,-39
16,-224,-85,195,-28,-43
14,-219,-85,207,-33,-43
14,-214,-80,210,-34,-40
11,-215,-84,210,-34,-33
15,-212,-81,200,-31,-26
12,-210,-84,183,-21,-18
15,-214,-88,159,-10,-13
18,-214,-88,129,2,-11
20,-214,-88,95,13,-10
27,-219,-84,57,25,-14
29,-222,-84,27,32,-19
32,-226,-82,-10,38,-31
31,-230,-82,-47,42,-43
30,-234,-82,-75,41,-57
32,-241,-83,-96,35,-71
27,-241,-84,-106,19,-84
24,-242,-84,-102,-2,-94
25,-238,-88,-87,-28,-106
24,-245,-83,-60,-52,-119
23,-241,-77,-20,-72,-129
20,-238,-80,31,-86,-138
13,-232,-78,85,-95,-145
13,-224,-82,137,-103,-153
12,-215,-79,177,-107,-157
17,-213,-82,197,-108,-159
15,-205,-80,197,-101,-157
20,-209,-84,178,-82,-153
21,-206,-82,138,-52,-146
22,-202,-88,81,-15,-136
17,-208,-84,7,20,-124
18,-211,-88,-85,44,-107
23,-220,-90,-181,51,-90
24,-226,-90,-275,46,-70
28,-239,-87,-358,32,-51
29,-248,-91,-424,18,-35
29,-254,-91,-467,9,-25
27,-263,-89,-487,4,-18
32,-273,-89,-483,6,-16
32,-281,-88,-458,14,-20
29,-282,-90,-423,24,-29
31,-290,-83,-378,35,-41
34,-292,-83,-329,40,-55
35,-296,-84,-278,42,-72
33,-297,-83,-221,39,-86
31,-296,-81,-163,33,-103
32,-296,-82,-109,24,-116
31,-292,-82,-50,15,-129
31,-288,-80,15,7,-140
33,-285,-83,83,3,-147
34,-278,-80,150,-1,-151
28,-269,-84,212,-2,-150
29,-264,-80,263,-3,-145
28,-260,-79,298,-1,-138
27,-255,-82,310,0,-125
27,-250,-84,297,-2,-108
27,-249,-87,263,-6,-89
25,-244,-87,213,-11,-68
28,-242,-89,154,-18,-49
33,-243,-84,99,-21,-33
34,-242,-84,51,-26,-21
41,-237,-83,9,-30,-12
36,-242,-85,-19,-35,-9
40,-245,-77,-39,-41,-6
38,-242,-75,-49,-44,-7
38,-243,-76,-52,-46,-7
44,-247,-73,-56,-44,-5
41,-247,-76,-59,-36,0
38,-248,-73,-65,-25,6
36,-249,-79,-80,-10,15
34,-252,-80,-97,3,27
31,-256,-79,-120,18,39
32,-262,-86,-139,28,51
30,-262,-81,-154,35,60
28,-270,-80,-159,35,68
25,-271,-78,-153,34,74
29,-275,-81,-133,30,75
27,-281,-84,-106,26,73
25,-280,-81,-74,21,68
25,-278,-85,-39,17,59
25,-275,-84,-8,13,52
27,-276,-85,23,7,41
27,-271,-89,45,4,34
28,-268,-87,64,5,25
28,-266,-88,79,6,18
28,-261,-85,91,10,16
29,-259,-85,98,15,14
31,-258,-83,99,24,14
31,-257,-84,97,32,13
34,-256,-82,95,40,17
33,-252,-81,89,49,20
40,-253,-82,80,59,24
38,-246,-81,74,68,29
40,-248,-83,67,78,33
43,-246,-82,60,87,37
43,-247,-85,56,93,41
43,-245,-83,54,98,45
43,-247,-81,45,100,48
41,-245,-84,36,104,51
40,-246,-85,23,109,51
40,-249,-82,6,113,52
36,-251,-90,-15,119,53
33,-249,-91,-43,124,51
30,-256,-93,-74,125,50
31,-259,-91,-105,125,45
28,-267,-92,-132,125,41
22,-265,-88,-157,123,36
19,-270,-89,-172,121,30
16,-271,-87,-179,119,24
14,-276,-85,-175,120,19
15,-280,-79,-162,120,16
15,-281,-81,-141,121,12
11,-281,-81,-112,122,11
12,-282,-86,-79,120,8
8,-284,-78,-46,118,5
17,-275,-83,-13,115,4
13,-274,-82,11,107,3
15,-270,-79,37,102,2
13,-267,-75,60,96,3
17,-264,-75,79,87,3
19,-264,-75,93,78,5
17,-258,-74,104,68,7
18,-256,-74,112,64,10
19,-255,-70,115,58,12
21,-253,-70,113,56,17
20,-249,-73,105,58,24
29,-249,-71,95,59,28
24,-244,-69,81,60,34
22,-242,-71,64,59,39
24,-245,-72,47,56,43
24,-243,-72,25,53,44
22,-242,-71,5,48,46
22,-244,-70,-16,43,47
23,-247,-72,-38,36,50
20,-248,-75,-57,27,52
22,-254,-74,-77,17,52
17,-251,-78,-95,7,55
19,-258,-76,-111,-3,55
16,-260,-80,-125,-13,53
17,-263,-79,-137,-21,54
17,-266,-88,-147,-28,52
18,-271,-84,-154,-32,49
16,-269,-85,-155,-33,46
17,-270,-80,-150,-33,40
15,-271,-81,-139,-30,33
19,-275,-76,-121,-25,28
16,-273,-81,-93,-17,20
17,-273,-81,-62,-6,12
17,-269,-79,-32,4,7
14,-268,-78,-5,12,3
12,-263,-83,20,16,-1
17,-262,-80,39,19,-5
19,-260,-77,51,25,-6
19,-256,-83,54,33,-7
21,-254,-77,49,39,-6
23,-257,-78,38,43,-2
23,-256,-74,23,46,0
21,-254,-76,8,45,3
24,-252,-76,-5,41,4
36,-253,-77,-17,36,5
23,-253,-75,-22,30,3
26,-257,-74,-26,26,6
23,-256,-77,-27,23,6
24,-257,-78,-29,20,8
25,-258,-78,-29,13,8
23,-257,-76,-30,2,10
26,-257,-80,-30,-6,10
24,-259,-75,-32,-13,10
25,-258,-78,-31,-12,8
23,-259,-80,-25,-9,7
23,-261,-75,-20,-4,3
25,-263,-75,-15,6,0
23,-262,-76,-7,15,-3
26,-265,-80,2,26,-6
25,-263,-81,12,34,-9
26,-261,-81,22,39,-12
27,-261,-81,33,43,-16
25,-264,-77,46,44,-18
24,-261,-77,56,43,-23
21,-261,-78,63,40,-25
18,-260,-82,66,38,-26
19,-260,-77,64,34,-28
21,-261,-78,61,32,-27
17,-259,-81,53,29,-29
16,-258,-79,47,28,-29
15,-259,-80,40,29,-30
15,-257,-77,32,30,-32
11,-259,-79,26,31,-36
17,-257,-76,22,32,-39
15,-258,-80,18,34,-40
14,-259,-78,13,33,-40
14,-260,-75,7,30,-38
14,-258,-77,3,24,-38
14,-258,-80,-1,14,-34
14,-257,-75,-2,2,-33
17,-259,-78,-5,-8,-30
17,-259,-79,-4,-19,-30
17,-259,-76,-7,-27,-26
19,-257,-73,-7,-35,-26
20,-255,-74,-8,-42,-24
16,-256,-81,-11,-48,-24
17,-255,-77,-16,-51,-24
24,-262,-69,-20,-53,-25
22,-255,-72,-28,-52,-25
21,-256,-74,-36,-47,-24
24,-256,-75,-44,-42,-23
26,-257,-70,-49,-36,-22
26,-257,-68,-52,-32,-19
26,-260,-75,-56,-28,-17
27,-258,-70,-54,-26,-14
27,-261,-69,-49,-25,-12
25,-261,-77,-47,-23,-9
24,-262,-69,-41,-26,-9
22,-259,-75,-36,-30,-8
25,-260,-72,-29,-32,-8
25,-259,-75,-29,-34,-8
25,-259,-75,-29,-34,-10
26,-260,-74,-28,-32,-11
25,-260,-74,-26,-29,-13
24,-259,-72,-30,-24,-14
27,-261,-72,-31,-21,-17
24,-260,-73,-35,-19,-18
20,-260,-74,-38,-18,-20
29,-265,-70,-42,-19,-20
25,-261,-73,-46,-22,-20
27,-264,-67,-47,-24,-19
27,-262,-71,-45,-25,-19
26,-265,-70,-43,-24,-18
24,-264,-68,-37,-21,-18
24,-262,-73,-31,-15,-17
23,-262,-72,-21,-6,-18
22,-259,-72,-12,2,-18
23,-258,-79,0,13,-20
22,-258,-79,11,22,-22
21,-255,-74,20,29,-26
14,-251,-80,23,34,-30
21,-250,-78,22,35,-33
22,-254,-75,9,29,-33
22,-254,-78,-14,22,-30
21,-253,-79,-41,14,-24
23,-255,-78,-68,7,-19
25,-258,-75,-95,3,-14
23,-261,-79,-114,1,-10
22,-259,-75,-128,2,-8
22,-266,-74,-136,1,-8
25,-266,-75,-138,1,-8
23,-262,-74,-134,-5,-8
25,-261,-73,-130,-13,-8
24,-260,-73,-124,-22,-8
25,-261,-74,-120,-30,-8
23,-261,-72,-114,-36,-7
22,-261,-73,-112,-40,-7
22,-262,-68,-112,-40,-5
23,-260,-72,-113,-37,-5
23,-260,-72,-115,-33,-4
25,-259,-70,-112,-23,-5
17,-259,-67,-107,-15,-6
27,-261,-71,-104,-3,-8
25,-264,-66,-99,8,-11
26,-264,-67,-89,15,-14
25,-262,-68,-77,22,-17
26,-260,-72,-61,30,-21
25,-262,-69,-44,36,-24
26,-263,-72,-26,40,-28
25,-264,-72,-10,44,-30
18,-259,-71,1,43,-29
23,-255,-73,6,42,-28
27,-257,-82,12,38,-26
22,-257,-71,12,32,-22
22,-258,-74,6,27,-19
26,-260,-72,-1,23,-17
17,-257,-72,-16,19,-12
23,-262,-72,-30,16,-9
21,-260,-75,-39,14,-5
19,-260,-72,-43,13,-5
19,-259,-74,-47,15,-6
23,-259,-68,-47,15,-8
17,-259,-71,-45,13,-11
18,-260,-73,-44,13,-13
23,-260,-71,-45,9,-13
17,-258,-69,-46,6,-11
22,-259,-69,-48,0,-10
21,-259,-71,-55,-4,-7
20,-259,-72,-60,-9,-4
24,-260,-70,-66,-12,-3
26,-261,-66,-72,-17,-4
23,-263,-68,-75,-17,-4
24,-264,-68,-75,-19,-6
20,-261,-67,-77,-18,-7
25,-265,-70,-76,-19,-10
20,-260,-68,-76,-20,-12
22,-258,-72,-78,-20,-13
19,-260,-69,-82,-19,-13
21,-259,-69,-85,-20,-11
22,-260,-69,-90,-20,-12
23,-258,-71,-95,-16,-12
22,-257,-68,-100,-15,-11
23,-258,-76,-105,-12,-9
22,-257,-66,-108,-11,-8
26,-258,-69,-110,-9,-6
24,-262,-69,-112,-8,-4
25,-257,-71,-114,-6,-2
27,-258,-78,-116,-5,-1
27,-260,-76,-118,-7,-2
29,-261,-74,-118,-10,-2
26,-258,-76,-114,-13,-1
31,-257,-73,-109,-17,-3
26,-256,-79,-102,-20,-4
31,-256,-76,-98,-19,-5
30,-258,-74,-94,-16,-5
27,-263,-78,-91,-13,-4
32,-261,-76,-88,-9,-6
27,-262,-72,-87,-4,-6
29,-265,-75,-86,2,-7
26,-262,-74,-81,9,-7
25,-262,-76,-77,13,-9
24,-263,-75,-70,18,-10
22,-263,-75,-67,21,-9
24,-262,-73,-58,20,-11
24,-263,-75,-51,19,-11
25,-265,-79,-41,17,-11
24,-271,-76,-32,16,-12
21,-261,-72,-24,16,-12
21,-258,-71,-19,15,-10
22,-257,-77,-17,16,-8
22,-258,-75,-19,17,-7
22,-257,-75,-20,18,-7
22,-260,-73,-29,17,-7
25,-259,-78,-39,17,-5
19,-257,-75,-51,14,-5
22,-257,-75,-62,10,-4
21,-261,-74,-74,7,-4
16,-257,-77,-84,5,-3
21,-261,-76,-87,0,-1
24,-263,-75,-88,-2,-2
22,-263,-75,-83,-2,-4
24,-266,-77,-75,-3,-4
24,-262,-76,-64,-2,-5
25,-261,-77,-52,-2,-7
24,-260,-78,-40,1,-6
23,-258,-73,-30,5,-6
23,-257,-76,-23,7,-6
26,-258,-74,-22,10,-8
23,-260,-70,-24,11,-8
27,-256,-77,-30,12,-7
23,-256,-75,-36,12,-7
25,-258,-79,-44,12,-6
22,-257,-74,-49,11,-5
20,-257,-75,-55,8,-3
23,-260,-75,-59,5,-4
25,-259,-73,-60,2,-2
24,-256,-72,-59,-3,-1
23,-257,-75,-59,-6,1
28,-263,-80,-57,-10,1
28,-260,-81,-54,-11,4
25,-259,-74,-54,-11,3
24,-259,-75,-55,-12,4
25,-259,-72,-57,-10,4
25,-258,-73,-58,-6,4
24,-260,-76,-62,-1,4
22,-259,-77,-66,3,5
25,-261,-77,-69,7,7
20,-258,-78,-70,9,9
26,-261,-77,-70,11,8
21,-261,-79,-70,12,6
27,-256,-74,-64,10,6
24,-260,-77,-59,9,4
29,-258,-79,-55,9,2
22,-260,-81,-49,10,1
27,-257,-77,-42,10,0
24,-256,-77,-38,13,-2
26,-258,-78,-36,15,-1
25,-255,-77,-34,13,0
26,-262,-77,-35,14,-2
24,-260,-80,-38,13,-2
26,-257,-78,-42,12,-5
26,-259,-77,-45,12,-5
26,-257,-78,-49,11,-6
25,-257,-80,-54,12,-5
26,-258,-81,-59,11,-6
24,-258,-76,-62,9,-7
24,-257,-74,-63,9,-9
23,-259,-81,-64,7,-11
23,-259,-80,-64,7,-10
24,-261,-75,-62,6,-11
23,-260,-76,-60,4,-12
25,-263,-82,-61,3,-12
21,-258,-77,-56,2,-12
21,-260,-77,-52,3,-13
21,-258,-75,-52,4,-14
21,-261,-75,-51,4,-12
21,-258,-78,-50,4,-13
23,-261,-77,-48,3,-12
21,-259,-75,-48,2,-13
22,-262,-79,-46,0,-13
22,-260,-78,-44,-1,-14
21,-260,-76,-44,-3,-15
23,-258,-77,-44,-6,-15
23,-259,-80,-42,-8,-15
23,-259,-76,-36,-10,-16
21,-259,-75,-34,-9,-16
25,-257,-73,-34,-11,-16
23,-256,-76,-34,-12,-17
26,-258,-76,-34,-11,-17
25,-257,-75,-37,-10,-18
23,-257,-80,-42,-9,-18
26,-259,-71,-49,-8,-19
26,-259,-79,-56,-7,-20
22,-258,-76,-63,-7,-19
23,-257,-74,-68,-9,-18
24,-258,-78,-75,-10,-18
23,-256,-73,-83,-11,-17
24,-260,-78,-87,-14,-16
21,-259,-74,-90,-15,-15
24,-260,-76,-90,-17,-14
26,-261,-79,-85,-17,-14
25,-264,-81,-83,-18,-13
25,-258,-77,-80,-20,-12
23,-261,-80,-77,-22,-11
30,-262,-71,-73,-23,-10
26,-260,-75,-70,-25,-10
25,-261,-77,-68,-26,-10
25,-259,-77,-65,-25,-11
26,-262,-76,-65,-23,-10
24,-261,-71,-65,-22,-7
25,-259,-79,-63,-18,-8
24,-259,-71,-59,-15,-9
26,-258,-75,-56,-13,-9
26,-260,-76,-50,-12,-10
26,-262,-72,-46,-10,-12
27,-260,-74,-39,-8,-14
28,-260,-78,-34,-4,-14
24,-257,-77,-29,0,-15
23,-256,-73,-26,4,-15
25,-257,-76,-28,11,-14
24,-258,-77,-31,14,-14
24,-257,-78,-35,16,-14
23,-261,-80,-40,16,-13
19,-259,-77,-44,12,-12
26,-259,-76,-46,8,-13
24,-260,-80,-47,4,-14
16,-257,-72,-48,2,-15
26,-260,-75,-48,-1,-15
26,-262,-77,-48,-2,-18
27,-262,-79,-46,-4,-18
25,-263,-79,-45,-5,-20
24,-263,-78,-46,-5,-19
25,-264,-77,-46,-7,-19
22,-264,-76,-47,-8,-17
25,-264,-73,-46,-9,-18
24,-263,-72,-45,-13,-16
23,-265,-77,-40,-14,-16
23,-261,-77,-35,-14,-16
25,-265,-79,-27,-12,-14
24,-268,-71,-17,-10,-14
23,-263,-73,-8,-9,-13
22,-261,-75,1,-8,-13
23,-261,-75,9,-5,-13
22,-257,-73,15,-6,-13
27,-259,-75,18,-6,-12
26,-256,-73,20,-7,-12
23,-257,-76,18,-6,-13
24,-256,-73,12,-5,-14
23,-256,-74,6,-5,-15
26,-254,-74,-6,-6,-15
25,-256,-75,-17,-4,-15
27,-259,-76,-27,-5,-15
26,-258,-74,-36,-5,-12
25,-259,-73,-42,-3,-11
28,-260,-74,-44,-3,-12
25,-262,-75,-44,-2,-12
27,-261,-76,-40,-2,-11
27,-260,-76,-34,-3,-11
21,-259,-80,-26,-4,-10
20,-260,-78,-19,-3,-10
28,-262,-80,-11,1,-11
28,-263,-80,-1,4,-11
28,-261,-79,4,8,-12
27,-264,-78,9,12,-12
26,-262,-76,11,15,-15
26,-259,-73,14,16,-14
27,-261,-74,11,21,-15
24,-260,-73,12,23,-17
27,-260,-70,11,27,-19
23,-258,-73,12,29,-21
24,-262,-74,9,33,-21
23,-260,-70,11,35,-22
22,-259,-67,13,34,-21
23,-258,-68,15,33,-22
21,-257,-70,18,31,-22
23,-259,-67,18,27,-21
27,-256,-69,17,23,-20
23,-257,-68,12,18,-18
21,-257,-71,6,15,-18
24,-256,-71,-1,11,-15
24,-261,-74,-9,9,-11
23,-257,-72,-17,10,-9
23,-256,-73,-24,8,-6
24,-257,-71,-33,11,-3
23,-258,-70,-38,12,-3
23,-259,-75,-39,12,-1
22,-260,-71,-38,13,-2
26,-263,-69,-35,13,-2
25,-263,-70,-31,13,-3
25,-261,-75,-28,15,-4
24,-259,-76,-23,15,-5
25,-262,-76,-20,17,-5
22,-259,-69,-17,17,-7
25,-261,-71,-14,18,-8
25,-260,-72,-10,19,-8
26,-261,-73,-9,21,-8
27,-258,-71,-9,22,-8
23,-256,-73,-9,23,-9
27,-257,-72,-8,23,-9
25,-258,-73,-10,22,-8
28,-258,-74,-14,22,-6
24,-260,-70,-15,20,-6
27,-261,-72,-21,19,-9
27,-259,-70,-20,18,-8
24,-258,-72,-24,16,-9
26,-257,-73,-25,16,-8
26,-260,-73,-25,17,-8
26,-258,-69,-25,19,-7
23,-261,-69,-23,23,-8
26,-260,-79,-23,23,-8
26,-260,-76,-24,26,-6
24,-261,-72,-24,28,-6
25,-257,-74,-25,29,-6
21,-264,-76,-23,31,-5
25,-260,-73,-23,34,-6
25,-261,-71,-26,36,-6
29,-262,-74,-25,36,-6
29,-261,-72,-27,38,-6
26,-262,-70,-23,40,-5
26,-259,-70,-20,43,-6
24,-259,-72,-18,45,-6
25,-256,-71,-17,46,-7
26,-262,-73,-16,46,-7
26,-259,-70,-14,45,-6

