-.-.-
12,-257,-74,-79,31,-13
13,-259,-74,-86,30,-11
13,-260,-72,-92,31,-11
9,-260,-70,-93,32,-8
9,-259,-76,-85,31,-8
11,-259,-75,-79,30,-6
12,-261,-72,-76,30,-4
13,-263,-75,-76,28,-2
11,-262,-76,-75,30,-1
13,-262,-76,-74,33,1
14,-262,-76,-71,36,3
13,-263,-74,-69,39,3
13,-263,-74,-70,42,4
12,-262,-70,-73,45,5
11,-263,-70,-71,46,6
12,-261,-77,-67,49,5
11,-260,-73,-62,50,6
11,-262,-73,-55,50,7
11,-258,-74,-53,50,8
8,-260,-75,-49,50,10
10,-260,-75,-51,55,10
9,-261,-73,-53,61,8
10,-260,-70,-49,66,10
9,-263,-73,-42,71,9
8,-262,-78,-36,75,8
7,-260,-70,-30,76,7
4,-260,-75,-27,74,6
11,-261,-74,-27,70,4
11,-257,-73,-27,66,5
11,-257,-74,-30,63,5
11,-256,-75,-34,61,5
11,-257,-78,-42,63,3
8,-257,-76,-46,68,2
11,-256,-76,-50,72,2
12,-259,-75,-51,73,2
9,-264,-74,-48,69,4
14,-259,-74,-44,63,4
7,-257,-72,-40,59,5
7,-257,-72,-37,56,7
13,-258,-80,-37,53,9
10,-257,-73,-40,52,8
13,-259,-78,-50,52,8
12,-259,-71,-58,55,8
10,-259,-72,-61,60,4
13,-261,-75,-61,65,3
12,-260,-77,-55,67,3
8,-257,-74,-52,68,0
10,-257,-77,-49,67,1
9,-260,-78,-48,63,-1
9,-257,-77,-50,57,-1
12,-262,-77,-53,52,-2
7,-255,-72,-63,45,-6
8,-258,-74,-54,46,-2
10,-256,-72,-54,43,-5
9,-259,-76,-60,42,-4
10,-260,-75,-64,42,-7
8,-260,-77,-62,44,-9
10,-261,-76,-57,45,-10
6,-259,-76,-53,45,-9
6,-260,-76,-51,45,-10
9,-258,-73,-51,39,-6
9,-257,-77,-52,34,-4
6,-258,-77,-55,26,-3
7,-259,-72,-63,19,-2
11,-260,-71,-68,13,0
12,-260,-74,-69,9,0
10,-263,-75,-65,10,-1
10,-261,-75,-54,13,-2
6,-265,-73,-45,15,-3
9,-263,-78,-33,19,-3
9,-261,-76,-26,18,-4
7,-262,-81,-22,16,-4
9,-258,-78,-25,16,0
11,-258,-76,-33,15,0
11,-256,-77,-43,14,-1
11,-257,-76,-51,11,-1
11,-259,-77,-60,10,-3
12,-265,-75,-60,10,-4
10,-259,-74,-54,13,-4
11,-261,-72,-45,12,-5
11,-256,-76,-39,10,-5
12,-256,-73,-36,11,-1
11,-257,-77,-34,10,0
11,-257,-72,-35,14,0
12,-256,-77,-38,17,0
9,-257,-79,-42,20,-1
10,-257,-74,-45,21,-2
11,-259,-75,-47,21,-1
9,-258,-76,-48,21,1
9,-258,-73,-49,19,2
6,-257,-78,-50,17,4
7,-257,-77,-52,15,3
10,-258,-77,-54,16,4
7,-259,-77,-57,17,2
10,-260,-77,-59,18,0
10,-260,-75,-59,19,-1
6,-261,-73,-58,17,-1
6,-260,-72,-56,15,-1
8,-260,-73,-51,12,0
7,-257,-76,-46,11,-1
5,-256,-75,-41,10,-1
9,-258,-75,-41,10,-1
7,-256,-72,-47,9,2
7,-256,-78,-55,11,2
7,-257,-78,-63,10,3
7,-260,-75,-67,10,2
8,-262,-75,-70,7,5
8,-262,-74,-64,4,4
8,-260,-73,-57,-2,4
7,-260,-77,-50,-6,4
8,-261,-76,-42,-10,1
7,-259,-75,-39,-10,-1
10,-258,-78,-39,-9,-2
8,-259,-79,-41,-8,-5
12,-256,-74,-46,-9,-6
12,-258,-74,-52,-8,-7
8,-260,-70,-55,-9,-5
10,-259,-78,-55,-9,-4
11,-259,-73,-57,-10,-4
9,-261,-73,-52,-9,-5
7,-257,-74,-48,-7,-3
10,-259,-76,-51,-4,-3
11,-258,-75,-53,-2,-3
9,-259,-75,-54,0,-2
11,-259,-76,-57,3,-4
10,-259,-75,-57,5,-5
10,-259,-73,-55,3,-7
13,-260,-73,-50,1,-7
8,-257,-72,-44,-4,-7
10,-258,-76,-41,-7,-7
13,-260,-75,-44,-10,-10
9,-257,-76,-47,-12,-9
8,-259,-74,-51,-14,-9
11,-258,-74,-54,-12,-9
15,-251,-90,-56,-10,-6
9,-258,-74,-56,-8,-5
12,-259,-75,-55,-6,-4
10,-259,-78,-57,-5,-6
9,-261,-74,-62,-2,-7
9,-259,-75,-63,-2,-8
9,-258,-74,-62,-4,-7
8,-262,-77,-57,-9,-7
7,-258,-76,-54,-13,-8
11,-260,-77,-53,-18,-6
11,-259,-73,-55,-21,-8
8,-256,-87,-57,-22,-7
12,-261,-75,-54,-21,-9
7,-261,-72,-51,-20,-8
8,-259,-77,-44,-19,-6
9,-259,-77,-38,-19,-5
12,-261,-79,-35,-14,-4
10,-261,-76,-34,-11,-5
10,-257,-80,-38,-8,-6
10,-259,-77,-41,-6,-6
8,-260,-77,-44,-3,-6
8,-257,-76,-44,-4,-7
10,-260,-73,-44,-5,-8
9,-261,-73,-44,-8,-7
12,-256,-70,-42,-7,-7
13,-259,-80,-41,-5,-7
10,-258,-74,-43,-2,-7
12,-258,-77,-44,3,-6
11,-261,-74,-44,6,-2
12,-258,-72,-44,8,-2
11,-261,-77,-45,6,-2
6,-259,-74,-43,4,-3
9,-261,-74,-35,3,0
9,-257,-76,-30,3,-2
6,-258,-80,-28,4,-3
7,-260,-72,-27,6,-6
11,-258,-76,-23,7,-7
6,-254,-76,-21,10,-8
10,-261,-75,-17,14,-11
11,-257,-77,-13,17,-10
9,-257,-82,-14,19,-13
13,-257,-78,-20,21,-12
9,-256,-79,-28,21,-10
13,-258,-79,-40,22,-9
11,-257,-79,-50,20,-7
9,-260,-76,-55,18,-7
11,-260,-75,-53,16,-6
10,-259,-75,-46,15,-4
9,-262,-75,-36,13,-2
8,-262,-74,-28,14,-1
9,-257,-75,-24,14,-1
13,-261,-78,-25,17,-1
4,-256,-77,-31,18,-5
9,-257,-76,-26,19,0
9,-257,-73,-24,17,0
9,-257,-76,-32,14,1
8,-258,-79,-43,11,-1
8,-258,-74,-46,6,1
5,-258,-79,-45,6,0
6,-259,-79,-42,5,2
5,-258,-78,-39,7,2
11,-262,-78,-36,9,2
12,-262,-75,-35,12,0
11,-261,-75,-33,16,0
9,-260,-73,-33,18,-5
7,-257,-73,-32,19,-7
10,-258,-74,-31,18,-10
8,-260,-79,-32,16,-11
7,-256,-76,-35,15,-11
9,-258,-77,-36,13,-11
7,-259,-78,-39,11,-10
8,-258,-75,-40,8,-7
8,-257,-74,-39,5,-6
10,-256,-76,-40,2,-6
7,-258,-77,-41,2,-3
9,-256,-76,-43,2,-2
8,-256,-71,-44,2,-1
10,-258,-75,-46,2,-2
8,-259,-77,-44,4,-1
7,-259,-74,-40,4,-1
11,-260,-76,-37,4,-2
11,-259,-75,-30,3,-2
10,-259,-75,-30,5,0
9,-258,-76,-30,5,-2
8,-257,-80,-29,7,-4
13,-259,-73,-29,6,-5
10,-259,-77,-27,6,-6
9,-259,-77,-26,5,-5
6,-257,-75,-23,6,-5
8,-258,-78,-23,8,-4
11,-259,-76,-22,7,-4
9,-260,-78,-23,5,-4
10,-258,-78,-25,4,-3
10,-259,-74,-29,1,-3
8,-261,-76,-28,-1,-4
10,-260,-77,-30,-2,-4
8,-259,-73,-32,-1,-4
9,-262,-76,-33,0,-2
9,-259,-71,-34,0,-3
9,-263,-72,-32,-1,-4
12,-263,-73,-29,0,-4
9,-262,-74,-24,-2,-4
11,-258,-75,-22,-3,-2
10,-261,-77,-21,-2,-4
5,-257,-73,-18,-1,-4
12,-262,-74,-17,-2,-3
7,-259,-74,-18,-5,-3
6,-258,-73,-19,-7,-4
9,-256,-75,-23,-6,-3
9,-258,-72,-24,-4,-5
13,-258,-71,-26,-4,-5
11,-262,-72,-24,-2,-7
8,-258,-68,-20,-3,-8
11,-259,-73,-19,-2,-10
10,-261,-73,-19,-1,-10
8,-259,-71,-20,3,-9
11,-260,-74,-21,5,-10
6,-260,-73,-21,6,-10
14,-259,-71,-18,8,-8
7,-261,-71,-13,8,-8
9,-263,-75,-9,5,-11
11,-261,-71,-8,6,-13
8,-260,-75,-8,4,-16
9,-261,-71,-12,2,-17
10,-259,-76,-15,3,-18
14,-261,-71,-15,4,-19
9,-262,-69,-15,6,-18
9,-261,-72,-12,7,-16
9,-261,-70,-9,9,-14
6,-260,-74,-9,9,-11
9,-259,-71,-10,9,-8
8,-261,-70,-10,7,-3
7,-258,-68,-11,5,-1
9,-261,-69,-12,6,1
10,-262,-70,-12,5,2
10,-260,-71,-11,3,1
9,-262,-73,-9,1,-1
7,-259,-68,-9,4,-3
14,-260,-71,-6,9,-4
9,-262,-69,-2,14,-6
10,-259,-77,3,18,-10
14,-262,-78,5,22,-9
11,-260,-75,4,26,-13
11,-258,-76,-1,29,-13
11,-258,-72,-10,29,-13
9,-256,-71,-19,31,-13
12,-259,-67,-28,33,-11
9,-261,-67,-30,34,-12
7,-258,-69,-27,34,-9
10,-256,-69,-26,32,-8
8,-258,-69,-27,31,-7
9,-257,-70,-27,30,-8
12,-259,-67,-28,32,-6
11,-257,-71,-27,33,-5
12,-259,-73,-28,32,-3
10,-256,-74,-30,35,-3
12,-260,-69,-31,32,-2
8,-257,-73,-31,30,1
6,-259,-69,-32,26,3
11,-259,-69,-33,24,3
10,-258,-74,-36,24,6
6,-260,-76,-39,22,5
10,-263,-74,-42,22,5
9,-259,-74,-43,23,5
8,-259,-72,-45,26,3
9,-260,-71,-46,30,2
10,-261,-71,-47,35,-1
8,-257,-73,-48,40,-1
9,-259,-73,-49,43,-1
10,-262,-73,-48,44,-3
8,-260,-71,-45,42,-3
7,-261,-75,-43,40,-3
8,-258,-73,-42,38,-2
9,-258,-71,-41,35,-2
4,-255,-78,-42,31,-2
9,-259,-71,-44,28,-1
10,-260,-71,-43,25,-1
8,-258,-78,-40,23,1
11,-258,-74,-39,23,1
10,-261,-75,-39,25,0
9,-258,-74,-38,31,-1
10,-263,-75,-38,33,-1
10,-261,-72,-38,37,-4
11,-259,-74,-39,36,-5
12,-261,-70,-38,36,-4
1,-261,-68,-36,33,-3
9,-263,-76,-36,30,-3
10,-260,-76,-34,27,-3
6,-260,-76,-30,23,0
9,-258,-74,-27,18,2
7,-261,-74,-21,14,4
10,-264,-74,-17,10,7
8,-257,-74,-13,9,8
8,-259,-75,-11,8,11
7,-257,-74,-11,9,11
8,-258,-77,-14,9,12
13,-258,-82,-15,8,12
8,-256,-71,-19,10,11
6,-255,-73,-20,9,12
6,-258,-73,-24,6,12
9,-261,-72,-29,2,11
5,-257,-73,-29,-2,12
9,-262,-77,-22,-2,14
11,-262,-70,-21,-4,10
10,-265,-74,-29,-2,4
12,-264,-69,-34,5,-1
9,-265,-72,-29,12,-3
14,-264,-76,-19,19,-5
10,-263,-77,-11,27,-5
10,-263,-76,-3,32,-5
8,-264,-73,4,38,-4
11,-258,-70,9,38,-5
11,-258,-73,13,38,-3
12,-257,-72,15,36,-1
11,-259,-73,12,32,0
9,-257,-68,6,30,1
8,-256,-70,3,28,6
7,-256,-68,-2,29,7
12,-258,-72,-6,29,9
13,-257,-71,-6,31,10
10,-261,-71,-6,35,10
9,-259,-69,-2,39,11
9,-260,-73,0,42,11
9,-258,-74,2,46,10
8,-259,-71,0,47,9
7,-260,-68,-1,47,5
8,-257,-68,0,46,1
7,-260,-67,-2,43,-1
8,-258,-67,-4,41,-3
6,-262,-70,-4,38,-6
8,-260,-69,-4,37,-6
6,-263,-67,-9,36,-7
8,-262,-72,-10,37,-6
7,-258,-65,-13,37,-4
8,-258,-71,-16,37,-4
5,-257,-69,-19,38,-5
9,-260,-68,-18,38,-6
6,-257,-70,-19,39,-6
6,-259,-69,-19,40,-5
4,-258,-66,-17,39,-5
7,-258,-71,-12,38,-4
4,-259,-73,-7,38,-6
6,-258,-73,-5,37,-7
6,-256,-71,-7,36,-6
9,-256,-73,-12,34,-7
6,-258,-73,-20,32,-8
6,-257,-68,-30,31,-9
10,-258,-72,-40,29,-13
4,-257,-69,-45,28,-12
9,-259,-67,-44,27,-12
7,-259,-69,-40,26,-13
7,-258,-71,-35,25,-11
9,-262,-68,-28,23,-9
11,-261,-68,-26,22,-8
8,-258,-69,-28,21,-7
8,-258,-68,-30,22,-5
6,-259,-68,-34,21,-5
6,-259,-66,-36,22,-2
6,-259,-69,-35,21,-1
7,-260,-70,-35,19,0
5,-260,-67,-31,17,1
6,-261,-68,-30,14,0
3,-259,-67,-31,10,0
7,-264,-69,-32,6,2
8,-261,-69,-32,1,3
6,-262,-69,-30,-1,4
6,-263,-66,-28,-3,3
6,-259,-67,-26,-2,2
7,-260,-70,-27,0,4
6,-260,-70,-27,2,2
4,-258,-68,-30,3,2
9,-260,-67,-31,5,1
7,-258,-67,-30,8,2
9,-259,-65,-32,10,2
8,-256,-67,-35,11,3
6,-256,-68,-38,9,3
8,-258,-68,-43,7,2
7,-258,-67,-46,7,3
3,-256,-71,-49,4,5
5,-257,-65,-52,2,5
7,-258,-69,-55,-1,4
6,-257,-70,-54,1,4
7,-259,-69,-53,3,3
11,-258,-70,-52,5,3
9,-258,-74,-49,7,3
5,-259,-72,-48,10,1
5,-259,-76,-48,12,2
10,-257,-75,-50,13,2
7,-260,-73,-54,12,2
7,-258,-67,-57,8,2
6,-259,-74,-57,3,2
8,-261,-69,-56,0,2
5,-262,-72,-53,-4,4
7,-260,-74,-52,-8,5
8,-261,-73,-47,-11,7
5,-258,-71,-47,-13,8
5,-257,-71,-45,-15,10
4,-258,-74,-46,-18,9
7,-260,-69,-50,-18,9
6,-261,-69,-49,-17,7
8,-258,-72,-50,-15,8
9,-261,-73,-47,-12,8
6,-258,-71,-45,-8,8
5,-258,-71,-42,-4,8
7,-260,-68,-42,-3,10
7,-259,-74,-41,0,13
7,-260,-71,-42,0,13
6,-263,-72,-45,0,13
5,-262,-69,-43,-2,12
5,-258,-71,-45,-6,12
6,-257,-71,-42,-7,14
7,-258,-76,-42,-6,17
9,-262,-73,-41,0,15
10,-257,-74,-44,7,15
9,-256,-77,-47,13,15
11,-256,-78,-54,17,15
9,-255,-77,-62,20,12
8,-256,-79,-72,24,12
8,-255,-74,-82,27,10
8,-256,-74,-93,28,10
13,-256,-76,-102,29,10
8,-253,-75,-103,31,11
10,-256,-76,-100,33,9
12,-264,-78,-98,35,11
6,-256,-70,-99,34,8
5,-258,-77,-81,34,14
7,-256,-76,-68,29,12
6,-257,-76,-58,23,16
8,-259,-79,-57,20,15
6,-259,-77,-58,18,16
5,-263,-75,-67,15,11
3,-255,-72,-65,15,17
3,-257,-76,-54,16,20
5,-257,-77,-50,17,21
7,-260,-78,-55,18,18
3,-260,-83,-55,21,14
8,-260,-80,-45,27,9
6,-259,-81,-35,35,6
7,-259,-78,-24,41,2
9,-259,-82,-18,44,-4
9,-259,-79,-13,48,-9
6,-257,-76,-9,51,-14
4,-258,-72,-4,57,-21
8,-256,-73,0,64,-27
10,-257,-68,4,67,-37
9,-258,-67,11,69,-47
8,-257,-69,16,72,-53
11,-256,-70,14,76,-58
17,-266,-70,7,79,-61
11,-255,-67,-1,79,-64
9,-256,-65,-9,81,-65
8,-258,-67,-12,80,-66
5,-256,-68,-16,77,-65
8,-260,-67,-19,74,-64
7,-257,-65,-19,71,-62
8,-261,-66,-15,67,-61
9,-258,-72,-12,60,-62
7,-261,-69,-11,53,-63
9,-260,-69,-8,48,-65
14,-262,-71,-8,46,-65
9,-259,-69,-6,44,-64
5,-257,-66,-4,42,-62
6,-258,-68,-5,42,-61
5,-257,-69,-8,43,-57
10,-259,-70,-11,44,-52
2,-256,-69,-16,41,-49
5,-258,-73,-20,40,-45
7,-257,-70,-25,39,-43
8,-256,-69,-27,41,-39
6,-261,-71,-28,46,-40
11,-259,-82,-26,51,-37
10,-259,-67,-24,56,-38
8,-257,-66,-23,59,-38
9,-258,-69,-24,58,-39
11,-258,-71,-22,59,-41
5,-255,-70,-23,55,-42
10,-256,-69,-18,53,-44
8,-255,-70,-11,48,-47
8,-254,-71,-8,40,-46
10,-254,-68,-2,31,-47
6,-251,-65,2,22,-47
11,-251,-68,4,14,-46
10,-252,-68,7,9,-42
10,-252,-64,7,7,-40
12,-254,-66,2,8,-41
12,-254,-68,-3,13,-41
10,-253,-67,-11,17,-42
9,-254,-70,-22,19,-43
10,-255,-72,-31,22,-45
8,-253,-72,-41,25,-42
8,-254,-72,-50,27,-40
8,-252,-75,-58,27,-40
6,-250,-74,-63,27,-33
8,-248,-79,-68,25,-24
13,-245,-78,-71,22,-19
11,-243,-79,-74,21,-23
15,-243,-84,-79,19,-27
12,-244,-80,-91,21,-34
12,-247,-78,-105,23,-37
18,-249,-82,-116,29,-36
13,-252,-75,-122,36,-36
16,-253,-68,-126,42,-37
13,-255,-64,-126,47,-37
11,-256,-60,-118,48,-39
9,-255,-62,-103,44,-39
9,-258,-62,-85,39,-38
16,-257,-63,-68,35,-38
12,-256,-63,-53,39,-39
11,-252,-63,-45,44,-35
12,-253,-67,-46,49,-27
14,-254,-68,-53,53,-20
15,-250,-75,-62,58,-17
15,-250,-72,-72,63,-12
13,-246,-74,-81,67,-7
13,-247,-74,-94,67,-5
11,-245,-75,-108,58,-2
11,-246,-75,-128,41,5
10,-249,-72,-150,22,10
14,-248,-71,-166,12,8
16,-249,-71,-171,3,5
15,-249,-75,-172,0,6
16,-246,-74,-173,2,4
15,-245,-71,-173,13,-1
13,-249,-69,-171,24,2
16,-254,-63,-168,39,11
20,-252,-62,-164,59,16
24,-254,-62,-161,77,22
22,-256,-61,-159,94,28
24,-260,-58,-170,105,31
20,-264,-60,-184,110,33
17,-271,-59,-203,113,32
12,-275,-62,-222,109,30
9,-279,-64,-233,99,32
10,-277,-67,-231,87,36
11,-275,-76,-217,74,46
15,-271,-76,-194,67,54
13,-268,-77,-175,67,60
15,-264,-77,-157,67,59
14,-262,-76,-146,67,55
6,-260,-77,-142,66,50
12,-261,-69,-140,64,42
7,-263,-65,-136,65,30
11,-264,-63,-126,66,18
9,-266,-68,-103,69,8
9,-266,-64,-82,71,-4
10,-266,-66,-62,73,-11
9,-258,-67,-43,70,-21
9,-258,-69,-31,68,-28
13,-257,-73,-30,65,-36
11,-256,-71,-42,64,-42
11,-258,-77,-62,71,-46
13,-259,-75,-83,80,-50
14,-260,-72,-94,90,-53
14,-260,-70,-91,99,-52
14,-265,-71,-77,105,-52
12,-262,-74,-63,108,-49
14,-260,-73,-49,108,-49
13,-255,-74,-38,108,-47
14,-252,-79,-30,107,-49
14,-254,-78,-26,102,-50
13,-250,-76,-25,95,-52
9,-253,-78,-26,88,-55
11,-250,-73,-30,81,-62
11,-256,-72,-29,77,-68
14,-258,-67,-22,77,-79
14,-263,-69,-3,77,-87
12,-264,-66,21,76,-97
14,-269,-67,59,71,-101
12,-271,-66,93,68,-103
11,-278,-70,120,67,-104
9,-277,-68,143,66,-97
13,-277,-72,165,67,-86
10,-270,-66,193,72,-78
10,-264,-71,216,86,-67
11,-256,-74,228,100,-57
17,-259,-73,229,118,-36
20,-254,-70,220,136,-28
22,-255,-76,215,155,-26
22,-257,-72,208,177,-31
22,-263,-74,195,193,-31
23,-261,-75,180,201,-33
19,-266,-75,169,198,-34
13,-265,-72,164,185,-26
14,-262,-65,171,165,-7
17,-265,-67,187,147,12
8,-262,-65,202,130,-4
8,-260,-59,218,107,-6
9,-266,-55,239,78,-5
10,-261,-60,259,48,-21
13,-263,-62,273,15,-19
17,-272,-64,272,-13,-17
13,-267,-68,260,-32,-24
16,-276,-63,248,-43,-19
10,-267,-67,232,-44,-28
13,-266,-67,222,-42,-25
11,-264,-67,217,-30,-18
9,-263,-68,217,-12,-15
13,-257,-64,220,8,-16
17,-258,-65,224,29,-10
13,-258,-67,219,56,-11
16,-256,-62,209,75,-21
19,-253,-63,201,84,-30
22,-252,-62,193,89,-39
27,-254,-63,187,93,-41
21,-250,-63,179,100,-56
21,-252,-63,176,98,-65
19,-250,-60,176,91,-69
16,-255,-63,183,72,-66
13,-255,-59,187,47,-70
17,-255,-59,194,14,-61
17,-255,-62,195,-11,-40
12,-255,-63,180,-23,-25
15,-255,-68,154,-24,-11
13,-257,-63,128,-19,-18
6,-261,-65,106,-11,-19
6,-262,-61,87,-5,-29
11,-263,-61,73,-9,-32
14,-268,-59,65,-4,-27
8,-269,-62,61,12,-22
17,-268,-55,61,26,-21
20,-272,-57,59,40,-6
22,-270,-56,62,59,-5
17,-264,-52,69,62,-4
16,-263,-58,80,62,-3
16,-255,-57,89,56,-3
16,-254,-63,96,45,1
18,-254,-63,93,32,11
17,-243,-63,73,15,17
15,-248,-68,51,-4,32
9,-242,-72,21,-15,27
7,-240,-66,-19,-32,25
4,-240,-65,-60,-43,25
2,-249,-55,-96,-53,22
11,-247,-56,-121,-65,18
9,-250,-49,-132,-72,11
11,-255,-43,-131,-74,-8
12,-255,-49,-121,-85,-30
6,-256,-46,-102,-100,-48
9,-255,-46,-79,-110,-62
17,-255,-47,-44,-113,-74
28,-248,-59,-15,-111,-82
39,-244,-69,-2,-107,-88
25,-230,-69,-32,-105,-89
30,-234,-57,-72,-91,-49
36,-229,-60,-93,-57,6
29,-223,-56,-94,-14,42
27,-226,-61,-94,23,56
28,-226,-64,-116,42,53
32,-228,-65,-160,46,42
29,-223,-66,-223,48,37
27,-226,-69,-279,54,36
22,-223,-71,-318,60,34
31,-224,-72,-346,62,34
24,-229,-72,-365,68,30
25,-221,-80,-378,64,22
26,-236,-72,-382,65,6
22,-239,-68,-389,77,-13
15,-241,-63,-399,96,-29
18,-246,-56,-396,113,-45
18,-248,-55,-384,119,-57
16,-253,-50,-367,122,-56
14,-256,-46,-357,122,-52
21,-261,-44,-351,114,-52
19,-262,-47,-342,100,-56
20,-262,-47,-331,88,-70
22,-258,-46,-323,75,-79
24,-260,-46,-319,59,-83
24,-259,-52,-320,41,-88
15,-265,-55,-325,28,-86
22,-258,-50,-327,10,-88
21,-261,-57,-320,-15,-86
16,-257,-56,-320,-22,-89
15,-256,-57,-328,-16,-92
5,-252,-55,-332,-4,-92
7,-252,-52,-332,6,-83
7,-244,-51,-333,13,-75
10,-243,-55,-329,21,-68
13,-247,-59,-323,27,-68
11,-243,-62,-323,30,-69
17,-246,-66,-329,27,-71
17,-247,-64,-347,18,-77
22,-252,-66,-369,3,-88
22,-252,-63,-385,-17,-100
24,-252,-61,-385,-39,-110
30,-252,-58,-369,-63,-117
33,-254,-64,-348,-93,-124
35,-257,-66,-333,-124,-135
32,-260,-67,-331,-157,-143
27,-262,-74,-341,-192,-142
24,-268,-78,-356,-223,-140
28,-268,-76,-377,-251,-130
21,-267,-75,-386,-275,-117
22,-265,-72,-386,-296,-98
23,-266,-75,-379,-315,-74
26,-263,-80,-371,-327,-50
32,-259,-75,-360,-332,-29
31,-256,-75,-353,-324,-16
33,-255,-70,-348,-305,-6
34,-256,-68,-342,-282,-5
29,-252,-70,-336,-266,-8
29,-255,-69,-334,-255,-15
30,-255,-77,-333,-246,-21
36,-263,-71,-339,-233,-31
34,-261,-74,-342,-209,-45
32,-257,-76,-339,-178,-57
33,-255,-80,-337,-142,-69
35,-251,-79,-332,-105,-77
31,-244,-83,-327,-63,-83
29,-240,-79,-321,-21,-84
28,-241,-72,-318,17,-78
27,-241,-71,-319,44,-70
27,-242,-72,-320,62,-54
23,-238,-75,-319,70,-42
22,-239,-81,-323,73,-31
21,-237,-79,-329,79,-19
23,-238,-79,-332,87,-8
21,-240,-78,-336,93,0
19,-243,-74,-335,95,4
19,-244,-75,-335,88,7
20,-248,-78,-334,76,9
19,-252,-78,-335,64,12
18,-255,-80,-331,54,13
14,-251,-81,-326,45,16
11,-250,-80,-316,37,17
9,-250,-80,-303,32,23
5,-253,-80,-289,29,30
6,-250,-84,-273,25,36
6,-253,-84,-258,20,45
2,-252,-85,-242,20,51
0,-247,-84,-223,18,58
-4,-247,-87,-200,16,65
-9,-244,-87,-188,15,74
-9,-244,-86,-181,14,85
-9,-246,-86,-176,5,93
-12,-246,-82,-172,-7,101
-6,-250,-79,-162,-15,112
-3,-255,-76,-148,-19,123
-1,-260,-83,-131,-14,133
2,-270,-78,-111,-4,144
9,-272,-80,-86,4,159
4,-274,-85,-59,10,168
8,-277,-90,-34,19,172
8,-275,-91,-10,21,169
7,-279,-91,10,14,163
3,-272,-94,33,-4,157
9,-273,-100,55,-31,151
10,-268,-95,66,-62,142
13,-266,-103,69,-95,129
11,-257,-105,65,-123,111
10,-261,-105,50,-145,95
10,-258,-105,24,-163,82
13,-259,-101,-11,-175,66
13,-264,-102,-47,-182,47
15,-264,-99,-78,-178,29
14,-270,-98,-91,-164,12
13,-269,-98,-87,-144,0
13,-266,-99,-71,-118,-10
7,-257,-99,-52,-89,-15
7,-255,-99,-31,-58,-18
12,-256,-103,-11,-26,-20
14,-251,-103,2,11,-23
18,-254,-102,6,46,-23
15,-250,-102,-3,70,-26
14,-250,-98,-15,81,-28
11,-248,-97,-28,77,-28
10,-244,-93,-42,59,-24
9,-246,-93,-54,33,-19
11,-252,-88,-71,8,-13
6,-253,-87,-88,-15,-10
6,-256,-89,-106,-39,-7
8,-259,-88,-120,-62,-3
8,-259,-96,-136,-81,2
13,-262,-93,-150,-89,11
14,-257,-94,-159,-86,24
13,-257,-88,-166,-76,32
14,-256,-91,-169,-66,38
16,-247,-94,-171,-66,42
14,-245,-92,-172,-65,42
14,-238,-94,-170,-61,42
14,-233,-89,-164,-62,37
11,-232,-98,-160,-68,30
7,-229,-101,-162,-78,26
10,-232,-97,-172,-89,35
14,-233,-98,-186,-102,40
6,-230,-101,-198,-110,42
5,-235,-99,-199,-122,53
7,-243,-94,-196,-146,64
11,-245,-97,-197,-174,72
8,-250,-100,-199,-198,63
7,-253,-101,-199,-209,59
3,-250,-93,-198,-209,58
13,-257,-93,-192,-206,55
16,-259,-100,-185,-198,45
15,-259,-98,-182,-184,36
14,-255,-96,-178,-174,38
19,-260,-98,-177,-171,39
20,-260,-99,-183,-173,32
23,-264,-106,-196,-169,24
28,-267,-108,-219,-157,7
28,-264,-105,-240,-137,-17
25,-261,-103,-253,-109,-34
23,-260,-103,-257,-74,-38
23,-259,-102,-258,-43,-40
21,-261,-105,-258,-13,-32
27,-263,-106,-258,22,-15
29,-268,-105,-261,59,-4
24,-267,-106,-261,98,3
29,-269,-103,-256,137,6
27,-271,-107,-250,167,3
30,-268,-105,-241,191,-5
26,-270,-105,-229,207,-8
27,-267,-103,-214,213,-6
29,-268,-104,-197,212,-14
21,-264,-103,-182,209,-26
20,-264,-105,-170,206,-34
20,-266,-106,-159,198,-39
19,-269,-103,-156,186,-42
13,-263,-102,-158,170,-49
16,-265,-99,-157,155,-58
17,-264,-101,-153,146,-67
21,-263,-97,-141,146,-78
21,-264,-98,-123,150,-88
17,-262,-102,-103,152,-91
23,-261,-100,-88,149,-91
20,-256,-101,-82,143,-90
27,-255,-106,-82,136,-93
17,-257,-108,-85,131,-104
13,-255,-111,-96,116,-111
21,-256,-100,-108,98,-117
13,-256,-106,-117,87,-116
13,-257,-107,-125,92,-114
7,-261,-103,-139,92,-104
5,-257,-105,-149,84,-83
6,-258,-104,-145,68,-64
2,-254,-102,-129,51,-49
6,-247,-107,-116,33,-37
1,-243,-105,-110,11,-25
8,-242,-101,-115,-22,-15
13,-238,-102,-126,-58,-9
18,-245,-104,-142,-91,-6
19,-252,-96,-159,-124,-2
19,-255,-95,-172,-144,4
15,-259,-93,-173,-162,15
20,-267,-88,-151,-176,33
24,-271,-89,-115,-188,35
22,-265,-93,-74,-186,18
17,-263,-93,-33,-175,2
18,-256,-101,3,-164,-8
18,-251,-104,32,-151,-14
20,-252,-106,47,-137,-18
23,-250,-116,55,-129,-20
23,-251,-101,51,-122,-23
21,-255,-108,42,-114,-25
18,-256,-112,30,-101,-27
20,-258,-103,18,-85,-29
17,-256,-104,6,-59,-30
19,-255,-106,-1,-27,-33
19,-252,-103,-7,2,-33
20,-250,-104,-6,24,-31
20,-253,-103,3,39,-27
20,-257,-102,19,57,-29
18,-263,-104,37,74,-36
14,-273,-100,69,85,-33
7,-274,-99,110,91,-35
3,-277,-97,160,91,-36
0,-280,-99,212,85,-36
-2,-279,-98,256,71,-33
-2,-280,-99,282,47,-27
-2,-274,-104,304,21,-20
1,-268,-105,326,-13,-12
5,-263,-101,353,-47,-5
3,-258,-105,377,-81,-3
4,-255,-104,391,-110,-1
4,-253,-98,400,-128,1
3,-250,-95,409,-141,-1
2,-256,-97,413,-147,-15
0,-255,-91,414,-138,-37
3,-255,-98,420,-127,-47
6,-259,-97,416,-114,-54
4,-257,-92,414,-117,-53
1,-255,-94,414,-134,-45
11,-265,-102,412,-156,-29
13,-271,-109,397,-166,-26
11,-272,-106,379,-166,-24
8,-268,-105,366,-157,-28
14,-269,-110,359,-144,-35
15,-265,-109,349,-117,-43
14,-265,-106,334,-89,-55
16,-262,-108,310,-59,-66
16,-260,-105,289,-21,-69
25,-265,-112,280,10,-59
17,-266,-105,269,53,-67
11,-266,-103,265,92,-78
14,-266,-99,272,113,-82
13,-267,-98,271,116,-79
12,-268,-94,264,100,-76
12,-271,-96,259,75,-69
12,-269,-98,262,51,-63
12,-269,-97,266,34,-49
-6,-256,-83,264,22,-40
17,-275,-99,276,-12,-6
12,-277,-92,268,-15,-22
10,-272,-88,271,-23,-48
14,-268,-92,287,-34,-61
8,-264,-88,306,-28,-68
12,-268,-93,324,-27,-67
18,-270,-92,339,-29,-69
18,-266,-89,357,-37,-69
19,-266,-85,363,-49,-74
14,-259,-83,363,-66,-74
17,-259,-87,376,-83,-71
16,-256,-88,384,-92,-72
-38,-229,-38,385,-100,-80
35,-272,-101,408,-140,-39
16,-263,-89,386,-127,-83
9,-264,-83,376,-120,-103
9,-263,-79,370,-126,-111
9,-267,-79,371,-140,-112
12,-269,-75,372,-154,-113
10,-270,-81,372,-170,-117
11,-278,-67,366,-198,-114
16,-290,-70,367,-236,-108
21,-293,-72,387,-272,-103
17,-289,-72,424,-301,-100
21,-293,-77,470,-316,-98
24,-291,-79,504,-316,-99
20,-288,-74,525,-302,-107
24,-287,-74,551,-276,-126
23,-283,-76,560,-258,-131
29,-285,-74,564,-233,-131
27,-288,-75,558,-208,-132
28,-283,-77,543,-187,-129
26,-283,-69,529,-165,-120
21,-281,-76,514,-143,-111
24,-284,-74,500,-124,-101
25,-285,-75,493,-112,-94
29,-290,-71,488,-105,-93
25,-287,-67,481,-96,-91
26,-287,-64,480,-81,-86
27,-284,-64,472,-65,-80
32,-278,-65,462,-47,-75
30,-274,-61,442,-27,-74
-36,-218,-14,420,-6,-69
54,-292,-79,430,-35,-10
23,-282,-64,385,9,-46
29,-284,-61,365,26,-49
27,-283,-57,354,26,-49
26,-282,-58,344,24,-48
29,-280,-61,341,27,-44
28,-282,-60,337,35,-44
25,-283,-55,338,44,-46
27,-280,-53,341,55,-45
22,-276,-54,342,65,-48
21,-274,-55,337,74,-48
17,-272,-49,331,73,-43
20,-271,-50,318,67,-38
22,-265,-50,306,64,-34
22,-266,-49,301,64,-33
25,-271,-46,298,63,-32
31,-272,-43,295,58,-34
26,-273,-41,300,52,-37
29,-268,-42,310,47,-41
26,-265,-41,318,49,-45
26,-265,-48,321,54,-48
24,-262,-54,328,67,-52
24,-262,-52,334,77,-56
25,-261,-54,340,91,-57
21,-262,-54,350,107,-59
21,-259,-54,363,118,-60
22,-259,-47,371,126,-59
25,-258,-44,381,129,-61
20,-255,-43,390,126,-63
18,-256,-45,395,118,-66
21,-255,-44,400,106,-73
20,-251,-39,403,92,-81
19,-250,-40,402,73,-93
17,-250,-38,399,48,-107
19,-252,-33,399,20,-120
20,-250,-33,402,-8,-128
19,-254,-33,415,-36,-136
14,-249,-34,437,-59,-138
22,-252,-34,458,-79,-143
18,-248,-38,477,-87,-150
18,-248,-40,487,-92,-160
20,-249,-39,497,-98,-168
23,-254,-34,508,-97,-174
18,-251,-29,523,-91,-179
18,-253,-29,550,-75,-185
23,-253,-32,579,-55,-187
20,-256,-29,609,-29,-184
19,-259,-24,635,-10,-179
24,-265,-21,661,2,-176
27,-274,-18,694,9,-174
28,-276,-18,733,14,-173
32,-281,-15,768,27,-173
35,-291,-23,794,43,-171
43,-310,-6,805,64,-164
44,-326,-1,814,88,-152
47,-346,0,827,108,-138
53,-361,5,845,130,-120
50,-362,-6,863,158,-95
56,-371,7,877,193,-65
50,-359,0,872,226,-30
45,-341,-4,846,249,10
40,-319,-5,810,263,52
37,-296,-6,782,267,100
40,-279,1,765,256,145
43,-256,-1,764,230,181
46,-233,-6,765,191,203
48,-217,-13,751,159,213
35,-201,-13,706,147,210
46,-201,-7,638,157,196
46,-214,5,564,176,171
46,-222,15,501,196,139
45,-234,20,460,210,108
46,-242,20,435,219,80
41,-244,25,422,231,54
46,-248,31,415,247,32
45,-245,28,407,261,16
49,-250,34,397,275,8
46,-245,34,390,290,7
43,-240,24,388,302,11
48,-253,36,391,313,17
50,-254,38,400,323,26
44,-255,45,411,331,34
40,-249,48,429,338,41
34,-252,57,447,343,45
34,-253,52,466,343,51
31,-248,51,482,346,57
24,-247,47,497,352,61
20,-244,50,509,355,68
19,-247,50,521,349,73
11,-245,51,524,337,81
7,-241,51,526,319,95
3,-240,53,522,297,112
9,-240,54,515,275,127
7,-240,54,507,252,143
7,-237,52,502,233,154
9,-241,57,493,219,161
8,-242,52,486,207,167
11,-247,57,485,198,166
12,-246,53,484,185,166
12,-243,53,483,174,161
14,-245,55,478,169,159
14,-244,54,476,172,154
18,-245,54,475,186,152
16,-245,51,475,206,149
15,-246,54,473,227,146
16,-245,50,466,241,144
17,-248,54,450,252,140
13,-245,52,430,258,133
10,-251,54,411,264,122
12,-251,57,399,266,109
4,-245,53,394,265,95
6,-246,54,398,259,81
1,-245,56,404,246,73
3,-241,50,408,225,68
2,-239,51,410,203,65
0,-236,49,410,180,62
1,-231,46,402,157,60
2,-228,46,386,134,57
6,-231,45,367,118,55
4,-223,50,342,108,54
5,-228,51,312,102,52
7,-228,57,282,97,47
4,-230,57,256,94,39
8,-233,54,230,91,34
6,-234,51,208,94,24
6,-238,55,190,99,14
5,-240,56,174,109,5
5,-239,56,159,116,-5
3,-244,52,143,119,-13
4,-242,56,129,116,-14
5,-243,58,119,109,-8
5,-245,57,108,101,-4
5,-245,56,99,93,0
3,-244,56,93,86,1
7,-244,56,87,84,-2
6,-246,60,85,86,-7
2,-244,58,84,91,-14
4,-244,53,84,100,-26
7,-247,55,84,112,-36
4,-244,49,83,122,-47
6,-244,57,83,132,-55
4,-242,56,86,139,-63
4,-245,54,90,143,-69
6,-243,52,91,144,-73
5,-243,55,89,141,-74
6,-241,52,87,137,-75
1,-240,49,81,129,-78
4,-241,53,72,124,-78
6,-240,54,65,117,-80
5,-241,53,58,108,-81
5,-243,56,50,103,-81
9,-246,50,46,98,-81
13,-247,54,42,98,-82
13,-250,53,43,101,-84
11,-247,54,47,105,-87
14,-246,53,53,105,-87
14,-245,52,60,105,-87
12,-248,55,66,103,-86
16,-246,52,73,103,-85
16,-245,53,75,107,-86
15,-243,54,75,113,-88
13,-243,52,75,121,-88
15,-243,54,70,133,-92
16,-240,55,60,142,-91
15,-242,60,48,147,-93
14,-244,59,40,148,-92
16,-237,59,35,147,-87
17,-236,59,29,147,-85
16,-237,58,22,144,-84
19,-237,56,16,140,-82
17,-238,59,6,134,-83
17,-239,58,-2,127,-84
14,-240,62,-9,117,-85
16,-241,60,-13,108,-86
15,-240,62,-9,99,-84
19,-237,61,-7,88,-83
17,-240,60,-5,75,-79
18,-242,56,-5,67,-76
21,-240,58,-7,60,-72
19,-241,61,-9,56,-70
21,-243,60,-12,53,-67
20,-241,60,-12,50,-65
19,-240,60,-12,47,-63
18,-243,59,-10,44,-58
16,-243,58,-11,43,-51
18,-242,60,-12,45,-47
16,-243,58,-16,47,-42
16,-242,59,-25,46,-41
17,-243,62,-39,45,-42
17,-244,58,-48,46,-39
15,-245,60,-52,48,-35
15,-246,58,-49,50,-35
13,-244,60,-43,54,-33
10,-243,54,-38,52,-29
11,-244,53,-32,49,-25
12,-245,53,-31,46,-24
15,-242,56,-36,42,-23
12,-239,53,-41,38,-24
13,-241,56,-46,32,-24
12,-243,53,-47,27,-22
15,-241,52,-52,22,-21
14,-238,55,-60,17,-18
14,-240,57,-71,13,-12
13,-244,57,-80,10,-3
8,-243,60,-87,10,4
10,-246,56,-95,8,11
14,-242,58,-103,6,16
15,-246,59,-106,7,22
18,-243,61,-101,11,23
17,-244,58,-93,14,22
18,-244,56,-89,13,16
13,-242,58,-88,8,14
14,-242,53,-88,1,9
12,-243,56,-90,-6,5
17,-245,49,-96,-11,5
15,-243,54,-97,-14,2
16,-240,55,-102,-13,2
19,-239,51,-105,-11,0
16,-239,54,-112,-6,-1
17,-239,53,-119,0,-2
21,-244,54,-125,3,-7
17,-236,53,-125,6,-11
18,-240,52,-124,7,-12
17,-240,50,-122,9,-13
17,-241,54,-122,12,-15
18,-239,51,-123,15,-16
19,-241,54,-127,15,-16
19,-242,50,-129,18,-14
19,-246,52,-126,17,-13
20,-245,51,-120,18,-11
19,-241,53,-113,15,-7
7,-239,45,-108,15,-3
14,-246,54,-105,15,0
17,-243,56,-105,14,1
18,-242,55,-104,12,1
23,-248,59,-108,5,-1
19,-242,53,-110,0,-2
17,-243,53,-109,-2,-5
19,-244,56,-111,-2,-10
19,-243,50,-111,-2,-15
21,-244,53,-116,-2,-16
19,-245,52,-121,3,-20
28,-240,46,-125,9,-21
22,-247,53,-127,13,-22
19,-242,50,-127,18,-22
17,-242,51,-127,23,-22
17,-237,55,-126,21,-21
14,-240,51,-126,19,-21
18,-242,53,-122,15,-18
21,-244,55,-117,13,-18
13,-244,54,-114,13,-17
18,-243,60,-111,14,-17
17,-248,55,-110,16,-16
26,-242,65,-112,16,-16
19,-246,60,-115,17,-15
20,-247,53,-115,18,-17
16,-244,55,-113,17,-16
15,-243,54,-111,20,-16
17,-245,56,-107,22,-15
20,-245,56,-102,25,-17
17,-245,54,-93,27,-15
14,-244,50,-91,32,-13
13,-246,54,-85,35,-12
17,-246,52,-81,36,-10
14,-246,48,-74,37,-9
13,-244,50,-66,36,-10
17,-244,54,-57,34,-9
16,-242,50,-52,31,-10
16,-242,51,-50,28,-13
16,-241,52,-49,25,-21
12,-241,56,-52,22,-20
10,-244,53,-51,19,-17
16,-248,51,-52,20,-14
18,-246,50,-49,21,-15
16,-244,52,-43,25,-16
16,-244,52,-43,29,-21
19,-244,52,-40,30,-23
17,-243,50,-35,28,-31
15,-245,50,-27,24,-32
16,-247,51,-28,24,-29
14,-249,49,-24,25,-29
14,-245,48,-16,23,-31
15,-249,46,-13,22,-29
18,-246,50,-10,21,-26
16,-243,49,-8,20,-27
17,-237,48,-7,18,-29
18,-239,47,-11,17,-37
24,-241,48,-16,13,-39
19,-238,50,-17,15,-43
21,-242,52,-21,17,-46
19,-240,53,-25,16,-52
11,-244,49,-29,11,-58
11,-251,54,-36,14,-49
11,-249,50,-39,12,-45
18,-250,51,-35,12,-38
17,-248,50,-27,15,-38
15,-252,50,-22,19,-33
20,-246,50,-23,18,-27
22,-248,50,-24,16,-27
30,-239,53,-24,15,-31
31,-224,49,-8,16,-60
23,-232,46,1,45,-90
15,-241,45,-31,71,-91
11,-247,48,-64,65,-84
18,-257,46,-77,48,-71
23,-257,53,-74,42,-51
21,-252,53,-58,40,-42
23,-250,55,-43,37,-37
20,-246,55,-37,35,-34
17,-240,50,-34,34,-33
16,-241,52,-40,39,-32
16,-244,52,-50,45,-28
24,-239,56,-55,55,-29
24,-237,56,-45,67,-40
19,-239,47,-41,92,-51
19,-244,50,-48,107,-55
19,-246,53,-60,106,-50
17,-251,51,-72,93,-37
20,-252,52,-75,75,-23
23,-253,48,-67,57,-12
21,-247,51,-53,38,-3
18,-243,52,-36,22,2
21,-242,47,-26,12,5
22,-245,47,-18,10,5
17,-242,48,-19,11,5
19,-246,49,-25,13,6
18,-244,51,-34,18,5
24,-247,57,-43,25,5
21,-241,50,-47,29,4
20,-242,55,-50,30,2
21,-242,53,-50,26,0
19,-240,52,-55,20,0
21,-242,49,-61,14,1
22,-243,53,-70,8,-1
20,-243,53,-76,7,-2
19,-243,51,-77,6,-1
17,-241,52,-80,5,-4
18,-243,52,-83,5,-5
15,-245,53,-83,2,-5
17,-245,54,-85,2,-8
16,-246,49,-85,5,-9
14,-245,46,-84,8,-11
19,-249,52,-80,12,-15
15,-248,49,-79,15,-16
19,-246,49,-78,18,-16
16,-246,52,-77,20,-14
18,-245,45,-75,22,-17
16,-248,46,-76,22,-16
14,-247,50,-72,22,-15
17,-249,45,-68,21,-15
13,-245,50,-64,19,-14
16,-246,53,-59,14,-13
15,-244,50,-56,12,-11
13,-244,51,-57,10,-11
14,-247,47,-58,7,-11
17,-246,47,-60,6,-8
16,-245,50,-63,6,-8
18,-248,46,-63,6,-9
18,-247,50,-65,6,-11
19,-245,49,-66,6,-12
18,-245,45,-67,5,-11
19,-245,48,-68,3,-12
18,-244,51,-66,4,-11
18,-243,50,-63,6,-13
16,-241,49,-60,9,-13
18,-244,51,-54,10,-15
13,-244,50,-54,10,-15
17,-244,50,-53,11,-16
21,-246,52,-50,12,-19
17,-246,48,-51,14,-20
17,-243,55,-53,13,-19
15,-244,51,-56,15,-17
19,-245,52,-56,18,-15
22,-244,52,-57,19,-13
19,-246,51,-55,18,-11
18,-243,48,-53,17,-9
21,-245,50,-54,16,-7
18,-242,52,-53,12,-8
19,-245,50,-53,9,-6
22,-245,54,-55,3,-6
21,-244,51,-58,-1,-8
18,-245,54,-59,-6,-10
19,-243,47,-61,-6,-11
20,-247,50,-60,-6,-12
25,-248,51,-55,-3,-9
21,-247,48,-51,-1,-7
22,-246,51,-46,2,-5
20,-245,51,-40,7,-5
20,-246,50,-34,10,-5
20,-243,50,-30,13,-6
22,-242,47,-28,16,-6
19,-240,45,-28,18,-7
22,-241,53,-33,17,-8
22,-242,52,-38,17,-9
20,-244,53,-45,17,-9
20,-246,50,-48,16,-11
20,-247,51,-49,17,-12
16,-246,51,-46,18,-13
19,-247,55,-44,16,-9
18,-249,54,-37,15,-7
17,-250,52,-32,15,-6
14,-248,48,-26,12,-3
16,-246,48,-19,12,-1
19,-244,45,-16,10,2
19,-243,48,-18,9,2
30,-244,45,-26,8,0
21,-243,46,-33,8,-1
20,-247,48,-40,7,-2
22,-239,49,-41,6,-4
17,-245,49,-40,5,-7
20,-249,51,-37,4,-7
20,-246,49,-33,3,-7
18,-244,52,-33,4,-8
19,-247,48,-30,5,-9
20,-243,51,-30,3,-9
20,-245,53,-32,2,-9
23,-249,67,-32,1,-8
22,-241,52,-33,2,-7
19,-241,49,-35,2,-8
18,-242,55,-37,4,-9
19,-243,51,-39,7,-11
19,-245,49,-41,12,-11
20,-244,52,-43,18,-12
18,-247,51,-46,19,-12
20,-244,53,-48,19,-10
18,-245,47,-47,20,-8
19,-246,50,-46,19,-7
12,-247,52,-43,16,-5
17,-245,52,-40,17,-5
19,-240,47,-35,15,-6
20,-245,51,-28,14,-7
17,-247,48,-24,13,-7
16,-243,53,-20,14,-8
18,-244,52,-17,11,-9
17,-243,51,-17,10,-8
20,-243,52,-16,10,-10
17,-243,51,-17,8,-8
19,-245,46,-19,10,-7
18,-246,43,-20,9,-6
18,-246,56,-20,9,-6
23,-246,47,-18,9,-5
21,-243,49,-16,8,-4
18,-245,51,-18,11,-4
17,-241,50,-21,15,-6
19,-242,52,-24,20,-8
21,-243,54,-29,23,-10
22,-247,52,-32,28,-11
21,-245,55,-36,32,-13
19,-242,56,-36,33,-14
19,-243,51,-37,31,-16
22,-247,51,-33,31,-19
24,-248,46,-34,31,-19
26,-248,44,-31,33,-21
22,-247,46,-33,34,-22
22,-246,54,-34,37,-25
19,-247,46,-34,38,-27
20,-247,50,-32,39,-26
19,-248,48,-32,40,-26
17,-245,48,-31,39,-24
18,-244,47,-27,37,-21
18,-245,49,-28,34,-20
17,-245,47,-29,31,-20
16,-245,47,-31,30,-17
19,-242,47,-36,30,-14
17,-243,51,-41,27,-13
19,-244,50,-46,23,-10
22,-244,53,-47,21,-8
18,-244,53,-50,16,-6
18,-242,52,-52,13,-4
20,-244,49,-55,11,-5
16,-245,52,-57,9,-6
19,-242,51,-58,8,-6
18,-246,50,-60,10,-5
27,-247,49,-59,11,-5
22,-247,55,-59,14,-8
21,-242,51,-58,15,-8
21,-244,46,-56,17,-10
22,-244,52,-55,19,-9
21,-243,52,-55,21,-12
20,-242,54,-54,18,-13
19,-243,46,-53,15,-14
17,-241,53,-52,14,-15
19,-243,51,-52,14,-15
19,-245,56,-55,13,-15
21,-244,55,-56,14,-15
19,-245,50,-56,15,-14
20,-244,52,-55,17,-14
19,-246,52,-54,18,-14
19,-243,47,-52,20,-15
19,-245,49,-51,19,-14
18,-241,55,-50,18,-12
20,-243,51,-49,15,-11
21,-241,52,-51,14,-11
17,-244,52,-52,14,-9
18,-244,53,-52,14,-9
20,-246,51,-51,15,-6
21,-245,52,-50,16,-7
20,-245,52,-49,16,-6
21,-247,52,-48,17,-6
20,-245,48,-53,14,-6
22,-244,52,-54,13,-6
19,-245,50,-55,12,-7
22,-246,51,-54,10,-7
20,-243,52,-53,9,-7
19,-241,51,-48,9,-5
20,-243,51,-46,13,-4
17,-246,50,-44,14,-4
19,-241,51,-43,16,-7
21,-245,49,-42,18,-6
22,-247,49,-42,17,-7
21,-244,44,-46,17,-7
20,-245,51,-51,17,-8
19,-244,47,-56,14,-8
19,-245,51,-57,14,-9
21,-249,48,-55,14,-8
23,-249,50,-50,13,-7
21,-248,53,-46,14,-7
21,-248,51,-43,15,-4
20,-250,51,-36,16,-2
22,-247,51,-30,15,-2
22,-247,52,-24,16,-1
21,-246,45,-17,16,1
18,-241,47,-16,14,1
23,-241,46,-18,13,1
20,-244,48,-27,11,1
18,-244,45,-36,10,0
20,-245,46,-41,10,-2
20,-242,52,-42,8,-2
21,-244,54,-41,5,-2
21,-245,53,-38,4,-4
20,-247,51,-34,4,-3
22,-247,50,-27,6,-5
20,-243,53,-25,6,-5
22,-244,51,-24,7,-5
21,-245,54,-25,10,-5
19,-244,54,-27,15,-4
23,-244,50,-30,17,-6
21,-241,50,-35,20,-5
21,-244,49,-38,19,-5
19,-245,49,-39,19,-3
20,-243,51,-38,18,-3
22,-244,51,-41,16,-3
19,-244,51,-41,13,-3
19,-242,54,-43,13,-2
21,-246,50,-46,13,-3
23,-245,51,-48,12,-3
20,-244,52,-47,12,-3
20,-245,50,-46,13,-3
19,-243,50,-46,12,-4
18,-242,51,-46,13,-2
22,-243,49,-46,16,-3
22,-243,50,-44,14,-3
20,-245,51,-43,13,-3
20,-243,52,-42,12,-4
18,-243,50,-39,10,-3
23,-248,51,-38,12,-4
20,-243,51,-37,14,-2
21,-246,51,-37,14,-3
23,-245,52,-40,14,-3
21,-243,49,-42,15,-2
20,-241,55,-40,15,-2
19,-242,52,-40,15,-2
23,-243,50,-41,17,-3
19,-242,53,-41,17,-4
21,-245,52,-46,17,-5
22,-242,53,-48,16,-5
20,-246,53,-48,16,-7
21,-244,51,-49,17,-5
22,-246,50,-48,19,-6
21,-243,48,-48,17,-5
19,-245,52,-45,17,-5
23,-246,53,-41,20,-5
20,-245,49,-38,20,-4
19,-244,51,-35,22,-4
18,-241,51,-33,23,-4
19,-246,52,-37,23,-2
17,-240,48,-40,21,-2
20,-245,51,-41,21,-4
22,-245,52,-42,19,-4
20,-245,54,-41,18,-5
23,-245,51,-40,15,-7
19,-244,52,-41,15,-6
23,-246,53,-43,14,-5
20,-243,52,-46,13,-6
20,-244,47,-48,13,-7
23,-244,52,-50,14,-6
20,-238,55,-53,14,-7
20,-243,51,-56,15,-6
21,-241,50,-59,16,-4
19,-242,50,-58,16,-5
14,-248,51,-59,17,-6
19,-244,55,-59,18,-5
19,-244,50,-58,17,-5
18,-243,51,-56,17,-6
19,-243,49,-52,16,-6
18,-241,50,-50,13,-6
20,-243,50,-48,12,-6
21,-246,50,-49,14,-4
20,-245,49,-46,14,-4
21,-247,55,-46,14,-4
22,-241,50,-45,14,-6
13,-250,60,-46,15,-6
22,-243,49,-47,15,-6
19,-243,50,-47,13,-8
20,-245,48,-49,15,-6
21,-242,51,-48,15,-6
21,-243,47,-49,17,-8
18,-242,52,-47,16,-9
16,-242,52,-47,15,-9
18,-244,50,-45,13,-9
18,-241,53,-45,12,-6
19,-247,46,-42,10,-6
24,-249,57,-45,8,-6
20,-244,48,-47,8,-5
23,-244,47,-47,6,-4
21,-245,49,-44,8,-7
21,-249,50,-46,8,-6
25,-246,49,-47,12,-6
20,-244,51,-49,16,-6
22,-242,49,-52,19,-4
22,-245,49,-53,20,-3
20,-244,49,-54,21,-5
20,-243,52,-52,23,-6
21,-244,51,-51,20,-7
18,-242,52,-47,17,-7
21,-247,47,-43,14,-7
19,-243,48,-43,10,-7
20,-249,50,-42,9,-4
21,-246,51,-41,7,-4
21,-245,52,-42,7,-6
21,-244,48,-43,7,-5
21,-246,50,-42,8,-4
20,-247,52,-41,10,-5
22,-244,49,-39,12,-6
21,-243,51,-41,13,-5
21,-243,52,-43,16,-6
20,-241,51,-42,17,-5
22,-242,54,-43,18,-4
19,-245,51,-44,16,-6
21,-246,52,-41,13,-5
24,-244,50,-40,12,-5
19,-245,51,-41,11,-4
24,-242,50,-41,11,-3
18,-244,49,-41,11,-3
18,-244,54,-43,10,-1
20,-246,48,-44,11,-1
22,-246,51,-45,13,-1
21,-242,49,-46,14,-4
23,-243,53,-45,14,-2
22,-247,55,-43,14,-3
23,-246,48,-40,15,-4
23,-240,49,-40,16,-4
18,-242,45,-39,17,-6
23,-241,52,-40,17,-6
19,-241,52,-40,17,-6
19,-243,47,-43,18,-6
18,-244,50,-42,18,-5
18,-248,52,-44,20,-7
19,-244,51,-47,19,-7
19,-244,50,-49,21,-5
15,-242,49,-53,21,-5
19,-243,49,-56,22,-5
21,-245,50,-55,19,-4
19,-242,51,-54,17,-4
20,-247,48,-49,15,-4
23,-243,52,-48,14,-2
19,-239,50,-47,15,-3
21,-246,47,-48,16,-4
21,-245,51,-49,16,-5
18,-245,52,-52,15,-6
21,-250,51,-56,14,-7
21,-244,53,-60,15,-7
22,-247,58,-61,14,-7
19,-246,50,-59,17,-6
20,-246,53,-53,19,-7
18,-246,55,-49,20,-8
21,-244,52,-44,23,-7
18,-245,53,-36,25,-6
20,-249,49,-29,28,-7
21,-247,49,-21,30,-5
19,-244,47,-19,29,-5
23,-243,44,-23,27,-5
18,-241,46,-32,24,-4
22,-243,48,-46,21,-3
22,-244,53,-53,19,-5
21,-246,50,-54,16,-4
23,-243,51,-52,14,-3
18,-247,51,-48,11,-3
19,-245,52,-45,11,-3
17,-245,54,-45,13,-5
20,-244,55,-42,13,-6
20,-243,51,-40,14,-7
18,-244,53,-40,14,-7
22,-244,55,-39,17,-7
19,-245,51,-40,17,-7
20,-244,51,-41,18,-6
18,-245,54,-42,19,-5
24,-244,52,-43,20,-5
22,-246,51,-45,21,-3
21,-242,51,-45,18,-2
23,-245,52,-43,15,0
19,-242,53,-43,14,1
21,-243,50,-44,14,1
19,-242,51,-41,11,1
22,-247,49,-43,9,1
21,-246,48,-40,8,3
17,-244,50,-39,8,3
21,-245,50,-38,10,3
20,-245,51,-38,12,2
20,-248,47,-39,13,1
21,-248,49,-42,12,2
17,-244,50,-44,13,2
21,-244,51,-46,10,3
21,-246,52,-51,6,2
18,-246,49,-52,4,1
18,-245,51,-54,3,0
19,-246,49,-60,0,-2
19,-246,52,-67,-2,-1
19,-246,53,-72,-5,-2
20,-244,54,-74,-7,-1
20,-245,51,-74,-10,-1
22,-246,49,-76,-9,-1
18,-244,49,-80,-7,-4
21,-246,49,-86,-2,-7
20,-246,51,-90,2,-8
21,-246,50,-92,6,-11
20,-245,50,-97,8,-12
20,-243,52,-104,9,-13
21,-243,49,-114,11,-13
22,-245,51,-125,13,-13
20,-248,50,-138,15,-13
22,-247,52,-150,17,-15
25,-248,47,-164,19,-16
23,-245,47,-175,16,-20
23,-246,50,-183,13,-24
22,-241,51,-188,7,-28
24,-245,50,-192,2,-32
22,-244,49,-198,-1,-34
21,-241,49,-204,1,-39
24,-245,48,-212,7,-44
18,-244,47,-219,15,-45
24,-245,49,-221,22,-47
18,-245,53,-221,27,-51
19,-244,48,-219,32,-50
21,-247,53,-216,36,-50
18,-246,48,-208,36,-49
19,-243,50,-200,35,-47
18,-246,48,-190,32,-43
21,-245,53,-179,29,-39
19,-243,47,-169,24,-36
18,-245,49,-163,22,-34
18,-247,51,-162,19,-33
17,-243,48,-157,18,-29
19,-245,53,-153,18,-27
20,-243,51,-148,18,-26
21,-246,49,-145,18,-25
20,-244,50,-140,17,-23
22,-243,50,-139,18,-21
25,-243,49,-139,21,-20
20,-243,47,-137,27,-18
22,-243,47,-135,32,-17
21,-243,50,-132,32,-15
24,-245,50,-129,33,-12
24,-245,46,-125,35,-11
20,-244,48,-125,36,-13
21,-246,46,-128,39,-14
21,-243,46,-131,41,-16
24,-242,48,-131,41,-17
24,-249,46,-130,42,-17
23,-246,47,-130,43,-17
19,-244,44,-127,41,-18
25,-249,46,-123,40,-18
22,-249,48,-123,39,-17
24,-246,48,-121,38,-15
21,-251,50,-120,36,-10
25,-251,48,-116,34,-7
20,-240,37,-115,36,-5
23,-249,46,-113,40,-3
22,-247,47,-111,44,-4
22,-246,46,-110,50,-6
23,-245,40,-111,58,-9
27,-248,46,-115,64,-10
24,-244,46,-118,71,-11
23,-244,42,-121,72,-12
23,-241,46,-128,74,-14
23,-240,43,-139,71,-14
26,-246,50,-154,68,-14
21,-242,44,-167,63,-16
21,-243,46,-177,58,-16
20,-243,42,-186,56,-16
16,-246,41,-192,51,-14
17,-248,39,-197,45,-10
19,-246,48,-202,41,-7
19,-247,39,-205,39,-4
21,-249,40,-207,40,-1
15,-249,43,-207,40,2
17,-252,40,-205,37,4
20,-251,47,-203,34,5
17,-253,43,-200,30,5
20,-252,41,-194,25,5
20,-253,44,-188,21,6
19,-254,36,-181,14,3
18,-250,43,-180,9,3
18,-252,38,-184,8,2
20,-253,35,-192,10,-1
15,-250,32,-198,9,-2
17,-249,32,-205,7,-3
18,-248,38,-213,5,-2
16,-244,35,-223,2,-1
18,-247,32,-236,-1,0
19,-248,34,-250,-3,0
18,-245,33,-263,-11,-2
16,-249,33,-274,-24,-3
17,-247,35,-285,-35,-5
15,-244,36,-301,-44,-6
13,-246,34,-312,-53,-6
12,-253,33,-322,-55,-8
10,-253,29,-328,-59,-8
11,-251,34,-325,-67,-6
11,-252,32,-320,-75,-5
16,-254,30,-313,-83,-3
10,-254,31,-307,-88,-3
14,-250,29,-307,-93,-3
13,-252,26,-311,-105,-1
18,-252,23,-318,-117,5
17,-254,27,-322,-131,9
25,-255,24,-325,-141,10
23,-255,27,-330,-150,12
23,-254,23,-339,-156,11
25,-255,27,-347,-162,9
30,-258,28,-358,-170,6
35,-257,25,-364,-177,3
33,-256,21,-372,-177,-1
36,-258,28,-382,-170,-6
33,-254,21,-390,-161,-10
34,-254,24,-399,-151,-14
35,-256,19,-406,-141,-18
33,-255,26,-406,-133,-24
32,-251,20,-402,-122,-29
33,-252,19,-395,-108,-33
31,-248,18,-392,-87,-42
36,-248,11,-400,-60,-50
34,-245,20,-406,-33,-59
35,-245,24,-408,-6,-69
35,-242,25,-412,24,-84
33,-242,21,-418,56,-94
37,-242,22,-435,85,-104
34,-246,20,-459,115,-111
35,-248,22,-485,141,-113
37,-254,22,-508,171,-114
35,-256,19,-524,202,-113
37,-258,20,-529,229,-111
32,-257,17,-532,248,-106
31,-255,12,-531,264,-100
34,-255,12,-524,282,-98
32,-251,8,-515,289,-98
29,-247,8,-511,293,-97
29,-244,2,-515,290,-97
29,-243,7,-527,279,-95
31,-245,7,-544,255,-97
29,-243,13,-565,233,-103
29,-248,12,-581,212,-110
31,-250,15,-591,195,-117
29,-256,15,-599,179,-127
33,-259,27,-602,162,-137
30,-261,30,-595,145,-150
24,-264,33,-579,126,-161
21,-267,34,-559,111,-161
16,-263,27,-541,103,-157
12,-262,22,-524,99,-148
5,-260,16,-512,96,-134
8,-253,14,-504,91,-115
7,-250,8,-503,82,-93
7,-248,0,-514,66,-73
11,-244,1,-529,45,-51
10,-244,-1,-547,17,-34
14,-242,-1,-564,-18,-20
15,-246,-3,-576,-59,-7
20,-248,-6,-585,-99,-1
21,-254,0,-593,-128,-1
24,-255,-2,-596,-149,-7
22,-255,0,-594,-156,-14
22,-257,0,-587,-157,-24
21,-254,1,-579,-148,-32
26,-261,5,-581,-128,-41
24,-262,4,-570,-104,-53
24,-259,7,-555,-85,-59
24,-259,6,-542,-71,-64
25,-256,5,-531,-66,-64
26,-256,6,-522,-67,-61
24,-255,5,-517,-73,-57
23,-253,6,-518,-85,-57
23,-252,6,-528,-104,-54
22,-249,9,-542,-134,-50
20,-247,4,-557,-171,-43
19,-238,0,-572,-204,-35
19,-239,-6,-599,-229,-32
10,-232,-9,-649,-238,-36
7,-238,-13,-703,-245,-45
7,-246,-5,-750,-255,-57
7,-251,-5,-783,-270,-65
4,-253,-8,-799,-289,-75
3,-253,-8,-805,-314,-81
11,-259,-5,-803,-346,-84
12,-260,-9,-797,-382,-87
19,-264,-7,-788,-410,-93
23,-267,-12,-775,-431,-97
26,-268,-10,-759,-452,-104
31,-270,-10,-739,-468,-105
33,-270,-12,-712,-488,-99
39,-271,-23,-683,-506,-88
44,-274,-16,-665,-519,-81
48,-270,-23,-656,-527,-76
48,-268,-27,-653,-533,-70
50,-272,-30,-645,-529,-65
46,-273,-25,-632,-521,-60
43,-274,-29,-608,-507,-54
39,-275,-22,-584,-486,-50
42,-277,-33,-559,-469,-43
38,-278,-32,-538,-454,-35
30,-272,-34,-519,-446,-26
35,-273,-44,-506,-448,-15
38,-270,-47,-500,-463,0
39,-270,-49,-499,-486,18
39,-271,-56,-503,-509,37
36,-275,-58,-512,-520,50
29,-280,-59,-517,-523,65
35,-277,-78,-503,-541,108
45,-301,-71,-501,-526,123
24,-289,-65,-513,-474,90
28,-289,-66,-506,-447,87
28,-285,-68,-503,-430,85
27,-287,-66,-508,-416,89
29,-288,-67,-516,-400,90
22,-289,-72,-523,-381,95
22,-291,-72,-529,-363,98
26,-293,-75,-530,-354,100
29,-296,-74,-534,-348,97
27,-299,-74,-533,-341,88
30,-299,-78,-526,-336,85
30,-298,-79,-519,-327,80
28,-302,-80,-514,-316,81
36,-304,-77,-500,-313,85
36,-311,-79,-490,-309,81
32,-307,-80,-477,-307,77
25,-295,-80,-447,-325,100
44,-326,-94,-433,-335,112
33,-317,-81,-438,-307,77
35,-318,-81,-433,-295,72
24,-326,-78,-426,-290,67
36,-322,-82,-424,-284,64
34,-320,-76,-424,-267,64
35,-319,-81,-435,-249,60
34,-314,-82,-446,-233,54
33,-311,-78,-466,-216,50
34,-308,-76,-489,-205,43
41,-314,-78,-521,-207,40
34,-310,-79,-558,-212,37
40,-314,-84,-597,-224,33
29,-317,-87,-629,-234,28
40,-310,-101,-650,-244,27
31,-318,-93,-665,-250,26
27,-320,-99,-680,-259,28
29,-319,-106,-700,-271,33
27,-323,-104,-720,-282,35
25,-327,-111,-732,-291,40
34,-324,-105,-733,-295,50
30,-321,-106,-724,-293,56
26,-319,-108,-717,-285,64
28,-319,-111,-713,-281,70
36,-324,-103,-705,-279,76
26,-319,-105,-690,-272,80
26,-319,-108,-672,-263,85
25,-312,-105,-652,-254,86
28,-309,-108,-639,-241,86
27,-311,-104,-630,-224,84
30,-310,-104,-628,-211,87
28,-309,-105,-626,-192,86
26,-305,-103,-622,-172,90
29,-306,-105,-611,-153,93
28,-302,-104,-599,-133,90
27,-297,-102,-588,-113,84
26,-296,-104,-579,-99,81
23,-285,-103,-572,-84,72
24,-284,-103,-576,-65,65
19,-279,-102,-582,-49,58
22,-284,-97,-586,-38,59
20,-286,-103,-581,-39,60
19,-285,-102,-573,-44,54
27,-284,-98,-555,-53,52
27,-279,-99,-524,-61,33
27,-277,-101,-487,-65,9
24,-270,-99,-454,-72,-11
26,-265,-102,-429,-78,-18
27,-263,-106,-405,-83,-27
23,-266,-107,-383,-88,-34
22,-264,-105,-365,-86,-32
15,-263,-106,-345,-78,-33
17,-266,-108,-329,-65,-31
12,-264,-114,-314,-44,-24
20,-262,-105,-303,-24,-9
18,-258,-107,-292,-4,-5
15,-254,-107,-282,13,3
19,-252,-107,-274,27,14
16,-251,-108,-273,40,16
22,-249,-102,-276,51,15
21,-250,-105,-276,61,7
15,-243,-106,-273,69,-2
18,-245,-104,-269,79,-3
16,-241,-100,-266,81,-3
13,-245,-103,-265,78,-4
16,-242,-106,-263,71,-1
19,-242,-106,-263,67,1
21,-242,-108,-264,75,-5
18,-241,-112,-265,89,-7
18,-236,-113,-276,106,-2
18,-238,-115,-286,118,3
21,-239,-117,-294,126,5
18,-241,-115,-303,135,6
21,-239,-118,-315,141,5
22,-245,-116,-330,144,5
14,-249,-118,-341,144,2
13,-249,-112,-349,148,5
15,-252,-116,-351,152,-1
14,-253,-110,-343,160,-14
17,-255,-109,-332,174,-26
15,-257,-110,-316,190,-36
14,-257,-102,-287,203,-45
10,-254,-105,-245,202,-53
11,-249,-109,-197,192,-51
9,-248,-104,-155,183,-39
14,-243,-112,-123,162,-38
10,-238,-111,-100,130,-49
11,-233,-113,-87,96,-60
13,-232,-117,-89,70,-69
17,-224,-113,-97,57,-73
20,-223,-114,-112,52,-77
18,-223,-113,-128,55,-82
17,-226,-114,-143,61,-80
11,-228,-117,-162,66,-70
14,-239,-112,-180,70,-48
4,-243,-116,-184,76,-23
-6,-254,-122,-186,92,14
17,-255,-118,-193,117,68
23,-251,-104,-188,165,70
30,-247,-105,-159,197,57
27,-244,-107,-121,219,38
27,-240,-105,-92,226,30
27,-236,-110,-76,221,24
26,-233,-111,-58,209,9
29,-225,-113,-38,203,-16
19,-221,-117,-21,199,-45
13,-223,-122,-26,196,-39
16,-230,-120,-53,192,-25
4,-233,-122,-82,183,-11
11,-247,-125,-123,162,35
14,-243,-123,-137,143,34
10,-248,-122,-130,117,20
14,-243,-114,-107,95,12
10,-245,-124,-73,79,-3
16,-245,-124,-55,68,15
25,-242,-118,-44,77,19
17,-245,-120,-34,96,8
31,-243,-117,-31,119,18
24,-238,-117,-17,146,2
29,-238,-124,-10,170,0
28,-234,-117,-5,197,-7
26,-241,-118,-12,223,-9
25,-241,-118,-31,250,3
24,-240,-118,-42,270,-4
24,-243,-121,-46,279,-8
27,-244,-118,-53,285,2
28,-250,-113,-56,286,15
28,-248,-113,-45,276,26
24,-245,-113,-18,262,40
19,-253,-118,-3,254,70
25,-249,-107,6,252,108
24,-240,-108,38,235,110
23,-246,-115,68,216,120
37,-243,-110,71,210,146
31,-235,-116,89,208,127
38,-238,-113,93,221,143
38,-228,-115,102,244,123
37,-235,-112,97,264,126
31,-235,-114,95,280,111
32,-236,-110,86,291,116
28,-238,-114,85,293,111
22,-235,-110,82,288,114
20,-237,-115,83,269,111
23,-241,-117,80,247,116
20,-238,-114,77,222,120
17,-234,-118,75,201,128
20,-233,-119,77,185,132
15,-230,-122,84,170,134
14,-229,-117,88,154,131
16,-228,-119,80,130,130
18,-232,-117,61,101,123
21,-231,-118,32,73,111
26,-239,-114,4,46,86
25,-239,-114,-10,20,49
26,-241,-114,-15,-1,19
27,-243,-116,-13,-5,-9
24,-246,-119,-1,2,-21
30,-240,-120,24,20,-27
29,-241,-118,43,48,-24
20,-238,-120,65,71,-28
21,-234,-117,76,82,-27
24,-233,-117,69,85,-17
23,-231,-111,58,79,-15
25,-231,-112,49,57,-19
27,-237,-107,29,40,-18
27,-239,-107,1,30,-18
29,-243,-104,-25,18,-23
36,-247,-100,-38,11,-28
37,-250,-104,-37,12,-42
40,-255,-101,-29,23,-66
35,-251,-106,-4,47,-78
37,-247,-112,33,85,-76
39,-248,-115,65,131,-60
37,-244,-115,77,170,-53
36,-242,-118,84,198,-54
34,-239,-118,89,221,-50
30,-242,-118,93,232,-41
28,-242,-121,97,233,-26
27,-246,-117,111,225,-13
26,-242,-117,131,209,-8
27,-249,-117,146,197,3
31,-249,-120,146,186,11
23,-246,-114,148,179,7
27,-247,-119,141,183,18
23,-248,-108,133,198,28
24,-247,-114,137,208,29
26,-251,-114,140,224,39
25,-257,-97,131,235,45
22,-250,-108,129,233,34
19,-251,-105,127,221,21
20,-254,-108,120,205,11
17,-254,-102,114,182,3
18,-253,-100,112,162,1
18,-255,-99,110,144,3
18,-258,-97,107,129,7
17,-258,-97,102,114,11
21,-260,-100,96,101,16
22,-266,-97,102,94,15
20,-271,-91,116,97,14
28,-264,-110,136,113,12
25,-259,-113,160,137,14
29,-257,-116,180,164,16
26,-254,-115,188,189,30
25,-242,-112,189,206,40
21,-235,-114,201,202,26
21,-233,-112,200,190,13
23,-233,-114,178,171,3
28,-242,-110,140,158,6
27,-240,-102,91,155,29
24,-235,-100,71,140,16
28,-253,-105,59,129,12
30,-253,-101,40,139,28
28,-251,-104,46,139,12
29,-258,-105,43,152,25
18,-255,-101,42,159,29
20,-257,-107,53,144,10
24,-266,-100,40,140,35
18,-266,-101,23,139,52
13,-262,-96,35,115,37
22,-278,-101,57,96,34
20,-276,-93,58,88,73
17,-266,-95,90,70,62
19,-263,-94,141,53,47
25,-265,-102,192,37,41
34,-267,-100,206,33,60
24,-255,-100,212,31,51
18,-248,-102,229,14,26
17,-246,-106,237,5,7
29,-255,-108,224,4,13
25,-253,-103,186,17,39
22,-247,-105,176,21,32
23,-246,-103,176,25,24
30,-250,-106,177,26,29
30,-252,-99,155,41,63
21,-246,-94,149,48,63
21,-244,-93,157,46,61
24,-243,-96,158,43,67
26,-242,-100,153,38,72
27,-243,-94,140,33,73
27,-242,-93,122,27,74
30,-247,-94,101,21,70
31,-248,-90,85,19,65
28,-252,-93,76,15,57
23,-254,-92,76,9,48
23,-250,-95,76,7,39
25,-251,-96,78,7,33
22,-250,-95,80,6,28
25,-253,-93,84,7,30
23,-249,-94,88,7,33
26,-248,-89,85,9,55
28,-242,-93,92,9,61
28,-238,-89,106,12,46
28,-235,-96,113,16,41
26,-231,-93,111,20,36
23,-230,-94,104,18,28
24,-229,-94,86,23,25
26,-233,-97,61,27,20
28,-233,-94,38,31,10
27,-234,-93,23,36,-4
21,-235,-84,12,43,-16
28,-240,-87,8,51,-24
27,-238,-88,6,59,-25
32,-241,-92,9,73,-23
32,-242,-92,10,92,-17
27,-246,-90,6,110,-12
28,-248,-88,-2,123,-1
24,-245,-88,-11,129,12
20,-251,-91,-14,129,26
19,-252,-90,-14,123,36
17,-257,-93,-14,113,46
18,-255,-88,-11,94,54
18,-256,-92,1,75,62
22,-256,-89,19,60,68
23,-251,-92,41,49,72
27,-249,-92,53,45,74
23,-245,-91,64,47,70
26,-243,-90,70,47,67
24,-239,-90,74,47,65
20,-235,-91,77,45,62
16,-237,-88,68,42,57
17,-240,-87,61,41,51
15,-245,-87,53,41,42
18,-249,-73,50,41,32
15,-252,-80,49,40,23
18,-253,-80,54,38,16
17,-252,-77,76,32,7
15,-248,-78,104,32,2
12,-246,-79,132,29,-1
12,-241,-83,155,27,-1
13,-240,-81,169,25,-6
14,-239,-86,175,23,-10
19,-238,-82,173,23,-14
14,-237,-87,167,23,-17
17,-240,-90,162,21,-18
16,-237,-86,155,18,-24
18,-241,-89,152,9,-26
21,-243,-88,145,-3,-26
23,-246,-85,139,-16,-26
23,-241,-90,134,-29,-30
30,-246,-85,136,-36,-35
27,-245,-79,144,-42,-51
31,-244,-78,156,-51,-81
27,-240,-78,177,-63,-109
18,-244,-79,190,-77,-122
16,-251,-77,188,-90,-119
18,-255,-78,178,-102,-108
17,-260,-78,177,-110,-114
15,-257,-75,190,-113,-118
12,-255,-77,214,-115,-118
8,-254,-76,246,-115,-109
16,-247,-78,274,-112,-106
21,-240,-73,303,-108,-119
26,-234,-74,322,-106,-132
29,-234,-77,325,-98,-147
28,-231,-83,304,-80,-154
28,-232,-85,265,-54,-146
28,-240,-82,220,-19,-117
31,-248,-82,171,17,-77
39,-244,-74,135,53,-46
37,-244,-73,120,86,-27
25,-252,-75,106,114,-1
22,-256,-74,91,122,26
14,-266,-70,86,106,42
14,-271,-70,106,78,54
17,-278,-74,148,44,73
27,-284,-70,185,17,102
34,-286,-70,205,6,126
38,-285,-64,216,12,141
38,-279,-62,222,28,147
35,-272,-64,237,43,141
31,-268,-70,257,58,133
30,-262,-69,270,76,130
30,-256,-67,276,95,123
29,-252,-68,275,111,114
25,-252,-75,260,124,104
18,-248,-76,234,132,96
11,-253,-77,199,129,93
5,-255,-75,159,125,103
2,-263,-68,121,123,118
-2,-265,-63,100,108,134
0,-269,-62,111,66,157
1,-273,-65,152,2,192
9,-267,-70,207,-62,225
16,-256,-75,254,-96,235
16,-248,-82,284,-98,225
15,-241,-89,288,-73,210
21,-238,-85,262,-34,197
22,-236,-83,225,3,169
22,-240,-82,192,30,134
18,-243,-81,163,52,108
15,-245,-72,136,69,89
12,-243,-68,126,79,78
20,-245,-65,128,81,74
19,-248,-65,132,77,67
21,-249,-64,135,68,56
16,-246,-63,136,58,48
23,-249,-65,139,49,43
22,-248,-69,139,43,39
19,-246,-69,130,37,33
23,-247,-73,119,34,33
23,-249,-73,103,34,31
18,-246,-71,89,34,30
15,-245,-69,78,29,25
15,-244,-72,65,19,16
12,-242,-72,54,10,1
23,-244,-71,46,2,-2
22,-246,-71,36,-2,-4
15,-242,-77,23,-4,-2
14,-247,-70,9,-10,-1
17,-252,-72,-5,-14,4
20,-256,-69,-16,-18,5
19,-256,-72,-22,-18,6
19,-250,-69,-25,-15,6
19,-259,-66,-26,-10,10
21,-259,-68,-21,-5,12
17,-257,-74,-16,0,12
18,-260,-68,-14,4,13
16,-256,-72,-17,7,11
22,-255,-68,-19,10,10
21,-255,-70,-18,19,10
23,-253,-69,-19,27,12
24,-254,-69,-25,25,11
29,-266,-61,-38,20,7
28,-257,-70,-54,18,0
24,-259,-70,-69,21,-3
25,-264,-69,-83,26,-3
22,-266,-73,-95,33,4
24,-266,-75,-104,37,15
32,-260,-66,-103,41,6
23,-261,-70,-86,47,-22
20,-259,-70,-77,41,-24
24,-267,-74,-78,21,-18
22,-261,-70,-94,12,-10
33,-257,-78,-107,20,-8
23,-260,-67,-112,30,-12
19,-259,-67,-108,37,-18
19,-262,-66,-101,41,-21
18,-259,-70,-99,40,-20
20,-257,-65,-104,39,-18
21,-255,-66,-108,39,-21
19,-256,-65,-114,41,-26
23,-259,-70,-120,46,-29
19,-259,-66,-132,48,-29
20,-258,-67,-144,49,-31
16,-251,-66,-149,44,-31
15,-264,-67,-152,41,-29
15,-263,-66,-151,36,-26
21,-265,-64,-150,29,-25
18,-262,-65,-146,21,-28
21,-261,-67,-143,17,-33
20,-258,-68,-146,17,-32
17,-256,-68,-158,20,-28
22,-257,-72,-170,24,-24
19,-258,-71,-181,30,-17
19,-260,-71,-187,36,-13
19,-262,-70,-191,44,-8
16,-262,-78,-189,51,-6
12,-259,-73,-187,58,-4
15,-260,-79,-174,56,-6
13,-264,-73,-166,45,-4
15,-260,-75,-166,36,2
15,-261,-66,-167,28,5
10,-259,-66,-167,21,4
12,-260,-63,-160,18,3
13,-262,-63,-148,16,4
9,-262,-63,-133,9,-1
18,-261,-65,-113,0,-6
16,-260,-66,-91,-9,-9
16,-258,-69,-84,-8,-7
19,-259,-70,-88,-4,-1
22,-258,-67,-100,-6,6
21,-258,-67,-112,-5,11
23,-258,-69,-121,2,18
27,-258,-65,-131,14,17
24,-259,-62,-136,23,11
20,-263,-67,-138,22,6
21,-264,-68,-139,10,9
21,-259,-70,-134,-5,16
20,-257,-70,-127,-7,21
18,-257,-68,-124,-2,18
17,-257,-71,-124,-3,17
16,-257,-68,-128,-8,19
15,-259,-70,-131,-12,22
14,-260,-68,-134,-13,24
13,-262,-67,-130,-14,22
12,-261,-66,-122,-20,24
13,-262,-66,-114,-26,24
14,-262,-66,-105,-30,20
14,-258,-70,-106,-35,16
12,-261,-71,-112,-40,11
11,-259,-68,-121,-48,3
14,-258,-71,-122,-57,0
19,-255,-74,-127,-64,2
16,-256,-75,-136,-64,2
15,-257,-75,-146,-57,-1
12,-255,-72,-156,-48,0
11,-253,-69,-158,-44,1
14,-255,-67,-155,-39,1
14,-255,-69,-153,-35,2
15,-255,-72,-150,-31,1
12,-251,-66,-152,-28,2
16,-254,-71,-155,-25,4
14,-255,-73,-160,-23,4
15,-258,-71,-169,-20,3
15,-259,-71,-174,-16,-1
13,-260,-71,-168,-14,2
17,-259,-72,-166,-14,3
15,-258,-73,-162,-13,2
19,-261,-74,-161,-6,2
18,-259,-73,-160,0,4
13,-261,-75,-165,3,5
16,-261,-74,-169,8,12
16,-260,-72,-164,12,12
14,-263,-71,-151,20,7
13,-257,-72,-143,25,3
16,-258,-69,-134,30,1
15,-260,-77,-135,38,0

