-.-.-
31,-225,91,59,11,-8
27,-229,99,61,13,-8
27,-227,98,60,13,-11
26,-224,91,58,15,-11
28,-226,98,55,15,-11
23,-220,91,53,17,-13
28,-226,93,52,21,-13
30,-229,98,51,21,-12
30,-229,95,49,19,-12
31,-227,96,48,16,-9
28,-227,95,48,15,-9
29,-228,96,48,12,-9
27,-225,92,49,11,-9
31,-229,94,51,10,-8
28,-230,92,51,9,-7
31,-226,99,55,10,-7
30,-225,102,57,11,-7
29,-229,92,57,13,-8
27,-229,90,56,14,-9
28,-227,92,55,15,-10
27,-230,89,54,15,-11
25,-226,92,52,15,-11
28,-227,96,51,14,-11
27,-225,94,50,16,-10
28,-226,92,48,16,-11
24,-227,91,47,16,-11
27,-225,86,46,15,-11
27,-227,94,44,14,-12
28,-225,95,44,13,-12
30,-229,94,45,11,-12
29,-230,94,48,10,-11
30,-226,92,49,9,-12
29,-227,92,49,10,-12
27,-228,99,48,11,-10
31,-231,96,46,12,-12
32,-230,96,47,11,-11
32,-232,93,46,12,-9
25,-228,96,47,10,-11
27,-225,97,49,8,-12
28,-225,98,48,8,-10
31,-226,95,49,8,-12
27,-226,95,51,9,-14
26,-224,92,51,10,-15
29,-227,95,52,10,-15
31,-229,96,51,9,-16
27,-224,95,53,8,-15
23,-224,91,51,6,-14
30,-225,95,50,7,-14
32,-233,95,50,7,-12
28,-229,95,47,7,-12
26,-225,93,48,9,-14
27,-227,94,47,10,-14
29,-229,98,45,10,-13
28,-227,98,46,12,-13
28,-228,92,47,11,-12
32,-229,95,46,13,-11
27,-225,96,47,13,-12
30,-226,91,49,13,-12
24,-224,87,50,13,-13
33,-235,92,51,13,-12
30,-231,91,53,12,-12
29,-229,90,56,10,-11
31,-227,92,59,7,-9
28,-226,91,63,7,-8
27,-228,95,65,9,-9
26,-227,93,65,10,-8
27,-226,96,63,12,-10
28,-229,95,60,11,-11
29,-226,97,60,11,-10
28,-226,92,60,12,-12
27,-230,93,60,12,-12
29,-227,97,59,13,-13
28,-229,92,57,14,-15
29,-230,95,57,16,-14
28,-229,95,56,17,-13
27,-225,91,56,17,-11
30,-227,95,57,17,-13
32,-225,97,58,16,-11
25,-223,93,59,15,-10
29,-225,91,58,15,-11
28,-223,93,57,14,-11
29,-226,101,57,16,-10
26,-228,95,54,15,-11
29,-224,94,52,15,-10
30,-227,95,50,16,-11
28,-226,90,50,14,-10
29,-226,96,50,12,-11
29,-229,92,51,11,-10
32,-228,96,51,12,-10
29,-227,91,52,12,-11
30,-227,98,54,11,-9
28,-226,94,53,11,-11
31,-231,108,54,10,-11
29,-228,94,54,12,-9
28,-228,97,54,12,-8
26,-227,93,57,13,-7
28,-227,96,58,14,-8
31,-228,93,61,16,-8
29,-227,95,62,16,-9
27,-226,93,63,18,-9
31,-228,96,63,17,-9
25,-226,94,61,16,-10
26,-223,93,60,15,-9
30,-228,94,59,14,-9
29,-227,95,56,14,-11
31,-228,92,54,12,-10
27,-228,93,52,10,-9
28,-230,93,50,7,-7
29,-226,91,51,5,-7
28,-229,95,50,3,-7
30,-226,93,51,4,-6
28,-226,90,51,5,-7
30,-228,96,53,6,-6
33,-230,98,53,7,-6
25,-227,98,53,10,-7
27,-225,93,50,12,-7
28,-228,95,48,12,-10
27,-226,95,43,11,-12
24,-227,96,39,10,-11
31,-227,96,35,9,-11
32,-230,98,35,10,-11
29,-226,93,37,10,-11
31,-226,91,41,11,-11
30,-226,94,45,11,-9
30,-226,98,47,10,-10
29,-228,94,50,10,-7
29,-225,96,53,10,-6
29,-226,95,56,12,-5
28,-229,97,56,14,-8
29,-227,92,57,16,-8
31,-227,94,56,17,-10
33,-227,96,53,19,-10
28,-226,92,51,20,-12
27,-226,97,49,20,-13
27,-228,95,47,20,-10
33,-231,91,47,23,-10
30,-226,96,48,20,-11
30,-230,92,49,20,-9
29,-228,91,51,19,-10
28,-226,96,52,18,-9
30,-229,91,55,18,-6
28,-225,95,59,18,-7
27,-228,86,62,17,-7
27,-227,89,65,19,-8
30,-228,95,68,18,-7
28,-227,93,68,19,-8
23,-231,88,68,20,-6
27,-226,91,67,21,-6
28,-227,92,63,20,-7
28,-227,91,62,19,-8
30,-227,93,59,19,-9
29,-227,95,57,17,-8
26,-226,92,56,17,-7
28,-226,96,55,16,-8
30,-229,86,56,15,-7
29,-226,97,58,15,-5
29,-231,95,59,16,-8
25,-224,98,60,17,-8
28,-227,96,64,17,-7
29,-226,92,64,16,-6
27,-225,92,65,16,-6
28,-223,93,65,15,-8
30,-229,94,66,14,-9
29,-226,97,66,13,-8
30,-228,96,66,14,-7
26,-227,92,69,15,-8
26,-225,94,72,13,-9
25,-221,96,73,13,-11
25,-230,106,74,13,-12
23,-228,97,73,11,-11
26,-225,96,71,12,-11
27,-226,94,68,14,-11
27,-224,96,65,14,-12
25,-227,96,64,14,-10
25,-224,96,64,12,-9
23,-224,97,65,10,-8
23,-224,96,66,10,-4
25,-225,94,66,10,-2
26,-224,93,65,11,-1
27,-231,94,62,11,0
25,-227,94,59,9,2
26,-227,97,55,6,5
29,-230,97,51,3,5
27,-231,97,48,2,4
28,-229,95,49,2,4
29,-233,95,53,0,5
30,-233,95,60,-1,6
29,-232,92,69,-1,6
29,-231,90,78,-2,6
27,-225,90,89,-2,3
27,-223,89,96,-1,2
30,-230,90,98,2,-1
31,-228,92,95,1,-2
30,-226,94,87,1,-2
32,-223,94,80,-2,-4
32,-225,91,72,-2,-6
30,-225,93,64,-5,-6
31,-225,92,55,-6,-8
32,-230,92,49,-6,-8
31,-226,91,48,-3,-5
31,-228,89,46,-3,-6
30,-224,96,48,-1,-4
29,-228,93,49,-1,-4
32,-229,94,53,1,-4
30,-226,92,56,3,-4
31,-226,92,61,5,-2
27,-226,95,65,5,-1
29,-227,90,68,5,-1
26,-226,93,70,3,0
28,-228,90,71,2,0
26,-225,90,70,1,0
30,-231,93,65,-3,1
23,-227,93,59,-5,3
27,-225,94,53,-8,2
27,-227,94,44,-9,2
27,-227,94,37,-7,2
24,-227,92,35,-4,1
25,-226,95,35,-3,-1
26,-227,94,36,-1,-1
26,-229,96,39,1,-1
27,-229,97,43,3,-3
24,-228,97,47,6,-6
23,-234,86,54,9,-6
26,-228,93,57,12,-6
27,-223,96,61,15,-9
29,-228,93,65,19,-11
27,-227,94,68,18,-11
29,-226,92,69,20,-15
30,-228,89,68,23,-19
27,-227,88,68,26,-22
30,-227,91,69,27,-27
26,-226,87,70,31,-31
29,-230,95,70,35,-33
28,-233,85,68,38,-36
31,-227,90,69,39,-36
32,-229,89,69,40,-38
31,-228,88,69,43,-39
33,-229,86,68,46,-42
31,-229,89,67,50,-46
35,-231,88,66,54,-51
34,-235,87,66,56,-54
32,-235,87,70,61,-57
35,-239,93,80,65,-57
41,-244,93,95,68,-60
33,-237,94,111,74,-63
33,-239,87,133,77,-65
32,-241,89,158,82,-69
35,-241,88,183,89,-72
32,-239,90,209,94,-77
29,-239,89,234,95,-80
29,-239,90,259,95,-82
29,-235,93,282,97,-86
24,-232,99,303,101,-92
22,-233,98,322,106,-97
24,-233,98,338,109,-102
16,-227,99,354,110,-105
17,-224,103,364,105,-105
21,-223,103,370,100,-104
22,-222,107,371,100,-101
22,-219,104,366,100,-98
23,-220,105,357,101,-95
24,-218,104,343,95,-92
26,-219,104,330,87,-88
20,-214,100,314,79,-84
29,-219,101,297,75,-78
24,-215,105,277,73,-73
27,-220,100,257,74,-69
25,-218,99,237,80,-70
29,-219,99,219,82,-71
28,-219,100,203,82,-72
27,-222,103,190,79,-72
28,-222,103,178,73,-73
29,-220,104,172,71,-74
28,-222,103,168,66,-78
31,-224,112,168,65,-85
28,-220,114,169,63,-88
28,-223,111,171,64,-90
29,-225,111,177,67,-88
31,-222,114,182,68,-85
30,-222,112,191,67,-83
27,-225,113,200,61,-80
30,-226,110,205,56,-78
32,-222,111,211,50,-74
33,-221,109,215,46,-72
30,-217,103,217,44,-68
34,-222,110,218,43,-64
37,-220,104,217,36,-62
37,-221,107,215,31,-60
37,-217,106,211,27,-58
37,-218,106,207,19,-58
40,-221,103,205,14,-56
38,-218,113,204,13,-56
36,-215,105,206,17,-57
36,-218,112,212,25,-58
36,-215,108,223,35,-64
38,-214,112,232,45,-69
40,-215,114,236,52,-74
33,-214,112,240,58,-78
35,-216,118,243,60,-82
38,-216,119,243,59,-85
37,-217,118,243,55,-89
35,-216,120,242,53,-93
36,-216,121,242,53,-100
36,-217,124,242,54,-108
34,-212,120,238,56,-115
37,-217,118,234,55,-121
37,-215,124,225,56,-122
38,-218,122,216,55,-122
35,-215,117,207,45,-124
37,-215,117,199,35,-126
32,-210,115,197,26,-130
36,-214,117,197,15,-133
33,-212,117,202,10,-136
33,-213,110,207,3,-139
28,-210,112,210,-3,-142
27,-208,113,210,-11,-144
26,-205,112,202,-18,-145
19,-206,115,187,-24,-149
23,-207,106,165,-26,-155
25,-204,118,139,-23,-159
21,-203,120,114,-16,-166
20,-210,123,96,-8,-173
22,-211,120,82,3,-178
20,-215,119,76,16,-184
23,-215,120,76,31,-191
20,-216,124,80,47,-195
21,-216,117,85,62,-201
26,-220,118,88,76,-206
26,-221,116,92,86,-211
23,-223,117,96,92,-218
23,-215,115,100,96,-220
31,-221,121,104,99,-222
28,-220,115,109,98,-224
34,-219,118,117,94,-223
33,-216,120,129,87,-222
34,-218,117,141,76,-219
35,-218,116,154,62,-217
34,-213,117,164,49,-212
37,-213,114,171,34,-205
36,-213,112,178,19,-202
36,-213,116,178,5,-197
33,-214,111,172,-7,-190
40,-208,108,160,-18,-185
39,-212,108,143,-25,-182
38,-215,112,125,-29,-176
39,-212,114,106,-32,-172
40,-214,111,89,-35,-170
39,-211,116,73,-41,-167
45,-214,112,60,-48,-165
39,-215,114,50,-52,-162
44,-216,114,39,-55,-161
43,-218,119,27,-54,-162
40,-223,121,18,-55,-165
40,-221,116,14,-60,-173
40,-223,114,18,-64,-181
37,-224,115,26,-67,-189
34,-225,118,41,-74,-198
33,-225,118,64,-85,-209
34,-227,120,88,-94,-213
33,-226,118,115,-112,-222
31,-224,118,143,-133,-232
35,-224,113,168,-154,-238
34,-219,118,190,-174,-248
40,-218,121,208,-198,-252
34,-223,112,218,-223,-255
42,-218,115,225,-246,-258
34,-217,114,227,-267,-260
37,-223,116,230,-289,-259
35,-221,120,229,-309,-253
35,-221,119,232,-331,-248
30,-217,119,237,-353,-245
26,-221,119,246,-374,-241
27,-220,124,257,-389,-238
30,-220,120,268,-397,-240
27,-217,125,281,-400,-236
32,-213,121,297,-400,-235
36,-212,124,313,-403,-235
37,-210,126,327,-409,-235
39,-209,128,341,-418,-236
42,-207,128,355,-419,-236
41,-208,133,368,-421,-235
44,-206,130,379,-425,-240
41,-202,130,382,-433,-244
48,-203,124,379,-438,-244
50,-203,127,370,-443,-245
52,-199,127,356,-443,-245
52,-200,124,342,-441,-243
54,-198,128,324,-435,-241
58,-199,127,307,-430,-240
63,-197,131,288,-430,-247
63,-195,128,273,-430,-250
67,-193,127,254,-425,-249
69,-195,127,238,-419,-251
74,-195,131,221,-404,-249
71,-196,137,209,-393,-256
75,-195,138,202,-387,-262
79,-194,134,190,-375,-260
73,-192,124,175,-361,-259
74,-197,135,155,-356,-266
76,-195,128,138,-359,-275
76,-196,130,115,-353,-270
74,-201,130,96,-348,-265
72,-199,131,85,-349,-267
73,-199,130,78,-356,-267
77,-201,126,71,-362,-263
68,-207,130,62,-357,-247
68,-199,128,52,-359,-240
67,-200,129,46,-369,-236
68,-204,125,42,-378,-226
64,-205,126,38,-386,-217
65,-202,124,36,-396,-212
63,-203,120,35,-412,-209
63,-206,120,34,-423,-208
65,-205,121,34,-431,-210
64,-202,122,37,-443,-214
69,-205,117,41,-455,-221
71,-205,119,44,-466,-224
74,-205,119,50,-472,-229
68,-203,114,54,-476,-233
80,-200,116,54,-478,-239
82,-201,116,53,-477,-247
85,-202,117,49,-468,-252
87,-198,114,47,-465,-257
94,-197,115,48,-463,-262
89,-196,120,49,-459,-266
91,-199,118,53,-466,-280
96,-198,119,58,-475,-289
96,-197,119,62,-482,-297
94,-199,118,64,-486,-299
98,-204,122,66,-490,-299
101,-201,122,69,-491,-293
99,-200,120,72,-495,-297
99,-201,119,76,-501,-302
99,-203,118,79,-500,-298
93,-207,120,83,-495,-299
95,-206,120,90,-502,-310
93,-204,113,93,-508,-319
91,-201,116,95,-508,-326
94,-198,117,94,-503,-328
92,-199,115,87,-491,-329
92,-200,114,81,-474,-328
90,-199,116,79,-469,-337
92,-195,115,80,-459,-341
91,-198,113,82,-447,-339
93,-196,115,84,-429,-338
91,-195,110,86,-413,-343
89,-195,112,88,-397,-347
96,-196,117,89,-389,-358
94,-194,119,94,-383,-364
98,-194,117,100,-382,-370
102,-194,119,106,-381,-373
103,-197,121,105,-379,-378
106,-194,119,106,-382,-392
109,-196,116,105,-386,-406
107,-196,110,103,-384,-412
113,-197,109,100,-378,-415
112,-197,110,92,-363,-405
105,-198,115,86,-353,-410
109,-197,111,82,-353,-420
110,-195,110,79,-351,-417
110,-194,115,77,-349,-412
111,-196,111,78,-361,-418
106,-193,109,81,-383,-423
114,-195,112,83,-405,-426
110,-193,113,85,-431,-430
109,-197,115,89,-459,-436
111,-195,115,92,-486,-436
109,-193,107,94,-503,-438
113,-195,106,85,-506,-429
105,-195,113,74,-508,-434
109,-199,105,64,-513,-455
110,-197,109,52,-514,-471
114,-195,110,37,-506,-486
114,-196,105,21,-498,-493
111,-197,111,10,-496,-498
114,-201,113,9,-500,-506
118,-204,116,15,-505,-514
115,-200,115,28,-510,-527
112,-200,115,37,-511,-540
114,-198,115,39,-511,-556
116,-202,113,33,-503,-571
110,-194,106,26,-488,-582
114,-195,111,18,-468,-594
111,-195,106,11,-449,-605
117,-198,104,1,-431,-614
116,-195,106,-14,-420,-618
115,-196,103,-40,-411,-621
115,-193,98,-64,-400,-622
119,-196,94,-87,-390,-623
114,-193,92,-103,-379,-626
115,-193,92,-124,-365,-633
114,-188,89,-154,-353,-637
121,-186,89,-180,-352,-641
124,-186,95,-187,-361,-643
124,-183,93,-172,-378,-645
133,-191,85,-149,-396,-645
136,-190,92,-123,-409,-646
139,-189,91,-106,-417,-648
146,-193,88,-93,-417,-657
149,-185,84,-80,-409,-669
160,-185,79,-68,-391,-687
163,-183,70,-59,-361,-705
168,-183,73,-54,-329,-725
173,-180,69,-58,-299,-742
174,-178,72,-72,-277,-753
180,-173,71,-90,-265,-757
179,-169,76,-112,-255,-753
181,-177,81,-134,-243,-745
180,-176,83,-160,-229,-741
177,-179,91,-184,-216,-735
174,-180,94,-202,-203,-734
173,-184,95,-213,-198,-732
167,-183,99,-220,-202,-729
157,-180,99,-225,-218,-723
150,-181,104,-233,-235,-706
144,-181,97,-245,-249,-682
147,-176,97,-258,-250,-648
144,-177,93,-270,-230,-622
147,-178,93,-287,-208,-588
152,-181,88,-294,-203,-560
153,-178,87,-285,-205,-532
158,-177,85,-255,-213,-510
164,-171,80,-200,-234,-495
160,-156,74,-135,-270,-496
163,-146,70,-73,-328,-499
165,-145,64,-30,-396,-507
165,-134,54,-17,-447,-505
163,-127,59,-35,-482,-494
168,-136,68,-80,-510,-483
175,-142,72,-131,-535,-476
167,-148,79,-177,-557,-476
174,-153,84,-208,-575,-484
181,-163,87,-221,-572,-491
185,-167,85,-218,-548,-507
182,-168,86,-196,-522,-528
186,-172,81,-165,-494,-548
185,-166,79,-135,-470,-571
190,-166,79,-107,-446,-594
182,-156,77,-86,-421,-617
187,-157,77,-72,-406,-635
183,-156,73,-65,-389,-667
191,-149,69,-78,-393,-659
196,-145,73,-108,-391,-652
197,-144,71,-144,-383,-645
196,-145,72,-172,-373,-635
198,-148,73,-192,-374,-627
197,-150,71,-201,-378,-626
195,-152,67,-204,-374,-625
199,-151,66,-199,-374,-627
197,-146,63,-193,-370,-633
194,-150,60,-192,-366,-638
193,-148,63,-199,-357,-640
190,-147,67,-213,-345,-638
191,-147,65,-227,-337,-627
189,-150,72,-235,-336,-614
192,-148,71,-233,-345,-602
194,-144,70,-225,-355,-591
194,-145,68,-219,-363,-585
199,-147,66,-213,-360,-583
204,-148,69,-208,-347,-581
207,-149,65,-201,-329,-584
204,-145,61,-197,-306,-588
207,-147,63,-195,-289,-596
210,-146,63,-192,-279,-603
209,-146,61,-187,-275,-609
209,-140,62,-182,-274,-618
210,-138,60,-178,-273,-632
210,-138,61,-178,-268,-646
210,-140,60,-181,-262,-658
210,-135,59,-182,-259,-671
213,-139,54,-177,-257,-680
210,-135,53,-169,-258,-683
209,-136,56,-157,-258,-685
209,-135,55,-141,-258,-686
209,-134,49,-121,-262,-688
208,-131,50,-103,-268,-690
206,-131,43,-91,-280,-696
206,-126,49,-88,-294,-704
209,-127,44,-87,-312,-711
207,-127,44,-88,-331,-715
204,-120,41,-94,-352,-713
209,-123,41,-106,-370,-705
215,-126,45,-126,-379,-686
219,-125,44,-149,-382,-668
230,-124,46,-168,-382,-652
234,-127,47,-177,-378,-651
236,-127,43,-176,-375,-660
237,-126,42,-166,-373,-680
231,-126,32,-150,-374,-702
229,-126,29,-133,-379,-722
221,-120,20,-120,-391,-736
218,-118,20,-123,-401,-744
211,-117,20,-142,-404,-752
212,-115,26,-171,-404,-758
211,-119,27,-201,-406,-760
212,-121,32,-224,-412,-762
215,-121,36,-236,-412,-761
213,-121,34,-238,-411,-759
216,-124,38,-232,-410,-757
217,-117,42,-215,-411,-756
222,-119,32,-190,-415,-759
221,-111,33,-165,-424,-766
223,-106,28,-144,-432,-774
225,-103,21,-129,-436,-784
226,-102,19,-123,-442,-789
232,-96,19,-124,-447,-795
234,-92,19,-132,-457,-798
238,-95,18,-146,-467,-798
242,-93,24,-168,-479,-794
243,-95,22,-187,-489,-789
246,-96,21,-199,-500,-782
246,-95,22,-202,-510,-776
247,-101,20,-199,-520,-769
246,-97,22,-195,-520,-766
247,-102,27,-190,-508,-767
243,-103,23,-182,-488,-775
240,-102,18,-170,-470,-789
235,-100,24,-153,-454,-806
234,-96,19,-138,-439,-830
230,-97,22,-127,-425,-854
230,-92,18,-118,-416,-877
230,-97,18,-112,-413,-898
225,-92,22,-107,-419,-916
230,-98,16,-101,-432,-929
221,-87,20,-96,-452,-940
221,-97,27,-88,-477,-946
222,-92,20,-85,-499,-949
217,-91,20,-83,-526,-946
221,-97,15,-77,-567,-935
220,-106,21,-56,-630,-917
220,-115,23,-8,-728,-895
220,-125,34,73,-861,-868
225,-134,30,185,-1011,-843
236,-140,18,307,-1130,-828
248,-151,-11,414,-1162,-811
249,-148,-26,496,-1075,-784
255,-146,-27,558,-919,-748
240,-148,-15,632,-792,-723
241,-144,-22,752,-738,-712
256,-130,-31,901,-701,-722
266,-115,-34,1025,-601,-745
285,-92,-18,1082,-428,-774
293,-64,-8,1066,-232,-805
290,-39,-11,991,-70,-836
293,-21,-8,880,29,-861
291,-3,-15,751,62,-875
285,7,-24,615,43,-875
284,13,-20,491,6,-850
277,12,-11,399,-30,-806
270,10,-9,346,-54,-743
267,3,-13,341,-75,-685
258,-2,-19,347,-101,-642
247,-2,-31,347,-140,-607
232,-4,-35,323,-190,-569
220,-9,-40,272,-231,-522
211,-16,-36,218,-254,-464
208,-23,-27,177,-264,-405
214,-30,-20,159,-274,-346
224,-36,-17,169,-288,-298
229,-35,-12,199,-305,-262
242,-36,-17,237,-325,-237
252,-34,-30,277,-347,-213
261,-34,-31,312,-373,-194
266,-31,-31,337,-399,-179
275,-28,-28,353,-415,-169
277,-25,-25,363,-416,-164
279,-21,-20,362,-395,-167
278,-20,-18,350,-360,-176
281,-20,-13,321,-326,-184
286,-25,-3,281,-291,-193
285,-24,-4,231,-259,-201
282,-23,-3,178,-228,-208
278,-27,2,132,-194,-211
282,-28,3,97,-156,-208
274,-29,5,81,-114,-206
271,-30,2,87,-78,-202
265,-31,3,106,-51,-202
254,-25,3,133,-35,-202
249,-21,2,160,-29,-201
240,-22,-1,183,-27,-194
243,-27,0,202,-32,-178
243,-31,0,217,-45,-161
245,-31,0,228,-68,-142
247,-29,1,236,-93,-123
253,-31,5,241,-120,-98
257,-30,3,247,-145,-70
257,-31,3,250,-167,-44
263,-32,3,253,-190,-20
265,-29,0,252,-209,2
268,-33,-6,246,-216,26
269,-34,-5,236,-215,48
268,-34,-15,228,-199,66
268,-32,-14,225,-178,79
266,-34,-15,230,-154,89
263,-36,-16,239,-129,96
262,-42,-16,248,-101,100
259,-42,-12,256,-66,107
259,-48,-11,259,-34,112
262,-51,-13,260,-6,117
264,-55,-12,260,19,123
265,-61,-9,260,46,129
269,-61,-5,264,75,136
263,-64,-5,270,98,140
263,-65,-5,277,115,145
264,-66,-14,286,127,147
262,-64,-17,293,137,156
264,-66,-17,299,145,165
261,-70,-24,308,148,178
257,-67,-30,325,143,190
259,-65,-31,345,132,204
254,-65,-26,366,119,217
252,-62,-25,379,104,232
249,-60,-26,387,82,251
242,-56,-24,387,63,271
240,-57,-18,381,40,287
238,-56,-17,371,15,298
241,-60,-22,354,-14,304
231,-57,-20,334,-43,302
236,-58,-22,315,-63,301
232,-56,-20,295,-80,300
231,-54,-18,271,-86,295
235,-54,-14,242,-85,287
234,-60,-21,206,-82,278
237,-64,-22,169,-73,270
244,-65,-15,132,-62,263
245,-65,-18,104,-50,253
251,-69,-13,84,-44,245
254,-68,-16,72,-46,235
255,-66,-14,64,-51,226
257,-67,-18,59,-50,219
257,-67,-21,54,-38,215
261,-62,-24,47,-14,210
268,-65,-23,40,14,200
265,-66,-24,32,48,188
271,-70,-24,23,89,174
272,-65,-19,15,131,161
268,-64,-19,6,179,148
273,-64,-19,-2,218,140
272,-63,-18,-17,256,131
272,-60,-13,-32,293,125
272,-61,-14,-53,334,126
267,-59,-22,-67,378,125
268,-61,-21,-81,416,122
270,-61,-23,-98,446,114
271,-62,-21,-120,472,105
275,-64,-27,-144,499,91
274,-65,-25,-165,529,75
277,-70,-26,-183,557,55
274,-74,-23,-193,584,30
276,-77,-22,-193,610,3
271,-73,-15,-187,633,-30
266,-77,-14,-173,654,-63
260,-76,-6,-157,670,-90
257,-79,-2,-135,683,-113
256,-74,-5,-113,693,-132
252,-69,-2,-97,702,-148
245,-70,-2,-93,709,-165
242,-64,5,-104,714,-179
244,-62,14,-129,712,-186
239,-55,13,-159,695,-184
238,-52,10,-191,670,-173
236,-51,7,-221,641,-162
238,-50,2,-247,609,-153
237,-46,0,-277,571,-143
245,-49,1,-310,529,-135
242,-47,3,-351,485,-131
246,-54,3,-395,441,-128
245,-65,5,-442,400,-131
249,-66,8,-482,363,-140
244,-69,15,-506,329,-150
244,-78,18,-513,297,-164
243,-84,16,-503,270,-182
240,-87,14,-475,255,-206
236,-88,12,-434,257,-233
234,-90,1,-386,269,-262
238,-93,3,-342,293,-293
252,-97,1,-313,337,-323
262,-88,0,-297,406,-360
267,-89,5,-291,494,-403
266,-85,-7,-291,585,-453
260,-81,-9,-302,671,-490
259,-78,-18,-315,743,-516
261,-73,-19,-326,796,-532
261,-70,-21,-336,831,-542
260,-65,-17,-347,842,-546
250,-60,-20,-354,825,-550
247,-58,-13,-357,785,-549
241,-51,-12,-359,726,-536
236,-52,-8,-368,649,-518
230,-46,2,-381,562,-497
227,-49,5,-395,466,-476
224,-48,9,-409,370,-458
220,-46,11,-422,282,-444
219,-48,12,-433,215,-436
223,-49,17,-442,167,-436
226,-49,18,-448,142,-440
228,-42,17,-454,136,-453
231,-45,17,-460,146,-472
233,-40,16,-463,171,-486
237,-37,21,-466,200,-494
239,-32,17,-469,224,-494
245,-34,19,-476,236,-484
249,-34,16,-486,232,-469
256,-31,19,-501,214,-450
262,-32,20,-524,189,-424
275,-32,25,-548,162,-395
278,-33,24,-571,137,-367
279,-31,30,-588,115,-344
282,-26,29,-591,84,-324
285,-30,28,-584,42,-303
288,-28,30,-568,-10,-287
283,-19,25,-545,-59,-282
283,-19,27,-522,-98,-294
276,-11,25,-503,-127,-321
270,-2,27,-496,-144,-352
271,-1,27,-504,-146,-384
266,2,25,-522,-135,-411
262,0,30,-551,-118,-434
250,0,28,-584,-108,-446
235,-3,30,-617,-120,-452
214,-7,37,-651,-158,-446
205,-21,43,-678,-214,-416
197,-23,48,-686,-275,-379
192,-34,51,-675,-336,-338
184,-35,53,-649,-401,-295
180,-37,47,-611,-486,-257
184,-34,48,-569,-563,-216
191,-26,41,-535,-635,-184
196,-14,36,-510,-697,-171
204,-3,27,-497,-748,-173
206,0,19,-507,-788,-181
210,5,8,-539,-824,-193
216,13,-13,-589,-860,-198
220,15,-17,-647,-903,-199
228,15,-18,-704,-946,-199
236,12,-23,-755,-990,-196
240,8,-22,-793,-1029,-188
244,0,-21,-818,-1064,-172
255,-10,-20,-831,-1100,-146
257,-25,-14,-837,-1137,-114
262,-34,-14,-831,-1176,-77
274,-46,-11,-811,-1212,-50
279,-50,-6,-767,-1245,-33
277,-60,-16,-699,-1268,-26
285,-61,-13,-609,-1276,-30
287,-57,-19,-509,-1267,-42
282,-53,-28,-412,-1240,-58
277,-44,-35,-333,-1196,-77
277,-33,-39,-280,-1136,-94
272,-30,-44,-258,-1063,-110
269,-23,-42,-261,-985,-121
265,-19,-41,-282,-902,-131
262,-11,-37,-313,-822,-142
265,-9,-31,-341,-739,-149
265,-17,-23,-364,-652,-154
267,-17,-20,-374,-568,-150
268,-22,-15,-363,-493,-146
267,-27,-12,-335,-434,-136
272,-34,-7,-296,-387,-124
278,-37,-2,-252,-344,-112
282,-37,-4,-214,-296,-106
284,-38,-3,-185,-238,-101
292,-40,4,-166,-172,-101
293,-44,5,-151,-100,-106
296,-48,8,-135,-26,-117
301,-50,12,-113,43,-135
306,-46,11,-90,118,-158
308,-49,12,-67,199,-184
311,-50,12,-45,289,-213
315,-50,13,-25,388,-240
308,-50,11,-8,487,-268
298,-49,7,6,586,-293
289,-46,3,22,677,-309
290,-41,2,39,758,-323
285,-34,0,56,825,-338
278,-25,-1,76,879,-353
269,-21,-7,99,916,-368
269,-14,-2,126,928,-379
263,-12,-2,152,910,-382
259,-6,-1,175,865,-378
251,-4,-3,193,793,-365
247,-2,-5,201,701,-344
248,0,-7,196,599,-311
250,0,-4,178,495,-272
253,-3,-4,153,394,-227
252,-3,-3,122,302,-175
253,-2,1,93,220,-120
264,-18,0,71,150,-66
260,-21,3,57,95,-14
262,-27,7,59,55,34
267,-31,7,77,27,75
268,-31,5,105,9,107
268,-32,2,135,1,131
269,-31,2,167,-3,150
266,-27,-5,193,-3,160
268,-24,-11,208,-4,165
265,-20,-16,216,-5,170
259,-19,-17,214,-11,171
259,-15,-20,204,-21,169
254,-14,-23,187,-32,169
250,-13,-21,165,-43,168
248,-13,-24,142,-54,168
247,-13,-26,119,-64,171
242,-17,-23,98,-75,175
240,-21,-19,80,-87,182
241,-22,-14,68,-98,191
240,-26,-17,61,-109,199
244,-24,-7,64,-122,207
246,-33,-10,77,-137,209
252,-32,-6,94,-156,211
253,-34,-1,113,-175,212
256,-35,-4,135,-192,209
259,-37,-8,160,-206,204
261,-36,-6,183,-216,195
264,-39,-11,208,-218,185
265,-36,-15,229,-217,173
266,-30,-20,248,-209,156
267,-32,-27,260,-194,141
270,-30,-29,264,-173,124
270,-27,-41,261,-145,105
269,-20,-36,250,-110,87
273,-21,-40,234,-61,68
274,-15,-41,212,-17,48
273,-14,-38,188,29,24
270,-11,-35,166,68,6
267,-10,-32,142,100,-7
265,-10,-34,128,123,-20
262,-10,-27,119,134,-31
262,-11,-28,112,136,-39
256,-5,-28,107,130,-42
256,-6,-23,101,119,-43
258,-9,-21,93,105,-40
257,-9,-19,82,87,-39
259,-9,-22,66,71,-38
258,-9,-19,43,59,-35
259,-12,-22,17,52,-33
262,-12,-25,-8,51,-37
262,-15,-25,-35,53,-38
261,-18,-32,-63,60,-41
262,-20,-22,-88,68,-43
263,-21,-23,-109,79,-44
256,-23,-17,-124,91,-47
260,-23,-17,-135,102,-45
259,-31,-19,-139,110,-44
258,-31,-15,-140,114,-40
258,-28,-17,-138,112,-34
255,-33,-19,-138,108,-28
260,-38,-19,-136,101,-23
258,-38,-21,-134,94,-18
254,-37,-8,-131,86,-13
258,-39,-12,-126,77,-4
258,-40,-14,-121,67,4
258,-44,-14,-113,59,12
259,-43,-12,-102,51,19
257,-39,-15,-90,46,23
259,-41,-12,-77,43,30
258,-41,-9,-61,41,35
256,-40,-10,-43,41,39
255,-40,-7,-25,43,43
259,-41,-11,-5,45,46
260,-42,-9,16,51,45
258,-42,-14,35,57,41
263,-41,-13,54,63,36
259,-40,-17,73,69,29
258,-39,-11,90,76,21
259,-37,-11,104,81,11
258,-38,-11,116,86,1
259,-35,-10,126,89,-9
259,-33,-8,131,92,-19
259,-30,-11,136,96,-30
255,-30,-14,139,98,-39
256,-25,-13,140,99,-45
257,-22,-12,138,100,-53
259,-26,-13,136,100,-59
257,-23,-20,134,102,-64
258,-19,-13,134,104,-70
257,-22,-13,131,107,-73
257,-20,-12,128,108,-77
257,-22,-14,126,109,-79
258,-20,-13,124,109,-83
258,-20,-13,121,110,-84
257,-22,-14,116,110,-86
259,-19,-14,113,111,-88
261,-19,-10,108,111,-89
261,-22,-11,103,111,-91
253,-22,-13,97,110,-94
262,-20,-11,90,108,-95
259,-19,-10,85,108,-94
258,-17,-14,82,106,-94
259,-22,-13,80,106,-91
258,-19,-13,77,105,-90
264,-20,-9,78,105,-88
260,-20,-10,79,106,-82
259,-20,-12,81,106,-82
258,-17,-12,84,107,-78
258,-22,-11,87,108,-75
261,-22,-9,93,109,-70
263,-18,-9,100,111,-65
262,-21,-11,106,113,-62
261,-20,-5,113,111,-59
262,-18,-9,121,111,-57
261,-18,-8,127,109,-53
261,-21,-8,133,104,-50
260,-19,-10,139,99,-46
261,-17,-14,142,94,-43
264,-19,-13,145,92,-42
259,-16,-11,147,88,-39
261,-17,-8,149,87,-34
257,-17,-8,153,83,-34
259,-16,-6,156,83,-32
257,-16,-5,159,84,-30
257,-17,-7,162,85,-28
261,-18,-1,166,84,-27
257,-19,-4,170,84,-25
261,-21,0,174,82,-25
258,-19,-4,176,80,-23
257,-17,-3,177,77,-20
259,-18,-6,177,76,-20
258,-16,0,176,73,-19
259,-16,-1,170,70,-19
259,-17,-1,162,67,-17
258,-16,-1,152,63,-16
258,-14,-2,141,57,-16
257,-13,-2,130,51,-16
260,-16,-5,120,43,-18
262,-15,-6,111,38,-15
258,-16,-6,101,31,-13
260,-16,-7,92,26,-11
257,-14,0,83,20,-10
260,-17,-2,73,15,-10
260,-17,-2,62,10,-8
259,-17,-5,48,5,-11
263,-20,-6,32,-1,-12
259,-20,-5,18,-4,-13
261,-21,-9,6,-4,-15
258,-18,-6,0,-3,-14
260,-22,-5,-1,-2,-11
263,-24,-6,4,2,-10
258,-23,-4,11,4,-9
257,-28,-7,16,6,-8
261,-21,-3,24,7,-6
258,-22,-8,30,7,-5
257,-21,-5,33,8,-3
259,-21,-1,39,7,-2
262,-23,-5,45,5,0
261,-27,-6,51,4,-1
260,-22,-8,55,3,-2
258,-27,-4,61,2,-1
261,-22,-6,65,2,-2
258,-24,-6,69,3,-2
259,-22,-6,73,4,-3
259,-23,-7,78,6,-3
260,-22,-3,83,7,-4
258,-23,-5,88,8,-6
259,-23,-5,95,11,-7
259,-22,-5,97,14,-9
262,-24,-4,101,15,-9
257,-20,-4,105,18,-12
260,-21,-4,107,18,-13
261,-24,-7,107,18,-13
259,-19,-4,104,20,-15
254,-23,-8,100,22,-15
258,-17,-7,95,23,-16
259,-19,-1,89,23,-16
261,-20,-5,83,23,-16
260,-20,-6,76,24,-14
257,-20,-7,71,21,-14
259,-20,-4,67,21,-13
258,-17,-7,64,20,-12
259,-23,-6,61,20,-13
259,-22,-5,62,19,-11
257,-16,-10,62,17,-13
256,-19,-7,62,17,-14
259,-21,-4,62,16,-13
260,-23,-4,62,15,-13
259,-19,-6,64,14,-12
257,-20,-9,63,13,-14
258,-21,-8,60,14,-12
259,-19,-6,59,16,-13
258,-19,-6,59,16,-15
261,-19,-4,60,18,-16
260,-20,-3,59,19,-17
260,-17,-5,58,20,-16
265,-14,-13,59,23,-17
262,-21,-6,58,24,-16
259,-18,-8,58,27,-19
262,-20,-11,58,30,-19
262,-25,-6,58,32,-17
262,-23,-6,57,34,-19
263,-23,-9,57,39,-20
262,-18,-9,58,42,-21
263,-21,-9,60,46,-20
259,-21,-12,62,51,-24
259,-22,-10,67,56,-25
260,-21,-5,71,62,-27
259,-21,-7,75,66,-24
260,-20,-5,80,69,-22
262,-21,-1,87,70,-20
260,-20,-4,92,69,-19
260,-20,-3,96,68,-17
257,-22,-3,97,64,-14
258,-22,-1,96,55,-12
260,-23,-3,94,46,-13
259,-19,0,90,36,-14
257,-18,-6,84,25,-13
258,-19,0,77,18,-13
259,-18,-1,68,11,-14
259,-18,0,59,6,-12
261,-17,-1,51,1,-11
260,-18,-1,42,-1,-11
258,-16,-2,34,-3,-11
258,-20,-6,26,-6,-11
260,-21,-4,20,-8,-11
257,-18,-11,16,-8,-13
260,-23,-5,12,-7,-10
263,-26,0,12,-6,-11
258,-23,-5,13,-6,-11
258,-20,-5,16,-4,-14
258,-21,-3,21,-2,-14
259,-23,-3,26,1,-15
258,-19,-7,31,2,-17
257,-21,-2,38,4,-19
264,-26,-4,42,8,-17
258,-21,-2,47,7,-19
260,-19,-5,49,9,-18
258,-19,-8,52,8,-15
257,-15,-9,53,7,-15
258,-16,-4,54,7,-14
261,-19,-7,52,5,-13
261,-17,-3,51,2,-12
260,-20,0,48,0,-9
260,-15,-6,45,-2,-8
262,-19,-3,42,0,-6
262,-18,-7,42,-1,-4
257,-18,-1,40,-3,-7
260,-20,-7,41,-2,-6
260,-22,-2,42,-1,-6
253,-17,-5,43,2,-6
261,-20,-4,44,2,-7
258,-22,-5,45,6,-6
259,-18,-4,48,7,-7
262,-24,-5,50,9,-7
261,-19,-1,54,12,-6
259,-26,-5,57,14,-7
262,-25,-7,59,16,-8
259,-18,-4,61,18,-9
260,-20,0,61,20,-10
258,-17,-3,62,21,-7
266,-19,-8,63,22,-3
261,-22,-5,63,25,-3
260,-21,-6,62,26,-1
260,-19,-4,58,26,0
257,-18,-7,55,25,1
263,-22,-3,52,22,2
258,-19,-2,48,19,1
258,-19,-7,46,15,2
258,-21,-1,43,10,2
257,-18,-7,42,5,1
261,-18,-3,38,2,-1
259,-25,-8,38,-1,-2
258,-21,-1,36,-4,-4
257,-23,-3,36,-6,-6
258,-18,-3,35,-6,-7
261,-21,-4,37,-6,-9
261,-24,-2,39,-5,-11
258,-19,-5,40,-3,-11
260,-18,-7,41,0,-11
261,-21,-5,42,2,-12
260,-23,-10,44,4,-12
263,-19,-3,45,6,-13
256,-27,-6,48,8,-13
260,-20,-7,49,9,-12
259,-20,-9,49,11,-13
261,-19,-4,49,9,-12
260,-19,-3,46,8,-11
260,-20,-7,43,8,-10
259,-20,-7,42,7,-9
259,-19,-2,39,5,-9
260,-21,-3,37,2,-8
258,-17,-6,36,0,-9
263,-24,-7,37,-2,-9
259,-24,-11,36,-4,-11
261,-24,-9,36,-5,-12
260,-24,-7,37,-3,-13
259,-23,-6,37,-2,-14
260,-20,-4,37,0,-14
258,-22,-4,38,3,-14
259,-20,-5,40,3,-15
259,-18,-1,41,4,-15
259,-20,-4,42,5,-16
261,-18,-7,43,5,-17
263,-17,-2,47,6,-17
263,-20,-6,46,5,-17
260,-22,-3,46,5,-17
258,-16,-4,46,5,-16
258,-16,-4,44,4,-14
260,-21,-8,41,3,-14
259,-17,-6,37,0,-13
262,-17,0,35,0,-10
261,-18,-6,31,-1,-11
263,-16,-8,30,-2,-12
260,-20,-7,28,-3,-10
258,-18,-9,27,-2,-9
260,-19,-7,26,-2,-10
259,-18,-3,26,-4,-10
260,-21,-7,28,-5,-9
261,-19,-6,28,-6,-7
262,-20,-6,29,-7,-8
260,-19,-9,29,-8,-7
261,-17,-1,28,-9,-7
260,-17,-7,27,-9,-7
258,-18,-9,26,-9,-8
259,-20,-5,25,-8,-5
261,-22,-9,24,-6,-8
260,-17,-7,23,-6,-6
257,-21,-6,23,-6,-6
261,-20,-11,23,-6,-4
260,-19,-8,24,-4,-4
261,-21,-7,25,-2,-4
259,-20,-6,25,-1,-4
258,-16,-10,24,3,-4
260,-21,-7,25,5,-4
259,-17,-9,26,6,-4
258,-21,-7,27,8,-4
257,-23,-10,27,8,-5
262,-22,-4,26,7,-2
257,-16,-6,23,8,-1
257,-17,-1,17,7,4
259,-15,-2,6,3,9
259,-15,-2,-9,-1,15
259,-12,-7,-31,-4,24
263,-15,-12,-55,-5,33
260,-9,-8,-76,-7,43
265,-14,-10,-97,-4,52
269,-7,-21,-115,5,59
264,-11,-20,-130,20,63
268,-12,-16,-143,37,63
266,-18,-17,-159,54,54
265,-16,-20,-167,66,46
262,-10,-13,-167,72,44
263,-10,-18,-161,71,48
265,-7,-13,-157,67,57
266,-5,-15,-159,58,67
265,-4,-10,-172,42,77
263,-3,-9,-195,21,88
262,-4,-10,-225,-8,98
254,-1,-3,-262,-41,111
263,-10,0,-300,-72,126
261,-12,-1,-337,-95,141
263,-12,0,-373,-111,155
260,-19,1,-407,-123,165
257,-18,0,-445,-140,170
258,-19,3,-497,-158,176
259,-22,0,-568,-175,189
260,-20,5,-659,-190,204
261,-23,9,-760,-196,224
271,-30,8,-852,-194,232
267,-28,10,-913,-189,223
265,-37,4,-933,-193,197
264,-38,0,-916,-204,166
262,-46,-4,-869,-212,147
264,-51,-14,-799,-193,141
259,-58,-18,-704,-141,137
258,-55,-27,-587,-85,113
252,-54,-35,-459,-51,73
242,-45,-44,-348,-49,33
236,-38,-52,-264,-53,17
239,-39,-49,-211,-36,22
237,-45,-44,-185,12,37
245,-40,-33,-166,74,51
249,-36,-24,-145,132,48
255,-34,-12,-132,175,36
257,-32,-5,-134,197,29
258,-30,0,-131,211,30
258,-32,5,-118,220,21
262,-31,1,-101,214,13
262,-30,-4,-85,186,12
263,-26,-7,-73,141,13
263,-25,-9,-72,97,18
262,-35,-16,-75,57,20
265,-31,-20,-79,25,24
265,-29,-23,-81,2,34
263,-30,-27,-79,-10,47
262,-28,-29,-66,-7,59
260,-28,-27,-49,4,67
256,-26,-21,-32,17,77
254,-31,-17,-15,24,83
252,-31,-10,0,21,95
255,-30,-9,9,13,109
255,-33,-11,11,2,124
256,-39,-5,12,-12,138
256,-36,2,14,-26,147
255,-38,-1,20,-36,151
256,-41,-3,28,-42,156
260,-41,-6,39,-42,155
257,-35,-2,53,-39,149
257,-30,-3,61,-36,142
252,-28,-8,61,-36,131
255,-31,-7,47,-37,122
253,-27,-4,22,-34,113
255,-31,-9,-6,-31,105
258,-30,-7,-29,-26,96
259,-32,-11,-45,-30,88
257,-27,-10,-50,-40,82
257,-28,-9,-47,-52,78
258,-25,-13,-39,-68,74
261,-28,-14,-29,-82,74
256,-25,-16,-15,-97,72
255,-24,-21,-7,-115,69
253,-22,-27,-1,-127,70
253,-29,-28,-2,-132,74
251,-27,-20,-11,-126,79
256,-24,-24,-29,-112,85
255,-26,-20,-55,-100,90
254,-31,-16,-88,-93,98
255,-31,-14,-116,-92,103
257,-33,-17,-139,-95,102
256,-35,-15,-156,-105,98
256,-33,-6,-172,-119,92
253,-30,-13,-189,-135,89
256,-40,-19,-205,-149,89
254,-29,-17,-218,-159,88
257,-36,-22,-221,-162,90
259,-44,-20,-213,-162,93
258,-41,-19,-193,-158,96
262,-43,-24,-167,-151,99
263,-45,-24,-137,-143,106
264,-45,-25,-108,-129,113
261,-41,-21,-78,-110,115
262,-41,-19,-48,-95,117
258,-35,-25,-20,-90,117
258,-39,-13,-4,-90,119
258,-38,-17,1,-96,123
261,-40,-18,1,-105,123
256,-37,-19,-1,-111,124
255,-36,-18,-4,-122,121
255,-31,-22,-17,-132,120
256,-30,-20,-43,-142,120
255,-31,-23,-85,-148,125
256,-30,-18,-127,-152,133
252,-31,-22,-162,-158,145
255,-39,-16,-176,-167,157
255,-36,-13,-170,-178,161
259,-40,-20,-155,-192,157
258,-38,-28,-136,-206,150
258,-40,-26,-112,-216,141
256,-40,-31,-82,-221,135
254,-42,-32,-49,-218,128
253,-42,-31,-16,-206,121
253,-41,-30,6,-187,113
252,-38,-33,11,-166,107
254,-40,-30,12,-149,103
245,-38,-32,9,-132,98
252,-45,-35,16,-114,99
257,-39,-37,32,-99,97
258,-43,-27,53,-91,93
257,-41,-29,73,-94,85
259,-40,-30,89,-107,76
258,-35,-31,98,-121,74
257,-38,-33,104,-137,77
258,-39,-31,107,-155,82
256,-41,-33,108,-170,81
253,-42,-24,105,-180,80
256,-48,-22,101,-184,82
256,-46,-25,107,-185,87
255,-51,-18,127,-187,94
255,-43,-20,151,-184,95
259,-55,-23,177,-179,94
258,-52,-26,207,-174,88
255,-52,-32,244,-170,76
252,-52,-34,276,-174,78
252,-47,-37,299,-184,84
250,-49,-46,312,-193,94
252,-49,-47,316,-196,107
254,-47,-53,316,-194,123
254,-50,-55,315,-196,137
258,-48,-48,312,-196,155
256,-48,-38,309,-192,171
255,-51,-34,304,-183,185
257,-52,-29,297,-174,192
257,-55,-31,303,-166,196
258,-56,-34,321,-159,192
256,-55,-39,342,-153,178
256,-56,-34,363,-147,162
251,-54,-32,382,-141,152
250,-58,-29,399,-134,150
246,-52,-38,416,-125,149
247,-57,-35,436,-122,143
243,-61,-39,456,-126,140
237,-55,-41,470,-140,140
240,-52,-42,482,-155,140
240,-50,-38,489,-173,140
243,-53,-41,495,-196,135
244,-54,-38,508,-221,124
248,-53,-39,512,-248,107
247,-55,-35,512,-268,89
250,-52,-33,516,-278,72
249,-57,-32,524,-281,63
248,-51,-31,539,-280,54
252,-52,-27,554,-279,51
250,-48,-29,569,-274,47
253,-43,-25,581,-270,42
254,-40,-21,589,-268,36
254,-39,-21,589,-272,30
254,-36,-13,577,-279,23
255,-30,-11,558,-280,14
252,-31,-9,534,-275,0
259,-33,-11,507,-261,-17
263,-30,-17,480,-244,-41
260,-23,-21,459,-236,-68
256,-13,-18,429,-235,-90
255,-14,-20,387,-234,-107
252,-16,-23,336,-230,-125
250,-20,-31,284,-227,-137
253,-24,-37,234,-227,-140
253,-27,-40,185,-229,-134
256,-33,-39,143,-230,-117
256,-38,-39,118,-224,-93
256,-33,-37,115,-215,-68
258,-33,-36,129,-206,-43
260,-35,-43,148,-205,-18
265,-33,-45,166,-208,6
264,-29,-44,179,-210,30
270,-27,-43,190,-208,51
265,-24,-32,204,-197,68
262,-24,-34,229,-186,75
261,-24,-32,255,-177,77
257,-17,-34,268,-169,72
258,-19,-33,264,-155,66
260,-20,-31,245,-141,62
260,-22,-31,215,-131,65
257,-24,-34,172,-128,74
259,-28,-36,134,-136,86
261,-28,-32,114,-153,98
258,-32,-31,119,-174,108
259,-39,-31,147,-194,116
252,-39,-33,192,-218,121
249,-41,-41,246,-259,125
241,-48,-49,306,-321,125
237,-50,-53,365,-392,118
233,-57,-54,425,-451,114
226,-56,-50,483,-491,110
233,-58,-54,530,-520,112
230,-52,-48,557,-549,119
230,-39,-37,562,-568,131
233,-29,-27,533,-574,155
241,-15,-23,472,-566,195
248,-5,-25,382,-554,242
258,-9,-31,270,-545,288
264,-9,-35,157,-543,324
276,-15,-53,64,-551,362
283,-31,-65,-8,-562,406
291,-43,-78,-55,-571,459
284,-60,-81,-67,-571,510
285,-68,-85,-40,-566,556
278,-82,-79,4,-561,593
270,-88,-82,64,-545,622
263,-90,-71,135,-510,638
246,-90,-66,208,-465,643
233,-85,-65,274,-419,640
231,-83,-60,332,-379,624
223,-81,-52,379,-343,600
219,-78,-46,410,-314,585
229,-70,-41,423,-303,581
223,-68,-46,418,-312,585
228,-64,-44,402,-333,589
227,-61,-49,382,-362,590
232,-61,-59,356,-386,591
234,-63,-65,320,-405,596
238,-73,-66,287,-418,593
245,-78,-70,258,-429,578
245,-79,-76,224,-438,553
248,-81,-79,194,-429,524
248,-80,-83,174,-404,492
252,-76,-86,157,-368,460
249,-65,-82,132,-329,429
248,-64,-88,99,-292,419
246,-66,-94,59,-252,423
242,-69,-97,35,-214,425
243,-68,-103,11,-179,437
236,-75,-103,-16,-153,462
235,-86,-104,-37,-135,489
238,-89,-99,-46,-122,521
229,-94,-100,-60,-114,575
223,-94,-97,-36,-112,596
220,-92,-93,6,-118,619
216,-95,-86,33,-125,650
216,-91,-85,41,-124,688
220,-93,-85,43,-113,730
222,-99,-86,47,-94,766
225,-105,-87,60,-72,797
227,-106,-88,81,-49,812
230,-108,-92,106,-27,806
228,-109,-92,135,-7,783
231,-104,-96,171,12,755
228,-102,-99,201,30,731
233,-98,-99,220,52,712
221,-99,-98,231,67,712
224,-97,-98,242,79,729
221,-97,-96,249,89,756
219,-100,-90,258,103,786
217,-96,-76,268,121,818
216,-99,-78,284,145,848
212,-108,-76,300,164,871
212,-105,-76,316,181,889
212,-108,-75,328,196,900
214,-106,-71,334,212,907
214,-113,-73,338,227,908
218,-108,-76,345,240,909
223,-115,-77,352,252,907
222,-114,-77,358,265,903
223,-110,-80,360,281,900
223,-112,-70,357,295,896
220,-111,-74,356,303,896
221,-112,-67,353,306,897
217,-114,-71,345,307,900
217,-109,-64,328,303,906
214,-113,-62,299,303,912
207,-113,-64,269,304,915
211,-119,-59,234,307,918
209,-123,-65,203,314,916
214,-126,-63,181,323,910
214,-125,-62,168,335,904
214,-127,-61,157,349,898
214,-125,-61,145,362,892
211,-125,-62,136,374,893
207,-120,-56,125,383,898
212,-118,-59,114,389,904
216,-121,-56,102,391,910
212,-124,-63,93,394,914
220,-129,-54,87,401,919
219,-130,-56,86,411,921
220,-133,-56,83,423,924
218,-138,-58,77,438,928
218,-146,-56,72,457,933
212,-148,-52,70,477,943
211,-154,-49,73,496,949
204,-152,-51,85,511,951
203,-158,-49,101,526,950
199,-154,-53,119,543,942
194,-161,-41,138,557,938
195,-159,-38,151,563,939
193,-158,-36,161,561,943
195,-159,-31,166,551,945
190,-161,-27,173,532,949
193,-161,-32,185,508,955
194,-167,-31,204,488,962
194,-166,-37,226,477,966
196,-164,-41,250,472,971
198,-168,-44,281,471,979
192,-161,-42,312,470,987
197,-165,-41,346,471,998
192,-158,-50,378,476,1007
190,-159,-48,408,485,1016
184,-159,-51,432,497,1021
177,-159,-49,451,511,1028
174,-163,-46,465,523,1036
174,-163,-37,478,540,1047
174,-170,-38,493,560,1059
178,-172,-36,501,582,1072
177,-173,-25,506,604,1080
178,-176,-21,514,619,1082
181,-182,-19,529,631,1079
187,-180,-21,554,630,1066
180,-178,-25,577,617,1045
183,-180,-29,600,595,1027
178,-181,-26,618,566,1010
177,-180,-23,633,542,997
177,-180,-20,647,522,981
174,-182,-23,664,502,969
171,-187,-19,684,487,955
169,-186,-15,703,474,942
168,-185,-10,721,464,935
165,-194,-9,743,456,932
165,-192,-7,763,449,925
166,-193,-10,781,446,921
162,-196,-10,792,443,917
160,-198,-5,796,437,918
159,-196,-5,799,424,920
160,-196,-4,796,409,914
162,-201,0,789,398,905
153,-197,5,781,382,892
157,-199,6,782,363,881
155,-199,4,781,344,869
158,-201,7,781,320,860
155,-200,3,778,298,852
152,-197,5,773,278,847
152,-195,1,769,258,840
152,-199,2,762,244,832
144,-195,3,751,233,828
144,-193,5,731,223,831
138,-195,10,704,222,837
140,-198,13,667,226,845
140,-197,10,623,236,850
135,-199,15,577,250,852
141,-207,29,536,272,853
141,-209,28,508,298,848
141,-211,22,499,327,836
142,-215,23,505,357,815
140,-212,25,518,385,791
141,-216,23,538,409,762
141,-212,20,560,427,735
143,-214,17,575,442,707
139,-212,17,580,461,684
141,-209,13,573,481,664
141,-207,18,561,502,656
137,-210,15,543,515,651
130,-207,18,520,524,646
125,-212,17,497,522,644
126,-212,19,473,512,648
121,-212,27,450,493,651
118,-213,27,427,465,655
113,-219,26,404,430,659
99,-215,21,380,400,662
103,-220,21,357,372,666
98,-220,25,330,351,666
97,-214,21,297,336,665
103,-222,21,254,333,659
103,-225,26,212,339,652
100,-222,23,179,347,643
102,-224,27,158,350,629
103,-228,29,148,347,617
101,-226,27,146,339,604
101,-224,29,151,334,595
101,-222,28,163,327,590
106,-225,28,181,317,586
101,-222,25,200,307,581
97,-223,25,216,297,577
102,-223,26,228,288,570
99,-223,30,237,280,560
100,-224,29,242,278,550
101,-224,29,245,278,540
101,-227,31,244,279,528
104,-228,29,247,283,514
105,-229,29,249,290,496
103,-229,26,253,299,481
104,-231,31,258,303,465
96,-231,27,267,302,453
93,-234,34,274,293,444
87,-232,35,282,276,437
84,-233,35,288,252,435
80,-232,29,291,224,431
80,-233,36,286,201,426
73,-229,38,281,183,418
74,-231,35,273,177,411
73,-229,44,264,176,405
80,-230,41,254,186,399
81,-225,38,245,204,395
83,-232,42,241,222,391
83,-234,45,239,239,386
88,-231,43,239,254,384
90,-232,40,243,268,382
91,-232,45,249,282,376
94,-230,44,255,296,371
89,-232,41,261,311,364
93,-236,43,269,324,360
87,-232,45,273,336,358
93,-236,46,278,347,355
85,-235,44,282,355,352
82,-235,44,285,361,351
84,-237,45,289,362,349
80,-235,47,293,360,349
77,-233,47,297,356,350
75,-234,45,301,353,350
75,-229,52,303,353,348
70,-230,43,306,352,348
74,-227,44,308,356,351
69,-227,42,310,356,351
68,-230,43,310,354,350
68,-225,46,312,348,348
70,-227,47,313,340,344
70,-226,43,311,333,339
70,-229,47,308,326,335
70,-229,48,302,325,332
71,-231,53,297,325,330
76,-239,52,290,325,327
77,-235,57,278,325,327
78,-239,56,268,326,326
81,-239,55,260,322,324
81,-242,57,256,322,321
83,-241,55,255,321,315
81,-244,60,261,322,312
78,-246,56,271,326,302
76,-240,62,288,328,292
76,-243,57,307,329,282
72,-238,60,320,332,272
71,-239,58,328,336,259
69,-237,61,334,341,247
68,-237,63,335,345,235
67,-234,65,337,349,226
66,-234,61,334,352,219
62,-232,64,329,356,214
64,-234,63,324,353,213
62,-231,64,319,352,215
64,-228,65,314,348,219
60,-230,65,312,343,226
59,-230,65,312,335,238
56,-225,70,311,329,251
59,-227,68,310,322,262
55,-227,70,308,315,274
56,-227,68,305,307,286
55,-226,71,302,296,295
55,-226,71,298,289,301
56,-229,71,292,288,302
51,-232,71,285,289,300
58,-228,75,277,291,293
54,-227,72,270,295,287
59,-231,71,260,303,281
57,-230,75,249,311,274
57,-227,74,242,319,267
59,-231,75,237,325,257
54,-225,75,233,328,249
58,-227,75,234,334,242
52,-222,75,238,336,235
55,-227,71,246,340,229
55,-226,75,255,345,225
53,-224,77,261,346,221
55,-221,76,262,345,220
60,-229,74,258,343,220
62,-226,75,248,342,219
63,-226,79,235,339,220
62,-227,77,218,338,223
61,-230,81,207,337,225
61,-232,79,198,339,226
58,-229,79,190,339,228
52,-229,78,185,339,230
58,-232,78,182,340,234
62,-232,77,182,341,239
58,-229,79,182,342,243
56,-230,76,183,341,246
56,-228,77,185,340,249
52,-230,81,189,336,250
50,-232,77,193,329,248
48,-227,78,195,319,244
45,-231,76,190,312,240
46,-230,82,182,306,234
45,-234,81,169,304,226
41,-231,80,156,306,219
38,-232,79,147,312,209
39,-234,79,143,318,202
39,-235,79,143,324,194
40,-236,80,143,332,190
38,-235,79,146,338,185
35,-233,81,151,343,183
35,-230,85,155,347,181
36,-236,80,158,347,180
36,-231,83,159,343,172
33,-232,82,159,336,166
37,-236,82,157,328,163
37,-235,87,155,322,157
38,-234,84,154,314,150
35,-235,85,155,304,141
31,-233,84,157,295,134
29,-232,84,157,290,128
34,-236,88,155,285,121
30,-233,82,150,278,113
33,-237,86,151,269,100
29,-239,86,150,260,88
23,-237,83,151,253,77
31,-236,88,152,246,68
24,-235,86,157,242,55
21,-234,90,161,233,40
21,-233,90,163,226,24
20,-236,89,164,220,8
16,-233,90,166,215,-4
15,-232,91,166,209,-15
17,-233,88,165,206,-23
13,-228,91,160,202,-28
14,-225,89,152,201,-33
14,-230,90,143,200,-34
13,-223,93,130,200,-34
13,-227,93,117,197,-32
14,-223,87,101,195,-26
17,-229,87,83,191,-17
15,-224,87,67,181,-10
15,-227,87,52,160,-8
12,-225,82,34,136,-11
10,-228,90,20,115,-17
17,-233,79,13,105,-21
22,-233,80,11,111,-22
18,-236,79,9,125,-22
16,-232,78,7,133,-26
15,-232,83,3,128,-27
17,-233,86,-1,110,-25
19,-234,92,-2,91,-18
19,-234,89,0,78,-5
22,-235,95,5,72,14
22,-236,95,14,72,28
17,-233,97,28,69,33
17,-229,91,43,61,32
16,-232,84,54,47,25
15,-233,77,57,39,20
18,-225,84,45,34,17
23,-224,81,25,37,14
24,-224,83,-1,45,15
28,-225,87,-32,55,16
29,-229,85,-60,62,15
28,-226,86,-80,62,13
31,-226,82,-92,57,11
36,-229,88,-96,52,11
39,-232,92,-98,48,13
43,-230,94,-99,48,18
39,-240,102,-89,51,21
41,-235,98,-72,57,20
39,-235,95,-49,55,23
40,-233,91,-20,49,25
42,-233,87,9,43,25
43,-228,82,35,38,23
40,-229,83,49,37,24
36,-224,82,51,41,25
36,-226,84,43,48,31
38,-222,81,33,54,36
32,-227,88,28,54,38
27,-226,85,30,43,34
27,-225,82,34,29,32
28,-223,86,33,15,37
27,-221,82,30,7,45
30,-220,86,27,5,52
29,-224,90,20,10,61
31,-220,84,13,8,72
32,-227,83,7,5,86
25,-229,84,2,-4,100
29,-230,85,-6,-16,107
32,-228,85,-13,-18,105
41,-228,84,-15,-10,99
43,-226,86,-19,7,93
42,-228,89,-18,23,86
47,-226,88,-14,34,78
50,-235,85,-8,46,70
45,-231,83,2,57,65
41,-227,87,14,65,63
42,-231,83,20,70,64
36,-229,80,14,76,65
32,-227,77,4,82,68
30,-227,76,-7,87,71
32,-228,79,-22,88,76
32,-227,77,-37,82,76
28,-224,79,-50,72,75
29,-224,77,-64,63,72
27,-227,79,-78,57,71
30,-231,78,-85,48,70
32,-233,80,-83,43,74
33,-239,82,-70,33,75
29,-234,78,-54,20,73
31,-236,79,-43,11,67
27,-233,74,-38,5,64
28,-231,78,-45,3,65
28,-234,77,-57,-1,68
23,-232,77,-68,-5,73
27,-230,77,-78,-9,74
24,-232,77,-85,-9,71
22,-232,75,-91,-11,68
22,-236,74,-94,-13,63
24,-236,75,-98,-14,63
24,-233,75,-103,-12,65
19,-235,69,-105,-9,65
14,-236,68,-107,-9,65
16,-234,70,-108,-15,64
13,-238,75,-107,-21,66
15,-236,80,-104,-23,71
20,-236,82,-96,-22,74
18,-234,87,-84,-19,73
20,-237,94,-70,-20,66
17,-238,93,-53,-24,55
19,-234,89,-39,-31,45
14,-233,92,-27,-40,34
15,-236,83,-16,-51,25
9,-237,81,-8,-60,19
13,-232,80,-4,-72,20
16,-231,78,-6,-88,21
13,-229,75,-12,-102,28
16,-226,77,-23,-113,32
19,-227,75,-36,-119,35
20,-229,75,-51,-125,36
18,-227,78,-58,-126,39
20,-228,75,-59,-124,42
24,-232,72,-54,-118,44
32,-237,81,-45,-111,43
31,-237,79,-32,-103,40
23,-235,77,-19,-96,39
29,-234,75,-3,-90,33
29,-238,77,11,-85,31
29,-238,71,20,-80,32
30,-236,72,23,-75,35
28,-237,72,21,-72,39
26,-233,67,15,-71,43
28,-240,71,9,-74,47
26,-238,68,3,-77,47
30,-237,73,1,-85,44
21,-239,74,4,-88,42
27,-240,77,7,-93,37
25,-240,73,16,-97,35
26,-239,71,25,-98,33
26,-240,69,33,-96,33
27,-236,70,40,-94,34
27,-239,68,48,-89,33
31,-239,66,52,-88,33
28,-233,66,54,-87,38
30,-236,65,48,-87,41
31,-233,62,38,-88,46
25,-233,63,24,-91,48
28,-234,62,9,-93,48
28,-235,59,-8,-93,51
27,-236,65,-23,-93,51
29,-238,61,-32,-90,51
27,-236,61,-38,-86,50
30,-236,62,-43,-82,49
28,-236,62,-46,-77,48
28,-237,62,-48,-73,43
26,-238,63,-51,-71,42
32,-241,65,-54,-70,38
24,-237,62,-55,-69,32
18,-238,64,-55,-69,30
21,-239,64,-54,-71,28
23,-237,67,-52,-71,30
22,-237,67,-48,-69,33
22,-237,67,-47,-64,36
22,-237,67,-48,-57,41
25,-238,67,-50,-51,45
19,-237,65,-51,-47,48
27,-235,69,-53,-43,49
23,-237,72,-57,-40,48
25,-238,71,-60,-36,48
27,-237,73,-59,-33,49
25,-240,74,-56,-29,45
27,-239,75,-50,-26,42
24,-238,76,-43,-22,38
27,-241,76,-35,-17,32
27,-243,73,-27,-12,28
27,-239,72,-20,-6,25
25,-239,80,-12,-1,19
32,-241,77,-1,5,15
27,-237,74,14,12,12
28,-241,74,30,15,8
29,-237,77,45,18,5
28,-238,76,58,20,0
27,-235,75,66,19,-7
25,-234,72,71,20,-11
27,-234,76,72,19,-15
29,-235,79,70,20,-16
30,-237,74,70,24,-21
30,-237,73,69,29,-22
29,-233,72,68,30,-24
31,-234,70,68,33,-26
30,-234,74,71,35,-28
29,-235,72,74,36,-29
30,-238,72,75,37,-30
26,-237,73,77,35,-32
28,-238,73,79,34,-33
26,-237,73,82,34,-32
24,-233,71,83,37,-28
26,-237,74,85,40,-26
28,-238,69,85,43,-23
20,-235,71,87,42,-21
28,-237,73,89,41,-18
24,-234,68,91,37,-15
24,-235,65,92,36,-16
25,-237,67,90,33,-15
25,-236,67,89,31,-14
24,-236,68,86,29,-13
20,-236,63,85,29,-14
26,-238,61,82,30,-13
23,-233,67,77,32,-18
27,-237,66,73,29,-25
25,-235,65,71,26,-25
25,-244,64,68,25,-29
25,-239,64,66,23,-33
25,-238,67,63,19,-36
22,-235,67,62,15,-35
24,-239,68,60,14,-34
21,-240,65,61,17,-31
23,-241,68,59,21,-30
20,-239,66,60,22,-27
24,-237,68,61,22,-28
20,-239,67,58,21,-27
22,-236,68,56,23,-22
26,-239,66,51,24,-20
22,-236,69,48,27,-20
22,-235,66,48,28,-19
23,-237,67,49,27,-20
21,-240,67,50,25,-20
23,-236,67,54,24,-19
25,-237,70,57,23,-20
24,-238,72,58,20,-22
23,-237,71,61,19,-22
21,-236,73,62,19,-20
23,-240,72,67,18,-21
20,-238,71,71,18,-22
25,-237,71,75,17,-25
25,-240,71,76,17,-28
23,-236,76,77,17,-31
26,-238,72,74,14,-35
22,-235,75,74,12,-36
23,-234,73,75,9,-37
25,-239,72,73,8,-36
23,-234,72,74,8,-33
23,-237,74,74,8,-33
23,-235,72,73,10,-33
23,-235,67,72,14,-32
27,-235,73,71,16,-28
23,-233,72,70,17,-29
25,-235,75,70,15,-29
25,-232,72,70,14,-29
24,-236,70,69,13,-27
24,-235,70,71,12,-27
20,-236,70,74,13,-25
24,-238,71,78,13,-22
25,-240,78,82,13,-22
24,-235,68,84,12,-22
22,-238,68,82,9,-21
25,-233,68,80,7,-21
23,-233,73,77,8,-23
25,-237,72,71,6,-25
26,-234,74,66,2,-29
25,-240,73,62,0,-32
25,-236,80,61,-2,-35
28,-236,71,65,-4,-35
30,-238,71,70,-4,-34
24,-236,69,75,-3,-34
32,-239,72,81,0,-31
26,-235,69,85,0,-29
29,-234,72,87,3,-28
25,-231,73,86,6,-27
29,-237,72,83,5,-28
26,-231,67,78,3,-25
27,-235,71,72,2,-26
26,-232,66,66,1,-26
26,-235,75,60,0,-28
26,-234,67,56,1,-28
30,-239,71,55,-1,-27
27,-235,69,57,1,-23
27,-237,73,59,2,-22
23,-236,71,64,1,-21
27,-238,72,66,1,-19
28,-239,72,68,-1,-17
25,-234,75,68,1,-13
26,-236,70,67,3,-11
27,-236,73,67,4,-11
25,-240,72,67,4,-10
27,-237,70,68,4,-11
24,-231,67,70,5,-12
22,-233,66,71,5,-15
25,-235,71,69,4,-18
28,-235,72,70,4,-17
26,-236,71,69,4,-17
27,-235,69,67,3,-18
26,-236,69,65,3,-16
28,-237,70,63,4,-16
27,-237,70,62,6,-13
24,-236,69,63,7,-11
28,-237,69,65,9,-12
24,-235,68,69,11,-12
23,-237,74,74,11,-12
25,-236,69,77,14,-12
27,-232,71,79,17,-13
26,-233,69,76,16,-14
27,-230,70,73,13,-14
26,-235,73,69,11,-15
26,-234,73,67,9,-15
28,-234,69,66,7,-14
27,-233,76,64,7,-11
28,-233,71,64,8,-10
29,-236,71,64,11,-10
26,-236,69,62,13,-10
25,-233,70,58,11,-9
25,-234,74,56,8,-7
28,-238,72,56,7,-8
26,-235,72,58,8,-7
28,-234,71,59,9,-7
26,-234,73,62,11,-7
30,-235,75,63,13,-7
27,-237,74,64,14,-10
27,-240,76,68,18,-8
23,-231,71,73,19,-7
23,-237,73,78,20,-7
26,-236,78,82,19,-6
28,-236,76,87,21,-10
26,-235,76,92,20,-10
24,-234,77,95,20,-11
25,-237,72,97,19,-11
24,-234,75,96,17,-13
23,-233,74,95,16,-12
24,-237,76,92,16,-10
24,-231,75,89,19,-9
28,-233,70,83,22,-7
30,-235,70,75,28,-9
26,-232,74,67,28,-10
29,-234,71,61,26,-10
27,-235,73,56,20,-10
27,-235,71,55,15,-11
27,-234,75,55,10,-12
29,-237,69,55,8,-13
24,-235,71,57,10,-15
26,-234,73,59,10,-15
26,-232,69,60,14,-14
20,-234,71,62,17,-14
24,-234,70,62,20,-15
26,-235,71,64,23,-15
26,-236,71,65,26,-14
23,-233,74,68,25,-13
25,-237,71,70,23,-13
26,-237,73,72,23,-14
28,-237,73,73,22,-13
26,-235,74,75,20,-14
26,-237,73,76,17,-14
24,-236,76,78,15,-13
31,-236,70,82,12,-13
24,-237,84,85,11,-13
23,-231,74,88,12,-12
26,-236,72,90,16,-11
24,-231,74,90,20,-13
27,-232,71,85,21,-14
24,-234,74,81,21,-14
29,-233,73,77,21,-14
30,-234,75,71,20,-17
26,-233,72,66,18,-18
23,-234,74,63,16,-20
28,-228,77,61,15,-17
28,-234,71,64,14,-18
27,-238,75,67,15,-16
26,-234,71,70,17,-15
28,-235,74,71,18,-14
24,-233,75,71,18,-11
25,-235,80,71,19,-11
25,-237,78,69,21,-11
23,-233,74,70,20,-11
21,-233,76,71,20,-10
27,-240,76,74,18,-10
33,-238,79,77,18,-10
25,-234,77,78,17,-11
30,-236,71,78,18,-13
26,-234,75,76,18,-13
27,-233,76,72,16,-15
25,-231,73,66,16,-15
26,-234,74,61,14,-17
30,-235,76,57,13,-16
25,-233,77,57,13,-13
27,-234,77,58,14,-13
24,-237,75,62,17,-12
28,-234,70,67,16,-12
26,-235,74,73,13,-13
25,-232,72,77,13,-13
26,-232,73,77,11,-12
28,-236,76,78,10,-13
26,-232,77,76,10,-15
25,-232,73,75,10,-15
27,-235,76,74,12,-16
25,-234,72,74,12,-17
23,-230,75,76,15,-17
27,-234,77,79,18,-16
26,-236,81,81,19,-17
27,-233,77,82,18,-18
23,-232,77,85,18,-17
27,-233,77,83,16,-17
26,-236,75,81,15,-16
23,-232,74,78,15,-16
26,-236,73,75,13,-15
23,-235,75,70,13,-12
26,-235,75,68,13,-11
24,-234,78,67,12,-11
22,-237,72,65,15,-13
24,-228,73,63,14,-15
28,-237,72,63,12,-16
22,-230,75,62,8,-15
24,-234,75,62,6,-15
28,-234,75,62,7,-15
27,-236,74,62,8,-15
26,-232,75,64,8,-14
24,-235,75,63,10,-12
26,-235,76,64,11,-9
27,-234,76,65,13,-8
26,-231,77,62,15,-9
25,-237,73,60,15,-9
27,-235,74,60,13,-9
28,-238,77,60,10,-10
26,-235,81,62,8,-11
25,-233,77,66,6,-11
29,-237,75,69,5,-10
27,-238,74,74,4,-12
29,-241,79,79,5,-11
27,-235,76,83,8,-11
29,-234,71,84,11,-13
24,-231,77,83,14,-13
31,-235,71,79,14,-15
26,-230,74,73,12,-16
26,-233,77,68,11,-14
27,-233,77,63,10,-14
23,-235,80,61,9,-12
28,-235,76,61,8,-10
26,-234,75,64,7,-10
31,-235,78,69,7,-10
29,-234,80,72,9,-8
27,-236,76,73,12,-9
28,-234,72,71,13,-10
26,-231,74,67,13,-11
28,-234,77,62,11,-11
28,-233,80,57,9,-12
27,-233,79,54,7,-12
29,-235,79,53,8,-9
27,-235,75,53,8,-10
26,-232,76,56,11,-10
28,-233,75,60,11,-9
27,-235,77,64,14,-10
25,-235,79,69,16,-11
27,-235,77,70,18,-13
31,-234,81,69,18,-16
28,-236,74,67,18,-17
27,-235,74,64,17,-18
28,-235,74,59,17,-17
27,-236,78,56,15,-18
29,-234,80,51,12,-16
31,-237,75,51,13,-16
29,-235,79,52,14,-15
27,-234,79,56,13,-13
25,-235,81,60,13,-12
23,-235,76,65,13,-11
30,-236,74,68,14,-10
26,-234,75,71,13,-11
27,-235,75,71,16,-11
29,-234,78,68,16,-13
27,-232,78,65,15,-13
29,-233,73,62,14,-14
29,-235,77,57,10,-13
29,-231,79,52,9,-14
29,-233,76,50,9,-13
31,-231,80,50,10,-13
25,-232,87,49,11,-12
25,-234,77,49,10,-13
27,-236,76,52,11,-10
27,-231,75,53,12,-10
27,-232,73,55,12,-9
28,-234,80,56,13,-9
26,-234,76,55,13,-8
24,-234,80,53,13,-9
30,-237,77,52,12,-10
26,-239,80,50,9,-9
26,-232,76,49,7,-9
29,-233,79,47,6,-8
28,-235,75,48,6,-8
25,-231,77,49,5,-8
25,-233,81,49,6,-9
29,-235,74,50,9,-8
26,-235,79,52,9,-7
24,-230,77,52,11,-10
23,-228,75,51,10,-9
27,-233,82,49,10,-8
25,-234,76,47,9,-10
27,-236,77,44,8,-10
31,-238,74,41,9,-9
26,-234,75,37,12,-12
28,-236,76,36,14,-12
27,-236,78,34,15,-13
26,-236,76,37,14,-13
30,-233,77,39,13,-13
29,-234,78,43,11,-10
26,-232,78,44,10,-9
27,-234,78,45,11,-10
26,-234,79,44,11,-9
30,-236,74,45,13,-8
26,-231,72,47,14,-7
27,-235,77,49,14,-5
29,-233,77,50,15,-5
26,-232,78,51,15,-7
28,-236,77,51,13,-9
29,-233,76,51,13,-9
25,-232,78,52,10,-10
25,-232,77,52,6,-10
26,-234,80,50,4,-10
29,-231,77,47,4,-10
28,-233,76,45,4,-9
33,-233,73,44,4,-9
29,-235,78,43,5,-7
26,-236,79,43,7,-6
26,-233,77,43,7,-6
28,-236,77,43,8,-8
27,-230,74,44,9,-10
25,-236,77,43,9,-9
25,-231,73,42,10,-10
24,-233,72,43,8,-11
29,-237,76,41,7,-10
30,-233,80,40,8,-11
24,-236,72,40,9,-12
28,-234,79,40,9,-10
26,-235,80,43,12,-11
28,-237,78,46,15,-12
26,-235,79,50,18,-12
26,-235,79,54,19,-13
27,-233,77,54,21,-13
29,-235,80,52,23,-14
24,-234,75,49,23,-14
30,-233,77,43,21,-14
25,-233,73,38,19,-15
27,-233,74,32,16,-13
28,-234,78,29,14,-12
26,-235,78,29,13,-11
26,-234,71,32,11,-11
23,-235,72,36,10,-9
26,-235,75,41,9,-9
27,-233,75,45,10,-8
25,-238,76,47,12,-8
27,-235,73,45,14,-9
24,-231,73,42,16,-10
27,-233,75,36,16,-11
33,-237,75,33,16,-11
29,-237,73,30,13,-11
29,-234,70,31,14,-10
25,-236,79,30,14,-10
26,-235,71,33,14,-9
25,-231,74,36,13,-7
29,-234,75,40,13,-5
24,-231,76,44,13,-5
29,-233,77,46,14,-4
25,-237,77,47,13,-5
25,-233,72,46,12,-5
20,-230,76,44,9,-7
27,-235,74,41,6,-8
26,-232,73,41,5,-10
27,-235,76,40,6,-11
28,-233,75,40,6,-11
26,-239,76,41,7,-9
29,-237,78,45,9,-10
26,-233,75,48,11,-10
26,-233,69,50,13,-6
28,-234,75,52,16,-5
21,-236,77,53,19,-5
30,-234,75,52,20,-4
28,-230,75,52,20,-3
26,-232,73,49,18,-3
26,-230,73,45,18,-5
26,-230,74,41,17,-5
28,-235,77,39,15,-5
32,-236,80,36,15,-5
27,-235,77,36,18,-6
25,-234,72,34,19,-8
27,-235,70,33,22,-9
27,-237,73,30,22,-10
27,-234,71,28,20,-8
25,-234,75,24,18,-8
24,-235,77,24,15,-10
28,-237,76,21,13,-10
28,-234,76,22,11,-10
29,-236,76,23,9,-9
21,-230,73,23,8,-8
26,-234,71,25,8,-8
27,-230,72,27,9,-7
26,-233,77,28,11,-6
25,-224,70,29,14,-6
26,-233,76,26,15,-3
27,-234,70,26,16,-2
27,-235,74,26,16,-1
25,-235,77,25,15,-1
26,-233,76,25,13,-1
25,-232,76,26,13,-2
26,-236,72,27,13,-3
25,-232,74,30,13,-5
28,-234,77,33,12,-4
29,-235,73,37,12,-6
27,-235,79,40,11,-7
26,-236,70,41,12,-7
28,-234,74,39,13,-8
24,-233,74,37,13,-7
27,-234,76,32,11,-6
25,-234,76,28,8,-6
26,-233,79,21,5,-5
26,-234,70,17,1,-4
25,-234,72,17,1,-3
27,-233,76,18,1,-2
27,-239,76,22,2,-2
25,-242,73,27,6,-2
27,-238,72,33,8,0
25,-231,69,38,9,-1
23,-236,72,41,9,-3
24,-235,74,40,9,-6
26,-235,74,36,10,-6
28,-237,74,33,9,-7
30,-238,72,30,9,-6
28,-234,73,30,9,-6
22,-234,74,32,9,-4
27,-239,72,38,10,-4
24,-231,70,45,11,-4
28,-238,72,53,13,-4
27,-237,71,60,14,-6
26,-234,72,63,15,-5
27,-234,75,63,17,-5
27,-236,74,58,18,-7
29,-235,73,51,15,-10
25,-235,71,47,12,-11
28,-237,76,42,9,-11
26,-236,77,39,8,-13
25,-231,69,39,8,-15
29,-234,82,38,8,-14
27,-235,73,37,8,-15
27,-234,75,38,9,-14
27,-236,73,37,9,-13
25,-237,71,38,8,-13
28,-237,73,40,9,-14
28,-235,73,43,9,-12
27,-234,72,50,9,-10
26,-238,71,54,9,-12
28,-233,72,56,11,-11

