-.-.-
-13,-260,43,-9,76,-4
-12,-261,40,-9,77,-4
-16,-262,43,-10,76,-4
-14,-263,40,-11,76,-5
-13,-264,41,-13,74,-4
-15,-261,41,-14,73,-5
-12,-258,44,-14,72,-4
-13,-262,42,-11,72,-4
-8,-267,41,-11,72,-6
-9,-259,40,-13,73,-4
-8,-265,40,-14,74,-6
-10,-263,51,-14,74,-6
-14,-260,42,-15,74,-5
-12,-260,42,-15,73,-5
-10,-264,31,-14,73,-4
-14,-267,38,-14,73,-5
-10,-261,41,-15,73,-4
-14,-262,40,-16,71,-3
-10,-264,42,-17,72,-3
-10,-263,41,-17,72,-3
-11,-266,36,-17,70,-3
-14,-260,39,-16,70,-4
-11,-263,42,-15,70,-4
-11,-264,40,-14,70,-4
-16,-261,42,-13,70,-4
-9,-264,36,-14,72,-4
-19,-271,45,-14,72,-5
-17,-271,41,-14,71,-5
-15,-264,46,-14,71,-3
-18,-271,44,-16,71,-3
-5,-270,46,-17,70,-1
-18,-261,42,-15,69,-2
-2,-267,33,-17,69,-2
-24,-267,47,-17,68,-3
-19,-264,39,-17,68,-1
-8,-263,45,-15,67,-2
-12,-262,42,-16,68,-2
-13,-260,41,-15,69,-3
-8,-261,43,-16,69,-4
-13,-261,37,-17,68,-4
-12,-264,43,-19,68,-3
-25,-258,30,-21,67,-4
-17,-263,34,-26,67,-5
-10,-259,39,-27,67,-5
-13,-268,40,-27,67,-5
-12,-258,41,-28,67,-6
-15,-268,43,-28,67,-5
-11,-261,46,-28,67,-6
-10,-267,39,-27,67,-6
-14,-265,39,-26,64,-6
-14,-267,45,-27,64,-5
-14,-261,40,-25,63,-3
-13,-260,43,-25,64,-4
-10,-263,44,-24,64,-2
-10,-264,40,-23,62,-5
-13,-263,39,-22,64,-4
-13,-260,47,-21,63,-4
-17,-264,42,-21,63,-2
-11,-268,32,-18,63,-3
-11,-264,42,-16,62,-4
-14,-261,44,-16,63,-3
-11,-267,39,-13,63,-2
-15,-261,37,-13,63,-3
-14,-268,50,-12,64,-4
-3,-254,31,-10,63,-3
-5,-262,40,-9,64,-2
-12,-261,43,-8,66,-2
-11,-262,45,-8,66,-2
-11,-261,39,-7,65,-1
-11,-264,42,-6,65,-2
-9,-263,35,-8,67,-1
-14,-260,43,-8,67,0
-9,-264,40,-9,68,-1
-13,-262,40,-7,69,-1
-20,-258,35,-7,68,0
-11,-265,41,-6,68,0
-14,-264,55,-5,70,-1
-17,-262,41,-5,70,-2
-6,-260,43,-7,70,0
-9,-261,46,-8,71,0
-10,-255,36,-9,71,1
-14,-259,42,-11,71,-1
-10,-262,39,-14,72,0
-13,-261,40,-16,71,0
-10,-262,37,-18,69,-1
-8,-263,39,-19,71,-3
-5,-262,37,-22,69,-4
-15,-265,35,-23,70,-3
-15,-265,32,-24,69,-3
-16,-261,43,-25,70,-2
-12,-262,34,-23,69,-5
-15,-262,41,-21,68,-4
-15,-263,46,-18,67,-2
-12,-265,43,-17,68,-3
-12,-264,34,-16,65,-4
-19,-260,49,-15,64,-2
-12,-260,37,-13,63,-4
-13,-262,44,-10,61,-2
-11,-262,41,-9,61,-1
-12,-264,45,-10,59,-3
-5,-257,42,-10,58,-2
-16,-269,43,-12,57,-2
-8,-262,40,-12,58,-1
-12,-262,44,-12,59,-2
-23,-272,47,-12,59,-3
-11,-263,42,-12,60,-2
-10,-267,39,-12,60,0
-12,-262,39,-8,59,-1
-13,-263,40,-6,57,0
-13,-267,43,-5,57,0
-13,-262,44,-5,56,2
-14,-262,45,-4,56,1
-13,-265,42,-4,56,2
-17,-266,39,-6,58,2
-10,-264,40,-5,58,0
-12,-264,41,-6,59,0
-10,-264,42,-5,60,0
-12,-265,43,-6,61,1
-13,-265,55,-5,61,1
-10,-264,42,-5,61,2
-8,-263,44,-4,62,0
-12,-260,45,-5,61,1
-11,-263,46,-5,63,1
-4,-270,52,-8,63,1
-11,-263,43,-11,63,1
-10,-262,42,-13,64,1
-13,-262,46,-16,65,-1
-11,-263,36,-18,66,0
-13,-262,42,-17,65,-1
-12,-263,42,-19,68,0
-11,-261,41,-18,67,1
-12,-262,41,-16,67,0
-11,-260,40,-16,67,-1
-6,-261,43,-14,67,0
-14,-261,41,-14,68,0
-11,-261,40,-13,68,0
-11,-261,42,-14,68,-2
-10,-261,41,-15,68,-3
-12,-258,43,-16,70,-1
-12,-260,40,-18,70,-2
-14,-262,44,-19,70,-2
-10,-261,41,-21,70,-3
-13,-263,42,-21,69,-3
-13,-261,43,-22,70,-2
-11,-262,39,-22,69,-2
-15,-261,42,-21,71,-3
-12,-262,42,-22,70,-1
-13,-265,41,-22,69,-2
-14,-261,40,-22,69,-1
-13,-263,40,-22,68,-3
-14,-262,38,-24,68,-2
-10,-262,42,-24,67,-2
-12,-261,39,-25,68,-3
-13,-262,42,-26,68,-3
-12,-265,39,-26,68,-4
-11,-261,43,-26,70,-3
-11,-263,37,-24,69,-3
-11,-265,40,-23,69,-4
-11,-263,43,-24,68,-3
-10,-263,42,-22,68,-4
-11,-262,43,-20,69,-4
-9,-266,45,-17,68,-4
-13,-261,40,-16,67,-4
-11,-267,39,-17,67,-5
-14,-261,39,-16,66,-4
-12,-264,40,-17,66,-3
-12,-260,41,-18,67,-4
-13,-262,39,-18,68,-5
-15,-263,38,-19,68,-4
-12,-262,42,-19,68,-4
-12,-263,42,-19,69,-4
-13,-262,40,-20,70,-3
-11,-264,39,-21,70,-3
-5,-264,45,-22,72,-3
-9,-262,43,-23,72,-5
-12,-249,41,-22,72,-3
-10,-263,38,-22,72,-3
-10,-263,39,-23,73,-3
-11,-263,36,-23,74,-3
-13,-261,40,-22,73,-3
-11,-263,41,-21,73,-5
-9,-262,45,-22,74,-5
-13,-266,38,-20,74,-4
-11,-265,37,-20,75,-3
-13,-260,41,-22,75,-3
-12,-262,37,-23,75,-4
-15,-264,38,-21,77,-3
-13,-261,43,-22,77,-2
-13,-264,39,-23,77,-1
-11,-263,41,-22,77,-2
-11,-259,36,-22,78,-3
-13,-260,39,-21,76,-2
-13,-260,39,-22,78,-3
-13,-265,38,-25,79,-4
-10,-261,39,-27,78,-4
-16,-261,36,-28,78,-6
-15,-262,41,-28,78,-7
-17,-276,36,-28,78,-7
-12,-266,42,-27,79,-7
-14,-263,42,-27,79,-9
-13,-264,38,-26,79,-8
-14,-263,37,-25,79,-8
-12,-261,39,-24,77,-9
-12,-260,37,-22,76,-10
-10,-265,39,-20,74,-9
-11,-261,41,-19,72,-7
-11,-265,37,-18,71,-6
-13,-263,40,-20,72,-5
-10,-262,41,-22,70,-5
-10,-263,41,-24,72,-4
-10,-262,36,-26,72,-4
-12,-263,43,-28,73,-6
-12,-260,38,-31,73,-4
-14,-261,40,-31,73,-4
-11,-262,37,-32,74,-3
-12,-265,35,-33,72,-3
-14,-262,38,-33,73,-4
-12,-266,39,-33,73,-4
-14,-264,35,-34,71,-4
-13,-266,41,-34,70,-4
-11,-265,37,-32,71,-3
-10,-262,38,-31,70,-4
-14,-261,39,-29,69,-4
-11,-262,37,-30,70,-3
-14,-263,36,-28,71,-4
-10,-263,37,-27,69,-1
-11,-262,38,-26,67,-1
-10,-264,39,-25,67,-2
-9,-262,38,-24,67,-1
-10,-263,38,-23,67,-2
-8,-263,40,-23,65,-2
-11,-264,38,-24,65,-2
-9,-262,39,-24,67,-2
-11,-262,38,-24,68,-3
-9,-267,39,-25,68,-3
-10,-264,40,-25,68,-4
-11,-262,39,-24,67,-5
-13,-263,38,-22,67,-2
-14,-260,37,-22,67,-5
-13,-260,44,-20,67,-2
-10,-264,40,-20,66,-3
-15,-260,37,-19,64,-3
-12,-263,39,-20,62,-2
-11,-264,39,-21,63,-2
-13,-262,41,-22,64,-1
-12,-262,38,-21,64,0
-13,-263,36,-21,63,-2
-11,-258,39,-20,64,0
-11,-265,41,-20,65,-1
-14,-264,39,-18,66,-1
-13,-263,38,-17,65,-1
-9,-262,37,-17,67,-1
-11,-259,38,-19,66,0
-11,-263,39,-18,65,-1
-11,-263,34,-18,66,-1
-12,-263,40,-19,68,-1
-15,-262,41,-18,68,-2
-12,-263,38,-19,67,-2
-11,-262,39,-18,66,-2
-12,-264,40,-18,65,-1
-11,-263,40,-18,65,-1
-14,-267,40,-19,65,-1
-11,-265,41,-17,65,-2
-11,-263,41,-16,66,-2
-10,-264,37,-15,66,-1
-12,-262,37,-14,65,-2
-13,-261,41,-13,64,-1
-13,-263,39,-14,65,-1
-12,-263,39,-11,63,-1
-9,-266,43,-10,64,-1
-12,-262,39,-8,63,0
-13,-261,38,-9,63,-1
-11,-262,39,-7,64,-1
-12,-262,40,-6,63,-2
-12,-266,40,-6,63,-1
-12,-263,40,-6,61,0
-11,-260,36,-4,60,-1
-10,-264,38,-5,62,-1
-11,-259,38,-5,61,-1
-10,-265,39,-4,64,0
-11,-262,41,-2,63,1
-9,-263,36,0,63,1
-9,-255,34,0,62,0
-6,-265,38,2,64,0
-11,-262,38,4,65,2
-13,-262,39,4,65,0
-15,-261,41,4,64,-1
-12,-263,39,2,63,0
-10,-263,39,1,65,-1
-13,-261,41,0,65,0
-14,-262,38,0,66,1
-12,-262,41,0,67,1
-13,-262,37,-1,67,-1
-12,-261,38,-1,68,0
-9,-266,41,-1,70,-1
-11,-262,39,-3,70,-1
-12,-262,45,-5,70,-2
-13,-262,36,-4,70,-3
-10,-263,40,-6,70,-3
-14,-260,42,-6,69,-5
-10,-261,38,-6,72,-4
-12,-261,40,-8,72,-4
-12,-262,38,-8,71,-4
-10,-261,33,-9,70,-6
-12,-264,39,-10,70,-4
-15,-262,38,-9,70,-3
-14,-264,41,-7,71,-4
-13,-263,37,-6,72,-4
-13,-262,43,-4,73,-4
-12,-263,38,-1,74,-4
-13,-261,41,0,73,-2
-12,-262,40,2,73,-3
-14,-259,41,4,71,-4
-11,-260,39,3,72,-3
-15,-260,39,2,71,-4
-12,-259,39,1,71,-4
-10,-260,38,-2,70,-5
-13,-262,39,-5,71,-3
-11,-261,39,-6,70,-3
-14,-262,43,-9,70,-3
-12,-263,39,-7,71,-4
-13,-262,37,-6,73,-4
-12,-264,41,-4,73,-2
-12,-262,40,-4,71,-3
-14,-263,44,-2,72,-2
-7,-260,35,-2,71,-4
-14,-265,38,-2,70,-3
-11,-264,40,-4,70,-3
-15,-262,36,-6,70,-3
-15,-260,37,-7,68,-2
-12,-263,38,-8,68,-2
-10,-266,39,-9,67,-2
-12,-265,40,-9,68,-3
-11,-263,39,-9,67,-2
-15,-264,42,-9,68,-2
-10,-261,41,-9,68,-2
-14,-263,40,-7,67,-4
-11,-262,39,-6,66,-3
-10,-261,40,-5,65,-2
-11,-265,43,-4,66,-2
-12,-263,39,-4,64,-2
-13,-262,38,-4,65,-2
-14,-263,38,-4,65,0
-14,-263,40,-5,65,0
-14,-264,35,-5,64,-1
-10,-265,41,-5,64,-2
-14,-261,38,-6,66,-2
-11,-265,42,-8,67,-3
-11,-262,38,-7,66,-3
-15,-258,38,-8,67,-2
-12,-260,38,-8,66,-3
-13,-261,37,-9,65,-4
-12,-262,41,-9,65,-3
-15,-261,40,-9,66,-3
-11,-262,39,-10,65,-3
-10,-261,39,-9,65,-4
-13,-262,41,-9,65,-4
-11,-262,39,-9,65,-3
-12,-262,40,-7,65,-2
-13,-261,39,-7,65,-2
-9,-263,37,-5,66,-2
-14,-262,42,-6,65,-1
-12,-260,39,-8,66,-3
-13,-262,42,-8,66,-1
-12,-264,40,-8,68,-1
-11,-264,37,-9,68,-1
-10,-261,40,-11,67,-3
-18,-271,47,-11,67,-2
-12,-266,40,-11,67,-3
-11,-263,40,-12,67,-2
-13,-264,40,-12,67,-1
-12,-262,38,-12,66,-1
-9,-265,37,-11,67,-3
-14,-264,40,-11,67,-3
-11,-264,40,-10,67,-3
-12,-260,40,-9,67,-1
-12,-263,44,-9,67,-2
-11,-263,36,-7,66,-3
-12,-265,40,-6,68,-3
-14,-263,38,-5,67,-4
-14,-262,40,-3,69,-4
-12,-263,39,-2,68,-2
-10,-263,39,-3,68,-3
-11,-261,43,-3,67,-3
-11,-264,40,-3,67,-4
-12,-263,40,-4,68,-3
-10,-263,37,-4,68,-5
-13,-263,41,-5,68,-5
-14,-260,41,-5,68,-3
-9,-265,35,-6,67,-3
-10,-262,41,-7,67,-4
-13,-261,42,-6,67,-4
-8,-263,38,-7,70,-4
-9,-265,40,-5,69,-3
-11,-264,37,-6,69,-3
-12,-262,42,-5,71,-2
-9,-264,42,-5,70,-1
-13,-263,41,-4,70,-1
-7,-262,40,-5,70,-2
-12,-262,42,-5,72,-2
-14,-263,42,-6,72,-3
-10,-265,37,-7,70,-2
-13,-261,42,-7,71,-2
-9,-263,40,-9,70,-4
-12,-263,39,-9,71,-5
-11,-266,41,-10,72,-4
-14,-262,41,-13,72,-4
-12,-264,39,-13,72,-4
-13,-264,39,-13,70,-3
-11,-262,41,-13,70,-4
-10,-261,38,-14,72,-4
-9,-265,41,-12,70,-5
-13,-263,41,-11,69,-4
-9,-266,42,-9,69,-5
-14,-262,43,-10,70,-4
-15,-262,40,-8,71,-4
-11,-262,39,-7,71,-3
-13,-263,40,-8,72,-6
-14,-261,39,-8,73,-6
-14,-263,44,-8,71,-5
-11,-261,40,-7,71,-4
-13,-263,42,-4,71,-5
-11,-262,39,-3,71,-4
-9,-263,42,-1,69,-4
-12,-262,43,-2,70,-4
-9,-263,41,-2,70,-5
-10,-262,42,-3,70,-5
-12,-261,40,-5,70,-5
-11,-261,41,-7,70,-4
-10,-263,40,-8,71,-3
-13,-263,44,-7,71,-4
-14,-263,31,-7,71,-3
-12,-261,41,-5,72,-2
-14,-262,39,-5,71,-3
-11,-264,39,-5,72,-1
-13,-263,41,-5,72,-1
-14,-263,42,-6,72,-3
-15,-260,40,-7,72,-1
-11,-264,45,-8,72,-1
-10,-264,42,-8,71,-4
-10,-264,45,-9,73,-2
-10,-262,43,-10,73,-2
-12,-264,41,-11,72,-2
-10,-263,42,-10,72,-2
-11,-263,40,-12,72,-2
-12,-262,39,-10,69,-3
-13,-261,37,-10,69,-3
-11,-263,40,-9,68,-4
-11,-261,43,-9,67,-3
-12,-261,40,-9,68,-3
-12,-260,42,-10,69,-3
-12,-262,39,-10,68,-3
-12,-266,42,-11,66,-2
-18,-260,27,-10,66,-2
-13,-264,36,-10,66,-2
-13,-262,38,-11,66,-3
-10,-264,40,-10,66,-1
-13,-263,41,-10,67,-1
-12,-261,39,-11,67,-2
-10,-261,38,-12,67,-2
-11,-261,38,-12,65,-1
-9,-262,40,-13,66,-2
-7,-262,42,-13,65,-2
-10,-265,41,-13,65,-4
-13,-261,41,-12,67,-2
-10,-261,41,-11,66,-4
-9,-263,40,-12,66,-5
-11,-261,41,-12,68,-3
-12,-261,39,-11,68,-3
-11,-262,39,-10,68,-3
-14,-263,39,-9,67,-4
-13,-258,41,-9,65,-5
-13,-259,42,-9,65,-3
-9,-262,40,-11,65,-2
-2,-254,39,-12,68,-2
-14,-261,42,-13,65,-2
-10,-264,41,-14,66,-2
-14,-260,40,-13,66,-2
-13,-263,41,-15,65,-3
-15,-260,40,-14,66,-2
-10,-262,42,-14,66,-1
-13,-266,39,-14,66,-3
-12,-263,43,-13,67,-2
-11,-259,39,-13,66,-2
-13,-261,39,-13,66,-1
-12,-264,39,-14,64,-2
-12,-264,41,-13,65,-2
-10,-266,41,-11,65,-3
-10,-263,39,-11,65,-3
-13,-263,41,-10,65,-2
-13,-262,40,-11,68,-3
-15,-263,37,-11,72,-3
-12,-263,42,-12,77,-2
-12,-267,43,-14,83,-2
-16,-266,42,-15,88,-1
-13,-276,49,-14,94,-1
-11,-265,41,-10,97,-1
-9,-265,36,-7,101,-1
-10,-266,37,-2,105,1
-9,-264,33,1,110,1
-10,-267,34,4,110,2
-11,-267,32,7,112,2
-9,-269,31,7,115,3
-9,-266,28,5,117,2
-8,-269,22,5,115,-1
-5,-270,26,9,111,-1
-7,-271,27,13,107,-1
-7,-271,21,20,105,-1
-9,-271,22,28,105,-2
-7,-271,23,36,103,-2
-7,-273,20,43,102,-6
-5,-267,19,49,102,-7
-3,-270,20,52,101,-6
-1,-272,10,54,106,-7
-1,-271,11,51,111,-12
-6,-270,15,49,115,-15
0,-269,12,49,117,-20
-5,-275,14,51,121,-25
0,-271,14,52,126,-27
-5,-270,15,53,127,-30
-4,-269,13,55,130,-34
-6,-269,15,56,132,-35
-5,-270,13,59,131,-36
-3,-270,15,62,129,-36
-2,-271,15,63,130,-35
-8,-269,10,66,129,-35
-8,-266,12,66,131,-34
-8,-267,14,67,129,-30
-8,-268,10,68,123,-30
-11,-270,8,70,119,-29
-11,-266,10,72,116,-28
-14,-264,12,70,114,-26
-9,-264,7,71,113,-23
-11,-266,13,68,107,-22
-13,-263,8,68,102,-19
-14,-267,10,70,96,-14
-12,-268,13,72,90,-9
-12,-261,12,75,84,-5
-7,-255,14,78,80,-5
-11,-262,12,77,76,-5
-14,-259,9,71,72,-3
-13,-257,9,60,71,-4
-11,-256,9,46,71,-5
-13,-256,8,29,74,-6
-11,-255,9,9,76,-8
-14,-251,9,-12,78,-8
-12,-247,11,-34,78,-11
-12,-252,9,-57,77,-12
-14,-246,12,-82,71,-15
-16,-244,13,-110,67,-18
-15,-245,19,-138,63,-20
-16,-249,22,-166,60,-22
-11,-247,20,-193,60,-25
-13,-249,25,-215,62,-27
-11,-249,25,-238,62,-31
-11,-249,27,-254,64,-34
-12,-248,27,-268,64,-37
-11,-248,28,-281,64,-39
-10,-248,31,-297,63,-43
-11,-250,32,-313,57,-47
-15,-244,30,-332,51,-51
-15,-241,26,-352,44,-55
-12,-238,21,-373,38,-61
-7,-241,23,-396,34,-68
-8,-238,20,-425,36,-79
-5,-241,15,-457,43,-89
-3,-239,13,-486,55,-101
-1,-242,9,-526,66,-112
0,-245,8,-569,79,-123
-3,-249,10,-607,90,-127
-3,-251,11,-639,100,-132
-1,-256,6,-662,107,-132
0,-262,7,-675,114,-132
0,-264,4,-678,118,-130
1,-268,4,-671,120,-125
0,-266,5,-658,119,-121
0,-263,4,-641,118,-113
0,-260,4,-623,117,-107
1,-256,2,-610,116,-101
1,-250,2,-607,115,-101
2,-243,1,-611,116,-105
1,-238,2,-621,120,-111
2,-229,0,-646,126,-121
1,-227,0,-681,134,-130
0,-228,1,-725,144,-140
0,-228,0,-772,154,-146
-2,-229,-1,-815,162,-152
-6,-236,2,-850,166,-153
-3,-239,3,-875,166,-153
-5,-243,2,-886,164,-150
-6,-248,7,-890,164,-143
-3,-251,2,-885,163,-134
-3,-255,4,-876,161,-127
-5,-253,3,-862,157,-118
-2,-258,0,-848,151,-113
-6,-254,0,-838,143,-110
-3,-253,0,-825,132,-114
-3,-251,-1,-815,124,-117
-1,-247,-12,-806,120,-122
-3,-241,-15,-805,115,-129
-5,-235,-17,-809,111,-137
0,-234,-18,-821,110,-147
0,-232,-17,-838,111,-157
-3,-223,-40,-859,111,-164
0,-228,-19,-877,112,-170
0,-232,-14,-891,115,-174
-1,-233,-17,-900,115,-174
-1,-239,-12,-906,110,-175
0,-239,-7,-906,103,-173
-4,-242,-4,-903,90,-173
-2,-245,-7,-891,69,-172
-3,-247,-6,-873,46,-172
-4,-244,-10,-852,22,-173
-6,-243,-15,-829,3,-174
-6,-242,-20,-804,-10,-179
-8,-237,-25,-786,-12,-185
-10,-234,-30,-777,-13,-196
-13,-229,-31,-774,-12,-206
-13,-228,-29,-774,-12,-212
-11,-223,-24,-776,-16,-212
-13,-217,-18,-771,-21,-206
-8,-219,-18,-763,-28,-197
-3,-222,-13,-756,-33,-189
1,-225,-7,-747,-33,-178
1,-228,-4,-738,-28,-171
19,-233,-7,-731,-18,-169
8,-239,-4,-725,-10,-168
9,-245,-4,-720,-4,-166
7,-250,-8,-706,-2,-164
8,-255,-14,-680,-4,-165
3,-255,-13,-640,-6,-165
1,-253,-19,-592,-6,-166
4,-254,-26,-542,-8,-167
3,-247,-29,-493,-8,-165
1,-240,-32,-446,-10,-162
-2,-230,-28,-406,-13,-152
-5,-222,-30,-372,-20,-136
0,-215,-27,-347,-32,-117
4,-214,-22,-337,-46,-94
8,-211,-27,-340,-57,-76
8,-214,-23,-351,-51,-56
14,-224,-25,-367,-32,-34
18,-236,-21,-388,0,-16
21,-245,-27,-412,33,-6
23,-255,-22,-425,63,-4
16,-264,-20,-423,78,-17
12,-269,-14,-408,79,-36
9,-266,-16,-369,69,-58
6,-260,-21,-306,58,-75
3,-254,-20,-233,53,-85
0,-244,-21,-165,51,-91
0,-231,-18,-114,49,-87
0,-218,-27,-85,48,-79
0,-213,-30,-80,47,-64
1,-207,-31,-97,48,-47
4,-211,-36,-138,53,-30
9,-220,-38,-196,66,-13
6,-236,-39,-255,90,-6
11,-238,-34,-301,113,0
8,-244,-34,-327,126,6
11,-257,-35,-331,134,8
8,-265,-30,-315,140,3
7,-274,-36,-274,142,-13
5,-271,-20,-210,150,-44
-5,-272,-21,-141,151,-67
-14,-266,-22,-42,142,-75
-16,-262,-17,58,131,-68
-18,-256,-22,149,117,-54
-21,-255,-28,222,111,-35
-14,-254,-34,261,110,-8
-8,-256,-39,271,114,10
-4,-251,-39,254,122,8
-6,-251,-46,223,133,9
-2,-252,-45,192,140,11
2,-257,-45,170,139,13
3,-257,-46,166,131,1
11,-261,-43,172,116,-13
10,-262,-38,190,96,-40
10,-261,-35,220,80,-64
2,-259,-33,265,74,-82
3,-260,-29,323,69,-72
10,-255,-26,385,64,-51
4,-252,-22,448,59,-35
4,-250,-21,501,60,-18
14,-257,-23,537,63,4
11,-255,-25,554,71,8
12,-260,-28,553,85,17
6,-265,-34,541,102,25
12,-271,-29,518,110,41
0,-270,-40,498,118,42
4,-279,-42,481,121,49
20,-293,-36,475,116,53
3,-294,-38,499,115,34
5,-293,-38,538,108,41
0,-291,-36,596,94,57
3,-288,-38,652,74,80
4,-285,-38,710,59,99
4,-281,-38,761,50,119
5,-279,-36,805,48,128
2,-273,-36,845,52,138
4,-270,-35,865,51,139
-6,-262,-32,867,54,130
1,-270,-33,850,46,127
-2,-276,-32,835,46,116
3,-285,-21,823,41,110
-3,-290,-24,817,39,102
0,-298,-24,818,36,102
-1,-308,-12,831,32,102
0,-315,-15,861,38,107
0,-315,-13,899,41,120
0,-311,-15,938,43,137
4,-314,-13,975,45,153
3,-310,-11,1007,43,168
4,-309,-12,1034,42,178
6,-311,-11,1057,38,184
5,-315,-2,1075,37,186
6,-328,8,1097,35,190
5,-346,15,1137,39,196
4,-365,19,1174,42,201
1,-384,14,1198,47,201
-2,-401,21,1212,64,198
-11,-428,30,1228,99,206
-18,-457,42,1275,138,232
-24,-491,54,1381,155,284
-31,-499,50,1567,134,363
-32,-478,32,1816,75,456
-17,-443,19,2041,-4,525
-1,-397,3,2164,-64,557
5,-355,-2,2157,-90,547
18,-326,-7,2014,-83,523
24,-305,-12,1769,-53,485
29,-302,-14,1460,-6,436
34,-298,9,1148,49,369
17,-296,19,890,90,292
7,-297,33,708,102,225
2,-299,49,604,87,169
-3,-300,58,566,54,126
-1,-291,61,574,15,88
-3,-285,67,610,-14,55
-7,-269,69,664,-33,32
-9,-255,73,723,-42,18
-10,-242,76,774,-48,13
-14,-234,76,804,-50,9
-15,-227,76,810,-45,11
-11,-227,78,805,-30,16
-9,-228,81,792,-13,21
-7,-236,90,778,6,22
-4,-235,97,769,25,21
-10,-237,92,767,40,22
-12,-235,97,765,44,25
-14,-234,98,767,45,31
-13,-239,97,770,47,39
-13,-233,99,770,48,53
-15,-234,93,771,53,68
-11,-231,95,769,67,89
-17,-235,87,773,89,113
-18,-236,83,775,110,139
-17,-240,82,782,128,163
-18,-244,82,786,144,185
-15,-248,74,787,157,206
-14,-253,71,783,169,222
-13,-258,66,771,179,233
-10,-258,61,754,189,236
-7,-261,60,735,193,234
-3,-263,59,711,197,227
0,-264,57,685,202,216
-6,-263,56,663,211,206
-1,-265,58,637,224,193
-2,-264,54,613,233,184
-1,-267,60,595,240,174
-4,-262,65,582,243,162
-3,-261,66,574,242,152
-4,-261,68,571,238,144
-6,-262,69,572,231,136
-5,-260,73,572,221,130
-9,-259,84,573,213,127
-9,-256,74,570,203,125
-7,-259,75,564,193,127
-8,-257,73,552,188,128
-6,-259,79,540,183,128
-11,-258,81,527,181,127
-11,-263,81,517,173,122
-13,-263,83,510,162,115
-12,-263,80,507,153,109
-13,-259,85,504,145,105
-11,-262,84,498,144,100
-14,-261,83,490,140,98
-16,-259,84,476,134,93
-17,-256,85,463,127,87
-20,-256,85,452,122,80
-18,-255,87,435,116,75
-20,-254,92,417,109,69
-25,-254,95,396,98,62
-23,-253,96,372,87,57
-25,-254,95,351,79,49
-30,-254,99,333,72,42
-29,-255,101,317,69,38
-35,-252,105,308,67,33
-34,-252,97,307,67,31
-30,-251,93,309,65,32
-34,-248,95,309,66,31
-33,-248,93,309,68,28
-36,-242,95,303,69,27
-34,-248,93,288,66,20
-34,-242,99,275,64,15
-41,-241,100,259,62,12
-37,-238,104,238,66,12
-33,-238,103,215,74,11
-39,-240,103,193,82,13
-35,-241,102,178,90,17
-31,-247,103,172,97,21
-29,-248,99,175,101,28
-29,-251,100,187,103,34
-27,-253,99,204,105,39
-29,-256,100,227,108,40
-25,-255,103,254,107,40
-22,-258,101,284,103,41
-24,-255,107,312,96,39
-25,-255,99,335,90,37
-21,-255,102,355,83,35
-25,-251,100,368,79,34
-20,-249,100,373,75,34
-18,-253,101,373,73,32
-21,-249,102,373,70,33
-16,-250,102,377,68,33
-18,-253,102,379,68,28
-14,-251,105,382,70,25
-17,-247,107,387,73,20
-13,-250,104,391,73,13
-16,-250,107,395,69,6
-13,-247,109,400,63,1
-13,-246,107,405,58,-3
-14,-247,109,413,55,-6
-11,-242,105,422,52,-6
-10,-246,111,432,51,-5
-8,-245,110,440,55,-4
-14,-243,112,444,60,-3
-12,-244,110,447,62,-1
-12,-240,115,447,62,-1
-16,-240,120,449,58,1
-18,-242,120,451,54,5
-15,-238,119,450,53,9
-15,-236,117,444,54,15
-16,-236,118,442,57,21
-16,-238,121,435,64,26
-17,-232,122,427,69,28
-14,-236,124,414,77,30
-19,-234,126,405,78,35
-19,-234,125,397,78,39
-17,-234,126,381,79,41
-18,-235,126,367,76,42
-16,-232,127,356,75,43
-17,-240,123,342,76,45
-18,-236,128,329,81,42
-14,-233,132,322,82,40
-17,-233,129,319,81,39
-17,-231,131,317,83,39
-15,-233,127,316,84,39
-18,-227,128,312,88,37
-23,-224,127,306,88,36
-19,-223,127,297,86,33
-21,-222,128,282,85,32
-25,-221,125,262,85,31
-22,-222,128,239,89,32
-25,-223,131,220,91,31
-23,-226,129,196,93,33
-21,-227,133,175,97,34
-23,-227,134,160,102,36
-24,-231,135,147,105,39
-22,-234,131,137,104,40
-25,-234,134,132,102,41
-26,-236,131,133,96,42
-26,-237,131,136,89,42
-24,-235,129,143,82,44
-25,-236,128,150,75,44
-21,-236,128,156,73,43
-25,-233,128,160,73,42
-26,-230,130,163,73,41
-27,-229,131,165,69,39
-26,-227,128,165,64,35
-28,-226,128,163,60,34
-26,-228,132,158,57,28
-25,-227,130,152,53,26
-26,-228,129,145,52,22
-31,-232,129,136,55,19
-25,-227,133,130,59,17
-26,-227,134,125,63,15
-20,-231,132,122,68,15
-23,-231,136,118,70,16
-23,-231,136,116,73,14
-23,-229,137,113,76,14
-26,-228,135,111,75,13
-26,-227,139,107,72,9
-27,-226,131,106,67,5
-30,-224,132,101,64,1
-29,-224,132,94,63,-1
-26,-225,131,83,61,-4
-26,-225,132,71,65,-9
-29,-224,134,58,69,-14
-31,-223,133,48,71,-16
-26,-229,133,38,73,-17
-24,-231,134,30,75,-17
-24,-236,133,23,72,-17
-24,-235,135,18,71,-14
-24,-233,137,15,66,-10
-23,-237,136,14,63,-6
-22,-233,140,15,62,-2
-25,-232,137,14,64,1
-23,-230,134,12,64,3
-24,-230,136,11,64,2
-21,-232,134,6,62,1
-21,-234,133,2,59,1
-24,-231,135,-4,53,0
-24,-231,134,-9,51,-1
-19,-230,133,-11,49,-4
-17,-232,134,-10,50,-3
-17,-234,133,-8,53,-4
-20,-231,133,-5,57,-7
-21,-232,136,-1,61,-8
-21,-230,131,4,61,-7
-21,-231,136,7,63,-8
-22,-234,132,10,64,-10
-21,-234,133,11,64,-12
-20,-234,134,14,66,-11
-23,-235,132,15,69,-10
-21,-237,129,15,68,-9
-19,-234,131,16,70,-9
-31,-238,135,19,70,-8
-22,-232,134,19,70,-5
-20,-235,131,19,74,-4
-22,-232,130,19,75,-3
-19,-233,133,17,78,-1
-23,-232,133,16,80,-1
-23,-231,132,15,82,1
-21,-233,133,14,84,0
-23,-232,130,13,87,1
-23,-233,134,10,89,-1
-26,-235,134,9,90,0
-22,-233,132,7,92,1
-24,-230,132,4,91,-1
-26,-228,132,1,91,-1
-23,-230,132,-2,87,-1
-23,-232,133,-4,85,-1
-23,-229,130,-5,83,-4
-21,-234,135,-6,82,-5
-21,-232,134,-5,82,-4
-21,-230,135,-5,81,-5
-22,-233,132,-7,82,-5
-19,-232,135,-9,80,-8
-19,-229,145,-9,79,-8
-22,-233,134,-10,80,-7
-23,-233,134,-9,79,-7
-21,-232,133,-6,81,-7
-25,-233,135,-7,80,-6
-24,-234,131,-6,82,-5
-25,-232,135,-6,79,-3
-24,-233,138,-4,78,-1
-23,-231,131,-3,78,0
-23,-231,134,-1,75,-1
-24,-230,137,1,77,0
-21,-231,135,2,79,0
-24,-230,136,4,81,1
-23,-230,136,5,80,1
-23,-230,136,5,80,4
-24,-227,132,3,80,1
-24,-231,139,2,80,0
-27,-228,136,0,79,-2
-26,-230,134,-2,76,-2
-25,-234,133,-6,75,-2
-23,-232,136,-8,74,-4
-26,-230,134,-8,75,-4
-30,-234,139,-6,76,-1
-23,-231,135,-4,75,1
-22,-232,134,-3,73,1
-27,-228,135,-1,72,1
-23,-231,132,-1,69,4
-25,-229,131,-3,70,5
-23,-229,138,-5,71,4
-23,-229,133,-7,72,3
-25,-232,137,-11,73,2
-20,-232,134,-17,75,2
-25,-235,134,-20,75,-1
-23,-232,134,-19,75,-3
-23,-235,132,-18,73,-3
-24,-230,130,-17,70,-4
-24,-231,130,-17,67,-6
-23,-234,130,-18,66,-5
-21,-233,132,-18,65,-5
-22,-233,133,-14,68,-7
-25,-232,132,-11,68,-7
-25,-233,133,-6,66,-6
-24,-230,134,-2,65,-5
-24,-232,135,-1,64,-5
-19,-222,137,1,63,-3
-24,-231,137,2,64,-3
-24,-231,131,2,66,-3
-25,-232,134,2,64,-3
-24,-231,135,1,61,-4
-25,-230,135,1,61,-5
-25,-229,134,1,62,-6
-21,-232,132,0,63,-8
-20,-231,131,-3,66,-10
-23,-230,131,-5,69,-11
-22,-229,136,-7,72,-11
-22,-231,136,-11,74,-13
-23,-227,134,-15,76,-13
-22,-227,134,-18,74,-13
-18,-231,131,-19,73,-13
-24,-229,132,-22,72,-13
-21,-230,134,-26,72,-11
-21,-232,132,-26,74,-11
-24,-233,136,-25,75,-10
-24,-233,134,-24,76,-9
-23,-233,137,-23,77,-9
-26,-232,133,-21,78,-9
-25,-228,134,-19,75,-8
-23,-228,134,-16,75,-8
-22,-231,132,-14,72,-6
-22,-233,131,-13,72,-6
-24,-234,133,-13,72,-5
-24,-232,131,-12,69,-5
-23,-232,134,-12,68,-5
-21,-229,136,-12,68,-5
-21,-230,134,-12,72,-6
-22,-234,134,-11,73,-6
-23,-229,129,-13,76,-4
-23,-233,133,-15,77,-4
-21,-231,135,-14,78,-5
-25,-230,133,-15,76,-3
-24,-231,134,-15,77,-2
-25,-233,133,-15,75,0
-23,-231,132,-15,74,0
-26,-233,132,-15,74,0
-22,-234,132,-14,71,1
-24,-231,134,-12,69,-1
-25,-233,136,-11,68,-2
-26,-228,128,-11,70,-3
-27,-232,133,-11,72,-2
-23,-232,139,-8,72,-3
-23,-230,131,-6,72,-4
-27,-230,134,-3,72,-6
-27,-232,132,-1,73,-7
-25,-228,134,-1,72,-7
-22,-232,133,-1,73,-7
-27,-230,134,-1,73,-4
-24,-231,134,-3,72,-3
-23,-231,131,-3,72,-4
-24,-233,134,-4,73,-1
-24,-232,134,-5,73,-1
-23,-231,131,-8,75,0
-23,-232,133,-9,74,1
-23,-233,134,-10,78,1
-22,-230,136,-9,78,2
-24,-235,138,-10,77,0
-23,-233,133,-8,76,1
-24,-231,138,-7,75,0
-21,-231,132,-7,75,-1
-26,-228,133,-9,74,-1
-22,-230,142,-10,74,-3
-22,-230,132,-13,73,-3
-23,-231,131,-17,71,-5
-20,-230,132,-20,71,-6
-20,-235,133,-20,68,-6
-20,-232,135,-19,66,-5
-24,-233,135,-18,63,-5
-22,-234,135,-13,61,-7
-23,-232,137,-6,58,-5
-22,-232,135,-2,55,-3
-24,-233,135,3,55,-3
-28,-228,134,7,56,-2
-26,-232,135,11,57,-2
-21,-229,134,11,58,-1
-24,-233,136,10,60,-1
-24,-232,132,8,63,0
-26,-228,132,6,62,0
-22,-230,137,1,65,-2
-24,-232,133,0,65,0
-22,-232,132,-3,66,1
-20,-234,134,-3,66,2
-24,-230,138,-4,66,3
-23,-234,140,-5,64,3
-25,-231,137,-6,64,3
-21,-230,136,-8,63,1
-25,-232,136,-10,63,2
-26,-229,135,-12,62,2
-23,-233,135,-14,64,0
-27,-232,136,-15,64,1
-23,-232,134,-15,64,1
-24,-234,137,-16,63,2
-21,-231,134,-16,65,0
-21,-233,135,-16,64,0
-22,-232,134,-15,66,1
-24,-229,133,-14,68,0
-24,-228,133,-15,68,1
-25,-234,138,-15,69,-1
-23,-231,135,-15,70,-1
-26,-231,137,-17,73,-2
-24,-228,135,-20,74,-2
-22,-233,135,-21,75,-4
-24,-233,135,-23,76,-4
-22,-232,131,-24,76,-4
-24,-229,133,-24,74,-4
-26,-235,138,-23,71,-3
-22,-230,131,-21,68,-3
-26,-231,131,-22,63,-2
-24,-231,136,-22,65,-2
-24,-231,135,-20,66,-3
-22,-233,132,-16,66,-1
-24,-231,133,-12,67,-1
-23,-232,137,-9,68,-2
-21,-234,134,-3,68,0
-22,-230,134,-3,68,-1
-25,-228,135,-1,69,-2
-24,-229,132,-3,71,-3
-24,-232,131,-5,72,-1
-26,-229,135,-8,73,-3
-21,-231,134,-11,75,-3
-21,-233,137,-13,74,-6
-25,-231,132,-13,73,-5
-22,-233,138,-14,73,-5
-23,-231,134,-16,73,-5
-23,-231,133,-14,73,-4
-24,-229,136,-13,72,-6
-27,-232,130,-13,70,-5
-21,-231,132,-14,70,-5
-23,-234,137,-17,70,-5
-23,-230,133,-18,70,-5
-20,-230,134,-20,69,-3
-21,-234,135,-20,69,-2
-21,-231,134,-20,69,-2
-21,-231,136,-20,69,-1
-25,-231,132,-20,69,-2
-25,-230,133,-18,70,0
-19,-232,133,-16,70,1
-22,-232,134,-13,71,2
-24,-233,134,-10,72,3
-23,-233,135,-7,71,2
-21,-234,135,-5,70,2
-26,-232,136,-4,72,1
-24,-233,135,-3,72,1
-21,-231,132,-2,72,1
-23,-228,135,-5,74,0
-22,-234,136,-4,76,-2
-24,-234,133,-3,76,-1
-25,-231,137,-5,75,-1
-27,-236,140,-7,73,-2
-22,-230,135,-7,72,-1
-22,-231,136,-7,72,0
-26,-228,133,-7,71,-2
-23,-233,136,-8,73,-1
-24,-232,136,-8,72,0
-23,-233,131,-8,72,-1
-23,-233,133,-7,72,0
-25,-232,136,-6,75,-1
-25,-233,134,-7,76,-1
-24,-233,133,-7,76,0
-26,-230,135,-7,76,-1
-25,-232,133,-8,76,0
-24,-230,139,-6,76,0
-23,-230,131,-4,74,-1
-24,-229,136,-3,74,0
-23,-230,135,-1,74,0
-23,-232,133,0,75,-2
-25,-231,134,0,75,-3
-24,-229,137,0,73,-3
-24,-231,133,2,72,-1
-23,-229,135,1,72,-2
-32,-238,134,2,72,-4
-24,-234,134,2,73,-4
-25,-230,135,0,71,-3
-25,-229,136,-1,71,-5
-22,-232,132,-2,70,-4
-24,-232,133,-3,68,-4
-22,-231,138,-2,68,-5
-24,-232,136,-2,67,-3
-25,-230,135,-3,67,-2
-24,-231,133,-3,67,-3
-24,-234,135,-2,65,-2
-25,-230,133,-1,63,-2
-22,-232,127,-1,61,-2
-22,-231,135,-1,60,-1
-21,-229,137,-2,60,-4
-26,-233,136,-1,62,-4
-22,-230,134,0,64,-5
-23,-231,135,1,63,-5
-20,-231,133,2,65,-4
-22,-227,135,2,65,-2
-23,-230,135,2,65,-2
-21,-232,137,1,65,-1
-23,-233,139,1,66,-2
-24,-232,135,0,65,-3
-24,-231,137,0,64,-3
-24,-233,137,1,63,-3
-23,-229,136,1,64,-3
-26,-229,135,-1,65,-3
-26,-230,133,-1,64,-3
-24,-229,135,0,63,-3
-21,-233,139,1,63,-4
-21,-232,134,-1,63,-3
-23,-229,134,-2,65,-3
-22,-232,136,-2,67,-3
-26,-229,137,-2,67,-2
-24,-230,132,-5,65,-1
-26,-230,134,-7,65,-1
-22,-231,137,-10,64,-1
-22,-233,135,-12,63,-2
-24,-228,138,-15,65,-2
-23,-234,137,-14,66,-1
-21,-231,136,-12,68,-1
-24,-228,136,-10,67,-1
-21,-230,135,-10,68,-1
-29,-237,129,-10,70,-1
-25,-229,132,-10,70,-1
-23,-231,135,-10,68,-4
-24,-230,138,-10,69,-4
-21,-232,134,-12,69,-4
-23,-231,134,-13,69,-3
-20,-233,134,-15,69,-5
-22,-233,135,-16,68,-5
-24,-232,133,-15,68,-5
-24,-231,132,-14,68,-4
-24,-230,134,-13,69,-3
-22,-229,132,-12,68,-2
-24,-229,132,-11,65,-1
-27,-229,129,-11,63,0
-23,-233,132,-11,63,-1
-24,-230,133,-6,62,0
-25,-232,136,-1,61,0
-23,-230,133,2,61,2
-22,-232,137,6,59,3
-25,-231,139,8,58,2
-24,-233,135,11,59,2
-21,-235,142,11,59,1
-24,-232,137,11,62,2
-24,-233,138,12,63,2
-25,-229,136,11,64,1
-21,-231,137,9,63,2
-23,-230,134,7,64,2
-22,-231,137,6,65,1
-22,-231,138,4,66,2
-23,-232,135,2,67,2
-23,-226,138,0,66,2
-22,-228,136,0,66,1
-22,-232,138,-1,68,1
-22,-229,136,-2,68,1
-21,-229,136,-4,67,0
-23,-231,135,-5,67,0
-25,-228,138,-5,68,0
-20,-230,135,-7,67,0
-24,-231,136,-10,68,0
-25,-230,135,-10,66,0
-23,-230,133,-9,65,-1
-24,-231,132,-10,62,-2
-24,-232,134,-11,62,-1
-16,-229,135,-10,65,-2
-23,-230,138,-12,67,-2
-23,-233,133,-11,69,-2
-23,-231,134,-8,69,-2
-23,-233,137,-7,69,-1
-24,-232,133,-6,68,0
-22,-229,132,-5,66,0
-24,-231,135,-5,66,0
-23,-231,139,-7,66,2
-23,-232,134,-7,68,0
-21,-229,134,-8,70,0
-25,-231,135,-6,70,-2
-22,-232,140,-7,71,-2
-25,-228,135,-6,68,-3
-25,-229,134,-8,68,-3
-27,-230,139,-10,66,-4
-23,-230,135,-12,68,-4
-22,-230,137,-10,67,-4
-24,-232,131,-11,68,-4
-22,-233,133,-12,68,-3
-23,-232,137,-11,69,-2
-23,-229,132,-10,69,-2
-24,-230,140,-10,65,-2
-24,-232,137,-10,64,0
-20,-231,135,-10,67,-2
-26,-232,134,-9,67,-1
-26,-232,137,-8,68,-3
-23,-232,137,-6,69,-2
-25,-228,139,-5,68,-5
-24,-229,132,-3,68,-3
-22,-226,133,-5,68,-4
-23,-229,137,-6,69,-3
-26,-228,134,-6,69,-3
-24,-231,133,-7,69,-4
-25,-232,135,-8,70,-4
-22,-229,136,-9,71,-4
-24,-230,137,-10,71,-3
-26,-226,132,-12,72,-3
-24,-230,136,-13,70,-3
-24,-231,135,-13,69,-3
-25,-230,134,-15,70,-2
-25,-228,138,-18,71,-4
-23,-233,134,-17,69,-5
-26,-229,132,-16,68,-4
-31,-231,138,-16,67,-5
-24,-231,133,-14,65,-4
-21,-230,137,-12,66,-5
-24,-231,133,-12,66,-3
-23,-230,135,-10,65,-3
-24,-230,134,-7,67,-4
-25,-232,138,-6,70,-4
-23,-232,137,-6,69,-3
-25,-231,136,-7,71,-3
-24,-231,137,-8,71,-5
-26,-226,134,-8,71,-5
-25,-228,136,-8,71,-4
-24,-234,136,-9,69,-4
-22,-233,135,-8,68,-2
-25,-231,135,-7,69,-1
-22,-231,135,-6,67,-1
-25,-230,136,-6,67,-1
-21,-231,132,-6,68,0
-22,-232,135,-5,66,1
-20,-232,136,-6,64,-1
-23,-231,134,-6,63,-1
-22,-231,137,-6,63,-1
-26,-235,133,-6,65,-2
-22,-231,134,-6,66,-2
-26,-228,139,-6,64,-4
-24,-232,135,-8,66,-4
-24,-229,136,-8,67,-3
-24,-230,136,-8,69,-1
-22,-231,136,-10,69,-1
-25,-230,138,-10,71,-2
-26,-229,137,-12,71,-3
-24,-230,138,-12,74,-3
-24,-230,134,-11,73,-2
-22,-229,134,-10,69,-1
-23,-228,134,-12,70,0
-24,-229,135,-11,70,-1
-21,-232,140,-11,68,-2
-24,-233,138,-10,69,-1
-22,-231,134,-11,70,-1
-21,-232,137,-12,70,-1
-21,-232,139,-11,69,-2
-23,-232,136,-11,69,-4
-23,-230,134,-12,70,-4
-27,-229,136,-14,69,-4
-21,-231,135,-14,69,-5
-24,-233,134,-16,70,-5
-26,-229,134,-16,71,-6
-23,-231,135,-16,71,-5
-23,-233,134,-15,71,-4
-23,-232,138,-13,70,-2
-25,-231,134,-14,71,-1
-24,-228,136,-13,70,0
-22,-228,135,-13,70,-2
-22,-233,136,-15,69,-2
-24,-231,137,-15,71,-3
-22,-230,136,-16,70,-3
-23,-230,135,-18,69,-5
-28,-231,139,-20,69,-4
-24,-232,133,-20,69,-5
-21,-234,135,-20,69,-6
-25,-230,133,-20,71,-6
-23,-232,137,-18,70,-5
-24,-227,131,-17,68,-7
-22,-230,135,-16,67,-8
-25,-232,134,-14,68,-5
-14,-233,136,-9,70,-5
-23,-231,134,-5,70,-5
-21,-234,137,2,68,-6
-27,-229,137,4,69,-4
-24,-232,138,5,67,-3
-23,-232,136,3,66,-4
-21,-231,139,2,67,-4
-23,-233,138,-1,67,-4
-24,-230,135,-5,69,-5
-24,-229,138,-9,70,-6
-22,-228,135,-14,72,-6
-22,-224,141,-19,71,-6
-28,-229,136,-23,72,-5
-24,-227,138,-25,70,-5
-22,-227,136,-27,69,-5
-23,-229,134,-29,70,-6
-22,-230,131,-32,71,-6
-22,-231,139,-35,70,-6
-22,-233,137,-38,73,-9
-18,-232,135,-40,72,-9
-23,-233,134,-40,69,-12
-25,-228,134,-41,66,-9
-20,-234,135,-41,64,-9
-23,-230,137,-41,63,-9
-20,-231,137,-40,64,-8
-23,-231,135,-41,64,-9
-24,-229,136,-43,66,-7
-23,-231,138,-47,66,-8
-24,-228,135,-51,65,-9
-23,-231,138,-54,63,-7
-26,-229,134,-56,63,-6
-24,-227,139,-59,61,-4
-24,-230,136,-63,61,-5
-23,-230,135,-68,62,-7
-24,-230,138,-72,62,-7
-26,-230,136,-78,61,-7
-23,-227,133,-83,62,-8
-22,-232,135,-89,62,-8
-24,-229,135,-91,62,-9
-25,-229,134,-90,62,-10
-23,-227,136,-88,60,-10
-26,-230,135,-87,55,-10
-23,-230,134,-87,54,-10
-25,-227,139,-90,52,-10
-20,-227,141,-95,51,-8
-26,-228,133,-101,52,-7
-24,-226,135,-108,56,-7
-24,-228,133,-116,62,-9
-24,-228,134,-123,64,-11
-25,-226,132,-130,65,-12
-24,-227,134,-138,64,-11
-28,-227,136,-144,62,-13
-24,-229,133,-149,62,-13
-24,-231,133,-153,61,-12
-26,-230,132,-155,61,-13
-25,-230,132,-157,61,-14
-24,-230,133,-159,62,-14
-24,-230,129,-159,63,-13
-27,-228,132,-160,66,-14
-26,-228,132,-161,66,-12
-22,-226,131,-163,64,-10
-25,-224,131,-167,63,-11
-26,-223,128,-178,63,-10
-22,-224,128,-195,64,-7
-23,-221,129,-213,68,-4
-22,-219,126,-230,71,-1
-22,-224,129,-246,71,2
-22,-225,130,-266,70,2
-22,-229,133,-285,65,4
-23,-231,129,-301,62,4
-23,-233,131,-311,56,3
-22,-236,127,-316,51,3
-22,-237,132,-318,47,0
-24,-239,130,-315,45,-1
-20,-240,130,-312,44,-3
-23,-239,128,-310,44,-7
-21,-240,128,-306,43,-9
-21,-232,128,-302,42,-12
-19,-234,127,-298,38,-14
-23,-229,129,-296,37,-17
-22,-233,128,-298,32,-21
-23,-229,126,-300,30,-21
-21,-232,127,-305,31,-21
-24,-227,127,-311,32,-20
-24,-227,127,-318,32,-19
-23,-229,122,-328,33,-21
-21,-229,124,-343,36,-22
-29,-237,121,-359,42,-22
-27,-231,124,-373,50,-20
-26,-233,122,-385,57,-18
-24,-236,119,-395,57,-13
-26,-240,124,-401,54,-11
-27,-238,123,-404,48,-6
-23,-241,123,-407,38,-3
-21,-239,119,-405,27,1
-24,-239,119,-404,16,3
-26,-236,118,-404,6,5
-25,-234,119,-404,-3,8
-21,-234,116,-409,-8,12
-21,-229,115,-420,-11,13
-23,-229,113,-435,-9,14
-23,-233,114,-454,-10,15
-21,-227,116,-473,-10,18
-20,-235,111,-497,-9,17
-18,-232,118,-519,-6,18
-24,-237,110,-536,-3,15
-18,-240,113,-546,-4,16
-22,-247,114,-551,-3,15
-19,-247,113,-549,-2,9
-21,-237,113,-540,1,4
-21,-245,114,-527,3,3
-18,-243,115,-517,0,5
-21,-241,115,-511,-3,4
-19,-235,113,-510,-4,1
-19,-238,114,-518,-3,-2
-17,-244,114,-527,7,-5
-19,-242,113,-513,19,-4
-14,-239,112,-509,31,-7
-16,-239,113,-515,44,-11
-15,-239,113,-529,53,-14
-16,-242,111,-543,58,-17
-15,-242,115,-554,60,-21
-15,-244,112,-567,61,-25
-18,-243,112,-578,66,-28
-17,-246,109,-591,73,-29
-19,-241,110,-606,79,-30
-20,-246,107,-620,88,-29
-21,-243,112,-634,97,-31
-21,-243,109,-649,100,-30
-19,-243,100,-663,104,-31
-21,-247,100,-682,107,-31
-13,-250,108,-703,111,-33
-20,-248,96,-726,117,-33
-22,-249,92,-749,124,-32
-20,-252,97,-779,127,-38
-21,-256,90,-815,130,-43
-22,-255,94,-845,131,-46
-23,-255,90,-872,130,-50
-25,-255,89,-904,130,-54
-22,-257,87,-925,128,-54
-23,-257,84,-937,125,-53
-22,-258,87,-953,120,-53
-22,-255,77,-954,121,-51
-19,-255,78,-955,119,-49
-17,-255,78,-958,120,-51
-16,-257,75,-966,119,-53
-16,-255,69,-977,120,-60
-16,-255,69,-988,121,-67
-14,-261,71,-1003,117,-76
-16,-262,66,-1014,118,-86
-12,-260,57,-1011,124,-94
-10,-264,55,-1014,123,-102
-4,-266,50,-1019,122,-111
-12,-265,52,-1022,121,-118
-10,-266,46,-1023,115,-125
-13,-266,42,-1033,111,-131
-16,-266,45,-1041,111,-135
-16,-266,43,-1052,111,-139
-16,-269,49,-1074,108,-145
-18,-267,45,-1096,106,-153
-16,-270,46,-1115,103,-162
-16,-269,41,-1137,101,-174
-16,-273,45,-1170,95,-185
-19,-273,43,-1202,92,-200
-24,-275,44,-1232,92,-214
-26,-273,41,-1265,91,-225
-26,-273,44,-1304,88,-234
-25,-277,45,-1346,85,-243
-26,-276,48,-1399,80,-252
-26,-278,47,-1455,73,-259
-22,-284,53,-1515,67,-267
-24,-287,51,-1570,64,-277
-23,-287,53,-1619,63,-291
-21,-294,42,-1659,60,-305
-24,-303,44,-1691,61,-326
-25,-308,45,-1702,59,-344
-23,-309,43,-1697,56,-354
-24,-310,34,-1679,52,-369
-28,-311,31,-1659,42,-375
-19,-312,31,-1628,38,-372
-21,-307,29,-1590,37,-372
-16,-310,19,-1557,33,-367
-20,-309,19,-1513,30,-367
-19,-308,15,-1462,24,-353
-20,-307,12,-1411,19,-334
-15,-310,6,-1355,16,-313
-21,-307,4,-1291,17,-288
-16,-304,-1,-1225,14,-266
-15,-303,-6,-1165,10,-250
-26,-289,-8,-1110,-2,-229
-11,-292,-12,-1067,-16,-203
-10,-295,-15,-1028,-25,-192
-2,-290,-19,-992,-33,-187
0,-287,-25,-953,-34,-178
-7,-283,-32,-910,-26,-167
0,-286,-29,-874,-21,-154
0,-282,-34,-843,-16,-141
5,-285,-39,-819,-8,-125
3,-281,-41,-795,11,-124
1,-280,-41,-774,24,-122
-1,-277,-42,-757,32,-122
-3,-274,-40,-745,36,-122
-5,-274,-36,-730,37,-119
-7,-272,-39,-713,33,-118
-6,-275,-42,-696,31,-116
-8,-280,-41,-682,30,-114
-9,-278,-41,-667,31,-110
-7,-279,-40,-654,30,-107
-10,-279,-42,-641,29,-101
-5,-276,-40,-636,23,-97
-7,-276,-42,-640,20,-91
-6,-275,-42,-650,18,-88
1,-273,-47,-663,17,-86
0,-272,-49,-676,19,-88
1,-270,-45,-687,22,-90
-5,-268,-55,-693,24,-95
0,-277,-54,-695,29,-101
1,-278,-56,-692,35,-107
2,-283,-53,-687,42,-112
1,-288,-56,-679,46,-117
1,-292,-58,-666,51,-121
0,-293,-58,-648,51,-122
1,-295,-56,-626,51,-122
1,-291,-58,-601,51,-121
0,-291,-57,-579,51,-119
0,-293,-61,-563,50,-121
1,-288,-58,-548,48,-124
4,-289,-61,-536,49,-125
1,-287,-57,-524,49,-128
1,-287,-58,-513,43,-132
3,-285,-57,-503,40,-134
2,-284,-60,-493,36,-133
3,-281,-63,-479,28,-133
3,-282,-62,-466,25,-128
3,-280,-61,-453,23,-124
2,-283,-60,-439,19,-121
1,-278,-60,-424,18,-117
1,-286,-67,-410,18,-113
9,-282,-67,-393,22,-109
2,-286,-61,-377,27,-102
1,-285,-64,-360,27,-99
1,-291,-61,-344,31,-92
2,-289,-64,-323,30,-90
1,-286,-67,-303,34,-83
0,-285,-65,-285,39,-70
0,-285,-69,-266,39,-61
-2,-282,-65,-247,32,-56
0,-278,-66,-231,25,-50
0,-277,-62,-215,18,-41
3,-273,-63,-203,9,-37
1,-274,-56,-186,-1,-37
-2,-271,-57,-170,-9,-42
-4,-271,-56,-154,-16,-45
1,-270,-57,-139,-25,-48
-2,-271,-51,-124,-30,-49
-3,-271,-53,-107,-39,-51
-6,-267,-56,-92,-46,-49
-6,-272,-58,-76,-49,-39
2,-273,-52,-60,-50,-30
0,-274,-55,-36,-59,-21
-4,-276,-47,-9,-63,-9
-5,-276,-52,29,-68,3
-3,-278,-52,66,-65,17
-3,-279,-48,100,-54,27
1,-276,-53,141,-53,31
-1,-276,-52,183,-52,32
2,-271,-53,214,-47,31
1,-271,-49,238,-36,27
-2,-266,-52,260,-30,16
0,-260,-51,277,-28,11
-2,-253,-44,289,-30,9
1,-255,-45,298,-29,6
0,-250,-43,301,-30,4
0,-251,-37,303,-33,-2
-1,-248,-36,309,-38,-13
-5,-249,-33,319,-45,-17
-2,-248,-34,327,-48,-19
-1,-241,-29,331,-47,-19
-1,-243,-29,329,-37,-12
2,-241,-26,325,-25,-8
2,-238,-20,321,-13,-11
-3,-243,-21,313,-2,-3
-13,-242,-29,312,2,2
0,-242,-25,308,10,18
0,-250,-31,318,17,18
1,-247,-29,329,27,19
0,-250,-29,345,40,19
0,-253,-24,367,46,18
0,-253,-27,392,51,23
1,-254,-27,418,50,26
3,-255,-28,443,50,28
0,-254,-27,467,48,29
1,-255,-29,493,46,31
0,-255,-29,521,44,36
5,-254,-31,549,44,41
2,-255,-34,574,49,44
3,-251,-36,598,52,48
2,-251,-36,622,55,54
1,-244,-36,643,55,57
1,-245,-35,658,61,62
3,-247,-30,668,72,71
-3,-252,-33,678,84,77
0,-248,-27,687,97,83
2,-250,-30,700,105,90
2,-250,-26,708,110,93
4,-254,-24,716,114,96
4,-256,-30,727,114,99
3,-258,-27,743,115,101
3,-262,-28,761,112,105
3,-263,-25,783,106,108
0,-263,-25,808,100,111
-1,-265,-24,837,95,110
0,-264,-26,867,92,109
-4,-261,-22,893,88,108
-7,-260,-25,925,86,104
-9,-257,-20,961,85,108
-7,-254,-22,995,86,110
-5,-249,-23,1026,91,115
-4,-247,-22,1054,100,120
-4,-241,-18,1077,109,128
-2,-236,-19,1098,117,136
0,-231,-19,1109,122,143
0,-226,-19,1113,125,146
21,-226,-3,1109,127,147
5,-223,-18,1099,133,148
7,-222,-11,1084,138,150
10,-225,-11,1067,139,151
7,-225,-11,1054,136,147
8,-227,-8,1043,130,136
8,-231,-9,1034,122,128
2,-227,-13,1025,118,118
4,-227,-14,1014,118,109
1,-229,-17,1004,122,102
1,-225,-25,997,129,96
1,-228,-23,986,139,90
-1,-222,-27,974,150,85
1,-222,-28,959,160,84
-1,-219,-29,946,164,84
-1,-216,-33,931,165,87
0,-214,-31,919,166,94
2,-211,-28,906,167,92
1,-207,-28,890,169,91
4,-205,-24,874,170,89
3,-208,-19,854,170,90
6,-205,-13,833,170,93
7,-207,-8,812,170,97
4,-209,-9,782,170,93
4,-213,-6,741,180,80
3,-217,0,697,183,67
3,-216,0,664,174,67
5,-225,-7,637,170,76
2,-229,-10,603,186,74
0,-230,-12,566,206,68
-4,-235,-5,526,211,62
-9,-234,-1,492,201,56
-9,-233,1,466,188,52
-9,-239,-1,442,178,51
-11,-235,0,418,177,47
-17,-237,-2,400,185,44
-18,-233,-1,383,194,43
-21,-236,7,367,194,44
-23,-237,9,353,186,47
-23,-240,9,345,172,52
-22,-241,18,342,158,59
-19,-247,19,346,145,67
-16,-247,22,351,131,73
-13,-250,20,357,122,80
-8,-255,26,357,114,81
-9,-254,20,353,108,81
-3,-253,21,340,107,79
-4,-253,17,315,107,78
-2,-252,16,284,110,75
-2,-252,22,248,113,70
0,-251,14,211,116,62
-1,-251,15,172,124,51
-7,-248,12,134,133,42
-9,-248,16,99,142,36
-10,-249,22,69,152,32
-10,-252,19,48,163,31
-14,-252,24,36,172,32
-10,-255,23,32,176,34
-12,-257,22,32,177,36
-11,-258,23,39,177,35
-4,-260,21,45,176,32
-6,-260,24,48,176,28
-1,-263,23,51,179,27
0,-260,24,51,184,20
1,-262,26,45,193,11
0,-260,29,35,203,-1
6,-259,24,24,216,-13
3,-260,28,10,224,-26
3,-259,28,0,225,-40
0,-263,22,-8,221,-55
-1,-260,26,-9,213,-67
-6,-262,21,-15,210,-80
-6,-262,26,-18,205,-88
-13,-263,21,-25,199,-92
-20,-263,23,-31,184,-93
-19,-264,18,-33,166,-91
-24,-263,19,-36,144,-89
-21,-264,20,-34,127,-84
-24,-261,18,-33,114,-79
-16,-270,16,-39,102,-72
-19,-268,18,-48,95,-63
-17,-269,21,-50,92,-56
-17,-272,24,-42,90,-46
-20,-269,26,-25,89,-38
-22,-267,23,-7,88,-32
-21,-268,27,2,80,-26
-17,-266,24,-10,71,-19
-10,-262,19,-39,70,-9
-13,-276,20,-72,72,0
-7,-286,22,-107,70,13
-8,-299,18,-134,65,25
-12,-305,22,-131,57,39
-13,-308,24,-96,39,52
-5,-311,27,-40,11,62
-2,-303,33,28,-15,67
0,-294,28,94,-27,67
0,-281,28,147,-28,66
1,-272,26,170,-28,65
1,-265,26,171,-22,66
0,-256,26,151,-17,66
-7,-256,22,123,-13,66
-1,-255,26,93,-15,69
-9,-256,25,64,-17,71
-14,-256,26,50,-15,71
-10,-256,26,39,-19,75
-11,-257,30,30,-20,74
-11,-259,28,32,-16,69
-14,-260,31,36,-14,66
-16,-257,38,53,-12,64
-13,-261,34,67,-14,65
-13,-261,37,82,-11,62
-12,-263,34,88,-7,62
-13,-262,37,92,-4,60
-11,-262,39,95,-1,59
-9,-261,41,94,1,59
-5,-260,40,94,4,58
-8,-263,37,95,6,55
-4,-262,38,95,8,51
-4,-263,42,99,10,48
-6,-260,43,102,11,44
-2,-256,41,102,14,39
-1,-256,42,96,18,35
-5,-252,41,86,25,29
-1,-250,40,72,25,24
-3,-246,38,53,32,19
-1,-253,38,35,38,15
-6,-252,36,14,43,12
-6,-256,38,-5,49,9
-5,-259,41,-22,52,6
-9,-268,42,-34,55,5
-7,-261,37,-46,59,2
-13,-264,40,-54,62,-3
-9,-269,34,-59,64,-7
-7,-268,31,-58,64,-11
-13,-269,29,-55,65,-14
-12,-269,36,-47,67,-16
-14,-266,33,-40,67,-19
-13,-261,34,-32,67,-20
-12,-263,34,-26,65,-22
-11,-264,32,-25,64,-24
-13,-260,31,-25,64,-27
-12,-263,36,-29,65,-28
-13,-259,35,-34,64,-31
-12,-264,34,-43,63,-32
-14,-260,31,-49,62,-33
-10,-262,34,-55,61,-35
-10,-263,34,-59,60,-36
-14,-267,31,-61,59,-34
-14,-265,38,-57,54,-33
-14,-266,36,-53,50,-30
-17,-263,35,-48,45,-28
-11,-268,39,-40,40,-26
-16,-268,31,-32,33,-23
-15,-267,34,-23,29,-21
-16,-268,35,-15,27,-19
-14,-267,33,-10,22,-18
-13,-265,34,-4,19,-18
-12,-268,32,0,15,-17
-14,-269,36,4,11,-16
-12,-266,34,5,8,-17
-12,-266,37,6,5,-15
-11,-265,40,7,1,-16
-13,-263,36,8,-2,-16
-12,-261,36,11,-3,-16
-16,-261,32,13,-2,-15
-15,-262,36,11,-2,-13
-15,-263,40,9,-4,-12
-18,-262,40,6,-6,-9
-12,-262,41,4,-9,-8
-11,-264,38,4,-13,-6
-13,-262,37,5,-17,-3
-12,-261,38,6,-19,-2
-18,-260,40,7,-21,-3
-11,-260,38,7,-21,-1
-12,-263,42,7,-20,2
-10,-261,42,6,-19,4
-10,-263,45,4,-18,6
-11,-262,38,3,-15,6
-12,-260,44,0,-16,8
-9,-260,42,-2,-14,10
-11,-262,39,-4,-13,11
-8,-263,37,-4,-12,12
-9,-262,38,-6,-11,12
-11,-260,44,-5,-11,14
-10,-260,43,-5,-10,14
-10,-261,43,-4,-9,14
-10,-257,38,-4,-6,14
-13,-260,44,-5,-3,14
-10,-258,43,-7,2,12
-10,-261,43,-12,3,10
-10,-257,42,-15,7,11
-9,-260,43,-19,11,10
-8,-261,36,-22,17,5
-6,-260,30,-26,21,6
-9,-258,39,-29,28,4
-6,-263,41,-31,34,4
-7,-261,39,-32,39,2
-10,-259,39,-31,40,2
-7,-261,42,-31,43,-1
-6,-264,39,-28,44,0
-8,-260,39,-25,46,0
-5,-261,40,-23,48,0
-8,-262,42,-21,51,-2
-9,-260,46,-21,53,-3
-9,-260,43,-22,54,-3
-13,-259,42,-23,57,-4
-13,-261,43,-28,59,-5
-8,-263,46,-31,61,-5
-11,-265,47,-32,63,-5
-11,-261,42,-32,64,-4
-11,-264,43,-28,65,-4
-11,-262,46,-24,65,-1
-13,-261,45,-22,65,2
-13,-262,42,-20,66,3
-12,-265,43,-18,64,5
-16,-266,45,-16,63,6
-10,-260,47,-13,63,8
-11,-263,42,-13,62,8
-11,-265,48,-13,60,7
-12,-263,46,-13,59,6
-12,-263,46,-11,57,4
-13,-265,45,-12,57,2
-13,-264,44,-12,55,0
-12,-264,44,-10,53,-2
-12,-267,44,-9,51,-3
-16,-265,46,-7,48,-3
-14,-266,45,-7,46,-4
-12,-261,45,-6,42,-4
-13,-264,47,-4,40,-4
-14,-263,43,-4,39,-1
-12,-262,43,-5,38,0
-13,-262,48,-8,37,3
-13,-259,43,-10,37,4
-12,-264,44,-15,35,6
-15,-262,43,-17,35,6
-10,-263,41,-18,35,8
-14,-259,31,-20,33,8
-10,-260,43,-20,33,7
-6,-262,41,-20,33,7
-8,-264,43,-21,33,9
-8,-263,44,-24,35,7
-11,-264,43,-26,37,6
-4,-262,41,-27,36,5
-7,-265,41,-29,37,3
-7,-264,44,-26,38,1
-8,-263,40,-21,40,0
-9,-260,40,-16,43,0
-9,-257,41,-14,46,-2
-9,-260,41,-15,48,-3
-8,-258,38,-19,48,-5
-5,-259,38,-25,51,-5
-7,-259,43,-30,56,-6
-8,-259,43,-35,59,-6
-11,-262,45,-38,62,-7
-12,-261,43,-38,65,-8
-10,-265,43,-39,67,-8
-10,-264,38,-38,68,-8
-11,-262,39,-35,72,-10
-11,-264,39,-31,72,-11
-12,-265,42,-29,73,-14
-12,-265,44,-28,74,-12
-13,-267,42,-25,76,-12
-11,-263,42,-24,75,-13
-13,-265,38,-22,77,-11
-12,-266,39,-20,78,-14
-13,-263,40,-19,77,-13
-11,-264,43,-17,76,-12
-11,-263,39,-14,76,-10
-12,-264,44,-12,73,-9
-12,-265,43,-10,73,-8
-9,-260,43,-7,74,-7
-10,-262,43,-8,73,-4
-8,-264,40,-11,75,-3
-11,-262,43,-11,76,-1
-8,-266,40,-14,77,0
-8,-263,45,-15,78,1
-11,-264,37,-15,79,1
-10,-267,41,-14,79,2
-11,-261,42,-13,79,-1
-18,-267,31,-11,78,-1
-10,-261,41,-10,77,-1
-9,-263,44,-10,76,-2
-10,-263,40,-10,76,-1
-12,-261,39,-10,76,-2
-12,-261,40,-11,74,-2
-11,-262,45,-12,74,-1
-16,-258,41,-14,74,-2
-12,-262,39,-16,73,-2
-12,-261,40,-18,73,-5
-11,-264,40,-21,73,-5
-11,-264,40,-22,73,-5
-11,-265,40,-23,74,-4
-11,-261,41,-24,71,-6
-12,-262,39,-22,70,-7
-14,-261,42,-21,69,-7
-11,-261,38,-20,69,-7
-10,-262,40,-18,69,-8
-11,-259,43,-18,68,-8
-12,-262,43,-18,68,-9
-12,-259,41,-20,66,-7
0,-262,30,-21,65,-7
-14,-260,40,-23,64,-8
-12,-262,38,-24,61,-7
-16,-260,45,-26,59,-6
-11,-261,39,-28,60,-7
-8,-263,39,-29,59,-5
-13,-265,40,-29,56,-4
-12,-262,42,-28,55,-4
-11,-264,42,-31,53,-4
-11,-262,43,-30,51,-4
-12,-259,41,-31,52,-4
-12,-262,45,-34,53,-3
-8,-265,44,-35,51,-4
-11,-265,44,-36,50,-4
-10,-265,40,-36,51,-4
-8,-264,38,-36,51,-4
-10,-262,40,-36,51,-3
-9,-264,41,-34,53,-4
-12,-260,41,-32,54,-5
-9,-263,41,-31,54,-5
-9,-261,44,-30,56,-3
-12,-260,46,-29,59,-4
-9,-266,40,-30,61,-3
-8,-261,37,-30,62,-4
-10,-260,41,-31,67,-3
-7,-261,40,-32,71,-4
-9,-264,40,-34,73,-6
-6,-266,37,-35,74,-8
-9,-261,41,-34,76,-8
-10,-264,36,-33,77,-9
-10,-266,38,-28,77,-9
-11,-262,40,-26,77,-8
-8,-261,39,-24,78,-8
-10,-262,38,-21,81,-9
-10,-262,42,-21,80,-8
-12,-261,39,-21,81,-7
-14,-260,38,-21,82,-6
-11,-260,33,-21,83,-7
-11,-260,40,-21,85,-7
-11,-263,42,-22,86,-7
-9,-262,39,-21,86,-5
-12,-264,38,-21,84,-6
-12,-263,40,-21,84,-4
-13,-259,49,-23,86,-4
-12,-262,38,-22,84,-6
-12,-263,42,-23,84,-5
-12,-263,38,-23,85,-5
-13,-263,39,-25,86,-6
-8,-265,39,-24,86,-6
-11,-262,38,-25,86,-9
-12,-263,41,-24,84,-9
-12,-263,40,-24,82,-10
-10,-263,38,-22,82,-9
-12,-259,38,-21,81,-10
-11,-263,38,-20,81,-9
-11,-261,39,-20,80,-8
-10,-264,37,-20,80,-8
-13,-263,37,-18,80,-7
-11,-265,38,-17,80,-6
-11,-263,40,-16,80,-7
-11,-264,40,-15,80,-7
-9,-262,42,-14,81,-7
-9,-262,39,-16,82,-8
-9,-262,39,-20,83,-9
-13,-261,47,-23,83,-11
-7,-265,40,-26,84,-10
-8,-262,42,-29,86,-10
-9,-266,39,-30,85,-11
-12,-264,40,-30,84,-10
-12,-264,41,-30,81,-10
-12,-263,42,-27,80,-9
-10,-261,39,-26,77,-9
-9,-264,39,-23,77,-8
-11,-261,40,-22,76,-8
-13,-263,38,-23,74,-8
-12,-261,39,-24,72,-7
-12,-263,37,-26,71,-8
-10,-265,40,-27,70,-6
-10,-264,35,-27,71,-5
-14,-266,38,-29,72,-4
-12,-266,36,-30,72,-4
-10,-267,42,-30,71,-4
-13,-264,36,-30,68,-5
-8,-264,43,-26,66,-5
-12,-264,40,-19,62,-3
-9,-266,36,-10,57,-2
-11,-263,35,-4,55,-3
-9,-261,39,0,54,-3
-9,-264,38,-2,53,-3
-11,-258,41,-8,52,-3
-10,-262,39,-13,55,-4
-13,-261,39,-18,57,-4
-13,-259,40,-22,60,-5
-8,-261,41,-23,61,-4
-12,-263,41,-23,61,-4
-7,-265,40,-21,61,-5
-12,-260,42,-20,59,-2
-10,-258,38,-18,57,-3
-8,-262,39,-17,57,-1
-9,-263,42,-18,57,-2
-8,-263,41,-20,56,-2
-9,-261,40,-21,56,0
-11,-265,39,-22,57,-1
-10,-265,45,-23,57,-1
-13,-262,41,-22,59,-1
-11,-264,37,-21,56,-2
-14,-263,39,-20,57,-3
-20,-260,29,-20,55,-2
-12,-263,41,-16,56,-3
-11,-263,38,-14,54,-3
-12,-261,40,-12,54,-4
-11,-260,36,-11,53,-3
-9,-265,39,-9,51,-2
-12,-263,36,-9,52,-2
-7,-266,39,-10,52,-3
-10,-261,37,-13,55,-2
-8,-264,36,-13,56,-2
-11,-264,37,-16,57,-3
-11,-260,40,-18,55,-3
-12,-262,38,-19,55,-3
-10,-265,40,-20,55,-1
-11,-262,38,-20,53,-2
-10,-261,39,-19,52,-1
-10,-264,36,-19,51,-1
-12,-261,37,-20,50,1
-10,-261,37,-22,51,1
-11,-261,38,-24,52,0
-10,-264,38,-25,52,0
-9,-262,43,-26,51,0
-11,-263,40,-28,52,0
-11,-264,40,-26,53,1
-11,-263,36,-27,51,0
-9,-266,37,-25,53,0
-9,-261,38,-22,50,-1
-10,-261,37,-19,51,-1
-11,-261,36,-17,50,-1
-9,-263,38,-14,51,-1
-5,-261,37,-13,51,-1
-12,-261,36,-14,51,-1
-9,-261,36,-15,51,0
-11,-260,36,-16,53,0
-10,-259,41,-15,54,0
-7,-262,39,-16,54,0
-8,-262,39,-17,56,0
-8,-263,40,-17,55,-1
-8,-264,37,-18,57,-2
-9,-264,41,-18,58,-1
-10,-263,38,-19,59,0
-12,-262,40,-21,59,-1
-4,-261,44,-21,59,-2
-10,-260,39,-20,59,-1
-10,-264,38,-20,60,-2
-11,-265,40,-21,59,-2
-9,-260,39,-20,59,-4
-8,-267,36,-22,60,-2
-9,-263,39,-21,60,-4
-11,-263,41,-23,60,-4
-12,-261,39,-23,60,-6
-9,-261,37,-24,62,-4
-9,-263,39,-23,61,-5
-8,-261,41,-23,62,-6
-10,-262,37,-22,62,-7
-8,-265,38,-20,61,-7
-8,-264,37,-18,61,-7
-11,-263,38,-17,63,-6
-9,-264,37,-16,65,-7
-11,-263,37,-14,63,-7
-10,-262,36,-13,63,-7
-12,-260,35,-13,62,-6
-12,-264,37,-12,62,-7
-12,-262,39,-12,63,-6
-19,-261,32,-11,63,-4
-11,-264,37,-8,64,-4
-11,-263,40,-8,62,-4
-11,-265,39,-6,61,-2
-10,-264,35,-4,60,0
-13,-260,40,-2,59,0
-10,-265,37,-1,59,2
-11,-262,41,-2,58,3
-11,-261,41,0,60,3
-13,-262,41,-2,59,4
-9,-262,38,-2,59,2
-9,-262,40,-4,61,3
-9,-262,40,-5,62,1
-10,-262,39,-7,63,2
-10,-261,41,-8,65,0
-10,-264,42,-7,65,1
-11,-263,39,-6,65,0
-9,-262,40,-4,65,0
-11,-262,41,-5,65,-1
-11,-261,38,-3,65,-1
-12,-263,35,-2,67,-3
-7,-261,35,-3,68,-3
-10,-264,43,-3,70,-3
-9,-262,38,-4,69,-1
-12,-260,37,-4,71,-3
-13,-261,37,-4,70,-2
-10,-263,39,-4,72,-3
-8,-263,41,-5,71,-3
-11,-262,43,-7,72,-2
-12,-262,36,-9,72,-2
-13,-264,38,-9,71,-3
-10,-265,37,-9,71,-2
-10,-263,40,-8,72,-5
-11,-265,44,-7,70,-5
-13,-263,39,-6,70,-4
-11,-263,39,-5,69,-2
-13,-263,40,-7,69,-3
-11,-261,39,-8,68,-3
-9,-264,36,-12,68,-3
-13,-263,41,-12,67,-3
-9,-264,40,-12,67,-3
-11,-262,36,-11,67,-2
-12,-261,34,-11,66,0
-12,-262,40,-10,66,-2
-11,-265,37,-8,65,-2
-12,-262,38,-6,63,-1
-11,-262,41,-5,63,-2
-10,-265,40,-2,63,-2
-13,-264,42,3,60,-1
-11,-263,38,8,59,-1
-13,-262,39,9,60,-1
-8,-259,39,9,59,-1
-9,-264,39,5,61,-2
-9,-261,40,1,63,-3
-10,-264,41,-1,64,-3
-8,-263,36,-4,67,-3
-11,-262,40,-5,69,-4
-8,-262,40,-3,70,-4
-10,-264,40,-2,71,-4
-12,-260,33,0,70,-5
-10,-262,39,2,69,-3
-7,-262,41,1,69,-3
-10,-265,36,2,69,-2
-11,-267,36,2,68,-3
-11,-267,27,1,68,-2
-11,-262,41,-1,69,-1
-12,-263,40,-1,70,-2
-10,-263,38,-2,71,-2
-9,-265,43,-4,71,-1
-11,-262,36,-4,70,-4
-12,-265,41,-5,70,-3
-15,-264,40,-6,70,-2
-11,-262,37,-6,70,-2
-12,-263,38,-4,71,-2
-13,-265,36,-3,71,-2
-12,-263,38,-3,69,-2
-12,-264,36,-3,70,-2
-14,-264,42,-1,70,-2
-11,-261,41,-2,71,-1
-12,-264,40,-2,68,0
-11,-265,38,-2,70,-1
-11,-261,37,-3,70,0
-11,-261,38,-3,69,0
-11,-261,39,-5,70,1
-8,-260,36,-4,70,-1
-8,-261,43,-5,70,1
-8,-265,36,-5,70,2
-10,-262,39,-6,71,0
-12,-261,38,-6,71,1
-12,-263,36,-6,70,1
-12,-263,36,-6,68,0
-9,-261,36,-5,68,-1
-8,-263,35,-4,67,-1
-10,-264,38,-3,68,-1
-9,-262,38,-2,67,0
-10,-262,41,-3,66,1
-9,-263,38,-2,67,0
-10,-262,36,-3,67,0
-8,-259,38,-3,67,-1
-12,-262,42,-4,69,-1
-13,-261,40,-3,70,0
-8,-264,39,-1,70,1
-11,-261,41,0,71,-1
-8,-264,39,1,70,-1
-11,-263,41,0,71,-2
-9,-264,38,1,71,-3
-8,-264,21,-1,70,-2
-8,-264,39,-3,69,-2
-11,-263,41,-3,70,-2
-9,-261,41,-6,70,-2
-14,-261,40,-8,69,-3
-11,-262,40,-10,69,-2
-11,-261,39,-13,70,-2
-13,-264,40,-16,70,-3
-12,-260,44,-18,69,-3
-8,-268,39,-17,69,-4
-11,-266,38,-17,69,-4
-10,-263,42,-15,70,-5
-9,-263,38,-13,69,-5
-11,-264,40,-11,68,-5
-8,-265,39,-10,69,-5
-12,-261,45,-9,68,-5
-11,-262,39,-9,68,-4
-13,-261,41,-11,68,-5
-10,-262,37,-11,67,-5
-12,-261,42,-10,68,-5
-10,-262,38,-9,68,-5
-12,-263,41,-9,69,-5
-13,-268,41,-10,69,-6
-11,-264,38,-9,68,-6
-9,-265,39,-8,68,-6
-10,-262,40,-6,70,-4
-12,-262,43,-6,70,-4
-10,-261,36,-4,71,-3
-11,-262,40,-4,69,-4
-12,-261,36,-4,69,-4
-13,-261,41,-3,68,-2
-15,-260,43,-4,67,-1
-13,-261,40,-4,66,-1
-12,-260,41,-5,66,-2
-11,-259,40,-5,66,-1
-10,-263,37,-8,66,-1
-13,-260,38,-8,66,-1
-11,-262,42,-8,67,0
-10,-264,43,-8,65,1
-11,-260,42,-7,66,-1
-13,-263,42,-7,65,-1
-10,-261,44,-8,66,0
-15,-264,40,-8,66,1
-7,-264,35,-7,65,0
-12,-262,39,-7,66,-1
-12,-261,41,-6,65,-1
-7,-261,42,-7,65,-1
-13,-261,42,-7,65,-1
-10,-264,43,-8,65,-3
-9,-264,41,-7,65,-3
-11,-261,39,-7,63,-3
-6,-263,41,-7,62,-2
-10,-261,37,-5,63,-1
-11,-263,42,-5,63,-2
-10,-262,40,-4,62,-2
-11,-259,39,-3,62,-1
-11,-259,39,-3,62,-1
-14,-262,44,-4,62,-3
-12,-263,37,-6,62,-2
-9,-262,37,-7,62,-1
-10,-264,43,-7,63,-2
-11,-262,41,-7,63,-3
-10,-264,46,-8,62,-3
-10,-262,42,-8,62,-3
-13,-257,40,-10,63,-4
-12,-262,40,-11,63,-2
-12,-261,41,-13,62,-1
-13,-259,43,-13,60,-2
-12,-264,44,-15,60,-1
-9,-265,38,-17,60,-2
-11,-262,38,-17,60,-2
-12,-263,38,-16,60,-2
-9,-263,40,-16,60,-2
-7,-268,37,-15,62,-1
-10,-264,40,-13,61,-1
-13,-261,41,-13,61,-1
-10,-261,43,-13,58,-2
-9,-265,42,-8,58,-3
-12,-264,39,-4,57,-2
-7,-267,37,1,56,-2
-8,-261,42,2,56,-2
-11,-261,41,3,56,-3
-8,-264,40,0,57,-3
-13,-261,39,-4,57,-4
-12,-261,39,-7,59,-5
-10,-260,40,-8,62,-7
-2,-265,39,-8,63,-6
-11,-261,41,-8,64,-6
-11,-261,42,-7,64,-6
-10,-265,39,-7,63,-5
-12,-261,39,-8,60,-4
-11,-261,44,-9,61,-4
-12,-262,38,-9,61,-4
-13,-262,43,-10,60,-4
-12,-263,42,-12,60,-4
-13,-262,40,-12,60,-4
-13,-265,42,-12,61,-4
-11,-262,40,-11,59,-3
-11,-261,45,-11,59,-3
-11,-262,39,-10,59,-1
-14,-260,42,-10,59,-1
-11,-263,39,-10,59,0
-12,-261,38,-10,59,-2
-9,-264,40,-10,59,-2
-12,-263,42,-10,59,-1
-8,-263,41,-11,59,-1
-11,-263,41,-10,58,0
-16,-269,38,-10,59,0
-14,-263,38,-9,59,-1
-10,-264,41,-8,60,-1
-11,-262,42,-9,60,-1
-10,-263,40,-9,59,-2
-6,-265,40,-8,60,-1
-12,-262,41,-10,60,-1
-11,-262,38,-12,61,-2
-10,-261,39,-12,61,-2
-6,-261,40,-13,62,-3
-9,-261,41,-15,61,-3
-12,-262,39,-14,62,-2
-6,-263,42,-15,63,-2
-10,-261,39,-15,64,-3
-10,-263,41,-14,65,-2
-12,-263,40,-12,64,-2
-9,-264,41,-11,65,-3
-8,-263,39,-11,64,-1
-11,-263,42,-11,64,-4
-12,-260,45,-11,64,-3
-8,-261,38,-12,64,-2
-3,-266,41,-12,64,-3
-13,-264,42,-10,65,-2
-10,-262,44,-11,64,-3
-11,-263,37,-11,65,-3
-9,-262,41,-11,66,-3
-12,-264,38,-10,66,-3
-9,-262,43,-9,64,-2
-10,-263,43,-9,65,-2
-13,-261,43,-9,65,-3

