-.-.-
-4,-240,-62,57,5,-13
-3,-240,-63,56,4,-13
-5,-244,-64,55,4,-11
-6,-241,-56,53,3,-10
-8,-241,-65,52,2,-11
-9,-245,-62,51,3,-10
-6,-241,-59,51,3,-11
-11,-240,-61,49,2,-10
-8,-246,-64,48,1,-10
-8,-242,-60,47,0,-8
-6,-243,-60,47,0,-9
-9,-243,-64,47,0,-10
-7,-243,-65,49,1,-9
-5,-244,-63,52,2,-9
-7,-242,-60,55,1,-11
-7,-237,-65,58,2,-11
-6,-241,-59,60,1,-11
-7,-243,-62,64,-1,-10
-6,-245,-59,64,0,-12
-6,-244,-63,64,-1,-11
-10,-240,-63,64,-1,-12
-4,-242,-64,62,0,-10
-4,-243,-64,58,-1,-8
-11,-242,-61,56,-1,-11
-5,-240,-65,54,-2,-10
-8,-243,-60,52,-2,-10
-11,-242,-60,54,-1,-12
-5,-246,-61,55,1,-12
-4,-245,-61,59,3,-11
-4,-242,-64,62,3,-11
-7,-240,-66,65,3,-13
-9,-238,-64,66,3,-12
-4,-240,-63,64,1,-10
-3,-240,-63,60,0,-10
-6,-240,-64,55,0,-10
-9,-239,-64,49,-1,-10
-6,-240,-67,43,0,-10
-5,-244,-59,35,1,-11
-5,-244,-65,31,3,-12
-4,-239,-63,26,4,-11
-5,-242,-59,20,5,-11
-5,-239,-63,14,4,-11
-6,-240,-65,8,4,-11
-10,-239,-63,1,4,-11
-9,-241,-65,-4,4,-11
-12,-240,-66,-8,1,-10
-6,-242,-60,-10,-1,-11
-6,-244,-63,-12,-1,-8
-4,-248,-67,-15,-1,-10
-6,-242,-66,-16,1,-11
-8,-242,-65,-15,2,-11
-6,-244,-61,-17,4,-10
-7,-240,-65,-16,4,-10
-5,-242,-65,-17,3,-11
-6,-243,-64,-17,5,-13
-4,-245,-61,-14,3,-12
-10,-241,-69,-15,3,-12
-6,-245,-64,-14,3,-11
-6,-242,-65,-11,0,-12
-12,-245,-61,-7,-1,-12
-7,-242,-64,-2,-2,-11
-8,-244,-61,3,-2,-11
-5,-244,-64,7,-3,-9
-4,-242,-65,7,-2,-10
-7,-242,-63,8,-2,-8
-7,-244,-64,7,-2,-7
-7,-242,-61,7,-2,-8
-8,-240,-61,7,-4,-8
-7,-239,-65,7,-5,-10
-7,-240,-60,7,-6,-8
-7,-249,-61,9,-7,-9
-7,-240,-62,9,-7,-8
-7,-239,-62,11,-7,-9
-6,-239,-60,10,-8,-10
-5,-242,-62,10,-6,-12
-7,-239,-64,5,-5,-10
-4,-238,-61,2,-5,-12
-8,-239,-65,-2,-3,-12
-10,-243,-63,-5,0,-15
-6,-241,-61,-11,-2,-14
-6,-237,-62,-14,-2,-14
-2,-245,-55,-19,-1,-14
-5,-244,-65,-24,-2,-15
-5,-242,-63,-26,-4,-12
-5,-242,-59,-26,-7,-12
-4,-243,-63,-26,-8,-12
-4,-243,-66,-23,-8,-10
-7,-241,-64,-20,-11,-9
-10,-242,-61,-16,-11,-7
-8,-243,-64,-12,-14,-8
-7,-241,-61,-7,-14,-9
-7,-247,-66,0,-12,-7
-10,-249,-66,9,-12,-6
-9,-245,-64,15,-10,-8
-8,-241,-69,23,-7,-7
-8,-242,-64,29,-6,-10
-8,-242,-61,37,-7,-12
-8,-242,-64,40,-8,-13
-9,-242,-63,44,-6,-14
-8,-236,-65,45,-6,-18
-6,-241,-64,44,-5,-18
-7,-241,-64,42,-5,-18
-5,-241,-69,39,-5,-18
-10,-235,-61,37,-5,-18
-3,-242,-69,34,-5,-19
-4,-243,-61,32,-4,-19
-4,-242,-65,31,-4,-18
-4,-243,-60,30,-3,-19
-6,-243,-66,31,-4,-19
-4,-243,-65,32,-4,-18
-6,-241,-65,37,-6,-17
-7,-240,-64,40,-7,-17
-5,-243,-61,43,-8,-17
-10,-245,-60,46,-10,-16
-7,-240,-61,50,-10,-15
-7,-238,-61,53,-11,-16
-5,-241,-63,56,-9,-15
-8,-240,-65,59,-8,-14
-7,-242,-62,57,-7,-14
-6,-240,-62,56,-8,-14
-4,-240,-60,53,-10,-13
-8,-242,-63,49,-11,-11
-8,-238,-62,44,-12,-11
-11,-241,-66,37,-15,-11
-10,-241,-62,32,-19,-10
-3,-241,-65,26,-20,-8
-8,-243,-66,22,-23,-8
-4,-243,-67,19,-24,-6
-6,-240,-62,17,-25,-5
-6,-243,-67,17,-24,-7
-4,-244,-67,16,-25,-6
-5,-241,-68,17,-26,-4
-7,-242,-64,18,-24,-5
-7,-244,-67,19,-24,-5
-4,-243,-65,18,-24,-4
-9,-243,-57,17,-23,-2
-4,-241,-67,14,-22,-3
-6,-243,-66,13,-21,-3
-7,-241,-68,11,-21,-1
-7,-243,-67,7,-22,-3
-6,-239,-70,5,-21,0
-6,-243,-67,2,-21,-1
-10,-243,-65,-1,-20,-1
-8,-241,-68,-2,-20,-4
-6,-244,-67,0,-21,-4
-8,-244,-65,1,-18,-8
-7,-247,-66,5,-18,-8
-7,-244,-69,9,-16,-8
-4,-248,-68,11,-15,-10
-5,-245,-66,13,-14,-12
-4,-243,-66,16,-15,-13
-4,-245,-67,16,-15,-13
-6,-243,-63,20,-18,-15
-9,-242,-64,21,-19,-14
-10,-240,-62,22,-21,-13
-6,-242,-67,24,-21,-13
-7,-244,-63,26,-24,-11
-8,-246,-67,27,-27,-13
-10,-241,-60,28,-26,-12
-4,-242,-66,30,-27,-13
-5,-243,-66,27,-29,-13
-10,-240,-67,28,-27,-13
-7,-242,-64,29,-28,-14
-8,-240,-65,29,-31,-16
-6,-243,-69,31,-32,-16
-4,-243,-68,32,-33,-17
-4,-241,-68,33,-34,-15
-5,-240,-67,36,-36,-18
-5,-238,-68,37,-38,-18
-6,-242,-69,36,-40,-17
-4,-241,-69,35,-40,-17
-4,-241,-67,31,-39,-16
-7,-237,-69,28,-39,-16
-10,-239,-69,25,-39,-15
-4,-243,-71,25,-41,-14
-4,-241,-71,21,-42,-14
-4,-241,-64,20,-44,-12
-4,-243,-70,22,-44,-12
-5,-242,-71,21,-43,-13
-5,-249,-69,24,-41,-12
-5,-241,-71,29,-39,-13
-6,-239,-72,35,-36,-15
-4,-241,-70,41,-36,-14
-5,-240,-70,46,-34,-16
-6,-239,-72,48,-34,-18
-8,-239,-71,50,-35,-19
-5,-239,-72,49,-37,-19
-4,-239,-70,47,-38,-21
-4,-240,-71,44,-39,-20
-6,-240,-69,40,-38,-18
-4,-241,-76,37,-36,-17
-4,-240,-72,35,-32,-16
-5,-241,-71,34,-30,-14
-6,-242,-71,31,-29,-12
-6,-241,-73,29,-29,-9
-7,-240,-73,27,-29,-6
-7,-244,-70,28,-30,-7
-7,-239,-74,29,-30,-5
-8,-240,-73,30,-30,-6
-5,-241,-70,29,-28,-4
-8,-240,-71,29,-27,-8
-7,-242,-75,28,-26,-9
-10,-236,-70,28,-24,-11
-6,-241,-71,27,-21,-12
-8,-239,-69,26,-19,-11
-5,-238,-70,23,-19,-14
-6,-237,-69,21,-18,-15
-9,-237,-66,17,-17,-13
-8,-239,-69,11,-17,-13
-6,-237,-71,5,-18,-13
-8,-241,-69,-2,-17,-13
-5,-239,-71,-7,-17,-11
-4,-240,-71,-10,-15,-11
-5,-240,-69,-15,-13,-10
-8,-239,-71,-16,-10,-8
-9,-237,-72,-17,-10,-8
-9,-240,-70,-17,-8,-8
-10,-241,-72,-15,-6,-9
-8,-242,-70,-11,-7,-8
-9,-243,-75,-8,-6,-8
-9,-238,-70,-5,-7,-9
-6,-240,-71,-2,-8,-10
-5,-241,-70,-2,-8,-11
-6,-237,-71,-3,-6,-11
-8,-235,-73,-6,-6,-12
-9,-240,-71,-9,-3,-12
-9,-238,-72,-13,-3,-15
-7,-238,-72,-17,-1,-14
-4,-238,-72,-22,2,-14
-9,-240,-71,-25,3,-14
-7,-240,-73,-27,6,-13
-6,-241,-75,-29,7,-13
-5,-241,-75,-30,7,-11
-12,-240,-74,-31,4,-8
-4,-242,-73,-31,4,-6
-8,-239,-72,-29,3,-4
-8,-240,-73,-26,2,-3
-9,-241,-75,-22,2,-1
-5,-241,-73,-15,1,-1
-7,-242,-71,-12,0,1
-6,-242,-73,-9,1,-3
-10,-240,-76,-6,3,-1
-10,-239,-74,-2,3,-2
-10,-244,-74,-2,5,-2
-11,-240,-74,-2,6,-3
-10,-243,-74,-2,8,-4
-13,-240,-73,-2,7,-3
-11,-239,-72,0,5,-2
-12,-239,-73,1,3,-3
-12,-242,-72,2,4,-4
-8,-241,-72,3,7,-7
-7,-244,-73,6,10,-9
-7,-241,-76,11,16,-8
-8,-242,-71,16,20,-8
-8,-246,-73,20,22,-6
-5,-238,-69,23,23,-7
-10,-238,-71,23,21,-7
-9,-241,-70,20,20,-5
-9,-239,-71,19,20,-6
-8,-242,-67,16,17,-6
-5,-240,-69,14,16,-4
-6,-243,-68,14,15,-1
-11,-241,-70,15,11,-1
-10,-243,-70,15,12,-2
-13,-239,-71,16,10,-3
-11,-240,-72,19,9,-2
-9,-241,-72,21,7,-2
-9,-240,-72,26,8,-3
-9,-238,-71,29,6,-2
-10,-241,-72,31,7,-3
-10,-237,-72,31,6,-2
-9,-240,-70,29,6,-2
-13,-238,-71,27,4,-1
-12,-245,-71,22,0,-3
-8,-240,-73,17,-4,-4
-9,-239,-76,12,-6,-5
-14,-239,-73,7,-7,-5
-8,-246,-80,6,-11,-6
-10,-239,-79,7,-14,-4
-12,-241,-78,8,-17,-5
-10,-240,-75,7,-18,-7
-8,-237,-75,7,-15,-8
-7,-241,-73,9,-17,-9
-10,-238,-75,11,-15,-8
-10,-238,-78,14,-12,-9
-11,-237,-78,18,-11,-10
-7,-240,-77,22,-11,-10
-10,-235,-77,24,-11,-11
-10,-234,-76,27,-12,-13
-7,-236,-74,26,-11,-16
-6,-236,-72,25,-9,-16
-6,-238,-75,21,-7,-17
-6,-233,-73,17,-4,-18
-3,-237,-74,11,-1,-19
-6,-236,-73,6,1,-19
-5,-235,-72,0,6,-21
-4,-238,-77,-5,9,-20
-3,-235,-74,-10,14,-18
-6,-237,-75,-13,20,-20
-4,-239,-74,-16,23,-19
-10,-237,-74,-16,26,-18
-8,-240,-74,-17,27,-17
-7,-238,-72,-16,27,-15
-8,-239,-76,-18,27,-14
-10,-236,-74,-20,27,-13
-5,-238,-76,-23,28,-12
-5,-238,-78,-29,30,-11
-10,-237,-73,-35,33,-9
-6,-237,-78,-43,36,-9
-9,-238,-77,-52,37,-9
-8,-236,-80,-59,38,-9
-9,-234,-78,-67,39,-7
-9,-240,-78,-73,39,-5
-4,-241,-73,-74,39,-6
-6,-238,-75,-74,39,-5
-12,-238,-75,-70,36,-3
-4,-244,-75,-64,35,1
-8,-242,-73,-55,36,0
-11,-244,-79,-45,36,3
-7,-240,-75,-34,39,4
-3,-242,-76,-27,41,6
-6,-240,-74,-23,43,6
-7,-237,-79,-19,47,7
-5,-237,-76,-18,51,6
-8,-240,-75,-17,54,7
-5,-237,-76,-17,56,6
-8,-236,-75,-20,60,5
-6,-239,-73,-20,63,3
-9,-240,-78,-19,66,4
-7,-242,-75,-18,70,2
-6,-241,-75,-15,73,1
-5,-242,-76,-11,74,1
-7,-238,-79,-6,74,1
-6,-238,-76,-2,76,2
-5,-241,-79,1,74,1
-6,-236,-82,3,71,3
-10,-237,-75,3,71,5
-5,-238,-75,3,72,8
-9,-241,-78,2,70,8
-5,-240,-78,2,69,8
-11,-238,-77,4,66,11
-10,-240,-77,6,63,11
-11,-238,-78,9,59,9
-13,-235,-79,11,55,9
-7,-240,-74,15,50,10
-8,-237,-76,18,47,7
-7,-238,-76,21,44,6
-10,-237,-78,21,42,7
-8,-238,-81,18,41,4
-6,-236,-75,13,39,3
-5,-239,-78,9,36,4
-10,-240,-76,4,34,4
-10,-236,-82,-2,32,4
-12,-236,-77,-6,30,3
-13,-238,-74,-5,29,4
-14,-239,-73,-5,26,2
-13,-241,-75,-1,25,3
-16,-242,-78,5,21,3
-16,-241,-83,11,18,1
-14,-241,-80,16,16,1
-13,-239,-83,21,13,-1
-13,-240,-80,22,9,-4
-13,-236,-78,23,5,-6
-8,-239,-80,24,2,-9
-9,-239,-88,26,-1,-10
-15,-237,-79,26,-6,-12
-12,-238,-79,25,-9,-12
-7,-238,-84,25,-12,-14
-6,-237,-84,22,-14,-12
-10,-235,-79,23,-13,-10
-6,-235,-82,19,-13,-7
-8,-240,-81,21,-13,-8
-7,-237,-84,20,-13,-7
-7,-239,-83,20,-13,-7
-8,-235,-83,21,-13,-6
-5,-240,-84,23,-13,-6
-11,-235,-85,24,-14,-7
-7,-238,-83,24,-14,-6
-5,-234,-81,24,-13,-4
-8,-233,-81,23,-12,-3
-10,-232,-81,21,-11,-2
-9,-233,-80,18,-9,-3
-6,-234,-79,13,-7,-3
-6,-233,-80,6,-4,-3
-10,-232,-83,-1,0,-6
-9,-233,-81,-6,2,-7
-4,-237,-80,-13,5,-8
-8,-234,-83,-17,5,-9
-6,-234,-82,-22,5,-11
-9,-235,-82,-24,3,-12
-8,-237,-84,-25,6,-13
-5,-237,-84,-23,8,-13
-7,-239,-83,-20,8,-15
-6,-236,-84,-16,10,-14
-5,-236,-86,-14,10,-14
-8,-239,-83,-14,11,-12
-8,-236,-85,-15,13,-10
-17,-239,-87,-18,13,-10
-8,-239,-85,-20,12,-8
-5,-240,-86,-20,11,-6
-9,-237,-81,-20,10,-7
-10,-234,-84,-20,8,-5
-10,-237,-82,-18,5,-3
-10,-238,-80,-16,3,-1
-12,-236,-85,-13,1,-2
-11,-237,-84,-11,0,-1
-9,-235,-87,-10,1,-1
-10,-239,-85,-9,1,-2
-8,-237,-76,-7,0,-3
-12,-235,-80,-6,1,-2
-7,-237,-82,-3,2,-5
-9,-235,-82,-2,2,-6
-12,-235,-87,-2,3,-6
-8,-237,-81,-1,4,-8
-6,-238,-84,-1,4,-9
-13,-234,-82,-2,4,-9
-12,-237,-88,0,4,-10
-8,-239,-84,1,3,-11
-11,-239,-82,2,2,-9
-9,-234,-85,4,1,-11
-7,-235,-87,8,0,-12
-8,-239,-82,12,-1,-14
-8,-238,-82,15,0,-13
-6,-235,-84,20,-1,-14
-8,-234,-83,22,-1,-14
-4,-238,-85,25,1,-14
-13,-235,-87,26,3,-15
-7,-237,-87,28,3,-16
-10,-234,-86,29,3,-16
-12,-233,-85,29,2,-18
-5,-237,-86,30,3,-17
-5,-237,-83,31,2,-18
-10,-235,-87,29,3,-18
-9,-236,-84,28,1,-18
-11,-235,-86,29,1,-19
-9,-236,-82,28,2,-19
-9,-237,-85,27,2,-18
-8,-239,-82,26,1,-17
-12,-235,-84,26,1,-17
-12,-235,-87,28,0,-19
-15,-242,-82,30,3,-19
-8,-234,-87,34,4,-18
-9,-237,-85,36,6,-20
-10,-233,-87,37,6,-21
-9,-236,-83,38,6,-22
-6,-236,-88,38,6,-22
-12,-233,-86,40,5,-21
-7,-238,-86,39,2,-20
-7,-235,-85,38,3,-22
-9,-235,-84,39,2,-21
-9,-239,-84,38,1,-20
-15,-233,-82,38,2,-20
-5,-233,-84,37,1,-18
-6,-235,-84,38,1,-18
-6,-235,-82,39,3,-18
-10,-239,-87,39,3,-16
-8,-237,-86,40,3,-16
-10,-236,-85,40,5,-18
-11,-235,-86,38,7,-17
-11,-234,-85,37,7,-15
-10,-236,-85,35,8,-14
-7,-236,-85,35,10,-16
-9,-239,-89,36,11,-14
-8,-237,-86,37,11,-13
-10,-234,-89,37,12,-13
-10,-233,-84,38,11,-11
-10,-239,-88,38,11,-12
-10,-236,-86,37,12,-13
-6,-231,-88,34,12,-11
-9,-235,-87,31,11,-9
-12,-234,-85,26,9,-9
-5,-234,-82,23,9,-7
-4,-236,-84,19,10,-8
-14,-235,-87,14,10,-8
-9,-234,-89,13,11,-9
-8,-234,-85,12,12,-10
-7,-234,-85,15,13,-13
-7,-238,-89,20,14,-13
-8,-236,-89,26,14,-12
-5,-237,-86,32,14,-15
-10,-239,-91,38,15,-17
-7,-236,-86,42,15,-20
-6,-242,-90,46,17,-20
-7,-238,-85,49,19,-21
-3,-239,-86,53,21,-23
-7,-237,-85,56,23,-22
-7,-238,-84,58,25,-23
-8,-233,-88,58,26,-21
-10,-236,-85,59,27,-21
-5,-236,-88,59,28,-20
-7,-234,-86,58,27,-18
-7,-236,-85,57,26,-20
-6,-236,-88,54,25,-22
-9,-236,-86,52,27,-22
-8,-235,-88,50,28,-21
-7,-239,-82,47,28,-21
-8,-236,-85,43,29,-21
-9,-233,-87,41,30,-20
-6,-238,-85,41,30,-19
-7,-236,-84,39,28,-18
-9,-235,-85,40,26,-17
-9,-233,-86,41,24,-18
-8,-233,-83,41,24,-18
-10,-236,-88,42,23,-19
-7,-235,-86,43,21,-20
-9,-234,-85,43,21,-21
-6,-237,-86,42,20,-21
-7,-233,-85,42,19,-19
-12,-232,-87,41,19,-20
-9,-234,-88,40,19,-21
-7,-234,-87,39,20,-21
-9,-235,-88,41,21,-19
-9,-234,-89,43,19,-18
-5,-237,-87,48,21,-17
-7,-234,-87,50,19,-20
-7,-237,-89,52,18,-20
-6,-239,-84,52,20,-19
-7,-227,-88,51,20,-20
-7,-233,-86,51,19,-19
-8,-235,-84,50,18,-16
-9,-234,-84,48,17,-18
-9,-234,-86,48,18,-17
-9,-234,-83,47,18,-18
-4,-238,-86,48,17,-20
-11,-235,-91,48,16,-19
-9,-236,-88,51,16,-19
-8,-235,-84,52,16,-19
-7,-242,-91,55,16,-18
-9,-233,-84,55,17,-19
-9,-238,-89,56,15,-19
-10,-234,-87,54,15,-20
-10,-235,-85,54,16,-20
-9,-233,-88,54,17,-19
-6,-234,-88,53,17,-21
-11,-235,-89,52,18,-21
-9,-233,-88,54,18,-21
-4,-237,-88,54,17,-22
-8,-236,-86,55,16,-22
-11,-228,-88,56,16,-21
-9,-234,-89,56,14,-23
-8,-236,-87,58,13,-21
-10,-233,-90,59,13,-22
-7,-237,-86,59,12,-21
-5,-233,-84,59,12,-20
-10,-235,-89,60,14,-22
-12,-234,-83,61,14,-21
-6,-237,-88,64,16,-19
-5,-234,-87,66,18,-20
-7,-233,-82,69,19,-18
-9,-236,-89,71,19,-17
-10,-237,-85,74,18,-16
-5,-234,-89,75,17,-16
-9,-232,-89,76,14,-15
-6,-233,-86,74,12,-18
-8,-232,-92,71,10,-18
-5,-230,-86,68,11,-18
-5,-233,-86,65,12,-20
-5,-235,-92,62,13,-22
-7,-236,-90,60,15,-21
-6,-233,-86,61,15,-22
-8,-232,-101,63,16,-21
-4,-235,-92,66,16,-25
-8,-236,-97,69,18,-25
-10,-233,-92,71,17,-27
-6,-234,-92,72,18,-28
-8,-235,-92,70,18,-28
-8,-235,-92,68,17,-29
-6,-234,-90,67,19,-29
-5,-234,-90,67,20,-28
-8,-235,-92,66,20,-31
-5,-235,-91,65,19,-29
-5,-231,-89,65,18,-29
-9,-231,-92,64,14,-29
-6,-231,-88,63,13,-28
-4,-232,-92,60,10,-28
-9,-230,-90,57,9,-26
-6,-231,-88,54,8,-28
-8,-231,-90,46,8,-28
-8,-233,-88,37,9,-28
-7,-230,-93,27,11,-27
-5,-234,-89,18,13,-28
-6,-235,-95,8,17,-28
-4,-228,-97,0,19,-28
-11,-234,-91,-7,18,-28
-4,-233,-92,-13,15,-24
-10,-233,-90,-17,10,-20
-11,-232,-93,-19,6,-19
-10,-236,-94,-16,-1,-19
-10,-236,-90,-14,-6,-17
-15,-233,-90,-10,-10,-14
-12,-235,-91,-7,-12,-12
-13,-230,-95,-5,-14,-11
-14,-234,-96,-7,-16,-7
-11,-230,-95,-12,-18,-5
-12,-228,-94,-20,-22,-5
-13,-224,-97,-28,-24,-3
-12,-228,-97,-40,-24,-3
-11,-226,-98,-52,-26,-1
-12,-223,-97,-62,-27,-1
-11,-227,-96,-70,-28,-3
-10,-226,-98,-75,-32,-6
-9,-227,-99,-79,-34,-8
-12,-233,-97,-84,-35,-7
-7,-227,-100,-90,-37,-10
-10,-231,-104,-94,-40,-12
-8,-227,-97,-99,-41,-14
-7,-227,-102,-102,-42,-14
-6,-230,-102,-105,-46,-15
-4,-228,-101,-107,-48,-14
-4,-228,-99,-111,-50,-13
-4,-229,-105,-117,-55,-13
-11,-229,-106,-122,-58,-10
-7,-226,-97,-125,-59,-9
-9,-225,-103,-127,-64,-7
-7,-226,-97,-131,-68,-9
-7,-223,-97,-135,-73,-9
-14,-225,-96,-139,-74,-8
-9,-225,-101,-144,-72,-10
-11,-222,-97,-152,-73,-9
-9,-224,-103,-160,-70,-11
-8,-221,-105,-168,-67,-13
-10,-221,-101,-179,-66,-14
-8,-222,-104,-191,-63,-18
-8,-217,-103,-203,-63,-17
-8,-217,-108,-213,-62,-17
-12,-221,-106,-221,-63,-18
-6,-216,-109,-230,-64,-21
-8,-215,-111,-238,-65,-23
-9,-214,-109,-246,-66,-25
-10,-213,-107,-256,-69,-25
-3,-214,-108,-267,-72,-25
-8,-209,-109,-277,-71,-28
-5,-210,-107,-290,-70,-30
-6,-210,-109,-302,-72,-32
-5,-213,-113,-313,-70,-33
-3,-216,-114,-328,-70,-33
-2,-208,-119,-342,-71,-32
-7,-207,-118,-354,-68,-30
-3,-206,-117,-368,-67,-32
-1,-205,-118,-380,-67,-29
-4,-200,-116,-393,-69,-29
-3,-201,-119,-404,-71,-28
-4,-197,-117,-417,-76,-28
-8,-195,-113,-430,-78,-28
-4,-193,-116,-446,-83,-25
-4,-194,-113,-464,-88,-22
-4,-193,-119,-486,-94,-21
-10,-189,-115,-509,-99,-19
-11,-190,-111,-535,-104,-20
-12,-189,-114,-562,-103,-22
-12,-192,-113,-591,-104,-21
-11,-191,-114,-613,-104,-26
-16,-189,-112,-637,-101,-29
-13,-191,-109,-656,-99,-35
-13,-190,-114,-674,-93,-44
-16,-186,-116,-685,-85,-50
-11,-190,-113,-694,-75,-58
-11,-192,-112,-698,-65,-65
-14,-194,-119,-703,-59,-71
-4,-195,-115,-711,-55,-76
-4,-192,-115,-722,-52,-85
-4,-199,-122,-736,-51,-90
-6,-194,-124,-753,-48,-90
-10,-194,-128,-770,-44,-88
-6,-194,-127,-791,-38,-84
-8,-193,-132,-816,-38,-81
-7,-194,-137,-847,-38,-73
-12,-193,-134,-877,-39,-65
-7,-196,-130,-905,-40,-55
-2,-195,-132,-929,-42,-49
-8,-202,-135,-952,-46,-42
-4,-200,-131,-973,-50,-35
-7,-201,-136,-987,-57,-27
-5,-203,-134,-999,-65,-18
-7,-203,-134,-1005,-74,-11
-5,-204,-139,-1010,-81,-1
-4,-198,-139,-1014,-88,9
-6,-202,-139,-1015,-93,17
-2,-205,-136,-1017,-94,24
-4,-201,-140,-1017,-96,27
-1,-202,-141,-1019,-98,31
-3,-207,-146,-1021,-100,31
-3,-199,-146,-1024,-100,27
-4,-200,-152,-1025,-103,21
-4,-195,-157,-1029,-105,15
-4,-194,-156,-1036,-105,7
-8,-191,-155,-1044,-102,1
-6,-190,-159,-1052,-99,-3
-6,-187,-159,-1060,-95,-7
-11,-188,-155,-1067,-93,-14
-12,-185,-157,-1072,-93,-20
-11,-183,-154,-1073,-97,-28
-10,-177,-158,-1074,-96,-35
-12,-172,-157,-1071,-94,-39
-12,-170,-157,-1070,-92,-43
-10,-170,-152,-1073,-89,-44
-16,-172,-152,-1073,-90,-43
-14,-174,-156,-1077,-90,-38
-16,-174,-155,-1081,-88,-32
-16,-172,-155,-1086,-89,-27
-15,-174,-155,-1090,-91,-23
-13,-176,-159,-1092,-92,-19
-15,-176,-159,-1095,-93,-17
-16,-175,-163,-1096,-99,-14
-14,-177,-158,-1093,-106,-14
-13,-176,-162,-1087,-111,-13
-14,-172,-162,-1077,-113,-14
-11,-175,-164,-1063,-108,-13
-9,-171,-170,-1049,-104,-16
-8,-167,-174,-1035,-98,-20
-10,-165,-170,-1023,-92,-24
-4,-163,-168,-1008,-87,-30
-4,-162,-172,-992,-80,-37
-6,-158,-167,-977,-71,-45
-3,-157,-173,-962,-60,-51
-4,-153,-172,-949,-44,-57
-7,-152,-172,-938,-31,-59
-5,-154,-166,-931,-20,-55
-4,-151,-168,-924,-6,-52
-5,-153,-174,-917,11,-42
-6,-154,-166,-916,28,-28
-3,-156,-167,-919,42,-12
-4,-156,-167,-926,48,2
-5,-154,-174,-938,47,18
-1,-157,-174,-949,35,33
-2,-160,-175,-958,19,45
-5,-159,-176,-964,1,58
-9,-157,-179,-963,-18,67
-9,-156,-182,-951,-40,77
-11,-154,-183,-928,-61,86
-13,-155,-188,-898,-76,89
-16,-151,-186,-863,-87,93
-23,-146,-192,-825,-100,95
-20,-144,-186,-787,-111,95
-24,-147,-196,-752,-118,89
-22,-143,-191,-720,-125,79
-27,-140,-197,-697,-125,73
-32,-140,-192,-680,-122,71
-33,-138,-196,-673,-116,69
-34,-137,-199,-672,-117,71
-36,-135,-201,-677,-123,75
-34,-137,-205,-690,-131,81
-37,-136,-201,-710,-142,85
-34,-139,-205,-733,-154,88
-31,-140,-207,-754,-170,85
-31,-136,-209,-779,-180,79
-28,-135,-213,-809,-182,73
-29,-135,-211,-842,-178,65
-26,-136,-213,-874,-172,64
-26,-137,-214,-901,-162,60
-20,-141,-216,-925,-156,57
-20,-141,-226,-943,-147,46
-14,-139,-226,-957,-136,41
-15,-136,-228,-965,-122,31
-17,-139,-229,-965,-106,20
-21,-137,-229,-948,-88,15
-17,-132,-227,-921,-73,12
-19,-129,-230,-891,-65,10
-15,-128,-228,-861,-61,11
-18,-128,-228,-831,-57,16
-20,-127,-228,-804,-57,18
-21,-125,-234,-787,-59,20
-23,-124,-230,-775,-66,22
-27,-115,-230,-775,-74,9
-22,-115,-233,-775,-80,12
-25,-116,-230,-767,-88,24
-15,-119,-233,-757,-95,39
-20,-115,-226,-748,-98,43
-20,-118,-230,-738,-101,43
-15,-118,-228,-730,-99,38
-17,-119,-232,-727,-96,37
-16,-115,-230,-737,-87,15
-14,-114,-229,-745,-76,2
-13,-117,-235,-748,-59,1
-14,-115,-232,-752,-44,6
-17,-110,-228,-756,-35,8
-10,-113,-232,-753,-27,3
-17,-109,-238,-750,-21,-9
-6,-109,-231,-757,-16,-15
-11,-104,-238,-745,-4,-2
-16,-101,-244,-722,9,1
-18,-104,-241,-698,19,-2
-21,-100,-244,-671,27,-5
-22,-108,-247,-648,36,0
-26,-100,-243,-637,38,-10
-28,-99,-248,-619,38,-11
-30,-100,-247,-593,37,-6
-29,-97,-248,-569,31,1
-34,-94,-248,-554,20,26
-36,-97,-254,-532,12,22
-36,-93,-255,-506,0,12
-37,-95,-254,-480,-11,1
-36,-110,-257,-453,-18,-11
-34,-92,-254,-434,-31,-39
-36,-92,-254,-391,-39,-46
-44,-96,-257,-344,-40,-48
-43,-90,-249,-301,-41,-53
-42,-89,-256,-247,-43,-87
-44,-94,-254,-192,-44,-120
-53,-85,-254,-135,-42,-148
-46,-96,-256,-73,-37,-172
-48,-99,-258,-6,-34,-193
-50,-99,-253,66,-35,-212
-46,-100,-253,145,-41,-226
-45,-96,-256,222,-56,-234
-42,-93,-247,300,-83,-233
-35,-91,-246,373,-120,-229
-26,-89,-243,429,-162,-219
-22,-85,-240,462,-205,-205
-20,-87,-233,472,-245,-184
-10,-86,-234,462,-276,-167
-7,-85,-229,436,-293,-150
-8,-84,-225,405,-299,-136
-2,-89,-227,372,-293,-123
-1,-91,-224,343,-274,-113
4,-96,-227,326,-247,-106
6,-98,-228,322,-216,-101
6,-102,-232,328,-181,-94
7,-106,-226,347,-142,-89
-1,-110,-236,371,-101,-83
-3,-111,-233,399,-59,-80
-5,-115,-239,432,-19,-78
-6,-114,-233,462,20,-79
-10,-116,-239,494,53,-84
-14,-117,-243,530,83,-92
-14,-115,-241,563,105,-99
-16,-114,-240,596,122,-107
-21,-112,-246,625,133,-114
-18,-109,-244,647,138,-119
-19,-112,-245,663,139,-127
-26,-111,-246,674,134,-131
-27,-110,-247,679,122,-134
-26,-109,-243,684,107,-135
-28,-106,-248,688,91,-139
-28,-110,-249,692,74,-144
-27,-113,-246,699,61,-148
-25,-115,-246,705,53,-158
-27,-114,-248,711,50,-166
-25,-115,-251,716,48,-175
-28,-114,-250,722,50,-188
-24,-119,-255,732,53,-197
-19,-126,-251,744,55,-206
-27,-127,-250,757,59,-214
-25,-131,-254,770,65,-223
-20,-136,-262,785,75,-234
-20,-136,-264,801,86,-243
-21,-138,-269,811,95,-255
-19,-142,-268,819,104,-263
-20,-142,-266,824,112,-271
-21,-142,-274,823,118,-277
-18,-141,-274,816,126,-283
-18,-142,-276,806,132,-292
-21,-152,-278,794,139,-298
-21,-148,-275,781,144,-304
-19,-153,-278,773,146,-302
-23,-151,-273,771,146,-299
-24,-153,-271,775,148,-294
-24,-156,-271,784,150,-290
-18,-158,-272,791,155,-281
-22,-156,-266,785,161,-290
-18,-159,-267,790,167,-275
-15,-158,-263,804,178,-254
-16,-156,-261,815,186,-242
-23,-160,-260,825,195,-234
-14,-157,-262,829,207,-224
-15,-153,-254,831,218,-215
-7,-154,-252,832,232,-199
-14,-155,-248,826,242,-176
-14,-153,-244,838,250,-172
-15,-156,-240,860,256,-167
-16,-159,-232,885,262,-161
-17,-152,-225,913,268,-154
-19,-156,-223,945,267,-147
-16,-161,-211,979,265,-141
-19,-162,-209,1017,259,-132
-14,-163,-204,1058,251,-132
-15,-165,-200,1098,239,-129
-12,-163,-195,1134,226,-127
-10,-162,-193,1165,214,-126
-5,-167,-188,1188,199,-125
-4,-169,-185,1204,186,-122
-3,-169,-183,1212,175,-120
-4,-172,-177,1220,169,-115
-2,-170,-180,1227,164,-108
-3,-173,-179,1230,160,-103
0,-175,-175,1236,160,-98
-3,-176,-174,1245,164,-95
-1,-180,-174,1261,170,-92
-4,-182,-170,1282,177,-87
-1,-179,-169,1311,186,-84
-3,-177,-169,1339,192,-82
-2,-179,-170,1366,199,-81
-1,-179,-170,1388,201,-79
1,-178,-167,1402,201,-74
4,-179,-165,1399,200,-72
12,-173,-164,1383,198,-73
1,-174,-168,1349,194,-78
7,-177,-160,1311,190,-79
4,-177,-160,1268,188,-75
4,-175,-162,1224,189,-66
4,-173,-166,1177,192,-57
2,-174,-169,1126,194,-47
-1,-175,-170,1082,196,-40
-3,-177,-176,1045,199,-32
1,-178,-179,1023,202,-28
-3,-178,-180,1008,205,-28
-3,-181,-181,1004,210,-26
-9,-184,-179,1005,217,-29
-3,-190,-176,1005,227,-32
1,-193,-175,1001,245,-30
0,-191,-172,996,267,-25
5,-195,-167,991,289,-21
8,-195,-166,982,304,-16
12,-195,-166,970,311,-6
17,-192,-170,954,312,11
20,-192,-168,933,311,28
23,-192,-166,906,310,45
26,-192,-168,873,303,66
23,-191,-172,838,292,83
20,-191,-174,809,272,98
22,-193,-175,787,249,110
21,-195,-172,779,226,118
13,-195,-171,784,205,124
12,-198,-172,797,188,128
11,-198,-171,808,174,124
8,-195,-167,812,162,119
4,-200,-167,807,150,115
3,-199,-169,795,141,109
-2,-203,-162,779,129,103
-3,-199,-159,763,118,99
-2,-204,-155,745,110,99
-4,-202,-147,731,99,97
-2,-200,-147,718,88,94
-4,-201,-142,705,80,95
-1,-202,-142,692,70,95
1,-205,-146,679,63,93
5,-200,-137,664,58,89
4,-201,-143,648,59,86
5,-203,-141,629,60,86
7,-206,-137,609,61,85
6,-202,-140,586,58,82
7,-201,-139,565,56,81
9,-202,-141,545,53,82
11,-204,-138,530,49,82
10,-207,-138,515,44,82
12,-206,-140,504,41,82
10,-206,-137,496,42,81
13,-209,-141,494,46,81
13,-205,-140,493,52,82
14,-206,-135,491,59,80
8,-207,-139,486,67,78
9,-204,-136,477,76,79
5,-202,-137,461,84,82
8,-203,-136,440,91,86
7,-205,-136,413,94,90
3,-204,-132,381,93,93
2,-207,-132,344,92,102
4,-209,-128,308,87,110
-1,-210,-128,274,83,114
3,-212,-128,244,80,115
1,-211,-130,217,78,116
-3,-214,-131,196,74,115
-1,-215,-130,176,73,111
-4,-216,-127,159,73,107
-4,-216,-128,147,73,102
-4,-218,-124,135,70,102
-5,-220,-124,122,66,99
-5,-221,-119,109,60,93
-7,-219,-123,99,55,93
-5,-221,-123,89,46,90
-7,-224,-128,82,38,88
-11,-222,-122,78,31,86
-11,-228,-124,74,22,84
-8,-222,-125,77,16,83
-9,-226,-122,81,10,79
-8,-221,-121,91,6,77
-10,-220,-121,102,2,74
-10,-222,-124,114,0,72
-12,-221,-124,126,1,68
-16,-222,-120,137,0,65
-13,-218,-123,144,1,60
-13,-223,-121,150,4,57
-12,-224,-122,156,5,53
-14,-225,-120,163,7,49
-13,-222,-122,172,6,46
-15,-222,-126,181,5,40
-14,-218,-125,188,2,35
-13,-218,-125,193,-2,32
-10,-217,-122,194,-5,32
-14,-216,-118,190,-9,32
-12,-213,-120,184,-15,32
-12,-216,-120,173,-17,32
-7,-216,-120,159,-18,30
-7,-217,-121,144,-17,31
-9,-220,-120,131,-18,28
-13,-215,-123,121,-18,24
-13,-217,-122,115,-18,20
-14,-218,-119,114,-17,14
-12,-220,-120,118,-18,6
-9,-219,-121,123,-18,0
-11,-218,-124,128,-19,-6
-15,-217,-122,132,-21,-13
-14,-220,-121,131,-21,-20
-11,-221,-120,130,-19,-26
-14,-219,-121,129,-17,-31
-17,-223,-120,129,-13,-35
-14,-219,-124,135,-6,-43
-13,-219,-126,147,-1,-52
-10,-225,-123,166,6,-57
-8,-221,-126,192,12,-65
-6,-220,-129,224,18,-71
-3,-222,-130,258,24,-76
-3,-218,-128,291,31,-78
-1,-219,-128,317,37,-76
0,-215,-132,332,45,-75
1,-212,-127,338,53,-72
5,-211,-129,335,57,-70
5,-214,-127,323,61,-64
4,-212,-124,305,67,-55
7,-217,-125,285,73,-47
4,-213,-122,269,80,-38
0,-213,-124,255,85,-29
1,-212,-118,243,90,-23
-2,-216,-114,228,93,-16
2,-217,-116,215,94,-12
-1,-216,-117,202,95,-8
-2,-216,-121,187,95,-7
-2,-216,-118,174,96,-4
-2,-214,-120,159,98,-4
-3,-215,-116,144,98,-4
-4,-216,-117,129,98,-2
-5,-216,-119,111,97,1
-4,-214,-120,90,98,6
-5,-217,-119,66,95,7
-4,-215,-123,42,93,5
-8,-215,-121,18,90,5
-5,-215,-117,-6,87,6
-7,-220,-121,-30,85,5
-4,-221,-120,-54,82,9
-4,-220,-120,-71,78,11
-4,-223,-117,-78,74,11
-4,-224,-121,-80,70,14
-5,-224,-118,-71,68,16
-3,-224,-126,-57,66,17
-2,-224,-126,-37,63,18
-4,-221,-124,-11,62,18
-3,-224,-123,19,61,16
-4,-223,-123,46,61,13
-3,-223,-124,69,61,9
-2,-223,-126,87,61,6
-6,-222,-131,99,63,2
-2,-223,-125,108,63,-2
-3,-223,-126,115,63,-4
-4,-229,-124,124,63,-8
0,-229,-125,133,63,-11
-3,-221,-126,145,64,-15
-2,-225,-124,160,64,-16
-2,-224,-124,175,65,-20
0,-227,-124,191,67,-22
-4,-225,-122,211,71,-23
-2,-223,-125,236,79,-27
-2,-224,-125,263,86,-28
-4,-221,-121,293,94,-31
-2,-225,-123,319,103,-33
0,-222,-123,343,110,-34
5,-225,-120,363,117,-34
4,-223,-116,376,121,-36
3,-221,-114,382,123,-36
11,-220,-115,385,119,-37
9,-222,-113,384,115,-32
5,-219,-110,377,108,-27
8,-221,-112,364,99,-22
6,-220,-109,349,86,-17
5,-218,-111,330,73,-13
2,-220,-110,307,59,-6
2,-219,-111,284,46,2
3,-220,-109,259,33,7
1,-217,-113,238,22,12
0,-221,-112,216,11,16
-1,-218,-110,197,3,20
-2,-220,-109,178,-6,23
-1,-219,-119,160,-14,25
-3,-224,-110,142,-21,26
-4,-220,-115,128,-27,28
-2,-222,-111,115,-32,27
-5,-221,-111,103,-35,26
-4,-218,-109,92,-37,24
-4,-221,-116,80,-37,22
-3,-221,-111,70,-38,22
-3,-225,-107,56,-38,18
-2,-223,-110,44,-36,14
-4,-227,-112,31,-34,12
-4,-217,-109,20,-28,11
-4,-228,-113,13,-23,10
-3,-227,-112,10,-17,8
-4,-227,-109,10,-9,5
-3,-229,-113,13,-2,1
-4,-226,-113,18,5,-3
-6,-226,-112,23,11,-6
-6,-227,-111,29,17,-8
-6,-227,-110,36,23,-10
-5,-227,-112,42,29,-12
-6,-224,-115,49,31,-14
-10,-227,-113,57,34,-13
-8,-225,-113,61,34,-16
-6,-226,-113,66,33,-17
-5,-226,-110,69,28,-18
-5,-226,-110,70,24,-18
-4,-225,-110,71,21,-18
-6,-225,-111,74,17,-18
-5,-226,-112,75,11,-17
-6,-223,-113,75,6,-16
-3,-229,-110,77,1,-16
-4,-224,-110,77,-3,-16
-3,-224,-113,77,-11,-14
-4,-223,-110,72,-16,-12
-4,-223,-109,65,-23,-10
-3,-228,-105,56,-29,-10
-4,-221,-111,45,-33,-10
-2,-224,-109,37,-35,-12
-2,-225,-107,29,-35,-13
-3,-226,-104,22,-34,-11
-3,-226,-111,19,-35,-10
-2,-225,-109,18,-34,-12
0,-221,-112,20,-34,-13
-4,-224,-110,21,-33,-16
-3,-223,-110,26,-31,-18
-3,-225,-115,31,-30,-20
-3,-223,-113,33,-30,-21
-1,-224,-110,34,-28,-23
-2,-225,-112,34,-26,-25
0,-227,-111,31,-23,-28
0,-224,-112,27,-20,-29
-1,-226,-112,22,-19,-30
-2,-222,-111,16,-18,-30
-4,-228,-114,8,-14,-28
4,-227,-112,3,-13,-28
1,-224,-114,-1,-13,-28
1,-224,-113,-6,-12,-25
-3,-224,-114,-8,-11,-23
-3,-222,-112,-8,-10,-20
-3,-229,-112,-6,-10,-20
0,-227,-113,-4,-8,-20
-3,-223,-120,-2,-6,-20
-3,-222,-120,0,-3,-20
-5,-223,-116,1,0,-21
1,-225,-119,-1,2,-21
-1,-228,-116,-3,7,-23
0,-225,-115,-5,9,-23
-3,-225,-115,-6,11,-26
-2,-221,-116,-2,13,-27
-2,-225,-115,2,13,-27
0,-225,-116,7,13,-26
-1,-225,-114,13,12,-24
-2,-225,-113,16,11,-23
-2,-226,-115,18,10,-20
4,-226,-110,18,8,-19
-3,-222,-115,16,8,-16
-1,-224,-117,13,7,-14
1,-225,-117,10,6,-12
-2,-226,-117,9,6,-10
0,-219,-115,7,6,-8
-2,-226,-116,5,5,-7
-4,-227,-119,7,6,-5
-3,-222,-120,9,7,-5
-3,-223,-117,13,8,-4
-2,-227,-114,18,12,-5
-4,-226,-116,22,14,-7
-8,-232,-110,27,16,-6
-4,-224,-116,32,15,-6
-5,-223,-117,37,17,-8
-3,-226,-113,42,17,-9
-4,-222,-117,43,17,-12
-2,-222,-116,46,15,-11
-3,-226,-116,48,14,-12
-2,-225,-118,48,11,-10
-2,-225,-115,49,8,-12
-1,-224,-116,50,6,-10
0,-225,-111,53,5,-11
-9,-216,-115,54,4,-13
-3,-224,-113,54,1,-12
-3,-222,-113,53,1,-15
-4,-225,-115,51,3,-16
-4,-223,-117,49,5,-20
-3,-222,-113,48,5,-20
-4,-222,-115,47,6,-21
-2,-224,-121,45,6,-22
-2,-224,-114,40,6,-23
-2,-223,-110,37,6,-23
-2,-219,-115,33,7,-24
-2,-217,-113,29,8,-23
-3,-224,-114,26,10,-24
-1,-223,-119,25,11,-22
-2,-222,-114,24,10,-23
-3,-222,-115,22,12,-24
-4,-226,-116,21,14,-22
-4,-221,-115,22,15,-24
-3,-225,-115,21,15,-22
-4,-225,-113,20,16,-20
-4,-224,-121,19,18,-19
-1,-224,-112,19,17,-18
-3,-222,-117,18,19,-16
-4,-225,-116,19,18,-14
-5,-221,-116,18,18,-12
-5,-225,-117,17,18,-12
-5,-220,-115,17,16,-11
-6,-219,-116,15,16,-11
-4,-221,-118,15,17,-9
-3,-225,-112,14,16,-8
-4,-223,-116,15,14,-8
-4,-221,-109,16,15,-7
-3,-221,-117,13,12,-8
-3,-223,-111,12,13,-9
-2,-221,-115,10,10,-7
-2,-223,-112,10,9,-10
-4,-225,-115,10,9,-9
-4,-220,-118,9,10,-10
-2,-225,-110,9,11,-10
-1,-225,-115,9,11,-10
-1,-225,-116,10,11,-11
1,-223,-116,10,12,-12
6,-225,-118,9,13,-14
5,-226,-117,8,15,-12
0,-224,-118,8,16,-11
2,-226,-121,8,16,-9
1,-223,-115,7,18,-11
1,-223,-116,7,18,-11
-2,-224,-117,8,19,-12
-2,-223,-117,9,20,-13
-2,-221,-116,9,24,-11
0,-225,-121,11,25,-11
-1,-224,-116,12,28,-11
2,-226,-120,13,27,-10
-2,-221,-111,14,28,-7
0,-224,-115,15,28,-7
-1,-224,-119,14,28,-9
1,-223,-118,15,26,-8
-2,-223,-118,16,28,-8
-3,-222,-118,19,25,-9
-4,-219,-116,21,25,-7
-1,-226,-118,25,23,-7
-2,-225,-115,27,20,-7
1,-222,-118,31,18,-9
-3,-224,-119,33,17,-10
-6,-225,-117,35,15,-8
0,-224,-116,36,13,-7
-2,-225,-117,39,13,-6
-1,-225,-120,40,12,-7
-1,-223,-116,39,11,-7
-3,-222,-115,40,13,-9
-4,-223,-117,40,13,-9
-4,-222,-112,40,13,-9
-3,-220,-121,43,14,-9
-3,-223,-117,45,14,-10
-3,-224,-120,48,15,-12
-7,-216,-114,50,15,-13
-2,-222,-119,51,17,-11
-3,-221,-118,51,19,-12
-1,-221,-118,49,18,-11
-2,-218,-115,46,19,-10
0,-221,-120,44,21,-10
3,-223,-121,39,19,-9
0,-222,-123,36,19,-8
-2,-223,-122,32,20,-7
-2,-222,-116,29,20,-6
0,-223,-117,26,20,-5
-5,-228,-114,26,19,-5
-1,-223,-118,27,17,-6
-3,-223,-118,32,17,-7
-3,-225,-118,38,17,-7
-4,-225,-122,46,15,-9
-1,-219,-123,54,15,-10
-3,-219,-120,58,12,-10
-2,-219,-116,59,13,-11
-3,-219,-120,56,11,-13
-7,-222,-115,51,10,-10
-4,-221,-118,45,7,-11
-4,-221,-118,40,6,-8
-3,-221,-116,35,5,-10
-2,-225,-116,35,3,-10
-3,-220,-112,33,1,-11
-4,-222,-115,35,1,-11
-3,-223,-117,35,-1,-12
-4,-222,-119,37,-2,-14
-4,-223,-120,37,-3,-13
0,-220,-116,36,-3,-13
-1,-223,-119,33,-5,-14
0,-220,-111,30,-6,-13
-6,-220,-115,27,-6,-15
-1,-220,-114,24,-6,-14
-3,-220,-119,22,-5,-14
-6,-220,-115,22,-6,-14
-4,-219,-123,23,-3,-13
-3,-220,-120,27,-2,-14
-1,-222,-120,32,0,-14
-2,-220,-121,38,0,-15
-2,-223,-120,43,1,-17
-2,-220,-121,47,2,-16
-8,-218,-120,47,2,-15
-4,-223,-124,47,1,-16
-4,-219,-119,44,1,-14
-2,-225,-118,41,0,-13
-2,-218,-120,39,1,-15
-2,-224,-121,38,0,-13
-3,-220,-118,37,1,-10
-2,-222,-119,36,2,-9
-4,-221,-119,35,2,-9
-2,-225,-115,36,3,-11
-3,-223,-117,36,5,-10
-1,-224,-117,37,5,-12
-4,-221,-124,37,7,-11
-3,-220,-118,36,5,-11
-4,-223,-121,35,5,-13
-4,-223,-118,34,6,-11
-3,-219,-120,33,7,-11
-3,-224,-117,32,8,-13
-3,-222,-115,31,8,-14
-2,-224,-114,29,9,-13
-3,-225,-121,30,9,-14
-2,-224,-117,30,9,-17
-2,-222,-117,32,9,-18
-2,-226,-122,36,10,-18
-3,-220,-118,41,9,-17
-2,-220,-119,45,10,-17
-1,-222,-118,49,9,-17
-1,-221,-117,53,9,-18
-3,-223,-117,54,9,-19
-1,-222,-121,55,9,-19
-5,-219,-121,57,9,-20
0,-220,-121,59,9,-20
-1,-220,-120,59,10,-19
-5,-219,-125,62,11,-17
-4,-221,-119,63,11,-18
-1,-221,-120,64,12,-18
-4,-221,-119,65,13,-18
-2,-226,-118,69,11,-20
-2,-222,-121,70,13,-19
-3,-221,-119,70,15,-20
-4,-222,-120,68,14,-19
-2,-220,-120,65,15,-21
1,-220,-119,64,16,-19
-3,-223,-125,60,16,-20
0,-222,-121,58,13,-20
-3,-223,-117,58,14,-19
-3,-221,-121,56,14,-20
-2,-220,-113,57,15,-17
-4,-220,-117,57,15,-17
-2,-220,-115,60,14,-16
-2,-221,-118,59,15,-15
-3,-224,-124,60,13,-14
0,-221,-116,59,14,-14
-3,-218,-119,57,14,-15
-4,-221,-122,55,12,-12
-2,-221,-121,54,11,-11
-2,-223,-118,53,11,-10
-3,-221,-116,51,12,-10
-1,-224,-122,51,13,-9
-3,-220,-119,49,13,-8
-2,-225,-119,49,14,-8
-1,-223,-118,49,15,-9
-1,-222,-116,49,16,-7
-2,-225,-120,49,16,-7
0,-224,-118,50,17,-7
-3,-221,-116,52,16,-9
2,-226,-112,51,15,-9
2,-225,-119,51,14,-9
-2,-222,-120,51,12,-9
-4,-220,-119,53,11,-10
1,-225,-120,52,11,-8
-1,-219,-116,56,10,-9
-1,-222,-119,56,8,-9
-3,-221,-121,58,8,-11
-3,-218,-119,58,6,-12
-2,-221,-116,59,6,-12
-3,-225,-123,58,5,-13
1,-229,-113,57,4,-13
-2,-225,-116,57,4,-14
-3,-221,-117,59,4,-15
-1,-223,-119,58,5,-15
-4,-222,-120,60,5,-14
-3,-219,-120,61,6,-15
-3,-220,-121,64,5,-15
-4,-222,-120,65,6,-15
-1,-225,-121,66,5,-15
-2,-221,-119,68,6,-16
-1,-218,-120,72,6,-14
-3,-222,-117,76,6,-14
-4,-221,-115,78,5,-14
-2,-222,-119,80,6,-13
-6,-219,-119,80,7,-11
-1,-220,-120,80,7,-13
-1,-224,-118,77,7,-11
-4,-220,-119,75,7,-11
-3,-221,-116,72,7,-11
-3,-221,-115,69,7,-12
-5,-223,-121,70,8,-11
-4,-219,-118,72,9,-12
-3,-223,-119,75,10,-13
-3,-222,-119,78,11,-14
-4,-223,-119,83,11,-16
-2,-223,-118,89,11,-16
-4,-221,-120,90,12,-14
-4,-218,-120,88,13,-13
-3,-224,-121,82,13,-14
-2,-223,-120,74,12,-13
-2,-220,-117,66,14,-11
-3,-220,-112,60,14,-11
-3,-224,-118,59,14,-9
-3,-221,-115,59,17,-11
-1,-223,-118,62,18,-12
-2,-221,-117,62,19,-11
-1,-223,-113,64,20,-12
-3,-223,-115,67,20,-12
-3,-222,-116,66,19,-12
-1,-225,-114,66,18,-11
-2,-222,-116,65,19,-11
0,-225,-119,63,18,-11
-2,-224,-118,60,17,-10
-1,-223,-117,61,13,-10
-3,-221,-125,59,13,-9
-3,-221,-116,59,11,-9
-1,-222,-117,60,12,-9
-3,-223,-121,59,13,-9
-1,-223,-117,60,13,-10
0,-224,-121,61,12,-10
0,-222,-124,61,13,-9
-1,-222,-119,63,14,-10
-1,-222,-118,64,15,-10
2,-223,-119,65,16,-9
-3,-219,-119,65,17,-11
-2,-222,-117,65,13,-10
0,-224,-120,64,11,-10
-2,-223,-120,61,12,-9
-3,-222,-120,60,12,-9
-3,-222,-118,58,13,-8
-4,-220,-118,56,14,-7
-2,-223,-120,53,15,-9
0,-220,-116,51,17,-8
-2,-222,-120,47,17,-10
-1,-225,-116,47,15,-7
-1,-217,-116,48,15,-9
-1,-223,-118,48,15,-10
-2,-222,-116,49,17,-11
-4,-222,-120,50,18,-9
1,-227,-120,51,20,-9
-1,-224,-117,48,20,-10
-2,-222,-116,49,14,-10
-1,-222,-120,51,12,-9
-5,-224,-110,51,12,-11
-1,-222,-118,52,10,-10
1,-223,-117,54,12,-9
-2,-223,-116,54,14,-6
-2,-219,-113,52,12,-10
-2,-223,-117,49,10,-8
-3,-220,-115,47,7,-8
-3,-220,-117,42,7,-10
-4,-222,-116,37,8,-11
-3,-223,-115,35,10,-9
2,-223,-118,34,15,-8
0,-225,-117,33,14,-10
-4,-224,-112,33,13,-9
-3,-222,-118,33,11,-10
-5,-222,-110,31,11,-9
-2,-220,-119,31,11,-9
-2,-224,-115,28,14,-8
-2,-222,-113,26,14,-9
-2,-223,-118,25,14,-10
-3,-223,-114,23,13,-15
-4,-222,-120,22,9,-18
-1,-223,-114,21,8,-18
-3,-221,-117,19,8,-21
-1,-222,-119,17,8,-21
-2,-223,-115,18,10,-21
-2,-226,-118,17,12,-20
-4,-219,-117,14,13,-24
-4,-220,-118,12,12,-25
-3,-220,-114,8,13,-26
-3,-221,-114,1,13,-24
-3,-221,-120,-1,16,-22
-3,-222,-118,-6,19,-22
-4,-222,-121,-12,20,-19
-2,-221,-113,-18,22,-18
-4,-225,-115,-25,23,-16
-3,-222,-117,-29,24,-14
3,-229,-116,-34,24,-13
-2,-218,-118,-37,23,-13
-2,-219,-113,-38,23,-14
-1,-223,-120,-39,23,-12
-1,-221,-117,-42,21,-13
0,-222,-115,-47,16,-13
1,-220,-120,-53,9,-13
-3,-218,-124,-63,7,-12
-2,-218,-118,-73,6,-14
-3,-216,-120,-81,6,-14
0,-217,-123,-88,6,-8
-3,-218,-120,-95,6,-10
-4,-216,-123,-101,0,-9
-1,-219,-116,-107,-1,-7
-3,-219,-121,-112,-2,-8
-3,-222,-125,-114,-1,-8
-2,-218,-124,-117,3,-7
-2,-222,-118,-122,7,-11
-1,-218,-120,-124,6,-10
-2,-225,-123,-130,6,-10
-3,-225,-119,-135,8,-9
-4,-220,-121,-138,9,-11
-1,-223,-126,-141,13,-8
-3,-219,-121,-143,17,-10
-3,-219,-119,-147,18,-12
-1,-219,-120,-149,18,-14
0,-219,-123,-152,18,-14
-2,-220,-125,-155,17,-17
-3,-218,-121,-158,16,-17
-3,-217,-125,-163,15,-14
-3,-215,-120,-170,13,-13
-1,-218,-123,-178,10,-13
-3,-211,-122,-185,6,-11
0,-209,-127,-194,5,-10
-2,-215,-123,-205,2,-6
-2,-212,-121,-219,-3,-4
-1,-211,-122,-234,-6,-1
-2,-214,-122,-252,-6,3
-2,-214,-124,-271,-8,8
0,-213,-119,-294,-9,11
0,-213,-121,-314,-10,16
0,-212,-125,-335,-7,17
-1,-212,-123,-357,-6,17
-1,-213,-127,-373,-3,16
-1,-216,-124,-386,1,16
0,-213,-127,-395,6,15
1,-209,-126,-404,11,15
2,-212,-128,-412,16,18
0,-212,-132,-424,21,19
2,-211,-130,-435,24,22
3,-209,-128,-446,27,24
-1,-209,-132,-458,29,25
1,-212,-135,-469,31,26
-2,-206,-132,-481,30,26
4,-210,-139,-495,30,27
-2,-211,-132,-511,30,27
1,-211,-132,-531,29,30
1,-208,-134,-559,31,36
1,-211,-135,-583,30,40
3,-210,-136,-607,30,44
-3,-208,-136,-632,27,49
-1,-208,-131,-656,24,51
-3,-205,-139,-678,23,53
-2,-208,-135,-701,22,56
-2,-206,-135,-722,17,58
-1,-201,-140,-739,12,59
-3,-206,-138,-756,9,63
-6,-204,-139,-769,6,61
-4,-201,-138,-782,1,65
-4,-200,-139,-798,-2,68
-5,-201,-141,-811,-4,69
-4,-200,-143,-825,-6,67
-6,-201,-143,-837,-9,65
-3,-196,-144,-851,-9,65
-2,-200,-144,-869,-9,66
-4,-200,-143,-890,-10,68
-6,-202,-143,-919,-11,70
-3,-198,-146,-947,-14,63
-2,-195,-148,-981,-17,54
0,-199,-149,-1000,-16,69
-2,-193,-152,-1012,-16,80
-3,-194,-153,-1023,-18,88
-1,-195,-155,-1034,-19,92
-1,-194,-163,-1050,-23,93
1,-192,-161,-1069,-25,95
-2,-191,-160,-1094,-24,90
2,-187,-160,-1140,-24,73
4,-187,-164,-1157,-17,90
-2,-186,-163,-1169,-10,101
6,-183,-172,-1186,-2,116
0,-185,-167,-1215,8,129
2,-183,-169,-1234,23,120
3,-188,-174,-1253,38,116
7,-176,-173,-1307,54,69
11,-178,-174,-1345,74,86
4,-178,-173,-1362,90,121
5,-182,-181,-1380,101,144
9,-181,-182,-1408,111,170
-6,-179,-176,-1470,126,108
11,-168,-182,-1553,126,52
6,-174,-188,-1580,137,94
0,-175,-190,-1567,151,147
-3,-177,-189,-1549,151,172
1,-172,-193,-1541,144,190
-5,-175,-196,-1542,133,199
-5,-176,-198,-1531,121,188
-11,-181,-200,-1512,108,175
-11,-176,-201,-1508,93,139
-24,-182,-210,-1512,84,98
-13,-160,-209,-1531,65,131
-17,-166,-216,-1487,55,136
-16,-167,-211,-1430,43,130
-19,-164,-220,-1384,27,117
-17,-161,-218,-1356,12,115
-15,-161,-219,-1331,1,94
-13,-158,-218,-1312,-9,79
-8,-161,-217,-1300,-18,72
4,-165,-220,-1292,-22,82
-19,-153,-221,-1311,-23,96
-12,-151,-224,-1293,-26,73
-8,-155,-224,-1274,-27,61
-7,-157,-229,-1259,-27,52
-9,-157,-232,-1249,-25,53
-6,-154,-235,-1244,-24,57
-4,-156,-241,-1233,-24,68
-4,-157,-243,-1216,-30,81
-4,-153,-246,-1188,-41,92
-3,-154,-245,-1154,-50,95
-3,-150,-248,-1116,-56,95
-4,-146,-248,-1074,-58,92
0,-147,-252,-1026,-57,83
-12,-148,-253,-976,-54,74
-14,-145,-257,-928,-47,65
-12,-146,-254,-881,-36,58
-12,-145,-254,-835,-23,48
-15,-143,-259,-796,-10,41
-11,-139,-261,-758,0,32
-9,-136,-255,-721,16,24
-8,-132,-259,-675,33,16
-10,-130,-263,-623,45,9
-6,-129,-262,-569,53,3
-3,-125,-265,-517,56,-1
-4,-121,-268,-464,52,-6
-4,-120,-265,-411,47,-6
-3,-115,-267,-360,34,-4
-4,-114,-268,-314,24,1
-6,-114,-271,-275,16,4
-4,-111,-271,-243,11,7
-7,-109,-273,-220,12,7
-7,-108,-275,-204,15,3
-5,-108,-275,-197,18,-1
-12,-106,-271,-195,25,-10
-6,-99,-275,-199,32,-19
-9,-100,-271,-208,36,-26
-8,-98,-275,-220,39,-29
-11,-98,-274,-236,37,-31
-10,-101,-269,-252,32,-29
-12,-99,-269,-269,25,-29
-11,-103,-271,-283,14,-25
-9,-103,-272,-292,7,-23
-6,-109,-270,-299,5,-20
-8,-107,-270,-307,7,-17
-9,-108,-267,-313,12,-15
-7,-113,-269,-313,19,-16
-4,-116,-264,-308,28,-16
-5,-116,-268,-295,38,-17
-4,-117,-266,-275,47,-20
-5,-117,-263,-249,57,-24
-6,-121,-264,-216,65,-28
-4,-121,-264,-177,73,-33
-6,-118,-268,-135,76,-35
-6,-119,-274,-90,81,-38
-9,-117,-270,-43,83,-42
-4,-113,-273,1,81,-47
-9,-109,-274,39,77,-50
-12,-105,-274,65,70,-53
-10,-101,-275,76,64,-54
-11,-100,-275,74,55,-53
-12,-97,-276,63,42,-48
-12,-102,-273,49,26,-43
-10,-102,-272,38,12,-36
-7,-103,-274,34,-1,-33
-12,-104,-279,40,-13,-28
-11,-103,-273,60,-21,-27
-15,-104,-274,89,-27,-28
-13,-105,-272,130,-31,-30
-14,-105,-267,183,-34,-33
-14,-106,-269,242,-38,-33
-12,-107,-263,306,-40,-30
-8,-107,-261,369,-45,-24
-12,-112,-260,429,-51,-20
-8,-114,-259,483,-56,-17
-6,-115,-249,529,-62,-16
-4,-115,-250,568,-67,-14
-3,-117,-248,598,-68,-16
-1,-124,-248,621,-69,-17
-4,-123,-248,637,-66,-18
-3,-126,-245,646,-60,-18
-4,-125,-240,650,-51,-16
-3,-127,-238,651,-40,-18
-1,-128,-236,650,-26,-17
-1,-129,-239,649,-9,-16
-1,-128,-240,652,7,-14
1,-132,-234,660,25,-11
-1,-132,-236,676,45,-7
1,-132,-229,701,65,-3
-1,-127,-229,732,84,3
2,-127,-226,772,100,5
1,-127,-227,820,116,6
2,-126,-229,872,130,3
1,-125,-224,926,145,3
4,-126,-226,980,160,-2
3,-126,-221,1034,174,-8
2,-129,-222,1084,192,-15
1,-124,-210,1128,210,-20
4,-134,-210,1166,224,-25
-3,-131,-215,1198,232,-28
-2,-132,-212,1222,237,-35
-3,-134,-213,1239,238,-40
-3,-134,-209,1250,234,-34
-5,-136,-206,1256,227,-27
-4,-136,-210,1256,219,-20
-6,-137,-203,1253,210,-14
-6,-141,-205,1249,201,-10
-5,-139,-204,1249,192,-2
-6,-141,-206,1252,184,9
-13,-134,-207,1261,178,18
-8,-142,-201,1274,176,26
-9,-141,-201,1290,172,33
-12,-143,-199,1308,170,41
-12,-144,-200,1331,170,45
-8,-143,-195,1349,168,52
-6,-143,-198,1361,167,63
-8,-144,-193,1371,165,70
-5,-144,-186,1379,159,74
-12,-146,-190,1387,150,80
-9,-143,-190,1393,138,83
-11,-150,-189,1398,122,82
-13,-143,-187,1404,109,72
-10,-144,-182,1411,95,69
-12,-143,-184,1414,86,81
-9,-150,-179,1418,79,95
-10,-149,-181,1420,80,99
-9,-147,-179,1415,83,100
-7,-148,-181,1406,88,98
-6,-152,-177,1398,98,98
-6,-153,-178,1388,110,98
1,-153,-173,1374,124,101
-1,-144,-182,1358,133,104
-4,-152,-177,1337,145,104
2,-154,-170,1317,152,100
5,-156,-167,1293,158,98
-2,-154,-170,1275,163,84
9,-158,-167,1260,167,69
5,-156,-164,1239,167,81
6,-158,-160,1217,171,90
2,-156,-157,1199,172,95
7,-164,-163,1185,170,104
6,-162,-163,1176,172,105
-1,-167,-157,1173,177,102
0,-168,-155,1173,178,101
-2,-167,-157,1180,178,99
-2,-169,-159,1194,177,97
-1,-173,-155,1216,177,96
-6,-170,-157,1242,171,96
-5,-171,-156,1268,164,100
-7,-169,-153,1295,152,102
-7,-170,-155,1315,142,103
-10,-165,-153,1332,129,105
-8,-163,-155,1343,118,103
-7,-171,-154,1350,105,103
-8,-169,-143,1354,93,103
-8,-161,-149,1355,83,104
-10,-162,-147,1351,75,106
-12,-161,-146,1337,69,102
-12,-160,-146,1324,64,102
-14,-153,-144,1313,58,105
-9,-163,-140,1312,54,122
-13,-162,-138,1297,53,107
-12,-159,-137,1280,50,94
-8,-164,-134,1257,46,84
-12,-160,-133,1232,44,79
-13,-158,-134,1207,44,74
-16,-161,-136,1186,43,66
-15,-159,-137,1166,43,57
-16,-162,-134,1155,43,29
-15,-160,-133,1132,32,40
-16,-164,-134,1105,25,52
-12,-164,-136,1074,26,57
-13,-165,-136,1039,27,58
-11,-163,-132,999,23,58
-12,-172,-126,965,14,57
-11,-173,-131,939,0,61
-17,-172,-132,916,-10,67
-15,-167,-128,901,-17,72
-8,-179,-132,899,-22,96
-10,-179,-131,885,-22,91
-6,-177,-130,868,-22,82
-3,-177,-135,850,-16,79
-2,-180,-134,830,-9,74
-3,-181,-128,812,-6,73
-6,-185,-124,797,-3,74
-3,-185,-134,791,-3,71
-3,-188,-125,792,-2,66
-3,-192,-125,793,1,62
-3,-191,-127,792,5,63
-2,-192,-132,786,7,61
-3,-192,-128,775,7,59
-2,-194,-130,763,3,54
-2,-194,-127,751,-3,51
1,-194,-131,737,-10,37
-4,-196,-126,725,-19,16
-4,-200,-128,695,-30,27
-1,-202,-124,672,-38,36
-5,-204,-126,658,-40,40
-5,-202,-124,644,-44,42
-6,-201,-123,634,-44,56
-4,-204,-124,619,-45,64
-9,-207,-122,588,-45,45
-10,-205,-120,556,-44,31
-8,-209,-121,525,-39,26
-7,-209,-116,492,-34,18
-8,-213,-116,465,-29,14
-4,-216,-114,445,-19,10
-3,-220,-109,434,-10,6
-3,-218,-113,429,-3,1
-3,-220,-112,426,3,-7
-3,-222,-111,424,9,-12
-3,-221,-109,423,17,-17
-3,-220,-107,422,19,-21
-4,-220,-102,418,17,-24
-4,-221,-103,415,11,-27
-3,-225,-104,412,5,-30
-4,-225,-103,413,-5,-33
-2,-225,-103,420,-12,-36
1,-220,-97,428,-18,-38
-2,-220,-103,439,-21,-40
-4,-220,-103,454,-26,-42
-2,-218,-99,471,-31,-42
-2,-217,-105,487,-38,-41
-2,-216,-103,498,-45,-39
-3,-212,-103,499,-51,-34
-8,-209,-101,500,-58,-40
-5,-214,-103,494,-61,-59
-1,-212,-100,470,-69,-39
-3,-218,-104,457,-68,-11
-5,-220,-103,440,-66,-8
-9,-218,-101,415,-64,-13
-6,-215,-97,387,-68,-15
-7,-221,-100,358,-72,-15
-6,-224,-100,325,-79,-16
-9,-224,-102,297,-85,-15
-11,-227,-102,275,-89,-19
-14,-227,-104,258,-92,-22
-7,-231,-108,247,-95,-24
-7,-231,-106,242,-98,-29
-13,-225,-106,236,-101,-33
-5,-227,-109,231,-101,-39
-4,-234,-102,228,-103,-41
-4,-232,-102,226,-107,-46
-3,-236,-101,221,-109,-51
-1,-237,-98,213,-111,-56
-3,-234,-104,209,-114,-60
1,-236,-99,205,-115,-63
5,-233,-106,203,-116,-65
0,-234,-96,201,-118,-65
-1,-231,-97,200,-120,-66
0,-232,-103,199,-123,-69
-1,-225,-101,202,-127,-72
-2,-226,-98,207,-128,-75
-2,-227,-98,214,-129,-76
-4,-227,-97,220,-123,-76
-4,-226,-92,226,-117,-74
-8,-225,-91,231,-107,-73
-5,-223,-91,233,-99,-67
-8,-225,-90,231,-92,-62
-10,-226,-90,226,-88,-57
-11,-228,-88,217,-83,-50
-12,-234,-90,206,-84,-41
-16,-237,-91,198,-84,-33
-11,-240,-90,193,-88,-27
-10,-242,-90,190,-93,-23
-9,-241,-89,189,-99,-21
-7,-240,-89,190,-103,-17
-8,-242,-90,193,-106,-20
-6,-233,-88,197,-107,-22
-3,-235,-95,198,-105,-25
-4,-232,-86,200,-98,-32
-3,-238,-89,205,-91,-39
-3,-232,-90,212,-84,-44
-4,-228,-87,223,-76,-50
-2,-235,-81,235,-67,-57
-14,-231,-83,253,-57,-79
-4,-237,-80,266,-49,-91
-4,-236,-76,275,-42,-81
-4,-239,-79,287,-32,-77
-4,-236,-75,296,-24,-76
1,-242,-74,304,-17,-69
-8,-238,-72,302,-14,-64
-7,-237,-73,282,-20,-69
-5,-233,-71,254,-22,-70
-8,-242,-68,217,-19,-66
-4,-241,-72,182,-13,-61
-3,-243,-67,150,-7,-55
-4,-245,-68,122,4,-49
-4,-247,-68,100,9,-45
-3,-247,-67,85,11,-42
-3,-247,-71,75,12,-40
-3,-249,-71,74,8,-41
-3,-246,-72,77,3,-42
-6,-244,-77,87,-3,-40
-9,-244,-73,99,-11,-40
-5,-238,-82,112,-21,-40
-9,-236,-80,122,-28,-41
-9,-231,-78,129,-36,-41
-10,-233,-76,132,-38,-39
-15,-228,-78,133,-42,-36
-11,-233,-72,130,-47,-35
-16,-233,-73,124,-54,-33
-17,-229,-76,115,-63,-31
-14,-228,-76,107,-71,-28
-17,-237,-73,106,-77,-53
-18,-240,-71,93,-88,-35
-12,-241,-72,84,-94,-25
-13,-242,-71,83,-96,-21
-12,-245,-74,86,-96,-19
-15,-245,-72,93,-96,-20
-10,-245,-75,107,-99,-21
-6,-250,-74,126,-103,-23
-10,-249,-75,144,-109,-25
-9,-245,-74,166,-110,-28
-6,-246,-79,189,-111,-29
-10,-248,-76,206,-112,-35
-8,-238,-78,217,-113,-35
-6,-243,-76,228,-109,-38
-7,-241,-74,235,-105,-41
-4,-242,-71,240,-98,-43
-6,-240,-71,241,-88,-45
-4,-240,-71,238,-82,-46
-4,-240,-68,235,-76,-47
-4,-242,-70,236,-75,-45
-2,-242,-65,236,-73,-44
-1,-241,-64,238,-71,-44
-4,-242,-66,239,-74,-43
-3,-238,-65,239,-74,-42
-2,-243,-66,236,-73,-40
-4,-243,-64,230,-74,-35
-3,-242,-66,224,-75,-32
-1,-245,-63,219,-73,-31
0,-245,-66,218,-70,-30
-4,-243,-63,215,-65,-30
-4,-241,-64,214,-59,-31
-1,-241,-67,212,-55,-32
-1,-241,-61,209,-50,-31
-4,-236,-67,206,-47,-30
-4,-241,-63,205,-43,-31
-3,-236,-61,201,-41,-31
-2,-237,-62,194,-42,-34
-1,-239,-63,186,-45,-34
-4,-236,-60,178,-48,-34
-3,-237,-62,170,-51,-33
-3,-236,-56,159,-52,-34
-4,-236,-55,148,-51,-34
-3,-234,-59,135,-48,-35
-7,-236,-59,119,-46,-37
-4,-238,-59,103,-44,-38
-3,-241,-55,88,-40,-36
-4,-240,-59,76,-38,-35
-6,-243,-62,62,-37,-38
-7,-242,-64,50,-38,-36
-9,-239,-61,43,-43,-33
-6,-243,-62,39,-46,-31
-5,-246,-64,36,-49,-28
-9,-242,-60,36,-52,-25
-7,-249,-57,37,-55,-21
-8,-245,-64,40,-57,-17
-11,-249,-64,46,-58,-13
-7,-253,-65,53,-59,-11
-8,-243,-65,59,-58,-10
-5,-246,-63,65,-57,-7
-4,-242,-62,67,-57,-6
-6,-243,-65,68,-59,-4
-4,-245,-61,70,-61,-4
-5,-242,-59,70,-60,-3
-4,-246,-61,69,-61,-2
-4,-244,-64,70,-60,-1
-6,-245,-62,68,-59,-1
-2,-245,-59,65,-54,-1
-4,-240,-64,59,-48,0
-3,-242,-60,52,-44,0
-4,-239,-61,45,-40,-1
-4,-241,-59,40,-36,-1
-1,-243,-62,37,-34,-1
-4,-243,-62,36,-33,-1
-5,-241,-59,36,-29,-2
-3,-242,-61,34,-26,-4
-3,-246,-64,33,-23,-3
-4,-240,-57,33,-20,-4
-8,-236,-64,36,-18,-5
-3,-241,-59,36,-13,-4
-3,-240,-58,35,-10,-5
-2,-242,-56,36,-7,-5
-3,-243,-57,36,-5,-5
-4,-242,-59,37,-3,-2
-5,-244,-59,38,0,-2
-1,-245,-60,40,1,-3
-2,-248,-56,42,3,-3
0,-247,-61,45,6,-4
-2,-247,-58,48,9,-3
-4,-242,-57,51,11,-4
-4,-242,-60,54,15,-4
-4,-243,-59,53,14,-4
-4,-244,-61,54,14,-1
-4,-245,-62,54,15,1
-4,-243,-59,54,16,-1
-4,-243,-58,56,17,0
-4,-243,-58,58,19,-1
-4,-243,-57,58,20,-2
-4,-242,-61,59,20,-1
-3,-245,-61,60,20,-1
-5,-239,-65,62,22,-3
-6,-243,-64,65,25,-5
-4,-243,-63,66,28,-7
-1,-243,-65,68,28,-7
-5,-240,-63,69,30,-9
-8,-241,-63,67,30,-9
-10,-241,-63,66,30,-8
-10,-239,-67,65,29,-6
-12,-242,-62,64,30,-4
-7,-243,-59,59,31,-5
-7,-242,-58,54,34,-5
-5,-244,-64,54,35,-3
-5,-246,-60,56,38,-3
-5,-248,-57,62,41,-2
-4,-246,-62,69,45,-1
-4,-243,-63,75,50,-2
-4,-244,-64,76,55,-4
-1,-247,-64,76,60,-3
-5,-242,-57,80,66,-5
-3,-245,-63,83,70,-4
-2,-241,-61,85,71,-1
-2,-241,-66,84,70,-1
-4,-244,-66,84,71,1
-4,-239,-65,80,73,4
-2,-240,-64,77,73,6
-2,-241,-66,76,73,8
-4,-242,-63,77,74,9
-4,-239,-59,76,75,9
-4,-242,-60,73,77,7
-4,-242,-56,69,79,6
-4,-243,-61,66,79,6
-6,-241,-61,62,81,5
-4,-240,-62,58,85,5
-8,-243,-58,53,86,5
-4,-242,-59,50,90,6
-4,-241,-60,45,90,4
-7,-240,-60,42,94,5
-5,-241,-62,35,95,7
-9,-238,-57,26,98,7
-7,-239,-61,20,98,7
-6,-234,-61,14,97,7
-4,-240,-56,9,95,7
-7,-241,-59,5,94,7
-6,-238,-58,2,93,5
-6,-240,-60,1,94,4
-3,-239,-60,0,93,2
-5,-237,-61,0,96,0
-4,-240,-66,0,98,-1
-5,-239,-62,-1,100,-3
-8,-240,-63,-2,104,-3
-8,-241,-61,-3,104,-4
-11,-240,-62,-6,105,-5
-9,-240,-67,-7,104,-8
-9,-245,-62,-8,101,-8
-6,-245,-61,-7,99,-8
-9,-243,-67,-6,96,-8
-11,-245,-63,-2,96,-9
-9,-244,-67,1,94,-11
-10,-243,-64,4,90,-9
-11,-244,-67,6,87,-10
-10,-243,-66,4,84,-7
-8,-243,-70,3,79,-7
-9,-241,-65,1,75,-8
-11,-243,-66,1,72,-8
-10,-242,-60,2,70,-9
-7,-248,-61,2,70,-10
-10,-243,-64,7,72,-11
-12,-243,-68,8,71,-12
-8,-242,-66,10,68,-10
-9,-243,-63,11,65,-10
-8,-242,-64,10,62,-11
-9,-242,-66,14,57,-11
-7,-244,-63,16,54,-11
-12,-242,-65,21,51,-8
-12,-244,-66,28,51,-7
-10,-242,-62,34,51,-5
-11,-246,-62,39,52,-2
-9,-243,-61,45,54,-1
-9,-242,-67,52,55,-1
-10,-244,-65,59,56,0
-6,-246,-63,64,55,-1
-10,-243,-62,68,52,0
-6,-245,-63,69,49,-2
-5,-248,-65,72,45,-4
-13,-244,-64,72,43,-8
-8,-244,-67,74,42,-8
-5,-247,-64,78,43,-9
-4,-246,-65,79,44,-11
-9,-245,-66,83,47,-12
-5,-241,-65,85,46,-11
-4,-244,-66,87,45,-15
-6,-240,-66,88,46,-14
-4,-242,-66,87,48,-14
-6,-241,-63,87,47,-14
-8,-238,-66,84,48,-14
-3,-243,-64,84,48,-12
-4,-243,-63,81,49,-12
-5,-243,-63,79,47,-12
-5,-233,-67,74,47,-13
-6,-248,-72,73,46,-13
-4,-238,-61,69,46,-12
-5,-241,-63,70,48,-12
-3,-242,-60,71,46,-11
-7,-240,-64,72,44,-13
-4,-242,-63,76,44,-12
-7,-242,-62,81,42,-12
-4,-242,-61,86,39,-13
-6,-242,-61,91,40,-14
-6,-240,-66,93,39,-15
-4,-244,-60,96,40,-15
-9,-250,-69,98,39,-15
-6,-241,-64,98,38,-16
-10,-245,-57,99,39,-18
-7,-237,-67,98,41,-19
-6,-244,-62,101,43,-20
-8,-242,-60,104,44,-20
-6,-242,-69,106,42,-20
-5,-248,-67,109,41,-21
1,-246,-62,110,40,-23
0,-242,-65,112,39,-22
-4,-246,-63,113,39,-22
-9,-238,-66,114,36,-22
-6,-238,-61,113,35,-22
1,-236,-64,110,32,-23
-9,-242,-64,109,32,-21
-8,-237,-65,108,30,-20
-19,-241,-65,103,28,-20
-10,-240,-62,100,25,-20
-10,-245,-59,98,23,-19
-9,-238,-60,95,21,-19
-7,-235,-64,94,19,-18
-7,-238,-67,95,21,-18
-13,-242,-64,96,21,-19
-7,-237,-62,96,19,-17
-8,-240,-64,97,21,-17
-9,-241,-59,95,22,-17
-4,-239,-60,96,22,-18
-10,-244,-63,95,21,-15
-5,-244,-59,92,20,-15
-4,-240,-55,88,21,-15
-5,-240,-58,82,19,-15
-7,-240,-61,78,20,-15
-6,-244,-58,74,18,-16
-4,-237,-58,71,17,-16
-4,-241,-60,68,17,-16
-2,-242,-58,65,19,-17
-3,-243,-56,61,22,-19
-3,-248,-56,58,24,-18
-3,-243,-61,57,25,-18
-2,-242,-64,56,28,-19
-1,-242,-62,57,31,-19
-4,-241,-53,61,34,-18
-1,-240,-66,63,36,-17
-4,-245,-61,66,37,-14
-1,-240,-62,70,40,-14
-2,-243,-63,73,45,-14
3,-239,-69,76,50,-14
-3,-242,-64,77,52,-15
-4,-246,-63,76,55,-14
-7,-240,-58,70,56,-14
-5,-247,-64,67,56,-15
-5,-246,-59,67,58,-17
-4,-243,-67,68,58,-18
-6,-252,-61,66,57,-20
-4,-245,-69,67,57,-23
-6,-244,-68,70,60,-24
-5,-244,-65,72,61,-23
-4,-246,-68,76,63,-24
-7,-243,-63,80,62,-25
-7,-245,-65,86,62,-25
-5,-245,-59,89,59,-24
-4,-246,-64,92,56,-23
-3,-241,-58,92,55,-23
-8,-241,-60,95,52,-22
-14,-236,-62,97,52,-21
-7,-240,-60,98,50,-21
-5,-242,-59,96,49,-21
-8,-242,-60,95,47,-18
-9,-240,-64,92,46,-18
-5,-238,-56,87,44,-15
-9,-238,-58,81,43,-13
-7,-242,-56,75,41,-13
-9,-243,-58,71,41,-12
-9,-241,-57,67,39,-10
-9,-243,-58,65,36,-9
-6,-244,-64,62,34,-10
-6,-244,-59,62,34,-8
-9,-244,-55,62,29,-8
-9,-243,-56,61,25,-10
-9,-243,-55,61,21,-12
-6,-245,-56,60,19,-13
-7,-242,-56,60,15,-13
-11,-240,-59,59,13,-14
-8,-241,-58,56,11,-15
-6,-240,-60,54,10,-15
-5,-241,-61,52,7,-16
-3,-240,-58,48,6,-15
-3,-241,-58,42,5,-14
-3,-242,-59,37,5,-14
-4,-243,-61,33,6,-14
-3,-242,-58,31,5,-11
-4,-243,-58,30,4,-11
-4,-243,-58,33,5,-9
-3,-241,-56,36,4,-9
-2,-243,-56,41,4,-7
-3,-243,-55,45,5,-6
0,-245,-60,49,6,-6
-1,-239,-63,51,8,-5
-1,-243,-59,55,9,-6
-2,-243,-52,59,11,-9
-4,-242,-57,62,13,-8
-3,-241,-57,65,14,-9
-3,-242,-57,64,17,-11
-2,-244,-54,65,18,-10
-3,-240,-57,66,21,-11
-2,-243,-56,67,22,-12
-3,-242,-61,69,24,-14
-3,-245,-58,69,25,-13
-3,-243,-59,69,24,-12
-3,-245,-57,70,26,-12
-3,-246,-59,71,27,-12
-4,-243,-55,72,29,-10
-4,-242,-56,71,31,-12
-4,-243,-58,70,31,-13
-4,-241,-59,67,29,-14
-3,-243,-57,62,27,-13
-3,-244,-56,60,26,-14
-4,-247,-57,58,25,-14
-5,-245,-53,58,26,-13
-8,-247,-55,58,27,-15
-4,-248,-58,61,28,-17
-4,-249,-59,62,27,-19
-6,-246,-61,66,28,-18
-4,-248,-60,68,26,-18
-6,-248,-58,69,24,-21
-4,-247,-59,73,21,-19
-6,-248,-62,78,16,-20
-8,-242,-56,82,14,-21
-4,-246,-55,85,11,-20
-4,-242,-51,88,8,-21
-6,-245,-54,90,7,-19
-4,-244,-53,93,4,-20
-5,-244,-53,93,3,-21
-4,-242,-50,93,-1,-20
-4,-244,-50,91,-3,-20
-6,-243,-49,90,-3,-20
-3,-246,-54,87,-4,-20
-4,-243,-53,85,-5,-20
-3,-243,-49,84,-4,-21
-2,-244,-53,83,-6,-20
-7,-239,-59,81,-5,-19
-3,-241,-54,79,-7,-21
-1,-245,-57,75,-7,-20
-3,-243,-59,74,-9,-22
-1,-245,-50,75,-6,-23
-3,-246,-53,75,-5,-22
0,-247,-54,76,-4,-24
-2,-246,-51,77,-3,-24
0,-247,-54,80,-2,-23
-3,-244,-54,80,-3,-24
-4,-246,-50,79,-2,-25
-2,-244,-59,78,-3,-27
0,-247,-55,78,-2,-27
-1,-245,-53,77,-2,-27
-2,-248,-53,75,0,-26
-1,-247,-52,74,1,-27
-1,-245,-54,74,2,-28
-3,-245,-52,74,4,-28
-3,-242,-54,75,5,-27
-1,-241,-52,76,7,-25
-2,-245,-54,77,8,-25
-4,-246,-52,80,8,-24
-5,-243,-52,80,8,-22
-2,-242,-53,80,10,-21
-3,-241,-54,79,10,-18
-3,-243,-53,78,11,-17
-4,-241,-54,75,11,-17
-4,-241,-53,74,11,-13
-4,-244,-51,70,12,-14
-3,-238,-53,67,12,-13
-5,-244,-58,63,11,-13
-4,-244,-58,61,11,-12
-3,-247,-55,58,9,-13
-4,-250,-64,56,8,-14
-2,-242,-56,53,8,-14
-3,-245,-57,52,7,-14
-3,-248,-54,53,10,-14
-1,-245,-57,50,11,-15
-2,-244,-54,49,11,-16
-2,-241,-55,49,11,-15
-2,-243,-56,47,12,-15
-2,-244,-56,45,12,-12
-3,-241,-52,41,13,-12
-5,-240,-59,37,13,-11
-4,-240,-56,34,14,-13
-4,-243,-56,32,15,-13
-2,-243,-55,31,16,-12
-4,-242,-53,31,16,-11
-4,-245,-59,30,15,-11
-3,-245,-54,29,15,-10
-4,-244,-53,29,14,-13
-3,-245,-53,30,14,-12
-4,-242,-57,28,12,-13
-2,-245,-61,30,14,-13
-1,-247,-58,32,15,-13
2,-252,-50,33,14,-12
-3,-244,-58,35,14,-13
-1,-242,-54,37,14,-15
-3,-244,-58,38,14,-15
-2,-245,-57,42,13,-14
-3,-243,-59,44,14,-13
-2,-247,-56,46,14,-13
0,-244,-57,48,16,-13
-3,-246,-55,49,15,-15
-4,-246,-62,49,16,-14
-2,-244,-50,49,18,-14
0,-246,-60,50,20,-14
-3,-241,-54,50,20,-14
-3,-243,-58,48,21,-13
-3,-239,-55,47,21,-12
-2,-238,-58,44,23,-13
-1,-244,-58,40,25,-12
-3,-244,-56,38,24,-12
-3,-243,-54,33,24,-11
-1,-245,-55,30,25,-10
-2,-244,-58,27,25,-10
-3,-244,-59,25,26,-10
-4,-242,-57,22,26,-10
-2,-245,-55,20,28,-7
-2,-242,-55,21,29,-7
-1,-245,-56,19,31,-8
-4,-241,-55,16,33,-9
-4,-243,-53,15,33,-9
-3,-244,-54,15,34,-8
-3,-241,-57,15,37,-10
-1,-239,-53,17,38,-9
-3,-242,-52,19,39,-10
-3,-250,-57,21,38,-10
-4,-244,-57,24,39,-11
-4,-245,-58,25,40,-10
-3,-245,-59,30,41,-10
-2,-243,-55,33,43,-10
-1,-245,-57,36,42,-11
-2,-244,-63,38,41,-11
-4,-246,-60,42,39,-10
-3,-243,-61,45,38,-10
-4,-246,-61,47,38,-8
-4,-245,-60,49,36,-6
1,-248,-46,54,35,-8
-3,-247,-60,56,35,-7
-3,-245,-59,58,35,-7
-3,-243,-58,58,37,-7
-4,-243,-56,60,39,-5
-4,-248,-56,59,39,-8
-5,-244,-56,59,40,-5
-3,-243,-60,60,39,-6
-3,-241,-55,59,40,-5
-4,-243,-54,59,37,-5
-3,-241,-57,56,33,-6
-7,-243,-56,56,30,-6
-4,-244,-57,53,28,-9
-4,-241,-55,51,28,-10
-1,-242,-50,48,28,-11
-2,-241,-52,43,28,-12
-4,-243,-58,39,28,-10
-4,-240,-56,36,29,-9
-5,-245,-56,34,28,-11
-3,-244,-54,32,29,-12
-2,-243,-59,32,28,-12
0,-242,-58,34,27,-13
-1,-247,-58,36,27,-14
-4,-241,-60,37,26,-15
-3,-243,-56,40,27,-13
-2,-245,-56,44,27,-15
-3,-246,-56,49,27,-17
-4,-245,-54,52,28,-17
-4,-243,-58,57,27,-16
-2,-248,-59,58,26,-16
-3,-244,-55,59,26,-15
-3,-247,-59,60,23,-16
-5,-243,-56,59,21,-15
-4,-234,-59,57,20,-14
-4,-243,-57,56,18,-14
-3,-246,-57,54,17,-13
-4,-244,-59,51,19,-13
-5,-242,-56,48,18,-14
-3,-246,-57,46,18,-14
-4,-243,-60,46,17,-13
-4,-246,-59,46,15,-15
-5,-242,-56,50,15,-15
-4,-243,-59,51,17,-12
-4,-242,-57,52,16,-14
-2,-243,-57,54,16,-14
-3,-240,-60,53,15,-14
-3,-243,-55,50,13,-13
-3,-243,-57,48,13,-12

