-.-.-
-2,-248,-64,19,51,-8
-3,-246,-65,17,51,-8
-7,-245,-65,12,51,-8
-1,-248,-61,7,49,-7
-3,-250,-64,3,49,-7
4,-238,-70,-1,50,-6
4,-243,-65,-3,50,-8
0,-249,-63,-4,50,-6
-4,-249,-63,-5,52,-8
-5,-251,-64,-3,50,-4
-2,-249,-64,-2,50,-7
0,-251,-61,-2,50,-5
-2,-251,-63,-3,50,-7
4,-252,-66,-5,49,-5
-3,-247,-68,-10,49,-7
-2,-247,-61,-14,47,-5
-10,-252,-52,-18,47,-8
-4,-249,-66,-21,47,-3
-2,-249,-64,-25,48,-7
-4,-249,-66,-27,47,-5
-3,-250,-66,-27,47,-8
0,-249,-62,-27,49,-5
-3,-246,-65,-24,49,-8
-4,-245,-65,-21,49,-6
-3,-248,-64,-14,51,-9
-3,-248,-69,-7,50,-5
-8,-256,-66,-2,50,-7
-3,-250,-62,3,49,-6
-1,-249,-63,6,49,-8
-1,-249,-64,8,50,-4
0,-250,-65,9,49,-6
-4,-247,-62,8,51,-3
-2,-248,-64,7,51,-5
0,-247,-68,3,52,-4
0,-246,-64,-4,51,-6
-4,-246,-61,-10,53,-4
-3,-246,-67,-15,54,-6
9,-239,-89,-22,53,-4
-4,-247,-63,-23,53,-6
-1,-250,-64,-25,53,-4
-4,-247,-61,-25,52,-6
-3,-251,-62,-24,52,-4
-1,-248,-66,-23,52,-5
-2,-246,-66,-20,52,-3
0,-252,-63,-19,54,-6
-6,-248,-63,-18,52,-3
-4,-248,-64,-15,53,-6
1,-249,-68,-13,53,-3
-3,-242,-70,-13,53,-7
-2,-248,-65,-12,53,-5
-2,-249,-65,-11,52,-8
-1,-247,-64,-13,52,-6
2,-247,-65,-12,52,-8
-2,-250,-64,-11,51,-6
-3,-246,-67,-12,53,-8
1,-243,-66,-13,53,-7
0,-249,-64,-14,54,-8
-1,-250,-64,-12,55,-7
2,-248,-68,-12,57,-9
0,-235,-75,-12,58,-8
-2,-247,-64,-9,59,-9
-2,-247,-67,-8,60,-8
-2,-248,-65,-8,60,-10
-1,-248,-65,-7,61,-8
-3,-250,-64,-6,59,-8
-2,-245,-65,-7,58,-7
-5,-246,-64,-8,56,-7
-1,-248,-66,-8,54,-5
0,-251,-66,-10,53,-5
1,-243,-59,-11,55,-5
20,-240,-69,-13,58,-6
-1,-250,-61,-13,61,-6
-2,-248,-66,-16,63,-7
1,-248,-62,-18,65,-7
1,-250,-64,-20,67,-9
-3,-250,-63,-23,69,-8
-1,-249,-61,-26,70,-7
0,-254,-63,-26,71,-7
-2,-249,-60,-28,72,-7
1,-249,-67,-26,73,-7
0,-249,-65,-24,73,-7
-3,-252,-61,-20,75,-7
0,-250,-61,-17,75,-6
-5,-248,-63,-15,74,-6
-2,-248,-64,-13,76,-5
-1,-251,-66,-13,71,-4
-3,-248,-66,-14,71,-4
0,-248,-64,-16,67,-5
-6,-250,-61,-18,67,-3
-1,-251,-64,-18,66,-4
-2,-252,-62,-19,67,-4
0,-249,-66,-17,67,-4
9,-247,-62,-16,66,-3
-1,-251,-65,-15,67,-4
-2,-249,-65,-10,67,-3
-4,-248,-61,-8,68,-3
-2,-248,-64,-8,70,-2
-6,-249,-63,-5,72,-4
-2,-250,-65,-5,72,-4
1,-247,-63,-4,72,-4
-5,-246,-59,-4,72,-3
0,-250,-63,-5,73,-5
-2,-247,-64,-7,72,-3
1,-245,-52,-9,72,-5
-3,-251,-64,-11,72,-4
-2,-250,-64,-12,72,-5
-2,-246,-59,-10,69,-4
-2,-250,-64,-8,67,-6
-1,-246,-65,-7,65,-4
-4,-248,-65,-6,65,-6
-1,-250,-62,-6,64,-3
-5,-250,-62,-6,64,-6
-4,-249,-62,-9,64,-4
2,-246,-73,-11,65,-6
-2,-247,-63,-15,64,-3
-3,-248,-60,-18,66,-5
-3,-251,-63,-19,64,-2
0,-248,-60,-20,63,-4
0,-249,-64,-21,62,-2
-1,-250,-62,-21,63,-4
-5,-247,-65,-20,63,-1
-1,-248,-66,-20,64,-6
0,-248,-65,-21,64,-3
-4,-251,-64,-21,66,-6
-11,-256,-66,-23,65,-4
-2,-250,-65,-25,63,-7
-3,-247,-64,-24,63,-6
-1,-252,-66,-26,63,-9
0,-250,-63,-26,64,-8
-1,-249,-63,-27,65,-9
-4,-248,-63,-26,66,-7
0,-244,-64,-24,65,-9
-5,-245,-66,-22,68,-6
-1,-247,-62,-21,67,-8
-2,-247,-65,-20,67,-6
6,-257,-57,-19,67,-8
-2,-250,-63,-18,66,-6
-4,-251,-63,-17,64,-8
0,-248,-66,-17,62,-5
-1,-249,-64,-17,61,-6
-1,-250,-62,-18,60,-5
-1,-248,-62,-19,59,-6
-2,-248,-59,-16,59,-3
-3,-248,-64,-17,60,-6
0,-246,-63,-19,60,-3
0,-247,-65,-23,59,-5
-3,-253,-55,-25,62,-3
-1,-246,-63,-29,64,-5
-2,-247,-62,-32,65,-3
-3,-248,-63,-35,67,-6
-4,-247,-63,-38,67,-5
-1,-249,-62,-39,69,-7
-4,-248,-65,-38,70,-4
-4,-251,-70,-36,71,-6
-4,-246,-61,-35,73,-4
-3,-249,-64,-33,72,-6
-6,-250,-64,-29,71,-5
4,-248,-66,-27,70,-7
-4,-247,-65,-25,69,-5
-1,-248,-61,-21,68,-6
-2,-248,-63,-20,66,-5
-4,-247,-66,-20,64,-6
-3,-247,-64,-21,61,-5
-5,-248,-66,-21,60,-5
-2,-244,-68,-19,59,-4
-5,-243,-65,-20,59,-4
-1,-247,-63,-18,58,-3
-6,-249,-63,-18,56,-2
-1,-249,-68,-17,55,-1
-6,-249,-63,-14,53,-2
-6,-245,-65,-16,52,-3
-3,-251,-63,-15,52,-3
-3,-246,-65,-18,54,-3
-2,-249,-62,-24,53,-5
-1,-246,-64,-27,51,-6
-4,-246,-61,-31,50,-7
-4,-250,-66,-35,50,-7
-5,-252,-65,-38,50,-8
-1,-252,-66,-39,51,-8
-1,-256,-54,-40,51,-9
-1,-249,-65,-39,52,-10
-4,-249,-67,-36,53,-9
-2,-249,-62,-33,54,-9
-1,-248,-67,-32,53,-8
-2,-247,-64,-29,55,-9
-4,-245,-66,-27,55,-7
-3,-247,-63,-24,55,-7
-2,-249,-65,-23,55,-7
2,-246,-66,-22,54,-7
0,-249,-63,-23,53,-5
-11,-242,-64,-22,53,-6
0,-249,-67,-23,53,-4
-1,-249,-64,-24,52,-4
-2,-250,-64,-27,52,-3
-2,-248,-64,-27,50,-3
0,-246,-62,-28,49,-3
0,-251,-64,-28,49,-5
-1,-247,-68,-28,49,-2
-4,-249,-67,-28,51,-3
0,-246,-67,-27,52,-2
-4,-249,-64,-28,55,-4
-5,-254,-58,-31,55,-3
-3,-248,-64,-33,59,-7
0,-248,-64,-35,60,-6
0,-248,-65,-38,60,-9
-1,-247,-65,-42,60,-9
-3,-247,-68,-44,60,-10
-3,-249,-65,-46,60,-9
-4,-252,-66,-49,58,-11
-3,-247,-65,-50,56,-9
0,-246,-64,-52,54,-11
-11,-244,-69,-54,52,-9
-3,-249,-70,-54,49,-10
-2,-249,-69,-55,47,-8
-4,-248,-66,-54,47,-11
1,-250,-66,-48,48,-8
-1,-250,-68,-42,50,-10
-3,-247,-65,-36,52,-8
-2,-244,-66,-31,53,-9
-4,-247,-64,-24,53,-7
-8,-248,-64,-20,53,-8
-4,-247,-69,-16,52,-7
9,-247,-64,-14,51,-8
-2,-247,-67,-13,49,-5
-4,-248,-65,-11,49,-8
1,-248,-65,-10,50,-6
-2,-247,-68,-11,51,-9
0,-248,-67,-10,52,-6
0,-248,-69,-10,53,-8
1,-249,-63,-12,54,-6
1,-244,-67,-15,56,-9
-2,-248,-65,-20,56,-7
4,-249,-64,-26,56,-9
2,-245,-67,-33,55,-8
-2,-245,-66,-38,56,-9
-2,-247,-68,-44,58,-8
-1,-248,-68,-46,58,-9
-2,-249,-66,-47,60,-6
-4,-252,-64,-46,61,-10
-3,-249,-67,-43,62,-7
-5,-251,-67,-37,61,-10
-3,-250,-64,-31,61,-6
-1,-249,-74,-24,60,-8
-4,-249,-68,-18,59,-7
5,-249,-59,-14,57,-8
1,-250,-71,-10,56,-5
-1,-248,-67,-6,56,-6
-3,-245,-70,-6,56,-3
-2,-247,-69,-5,55,-3
-3,-245,-67,-5,57,-1
-1,-250,-66,-5,58,-2
-5,-247,-65,-4,57,1
-4,-248,-66,-2,57,-1
-5,-244,-63,-1,56,0
-8,-241,-67,1,57,-1
3,-245,-68,1,55,0
-1,-250,-64,1,53,-2
-1,-246,-66,0,54,-2
-2,-250,-63,-3,53,-4
1,-248,-66,-7,54,-5
-4,-247,-66,-11,53,-6
-2,-248,-69,-18,54,-6
-3,-243,-65,-26,53,-9
-2,-247,-67,-33,52,-8
-1,-244,-67,-42,54,-9
-6,-247,-69,-50,56,-10
0,-247,-65,-55,58,-11
2,-236,-63,-60,61,-11
1,-274,-45,-62,61,-11
-2,-250,-65,-63,62,-13
4,-246,-64,-63,65,-12
2,-249,-70,-61,65,-11
1,-250,-68,-59,64,-11
3,-250,-64,-54,64,-10
0,-250,-63,-49,64,-9
1,-249,-68,-38,63,-7
0,-250,-66,-32,61,-6
-8,-249,-65,-23,60,-6
-1,-251,-66,-16,60,-4
-1,-250,-68,-11,60,-2
-2,-249,-72,-7,61,-2
-1,-248,-70,-4,60,-2
-2,-246,-66,-3,59,-2
-2,-246,-67,-6,58,-1
2,-245,-66,-7,57,-1
-4,-247,-71,-13,56,-2
-1,-246,-68,-20,56,0
2,-245,-68,-25,54,-1
0,-252,-63,-31,54,0
-3,-245,-67,-35,54,-2
-2,-248,-68,-38,56,-1
-2,-249,-69,-40,56,-4
0,-250,-66,-42,55,-5
-1,-249,-64,-42,56,-6
-4,-247,-65,-42,58,-6
-2,-249,-66,-42,56,-9
-5,-251,-68,-42,58,-8
0,-246,-69,-41,57,-9
-2,-245,-67,-42,58,-9
-5,-258,-58,-42,58,-11
2,-248,-66,-41,58,-11
-3,-246,-67,-41,59,-13
-1,-248,-69,-40,61,-10
-1,-249,-68,-40,61,-13
-2,-246,-68,-38,61,-11
0,-251,-64,-37,62,-11
-1,-245,-70,-36,63,-7
-1,-245,-68,-31,61,-10
-3,-249,-69,-27,60,-7
2,-248,-68,-23,60,-7
-11,-251,-66,-21,58,-4
-2,-247,-69,-18,56,-6
-2,-248,-67,-15,55,-1
-2,-249,-65,-11,54,-4
-2,-248,-66,-10,54,-2
0,-249,-67,-8,53,-5
2,-247,-67,-8,52,-1
3,-248,-67,-9,52,-3
-4,-244,-65,-12,52,-2
-3,-248,-65,-15,54,-5
0,-257,-67,-19,54,-3
-4,-244,-69,-23,55,-6
-5,-247,-68,-26,55,-4
-3,-246,-68,-30,58,-7
-3,-247,-70,-33,60,-5
1,-246,-69,-36,61,-7
1,-246,-69,-37,62,-6
-4,-247,-66,-37,63,-8
1,-251,-68,-35,65,-7
-4,-247,-67,-34,66,-10
1,-242,-67,-31,66,-7
-3,-243,-88,-28,65,-11
-2,-250,-66,-26,65,-9
-2,-247,-68,-23,65,-11
-1,-248,-71,-22,64,-9
-3,-249,-71,-20,64,-10
-1,-249,-69,-18,62,-8
-2,-249,-70,-16,61,-9
1,-245,-68,-17,61,-6
1,-250,-70,-16,60,-7
-2,-245,-72,-15,59,-5
-5,-249,-68,-14,60,-4
-6,-258,-59,-12,60,-1
-2,-248,-70,-9,59,-3
-3,-249,-64,-5,58,0
-1,-249,-67,-2,58,0
-4,-246,-65,3,58,0
-5,-246,-67,6,56,-1
-2,-249,-67,10,55,0
0,-247,-70,12,55,-2
-4,-248,-66,11,54,0
0,-244,-67,11,54,-2
-4,-246,-68,8,54,-1
0,-243,-72,2,53,-3
-2,-246,-68,-4,52,-4
-2,-248,-66,-10,53,-6
-3,-247,-67,-14,53,-4
-5,-245,-69,-20,54,-7
-5,-248,-66,-26,58,-6
-2,-248,-67,-28,58,-7
-4,-247,-65,-28,60,-6
-4,-247,-67,-28,60,-7
0,-250,-72,-26,61,-7
-3,-248,-68,-25,62,-9
8,-234,-95,-23,62,-8
-12,-247,-71,-21,61,-10
-1,-247,-69,-18,61,-10
-2,-250,-70,-17,58,-10
-4,-248,-69,-18,58,-11
-1,-248,-71,-18,55,-10
-2,-249,-67,-18,54,-9
-1,-246,-65,-17,55,-8
1,-249,-72,-15,55,-8
0,-247,-69,-14,55,-6
-4,-246,-65,-12,57,-7
-5,-239,-69,-10,58,-7
1,-246,-65,-9,59,-7
0,-248,-68,-7,60,-6
-4,-249,-64,-5,62,-7
-3,-248,-62,-4,63,-7
0,-247,-66,-3,63,-7
-2,-247,-70,-4,64,-5
0,-244,-66,-7,65,-5
-1,-246,-66,-10,66,-3
1,-249,-68,-9,65,-6
-6,-248,-72,-13,67,-4
6,-250,-66,-15,68,-4
0,-247,-69,-18,69,-3
0,-246,-66,-21,69,-5
-4,-246,-67,-26,68,-1
-3,-247,-68,-28,66,-2
-3,-245,-69,-30,67,1
-3,-244,-64,-31,66,-1
-3,-247,-65,-32,66,1
-4,-247,-68,-34,65,0
-2,-249,-69,-33,65,3
-3,-249,-70,-30,63,1
-3,-255,-64,-25,64,3
0,-250,-71,-19,65,0
-4,-250,-71,-14,66,2
-3,-249,-68,-9,67,-2
-2,-247,-69,-6,68,0
-4,-248,-64,-4,70,-3
-2,-247,-70,0,70,-2
1,-248,-73,5,72,-4
-5,-248,-74,7,73,-3
3,-245,-72,8,72,-5
-1,-249,-68,9,73,-3
-11,-248,-79,9,73,-7
-1,-249,-65,9,74,-4
-2,-249,-68,10,73,-7
0,-248,-68,9,73,-5
-3,-246,-68,10,71,-7
-4,-246,-67,10,69,-3
-1,-247,-65,12,66,-5
1,-246,-66,11,64,-3
0,-247,-72,11,63,-4
-2,-249,-67,11,62,0
-11,-247,-70,9,60,-2
-5,-243,-65,6,60,0
1,-252,-70,3,58,-2
-2,-247,-67,3,59,0
-2,-246,-69,2,59,-2
-1,-249,-65,1,59,1
1,-248,-68,-1,60,-2
-5,-244,-67,0,62,-1
-2,-245,-67,-2,64,-5
-5,-250,-70,-1,66,-2
0,-250,-68,0,66,-5
-8,-255,-56,2,66,-4
-2,-250,-68,7,66,-6
0,-248,-64,11,67,-5
-1,-248,-68,15,67,-8
-4,-247,-64,17,67,-6
0,-250,-70,19,67,-8
-2,-247,-67,18,69,-6
1,-246,-68,19,69,-8
-3,-248,-67,18,69,-5
-1,-250,-66,15,68,-6
-6,-242,-68,15,68,-3
11,-246,-68,12,67,-3
0,-249,-67,12,67,-1
-2,-248,-67,8,67,-2
0,-247,-67,6,68,-1
0,-246,-67,3,69,-3
-2,-246,-68,-1,72,-1
-2,-243,-68,-2,73,-3
0,-246,-66,-2,73,-1
-2,-248,-65,-3,74,-2
1,-246,-67,-5,75,0
3,-250,-70,-1,76,-4
16,-243,-86,0,77,-3
-3,-248,-67,1,77,-4
-2,-246,-67,2,78,-3
0,-248,-64,2,79,-5
0,-247,-65,4,78,-5
-1,-249,-66,6,79,-5
0,-248,-65,4,81,-4
-3,-249,-66,3,82,-4
-6,-247,-65,0,82,-2
-3,-249,-65,-1,83,-1
0,-250,-62,-2,83,-2
2,-247,-63,-2,83,0
-4,-248,-69,-2,82,-1
-2,-247,-65,-2,83,-1
1,-250,-66,-1,83,1
-2,-249,-65,-1,81,1
0,-251,-64,1,81,2
2,-248,-69,3,82,2
1,-248,-71,2,82,3
-2,-246,-68,3,79,5
0,-246,-69,3,80,4
0,-246,-64,2,80,4
-4,-254,-66,0,79,2
0,-245,-66,-4,80,1
-3,-246,-67,-6,81,-1
-1,-247,-65,-8,82,-1
-3,-247,-67,-10,82,-2
-5,-247,-68,-12,83,-3
-2,-249,-65,-13,83,-4
-5,-246,-66,-16,85,-5
-2,-248,-66,-18,86,-7
-3,-248,-65,-20,86,-6
-4,-248,-71,-21,86,-7
-7,-255,-50,-22,86,-6
-2,-244,-68,-22,86,-9
-2,-246,-70,-23,85,-8
-1,-248,-70,-28,85,-10
-3,-247,-66,-29,86,-8
-2,-245,-67,-30,86,-9
-3,-247,-70,-31,85,-8
-3,-247,-68,-31,84,-9
-1,-250,-68,-30,84,-7
-3,-247,-63,-28,82,-9
0,-245,-69,-27,82,-7
9,-244,-66,-23,82,-9
-2,-248,-67,-23,82,-8
-2,-247,-67,-21,82,-11
1,-249,-64,-20,81,-10
-4,-243,-66,-20,80,-12
-1,-246,-69,-19,79,-11
-1,-248,-68,-19,80,-13
-1,-247,-62,-19,80,-11
0,-244,-71,-21,81,-12
-1,-246,-64,-25,81,-9
-1,-247,-69,-29,82,-9
5,-243,-68,-31,83,-6
-3,-249,-66,-34,84,-10
-4,-246,-67,-38,85,-6
-1,-250,-66,-40,83,-10
-4,-248,-66,-43,82,-7
-5,-246,-65,-43,82,-8
-1,-247,-64,-44,81,-7
2,-249,-68,-43,82,-9
-3,-247,-66,-42,82,-7
-2,-248,-70,-43,83,-9
-3,-247,-61,-44,83,-7
-4,-242,-67,-46,87,-9
-3,-247,-66,-50,89,-6
-1,-249,-68,-54,90,-8
-1,-244,-65,-59,91,-6
-1,-245,-70,-61,90,-8
2,-248,-67,-68,89,-7
-3,-247,-68,-72,89,-8
-3,-246,-66,-77,86,-7
0,-243,-70,-80,84,-9
-3,-248,-68,-84,83,-8
-5,-247,-70,-87,81,-9
-4,-245,-69,-88,79,-7
-2,-246,-70,-88,77,-7
-1,-247,-67,-88,75,-4
-3,-244,-72,-88,77,-6
-3,-244,-72,-86,75,-3
-3,-243,-70,-87,75,-2
2,-239,-72,-87,75,0
-2,-248,-67,-86,76,0
0,-245,-67,-88,77,1
-4,-246,-73,-88,75,-2
-7,-248,-79,-93,75,0
-1,-244,-70,-100,75,-2
1,-246,-71,-106,76,-2
-3,-244,-69,-114,77,-7
-1,-246,-73,-120,79,-5
-1,-244,-71,-122,79,-7
-2,-244,-69,-122,81,-5
-2,-245,-70,-123,85,-4
-3,-243,-76,-122,85,-4
2,-246,-74,-120,87,-6
0,-241,-75,-121,87,-7
-4,-243,-62,-124,87,-9
-1,-242,-74,-131,87,-9
0,-241,-75,-139,87,-12
1,-242,-77,-151,87,-12
-4,-238,-76,-164,86,-13
1,-238,-79,-175,85,-11
-1,-240,-78,-186,82,-11
0,-240,-76,-193,82,-9
-2,-238,-77,-204,81,-7
-4,-239,-76,-211,79,-7
-2,-241,-81,-216,78,-7
-6,-245,-65,-218,75,-7
-1,-234,-80,-219,73,-8
-2,-237,-77,-220,70,-8
-2,-234,-83,-218,68,-8
-7,-237,-78,-217,67,-4
0,-238,-79,-225,69,17
-1,-238,-75,-227,68,12
-4,-235,-74,-218,68,-2
-6,-238,-77,-205,68,-13
-5,-237,-75,-191,70,-16
-10,-238,-71,-185,71,-17
2,-239,-73,-185,73,-17
-5,-240,-78,-186,74,-18
-8,-237,-77,-191,80,-17
-5,-243,-74,-195,84,-22
-5,-240,-77,-203,87,-24
-4,-239,-81,-214,91,-29
-5,-240,-80,-227,94,-30
-3,-242,-80,-240,98,-34
-4,-238,-79,-257,102,-40
-4,-241,-80,-275,104,-47
0,-243,-81,-293,107,-46
-7,-236,-74,-311,109,-45
2,-242,-83,-328,114,-40
4,-238,-82,-346,117,-43
2,-240,-85,-356,121,-42
1,-242,-85,-364,124,-45
2,-239,-89,-366,127,-43
2,-241,-88,-366,130,-43
0,-241,-83,-364,132,-37
3,-241,-88,-357,134,-32
3,-242,-88,-344,136,-23
4,-245,-83,-328,136,-14
4,-242,-81,-309,136,-3
2,-239,-85,-282,137,3
2,-239,-88,-256,133,13
-1,-237,-87,-231,133,18
4,-236,-88,-208,129,28
-1,-237,-86,-186,127,33
0,-233,-88,-169,122,43
-1,-234,-83,-155,119,49
-2,-229,-89,-149,119,58
-2,-233,-85,-147,117,61
-2,-226,-87,-149,116,72
-9,-238,-75,-155,115,71
0,-227,-86,-162,115,72
-1,-231,-86,-172,114,67
0,-231,-88,-185,113,67
0,-233,-88,-199,116,63
3,-235,-89,-216,116,61
0,-236,-88,-236,116,54
1,-236,-91,-260,116,47
2,-235,-92,-283,117,39
4,-236,-91,-307,117,37
1,-235,-92,-339,119,30
-4,-234,-111,-368,120,27
-3,-236,-100,-403,125,34
3,-236,-99,-443,130,50
0,-235,-101,-464,135,27
-7,-233,-98,-475,136,5
-4,-234,-100,-481,134,-5
-6,-237,-101,-485,131,1
-7,-237,-101,-484,129,4
-3,-236,-98,-478,125,9
-13,-235,-98,-462,120,9
-3,-235,-90,-444,113,12
-5,-236,-98,-425,106,12
-7,-231,-98,-402,97,15
-4,-234,-97,-379,86,14
-5,-234,-96,-355,78,16
-4,-236,-98,-333,69,13
-3,-241,-99,-312,61,18
-2,-237,-93,-286,56,18
-2,-238,-100,-258,52,17
-2,-234,-97,-226,48,15
-5,-234,-101,-206,46,12
-8,-243,-94,-194,43,7
-5,-227,-105,-193,42,2
-7,-225,-105,-200,44,-3
-6,-224,-105,-216,45,-8
-6,-223,-107,-237,46,-10
-4,-223,-106,-260,48,-9
-8,-221,-106,-288,48,-12
-9,-220,-109,-318,48,-13
-12,-227,-104,-349,47,-12
-14,-225,-109,-366,47,-10
-7,-231,-106,-377,45,-1
-3,-237,-87,-373,43,3
-8,-231,-100,-355,42,7
-8,-235,-105,-327,36,8
-5,-234,-105,-298,28,3
-5,-234,-103,-268,19,0
-5,-233,-108,-241,9,-1
-3,-234,-110,-221,1,-4
-4,-233,-116,-206,-8,-5
0,-233,-111,-198,-13,-9
-1,-235,-113,-205,-15,2
1,-232,-113,-231,-14,15
0,-223,-123,-250,-13,5
-2,-234,-118,-265,-6,-15
-2,-233,-121,-275,3,-25
-1,-232,-118,-282,11,-30
-2,-232,-120,-293,21,-32
2,-235,-125,-307,30,-34
1,-234,-125,-322,43,-32
3,-238,-126,-334,58,-33
0,-236,-117,-333,72,-35
0,-232,-121,-321,83,-36
-3,-233,-116,-302,94,-29
3,-227,-125,-277,100,-26
0,-232,-113,-250,103,-25
2,-235,-111,-223,103,-28
1,-234,-112,-198,97,-29
5,-232,-116,-178,89,-32
2,-232,-113,-161,81,-34
-2,-228,-118,-147,71,-37
2,-231,-119,-144,65,-30
0,-228,-117,-148,59,-30
3,-225,-122,-157,55,-28
0,-225,-119,-172,52,-29
-9,-230,-115,-193,52,-24
1,-224,-119,-218,51,-21
-2,-223,-122,-241,54,-17
0,-223,-123,-260,58,-16
-2,-225,-123,-278,62,-12
0,-222,-121,-300,68,-5
-3,-221,-122,-329,70,12
-5,-224,-116,-336,72,2
-5,-222,-123,-333,73,-3
-3,-226,-121,-325,69,-6
-3,-226,-121,-317,65,-5
5,-223,-128,-313,60,-7
-6,-225,-122,-310,58,-3
-3,-225,-121,-311,54,-2
-4,-228,-120,-315,48,0
-5,-227,-123,-316,43,-2
-3,-227,-128,-314,38,-1
-3,-225,-123,-309,33,-5
1,-224,-124,-304,30,-4
-1,-225,-126,-302,28,-7
4,-225,-127,-304,27,-3
8,-219,-133,-309,27,-10
23,-221,-141,-313,31,-16
3,-223,-132,-323,35,-28
5,-219,-133,-335,40,-31
4,-218,-129,-348,50,-35
3,-218,-133,-361,59,-38
-2,-215,-137,-375,68,-42
9,-219,-129,-405,75,-11
1,-216,-129,-427,82,-9
3,-217,-134,-433,89,-23
1,-218,-130,-431,94,-36
0,-218,-133,-430,95,-43
0,-219,-121,-430,92,-47
1,-217,-134,-428,89,-43
3,-217,-132,-424,87,-28
1,-216,-132,-419,86,-10
-3,-219,-131,-412,86,-8
-1,-216,-132,-404,84,-5
-2,-218,-132,-397,79,-1
-3,-218,-130,-392,73,3
2,-215,-136,-396,68,19
0,-211,-133,-413,62,42
-6,-203,-140,-418,59,37
0,-214,-136,-420,57,23
2,-211,-135,-419,52,9
2,-208,-139,-422,50,5
1,-207,-136,-432,48,3
3,-209,-146,-444,51,4
2,-210,-142,-463,55,2
0,-208,-143,-487,59,-5
3,-209,-145,-513,64,5
-2,-209,-148,-545,69,24
-5,-211,-145,-570,76,24
-11,-216,-130,-590,85,19
-4,-214,-150,-606,87,12
-5,-213,-150,-626,85,13
-9,-215,-154,-643,84,8
-3,-216,-153,-657,79,15
-6,-211,-154,-669,75,14
-6,-212,-157,-674,69,11
-9,-216,-155,-672,64,8
-4,-211,-162,-672,54,8
-6,-212,-162,-670,44,16
-11,-212,-159,-670,33,25
-2,-209,-174,-666,26,14
-9,-210,-159,-659,17,-2
-6,-209,-164,-646,11,-8
-4,-209,-167,-643,5,3
-4,-210,-168,-648,3,18
-3,-208,-171,-648,7,10
-2,-211,-166,-649,12,-5
-5,-210,-165,-657,15,-33
2,-209,-166,-660,15,-36
-4,-212,-174,-665,16,-23
1,-206,-170,-680,23,10
-7,-207,-160,-699,37,7
0,-219,-180,-710,51,-1
0,-203,-174,-721,64,-33
-2,-202,-175,-712,67,-33
1,-201,-176,-699,71,-23
1,-201,-177,-695,75,16
-3,-204,-178,-688,84,21
4,-204,-181,-681,91,32
-10,-198,-179,-671,94,9
-4,-195,-178,-648,91,-1
-2,-197,-171,-612,79,4
-1,-186,-186,-584,74,17
2,-196,-178,-572,69,43
-5,-193,-176,-561,66,53
-3,-194,-180,-552,65,46
-3,-194,-183,-543,60,39
-1,-193,-180,-534,53,26
-12,-195,-180,-537,48,6
0,-191,-184,-546,40,33
-7,-194,-183,-556,38,41
-7,-190,-183,-560,47,29
-4,-191,-186,-557,54,22
-9,-189,-193,-561,56,17
-5,-192,-185,-573,60,21
-7,-192,-185,-573,64,17
-8,-192,-188,-567,71,16
2,-197,-188,-562,75,18
-9,-190,-189,-567,79,12
-7,-191,-187,-559,81,-6
-7,-194,-186,-543,82,-20
-11,-197,-191,-510,80,-30
-8,-193,-188,-487,83,-46
-1,-190,-194,-457,75,-44
-12,-188,-206,-435,71,-27
-1,-190,-190,-428,66,6
-7,-193,-193,-421,66,5
-7,-190,-191,-413,70,-42
0,-191,-191,-393,61,-61
3,-190,-195,-372,50,-62
1,-188,-193,-355,45,-48
-11,-190,-195,-346,47,-60
1,-185,-197,-354,45,-40
5,-184,-193,-358,44,-31
-2,-188,-194,-355,47,-29
1,-184,-212,-343,52,-44
-1,-184,-193,-335,55,-68
-1,-184,-193,-323,52,-72
2,-185,-200,-309,49,-54
-1,-187,-196,-297,53,-37
1,-189,-197,-293,60,-4
-6,-188,-194,-302,69,2
-7,-187,-197,-314,73,-2
-5,-189,-195,-308,70,-10
-9,-188,-195,-291,68,-16
-8,-191,-195,-269,64,-17
-3,-191,-210,-248,58,-7
-11,-191,-198,-233,56,-16
-5,-190,-194,-221,57,-32
-8,-192,-200,-202,46,-25
2,-190,-200,-189,40,12
-3,-189,-194,-192,38,63
-6,-192,-197,-194,46,48
-6,-196,-199,-180,49,18
-9,-191,-203,-160,46,-20
1,-188,-202,-141,37,-43
-1,-188,-202,-118,30,-26
-3,-200,-199,-91,36,-11
4,-191,-202,-73,46,29
-5,-197,-204,-57,60,38
-12,-193,-201,-51,69,40
-4,-192,-202,-44,75,5
-2,-192,-200,-14,70,1
-4,-191,-206,18,68,15
-7,-192,-195,50,71,31
-10,-192,-202,76,74,51
-9,-191,-199,94,74,64
-9,-194,-200,107,76,66
-8,-188,-205,103,70,94
-10,-191,-197,91,63,107
-10,-188,-199,64,58,130
-16,-193,-199,40,56,113
-18,-202,-199,22,52,81
-12,-190,-197,9,44,47
-4,-192,-200,6,32,45
-6,-194,-198,5,26,59
-5,-196,-203,0,31,72
-12,-195,-203,-14,38,91
-2,-196,-198,-45,45,115
-2,-192,-203,-83,53,128
-15,-199,-205,-125,62,117
-10,-193,-204,-163,71,52
-4,-191,-208,-162,63,34
-6,-193,-213,-140,63,40
-8,-195,-214,-106,71,44
-7,-200,-219,-85,82,49
-9,-191,-218,-77,85,69
-8,-195,-213,-60,91,55
-15,-194,-215,-24,94,24
-9,-179,-228,27,86,6
-9,-192,-215,78,76,-6
-13,-192,-213,122,67,-28
-5,-188,-213,155,56,-44
-5,-191,-213,190,48,-34
-5,-189,-210,226,51,-34
-4,-191,-207,257,51,-38
-6,-189,-206,284,46,-49
-6,-191,-208,307,42,-59
-5,-192,-205,324,40,-70
-3,-192,-197,338,41,-77
0,-202,-187,345,44,-84
-2,-189,-198,349,49,-90
-1,-192,-195,350,55,-96
-3,-187,-191,351,60,-96
0,-190,-194,350,66,-99
0,-188,-193,346,69,-96
-1,-192,-192,342,74,-100
0,-192,-190,334,76,-103
-2,-193,-188,326,75,-105
-1,-191,-186,321,74,-101
-2,-192,-188,314,71,-103
10,-201,-169,308,67,-105
-3,-191,-183,300,60,-111
-4,-192,-183,297,57,-110
-3,-192,-187,292,51,-110
-5,-191,-185,288,47,-107
-4,-192,-187,286,45,-112
-4,-191,-185,285,42,-111
-3,-193,-188,284,39,-114
-7,-192,-186,282,36,-108
-2,-201,-193,281,38,-111
4,-188,-185,266,38,-124
0,-190,-185,241,37,-123
2,-191,-185,238,42,-104
-9,-192,-191,240,50,-93
-8,-192,-187,243,54,-92
-2,-193,-186,249,56,-97
-7,-193,-184,246,54,-73
-9,-193,-182,246,58,-80
-8,-191,-185,254,57,-91
0,-190,-185,266,52,-97
-5,-192,-184,278,48,-92
-4,-192,-188,285,47,-89
-5,-191,-184,291,43,-86
2,-187,-185,293,40,-87
1,-190,-184,290,38,-84
-1,-189,-182,285,35,-84
-2,-191,-187,277,31,-82
1,-190,-180,267,29,-84
-1,-190,-182,254,28,-82
0,-191,-179,240,27,-80
-2,-192,-181,223,28,-79
-1,-195,-183,200,29,-90
4,-186,-177,143,26,-113
-3,-187,-190,104,23,-96
2,-188,-181,87,31,-80
3,-190,-180,76,37,-70
3,-191,-184,65,42,-67
3,-192,-182,50,45,-67
-1,-191,-182,36,47,-68
11,-189,-184,2,50,-94
11,-188,-180,-34,45,-77
13,-191,-183,-52,53,-47
21,-185,-185,-81,56,-3
-1,-190,-184,-117,67,27
-4,-191,-188,-134,76,-21
8,-196,-183,-122,69,-64
12,-191,-189,-111,57,-91
12,-192,-186,-85,50,-70
10,-189,-182,-49,54,-43
14,-191,-185,-18,59,-20
8,-194,-185,-2,60,3
14,-194,-181,11,62,1
2,-193,-184,2,56,30
8,-191,-182,-4,65,8
-6,-210,-166,-3,61,-25
9,-189,-188,-4,52,-41
8,-194,-184,17,51,-21
9,-193,-187,49,58,2
7,-197,-187,81,63,20
12,-194,-182,104,62,36
8,-201,-181,121,63,45
8,-199,-181,138,59,33
7,-199,-174,160,52,27
9,-199,-179,177,49,30
2,-217,-180,183,46,14
18,-201,-169,174,37,2
11,-195,-174,176,36,17
10,-196,-176,193,39,40
14,-199,-177,211,42,51
11,-195,-174,221,42,76
22,-197,-173,217,45,95
-3,-202,-173,188,50,127
7,-204,-168,163,56,89
1,-202,-169,172,42,74
1,-199,-170,188,36,71
1,-200,-174,205,35,78
4,-205,-195,218,35,81
0,-208,-171,230,35,86
1,-205,-169,238,35,86
1,-204,-171,239,35,97
2,-204,-171,239,38,107
0,-205,-170,236,44,115
1,-208,-165,239,42,102
3,-206,-174,257,40,97
3,-207,-168,276,40,94
2,-207,-166,294,43,98
4,-209,-168,307,46,96
6,-202,-170,315,51,103
4,-208,-168,324,55,102
1,-210,-166,331,58,106
-2,-209,-163,340,59,106
1,-209,-165,349,60,112
-2,-210,-167,359,59,114
0,-208,-168,374,61,122
0,-209,-164,389,61,125
-4,-211,-163,402,62,131
-2,-210,-164,412,63,134
-2,-212,-167,420,64,144
-1,-223,-160,421,65,154
11,-196,-163,403,67,201
-15,-209,-163,365,85,231
-9,-207,-155,346,85,170
-9,-206,-159,364,60,142
-7,-206,-163,395,52,143
-6,-206,-161,408,55,144
-7,-209,-161,412,61,146
-5,-206,-159,409,65,144
-10,-208,-158,397,68,145
-10,-206,-157,385,68,142
-15,-210,-155,371,69,144
-13,-208,-160,359,70,142
-13,-207,-162,348,71,143
-10,-210,-155,336,71,140
-12,-209,-155,324,69,142
-11,-208,-158,314,69,140
-11,-207,-157,309,66,139
-8,-206,-158,302,66,138
-11,-212,-153,294,63,135
-10,-211,-160,284,58,132
-11,-210,-162,269,58,137
-13,-210,-164,257,57,129
-8,-209,-157,249,52,119
-12,-210,-152,248,45,112
-12,-210,-157,250,43,110
-13,-209,-155,245,42,107
-14,-212,-153,243,41,99
-12,-213,-155,236,42,94
-12,-213,-156,227,44,93
-15,-210,-148,216,47,93
-14,-209,-148,205,47,89
-10,-210,-153,190,49,89
-22,-222,-138,165,56,114
-23,-203,-156,110,69,182
-19,-210,-150,50,87,136
-19,-211,-150,45,67,89
-15,-213,-153,73,48,69
-15,-212,-154,92,41,65
-16,-212,-151,98,42,64
-12,-213,-149,90,44,64
-17,-213,-149,79,45,60
-14,-216,-147,67,43,54
-16,-219,-155,60,40,51
-10,-219,-153,56,37,46
-15,-214,-143,54,33,42
-15,-217,-147,58,32,47
-17,-217,-149,64,33,44
-16,-220,-145,67,33,44
-15,-217,-150,72,34,42
-16,-220,-146,75,36,42
-14,-219,-145,76,37,40
-16,-222,-147,76,36,42
-18,-216,-150,77,35,40
-16,-221,-143,77,36,40
-8,-212,-156,77,34,37
-15,-221,-148,75,33,37
-14,-223,-146,74,34,33
-13,-219,-145,71,34,32
-14,-218,-146,67,34,29
-14,-219,-143,65,35,28
-12,-218,-145,67,34,24
-12,-219,-144,71,33,25
-12,-216,-144,75,33,23
-15,-215,-144,79,33,24
-16,-217,-145,84,33,21
-14,-219,-147,87,33,22
-14,-218,-148,89,34,19
-14,-218,-146,92,35,21
-14,-217,-148,93,36,19
-12,-216,-149,94,37,22
-15,-216,-142,94,39,19
-11,-212,-148,90,40,20
-13,-218,-146,88,39,18
-14,-215,-150,83,39,22
-13,-216,-147,78,41,20
-12,-221,-134,72,40,22
-15,-217,-150,65,40,20
-12,-214,-145,57,39,22
-15,-215,-146,51,38,19
-12,-216,-150,44,38,21
-13,-216,-147,38,37,18
-13,-215,-147,30,36,18
-12,-216,-143,22,37,14
-10,-215,-144,17,37,15
-14,-213,-150,14,37,11
-13,-211,-148,11,41,11
-7,-218,-148,8,41,8
-14,-217,-143,6,45,9
-13,-214,-146,2,46,5
-13,-212,-151,3,46,7
-13,-215,-149,2,49,4
-11,-217,-149,2,50,4
-10,-215,-145,3,52,2
-15,-214,-147,5,53,3
-14,-215,-148,9,54,1
-14,-217,-151,11,53,1
-12,-218,-152,13,53,-2
8,-215,-161,13,53,-1
-12,-219,-148,13,54,-4
-14,-216,-145,10,53,-3
-12,-217,-147,7,52,-5
-14,-215,-148,4,54,-4
-12,-215,-150,2,52,-6
-12,-215,-150,-2,53,-3
-14,-217,-146,-6,55,-7
-12,-214,-148,-6,56,-6
-13,-217,-148,-7,57,-6
-12,-214,-147,-8,58,-5
-16,-215,-137,-8,59,-6
-15,-216,-149,-8,60,-5
-15,-217,-146,-8,59,-5
-15,-216,-147,-3,60,-4
-12,-215,-147,-1,60,-5
-13,-217,-144,2,61,-4
-14,-218,-145,2,61,-4
-15,-221,-144,2,60,-5
-15,-218,-140,3,61,-6
-16,-219,-144,5,62,-6
-15,-219,-145,6,61,-4
-19,-224,-137,6,60,-4
-16,-214,-143,8,60,-4
-14,-218,-147,10,59,-3
-16,-216,-148,9,58,-5
-15,-217,-141,9,56,-5
-15,-215,-149,7,55,-5
-15,-217,-147,7,54,-7
-14,-222,-146,6,53,-7
-12,-218,-146,6,53,-9
-14,-218,-148,6,51,-7
-16,-212,-145,8,52,-8
-9,-219,-151,7,51,-6
-15,-216,-148,11,51,-9
-15,-215,-147,13,50,-8
-14,-216,-146,14,50,-8
-15,-216,-144,17,50,-8
-14,-217,-146,18,49,-7
-14,-218,-146,21,48,-6
-13,-215,-145,20,48,-9
-15,-217,-145,20,48,-6
-16,-219,-145,22,47,-7
-14,-217,-143,21,47,-5
-17,-217,-142,22,48,-7
-13,-219,-147,20,47,-6
-14,-218,-144,22,47,-7
-15,-217,-148,23,48,-7
-13,-216,-145,23,47,-7
-13,-218,-143,23,50,-5
-12,-220,-144,21,51,-9
-15,-216,-148,19,51,-6
-12,-220,-148,19,52,-9
-16,-220,-142,19,52,-7
-14,-220,-146,19,52,-8
-14,-237,-128,20,53,-8
-15,-217,-146,21,53,-10
-15,-217,-143,22,52,-8
-12,-220,-147,21,53,-11
-15,-219,-143,20,52,-9
-14,-216,-145,18,51,-9
-11,-218,-145,17,53,-8
-11,-219,-145,13,54,-11
-14,-218,-145,11,56,-8
-13,-221,-146,10,56,-11
-7,-223,-147,10,58,-9
-11,-216,-145,9,57,-10
-15,-220,-142,6,58,-7
-14,-219,-143,5,59,-10
-14,-217,-144,2,61,-6
-14,-216,-144,1,61,-8
-13,-217,-144,-2,61,-4
-15,-216,-142,-2,61,-8
-15,-218,-146,-1,61,-4
-14,-216,-146,-3,62,-6
-14,-218,-148,-3,62,-5
-17,-223,-128,-3,63,-7
-12,-219,-144,-3,63,-5
-13,-217,-147,-1,62,-6
-13,-220,-144,0,62,-4
-12,-219,-144,1,63,-6
-15,-218,-144,3,62,-5
-13,-217,-146,5,63,-7
-12,-220,-141,6,63,-6
-14,-219,-145,5,61,-8
-13,-214,-143,5,62,-6
-15,-219,-146,6,62,-10
-14,-215,-155,5,62,-7
-13,-218,-145,3,61,-9
-13,-219,-144,3,62,-7
-14,-221,-142,3,61,-8
-15,-218,-144,2,60,-6
-14,-217,-143,2,60,-9
-14,-217,-146,2,59,-7
-13,-218,-145,2,59,-7
-15,-219,-142,1,59,-6
-18,-220,-143,1,58,-8
-15,-217,-142,1,59,-5
-3,-211,-151,0,58,-6
-16,-218,-141,1,58,-6
-13,-218,-144,2,58,-6
-13,-220,-149,4,58,-6
-15,-220,-143,4,59,-8
-14,-218,-142,5,58,-8
-11,-219,-147,8,58,-9
-12,-219,-144,9,58,-8
-14,-219,-143,12,57,-8
-14,-221,-144,14,57,-6
-12,-222,-142,16,56,-8
-11,-218,-139,14,57,-7
-15,-216,-140,13,58,-7
-15,-219,-144,13,57,-8
-14,-221,-143,13,57,-8
-14,-219,-142,10,57,-9
-12,-218,-144,9,58,-9
-15,-220,-145,7,57,-10
-14,-218,-147,4,55,-10
-15,-217,-140,2,54,-11
-13,-217,-142,1,54,-11
-13,-220,-143,-1,55,-10
-18,-238,-139,-2,55,-9
-14,-220,-142,-5,53,-9
-15,-220,-144,-7,53,-9
-14,-220,-144,-9,54,-10
-12,-220,-149,-11,55,-9
-12,-218,-145,-17,57,-9
-15,-214,-145,-18,57,-9
-16,-224,-145,-19,57,-9
-13,-218,-147,-22,59,-10
-12,-219,-145,-24,58,-10
-17,-212,-146,-22,60,-12
1,-213,-155,-20,60,-14
-14,-217,-140,-19,60,-12
-14,-220,-141,-16,58,-13
-15,-220,-145,-12,57,-13
-12,-221,-144,-7,57,-13
-14,-220,-145,-2,56,-10
-15,-217,-142,1,56,-13
-12,-217,-145,5,55,-12
-15,-222,-146,7,54,-13
-13,-221,-138,8,54,-12
-15,-220,-140,8,53,-12
-3,-205,-162,7,51,-9
-13,-220,-142,6,52,-10
-16,-215,-143,1,54,-9
-12,-220,-142,-4,55,-11
-14,-217,-144,-8,55,-9
-13,-221,-140,-10,56,-12
-15,-216,-144,-14,56,-11
-11,-219,-145,-16,57,-12
-13,-218,-146,-16,57,-11
-12,-218,-139,-16,56,-15
-15,-220,-144,-15,57,-12
-15,-227,-140,-14,57,-15
-16,-218,-143,-13,57,-11
-14,-219,-143,-11,57,-15
-14,-218,-142,-10,57,-13
-12,-218,-146,-6,58,-15
-14,-219,-144,-4,58,-13
-16,-217,-143,-3,59,-15
-15,-220,-146,1,56,-12
-9,-219,-144,4,57,-14
-16,-219,-142,7,58,-11
-1,-226,-149,7,57,-13
-12,-221,-144,10,56,-10
-15,-218,-143,11,57,-13
-14,-220,-143,11,57,-11
-12,-220,-143,11,58,-13
-13,-220,-147,10,56,-11
-13,-223,-141,9,56,-13
-14,-219,-138,10,56,-13
-12,-225,-142,10,57,-16
-15,-224,-138,6,58,-12
-12,-218,-142,5,58,-15
-9,-232,-141,3,59,-14
-13,-218,-142,1,57,-15
-13,-220,-141,0,59,-13
-15,-219,-146,-1,61,-14
-11,-222,-141,-3,60,-11
-16,-220,-141,-2,61,-14
-15,-218,-137,-1,60,-11
-13,-218,-143,0,60,-13
-12,-220,-145,1,61,-13
-15,-222,-146,-1,61,-13
-14,-220,-137,-1,60,-13
-15,-213,-153,-2,60,-16
-15,-219,-144,-3,60,-15
-14,-218,-143,-2,61,-16
-14,-219,-143,-1,61,-14
-11,-220,-144,-2,62,-16
-15,-219,-138,-1,63,-14
-13,-221,-142,1,63,-15
-13,-221,-145,4,64,-14
-16,-219,-137,3,65,-14
-12,-218,-144,3,65,-14
-14,-219,-143,2,65,-13
-1,-227,-142,2,65,-13
-12,-220,-142,1,64,-14
-14,-218,-143,-2,63,-14
-15,-217,-140,-3,62,-14
-12,-221,-141,-7,61,-14
-12,-218,-142,-10,61,-15
-13,-220,-140,-10,60,-15
-15,-217,-141,-12,58,-16
-10,-220,-141,-14,60,-17
-8,-221,-136,-18,58,-17
-12,-219,-145,-18,59,-17
-6,-213,-139,-17,60,-17
-10,-219,-144,-16,62,-17
-12,-217,-140,-15,63,-19
-12,-220,-142,-14,63,-19
-14,-218,-143,-14,63,-20
-13,-220,-145,-13,62,-20
-13,-218,-141,-14,63,-20
-13,-218,-138,-13,64,-22
-12,-219,-140,-12,63,-21
-14,-222,-140,-14,62,-23
-14,-220,-141,-15,62,-22
-16,-222,-137,-16,61,-25
-12,-221,-143,-19,60,-23
-11,-218,-143,-21,60,-25
-13,-222,-143,-22,59,-25
-12,-220,-138,-24,60,-26
-12,-219,-140,-27,60,-25
-13,-221,-138,-28,62,-26
-16,-217,-142,-29,61,-25
-14,-220,-146,-31,62,-25
-12,-221,-141,-33,63,-23
-11,-222,-144,-33,64,-24
-14,-217,-143,-35,63,-21
-13,-218,-143,-36,62,-25
-13,-221,-141,-36,63,-24
-13,-220,-144,-36,63,-26
-11,-220,-140,-37,64,-23
-12,-218,-144,-36,62,-25
-11,-221,-141,-37,62,-23
-15,-223,-142,-39,61,-25
-12,-223,-141,-40,62,-22
-15,-220,-141,-43,63,-24
-13,-215,-149,-46,62,-23
-11,-220,-139,-47,63,-25
-13,-220,-142,-47,64,-24
-11,-221,-144,-49,64,-28
-12,-218,-141,-49,66,-28
-12,-220,-141,-52,64,-31
-11,-219,-145,-54,65,-25
-13,-219,-142,-54,66,-30
-12,-219,-146,-55,66,-30
-12,-218,-144,-55,65,-34
-9,-220,-141,-59,66,-33
-14,-219,-144,-63,66,-35
-14,-223,-126,-64,67,-34
-14,-215,-142,-69,65,-39
-12,-219,-142,-74,63,-37
-12,-220,-143,-77,65,-37
-15,-216,-141,-79,65,-33
-12,-218,-140,-81,63,-36
-12,-217,-143,-85,61,-36
-11,-217,-143,-89,62,-38
-13,-221,-143,-94,62,-36
-12,-219,-150,-96,60,-41
-12,-218,-141,-102,61,-40
-23,-228,-136,-110,63,-46
-12,-213,-147,-122,66,-56
-10,-212,-146,-142,68,-60
-12,-215,-146,-143,72,-50
-11,-216,-146,-136,77,-46
-12,-215,-144,-135,77,-42
-9,-216,-151,-134,75,-38
-14,-218,-147,-135,74,-36
-10,-215,-141,-140,76,-42
-10,-214,-142,-146,74,-43
-11,-216,-137,-154,74,-45
-13,-216,-145,-160,73,-47
-11,-219,-144,-169,71,-52
-10,-217,-149,-177,72,-53
-17,-223,-141,-186,72,-61
-3,-207,-146,-227,67,-102
-6,-212,-144,-259,61,-90
-9,-217,-143,-249,73,-74
-10,-213,-147,-234,79,-72
-8,-214,-150,-231,77,-71
-7,-214,-150,-232,73,-69
-18,-219,-144,-236,75,-70
-9,-218,-150,-240,77,-81
-16,-216,-149,-268,77,-100
-1,-211,-146,-310,73,-122
-6,-216,-148,-313,77,-103
-9,-215,-148,-291,86,-90
-5,-215,-148,-271,87,-79
-12,-212,-148,-256,86,-78
-8,-215,-149,-250,83,-78
-11,-215,-152,-247,83,-78
-4,-207,-152,-254,82,-85
-5,-211,-144,-269,81,-92
-6,-209,-153,-271,83,-83
-8,-213,-150,-263,87,-77
-11,-210,-152,-260,86,-78
-9,-209,-152,-257,86,-77
-10,-210,-154,-259,85,-78
3,-212,-153,-264,85,-75
-10,-206,-154,-280,84,-58
-26,-206,-160,-302,90,-81
-4,-202,-152,-354,80,-130
-7,-206,-153,-384,74,-112
-11,-210,-148,-362,87,-95
-7,-212,-155,-349,92,-82
-7,-209,-155,-344,87,-83
-7,-211,-155,-348,83,-80
4,-211,-153,-367,79,-62
-13,-200,-163,-431,84,20
-17,-206,-151,-489,106,-45
-11,-210,-153,-500,85,-103
0,-206,-157,-508,64,-139
-5,-204,-158,-507,57,-134
-2,-207,-159,-502,61,-120
-1,-215,-150,-484,70,-102
-6,-208,-159,-471,75,-96
-5,-208,-160,-468,72,-85
1,-211,-159,-469,73,-92
9,-200,-163,-486,69,-63
-12,-199,-167,-522,78,-54
-3,-205,-164,-529,81,-90
0,-208,-168,-515,72,-105
-4,-198,-165,-507,70,-115
0,-203,-163,-525,64,-125
-2,-203,-161,-515,73,-101
6,-198,-171,-498,82,-88
-3,-201,-161,-489,85,-76
7,-205,-163,-489,83,-71
0,-197,-170,-504,78,-32
-7,-204,-169,-528,88,-32
-20,-208,-167,-555,83,-67
-1,-196,-168,-618,58,-131
5,-194,-168,-659,42,-127
3,-198,-173,-631,60,-92
-3,-203,-170,-585,76,-72
7,-200,-174,-567,78,-54
-9,-194,-165,-573,84,-36
-6,-199,-175,-579,84,-62
-3,-203,-175,-578,77,-75
2,-196,-176,-593,73,-106
1,-192,-179,-630,65,-121
5,-192,-175,-645,70,-114
2,-194,-178,-627,81,-87
3,-192,-182,-594,94,-63
6,-195,-184,-565,99,-48
1,-193,-182,-558,97,-24
-5,-191,-186,-568,102,-16
11,-186,-179,-571,98,-45
2,-193,-186,-565,92,-52
-5,-188,-189,-568,87,-70
3,-188,-188,-587,81,-67
-2,-188,-189,-577,87,-54
1,-188,-187,-558,94,-40
-2,-191,-186,-542,93,-36
1,-188,-191,-531,87,-34
-1,-188,-188,-522,84,-32
2,-191,-191,-521,82,-27
1,-189,-192,-523,80,-27
7,-181,-199,-527,80,-27
-1,-185,-191,-530,78,-30
-2,-182,-192,-537,77,-30
-2,-185,-190,-544,78,-34
-1,-187,-191,-559,78,-40
-2,-177,-191,-608,74,-84
4,-175,-190,-700,62,-93
-2,-171,-191,-732,72,-83
1,-171,-193,-737,80,-72
1,-175,-197,-727,83,-53
0,-174,-189,-712,85,-46
-3,-177,-195,-704,86,-41
3,-179,-197,-703,87,-39
0,-175,-198,-717,87,-23
1,-177,-198,-738,92,-23
2,-174,-199,-767,90,-3
-12,-176,-204,-807,97,-31
1,-178,-200,-853,84,-87
8,-172,-203,-896,72,-99
4,-169,-201,-906,80,-92
0,-172,-210,-900,88,-79
-4,-157,-199,-891,91,-71
1,-170,-209,-882,91,-63
2,-164,-210,-876,90,-61
5,-172,-212,-870,87,-45
0,-164,-210,-864,90,-22
2,-163,-214,-854,93,-27
1,-167,-213,-842,87,-36
2,-160,-211,-850,80,-64
2,-155,-214,-880,70,-77
4,-157,-213,-891,72,-62
15,-146,-220,-899,78,-15
-10,-158,-212,-910,92,24
0,-158,-215,-895,92,-10
3,-156,-220,-864,78,-25
2,-155,-219,-839,72,-25
1,-155,-218,-835,67,-47
5,-148,-221,-864,62,-51
5,-144,-224,-878,64,-42
5,-150,-227,-873,72,-19
3,-147,-229,-854,75,-7
6,-151,-230,-832,76,-2
10,-136,-225,-822,75,13
5,-134,-229,-825,73,17
7,-143,-233,-868,58,32
-2,-146,-230,-941,56,77
-4,-137,-231,-985,87,58
2,-140,-230,-965,93,19
3,-142,-231,-937,88,-12
7,-132,-234,-935,75,-35
12,-130,-235,-933,69,-25
3,-132,-231,-901,77,18
-1,-129,-232,-860,90,30
0,-129,-231,-827,87,36
5,-131,-231,-807,82,37
1,-131,-236,-797,80,42
6,-129,-235,-793,82,50
-1,-126,-235,-796,83,61
4,-128,-235,-805,83,60
-4,-122,-237,-824,81,88
-1,-121,-234,-849,80,66
-3,-129,-241,-869,67,57
-4,-126,-236,-901,65,60
-3,-127,-239,-908,75,56
-1,-132,-242,-902,82,47
0,-139,-212,-900,81,41
-3,-124,-242,-913,74,31
0,-118,-238,-944,70,15
0,-120,-245,-969,64,12
-3,-117,-247,-963,67,26
-4,-115,-243,-950,70,27
-6,-116,-245,-936,66,34
0,-111,-250,-922,64,31
-1,-114,-248,-908,63,42
-6,-110,-249,-891,63,29
-4,-108,-249,-871,58,24
9,-107,-252,-847,54,24
2,-106,-254,-826,49,28
1,-103,-252,-816,48,28
1,-101,-252,-810,49,33
4,-99,-255,-799,50,29
4,-99,-255,-784,53,31
1,-101,-256,-769,56,30
2,-99,-254,-749,57,33
3,-95,-255,-732,60,33
3,-96,-256,-717,63,37
1,-95,-257,-702,64,39
1,-109,-248,-686,65,40
1,-93,-257,-679,65,42
0,-92,-259,-667,66,44
0,-94,-257,-658,62,40
-1,-92,-257,-650,58,40
-3,-90,-256,-645,54,33
-3,-90,-256,-641,49,33
-2,-89,-258,-640,46,27
0,-87,-259,-638,46,26
0,-89,-259,-638,48,23
-3,-83,-261,-638,50,24
-4,-84,-259,-637,54,25
2,-76,-262,-634,58,29
1,-77,-255,-635,61,29
0,-79,-262,-638,66,34
0,-78,-261,-638,71,37
1,-75,-262,-639,75,44
0,-74,-259,-641,79,48
0,-73,-258,-643,79,53
-3,-72,-261,-644,79,55
-5,-75,-259,-645,77,59
-3,-69,-265,-644,74,61
9,-63,-284,-641,71,62
-2,-66,-262,-637,69,64
-3,-69,-264,-631,68,68
-1,-66,-263,-625,67,70
-2,-69,-267,-613,66,72
-2,-67,-270,-603,67,74
-3,-67,-268,-593,70,74
-2,-64,-267,-585,71,75
-3,-65,-272,-581,78,76
-7,-59,-277,-576,81,76
6,-55,-277,-570,84,75
-3,-62,-274,-563,85,74
-6,-60,-270,-554,87,69
-2,-61,-269,-546,89,68
-7,-57,-269,-537,88,65
-4,-56,-270,-528,88,65
-5,-60,-275,-519,86,61
-3,-57,-271,-510,83,61
-1,-54,-273,-498,81,60
-4,-57,-273,-482,77,61
-3,-56,-269,-465,72,59
1,-40,-296,-451,69,61
-1,-56,-270,-435,68,58
0,-55,-271,-420,66,59
-1,-56,-270,-408,65,54
2,-53,-269,-402,63,54
1,-55,-272,-397,67,51
-1,-53,-272,-395,71,50
-4,-58,-272,-399,76,48
-2,-49,-274,-404,82,49
-3,-56,-279,-411,84,46
-3,-53,-277,-416,88,47
6,-47,-287,-422,88,43
-3,-54,-277,-427,85,42
-5,-54,-280,-432,85,38
-4,-56,-282,-437,83,39
-3,-55,-282,-438,80,33
-2,-53,-283,-438,74,31
2,-54,-284,-430,69,26
-2,-56,-284,-417,62,26
5,-51,-289,-396,55,19
4,-53,-285,-374,50,19
6,-41,-289,-348,45,19
7,-49,-289,-316,45,26
3,-50,-290,-278,44,30
4,-49,-288,-231,46,41
4,-47,-290,-180,46,50
1,-50,-288,-126,48,59
0,-49,-291,-66,51,65
-4,-47,-293,-8,52,74
-2,-53,-289,61,51,75
-4,-51,-295,118,47,80
-6,-48,-290,170,47,79
0,-43,-286,221,46,82
-7,-49,-290,266,44,81
-7,-49,-295,306,40,82
-6,-51,-288,344,34,76
-7,-48,-296,382,29,75
-6,-50,-295,417,26,70
-7,-47,-290,453,21,69
-4,-53,-294,493,17,63
-3,-53,-291,524,16,61
-2,-49,-296,549,15,56
0,-63,-287,572,15,57
-2,-57,-279,594,16,54
-3,-54,-284,616,18,54
-1,-55,-283,640,19,50
-1,-57,-280,658,20,49
0,-56,-278,674,22,46
0,-59,-279,687,22,47
2,-60,-276,693,23,42
2,-59,-277,693,25,44
-2,-60,-273,694,25,43
-2,-59,-280,692,28,44
4,-58,-281,684,30,41
0,-61,-276,675,34,44
-3,-61,-275,660,38,45
3,-63,-276,645,40,43
4,-63,-274,626,43,38
2,-65,-275,606,44,40
3,-65,-276,586,47,40
4,-66,-277,571,49,36
4,-70,-278,558,53,30
8,-68,-273,554,57,25
2,-70,-279,564,60,26
13,-77,-278,583,63,24
4,-74,-277,602,66,21
5,-69,-278,622,65,19
7,-77,-272,648,66,20
6,-79,-271,683,67,24
4,-76,-273,723,68,20
2,-75,-274,774,65,15
9,-79,-272,820,61,18
8,-81,-272,862,57,16
6,-81,-269,899,55,12
7,-81,-267,935,49,8
7,-89,-263,962,47,6
5,-80,-266,986,43,2
3,-83,-263,1005,40,3
4,-86,-264,1020,39,4
5,-87,-259,1026,36,5
0,-86,-261,1026,32,4
0,-88,-260,1022,29,7
-1,-92,-258,1014,29,3
-2,-93,-254,1002,27,-1
-1,-98,-255,990,23,0
-2,-98,-253,978,22,6
4,-104,-238,962,23,3
-4,-99,-256,939,19,-1
-1,-101,-252,911,13,-10
1,-101,-253,882,6,-16
-5,-103,-255,858,2,-19
-6,-106,-252,841,1,-29
-6,-104,-255,827,-1,-44
0,-97,-250,817,-5,-50
5,-104,-254,819,-10,-45
0,-109,-253,817,-8,-47
-7,-115,-238,817,-8,-60
1,-115,-252,816,-14,-64
0,-112,-252,819,-19,-71
5,-112,-252,827,-24,-70
0,-119,-250,850,-29,-61
-1,-116,-252,867,-28,-64
0,-121,-247,882,-31,-76
-4,-112,-248,895,-36,-78
0,-127,-247,920,-42,-71
-3,-124,-245,940,-41,-71
-1,-126,-244,954,-45,-76
5,-113,-248,965,-49,-75
0,-128,-243,983,-58,-63
-2,-127,-241,994,-59,-62
-3,-128,-241,1001,-60,-66
-2,-131,-238,1010,-61,-56
-2,-134,-238,1010,-60,-55
-3,-131,-236,1004,-58,-56
0,-130,-233,1004,-56,-50
-1,-136,-234,1001,-56,-36
0,-142,-231,991,-51,-39
-5,-134,-226,975,-49,-39
8,-132,-242,963,-48,-40
-3,-141,-228,957,-50,-23
-5,-142,-224,948,-43,-36
-5,-143,-226,933,-42,-37
-2,-142,-225,920,-45,-36
0,-141,-223,908,-48,-20
-4,-150,-225,896,-46,-15
-5,-148,-218,881,-40,-25
-3,-149,-215,871,-40,-46
-2,-150,-221,859,-44,-43
-4,-137,-221,849,-45,-39
-2,-148,-213,853,-46,-11
-1,-155,-220,850,-37,-11
-4,-158,-218,849,-29,-29
-2,-156,-220,849,-24,-41
-2,-160,-216,848,-24,-34
2,-154,-217,849,-23,-21
-2,-162,-218,855,-22,1
0,-157,-212,853,-15,-5
-4,-161,-216,856,-9,-24
-3,-162,-217,853,-12,-23
-3,-159,-215,847,-14,-12
5,-165,-208,840,-14,2
-5,-164,-211,851,-10,29
-11,-168,-207,850,-3,21
-7,-166,-205,853,7,6
-12,-161,-204,856,7,4
-7,-163,-202,865,4,26
-6,-167,-206,875,5,43
-7,-171,-202,872,8,40
-5,-169,-199,872,12,26
-10,-171,-198,878,16,2
-6,-169,-199,878,15,4
2,-172,-205,890,11,45
-7,-171,-195,889,12,52
-10,-172,-193,867,21,31
-9,-171,-193,840,25,19
-7,-171,-190,818,25,14
-13,-161,-186,796,25,12
-1,-171,-192,793,22,50
-8,-171,-188,780,22,65
-8,-173,-189,755,27,64
-16,-174,-186,735,32,43
-13,-173,-192,697,36,31
0,-168,-181,663,34,33
-13,-176,-182,634,32,34
-11,-176,-182,612,32,37
-10,-175,-179,590,32,34
-16,-168,-172,580,34,20
-4,-182,-178,606,34,39
-5,-188,-183,606,34,55
-13,-184,-179,573,35,35
-11,-184,-174,536,34,15
-11,-181,-176,506,33,4
-5,-181,-178,487,31,1
0,-191,-164,481,30,-3
-11,-183,-174,476,35,-3
-12,-187,-175,481,41,-21
-16,-183,-173,501,49,-50
-14,-188,-172,521,57,-57
-10,-188,-178,518,60,-34
-11,-178,-173,503,62,-16
-3,-184,-174,512,64,38
-7,-194,-171,520,73,57
-11,-195,-177,494,83,29
-14,-194,-171,464,87,-6
-12,-194,-158,440,85,-21
-7,-194,-172,423,81,-33
-7,-193,-172,412,77,-38
-6,-195,-174,415,75,-56
-11,-195,-170,437,79,-83
-3,-194,-172,454,85,-86
-7,-196,-175,445,89,-61
-8,-193,-174,417,89,-40
-7,-190,-169,383,93,-22
-11,-193,-171,366,95,-19
-10,-193,-168,368,98,-16
-13,-193,-167,373,100,-18
-12,-198,-164,377,100,-9
-10,-198,-166,371,97,-6
-10,-197,-170,370,94,1
-12,-196,-170,371,94,1
-12,-196,-166,374,94,1
-17,-191,-163,380,94,5
-8,-195,-163,411,96,49
-1,-200,-160,445,97,83
-5,-206,-154,474,98,45
-15,-196,-169,500,98,-48
-13,-206,-163,508,98,-74
-15,-203,-168,491,91,-62
-14,-202,-166,454,85,-29
-10,-200,-162,414,84,-12
-15,-198,-159,387,86,-4
-12,-196,-160,369,90,-4
-15,-199,-162,357,94,-7
-15,-195,-158,347,99,-13
-15,-204,-155,341,100,-12
-13,-197,-153,339,104,-10
-14,-196,-159,340,106,-6
-13,-203,-152,342,109,-10
-11,-205,-151,339,107,-11
-13,-206,-156,337,105,-17
-15,-203,-155,334,103,-21
-12,-203,-152,338,99,-31
-14,-204,-150,344,96,-28
-15,-201,-147,354,90,-13
-14,-191,-151,374,84,14
-9,-206,-157,393,77,29
-6,-209,-153,376,70,-1
-15,-198,-149,350,68,-39
-13,-205,-149,332,68,-55
-12,-207,-145,327,70,-61
-12,-207,-145,333,74,-60
-7,-211,-144,345,79,-73
-6,-209,-147,374,83,-97
-14,-211,-147,406,86,-126
-11,-214,-151,422,91,-118
-7,-217,-149,423,98,-94
-8,-218,-152,412,99,-69
-7,-219,-149,397,100,-52
-7,-218,-144,388,100,-39
-4,-214,-145,385,99,-36
-6,-213,-145,387,92,-38
-5,-216,-142,396,86,-43
-8,-215,-142,411,80,-42
-5,-215,-145,425,74,-38
-3,-214,-143,441,68,-34
-6,-214,-137,459,63,-32
-5,-214,-143,471,62,-31
-10,-210,-138,480,61,-29
-14,-204,-137,500,61,1
-8,-219,-125,535,61,55
-6,-217,-142,559,63,79
-7,-217,-144,553,66,50
-8,-214,-137,510,66,9
-13,-210,-138,476,63,-14
-14,-211,-133,452,59,-23
-12,-208,-129,441,56,-31
-11,-209,-133,452,49,-71
-14,-214,-129,472,46,-94
-12,-214,-130,471,45,-86
-10,-216,-134,464,43,-76
-2,-216,-128,442,42,-60
-9,-217,-134,413,41,-32
-4,-218,-135,383,38,-24
-8,-219,-131,363,38,-24
-8,-216,-132,348,37,-30
-11,-214,-129,341,37,-32
-6,-218,-132,338,34,-37
-11,-212,-131,339,33,-29
-8,-220,-133,370,34,24
-2,-227,-137,394,37,55
-1,-226,-132,387,38,22
-1,-223,-134,358,38,-32
-11,-223,-134,330,33,-56
-13,-220,-131,318,29,-59
-12,-222,-131,316,27,-54
-7,-222,-125,318,26,-47
-9,-218,-126,332,26,-61
-12,-222,-128,357,24,-91
-12,-223,-125,374,27,-101
-7,-223,-121,373,30,-83
-13,-223,-130,375,32,-84
-12,-227,-114,362,32,-60
-3,-225,-127,334,30,-37
-6,-228,-125,314,26,-21
-5,-227,-122,300,23,-19
-3,-226,-117,292,21,-21
-4,-226,-118,286,20,-26
-4,-229,-121,282,18,-26
0,-230,-121,276,19,-27
-5,-223,-118,271,19,-23
-4,-222,-116,267,21,-17
-8,-224,-116,289,22,25
3,-232,-121,322,30,61
0,-231,-115,317,33,48
2,-236,-121,297,35,17
-4,-233,-120,264,36,-13
-4,-228,-120,239,38,-35
-2,-225,-117,232,38,-48
-5,-223,-120,253,37,-82
-7,-222,-114,282,40,-102
-11,-224,-118,305,41,-106
-6,-229,-120,306,43,-67
-6,-224,-121,280,43,-19
-6,-229,-99,255,44,11
-2,-231,-116,231,42,19
-5,-230,-114,215,40,20
-4,-228,-115,209,36,16
-6,-228,-111,211,32,16
-7,-230,-115,217,25,15
-6,-230,-113,220,21,19
-3,-229,-114,221,20,15
-4,-232,-118,216,20,14
-5,-228,-112,210,24,10
-9,-232,-119,205,22,11
-12,-235,-104,200,25,12
-5,-230,-110,196,27,14
-7,-232,-108,192,31,10
-6,-230,-107,190,33,0
-7,-229,-108,197,37,-34
-5,-230,-110,204,43,-50
-5,-230,-109,203,48,-49
-4,-233,-115,192,52,-39
0,-231,-111,164,54,-19
2,-226,-112,140,55,0
-3,-231,-108,119,53,12
-12,-230,-101,101,50,15
-4,-231,-110,88,47,13
-6,-231,-107,77,42,14
-3,-234,-107,69,35,12
-8,-228,-106,66,29,19
-2,-231,-105,97,28,77
0,-245,-112,128,26,104
-4,-244,-113,123,23,65
-7,-242,-108,101,16,24
-9,-241,-102,82,8,6
-6,-236,-104,78,2,3
1,-237,-116,86,-2,4
-9,-234,-108,97,-2,4
-6,-238,-112,110,-4,5
-4,-234,-111,119,-3,1
-6,-234,-111,123,-1,-2
-3,-234,-112,125,-1,-2
-4,-238,-109,126,3,0
-3,-238,-106,127,3,2
-4,-236,-112,130,6,4
-4,-237,-110,134,7,3
-7,-233,-107,138,8,1
-9,-235,-116,141,7,-1
-6,-237,-108,144,8,-2
-6,-237,-108,143,5,-5
-4,-239,-103,146,3,-17
-8,-234,-108,156,0,-43
-4,-237,-106,174,-2,-59
-8,-235,-109,177,-1,-56
-5,-235,-105,169,-1,-31
-1,-235,-111,152,-1,-15
-3,-237,-112,135,0,-8
-4,-232,-113,128,1,-9
-8,-235,-105,120,4,-8
-4,-229,-112,115,6,-10
-2,-215,-99,113,6,-4
-4,-227,-103,134,7,45
0,-240,-106,162,6,68
-4,-240,-108,156,3,37
-8,-241,-101,138,-3,5
-9,-240,-102,123,-12,-14
-2,-237,-101,115,-21,-16
-7,-236,-100,115,-30,-18
-7,-231,-105,115,-36,-15
-2,-236,-103,118,-41,-18
-4,-239,-104,121,-43,-20
-5,-238,-111,120,-43,-29
-3,-240,-103,119,-45,-30
-2,-241,-104,112,-46,-29
-5,-236,-104,107,-44,-26
-3,-239,-102,103,-46,-30
-3,-239,-105,99,-48,-29
1,-243,-103,97,-49,-31
-4,-241,-100,97,-50,-28
-4,-242,-100,97,-52,-31
3,-234,-106,101,-53,-29
-4,-239,-97,105,-56,-31
-5,-239,-100,109,-59,-29
-2,-244,-102,114,-59,-31
-5,-241,-95,120,-59,-27
0,-239,-98,124,-60,-30
-1,-243,-100,129,-58,-27
2,-242,-97,131,-57,-28
4,-243,-97,131,-53,-26
1,-238,-89,130,-48,-27
7,-238,-95,127,-44,-24
2,-239,-89,124,-37,-27
3,-241,-89,119,-29,-24
3,-241,-90,120,-24,-25
2,-241,-89,120,-19,-21
2,-239,-83,121,-12,-20
1,-240,-85,121,-6,-15
0,-238,-85,118,1,-15
2,-238,-87,114,8,-10
-1,-240,-88,111,15,-11
0,-239,-87,104,23,-7
2,-237,-93,93,30,-8
-4,-231,-96,79,39,-7
0,-243,-86,61,42,-9
0,-238,-86,48,44,-9
-4,-239,-83,41,45,-11
-3,-240,-86,35,44,-12
0,-241,-93,31,43,-14
-2,-243,-89,29,42,-13
-3,-244,-91,30,41,-17
-1,-243,-82,34,40,-18
-5,-246,-88,44,40,-21
-9,-245,-70,53,41,-22
-5,-241,-88,62,41,-23
-5,-246,-87,74,43,-24
-4,-245,-92,83,45,-24
-6,-243,-86,91,46,-22
-6,-243,-91,94,47,-21
-4,-239,-90,95,49,-22
-9,-238,-90,93,51,-21
-1,-242,-89,103,56,4
-2,-243,-90,125,62,30
6,-245,-88,130,68,23
-2,-251,-81,110,67,-3
-2,-243,-89,88,66,-23
-4,-244,-83,69,65,-29
-4,-245,-87,59,64,-29
-1,-245,-88,56,66,-26
-2,-245,-88,55,67,-24
-2,-243,-88,55,65,-22
-4,-243,-89,54,66,-22
-3,-238,-88,51,66,-21
-5,-244,-90,48,65,-19
-7,-242,-86,46,63,-16
-6,-247,-82,46,59,-15
-4,-243,-91,44,57,-12
-4,-244,-85,44,52,-12
-3,-243,-91,44,47,-9
-2,-246,-90,43,42,-13
-5,-244,-88,44,37,-14
-5,-245,-84,49,34,-14
-7,-247,-87,52,31,-10
-4,-247,-90,60,29,-7
-7,-249,-88,67,30,-2
-1,-248,-88,73,33,-4
-6,-240,-84,79,36,-2
-7,-246,-86,86,41,-4
-4,-242,-89,87,45,-1
-6,-245,-84,87,49,-5
-3,-244,-89,84,51,-5
-3,-247,-89,77,53,-8
-4,-242,-86,69,55,-8
-5,-237,-87,59,56,-13
-2,-240,-87,48,57,-11
-1,-240,-91,41,56,-16
-3,-236,-85,36,56,-15
14,-246,-92,33,54,-17
-3,-239,-81,29,54,-16
-2,-240,-80,28,53,-18
-3,-241,-82,30,53,-16
-3,-243,-85,32,52,-18
-3,-244,-82,36,55,-15
-4,-242,-83,39,56,-17
-3,-243,-81,41,58,-14
-1,-241,-84,39,60,-16
-4,-241,-82,35,62,-14
-3,-244,-87,30,65,-17
7,-248,-63,21,70,-13
-2,-241,-86,12,71,-16
0,-242,-88,1,70,-14
-3,-240,-84,-10,71,-13
-4,-241,-84,-21,71,-11
-3,-240,-89,-25,69,-11
-2,-242,-83,-27,67,-6
-5,-244,-82,-24,66,-6
-4,-242,-78,-20,67,-3
-5,-241,-86,-14,70,-3
-4,-239,-83,-11,69,0
-9,-236,-84,-8,68,-2
-2,-245,-82,-7,67,3
-3,-245,-83,-7,67,1
-4,-244,-83,-10,66,4
-5,-244,-84,-15,67,1
-8,-242,-84,-18,64,4
-7,-242,-84,-23,64,1
-5,-245,-85,-26,65,1
-2,-241,-89,-28,64,-1
-5,-241,-85,-31,66,-1
-5,-244,-83,-32,64,-5
3,-249,-74,-31,63,-5
-7,-245,-87,-29,61,-7
-7,-245,-89,-24,59,-8
-8,-246,-85,-18,57,-10
-4,-248,-85,-13,57,-9
-5,-245,-86,-9,57,-11
-6,-247,-86,-6,55,-11
-5,-242,-90,-6,55,-13
-1,-245,-84,-8,53,-14
-4,-248,-92,-12,51,-15
-9,-242,-85,-19,49,-13
-2,-233,-103,-23,46,-16
-5,-241,-93,-28,44,-15
-8,-243,-89,-33,42,-15
-6,-243,-86,-36,41,-15
-7,-241,-86,-38,39,-16
-6,-242,-87,-39,38,-14
-5,-242,-91,-39,36,-14
-7,-245,-88,-36,34,-15
-2,-242,-91,-30,33,-14
-6,-241,-82,-25,33,-13
2,-242,-92,-19,32,-13
-4,-241,-81,-14,29,-11
-5,-246,-84,-7,26,-10
-5,-246,-84,-2,23,-11
-6,-242,-85,5,21,-11
-7,-244,-87,7,18,-10
-7,-240,-87,6,14,-10
-4,-242,-86,5,11,-10
-6,-242,-89,-3,9,-11
-6,-244,-86,-10,5,-13
-5,-244,-84,-18,4,-13
6,-245,-88,-27,2,-15
-4,-245,-86,-33,2,-14
-9,-242,-84,-36,3,-17
-6,-242,-86,-36,3,-15
-6,-243,-86,-35,2,-18
-7,-247,-85,-33,3,-16
-5,-244,-86,-29,5,-18
-3,-248,-89,-22,5,-17
-4,-248,-90,-19,6,-18
-3,-243,-86,-15,8,-17
-2,-242,-85,-11,7,-19
-8,-236,-92,-7,9,-16
-2,-240,-86,-8,8,-16
-5,-241,-87,-9,8,-14
-3,-240,-87,-12,9,-15
-3,-242,-88,-18,10,-13
-2,-243,-86,-23,8,-13
-3,-246,-88,-27,8,-11
-3,-242,-87,-32,6,-12
-3,-241,-89,-33,7,-10
-4,-243,-82,-33,7,-10
-3,-244,-91,-31,6,-6
6,-242,-89,-28,6,-8
-6,-244,-86,-27,7,-5
0,-242,-90,-21,8,-6
-3,-243,-87,-19,9,-4
-5,-242,-91,-17,12,-7
-4,-243,-87,-16,14,-4
-3,-246,-89,-15,16,-6
-6,-242,-87,-16,20,-6
-4,-243,-89,-18,21,-9
-5,-243,-88,-20,24,-6
-2,-245,-90,-21,26,-10
-3,-243,-95,-21,28,-9
-6,-244,-85,-21,28,-12
-6,-245,-91,-17,28,-11
-5,-247,-85,-16,29,-14
-6,-246,-89,-13,30,-13
-5,-245,-89,-10,31,-15
-7,-246,-89,-8,30,-13
-7,-247,-93,-4,31,-17
-8,-244,-90,-3,32,-14
-9,-243,-86,-2,31,-17
-5,-245,-87,1,30,-15
3,-244,-84,2,28,-17
-3,-245,-84,4,29,-14
-6,-243,-86,8,28,-16
-6,-245,-84,13,28,-11
-6,-246,-85,18,28,-13
-5,-242,-86,20,28,-10
-3,-243,-86,23,27,-10
-6,-243,-88,25,28,-8
-3,-245,-83,24,28,-9
-4,-245,-91,22,27,-7
-4,-248,-90,20,25,-10
9,-242,-73,15,24,-7
-5,-244,-85,13,24,-9
-5,-243,-86,10,25,-6
0,-245,-80,8,24,-9
-3,-245,-83,7,26,-9
-5,-245,-87,5,28,-10
-8,-241,-83,4,31,-9
-1,-248,-81,6,34,-11
-1,-247,-82,7,37,-10
-3,-245,-80,9,38,-9
-4,-242,-84,11,39,-7
-1,-249,-83,13,40,-7
-3,-246,-82,14,40,-6
-4,-244,-89,18,41,-7
-2,-244,-83,20,41,-4
-5,-243,-80,20,41,-4
-5,-243,-83,22,42,-4
-2,-244,-87,22,42,-4
-4,-244,-80,21,43,-5
-6,-240,-85,22,43,-6
-7,-243,-88,20,44,-6
-5,-244,-85,22,44,-9
-4,-243,-83,22,46,-9
0,-238,-82,24,47,-9
-6,-246,-81,27,47,-8
-7,-245,-82,32,50,-7
-5,-245,-81,33,51,-10
-6,-247,-84,34,51,-9
-5,-246,-77,36,52,-9
-4,-248,-88,34,52,-9
-5,-245,-84,31,52,-10
-1,-244,-84,30,52,-9
1,-242,-86,26,52,-10
-8,-244,-81,23,50,-10
-4,-243,-82,19,50,-11
-7,-243,-85,17,47,-10
-3,-244,-83,10,45,-12
-8,-243,-86,9,42,-10
-7,-243,-83,7,41,-11
-7,-243,-79,8,40,-9
-6,-240,-86,9,39,-8
-5,-243,-78,11,41,-6
-6,-242,-81,12,44,-7
-5,-238,-86,13,46,-7
-5,-246,-80,14,46,-8
-6,-244,-78,15,46,-5
-6,-243,-81,16,45,-8
-5,-245,-79,16,44,-6
-1,-246,-77,17,42,-9
-2,-248,-85,18,41,-9
-4,-245,-82,18,42,-10
-6,-244,-78,20,42,-8
-4,-243,-79,20,43,-10
-2,-242,-81,20,45,-9
7,-231,-76,18,47,-10
-4,-244,-80,14,48,-8
-4,-241,-84,7,52,-9
-3,-247,-81,0,53,-8
-5,-242,-80,-7,55,-9
-4,-242,-82,-10,57,-6
-3,-245,-78,-14,57,-10
-4,-246,-81,-16,60,-7
-1,-244,-81,-17,61,-9
-4,-245,-83,-15,63,-8
2,-242,-83,-13,62,-10
2,-235,-87,-10,62,-6
-3,-246,-81,-8,63,-9
-4,-243,-81,-7,62,-5
-3,-244,-78,-6,60,-8
-4,-243,-80,-5,60,-5
-4,-245,-85,-6,58,-9
-4,-245,-81,-7,55,-6
-7,-241,-84,-9,54,-9
-4,-244,-80,-12,55,-6
-6,-244,-80,-16,54,-8
-5,-243,-83,-19,54,-5
2,-238,-86,-23,57,-7
-7,-243,-83,-27,58,-6
-9,-243,-80,-30,60,-7
-2,-246,-80,-32,62,-5
-5,-245,-81,-31,62,-7
-6,-244,-84,-35,63,-7
-5,-245,-81,-35,63,-8
-2,-245,-81,-36,64,-7
-8,-245,-82,-36,64,-9
-10,-245,-76,-37,63,-10
-7,-247,-82,-39,62,-12
-3,-245,-86,-41,60,-12
-6,-246,-82,-42,57,-14
-7,-244,-79,-44,55,-13
-3,-244,-82,-46,55,-15
-2,-247,-79,-49,53,-14
-6,-243,-83,-49,50,-16
-6,-246,-82,-50,49,-13
-8,-247,-81,-51,47,-16
-9,-244,-81,-53,47,-14
-5,-244,-80,-55,45,-14
-5,-242,-83,-55,44,-13
-12,-237,-85,-55,43,-13
-5,-249,-83,-54,43,-11
-5,-245,-81,-53,42,-12
-6,-248,-84,-53,39,-10
-8,-243,-80,-52,38,-11
-5,-242,-83,-50,37,-11
-9,-241,-87,-48,36,-11
-4,-245,-84,-45,36,-12
-4,-239,-84,-44,36,-12
-5,-240,-88,-43,35,-12
-7,-244,-82,-45,34,-11
1,-243,-85,-47,33,-11
-6,-242,-83,-51,35,-12
-6,-242,-82,-54,34,-12
-7,-243,-83,-57,34,-11
-4,-246,-87,-60,34,-12
-5,-247,-87,-60,36,-13
-4,-244,-82,-62,36,-14
-7,-248,-81,-60,36,-14
-5,-245,-78,-59,37,-14
-5,-245,-79,-58,36,-16
-8,-246,-85,-56,35,-19
-12,-236,-98,-55,35,-17
-8,-242,-85,-54,36,-17
-4,-245,-85,-54,35,-17
-6,-243,-84,-51,35,-16
-6,-241,-89,-52,37,-14
-5,-247,-85,-49,41,-15
-7,-241,-84,-50,41,-13
-2,-245,-89,-50,42,-14
-4,-246,-84,-48,43,-11
-4,-243,-85,-45,43,-13
-8,-243,-89,-43,44,-11
-12,-237,-86,-39,43,-10
-5,-243,-86,-35,45,-8
-3,-245,-86,-32,45,-8
-4,-243,-86,-29,45,-4
-5,-243,-86,-26,43,-6
-4,-244,-80,-24,44,-2
-6,-245,-82,-23,42,-4
-5,-243,-85,-24,40,-3
-5,-247,-81,-27,40,-3
-1,-242,-83,-26,40,0
2,-252,-71,-30,40,-2
-5,-241,-83,-33,40,1
-6,-243,-85,-35,40,-1
-4,-245,-87,-39,41,0
-5,-242,-84,-44,41,-1
-3,-244,-87,-45,42,2
-3,-245,-87,-51,42,-1
-6,-243,-91,-50,42,2
-1,-244,-90,-50,42,0
-6,-242,-87,-48,41,1
-6,-244,-87,-44,41,-2
-6,-248,-76,-39,42,-1
-3,-246,-86,-33,43,-2
-3,-244,-84,-25,44,-1
-6,-244,-84,-17,46,-2
-4,-246,-84,-10,48,-1
-5,-242,-85,-6,50,-4
-3,-245,-86,-5,50,-2
-2,-241,-85,-8,53,-5
-3,-244,-83,-10,54,-3
-2,-242,-85,-16,55,-5
-2,-242,-84,-22,55,-1
-16,-240,-93,-28,56,-4
-4,-244,-87,-33,56,-1
-2,-244,-86,-37,57,-3
-7,-246,-89,-43,56,-1
-5,-244,-85,-41,56,-2
-5,-242,-83,-39,55,-2
-4,-244,-89,-37,56,-4
-1,-247,-82,-35,53,-1
-2,-246,-87,-33,53,-4
-7,-242,-89,-34,52,-2
-6,-249,-87,-33,54,-5
5,-235,-102,-30,52,-3
-5,-239,-87,-28,53,-6
-6,-241,-88,-25,53,-6
-9,-240,-86,-22,55,-6
-3,-246,-85,-18,58,-6
-6,-240,-88,-15,58,-7
-3,-244,-86,-14,60,-6
-6,-241,-87,-13,60,-9
-3,-244,-92,-14,59,-7
-6,-245,-85,-15,58,-8
-4,-237,-87,-16,57,-8
-14,-250,-86,-14,58,-8
-2,-246,-84,-11,58,-9
-6,-243,-87,-10,59,-10
-2,-241,-88,-7,60,-8
-4,-243,-87,-6,61,-9
-4,-241,-87,-3,62,-7
-3,-244,-84,-4,62,-8
-7,-245,-84,-7,63,-6
-4,-246,-86,-10,64,-8
-5,-242,-83,-13,65,-7
0,-244,-84,-17,65,-8
2,-261,-73,-22,67,-9
-5,-245,-86,-24,67,-8
-6,-243,-86,-27,67,-10
-6,-243,-87,-27,67,-10
-5,-244,-85,-25,68,-9
-5,-246,-84,-24,66,-9
-5,-247,-83,-21,68,-11
-7,-242,-90,-17,68,-11
-2,-245,-88,-14,68,-11
-3,-247,-84,-8,67,-11
-8,-240,-86,-4,67,-12
0,-247,-94,0,66,-10
-5,-241,-87,4,68,-11
-8,-242,-83,4,68,-10
-5,-242,-86,5,69,-10
-6,-243,-83,6,70,-8
-7,-242,-87,5,71,-8
-7,-242,-84,3,72,-7
-5,-244,-82,0,73,-7
-2,-242,-87,-1,73,-5
-4,-243,-80,-3,71,-5
-2,-242,-81,-4,71,-4
-8,-237,-72,-2,70,-7
-6,-244,-84,-1,68,-6
-4,-243,-88,-2,65,-7
-6,-243,-85,-1,63,-5
-2,-244,-86,-2,61,-7
-1,-245,-85,-2,61,-6
-4,-243,-85,-3,59,-7
-6,-246,-85,-5,57,-7
-6,-243,-88,-6,57,-8
-7,-246,-83,-8,58,-6
-5,-241,-84,-8,61,-7
-11,-243,-72,-10,61,-6
-6,-244,-88,-11,62,-9
-4,-249,-89,-12,61,-9
-3,-245,-86,-10,62,-11
-6,-248,-87,-11,61,-8
-7,-244,-89,-10,61,-10
-6,-246,-82,-10,60,-8
0,-248,-88,-7,61,-10
-3,-248,-87,-4,61,-8
-7,-249,-90,-2,59,-11
-10,-237,-88,-1,60,-9
-5,-243,-84,1,58,-11
-6,-245,-87,2,58,-9
-6,-241,-83,4,57,-10
-7,-242,-86,6,58,-8
-5,-240,-83,8,57,-10
-4,-244,-84,7,58,-9
-3,-245,-84,7,59,-11
-6,-244,-85,7,57,-9
-5,-241,-84,4,57,-10
-2,-246,-85,2,57,-8
2,-236,-103,1,57,-10
-4,-242,-85,-3,56,-7
-4,-243,-85,-5,56,-10
-4,-242,-86,-8,55,-8
-5,-240,-87,-9,55,-9
-5,-245,-85,-11,54,-7
-4,-245,-88,-9,53,-9
-9,-243,-82,-8,53,-9
0,-245,-83,-7,53,-12
-5,-243,-86,-7,54,-11
-3,-240,-83,-6,54,-13
7,-250,-84,-5,54,-11

