-.-.-
13,-249,32,-53,11,-10
11,-251,27,-56,13,-10
11,-246,29,-58,15,-10
10,-248,35,-61,17,-9
14,-248,36,-65,19,-8
12,-248,30,-70,20,-7
13,-247,30,-77,22,-8
14,-248,32,-84,24,-6
12,-249,34,-92,23,-5
13,-248,30,-97,23,-4
13,-249,35,-101,23,-3
11,-250,29,-105,23,-2
11,-250,37,-106,23,-2
12,-252,33,-104,26,-1
15,-253,33,-102,27,1
15,-253,28,-98,27,-1
13,-253,32,-94,30,0
15,-255,36,-89,31,1
14,-256,31,-85,34,0
13,-256,34,-81,36,-1
14,-256,30,-77,37,-3
12,-255,30,-72,40,-6
13,-254,33,-68,40,-6
13,-253,36,-64,41,-7
15,-254,33,-62,42,-10
13,-253,31,-58,44,-11
12,-255,31,-57,46,-14
13,-252,33,-55,48,-16
13,-253,33,-55,50,-17
9,-251,34,-56,51,-19
10,-251,30,-58,52,-19
10,-252,35,-58,53,-20
9,-254,32,-57,55,-21
9,-254,35,-56,55,-20
7,-255,33,-53,56,-20
9,-251,32,-51,55,-19
18,-261,43,-51,55,-21
9,-254,33,-47,55,-20
5,-254,28,-44,54,-20
7,-255,33,-41,54,-18
5,-254,32,-37,54,-17
7,-254,27,-31,53,-16
7,-254,26,-26,53,-17
7,-254,31,-23,50,-17
4,-255,35,-18,48,-15
6,-253,31,-15,47,-16
4,-249,31,-12,43,-17
10,-256,38,-9,41,-16
10,-251,32,-7,38,-17
9,-251,29,-5,35,-16
14,-249,29,-5,31,-14
11,-249,31,-7,28,-14
10,-252,31,-10,25,-13
11,-253,29,-17,22,-12
8,-248,29,-22,20,-11
10,-250,35,-26,17,-11
10,-248,33,-29,15,-12
8,-250,32,-32,15,-11
11,-250,30,-31,14,-10
11,-250,33,-31,14,-10
12,-253,31,-33,14,-9
9,-253,32,-33,15,-11
13,-250,34,-34,16,-12
13,-253,31,-35,19,-13
10,-251,33,-36,18,-13
11,-252,34,-35,17,-14
12,-252,32,-37,15,-15
11,-253,36,-36,15,-15
11,-247,30,-35,14,-17
14,-253,25,-33,16,-18
14,-252,35,-31,16,-17
12,-248,30,-30,17,-18
15,-252,32,-31,18,-17
11,-250,31,-31,20,-18
11,-250,29,-28,21,-19
11,-249,29,-28,22,-18
13,-250,30,-28,22,-16
9,-250,32,-28,22,-17
13,-251,32,-27,22,-17
13,-253,33,-31,23,-15
12,-251,30,-32,25,-14
14,-249,30,-33,26,-13
15,-252,30,-34,25,-11
11,-252,33,-35,29,-11
14,-253,28,-36,30,-10
12,-253,28,-37,32,-10
16,-255,28,-37,33,-9
13,-255,27,-39,33,-10
10,-251,31,-37,33,-10
13,-252,29,-36,33,-9
10,-252,31,-35,31,-10
9,-250,30,-34,30,-9
16,-253,28,-34,30,-10
11,-252,30,-33,29,-11
12,-251,32,-33,29,-13
10,-252,31,-33,28,-11
10,-250,33,-31,28,-14
11,-251,27,-29,28,-14
12,-247,30,-29,26,-15
13,-252,30,-28,27,-16
14,-252,33,-29,27,-15
12,-250,35,-31,27,-16
10,-249,35,-33,27,-15
14,-251,30,-34,28,-16
13,-251,32,-35,29,-15
10,-252,31,-36,29,-16
12,-251,31,-36,29,-15
11,-251,37,-35,27,-13
12,-252,33,-32,29,-15
13,-250,29,-31,28,-15
11,-251,31,-30,28,-16
12,-249,33,-28,30,-15
13,-251,34,-27,30,-15
15,-249,32,-26,28,-15
11,-252,30,-26,28,-14
9,-252,33,-25,27,-14
12,-254,29,-25,25,-13
13,-252,33,-29,24,-13
6,-252,29,-29,20,-10
13,-254,32,-27,19,-11
13,-251,32,-25,18,-10
14,-252,35,-22,18,-8
13,-250,34,-18,18,-8
14,-253,34,-15,17,-8
13,-249,33,-11,18,-6
11,-249,35,-10,20,-6
17,-253,33,-9,21,-7
16,-251,31,-11,20,-7
14,-247,33,-14,22,-6
13,-252,30,-18,22,-7
16,-251,30,-25,24,-8
17,-251,34,-29,24,-9
17,-251,35,-32,23,-9
15,-251,34,-35,23,-10
13,-252,30,-37,23,-9
15,-250,35,-36,22,-9
14,-252,34,-36,23,-11
15,-252,32,-33,23,-10
16,-253,31,-32,23,-11
14,-248,31,-30,21,-11
13,-250,31,-29,19,-10
13,-253,30,-29,19,-10
12,-254,31,-28,18,-9
13,-252,31,-30,16,-8
14,-252,26,-31,15,-8
11,-246,21,-30,14,-7
12,-252,32,-31,12,-6
14,-253,31,-32,12,-5
11,-251,33,-32,12,-6
15,-252,32,-32,12,-6
15,-250,32,-31,13,-6
12,-253,35,-29,14,-6
12,-254,33,-28,16,-6
14,-253,34,-27,16,-6
12,-251,36,-27,15,-6
10,-251,33,-25,16,-5
19,-249,38,-24,17,-5
12,-250,32,-24,17,-6
14,-250,33,-26,16,-4
13,-253,34,-27,13,-5
12,-252,34,-28,9,-2
15,-251,32,-28,8,-2
12,-250,32,-29,7,-3
15,-251,33,-29,6,-3
14,-252,35,-30,5,-2
12,-251,33,-32,4,-2
12,-252,34,-32,4,-2
16,-251,31,-34,5,-1
14,-250,33,-35,5,-1
14,-251,30,-38,7,-3
10,-249,34,-39,7,-3
17,-253,33,-41,10,-3
14,-250,36,-42,11,-4
13,-250,33,-41,12,-4
13,-253,33,-40,12,-5
12,-251,35,-39,11,-6
10,-250,32,-40,10,-6
12,-250,34,-40,9,-6
14,-247,37,-39,9,-6
17,-253,29,-40,9,-5
14,-251,34,-40,8,-5
16,-248,29,-40,6,-7
14,-252,35,-40,6,-5
12,-250,32,-40,7,-6
14,-249,31,-40,6,-5
14,-250,32,-38,7,-5
13,-252,33,-36,6,-6
14,-253,33,-36,7,-5
12,-250,36,-34,7,-4
11,-249,37,-36,8,-3
13,-253,35,-38,7,-2
12,-251,31,-42,6,-3
14,-248,34,-45,5,-3
12,-248,33,-47,4,-2
14,-251,35,-53,3,-3
15,-251,33,-53,3,-3
18,-251,33,-54,2,-4
14,-250,37,-55,1,-5
14,-248,36,-56,2,-4
14,-252,35,-55,6,-4
15,-251,33,-57,8,-4
12,-249,35,-58,8,-4
16,-251,34,-57,11,-4
17,-250,34,-56,9,-5
19,-252,29,-56,9,-5
13,-254,33,-54,6,-5
15,-251,31,-50,8,-5
13,-252,32,-47,8,-5
17,-253,35,-41,8,-6
16,-253,34,-38,9,-5
17,-252,31,-34,11,-6
12,-252,34,-28,12,-6
14,-251,34,-22,14,-6
13,-251,34,-19,16,-6
13,-253,32,-16,17,-6
13,-251,35,-15,16,-7
15,-253,35,-15,16,-8
15,-252,37,-16,15,-7
14,-252,36,-18,16,-6
10,-247,36,-20,14,-6
13,-250,34,-20,13,-9
14,-251,37,-22,15,-8
22,-255,45,-25,16,-9
12,-247,32,-26,17,-7
14,-249,32,-28,20,-8
13,-249,34,-28,22,-10
14,-247,32,-30,25,-12
13,-249,36,-31,26,-11
14,-249,36,-32,26,-11
13,-253,32,-34,27,-11
16,-248,37,-35,29,-13
12,-251,35,-36,30,-14
13,-252,34,-36,29,-13
13,-251,30,-37,29,-12
14,-252,34,-38,29,-12
14,-252,32,-37,26,-10
15,-252,39,-38,25,-11
16,-251,31,-38,24,-11
15,-251,36,-37,25,-11
13,-249,32,-37,25,-11
13,-249,34,-35,25,-11
11,-251,32,-34,27,-13
14,-252,33,-35,26,-13
13,-252,35,-34,26,-12
13,-249,37,-34,26,-12
13,-253,35,-34,28,-12
15,-251,35,-31,31,-14
12,-254,37,-30,33,-14
13,-251,32,-29,32,-14
11,-252,38,-29,31,-13
13,-250,33,-29,31,-10
15,-251,35,-29,31,-12
13,-250,38,-29,31,-12
15,-252,31,-28,31,-13
19,-255,40,-28,34,-13
13,-251,34,-28,38,-13
12,-250,32,-27,41,-13
10,-248,31,-31,42,-13
12,-252,35,-32,45,-14
11,-252,34,-33,47,-12
11,-249,37,-33,47,-15
13,-250,36,-33,45,-15
17,-249,36,-32,42,-15
14,-251,38,-31,41,-15
13,-248,37,-29,37,-14
15,-247,38,-28,37,-13
12,-248,36,-27,35,-15
14,-250,38,-29,33,-15
12,-251,38,-30,31,-14
12,-250,35,-30,32,-14
12,-251,38,-32,33,-14
12,-250,34,-31,33,-15
14,-252,36,-34,33,-14
15,-253,36,-36,32,-14
15,-250,36,-37,31,-14
14,-252,36,-38,30,-15
13,-251,31,-39,28,-15
12,-254,35,-44,25,-14
12,-251,32,-47,25,-14
11,-249,37,-51,24,-15
13,-250,33,-52,24,-15
11,-255,34,-53,25,-16
11,-252,34,-51,26,-16
12,-251,35,-45,26,-17
12,-252,35,-42,26,-16
11,-252,38,-40,25,-16
15,-250,36,-35,26,-17
11,-248,39,-32,24,-18
13,-249,36,-29,25,-19
14,-252,39,-28,24,-18
15,-251,39,-29,25,-19
15,-248,38,-31,24,-18
10,-251,35,-36,22,-17
14,-252,35,-40,18,-16
11,-248,35,-41,17,-16
18,-252,33,-41,16,-15
13,-247,39,-41,15,-13
14,-252,35,-41,12,-13
13,-251,35,-41,13,-13
15,-253,37,-40,13,-11
12,-250,36,-39,12,-10
13,-249,36,-40,11,-9
12,-249,36,-39,9,-8
13,-252,38,-40,5,-7
14,-251,39,-42,5,-6
11,-248,38,-43,4,-6
13,-251,36,-44,3,-5
13,-249,36,-47,0,-4
14,-250,41,-45,-1,-2
13,-250,37,-45,-2,-2
11,-249,38,-43,-2,-1
13,-248,39,-41,0,-1
13,-250,36,-39,1,1
12,-246,44,-36,2,1
15,-252,35,-36,4,0
16,-246,37,-35,5,1
13,-249,37,-37,8,3
16,-250,39,-38,8,3
12,-247,34,-43,9,3
17,-250,38,-45,8,3
16,-248,37,-48,7,3
15,-251,34,-50,6,2
17,-250,35,-50,4,2
15,-252,37,-51,4,2
13,-248,38,-51,3,1
18,-251,37,-50,3,1
13,-250,37,-49,3,3
16,-250,33,-51,3,3
14,-248,36,-52,4,3
13,-251,35,-52,5,1
13,-249,32,-55,6,1
11,-249,39,-59,5,2
12,-249,30,-63,5,0
13,-249,33,-66,7,-2
14,-251,35,-71,6,-1
15,-248,33,-73,8,-2
15,-252,33,-74,11,-1
14,-254,33,-72,12,-2
14,-252,39,-69,14,-3
15,-253,37,-64,15,-3
11,-249,40,-59,15,-2
15,-251,37,-54,14,-3
13,-252,39,-51,14,-3
14,-248,41,-48,12,-2
13,-253,33,-47,11,-2
15,-251,36,-46,10,-2
15,-248,36,-45,11,-3
14,-254,36,-44,10,-2
15,-250,33,-42,9,-2
14,-250,37,-40,9,0
17,-252,37,-38,10,0
17,-252,34,-37,8,0
20,-253,40,-36,8,-1
14,-251,33,-34,8,-1
15,-252,32,-35,6,-2
12,-249,35,-38,6,-1
13,-248,37,-40,7,-1
12,-251,36,-41,6,-2
14,-251,32,-42,7,-2
14,-249,34,-45,7,-2
15,-249,36,-46,10,-2
13,-251,36,-46,11,-3
11,-248,37,-48,12,-4
10,-253,23,-50,14,-3
13,-249,34,-50,15,-4
11,-248,35,-52,16,-5
12,-249,33,-51,16,-5
13,-249,36,-52,16,-4
16,-250,38,-51,17,-5
13,-250,38,-50,15,-5
13,-250,37,-49,14,-5
11,-251,32,-49,13,-5
13,-250,34,-48,13,-4
17,-250,35,-48,13,-6
14,-248,38,-50,13,-4
13,-251,36,-50,12,-4
14,-251,36,-50,12,-4
16,-251,34,-50,11,-4
14,-252,33,-51,11,-4
12,-248,37,-50,9,-3
14,-249,34,-49,8,-2
17,-251,36,-50,8,0
16,-250,34,-50,11,-2
15,-254,34,-48,12,-2
16,-251,34,-49,13,-2
15,-250,35,-51,15,-2
13,-249,35,-52,13,-3
14,-249,35,-53,12,-3
14,-250,37,-56,11,-5
13,-248,38,-57,11,-4
16,-251,35,-59,10,-2
16,-249,31,-60,9,-3
16,-249,35,-61,11,-3
16,-250,35,-60,10,-2
14,-252,37,-62,10,-2
15,-248,34,-63,9,-3
15,-252,36,-63,8,-2
13,-250,35,-66,9,-2
16,-250,33,-66,9,-3
15,-253,37,-67,8,-3
11,-250,33,-68,7,-3
15,-251,36,-70,6,-3
15,-253,38,-68,6,-2
14,-252,33,-68,5,-1
14,-249,33,-69,6,-1
12,-251,38,-68,8,-3
12,-251,33,-67,8,-2
14,-249,36,-66,10,-3
14,-254,35,-66,12,-3
18,-253,36,-66,15,-4
14,-252,33,-67,16,-4
17,-254,34,-66,19,-4
13,-250,35,-66,20,-4
14,-249,31,-65,21,-6
11,-249,37,-68,22,-7
13,-251,36,-66,21,-6
14,-253,33,-63,21,-5
13,-250,34,-65,21,-6
13,-253,33,-64,20,-8
11,-252,35,-64,20,-9
15,-249,35,-66,20,-9
17,-252,32,-67,19,-10
14,-250,35,-67,18,-9
17,-253,35,-67,19,-9
14,-251,36,-70,19,-9
14,-255,37,-69,19,-9
12,-251,36,-70,19,-8
15,-251,35,-72,19,-8
13,-251,36,-72,18,-8
12,-252,34,-73,18,-8
12,-248,33,-72,18,-7
12,-249,36,-71,18,-7
13,-252,34,-72,17,-7
13,-252,32,-73,17,-6
12,-253,33,-72,15,-4
13,-249,38,-72,16,-4
14,-251,32,-71,13,-4
12,-247,32,-71,10,-3
15,-251,31,-70,9,-2
15,-251,36,-69,7,0
13,-253,32,-66,7,-1
14,-251,30,-65,7,-3
15,-249,32,-63,8,-3
14,-249,30,-62,11,-4
13,-249,32,-62,12,-5
13,-251,34,-60,14,-5
16,-251,34,-60,15,-5
15,-254,32,-61,15,-6
12,-250,32,-61,17,-6
15,-252,31,-61,18,-8
16,-249,33,-63,20,-8
15,-252,33,-64,19,-10
14,-250,31,-64,21,-9
14,-251,30,-64,23,-10
16,-254,33,-65,23,-10
15,-251,34,-65,25,-9
16,-249,34,-64,28,-10
13,-250,31,-66,27,-9
14,-253,35,-65,27,-8
12,-251,35,-68,25,-8
15,-250,35,-71,26,-7
10,-239,19,-73,26,-8
14,-254,30,-74,25,-6
13,-251,30,-76,24,-4
12,-252,31,-78,22,-5
15,-250,32,-78,21,-6
15,-252,26,-78,17,-4
13,-251,30,-78,16,-3
12,-249,33,-79,16,-4
12,-252,32,-82,16,-3
13,-248,33,-84,16,-5
14,-250,35,-83,14,-4
23,-251,34,-85,16,-5
13,-251,32,-84,16,-4
12,-249,31,-83,16,-4
12,-251,32,-84,17,-3
14,-252,31,-86,19,-4
15,-255,37,-87,21,-4
15,-252,33,-89,22,-3
13,-253,29,-91,24,-3
15,-255,31,-91,24,-3
12,-253,32,-87,22,-1
10,-254,30,-82,18,1
12,-255,31,-73,10,4
10,-254,26,-61,0,7
11,-253,25,-53,-13,8
13,-251,21,-46,-28,10
12,-249,20,-42,-41,10
13,-249,19,-37,-50,14
10,-249,17,-34,-55,13
8,-242,21,-35,-59,15
13,-249,22,-36,-64,17
13,-252,18,-47,-71,20
9,-250,21,-64,-79,23
13,-250,19,-82,-87,25
8,-252,24,-101,-90,27
12,-254,25,-127,-91,29
13,-255,27,-151,-90,30
11,-256,28,-170,-92,31
13,-261,29,-185,-90,33
10,-258,30,-192,-88,34
11,-261,32,-193,-84,35
13,-262,30,-187,-80,35
13,-262,32,-174,-76,38
12,-265,28,-151,-71,37
12,-262,31,-123,-66,38
14,-261,28,-93,-61,39
14,-267,26,-62,-61,39
14,-262,27,-35,-57,40
14,-258,22,-9,-53,37
12,-256,24,10,-50,36
11,-255,23,24,-44,34
13,-252,23,37,-37,30
10,-253,21,38,-30,25
12,-249,20,34,-21,22
14,-251,24,27,-14,15
15,-250,21,15,-5,13
13,-252,26,1,3,7
11,-249,22,-14,10,4
7,-248,27,-29,14,4
11,-249,29,-41,17,0
12,-250,27,-54,19,-1
10,-251,27,-61,18,0
12,-251,29,-66,16,0
9,-250,27,-69,14,3
11,-253,24,-70,11,6
10,-254,21,-70,9,8
11,-255,24,-70,6,11
12,-255,20,-69,2,13
9,-254,20,-68,0,15
14,-255,23,-69,-2,15
10,-254,22,-74,-2,17
8,-250,19,-82,1,19
11,-252,21,-94,3,19
10,-254,21,-106,5,19
12,-253,16,-124,9,19
11,-251,12,-143,16,20
11,-253,10,-164,21,19
9,-252,10,-184,26,19
11,-250,12,-204,32,18
11,-250,11,-218,36,17
7,-252,15,-229,42,18
8,-250,16,-237,47,18
10,-250,16,-244,49,20
9,-249,15,-247,50,22
10,-249,17,-247,48,22
9,-250,16,-245,45,25
9,-248,17,-243,40,27
6,-245,17,-244,34,30
6,-246,10,-245,27,34
6,-243,16,-248,20,36
7,-243,13,-253,12,38
6,-240,11,-261,5,41
8,-243,12,-268,-1,42
5,-241,10,-278,-9,43
7,-242,13,-285,-16,45
10,-241,12,-294,-22,46
7,-239,9,-303,-28,45
6,-239,12,-309,-34,46
7,-237,15,-317,-39,45
6,-236,9,-324,-42,43
5,-236,12,-328,-45,41
9,-237,17,-333,-47,37
10,-235,13,-343,-51,35
8,-237,15,-352,-55,31
9,-238,14,-363,-56,27
13,-237,14,-375,-59,25
13,-235,12,-389,-59,19
12,-239,12,-402,-57,13
14,-240,12,-419,-56,10
11,-232,-2,-436,-53,5
12,-240,12,-455,-51,-1
13,-239,8,-474,-52,-6
12,-244,6,-498,-53,-10
10,-242,3,-518,-54,-11
12,-244,3,-540,-57,-13
8,-241,0,-561,-59,-15
8,-245,-4,-577,-62,-17
6,-242,-3,-592,-66,-19
8,-242,-4,-604,-71,-22
9,-244,-3,-616,-78,-26
6,-240,-16,-624,-83,-30
5,-238,-9,-631,-87,-35
4,-236,-11,-637,-92,-39
6,-233,-12,-641,-96,-45
4,-233,-15,-644,-98,-52
6,-231,-13,-648,-100,-59
6,-233,-16,-651,-100,-65
9,-231,-16,-654,-96,-75
9,-230,-14,-656,-91,-82
11,-232,-12,-661,-81,-90
11,-228,-11,-669,-69,-97
16,-234,-10,-682,-55,-104
20,-234,-13,-699,-37,-109
21,-234,-13,-720,-16,-114
23,-236,-13,-744,6,-116
28,-239,-14,-772,32,-114
30,-240,-15,-801,60,-111
36,-245,-19,-832,89,-108
38,-246,-20,-860,118,-101
39,-249,-24,-884,145,-91
41,-251,-24,-904,171,-77
37,-250,-29,-919,194,-61
38,-252,-33,-926,214,-45
35,-251,-29,-923,230,-27
34,-249,-28,-911,243,-5
33,-248,-26,-890,255,16
30,-247,-31,-865,268,34
25,-245,-32,-841,276,54
23,-241,-34,-816,282,70
24,-236,-32,-792,284,85
18,-234,-33,-773,279,95
16,-232,-35,-759,271,102
13,-229,-32,-756,258,107
9,-231,-30,-763,245,109
3,-229,-37,-778,229,110
1,-231,-36,-803,210,106
-2,-236,-42,-837,188,103
-7,-239,-40,-880,166,95
-12,-243,-48,-926,145,85
-13,-249,-45,-973,124,73
-10,-255,-46,-1019,104,59
-14,-259,-46,-1060,89,46
-10,-264,-52,-1089,78,32
-8,-265,-49,-1102,74,22
-4,-276,-47,-1100,72,13
0,-277,-47,-1080,78,5
5,-276,-52,-1044,87,0
9,-278,-50,-993,104,0
14,-275,-53,-933,132,1
16,-271,-50,-867,162,6
18,-268,-51,-798,197,13
22,-263,-53,-735,230,21
22,-260,-53,-681,258,31
20,-254,-55,-641,278,42
18,-249,-59,-619,292,56
22,-249,-62,-620,295,72
17,-243,-64,-636,291,88
17,-242,-62,-662,284,103
14,-241,-64,-700,273,115
15,-243,-64,-745,259,121
10,-242,-63,-788,245,123
7,-243,-62,-827,229,123
9,-245,-65,-853,211,119
5,-245,-61,-870,196,114
7,-245,-65,-878,183,104
6,-248,-64,-874,171,92
7,-245,-62,-865,160,79
7,-250,-66,-848,157,63
7,-244,-64,-827,153,47
5,-240,-65,-805,150,31
9,-240,-65,-783,146,17
10,-239,-68,-760,141,7
10,-236,-71,-741,138,-1
10,-236,-73,-730,134,-4
14,-234,-73,-731,130,-3
13,-230,-76,-743,129,1
14,-235,-80,-766,130,10
12,-229,-79,-799,132,22
12,-231,-77,-839,136,36
13,-231,-80,-877,143,51
10,-234,-84,-916,148,65
12,-236,-84,-951,153,79
7,-237,-84,-979,155,92
5,-243,-84,-999,156,103
4,-244,-83,-1009,153,109
3,-248,-83,-1010,149,118
2,-254,-85,-999,146,127
2,-260,-87,-986,141,130
1,-261,-85,-965,135,127
1,-265,-89,-933,129,125
2,-268,-86,-891,123,123
1,-268,-87,-840,120,119
1,-268,-94,-786,117,113
0,-265,-85,-731,115,109
0,-266,-89,-674,112,102
2,-265,-91,-622,107,97
4,-265,-94,-574,101,96
15,-259,-101,-533,97,95
3,-255,-96,-502,89,92
1,-253,-100,-476,76,94
0,-247,-104,-455,60,93
4,-252,-100,-441,41,96
1,-247,-99,-431,16,99
2,-249,-104,-424,-9,102
0,-248,-107,-418,-37,104
0,-249,-109,-411,-66,109
0,-251,-106,-402,-93,114
-1,-252,-111,-389,-116,119
-2,-255,-119,-372,-134,122
0,-258,-113,-354,-145,126
-1,-257,-114,-331,-151,129
0,-262,-116,-308,-150,131
-5,-265,-116,-279,-145,132
-1,-269,-118,-249,-137,132
-3,-270,-117,-218,-124,131
0,-269,-113,-185,-106,127
1,-267,-109,-150,-83,123
4,-270,-110,-117,-57,118
4,-270,-111,-81,-33,112
3,-269,-115,-48,-7,106
8,-269,-116,-21,17,97
12,-265,-114,0,37,90
14,-261,-111,16,55,84
18,-260,-115,26,70,78
18,-259,-110,28,86,72
20,-257,-112,25,101,66
23,-255,-107,22,115,62
19,-255,-104,22,122,57
17,-253,-106,32,122,53
17,-256,-101,45,117,50
16,-255,-105,64,107,47
10,-252,-104,78,97,44
12,-254,-105,94,88,42
6,-254,-108,106,77,39
5,-255,-112,112,70,40
6,-256,-109,121,67,37
1,-254,-112,130,66,34
1,-259,-108,137,67,26
0,-256,-108,143,72,18
-5,-256,-104,146,76,11
-3,-255,-104,150,78,3
-1,-254,-109,147,78,-4
-4,-253,-105,144,77,-10
-2,-249,-105,143,74,-18
-4,-247,-111,141,68,-23
-4,-240,-107,141,60,-31
0,-244,-108,147,51,-38
-1,-240,-107,152,41,-46
-4,-238,-104,155,31,-56
0,-238,-100,157,21,-65
0,-237,-103,156,9,-76
1,-235,-97,153,-3,-84
2,-234,-96,147,-15,-90
0,-235,-93,142,-26,-100
0,-240,-91,138,-37,-108
1,-241,-90,141,-46,-114
1,-245,-86,148,-55,-118
1,-241,-91,154,-63,-120
1,-247,-94,161,-70,-117
0,-251,-93,175,-72,-116
0,-255,-99,199,-76,-116
0,-259,-104,235,-79,-121
0,-262,-107,275,-80,-122
-2,-261,-105,306,-82,-126
3,-260,-114,323,-75,-127
1,-258,-112,316,-66,-122
2,-252,-116,291,-58,-113
2,-246,-112,252,-46,-99
2,-244,-110,208,-35,-79
2,-234,-109,167,-23,-57
1,-238,-107,130,-8,-34
2,-234,-101,98,6,-10
1,-235,-99,69,13,16
3,-238,-100,43,13,41
1,-245,-97,27,6,62
4,-250,-95,22,-6,79
5,-254,-88,28,-16,87
9,-260,-90,43,-21,91
10,-264,-86,67,-24,90
16,-266,-80,102,-22,91
20,-268,-83,139,-16,88
20,-263,-81,174,-4,79
20,-262,-86,206,9,66
17,-259,-81,237,22,53
16,-260,-85,275,33,41
12,-259,-84,312,42,36
8,-263,-79,342,47,35
1,-263,-84,366,43,44
-3,-263,-83,378,33,59
-9,-263,-87,390,19,80
-11,-258,-85,393,-5,102
-15,-257,-84,390,-33,120
-14,-256,-85,384,-63,140
-17,-255,-89,376,-91,153
-17,-253,-86,366,-111,158
-18,-253,-92,351,-119,155
-10,-255,-87,334,-119,158
-12,-255,-87,316,-113,160
-9,-254,-81,301,-102,164
-3,-256,-87,293,-89,170
1,-264,-90,286,-71,168
5,-264,-87,273,-56,163
10,-260,-88,253,-46,164
15,-265,-86,232,-45,168
13,-261,-88,219,-46,169
13,-264,-87,208,-50,172
24,-280,-85,212,-54,180
15,-270,-92,221,-54,175
13,-270,-86,240,-51,178
20,-272,-93,271,-46,188
11,-271,-88,296,-36,173
4,-271,-83,323,-20,167
8,-279,-85,366,-8,166
-9,-265,-78,409,3,151
9,-282,-78,469,2,175
-9,-272,-74,536,-1,152
-5,-273,-81,615,1,144
-42,-240,-66,694,7,123
-6,-282,-75,776,-2,150
-6,-288,-63,858,-19,178
-24,-265,-66,945,-42,177
-2,-289,-66,1022,-44,218
-19,-271,-78,1080,-62,211
-21,-269,-57,1129,-50,208
-15,-267,-59,1189,-58,247
-37,-261,-51,1266,-50,250
-9,-277,-62,1360,-48,274
-36,-270,-54,1439,-56,262
-15,-280,-47,1508,-81,303
-56,-242,-7,1596,-146,359
-90,-150,66,1821,-242,523
37,-257,22,2244,-362,851
-24,-299,44,2543,-398,777
0,-191,123,2893,-353,739
37,-127,160,3685,-186,721
81,-4,-52,4698,-121,444
64,-325,-107,4981,-237,-55
7,-350,-161,4120,-390,-601
39,-326,-188,3352,-334,-689
22,-338,-197,2655,-254,-704
-18,-328,-130,1920,-165,-705
-32,-318,-79,1302,-49,-541
-14,-346,-42,933,21,-293
-4,-348,-13,758,52,-171
-2,-343,23,759,91,-147
-25,-309,50,884,125,-167
-25,-294,35,1089,117,-147
-1,-295,11,1178,82,-141
-6,-278,2,1133,47,-180
-3,-274,3,1028,29,-226
-18,-258,11,924,37,-257
-15,-263,21,848,54,-268
12,-258,33,804,83,-271
-13,-280,31,851,108,-276
-6,-304,18,951,137,-300
-17,-310,15,1047,157,-323
-20,-306,9,1108,162,-314
-13,-293,6,1087,155,-291
-31,-287,13,1024,150,-251
25,-270,42,931,147,-168
18,-290,20,933,130,-167
-13,-285,28,886,140,-198
-6,-285,27,831,124,-146
20,-283,31,754,91,-136
-26,-269,41,623,88,-189
-24,-270,46,511,85,-141
2,-289,47,460,65,-87
-5,-286,50,463,72,-97
18,-247,87,518,87,-108
-67,-233,47,658,89,-155
-35,-287,17,729,99,-26
10,-323,-3,706,70,48
-12,-296,13,617,65,-12
-20,-279,31,556,68,-49
-10,-275,40,546,56,-53
-3,-270,38,559,43,-47
0,-258,32,572,39,-43
1,-261,28,578,42,-36
11,-253,40,607,44,-19
18,-259,42,692,38,-16
-15,-297,8,744,31,-61
-12,-278,10,677,17,-64
-8,-255,25,608,-4,-55
-5,-260,46,582,3,-44
-11,-257,43,625,18,-38
-10,-255,38,690,19,-7
-10,-220,43,748,12,4
2,-271,20,810,7,30
2,-283,-5,823,-8,-32
-29,-267,12,738,-11,-95
-7,-252,39,659,-13,-38
-6,-232,48,640,-16,-6
-15,-209,47,640,-8,5
0,-204,51,645,-21,43
0,-230,46,663,-41,82
32,-265,36,631,-46,58
-15,-258,36,579,-11,-46
-11,-245,43,516,7,-34
0,-234,38,488,-13,-12
7,-214,65,467,-32,14
-16,-214,79,510,-16,39
7,-268,42,589,-6,74
15,-269,40,600,-1,34
1,-253,50,570,13,-51
-2,-246,60,540,18,-73
1,-238,47,510,-7,-62
-9,-228,99,471,-43,-70
-12,-242,97,563,-14,-43
21,-266,70,711,-13,5
12,-290,40,772,-22,-55
-9,-246,45,700,-15,-106
4,-245,85,620,-33,-93
8,-253,105,638,2,-68
7,-247,79,757,31,-56
-15,-239,65,846,17,-57
1,-250,101,860,0,-52
-7,-248,74,935,23,-46
-8,-235,71,972,5,-46
0,-246,114,944,-11,-44
0,-250,116,982,10,-38
-5,-261,133,999,-16,-31
0,-273,165,1001,-24,-23
-12,-281,167,1028,-42,-14
-10,-311,191,1045,-54,0
-7,-330,194,1099,-60,19
-18,-349,180,1143,-66,34
-8,-373,190,1151,-83,70
-13,-386,166,1178,-86,93
-16,-386,161,1204,-98,107
-11,-397,159,1251,-115,112
-18,-385,146,1333,-136,106
-18,-368,134,1446,-169,102
-19,-336,125,1573,-214,102
-14,-308,108,1690,-266,112
-10,-269,97,1770,-316,131
-6,-229,87,1800,-357,155
1,-194,85,1776,-385,181
4,-163,86,1706,-400,205
8,-141,93,1601,-402,225
10,-119,101,1471,-395,238
10,-103,111,1336,-383,242
15,-89,119,1203,-364,236
18,-80,125,1081,-341,218
18,-79,128,973,-312,190
21,-79,130,869,-281,157
18,-86,126,775,-248,123
18,-95,124,685,-211,92
17,-111,121,600,-178,61
14,-123,116,529,-148,40
6,-137,117,465,-131,21
2,-143,120,413,-123,14
-2,-150,125,380,-126,14
-4,-158,132,368,-137,23
-11,-162,145,382,-157,35
-14,-164,157,423,-184,49
-16,-171,169,486,-207,66
-16,-173,181,572,-225,87
-16,-174,186,677,-240,100
-15,-179,194,793,-245,114
-14,-170,194,909,-243,125
-11,-167,195,1018,-233,136
-6,-162,191,1111,-223,142
-3,-156,183,1180,-209,140
-3,-151,171,1219,-190,127
1,-147,162,1224,-167,113
3,-141,151,1201,-137,91
6,-133,141,1155,-99,68
10,-129,137,1085,-58,45
20,-127,132,997,-17,20
20,-125,126,889,19,-2
17,-126,127,767,48,-16
19,-126,123,629,65,-24
9,-135,125,492,63,-37
18,-136,131,347,48,-33
11,-147,136,229,14,-42
-8,-184,112,122,-23,-42
8,-168,149,4,-59,-13
6,-183,156,-20,-102,-7
-4,-191,148,-44,-134,4
-1,-189,158,-87,-150,44
1,-200,167,-53,-163,63
-17,-233,110,-12,-173,64
-3,-196,163,-63,-177,90
0,-210,148,-35,-186,100
0,-191,164,-15,-190,89
-10,-216,132,37,-195,72
-4,-180,166,16,-191,69
3,-181,159,42,-190,71
8,-168,170,73,-184,59
6,-157,169,89,-172,38
8,-156,161,103,-154,24
22,-144,158,105,-126,5
23,-136,154,104,-92,-25
21,-127,154,94,-53,-50
28,-127,154,86,-15,-60
17,-120,147,68,21,-72
24,-119,151,50,53,-72
23,-122,147,51,74,-73
20,-126,148,54,86,-75
13,-127,157,55,91,-69
11,-128,160,55,83,-54
14,-134,167,79,69,-37
8,-139,169,129,47,-25
7,-142,168,186,26,-13
3,-145,172,249,5,2
3,-148,176,312,-13,16
1,-151,173,378,-21,23
3,-155,173,436,-29,22
3,-149,170,482,-24,20
4,-149,168,515,-15,15
5,-146,162,535,-2,4
4,-156,173,535,12,-7
6,-142,158,520,25,-20
8,-142,155,494,39,-33
8,-139,154,457,49,-46
6,-141,154,419,55,-54
7,-142,159,380,57,-59
8,-143,158,347,54,-62
8,-143,166,322,52,-63
9,-146,168,301,49,-63
5,-145,168,286,42,-60
7,-148,173,272,34,-56
4,-143,177,252,23,-49
4,-146,182,238,12,-42
5,-149,182,237,0,-47
2,-149,187,240,-11,-54
1,-157,183,248,-22,-56
2,-150,189,253,-31,-56
1,-147,191,281,-42,-65
-2,-146,187,311,-49,-75
2,-148,186,332,-56,-76
0,-148,176,334,-63,-69
3,-137,182,311,-67,-55
4,-134,176,300,-75,-50
1,-129,173,265,-81,-44
5,-124,167,222,-86,-29
9,-125,165,168,-90,-18
8,-119,167,91,-93,-23
7,-116,162,19,-92,-16
6,-110,164,-55,-90,-15
14,-113,161,-125,-91,-8
7,-109,165,-197,-92,-13
3,-111,164,-259,-90,-7
10,-114,168,-305,-88,-5
10,-119,170,-339,-83,-1
13,-122,173,-358,-77,4
11,-126,169,-365,-70,4
14,-129,174,-362,-61,8
14,-130,177,-350,-54,4
14,-135,173,-329,-47,3
14,-140,178,-297,-39,7
16,-142,178,-272,-34,5
13,-147,175,-245,-31,-3
18,-150,177,-216,-25,-3
14,-153,179,-184,-18,-11
13,-155,180,-153,-12,-22
11,-155,180,-118,-5,-31
9,-160,180,-80,1,-34
8,-160,172,-50,5,-32
8,-157,172,-38,5,-37
3,-157,167,-22,-4,-32
5,-154,163,-11,-14,-19
6,-152,163,-12,-26,-9
8,-148,155,-23,-35,4
10,-145,151,-51,-43,17
14,-145,152,-77,-46,28
15,-141,154,-105,-45,34
17,-146,155,-133,-41,34
13,-143,154,-158,-32,32
17,-146,163,-169,-23,39
20,-145,160,-169,-15,37
22,-147,163,-165,-5,26
24,-150,162,-158,7,17
26,-148,160,-141,13,7
23,-151,164,-126,22,-3
25,-154,164,-116,28,-8
25,-157,165,-109,30,-9
26,-150,167,-105,32,-17
20,-149,168,-96,30,-17
20,-153,173,-79,27,-15
18,-152,177,-61,21,-17
18,-155,176,-39,17,-14
11,-152,179,-14,15,-12
11,-157,178,17,14,-10
7,-155,182,48,14,-5
6,-154,179,77,13,2
7,-153,171,100,13,10
7,-149,165,120,12,15
12,-147,162,131,13,24
10,-141,159,133,13,31
10,-139,156,129,17,39
9,-136,154,112,23,52
9,-130,153,79,31,64
10,-126,155,40,36,75
11,-127,158,14,43,84
13,-127,152,-9,47,89
14,-126,163,-36,49,88
10,-123,162,-59,53,86
11,-127,164,-70,56,82
7,-119,167,-78,55,79
12,-132,163,-80,55,70
13,-132,162,-77,56,63
10,-134,164,-69,58,56
8,-132,164,-61,63,51
5,-133,165,-51,66,44
4,-139,162,-43,70,38
5,-140,162,-35,71,34
4,-140,162,-25,74,29
3,-143,167,-18,74,27
-2,-132,170,-7,73,24
3,-144,173,7,70,22
2,-145,174,23,63,21
4,-142,177,39,59,19
3,-142,179,56,52,15
8,-145,174,73,47,11
7,-146,176,87,46,7
6,-146,175,96,48,2
7,-150,166,98,50,-3
9,-151,172,100,57,-7
6,-150,174,98,63,-12
1,-153,154,94,70,-15
12,-147,161,89,78,-19
11,-147,166,82,85,-21
11,-151,146,70,92,-22
5,-159,163,52,94,-22
15,-135,150,26,91,-20
-1,-147,146,-5,86,-16
-9,-157,150,-41,81,-9
8,-140,164,-73,73,-4
17,-146,152,-98,65,1
2,-145,165,-110,57,6
3,-145,171,-106,51,10
3,-143,170,-95,41,12
6,-141,172,-77,31,13
-1,-156,169,-64,23,11
6,-141,176,-52,14,11
8,-138,177,-47,8,8
6,-136,177,-42,6,5
8,-137,177,-41,9,3
10,-138,180,-34,15,3
12,-136,179,-26,24,4
13,-142,178,-16,31,3
11,-139,177,-8,35,5
12,-134,177,2,39,6
12,-135,177,5,39,8
11,-133,174,5,38,11
9,-135,174,-3,35,12
8,-136,177,-16,32,13
9,-136,174,-36,27,13
6,-136,171,-62,22,11
3,-137,170,-89,17,10
4,-142,170,-120,11,7
4,-144,166,-147,6,6
1,-147,166,-166,6,4
6,-153,163,-177,7,4
1,-153,162,-182,10,6
3,-154,161,-184,14,3
2,-157,160,-179,18,6
3,-156,159,-171,23,7
4,-158,160,-160,27,10
4,-159,164,-149,31,10
7,-160,165,-138,35,12
8,-157,164,-125,39,12
14,-160,165,-111,40,12
9,-155,166,-95,38,13
15,-161,173,-75,35,13
15,-160,173,-52,29,14
10,-158,174,-25,23,15
12,-158,175,1,17,13
14,-158,175,29,10,16
10,-155,174,52,3,14
9,-152,175,74,-4,16
7,-150,171,90,-10,19
9,-149,171,102,-16,19
6,-144,168,106,-21,23
7,-145,167,107,-24,25
5,-139,166,102,-26,29
3,-137,171,93,-26,31
3,-137,169,82,-25,34
5,-135,168,68,-20,34
6,-133,169,51,-14,34
3,-133,168,35,-6,34
7,-132,170,20,4,31
4,-133,171,6,16,30
8,-137,172,-3,27,25
5,-136,173,-11,38,24
4,-138,176,-14,45,20
10,-141,168,-19,51,19
8,-138,174,-19,53,18
8,-141,171,-20,52,17
8,-144,172,-22,49,18
10,-145,171,-23,45,18
5,-146,168,-25,37,19
8,-146,171,-28,28,19
5,-148,172,-30,17,22
8,-149,169,-29,5,23
8,-151,166,-26,-5,25
6,-152,171,-20,-13,25
5,-153,173,-12,-21,27
7,-151,172,-4,-27,27
4,-150,171,5,-30,26
2,-148,171,17,-31,25
6,-150,172,27,-33,24
4,-148,172,35,-31,24
5,-146,172,40,-30,24
6,-142,172,44,-29,22
3,-142,168,46,-28,22
3,-137,170,44,-25,21
11,-132,177,40,-22,19
7,-134,171,32,-21,15
6,-131,168,26,-17,13
4,-130,170,21,-14,10
4,-131,170,15,-10,10
4,-129,173,9,-7,9
5,-129,176,4,-4,6
2,-131,171,2,-1,1
6,-132,172,1,3,0
4,-132,173,0,6,-1
17,-130,170,-1,10,-1
3,-132,174,-2,10,-3
3,-130,171,-6,12,-5
5,-131,170,-9,14,-6
1,-132,174,-16,15,-8
6,-133,171,-25,14,-9
7,-135,173,-33,15,-12
3,-132,173,-43,17,-16
6,-135,172,-53,20,-19
4,-137,172,-62,20,-22
4,-136,174,-72,23,-25
4,-139,175,-78,24,-29
8,-143,175,-79,29,-30
8,-145,171,-80,30,-32
6,-145,173,-75,31,-33
8,-145,176,-68,31,-32
4,-145,176,-60,29,-30
6,-146,176,-46,25,-28
7,-147,175,-33,24,-25
9,-147,172,-21,20,-21
9,-145,170,-13,16,-17
9,-143,168,-7,12,-14
11,-141,166,-7,9,-11
9,-143,167,-11,6,-9
8,-139,167,-19,6,-5
11,-140,165,-30,4,-4
7,-137,167,-43,3,-3
7,-138,163,-52,4,-2
10,-137,164,-62,4,-4
7,-136,165,-73,6,-4
10,-141,168,-81,7,-4
10,-138,169,-87,10,-6
8,-137,172,-93,14,-8
8,-138,172,-95,15,-11
9,-140,172,-98,16,-12
8,-139,171,-98,17,-14
6,-139,176,-95,17,-15
7,-140,176,-90,18,-16
7,-142,176,-84,18,-15
4,-146,176,-78,19,-15
7,-142,178,-71,18,-14
7,-145,173,-66,17,-12
3,-143,175,-60,15,-8
8,-144,175,-57,14,-6
5,-143,173,-52,14,-2
3,-144,167,-49,15,0
6,-145,168,-49,14,2
8,-141,165,-52,13,3
5,-140,167,-56,13,6
7,-140,167,-63,11,7
8,-139,167,-70,12,8
10,-140,166,-79,14,9
7,-138,168,-89,14,8
8,-137,169,-99,15,8
7,-138,167,-106,16,6
9,-139,165,-113,18,5
6,-138,170,-118,19,1
7,-141,172,-123,23,-2
10,-142,170,-125,25,-5
7,-140,174,-124,28,-8
8,-141,172,-122,31,-10
7,-142,174,-117,32,-12
6,-140,173,-110,33,-16
8,-143,173,-101,34,-17
6,-142,173,-92,35,-17
8,-145,174,-85,34,-17
4,-142,177,-77,35,-17
9,-143,171,-72,36,-17
7,-145,169,-68,37,-15
8,-146,169,-67,39,-17
9,-142,166,-66,42,-14
5,-143,169,-66,41,-14
10,-143,172,-71,43,-14
6,-143,167,-78,44,-13
7,-142,169,-81,44,-12
7,-140,169,-87,45,-12
6,-141,166,-92,45,-11
10,-145,169,-97,44,-10
8,-144,165,-102,41,-9
9,-147,170,-105,39,-6
7,-142,167,-109,37,-4
4,-142,171,-114,35,-4
9,-144,169,-118,32,-3
5,-143,167,-119,32,-2
10,-142,165,-121,29,-2
6,-143,165,-120,27,-2
6,-142,171,-115,26,0
8,-146,168,-111,26,-1
6,-144,170,-106,25,-3
4,-143,171,-100,25,-2
5,-143,169,-96,26,-3
6,-139,176,-90,26,-6
6,-143,168,-82,30,-6
6,-144,169,-76,30,-8
5,-144,168,-69,32,-8
5,-146,168,-65,31,-9
6,-144,171,-60,31,-9
5,-145,164,-57,29,-8
2,-153,175,-59,29,-7
2,-146,170,-61,28,-7
5,-143,167,-65,27,-8
5,-146,172,-70,26,-7
5,-142,168,-73,27,-7
4,-146,170,-77,26,-8
5,-143,167,-78,27,-9
3,-144,168,-79,25,-11
5,-144,165,-80,25,-12
4,-144,165,-79,24,-14
7,-142,166,-80,24,-15
7,-150,160,-84,24,-15
8,-144,166,-85,23,-16
5,-141,160,-88,22,-20
5,-143,168,-92,23,-20
8,-143,167,-95,23,-22
7,-145,171,-98,23,-24
13,-149,170,-100,25,-24
6,-142,166,-101,26,-24
6,-145,169,-100,26,-23
7,-148,171,-99,25,-22
6,-146,173,-100,24,-21
6,-148,166,-97,24,-19
6,-149,171,-94,22,-16
5,-147,172,-92,20,-13
6,-146,166,-90,19,-13
1,-143,167,-89,19,-11
3,-147,170,-88,16,-10
4,-147,164,-88,13,-9
7,-146,167,-88,12,-10
9,-146,164,-89,11,-9
6,-144,166,-88,13,-10
8,-144,166,-88,14,-12
10,-145,164,-89,16,-14
4,-146,166,-90,17,-15
4,-142,169,-94,18,-17
6,-148,165,-97,20,-18
5,-143,167,-99,23,-17
8,-147,165,-104,27,-17
9,-145,165,-105,28,-16
6,-148,164,-109,28,-14
7,-147,171,-112,28,-11
7,-149,164,-114,26,-7
6,-149,171,-114,24,-7
7,-151,168,-111,18,-4
7,-153,164,-107,15,2
4,-151,169,-100,11,5
8,-151,166,-94,4,6
2,-153,164,-85,0,11
3,-151,164,-76,-3,12
1,-152,165,-69,-8,13
3,-153,165,-60,-9,12
6,-149,170,-52,-11,13
4,-148,167,-49,-12,13
6,-147,164,-50,-13,11
6,-150,162,-54,-11,10
4,-144,164,-58,-10,9
5,-145,165,-63,-7,8
5,-144,164,-68,-6,6
9,-146,165,-68,-1,7
7,-145,166,-69,3,7
9,-149,165,-68,7,6
5,-147,167,-67,12,4
6,-147,167,-63,17,2
7,-147,169,-61,22,-3
7,-147,165,-57,26,-6
5,-145,154,-52,28,-8
7,-147,163,-49,31,-11
7,-147,163,-48,34,-14
8,-148,164,-46,35,-16
5,-147,163,-46,35,-17
9,-148,165,-46,34,-17
6,-150,164,-45,32,-18
-2,-149,181,-46,30,-16
9,-157,173,-43,26,-11
1,-152,162,-41,21,-9
20,-148,174,-40,14,-3
9,-162,178,-38,9,0
4,-149,165,-35,5,4
9,-150,157,-30,3,6
9,-153,162,-26,1,7
5,-155,176,-24,0,7
18,-144,181,-22,1,7
11,-140,164,-19,4,4
10,-140,133,-18,8,3
9,-153,162,-18,13,0
10,-157,169,-18,17,-2
7,-139,159,-20,21,-5
17,-137,157,-19,23,-9
12,-153,173,-23,25,-12
9,-140,173,-23,25,-13
10,-140,157,-25,25,-14
7,-145,154,-27,24,-14
-16,-164,187,-29,21,-13
15,-157,161,-28,18,-12
5,-177,203,-28,15,-10
10,-145,171,-25,12,-9
7,-158,153,-22,11,-7
8,-149,159,-19,12,-5
13,-127,171,-17,9,-4
15,-149,163,-14,11,-3
4,-148,165,-11,13,-5
7,-150,166,-9,15,-3
7,-153,163,-6,16,-4
11,-149,167,-2,17,-3
9,-142,165,-1,16,-2
9,-147,167,0,17,-1
9,-146,168,0,17,0
10,-144,168,1,15,0
9,-145,168,1,14,1
5,-145,158,-2,12,3
9,-142,167,-3,9,3
8,-145,168,-6,6,4
6,-142,166,-10,5,5
7,-143,169,-11,5,6
3,-141,171,-13,2,7
4,-144,166,-16,-1,9
4,-144,169,-17,-2,10
5,-143,169,-17,-4,11
5,-144,166,-22,-4,11
3,-147,169,-24,-2,11
4,-144,166,-27,0,9
6,-148,165,-31,2,8
5,-147,169,-33,4,8
24,-140,149,-31,5,5
5,-149,171,-27,8,2
3,-150,165,-24,8,0
2,-151,170,-17,7,-2
3,-147,167,-10,9,-4
2,-150,170,-4,8,-6
1,-150,166,0,9,-8
4,-148,172,7,9,-12
1,-151,163,10,9,-13
5,-149,165,12,9,-14
3,-147,164,14,9,-16
6,-149,164,16,9,-17
4,-146,167,15,9,-18
6,-147,171,15,8,-20
8,-148,164,17,10,-19
5,-147,170,18,11,-19
9,-146,173,18,10,-18
8,-145,170,19,9,-20
7,-146,167,19,8,-21
9,-145,171,21,7,-20
12,-147,167,24,6,-20
10,-144,171,26,5,-20
11,-146,169,27,5,-21
7,-145,169,28,4,-20
10,-146,168,27,5,-19
8,-142,166,27,3,-17
10,-142,168,24,2,-17
12,-144,169,22,-1,-16
11,-142,169,21,1,-13
9,-140,168,20,1,-11
13,-142,165,18,2,-11
13,-144,168,15,4,-9
11,-138,168,15,6,-9
10,-141,168,14,8,-9
9,-139,169,17,9,-8
11,-139,172,17,11,-7
11,-141,172,19,11,-7
7,-138,170,21,12,-6
8,-140,169,22,12,-7
7,-138,171,21,14,-6
10,-142,167,20,12,-5
8,-142,168,17,12,-4
4,-141,171,13,11,-2
4,-137,169,10,9,0
9,-143,167,7,8,2
6,-141,166,3,8,5
6,-142,170,0,7,5
3,-140,170,-2,7,7
6,-139,171,-5,5,10
6,-142,164,-4,5,12
2,-140,170,-5,3,13
6,-140,166,-6,2,15
5,-139,170,-7,0,17
6,-138,169,-10,-5,18
4,-143,167,-13,-6,19
5,-142,167,-19,-8,18
5,-138,171,-24,-9,19
3,-139,170,-31,-12,19
3,-140,172,-38,-15,19
5,-138,169,-46,-16,18
4,-141,173,-50,-18,16
4,-140,173,-53,-18,15
4,-143,171,-53,-14,12
4,-142,177,-53,-10,7
8,-143,172,-50,-6,3
5,-139,178,-49,-1,-1
7,-145,171,-52,5,-7
9,-142,173,-53,10,-14
7,-146,173,-55,14,-20
8,-145,173,-56,18,-26
9,-145,173,-54,22,-30
10,-147,171,-51,23,-35
9,-149,169,-46,23,-37
12,-145,169,-41,22,-38
7,-144,171,-38,20,-40
9,-146,167,-37,20,-40
8,-144,167,-36,19,-39
12,-145,168,-34,17,-35
13,-142,170,-34,16,-32
10,-140,171,-33,16,-27
9,-142,172,-31,14,-21
10,-140,167,-29,13,-17
15,-144,171,-26,13,-11
18,-146,167,-22,12,-7
9,-140,166,-21,13,-4
10,-142,171,-19,13,0
11,-139,171,-19,13,3
11,-140,175,-18,14,4
10,-143,172,-18,14,6
7,-140,166,-18,14,7
8,-138,169,-16,13,5
7,-138,171,-20,14,7
10,-139,167,-21,13,10
8,-140,174,-24,13,11
12,-135,166,-28,12,11
8,-141,171,-31,10,11
7,-140,165,-34,9,9
8,-143,169,-36,7,9
7,-140,171,-37,5,9
7,-141,172,-38,4,9
8,-143,173,-36,0,9
6,-143,172,-33,1,8
7,-140,170,-30,-1,7
8,-141,169,-28,-2,7
7,-141,173,-26,0,9
4,-139,170,-26,-1,9
4,-140,172,-29,2,9
4,-140,170,-31,2,10
7,-138,167,-35,3,10
9,-138,174,-39,4,8
5,-139,167,-46,6,7
8,-137,172,-50,8,6
10,-139,167,-56,9,4
8,-139,172,-59,13,2
10,-141,172,-61,14,0
9,-139,173,-60,16,0
11,-140,172,-56,17,-1
7,-140,175,-53,18,-3
11,-139,175,-48,22,-4
6,-139,172,-46,22,-7
6,-137,169,-47,23,-6
10,-141,173,-47,24,-9
9,-140,168,-48,25,-9
6,-138,167,-53,25,-10
8,-139,166,-56,26,-10
9,-141,170,-61,28,-11
9,-140,172,-64,29,-14
11,-141,171,-63,30,-15
9,-144,173,-63,30,-17
6,-140,168,-59,28,-16
8,-143,170,-56,28,-16
7,-144,175,-50,26,-14
8,-140,174,-49,25,-15
8,-142,170,-43,21,-12
6,-141,170,-42,20,-12
8,-142,171,-40,19,-10
7,-141,171,-40,15,-11
7,-141,170,-42,13,-9
7,-144,173,-41,11,-6
9,-143,170,-41,8,-6
9,-143,170,-42,5,-5
7,-144,168,-41,5,-3
6,-142,171,-42,4,-3
9,-143,168,-45,4,-2
10,-142,169,-49,5,-2
7,-141,170,-50,5,-2
7,-143,174,-50,5,-3
6,-140,171,-50,6,-3
8,-141,170,-44,5,-4
9,-146,167,-40,4,-3
10,-140,168,-36,6,-2
8,-142,171,-31,6,-2
8,-141,167,-29,5,-2
9,-143,168,-29,4,-4
10,-141,166,-31,5,-3
8,-141,167,-33,3,-4
10,-141,174,-36,3,-2
9,-140,170,-35,2,-3
8,-138,171,-34,4,-3
9,-140,176,-34,4,-3
8,-139,169,-35,4,-2
8,-141,170,-35,6,-1
11,-144,169,-35,9,0
10,-141,174,-39,10,1
7,-140,173,-43,11,2
13,-141,171,-46,11,3
10,-144,175,-47,13,4
11,-144,171,-50,12,6
9,-144,171,-50,11,8
9,-142,172,-47,10,11
9,-143,171,-41,8,12
7,-140,173,-36,5,12
7,-144,173,-30,3,11
10,-140,166,-24,1,8
6,-141,170,-20,1,10
9,-141,170,-17,2,8
4,-140,168,-14,3,7
6,-136,172,-13,3,5
10,-141,165,-15,4,5
8,-137,169,-16,5,3
11,-140,171,-17,7,2
8,-136,168,-22,9,0
8,-137,174,-24,11,0
9,-139,169,-28,12,-1
9,-135,171,-32,11,-2
7,-136,169,-30,13,-2
10,-137,169,-29,13,-3
9,-139,174,-30,13,-3
9,-140,172,-29,15,-3
7,-140,172,-26,16,-4
7,-138,176,-26,17,-5
8,-138,170,-25,18,-5
6,-141,159,-25,20,-7
7,-138,168,-24,23,-9
7,-138,166,-24,24,-9
9,-143,169,-25,24,-9
6,-138,171,-25,22,-9
10,-141,170,-26,22,-8
9,-142,172,-26,21,-7
8,-141,170,-27,17,-6
9,-140,177,-30,13,-5
9,-141,173,-30,10,-2
11,-143,174,-32,8,-1
6,-147,176,-34,9,0
7,-137,179,-38,8,-1
10,-142,170,-44,10,-1
9,-139,167,-54,16,-2
10,-143,165,-61,22,-5
10,-145,166,-71,26,-7
11,-147,165,-80,29,-11
9,-147,164,-90,31,-12
9,-142,164,-98,31,-16
6,-139,165,-104,31,-19
11,-141,166,-106,32,-20
6,-144,168,-107,34,-21
13,-142,166,-104,36,-22
10,-139,167,-98,40,-23
12,-141,170,-89,44,-24
13,-142,170,-80,47,-26
11,-138,174,-67,51,-28
11,-138,165,-56,54,-28
14,-140,171,-43,57,-28
11,-136,171,-36,60,-29
11,-131,174,-33,60,-27
9,-131,172,-33,56,-25
12,-132,171,-40,54,-22
13,-132,169,-53,50,-19
10,-130,173,-71,50,-18
12,-134,170,-95,49,-19
9,-134,175,-117,51,-18
11,-139,171,-139,54,-17
9,-141,172,-155,57,-17
11,-144,171,-166,59,-15
10,-146,175,-165,59,-13
8,-149,176,-160,60,-12
7,-148,175,-151,62,-11
4,-146,177,-139,63,-11
4,-153,171,-132,66,-14
5,-150,170,-123,72,-16
4,-148,168,-119,76,-19
3,-149,171,-120,80,-22
6,-146,170,-126,83,-25
3,-146,170,-133,84,-28
6,-146,161,-146,85,-31
5,-141,169,-156,84,-31
4,-141,165,-173,85,-37
5,-140,163,-188,87,-43
7,-142,167,-198,89,-44
4,-139,162,-205,90,-46
5,-137,166,-207,92,-51
7,-134,168,-209,94,-52
2,-133,168,-205,96,-50
5,-130,171,-202,94,-46
2,-129,173,-199,93,-48
4,-128,172,-193,92,-47
6,-129,171,-185,89,-40
4,-126,174,-179,84,-38
7,-125,171,-175,80,-38
5,-124,171,-175,78,-34
5,-122,172,-178,79,-32
9,-126,171,-185,79,-27
6,-123,172,-194,82,-23
9,-126,168,-209,84,-19
7,-125,168,-226,83,-18
9,-124,165,-240,82,-10
9,-126,165,-255,79,-7
5,-126,162,-268,71,-9
8,-126,166,-276,65,-7
8,-127,167,-283,58,-9
9,-125,171,-289,53,-13
2,-124,170,-293,47,-14
7,-124,167,-296,47,-16
8,-124,169,-302,46,-24
5,-121,169,-308,48,-28
9,-127,172,-315,51,-29
6,-124,173,-322,56,-32
6,-123,173,-335,62,-35
2,-123,173,-350,66,-40
4,-126,175,-364,65,-40
2,-127,177,-375,62,-43
3,-130,181,-381,59,-45
0,-130,179,-380,55,-46
0,-132,174,-364,52,-41
3,-135,175,-346,56,-37
1,-133,175,-326,61,-34
3,-136,171,-301,70,-24
5,-138,166,-284,80,-20
2,-133,168,-275,86,-18
2,-134,161,-269,88,-13
7,-133,162,-274,90,-13
4,-134,158,-288,89,-15
3,-130,161,-305,91,-13
5,-130,158,-333,90,-15
6,-134,159,-372,88,-15
8,-131,158,-411,90,-9
7,-134,154,-459,95,-11
8,-132,156,-509,103,-17
8,-132,155,-557,110,-24
10,-129,152,-599,118,-32
5,-126,159,-651,129,-47
8,-108,173,-701,138,-55
14,-140,138,-694,148,-57
13,-142,156,-755,155,-73
-1,-128,170,-828,162,-97
5,-133,174,-848,166,-79
16,-125,196,-842,170,-62
12,-166,153,-780,174,-77
21,-165,164,-823,179,-93
2,-152,180,-846,183,-128
1,-146,178,-805,188,-116
7,-152,165,-718,193,-98
17,-179,142,-647,199,-102
14,-169,142,-702,201,-124
9,-125,180,-721,209,-142
6,-166,136,-621,218,-145
17,-167,131,-602,216,-140
8,-174,117,-633,208,-163
18,-174,115,-723,208,-158
1,-116,160,-826,203,-163
3,-148,109,-808,211,-172
19,-145,114,-903,205,-161
3,-160,106,-985,198,-178
-11,-146,127,-1092,200,-175
22,-160,134,-1144,191,-141
-9,-156,134,-1179,185,-163
15,-166,130,-1191,177,-127
5,-184,130,-1202,173,-146
-19,-187,143,-1237,177,-142
-10,-179,154,-1236,169,-137
-2,-218,133,-1213,168,-138
-2,-196,147,-1236,155,-148
-24,-206,135,-1215,149,-139
16,-203,144,-1257,142,-96
-11,-204,128,-1281,144,-113
10,-226,114,-1299,177,-105
5,-215,110,-1338,204,-121
6,-224,86,-1376,236,-133
19,-226,80,-1430,263,-145
15,-241,73,-1510,288,-153
8,-237,78,-1597,291,-142
23,-253,65,-1651,290,-129
14,-262,63,-1747,283,-127
26,-255,104,-1857,291,-144
-1,-230,100,-1853,310,-181
-25,-172,130,-1853,282,-146
-9,-239,88,-1766,237,-62
7,-301,67,-1801,204,-35
-2,-263,92,-1849,190,-77
-13,-254,85,-1788,208,-104
-26,-256,80,-1747,209,-89
-28,-249,99,-1720,197,-61
-58,-222,91,-1624,171,-62
-6,-282,72,-1576,149,16
-15,-289,78,-1585,123,4
-22,-272,86,-1536,133,-9
-13,-264,88,-1459,128,11
-14,-261,87,-1372,139,34
2,-263,87,-1284,151,40
10,-272,80,-1195,170,40
8,-207,136,-1115,176,17
-4,-268,74,-929,151,90
53,-322,74,-907,139,71
2,-261,95,-894,184,-45
18,-256,103,-853,203,-73
2,-264,108,-801,204,-99
-6,-234,123,-708,197,-54
-23,-275,62,-518,148,8
35,-332,53,-526,132,-31
-19,-268,82,-553,180,-128
-6,-266,79,-529,204,-120
-4,-259,68,-509,204,-115
-4,-261,61,-502,194,-116
0,-262,58,-513,190,-124
-3,-262,58,-533,193,-132
-1,-259,59,-555,198,-141
-3,-261,54,-570,202,-147
-5,-265,48,-580,204,-155
-1,-266,50,-589,204,-164
-2,-265,44,-599,209,-174
0,-270,39,-610,213,-186
-4,-269,39,-627,222,-193
-6,-267,43,-648,227,-197
-3,-268,39,-676,230,-195
-5,-271,33,-704,227,-193
-3,-271,28,-741,223,-186
-7,-272,32,-783,217,-180
-7,-274,33,-827,209,-172
-8,-275,30,-868,196,-162
-8,-278,29,-910,185,-157
-4,-271,22,-951,174,-153
-4,-276,22,-990,164,-150
-2,-278,21,-1024,157,-149
-4,-279,19,-1051,149,-151
-7,-283,24,-1073,143,-152
-5,-283,22,-1090,137,-148
-4,-283,20,-1104,131,-147
-4,-283,28,-1122,123,-145
1,-282,24,-1140,114,-149
0,-284,27,-1158,102,-157
1,-287,29,-1173,90,-170
2,-295,31,-1172,79,-185
6,-292,33,-1153,74,-192
8,-289,35,-1121,72,-193
18,-298,25,-1087,68,-207
2,-291,29,-1057,63,-226
-4,-298,42,-1009,73,-205
9,-294,35,-919,92,-153
16,-297,26,-837,100,-136
12,-298,17,-788,95,-137
3,-286,13,-783,85,-159
-2,-288,18,-786,95,-156
0,-292,25,-761,113,-128
17,-295,16,-716,107,-105
5,-296,11,-673,96,-111
7,-295,8,-635,92,-111
-3,-292,7,-601,75,-104
-1,-294,12,-566,58,-91
-6,-294,19,-512,53,-63
5,-294,5,-437,57,-43
0,-291,-5,-387,35,-44
1,-281,-3,-368,13,-52
0,-281,5,-358,23,-40
14,-276,-12,-342,31,-5
5,-278,-9,-358,8,3
0,-279,-18,-361,31,24
4,-274,-22,-361,38,50
6,-279,-18,-383,18,57
0,-268,-8,-424,19,69
5,-272,-5,-453,26,104
7,-273,-14,-447,5,118
5,-268,-17,-464,-24,112
8,-267,-12,-490,-36,100
5,-275,-12,-506,-38,98
4,-278,-10,-507,-47,96
0,-272,-7,-502,-66,86
0,-274,-23,-491,-87,87
-3,-268,-26,-517,-120,95
1,-269,-22,-555,-146,97
8,-267,-16,-579,-150,98
5,-272,-17,-581,-137,95
6,-276,-10,-578,-121,99
1,-279,-11,-552,-111,104
1,-277,-2,-529,-106,119
5,-277,-5,-487,-105,143
10,-284,-7,-449,-101,162
7,-278,-2,-416,-96,168
9,-281,-6,-385,-92,179
4,-280,-9,-359,-89,180
9,-282,-8,-348,-90,187
0,-279,-9,-339,-97,181
0,-281,-11,-328,-102,191
1,-288,-16,-319,-110,192
-1,-279,-17,-321,-123,184
-5,-280,-15,-315,-138,177
2,-299,-24,-298,-151,174
-8,-281,-14,-289,-162,155
-8,-281,-17,-261,-172,154
-4,-291,-27,-225,-182,155
-7,-281,-17,-198,-191,146
-12,-289,-27,-163,-201,141
-10,-278,-17,-142,-209,137
-11,-277,-18,-124,-214,125
-11,-273,-22,-120,-219,119
5,-282,-20,-122,-216,123
-2,-263,-13,-142,-199,105
-8,-264,-16,-151,-183,107
-2,-260,-18,-167,-166,121
-4,-252,-22,-198,-161,142
2,-256,-21,-227,-167,174
6,-268,-37,-261,-174,189
5,-253,-26,-315,-166,192
5,-251,-22,-335,-149,211
4,-257,-34,-333,-126,224
10,-264,-26,-342,-105,235
4,-262,-27,-360,-91,221
0,-264,-26,-372,-87,223
1,-271,-26,-353,-85,236
7,-279,-24,-332,-78,219
2,-284,-21,-309,-70,186
0,-287,-21,-273,-60,166
15,-303,-29,-239,-38,141
-2,-289,-19,-219,-2,97
4,-287,-13,-181,19,110
6,-288,-8,-124,41,101
0,-282,-8,-61,62,77
10,-289,-11,-11,81,72
3,-280,-4,14,99,27
-4,-273,-9,26,104,4
-3,-270,-7,23,109,43
6,-264,-5,-6,123,63
13,-271,-11,-17,133,54
3,-261,-7,-19,134,21
4,-257,-11,-13,138,9
6,-257,-13,-2,151,-2
3,-259,-24,5,162,4
-2,-246,-21,-32,168,11
2,-239,-16,-75,158,46
4,-242,-15,-91,146,65
9,-239,-23,-99,126,70
6,-237,-20,-138,103,66
19,-250,-32,-182,81,71
2,-230,-19,-231,70,59
-18,-231,-25,-264,61,83
4,-227,-18,-316,44,148
16,-229,-10,-346,33,149
6,-235,-22,-348,14,130
1,-232,-22,-382,-8,95
0,-235,-24,-423,-26,76
0,-241,-30,-464,-38,72
-18,-233,-18,-513,-45,73
-10,-236,-15,-561,-69,121
-11,-242,-22,-583,-81,125
-14,-245,-19,-578,-93,116
-9,-252,-23,-549,-106,124
-8,-254,-22,-523,-111,122
-24,-248,-18,-508,-114,114
-20,-255,-13,-480,-114,124
-29,-261,-22,-448,-110,151
-13,-268,-15,-433,-104,198
-19,-270,-17,-395,-90,201
-22,-270,-20,-347,-85,198
-22,-273,-20,-327,-90,196
-28,-273,-24,-337,-87,196
-15,-275,-17,-359,-75,192
0,-282,-22,-344,-67,170
-18,-262,-16,-291,-52,112
-23,-263,-18,-220,-51,101
-16,-263,-23,-156,-42,116
-12,-262,-28,-113,-33,127
-15,-260,-31,-75,-24,147
-15,-261,-37,-57,-14,155
-14,-275,-48,-75,-14,150
4,-277,-49,-130,-25,147
-6,-255,-30,-187,-18,108
-6,-253,-27,-172,-5,64
-9,-248,-30,-151,-2,42
1,-261,-39,-125,5,28
-14,-250,-34,-124,29,-9
-9,-248,-30,-123,35,-1
-14,-247,-26,-110,37,14
-23,-257,-37,-87,33,39
-4,-258,-29,-130,14,90
1,-259,-26,-172,-5,82
-3,-256,-29,-197,-24,12
-11,-249,-28,-221,-33,-57
-19,-249,-28,-228,-33,-75
-19,-251,-36,-237,-29,-60
-5,-258,-42,-258,-21,-34
-22,-249,-30,-287,-2,-42
-30,-259,-46,-297,5,-38
-13,-267,-37,-357,-3,-10
-16,-259,-34,-407,-16,-24
2,-279,-48,-400,-24,-59
-20,-260,-28,-435,-12,-148
-30,-260,-34,-426,-11,-171
-23,-273,-36,-408,-4,-138
-5,-282,-46,-361,0,-133
-19,-257,-26,-311,14,-189
-22,-266,-34,-305,28,-183
-21,-275,-41,-327,8,-154
-16,-265,-36,-363,-13,-125
-8,-264,-38,-358,-24,-93
-3,-268,-43,-309,-25,-90
3,-265,-42,-265,-23,-108
-2,-260,-36,-225,-22,-145
4,-271,-49,-172,-27,-141
-7,-264,-47,-143,-33,-157
-9,-258,-42,-127,-36,-147
0,-255,-32,-77,-38,-106
4,-259,-41,-9,-45,-83
3,-258,-44,43,-48,-89
0,-255,-42,80,-44,-86
1,-256,-42,121,-38,-66
2,-257,-39,147,-38,-48
2,-257,-42,162,-43,-42
1,-256,-46,165,-46,-39
2,-253,-39,168,-49,-31
9,-258,-40,188,-47,-34
0,-254,-43,188,-51,-62
0,-254,-44,161,-61,-67
-4,-254,-36,123,-71,-52
-3,-257,-39,101,-82,-82
-14,-249,-33,98,-93,-118
-17,-247,-40,155,-107,-93
-9,-253,-42,209,-115,-55
-13,-250,-37,217,-119,-29
-14,-254,-39,207,-130,-15
-14,-254,-33,201,-142,-5
-17,-252,-35,248,-157,-14
-15,-259,-40,261,-161,-9
-16,-257,-41,267,-165,-1
-17,-259,-40,308,-172,0
-19,-257,-44,337,-176,-8
-17,-258,-34,379,-184,-21
-18,-254,-47,454,-205,-35
-11,-255,-39,420,-182,-26
-9,-255,-37,334,-139,-6
-8,-251,-27,315,-122,-9
-13,-249,-24,341,-122,-26
-9,-248,-30,414,-128,-45
-10,-248,-26,502,-129,-47
-5,-242,-20,617,-129,-44
-19,-262,4,825,-184,-63
-5,-244,-51,1304,-378,-106
1,-228,-55,1293,-307,-139
12,-220,-43,995,-119,-81
8,-222,-22,685,11,-5
3,-222,-17,498,36,18
0,-233,-27,387,-16,20
1,-234,-19,337,-74,25
-1,-244,-19,304,-108,50
8,-253,-14,305,-126,67
5,-260,-9,320,-139,72
1,-251,-11,354,-153,67
2,-251,-10,456,-150,62
0,-249,-12,543,-133,65
-2,-247,-13,548,-140,75
0,-245,-16,515,-159,70
-1,-246,-23,500,-166,60
-1,-243,-21,510,-164,52
0,-240,-24,526,-157,48
0,-241,-25,537,-156,44
-4,-234,-25,534,-151,36
-4,-219,-40,525,-147,27
-5,-228,-29,511,-142,19
-6,-227,-22,494,-135,11
-5,-224,-24,476,-129,6
-6,-221,-25,451,-122,4
-8,-225,-22,419,-116,2
-6,-223,-18,384,-116,5
-6,-221,-25,354,-117,4
-9,-221,-24,317,-125,-4
-8,-225,-29,284,-134,-6
-10,-224,-20,249,-146,-4
-4,-225,-25,223,-159,-3
-2,-226,-23,195,-175,-1
-10,-226,-18,177,-192,-3
-6,-226,-19,168,-204,-1
-12,-223,-18,166,-218,1
-4,-230,-15,173,-227,0
-9,-229,-13,152,-240,-39
-24,-217,-12,138,-253,-70
-17,-217,-6,172,-252,-17
-11,-222,-12,220,-250,25
-10,-223,-11,251,-254,27
-16,-225,-17,252,-259,24
-12,-225,-14,231,-255,25
-13,-222,-11,213,-245,26
-10,-224,-17,209,-234,25
-12,-228,-19,208,-224,27
-8,-230,-17,205,-213,30
-9,-232,-20,200,-206,27
-2,-234,-20,194,-199,24
-8,-239,-16,188,-189,19
-2,-241,-13,191,-179,15
-1,-242,-15,204,-165,10
-1,-242,-13,231,-151,7
0,-243,-11,260,-139,2
0,-240,-12,292,-130,-2
0,-238,-9,319,-128,-6
-1,-238,-13,336,-129,-5
-5,-231,-7,338,-134,-5
-5,-233,-12,327,-144,-2
-4,-230,-13,303,-157,7
-10,-232,-18,269,-172,14
-14,-230,-13,228,-187,26
-16,-231,-14,185,-207,39
-18,-233,-13,142,-228,54
-24,-234,-11,103,-251,67
-30,-236,-10,74,-273,84
-30,-242,-8,54,-291,98
-31,-243,-1,41,-307,107
-38,-242,-2,34,-314,116
-33,-248,3,30,-313,121
-34,-249,5,29,-303,124
-31,-254,11,35,-290,128
-31,-257,15,42,-273,129
-28,-259,20,51,-255,131
-24,-266,20,64,-233,130
-22,-269,24,83,-210,130
-30,-278,19,110,-190,130
-11,-282,22,141,-170,129
-8,-277,29,179,-152,128
-3,-279,25,222,-137,129
-2,-284,26,260,-125,131
8,-274,24,294,-116,130
3,-283,21,324,-110,129
7,-279,20,354,-103,130
3,-274,22,380,-94,134
3,-268,19,397,-85,135
0,-264,23,407,-79,135
-1,-257,18,409,-72,135
-7,-252,16,402,-71,132
-8,-245,18,388,-70,128
-17,-240,17,371,-72,121
-17,-234,12,349,-73,116
-19,-230,15,325,-74,110
-23,-225,16,305,-76,106
-26,-224,15,287,-76,97
-24,-221,14,267,-79,90
-25,-215,15,251,-80,80
-24,-216,15,235,-76,70
-25,-214,11,211,-68,61
-11,-225,12,179,-56,50
-22,-214,14,146,-37,39
-21,-218,19,117,-14,27
-17,-220,14,84,9,15
-15,-227,18,49,32,2
-22,-231,12,15,52,-12
-16,-233,21,-13,70,-23
-15,-235,23,-36,84,-35
-11,-242,24,-52,100,-46
-11,-245,22,-65,111,-53
-12,-245,23,-74,119,-60
-8,-250,23,-77,125,-67
-6,-254,22,-73,129,-74
-13,-253,20,-67,130,-80
-13,-257,16,-55,129,-87
-12,-259,15,-42,126,-93
-13,-259,14,-30,123,-98
-14,-258,11,-15,118,-101
-12,-250,-4,1,112,-106
-18,-261,11,16,104,-108
-20,-261,14,30,96,-106
-21,-261,10,51,89,-105
-22,-261,12,62,82,-102
-26,-261,15,72,74,-100
-22,-262,15,82,72,-98
-22,-268,14,88,70,-93
-24,-270,18,94,69,-89
-19,-273,16,101,66,-83
-23,-271,17,112,65,-77
-21,-270,20,125,60,-72
-15,-272,20,142,55,-66
-17,-264,20,167,49,-60
-15,-261,24,190,42,-55
-10,-257,25,213,36,-54
-7,-248,26,229,31,-51
-7,-246,28,235,27,-52
-6,-239,31,228,21,-54
-1,-234,28,213,14,-56
-3,-231,30,189,8,-58
-7,-225,33,157,1,-64
0,-223,29,119,-5,-67
-2,-226,31,77,-11,-71
-9,-225,31,40,-14,-76
-4,-226,35,5,-20,-80
-8,-229,34,-29,-23,-82
-8,-233,34,-58,-27,-83
-10,-234,35,-83,-28,-84
-12,-232,35,-104,-26,-86
-12,-242,37,-120,-25,-85
-8,-249,31,-130,-20,-86
-9,-252,35,-135,-14,-88
-8,-255,31,-135,-4,-89
-9,-260,28,-128,8,-90
-12,-261,28,-115,22,-90
-9,-266,27,-99,32,-90
-7,-275,31,-78,38,-90
-13,-269,23,-51,41,-88
-6,-277,25,-28,41,-85
-9,-272,20,-7,38,-85
-7,-271,19,13,36,-84
-8,-270,18,35,35,-84
-6,-267,19,53,36,-83
-9,-261,21,72,35,-83
-6,-257,18,92,35,-80
-4,-257,26,106,36,-77
-1,-255,25,117,32,-73
1,-254,28,119,30,-69
-1,-252,29,117,26,-67
6,-250,28,113,19,-62
2,-248,31,109,16,-58
3,-247,32,103,11,-53
4,-245,33,97,7,-50
5,-246,32,89,4,-45
5,-244,32,83,6,-46
3,-243,33,78,7,-44
3,-246,31,76,10,-42
4,-248,34,71,15,-42
4,-248,34,69,19,-44
1,-251,30,65,24,-46
2,-250,27,64,30,-47
1,-250,34,63,37,-48
0,-251,32,63,43,-50
0,-254,32,64,50,-53
1,-256,31,66,58,-55
-3,-256,30,68,64,-57
-3,-255,29,70,72,-58
-5,-256,29,72,80,-56
-8,-254,31,75,87,-58
-4,-257,30,81,91,-57
-5,-255,41,87,96,-58
-7,-254,35,92,100,-57
-5,-254,36,96,101,-56
-2,-253,39,103,100,-51
-7,-253,30,108,95,-51
-1,-253,34,111,88,-51
-4,-249,36,113,79,-48
-2,-248,35,109,68,-45
0,-244,30,107,59,-43
0,-248,32,105,50,-43
0,-245,34,104,46,-42
1,-243,31,102,43,-42
1,-243,35,103,42,-44
1,-243,37,106,41,-42
0,-243,34,108,40,-42
0,-241,33,108,39,-45
1,-243,38,105,38,-45
0,-242,37,98,36,-45
0,-245,31,90,36,-45
0,-245,38,82,37,-48
-2,-243,39,76,35,-49
-2,-242,34,70,34,-48
-2,-248,39,61,36,-47
0,-245,40,57,37,-46
-6,-242,42,51,38,-46
-6,-245,42,45,41,-45
6,-246,32,39,43,-46
-3,-245,39,36,43,-47
-5,-245,44,31,47,-47
-5,-244,43,26,47,-52
-2,-250,45,22,48,-49
-3,-245,45,18,49,-49
-2,-244,44,15,49,-50
-3,-247,43,15,48,-51
0,-245,44,14,47,-53
-1,-243,46,13,45,-54
0,-245,42,13,45,-53
8,-239,38,13,40,-53
1,-244,43,14,39,-52
0,-246,45,11,36,-55
0,-246,45,12,31,-58
0,-248,44,15,30,-54
0,-250,44,20,30,-53
0,-249,39,26,29,-55
0,-249,40,31,29,-55
0,-246,40,36,27,-55
0,-249,42,36,27,-58
-2,-247,38,37,29,-58
2,-250,39,36,34,-55
2,-250,38,32,39,-55
0,-247,37,26,45,-53
1,-250,40,16,51,-52
1,-246,40,6,58,-50
0,-247,39,-3,61,-49
1,-246,41,-10,61,-46
1,-243,45,-13,61,-43
1,-246,45,-13,57,-40
1,-244,46,-13,57,-39
2,-241,48,-10,58,-38
1,-242,42,-10,59,-37
2,-245,46,-11,62,-34
1,-246,42,-15,63,-36
1,-246,42,-21,65,-36
2,-250,42,-23,63,-34
1,-249,42,-18,62,-34
0,-248,42,-6,60,-34
4,-251,45,17,60,-33
1,-249,44,44,54,-31
3,-248,39,70,50,-30
1,-247,41,92,47,-29
0,-245,39,102,45,-29
0,-244,38,103,39,-29
1,-249,39,95,33,-29
-2,-246,37,79,28,-28
0,-248,42,63,25,-28
0,-248,46,51,23,-27
0,-253,50,46,22,-29
-1,-248,52,48,24,-29
-1,-248,56,61,27,-30
-5,-244,58,79,27,-34
-8,-245,57,101,26,-32
-8,-240,59,118,24,-33
-8,-237,53,129,20,-35
-11,-232,53,134,14,-37
-11,-228,51,130,8,-33
-9,-231,47,117,-1,-30
-10,-226,50,97,-12,-27
-13,-223,52,67,-19,-24
-10,-227,45,33,-26,-21
-9,-230,47,-7,-31,-17
-10,-234,45,-40,-38,-9
-8,-242,48,-66,-46,-1
-8,-244,46,-88,-55,6
-8,-252,45,-102,-65,14
-4,-257,49,-107,-74,21
-4,-260,51,-101,-85,27
0,-264,50,-87,-91,34
0,-259,54,-64,-96,41
0,-261,50,-40,-101,47
0,-257,48,-17,-102,52
0,-255,50,2,-103,57
1,-255,48,16,-102,60
2,-247,48,23,-102,59
1,-248,50,28,-98,58
6,-250,49,30,-94,54
5,-245,50,32,-90,49
3,-244,49,37,-85,44
4,-244,47,37,-81,38
6,-239,48,38,-76,34
3,-240,51,37,-71,29
2,-235,50,35,-65,26
1,-235,52,31,-62,23
4,-235,58,26,-58,22
2,-234,52,21,-57,22
1,-233,56,12,-55,22
0,-232,52,-3,-53,24
3,-231,51,-17,-53,24
1,-231,56,-35,-52,26
1,-235,51,-54,-53,30
3,-232,53,-72,-51,30
2,-233,52,-88,-50,31
2,-233,55,-102,-50,31
1,-239,55,-113,-49,29
1,-239,56,-120,-48,25
0,-239,50,-122,-46,23
-1,-242,54,-122,-45,20
1,-241,53,-117,-44,15
0,-244,56,-109,-44,11
0,-243,54,-99,-43,9
1,-247,55,-89,-38,7
0,-246,50,-79,-34,2
2,-250,50,-68,-29,-2
0,-242,51,-62,-25,-5
1,-244,49,-61,-23,-7
0,-241,51,-64,-21,-10
5,-230,38,-70,-22,-10
1,-245,49,-80,-25,-10
-1,-238,51,-90,-28,-10
0,-239,51,-99,-30,-9
-1,-242,50,-105,-34,-9
-2,-242,52,-110,-37,-7
0,-243,52,-114,-40,-6
0,-244,51,-114,-44,-3
-2,-241,49,-112,-46,1
-1,-244,52,-111,-47,1
-2,-243,48,-111,-48,3
-1,-241,42,-110,-45,5
0,-244,47,-109,-43,7
0,-245,50,-112,-43,9
2,-242,48,-113,-42,10
0,-241,48,-119,-40,14
1,-245,48,-125,-39,16
-2,-240,48,-133,-37,17
4,-241,51,-136,-38,19
4,-243,50,-144,-37,20
3,-245,49,-149,-38,20
4,-246,50,-151,-37,20
6,-247,50,-151,-36,21
2,-246,50,-149,-35,18
0,-245,53,-147,-34,18
1,-250,48,-139,-34,16
1,-251,48,-131,-32,17
2,-248,47,-119,-31,15
1,-250,53,-108,-31,15
2,-247,53,-95,-29,12
1,-248,48,-84,-28,9
1,-250,50,-74,-24,8
0,-246,51,-65,-22,7
0,-245,49,-62,-21,7
0,-244,48,-60,-18,7
1,-245,46,-59,-15,7
1,-244,49,-61,-13,7
0,-244,47,-65,-12,8
-1,-242,50,-70,-11,8
0,-243,45,-76,-12,8
2,-244,52,-84,-9,10
0,-241,54,-90,-7,9
2,-243,51,-96,-7,11
0,-241,52,-101,-6,11
0,-240,50,-105,-3,12
1,-241,49,-108,-1,11
1,-241,52,-109,3,10
1,-241,52,-114,6,8
1,-241,49,-122,11,3
0,-242,48,-130,16,0
0,-242,44,-137,22,-5
2,-243,47,-142,25,-7
-6,-235,47,-149,30,-12

