-.-.-
9,-231,72,147,228,-118
5,-226,73,137,220,-108
6,-224,70,129,210,-101
3,-221,68,117,199,-93
1,-229,59,106,185,-88
0,-213,69,93,173,-84
-1,-210,65,80,161,-80
-1,-209,66,67,153,-79
-3,-208,68,50,147,-79
-8,-210,67,30,142,-82
-8,-208,67,10,140,-85
-9,-210,61,-14,139,-91
-7,-215,67,-34,141,-99
-8,-220,68,-55,145,-109
-4,-212,80,-72,152,-121
-7,-225,67,-87,159,-133
-5,-235,71,-94,169,-146
-6,-231,74,-97,180,-162
-9,-236,78,-93,197,-175
-9,-246,78,-84,214,-187
-11,-246,79,-75,231,-196
-10,-249,78,-69,251,-202
-11,-250,75,-71,269,-209
-6,-255,72,-84,290,-211
-6,-261,68,-104,312,-212
-6,-266,65,-124,336,-210
-1,-270,60,-142,357,-206
-4,-272,61,-152,367,-197
0,-271,59,-157,365,-183
-3,-271,59,-151,351,-160
0,-265,52,-135,324,-135
-1,-262,53,-114,287,-108
-3,-257,50,-84,242,-79
-7,-250,49,-52,192,-54
-9,-244,43,-21,144,-31
-11,-236,43,9,98,-13
-10,-230,42,34,57,1
-14,-224,42,56,21,11
-9,-220,41,69,-10,15
-14,-215,44,71,-37,16
-15,-212,46,64,-58,17
-16,-207,40,45,-72,13
-11,-209,44,18,-79,7
-11,-213,50,-14,-78,2
-10,-214,48,-44,-69,-7
-6,-218,54,-71,-55,-15
-6,-221,60,-92,-37,-27
-1,-228,62,-108,-15,-40
-1,-230,65,-115,13,-54
1,-239,71,-121,42,-66
0,-244,67,-120,72,-79
2,-245,70,-117,101,-92
1,-250,71,-113,125,-104
0,-253,67,-105,144,-115
2,-258,64,-93,159,-125
1,-257,65,-74,169,-133
0,-257,66,-53,175,-140
3,-257,65,-30,176,-146
0,-256,61,-6,174,-150
1,-255,57,21,166,-153
5,-252,57,46,156,-156
2,-249,54,66,142,-156
2,-245,51,80,130,-156
3,-239,54,86,116,-155
3,-240,54,86,104,-156
8,-236,56,87,91,-152
7,-234,56,81,82,-149
9,-233,55,77,73,-148
8,-234,58,76,64,-141
11,-234,59,73,57,-139
11,-234,63,70,50,-133
12,-229,63,68,44,-128
10,-230,65,66,39,-124
11,-232,63,61,34,-117
9,-233,62,53,31,-110
6,-234,63,45,29,-104
3,-232,60,36,28,-99
5,-233,59,26,27,-95
1,-234,60,21,26,-90
1,-235,59,14,27,-88
2,-237,59,9,27,-86
0,-235,56,3,30,-85
-3,-242,56,-1,32,-84
-2,-239,53,-6,37,-85
0,-236,53,-8,43,-85
0,-241,54,-8,50,-87
2,-238,56,-9,59,-90
4,-241,54,-3,70,-93
0,-240,53,4,80,-95
7,-241,51,12,90,-97
6,-240,53,21,98,-97
7,-237,53,26,104,-97
12,-238,50,30,112,-100
16,-239,53,36,120,-102
17,-238,51,43,126,-103
20,-236,49,50,133,-105
18,-230,54,55,139,-109
23,-233,53,58,143,-109
26,-228,52,57,149,-110
27,-226,52,52,155,-108
30,-225,50,42,162,-105
32,-226,49,27,167,-102
28,-223,56,9,170,-96
32,-224,53,-10,172,-88
29,-223,58,-29,177,-82
29,-227,57,-48,180,-72
31,-230,55,-65,185,-64
27,-233,60,-76,189,-58
30,-241,64,-82,197,-51
25,-240,64,-80,204,-46
26,-247,66,-69,208,-42
24,-251,69,-54,214,-39
26,-253,69,-34,215,-37
21,-252,67,-14,217,-36
20,-256,66,3,215,-38
16,-254,66,13,207,-40
17,-253,66,13,198,-43
12,-254,61,1,184,-47
14,-254,60,-14,170,-53
18,-253,62,-38,157,-61
17,-252,62,-61,151,-71
17,-246,65,-84,149,-79
19,-243,63,-104,148,-91
31,-240,50,-116,150,-101
20,-237,63,-125,153,-110
18,-233,66,-131,157,-120
20,-232,65,-134,163,-128
21,-230,64,-136,170,-132
19,-230,64,-136,175,-132
14,-227,61,-137,178,-130
12,-228,63,-139,178,-124
14,-232,64,-143,176,-114
15,-233,67,-148,166,-103
7,-237,65,-157,152,-89
10,-246,82,-162,133,-74
5,-246,65,-161,113,-60
8,-252,70,-159,89,-51
5,-255,72,-151,63,-43
5,-258,70,-141,37,-39
7,-261,69,-130,10,-36
6,-259,66,-124,-16,-35
12,-260,64,-116,-39,-39
15,-261,64,-109,-60,-43
16,-258,65,-96,-75,-49
22,-258,64,-75,-85,-55
23,-257,64,-46,-89,-63
28,-253,63,-12,-91,-70
31,-248,64,24,-90,-76
33,-241,64,53,-86,-79
35,-239,65,76,-76,-83
34,-233,63,92,-63,-85
37,-234,62,96,-50,-82
37,-232,61,93,-38,-81
35,-226,63,86,-29,-76
39,-229,63,79,-25,-71
38,-228,59,72,-20,-66
43,-226,66,65,-11,-60
39,-229,67,58,3,-54
37,-231,63,49,11,-48
34,-228,63,34,14,-42
37,-235,65,15,15,-35
33,-235,66,-9,14,-30
32,-237,66,-39,12,-26
27,-243,65,-73,7,-22
23,-247,62,-112,-3,-21
22,-250,63,-152,-17,-22
18,-252,60,-188,-31,-25
19,-253,64,-210,-44,-31
15,-255,64,-223,-55,-36
11,-254,64,-219,-67,-47
10,-256,66,-209,-77,-54
7,-253,67,-191,-86,-61
8,-247,61,-170,-91,-67
11,-250,61,-150,-89,-73
15,-244,59,-132,-86,-79
14,-242,54,-117,-76,-81
15,-240,55,-105,-66,-84
19,-236,55,-97,-53,-85
20,-231,61,-91,-39,-83
25,-231,56,-91,-27,-81
25,-229,57,-93,-13,-78
27,-229,56,-99,-4,-75
30,-232,57,-109,2,-72
30,-229,52,-121,3,-68
36,-232,57,-134,2,-64
36,-231,58,-146,2,-59
38,-235,59,-155,1,-55
35,-235,62,-156,2,-54
39,-237,62,-155,4,-52
37,-236,61,-149,7,-52
40,-241,61,-142,8,-52
37,-238,63,-138,10,-51
32,-236,61,-133,12,-51
31,-235,63,-130,13,-48
29,-237,58,-134,15,-47
26,-234,57,-137,14,-46
22,-237,57,-142,13,-43
20,-239,56,-148,11,-40
16,-238,57,-153,7,-38
14,-237,58,-159,4,-34
12,-238,56,-164,0,-32
10,-238,55,-169,-2,-30
9,-238,55,-170,-1,-30
6,-237,56,-173,0,-30
7,-241,53,-171,2,-33
5,-239,53,-168,7,-36
6,-238,53,-163,11,-40
6,-242,54,-157,18,-44
7,-244,55,-150,25,-49
7,-243,52,-143,31,-54
7,-242,52,-133,33,-58
10,-241,53,-124,34,-60
11,-244,50,-116,32,-61
16,-247,54,-107,30,-59
12,-245,50,-98,25,-61
14,-245,50,-89,20,-61
16,-246,53,-79,15,-61
13,-241,57,-70,12,-60
17,-247,51,-63,10,-60
20,-243,52,-55,8,-60
17,-244,52,-48,6,-61
17,-243,53,-38,5,-63
20,-241,54,-30,4,-64
19,-239,58,-23,4,-64
19,-240,59,-14,6,-65
19,-243,58,-6,9,-64
15,-239,58,0,11,-64
16,-241,56,4,12,-65
17,-238,58,7,12,-65
17,-239,56,9,15,-64
16,-240,58,9,17,-62
18,-239,61,9,17,-61
15,-242,54,7,21,-59
15,-240,59,4,23,-58
16,-236,57,1,26,-57
18,-244,56,-3,28,-54
16,-243,62,-6,31,-51
18,-245,60,-10,35,-48
15,-243,62,-14,37,-46
18,-246,60,-19,41,-43
18,-246,59,-23,44,-40
17,-248,58,-24,46,-36
19,-246,61,-26,46,-32
18,-246,60,-27,47,-27
18,-247,59,-24,46,-24
19,-247,59,-21,46,-22
18,-245,59,-19,45,-18
17,-246,56,-16,42,-15
21,-243,57,-14,39,-12
23,-245,52,-9,36,-10
18,-242,55,-6,33,-9
20,-243,56,-3,29,-9
18,-241,57,0,26,-7
15,-242,57,1,22,-6
4,-233,57,3,22,-7
18,-242,57,5,20,-5
17,-240,57,6,16,-3
15,-241,61,5,14,1
16,-243,59,3,11,6
14,-245,62,1,7,13
15,-242,58,-1,3,21
12,-245,64,-2,0,30
9,-247,62,0,-3,38
12,-248,63,4,-7,47
11,-248,67,8,-8,56
10,-258,74,11,-11,63
12,-248,63,16,-14,70
9,-245,62,20,-15,75
11,-249,64,22,-17,82
6,-245,64,25,-17,84
9,-244,63,27,-18,86
10,-245,60,30,-18,85
11,-241,63,30,-18,82
11,-242,62,31,-16,80
11,-242,62,32,-14,76
14,-239,62,34,-13,74
13,-236,61,32,-17,71
16,-236,59,30,-23,70
14,-234,53,29,-29,68
16,-234,61,25,-34,68
19,-232,59,20,-37,68
17,-228,56,15,-38,66
20,-228,57,6,-40,66
26,-230,64,-4,-40,66
22,-229,61,-17,-39,67
22,-230,63,-29,-38,67
24,-231,60,-41,-39,69
23,-231,64,-51,-39,71
25,-232,63,-64,-40,71
24,-234,66,-74,-38,70
26,-236,55,-86,-35,69
26,-238,59,-93,-31,64
25,-236,55,-100,-23,61
24,-239,60,-108,-13,55
24,-236,54,-114,-2,50
22,-242,57,-121,10,44
21,-242,52,-127,24,38
20,-244,56,-133,38,30
18,-244,54,-138,51,27
24,-248,54,-147,63,23
20,-250,54,-148,72,21
19,-254,52,-151,80,20
14,-254,49,-145,86,19
16,-256,49,-135,89,22
15,-258,52,-121,91,22
18,-260,52,-105,91,26
13,-257,47,-86,91,32
14,-256,47,-68,92,39
13,-251,49,-52,92,48
13,-250,43,-40,91,55
12,-250,46,-34,95,64
10,-243,48,-29,95,73
13,-243,49,-34,93,80
13,-244,50,-42,89,90
9,-236,47,-53,81,100
12,-236,49,-71,71,110
8,-238,49,-90,57,122
8,-236,49,-112,42,138
7,-238,51,-131,26,154
3,-240,50,-150,11,169
3,-241,52,-164,2,186
1,-238,50,-172,-8,202
1,-239,53,-171,-12,218
3,-241,53,-163,-15,233
1,-240,52,-153,-18,245
5,-239,49,-145,-20,255
3,-239,49,-140,-20,263
2,-232,45,-143,-19,269
1,-227,41,-152,-17,274
4,-226,43,-174,-15,278
4,-224,40,-204,-12,280
7,-226,44,-238,-12,282
5,-228,45,-271,-15,284
3,-227,47,-298,-26,285
1,-228,49,-315,-43,286
2,-230,51,-320,-67,285
-1,-228,52,-311,-98,285
-2,-233,50,-289,-131,286
-1,-228,55,-262,-166,284
0,-228,53,-235,-202,279
-1,-231,51,-207,-231,272
0,-229,53,-187,-253,260
-4,-231,56,-171,-270,247
0,-229,53,-163,-276,227
-3,-228,57,-154,-273,204
0,-232,60,-150,-265,179
2,-231,64,-152,-252,153
3,-233,64,-158,-237,126
9,-237,68,-166,-220,99
15,-240,71,-175,-200,72
16,-241,71,-185,-177,44
24,-245,81,-190,-146,18
27,-246,85,-191,-111,-9
30,-252,86,-191,-67,-37
33,-254,89,-192,-22,-63
35,-255,87,-196,26,-87
41,-261,85,-202,74,-106
43,-268,83,-211,119,-121
43,-273,78,-220,158,-132
42,-274,74,-220,196,-140
41,-279,73,-206,225,-142
42,-277,70,-176,244,-139
40,-275,69,-130,257,-135
33,-267,65,-75,259,-126
34,-261,63,-22,256,-115
33,-257,59,24,242,-102
28,-247,54,55,221,-90
21,-236,52,71,195,-77
16,-224,37,75,169,-65
11,-216,40,63,145,-55
0,-210,36,39,122,-48
1,-206,36,9,102,-40
-5,-202,34,-30,87,-37
-9,-199,35,-73,75,-37
-13,-195,19,-117,66,-41
-19,-196,37,-159,62,-46
-25,-200,36,-198,60,-54
-20,-203,41,-235,56,-64
-26,-206,43,-267,55,-72
-28,-212,46,-294,58,-87
-30,-214,47,-317,64,-100
-30,-223,48,-336,78,-116
-27,-231,47,-353,98,-128
-29,-241,52,-371,122,-140
-24,-248,53,-390,145,-150
-29,-260,38,-405,163,-154
-29,-270,36,-420,179,-154
-28,-284,32,-432,190,-152
-27,-290,33,-436,198,-143
-21,-300,27,-432,202,-130
-21,-300,27,-409,199,-112
-15,-299,28,-371,186,-90
-5,-298,23,-319,163,-65
2,-292,22,-264,138,-40
9,-282,23,-208,110,-16
11,-272,21,-159,85,3
16,-262,22,-114,60,19
21,-253,22,-82,38,30
22,-240,18,-57,21,37
28,-235,24,-41,4,38
30,-224,25,-35,-8,35
33,-215,20,-41,-17,30
33,-210,16,-60,-25,18
35,-204,18,-90,-28,5
35,-202,18,-130,-29,-10
33,-203,14,-177,-27,-27
35,-205,14,-226,-24,-43
31,-203,15,-274,-19,-59
30,-207,15,-316,-7,-75
31,-209,11,-353,5,-90
29,-211,16,-386,25,-103
28,-214,12,-415,48,-115
22,-213,10,-444,74,-125
22,-223,6,-473,99,-131
18,-221,9,-495,125,-134
17,-225,8,-523,147,-136
13,-224,4,-550,170,-135
12,-223,10,-572,188,-132
15,-232,10,-595,200,-126
10,-229,7,-612,211,-120
11,-228,4,-624,219,-109
8,-227,4,-634,220,-99
8,-228,3,-640,216,-87
8,-225,1,-646,206,-75
5,-220,0,-651,193,-61
6,-220,-2,-654,180,-47
4,-215,-4,-658,165,-33
7,-213,-9,-660,152,-19
3,-211,-5,-662,145,-8
2,-205,-8,-666,134,4
2,-204,-12,-676,125,14
1,-202,-10,-690,115,26
1,-201,-14,-708,102,37
4,-200,-15,-730,93,47
1,-201,-13,-756,84,57
3,-198,-18,-783,77,66
2,-199,-11,-812,73,74
4,-199,-12,-837,70,77
6,-204,-14,-860,68,80
6,-209,-12,-875,65,84
6,-207,-15,-884,62,86
7,-211,-15,-890,58,85
7,-213,-12,-891,53,84
12,-216,-15,-886,52,80
9,-218,-13,-880,53,73
9,-219,-13,-877,56,65
6,-223,-15,-873,58,57
5,-221,-13,-874,59,50
7,-224,-12,-879,56,42
5,-226,-12,-892,55,32
3,-231,-15,-909,56,20
4,-235,-14,-926,58,6
8,-240,-12,-942,63,-10
7,-245,-11,-950,70,-26
7,-249,-13,-953,77,-43
9,-256,-6,-946,81,-61
14,-255,-8,-927,82,-73
9,-260,-7,-898,78,-85
9,-262,-4,-859,73,-94
12,-264,-1,-810,63,-100
13,-265,-1,-757,57,-103
11,-264,-1,-702,53,-104
11,-264,-4,-645,51,-105
11,-264,-2,-594,48,-102
7,-257,-7,-549,45,-98
11,-260,-10,-512,43,-96
12,-256,-8,-484,39,-91
11,-252,-10,-464,35,-87
12,-252,-13,-453,32,-83
10,-246,-14,-453,30,-84
13,-243,-17,-458,30,-86
14,-241,-18,-465,27,-89
15,-240,-15,-473,24,-96
15,-236,-13,-484,24,-102
17,-235,-12,-494,25,-111
22,-232,-13,-501,30,-118
19,-233,-15,-505,39,-127
22,-233,-11,-507,49,-135
18,-233,-5,-502,64,-140
19,-232,-6,-497,80,-147
21,-236,-7,-487,96,-151
18,-235,-11,-475,110,-149
15,-239,-13,-461,121,-146
11,-237,-9,-449,125,-138
12,-245,-18,-438,120,-128
11,-246,-15,-426,110,-114
11,-244,-18,-415,93,-101
7,-250,-16,-408,76,-87
6,-253,-17,-400,59,-73
11,-258,-17,-392,43,-62
8,-261,-20,-379,25,-54
7,-260,-20,-363,13,-46
5,-259,-17,-346,-1,-44
6,-261,-15,-329,-12,-42
5,-264,-19,-308,-25,-42
4,-261,-18,-285,-37,-40
4,-264,-23,-259,-51,-42
2,-260,-19,-236,-64,-40
-1,-258,-21,-217,-76,-40
1,-255,-23,-197,-88,-36
0,-255,-25,-183,-97,-31
-1,-256,-21,-170,-105,-23
-2,-252,-23,-160,-111,-14
-4,-252,-23,-154,-115,-4
-11,-260,-8,-143,-114,7
0,-253,-20,-130,-113,17
1,-251,-21,-114,-113,29
2,-254,-25,-94,-113,40
3,-258,-24,-70,-114,50
6,-257,-19,-48,-116,59
7,-263,-22,-23,-120,61
9,-267,-24,2,-131,64
13,-269,-22,26,-147,65
15,-273,-24,50,-168,65
18,-276,-23,73,-191,65
15,-270,-24,93,-209,62
18,-276,-19,117,-228,58
21,-273,-17,144,-245,52
19,-276,-17,176,-261,49
20,-271,-15,214,-279,45
20,-270,-24,253,-294,45
19,-267,-21,293,-305,45
20,-264,-27,335,-308,46
18,-261,-30,370,-302,45
15,-260,-26,398,-292,48
20,-260,-28,423,-276,53
16,-259,-27,444,-257,60
16,-255,-31,459,-235,66
15,-257,-30,469,-216,69
15,-256,-32,469,-195,71
15,-257,-33,469,-180,73
15,-260,-30,469,-168,72
15,-262,-26,472,-161,69
17,-271,-25,485,-158,64
16,-275,-20,506,-157,59
15,-277,-15,542,-154,57
19,-283,-15,597,-151,51
17,-284,-18,656,-145,45
18,-287,-14,719,-140,40
18,-281,-21,770,-134,32
20,-278,-17,809,-128,26
23,-277,-23,830,-120,22
22,-268,-23,839,-114,18
24,-264,-27,836,-104,8
26,-259,-24,828,-92,-2
23,-255,-26,815,-78,-15
23,-250,-25,805,-68,-29
22,-244,-24,799,-61,-37
18,-237,-22,798,-57,-44
10,-236,-17,798,-53,-51
15,-237,-15,801,-48,-60
11,-236,-8,814,-39,-67
10,-236,-6,836,-29,-76
8,-241,-7,862,-16,-84
10,-241,-2,890,-4,-91
9,-244,0,920,4,-98
9,-246,0,942,10,-103
6,-249,0,953,15,-110
8,-254,0,956,22,-118
5,-257,3,945,31,-125
4,-255,2,927,37,-129
11,-265,4,900,44,-134
9,-262,13,872,51,-144
13,-269,12,854,60,-155
16,-272,17,842,73,-166
18,-271,20,841,88,-172
18,-273,20,851,100,-174
18,-273,26,862,108,-167
19,-271,25,882,112,-160
15,-267,29,906,110,-155
22,-266,33,936,104,-145
18,-262,31,964,98,-135
17,-262,29,983,87,-124
16,-263,30,986,76,-121
13,-258,32,974,61,-115
20,-263,29,951,47,-104
16,-260,41,919,34,-105
21,-264,39,885,22,-112
17,-264,39,843,14,-124
24,-270,42,804,6,-123
26,-269,40,764,4,-133
24,-269,44,721,9,-146
29,-272,49,692,13,-141
38,-275,54,675,19,-140
34,-278,55,671,33,-154
34,-272,56,675,47,-165
37,-269,59,694,60,-162
40,-269,59,722,75,-143
40,-271,57,753,90,-128
36,-269,59,780,107,-126
29,-265,60,800,123,-116
32,-268,62,817,124,-94
28,-268,60,822,113,-79
25,-263,63,818,92,-61
28,-265,61,811,58,-34
25,-264,68,804,17,-12
17,-264,68,789,-16,-8
9,-261,73,775,-46,-6
13,-264,75,769,-74,9
12,-268,70,769,-100,27
10,-271,74,763,-116,27
8,-270,76,749,-124,19
1,-265,80,730,-132,22
10,-277,71,716,-140,33
19,-284,73,699,-138,31
17,-282,75,681,-122,20
17,-287,72,673,-104,14
16,-283,80,666,-87,19
26,-288,75,672,-73,23
27,-282,85,678,-55,8
26,-283,82,692,-41,1
32,-279,88,705,-29,-1
30,-278,91,727,-14,-6
34,-272,93,742,9,-10
30,-267,87,761,34,-16
34,-261,89,769,60,-18
38,-256,92,776,77,-24
39,-249,92,783,85,-30
30,-249,85,785,86,-40
29,-249,85,764,90,-36
31,-242,87,732,90,-33
25,-237,82,698,89,-34
28,-245,83,666,84,-31
21,-241,77,626,80,-21
23,-238,86,581,74,-7
18,-235,84,550,64,0
23,-246,90,535,52,13
19,-245,94,525,45,22
18,-249,93,523,40,31
19,-252,101,528,35,42
17,-251,93,540,28,52
17,-252,91,553,22,58
17,-251,95,568,19,64
12,-257,101,580,18,69
12,-254,92,598,16,77
17,-256,92,606,21,70
16,-253,97,613,28,65
16,-254,95,621,38,61
17,-255,90,634,50,58
16,-253,102,649,67,54
16,-253,95,676,79,54
15,-248,100,690,98,37
17,-250,103,702,115,20
13,-242,101,708,126,8
10,-234,96,694,134,-1
21,-243,97,675,135,-1
21,-242,102,640,141,-22
19,-241,103,604,147,-38
16,-242,108,566,154,-53
20,-242,114,534,161,-65
25,-245,116,507,172,-72
18,-243,110,480,181,-78
14,-239,113,447,197,-92
17,-245,113,413,205,-94
15,-241,114,376,207,-84
16,-244,115,338,208,-73
12,-240,122,308,205,-67
6,-238,116,291,200,-57
14,-247,113,271,191,-28
10,-250,113,241,192,-19
7,-253,113,214,187,-4
6,-247,113,189,175,17
3,-252,109,168,158,32
0,-249,113,143,139,55
2,-250,114,119,119,73
4,-249,115,109,103,86
6,-244,118,104,87,90
0,-249,111,116,74,83
5,-245,112,126,61,90
7,-244,109,134,55,92
6,-237,112,143,56,88
10,-231,116,155,60,78
9,-224,110,163,63,66
12,-220,101,158,60,48
16,-217,101,136,54,31
14,-213,108,103,48,13
12,-209,105,62,40,-3
13,-206,105,21,30,-18
9,-209,108,-18,22,-29
10,-208,112,-51,11,-41
7,-208,116,-73,4,-49
6,-212,114,-89,-4,-57
5,-212,119,-98,-11,-64
3,-211,120,-102,-17,-69
4,-212,117,-104,-23,-70
6,-211,119,-103,-29,-73
3,-212,116,-103,-37,-72
3,-209,121,-104,-47,-72
1,-208,117,-107,-57,-69
1,-206,118,-108,-66,-68
3,-207,117,-109,-74,-64
8,-207,120,-110,-80,-59
6,-205,118,-107,-91,-56
10,-206,121,-101,-100,-51
12,-206,120,-93,-111,-46
15,-209,123,-78,-124,-38
17,-211,122,-55,-141,-35
18,-209,124,-30,-161,-29
17,-212,122,-2,-177,-27
23,-208,119,30,-193,-23
28,-208,118,57,-204,-19
26,-206,114,88,-211,-14
27,-204,112,108,-217,-6
26,-202,113,125,-221,5
25,-202,109,138,-223,18
29,-198,108,152,-222,31
27,-196,107,166,-223,45
27,-198,112,181,-220,59
28,-199,115,198,-216,75
24,-198,115,219,-209,91
24,-198,120,242,-200,108
23,-200,125,262,-189,123
22,-199,125,286,-179,139
21,-194,123,310,-170,149
19,-197,120,327,-160,159
18,-194,124,339,-154,165
19,-194,128,343,-149,171
19,-193,123,340,-144,173
16,-195,125,335,-137,177
16,-194,124,320,-133,181
14,-192,120,296,-131,184
14,-192,122,272,-128,187
14,-193,124,245,-126,188
15,-192,126,218,-123,187
13,-195,119,198,-120,184
12,-193,124,186,-117,178
15,-194,123,177,-113,173
18,-195,125,173,-105,164
14,-193,121,174,-95,156
17,-194,123,178,-82,146
17,-194,120,182,-65,133
19,-194,124,186,-47,121
21,-198,120,191,-27,105
17,-198,124,194,-6,90
22,-198,124,195,11,72
25,-201,123,196,28,57
23,-200,118,193,40,43
21,-199,118,188,45,33
19,-198,118,179,46,24
16,-202,116,169,40,19
18,-200,121,150,27,19
12,-200,122,131,11,24
15,-202,114,111,-4,30
5,-199,124,96,-19,42
3,-199,125,86,-33,54
1,-198,127,74,-49,67
4,-200,130,68,-61,82
4,-199,127,64,-71,96
3,-201,130,64,-77,110
2,-200,130,66,-83,121
3,-203,132,70,-86,130
7,-200,134,74,-89,136
11,-202,132,77,-89,139
17,-197,123,75,-86,135
10,-201,130,75,-81,126
17,-204,126,66,-75,117
19,-203,128,55,-67,106
21,-202,125,42,-57,89
24,-204,129,30,-45,75
25,-202,128,17,-32,56
25,-200,129,9,-21,38
29,-200,127,6,-12,21
29,-199,126,4,-6,7
27,-199,127,1,-2,-5
26,-197,126,-3,-1,-15
24,-197,127,-7,-1,-24
23,-196,122,-11,0,-26
24,-198,124,-19,2,-26
21,-195,121,-26,4,-22
17,-193,126,-32,7,-14
20,-194,123,-40,10,0
17,-190,119,-48,11,12
14,-191,122,-61,10,28
13,-191,117,-69,5,43
15,-191,126,-77,-1,58
12,-191,128,-84,-6,69
10,-191,126,-90,-12,78
11,-189,125,-94,-17,84
14,-191,128,-97,-22,89
13,-189,124,-99,-25,89
14,-187,125,-101,-28,90
17,-190,126,-102,-26,87
18,-187,127,-101,-25,80
19,-185,125,-99,-22,71
22,-191,127,-97,-16,65
20,-187,122,-93,-8,58
22,-189,126,-88,3,49
24,-191,129,-76,15,42
23,-190,130,-61,25,37
21,-188,133,-44,35,34
22,-192,128,-24,41,33
23,-192,129,-6,44,32
20,-192,130,5,44,33
17,-191,130,15,41,35
14,-193,133,21,34,36
14,-192,133,24,26,34
13,-191,128,27,17,34
12,-190,126,28,8,32
10,-191,128,29,2,30
8,-188,127,30,-3,30
14,-189,126,33,-6,30
13,-188,128,38,-9,30
13,-188,124,49,-7,27
14,-190,128,64,-6,23
17,-188,129,79,0,20
16,-187,127,93,6,15
18,-188,126,106,16,10
20,-185,128,118,25,8
22,-187,127,123,33,5
19,-184,129,126,39,4
23,-184,130,122,41,3
21,-186,129,115,44,2
20,-185,133,106,43,2
22,-185,132,91,42,3
19,-184,132,77,40,6
15,-186,136,59,37,10
16,-187,134,41,33,15
12,-189,134,27,32,21
13,-192,136,15,30,27
11,-193,136,6,27,31
9,-194,137,-1,27,36
11,-192,134,-4,28,39
8,-194,133,-4,30,40
7,-191,136,-3,32,42
5,-192,134,-2,36,41
5,-191,135,0,41,41
5,-188,133,0,46,41
5,-188,133,-2,50,39
7,-188,132,-3,54,37
7,-188,130,-4,59,34
8,-187,133,-5,63,32
9,-186,130,-6,65,27
14,-190,131,-6,67,24
12,-189,128,-7,70,20
13,-189,128,-10,69,16
15,-188,130,-16,68,13
17,-188,129,-21,64,12
13,-189,130,-26,61,11
13,-190,132,-34,53,10
11,-190,131,-38,47,9
11,-191,129,-43,38,7
10,-190,133,-50,30,8
8,-192,135,-53,25,6
5,-190,133,-52,20,6
7,-189,137,-52,15,5
6,-190,134,-50,10,2
10,-192,133,-43,9,-3
6,-190,133,-35,10,-8
10,-192,138,-22,12,-13
10,-190,132,-13,14,-17
14,-188,131,-3,20,-18
13,-188,131,4,24,-19
15,-189,129,7,29,-17
15,-191,127,7,29,-13
15,-189,130,2,27,-7
15,-186,130,-4,21,0
15,-185,128,-14,12,5
13,-188,132,-22,3,10
10,-190,131,-29,-4,14
16,-190,130,-37,-11,15
13,-189,130,-39,-16,14
11,-191,131,-39,-21,11
13,-191,132,-38,-23,7
11,-189,131,-35,-21,3
10,-191,132,-30,-20,-5
11,-190,135,-25,-16,-12
12,-191,133,-23,-11,-19
13,-190,128,-19,-6,-24
11,-188,131,-18,2,-29
13,-190,129,-17,9,-34
14,-190,129,-21,18,-38
13,-188,132,-20,28,-41
10,-190,130,-19,38,-44
20,-189,130,-16,49,-44
12,-187,134,-15,56,-41
12,-188,129,-15,61,-39
10,-187,131,-15,63,-34
12,-187,135,-14,63,-30
15,-189,132,-18,60,-24
12,-189,135,-20,54,-19
12,-185,134,-21,47,-15
14,-187,133,-26,39,-13
12,-182,132,-31,32,-12
12,-186,133,-36,29,-9
11,-186,132,-41,26,-8
12,-188,133,-46,23,-7
13,-187,131,-49,23,-7
12,-190,131,-50,23,-7
12,-188,135,-52,23,-8
11,-187,133,-53,24,-9
12,-190,136,-51,27,-9
11,-187,133,-50,33,-8
15,-189,134,-49,38,-9
14,-188,133,-47,44,-11
14,-191,132,-43,46,-13
12,-189,131,-43,50,-15
13,-190,133,-43,52,-17
15,-190,132,-45,53,-17
10,-187,133,-50,52,-17
16,-190,131,-55,48,-19
14,-189,132,-61,45,-20
11,-192,132,-67,39,-18
14,-189,133,-70,34,-19
12,-191,136,-71,30,-19
12,-190,132,-71,25,-20
12,-192,134,-70,23,-21
12,-190,136,-66,21,-23
13,-191,133,-64,21,-24
15,-190,133,-61,23,-24
13,-190,134,-60,23,-24
13,-188,136,-60,26,-23
14,-188,131,-62,27,-21
13,-187,133,-65,27,-18
14,-192,133,-68,24,-15
8,-187,136,-73,21,-12
15,-190,134,-76,16,-8
11,-188,136,-78,12,-4
12,-187,134,-80,6,0
11,-186,134,-82,3,5
12,-188,137,-84,3,7
10,-189,137,-85,2,9
10,-191,133,-84,2,11
10,-186,136,-85,3,13
11,-190,136,-83,5,13
8,-186,134,-81,8,14
8,-165,116,-79,12,12
11,-187,133,-77,16,10
15,-188,129,-77,18,10
11,-186,130,-79,20,10
14,-189,129,-84,22,9
14,-189,134,-90,21,7
12,-188,134,-97,20,5
15,-188,130,-103,20,5
12,-188,134,-108,18,3
12,-190,131,-109,17,1
17,-188,131,-111,16,-1
14,-189,131,-108,14,-4
13,-189,135,-104,13,-5
12,-189,133,-102,13,-6
14,-188,131,-96,11,-10
11,-187,130,-91,8,-10
12,-190,133,-87,7,-13
13,-190,136,-84,4,-14
13,-188,134,-82,3,-18
14,-189,131,-83,3,-19
13,-190,135,-79,3,-21
13,-191,131,-78,4,-22
12,-192,133,-76,5,-25
11,-191,130,-75,7,-23
9,-191,132,-71,7,-26
11,-191,130,-70,10,-26
10,-192,130,-67,12,-26
10,-190,130,-66,15,-27
15,-191,133,-67,18,-26
13,-192,129,-65,22,-27
13,-190,128,-65,26,-28
14,-189,135,-67,30,-28
14,-192,128,-69,33,-29
12,-188,129,-71,35,-32
14,-191,131,-73,35,-33
14,-192,131,-74,36,-34
14,-191,129,-75,36,-34
14,-192,128,-77,36,-35
15,-192,129,-79,36,-35
14,-192,133,-79,38,-35
15,-193,132,-79,38,-37
12,-193,130,-79,38,-38
11,-192,128,-78,38,-38
10,-192,130,-76,39,-37
14,-192,129,-78,40,-38
11,-190,131,-80,39,-38
13,-192,129,-84,42,-38
13,-192,128,-86,42,-37
14,-192,133,-88,43,-39
11,-192,127,-88,45,-40
13,-193,128,-88,47,-42
13,-192,127,-88,49,-42
12,-193,131,-86,49,-42
10,-192,130,-82,50,-45
15,-193,130,-80,51,-47
13,-191,126,-79,52,-47
12,-191,129,-81,52,-50
15,-193,125,-81,51,-52
12,-193,128,-81,51,-53
13,-192,127,-82,53,-52
14,-191,126,-81,55,-54
13,-190,127,-79,57,-55
12,-192,125,-78,59,-57
15,-192,127,-77,60,-57
14,-192,125,-77,62,-58
14,-194,130,-77,63,-57
12,-193,130,-77,63,-59
24,-193,120,-77,63,-61
14,-192,130,-77,64,-64
14,-193,128,-74,65,-69
14,-196,129,-74,67,-71
16,-194,128,-74,68,-71
15,-193,127,-74,70,-74
14,-193,131,-74,73,-75
14,-191,128,-76,75,-76
15,-195,126,-77,75,-76
15,-193,127,-78,77,-77
11,-193,131,-79,76,-77
11,-183,116,-81,75,-75
12,-194,126,-81,74,-74
13,-193,129,-80,73,-74
10,-192,129,-82,72,-75
16,-195,130,-83,70,-74
12,-193,128,-85,67,-73
13,-194,130,-87,64,-73
12,-193,127,-88,62,-74
15,-193,128,-86,61,-74
14,-197,129,-87,61,-76
12,-192,130,-85,62,-78
12,-194,129,-82,61,-80
12,-195,128,-80,62,-82
13,-193,129,-78,64,-82
14,-194,132,-74,65,-81
10,-194,126,-71,65,-80
11,-196,128,-70,65,-79
11,-195,126,-70,66,-77
9,-191,127,-71,63,-76
11,-192,127,-70,63,-75
12,-193,126,-72,60,-73
13,-193,126,-73,58,-71
12,-192,127,-75,57,-72
15,-190,127,-75,56,-72
14,-194,128,-76,57,-73
13,-191,125,-76,58,-74
14,-194,129,-76,60,-77
13,-195,126,-77,64,-81
17,-193,128,-77,65,-84
16,-193,128,-81,67,-83
14,-193,128,-79,68,-84
16,-195,127,-80,67,-83
15,-194,129,-80,62,-81
17,-194,129,-79,59,-80
14,-194,130,-77,54,-77
15,-193,127,-73,47,-74
16,-193,130,-68,41,-71
12,-194,128,-67,33,-67
13,-192,125,-68,25,-64
13,-194,129,-67,20,-63
16,-196,128,-67,16,-59
14,-192,127,-67,12,-55
13,-193,131,-70,9,-54
13,-193,129,-73,5,-52
15,-193,127,-75,3,-50
13,-192,129,-75,1,-50
12,-193,127,-75,-2,-48
15,-195,127,-73,-5,-50
12,-193,128,-72,-7,-50
11,-193,126,-71,-5,-52
12,-195,129,-69,-4,-55
12,-192,128,-69,-1,-58
18,-194,127,-69,2,-63
15,-197,127,-68,6,-66
14,-196,121,-68,12,-70
13,-196,128,-66,16,-73
14,-194,124,-63,20,-75
15,-193,124,-63,25,-77
19,-194,125,-66,30,-76
13,-193,124,-70,33,-78
16,-197,124,-72,38,-77
17,-194,129,-75,43,-77
14,-194,121,-75,47,-76
18,-194,124,-73,50,-74
16,-195,125,-72,55,-74
18,-193,125,-72,60,-75
18,-194,127,-69,65,-75
23,-195,127,-71,67,-75
20,-194,129,-74,67,-77
22,-195,126,-77,67,-76
22,-194,127,-82,64,-77
21,-198,128,-83,62,-75
21,-198,129,-84,59,-74
20,-201,130,-81,54,-72
18,-200,128,-75,49,-69
21,-203,128,-68,42,-63
20,-204,128,-62,36,-60
18,-200,128,-55,33,-62
15,-197,126,-54,28,-62
18,-197,124,-54,23,-64
14,-197,124,-58,18,-66
13,-194,126,-62,15,-69
15,-196,120,-67,14,-73
18,-197,124,-70,13,-75
16,-193,125,-71,14,-81
14,-194,125,-68,16,-87
14,-195,121,-61,20,-91
16,-193,125,-55,26,-97
13,-193,122,-48,35,-102
15,-192,125,-42,45,-106
17,-193,120,-38,57,-110
18,-192,119,-37,72,-113
18,-192,118,-38,83,-115
20,-192,121,-39,95,-114
21,-194,121,-41,102,-111
25,-195,118,-45,107,-108
25,-196,122,-51,109,-106
25,-194,120,-54,108,-98
26,-197,123,-55,105,-91
25,-198,127,-54,99,-87
25,-202,129,-43,90,-81
23,-198,131,-28,76,-71
24,-202,131,-8,62,-63
21,-199,128,15,46,-55
17,-200,129,37,31,-43
13,-197,126,57,16,-32
12,-195,127,70,3,-19
14,-194,126,74,-9,-7
15,-195,122,72,-17,7
5,-193,125,64,-24,21
16,-193,121,48,-28,37
20,-192,126,36,-29,50
19,-193,126,24,-28,60
26,-195,131,19,-27,66
29,-196,127,17,-22,71
29,-194,131,20,-17,74
30,-196,130,24,-13,73
34,-197,132,27,-13,72
34,-194,131,30,-11,73
32,-196,128,30,-15,71
32,-202,140,34,-18,71
29,-195,131,36,-21,74
29,-198,127,41,-29,74
24,-195,130,48,-37,76
22,-193,127,54,-48,80
21,-192,126,60,-58,81
18,-192,123,65,-69,81
12,-190,124,65,-77,80
10,-193,121,63,-80,79
8,-192,121,58,-81,75
11,-193,123,54,-75,73
11,-191,125,50,-62,71
13,-189,127,49,-42,69
12,-190,123,56,-17,71
13,-192,128,69,8,71
15,-194,134,94,26,77
15,-192,132,126,39,83
15,-195,136,167,47,90
18,-196,133,204,50,95
18,-195,137,239,45,103
16,-196,129,268,34,106
15,-193,128,285,21,112
20,-196,127,287,9,112
20,-193,129,278,-4,111
22,-193,131,260,-15,114
20,-189,128,242,-16,116
18,-190,128,216,-14,116
18,-190,133,194,-6,115
24,-192,136,182,4,114
21,-189,141,170,14,116
21,-189,144,164,20,116
21,-189,139,165,25,120
27,-190,146,168,27,130
23,-190,144,170,30,136
25,-189,145,178,30,144
25,-188,147,179,27,156
24,-190,142,181,23,168
17,-188,141,186,19,181
19,-187,138,186,14,190
21,-184,136,185,8,199
14,-184,132,181,2,207
14,-182,132,160,-4,219
11,-181,134,136,-9,224
12,-181,133,113,-16,226
11,-178,130,90,-20,227
10,-180,131,66,-24,222
9,-182,139,49,-25,212
9,-182,138,34,-26,206
8,-181,142,22,-21,197
4,-178,139,14,-17,188
8,-180,140,12,-10,184
7,-182,136,12,-1,176
9,-181,139,14,8,171
11,-185,136,18,18,165
8,-182,133,21,29,163
12,-180,138,23,36,163
10,-181,134,23,41,164
10,-188,133,28,42,163
9,-187,137,27,42,163
10,-186,135,23,40,161
10,-187,139,26,35,159
10,-188,139,34,30,158
10,-189,137,43,25,155
9,-188,135,53,20,149
12,-185,137,62,15,144
8,-187,129,68,14,136
13,-185,131,67,12,137
10,-182,129,60,14,130
8,-183,134,53,14,124
11,-180,132,44,17,114
6,-178,140,36,17,105
11,-179,134,31,20,100
7,-180,138,23,22,88
11,-179,141,12,25,83
12,-180,140,2,31,76
11,-182,134,-7,34,66
9,-182,138,-28,38,60
12,-182,135,-47,40,57
10,-183,136,-69,42,46
8,-185,133,-94,46,32
7,-181,136,-118,45,26
5,-181,135,-140,45,21
5,-184,136,-157,42,18
10,-184,135,-168,42,13
6,-182,139,-170,42,8
9,-184,139,-164,37,7
6,-186,140,-153,33,1
4,-185,145,-140,30,-7
7,-184,138,-115,27,-9
7,-189,141,-95,24,-17
7,-184,142,-76,23,-28
2,-182,134,-53,22,-35
4,-182,136,-39,21,-45
3,-180,136,-30,22,-53
2,-182,141,-25,23,-60
7,-170,146,-25,22,-69
0,-179,129,-13,17,-74
3,-181,129,-18,14,-69
0,-181,132,-32,16,-71
0,-180,135,-44,19,-71
0,-178,140,-47,23,-71
0,-181,138,-40,30,-68
1,-179,140,-27,39,-58
-6,-178,146,-4,51,-47
5,-186,145,19,65,-36
4,-184,146,40,86,-49
9,-186,149,61,101,-49
12,-169,156,89,110,-42
13,-192,142,136,107,-38
14,-192,137,144,102,-27
17,-189,141,148,95,-10
26,-191,141,162,86,7
11,-177,142,177,84,-2
21,-192,140,203,81,18
21,-198,146,233,80,34
14,-192,155,281,87,33
-4,-179,157,359,96,44
27,-211,148,463,103,83
25,-206,158,563,114,77
19,-214,150,686,126,65
27,-203,139,781,137,96
26,-213,153,849,152,119
30,-201,161,907,165,135
24,-214,151,946,177,138
30,-195,159,944,183,150
20,-212,148,914,171,180
13,-196,149,831,150,176
11,-192,153,712,124,164
12,-174,156,544,102,170
12,-173,159,344,85,193
6,-170,166,145,68,208
6,-163,190,-51,56,232
3,-168,181,-228,45,258
3,-170,184,-395,34,282
-4,-175,193,-545,22,298
-10,-181,192,-689,6,319
-13,-191,191,-826,-11,345
-15,-194,195,-956,-29,361
-22,-208,192,-1067,-45,395
-29,-214,188,-1165,-58,419
-33,-225,182,-1252,-68,438
-39,-237,178,-1328,-81,467
-44,-242,173,-1392,-91,491
-51,-243,167,-1448,-100,508
-52,-243,165,-1497,-111,525
-58,-243,159,-1532,-126,541
-59,-242,156,-1552,-146,551
-52,-241,153,-1557,-165,555
-50,-237,160,-1539,-171,547
-43,-239,156,-1493,-167,531
-39,-239,159,-1429,-161,506
-29,-241,161,-1355,-145,480
-29,-242,160,-1280,-118,448
-9,-239,159,-1212,-94,408
-3,-243,156,-1148,-56,374
-6,-240,157,-1092,-14,337
2,-240,153,-1045,18,296
9,-244,148,-1001,46,264
5,-245,148,-963,77,235
3,-242,140,-932,88,203
13,-238,141,-911,88,189
6,-233,137,-889,96,184
8,-226,132,-875,102,178
9,-225,135,-865,104,178
7,-218,131,-857,101,182
1,-218,132,-843,91,188
9,-215,127,-838,68,192
3,-220,128,-828,62,204
0,-218,128,-822,52,209
-6,-218,128,-818,32,212
-15,-219,128,-809,3,219
-21,-223,117,-791,-38,220
-11,-228,113,-767,-76,223
-19,-230,114,-723,-82,231
-28,-230,113,-678,-76,223
-32,-231,109,-630,-77,209
-34,-233,105,-589,-92,189
-24,-230,98,-554,-105,171
-26,-229,102,-510,-86,166
-35,-223,102,-477,-66,147
-38,-219,100,-451,-52,129
-40,-218,102,-434,-40,120
-34,-212,110,-415,-29,118
-35,-208,112,-395,-17,120
-34,-205,114,-371,-3,119
-32,-207,118,-348,12,122
-29,-205,123,-324,20,124
-31,-203,122,-304,23,121
-25,-204,125,-286,30,122
-24,-205,123,-269,38,121
-25,-206,121,-253,43,113
-22,-205,119,-248,52,107
-20,-206,111,-250,65,102
-27,-208,112,-249,75,94
-14,-212,106,-245,77,88
-18,-214,100,-239,98,97
-18,-212,98,-235,121,98
-25,-211,95,-233,136,94
-21,-216,91,-237,133,92
-24,-214,90,-245,119,93
-8,-212,89,-258,96,96
-7,-212,86,-263,106,119
-9,-211,86,-276,126,127
-9,-208,82,-296,141,127
-7,-203,85,-325,150,127
-6,-204,84,-358,151,127
-5,-205,87,-391,150,125
-1,-205,89,-419,147,122
0,-206,89,-448,140,116
2,-207,85,-478,138,116
1,-205,86,-507,134,113
2,-206,87,-535,130,108
1,-207,85,-568,125,102
0,-209,83,-596,116,99
-7,-209,83,-622,104,94
-7,-208,81,-639,90,94
-11,-207,85,-652,77,96
-16,-207,83,-660,63,99
-17,-208,82,-661,48,103
-22,-211,85,-659,32,105
-24,-206,81,-655,18,113
-28,-211,81,-654,6,118
-28,-213,79,-652,-3,122
-31,-211,82,-645,-8,118
-27,-216,84,-639,-10,115
-31,-215,80,-631,-21,99
-23,-216,82,-624,-25,89
-27,-218,80,-609,-10,89
-26,-223,86,-583,11,76
-29,-226,80,-555,26,57
-35,-226,79,-526,39,33
-29,-229,84,-503,48,12
-34,-232,80,-484,50,-15
-28,-235,78,-475,51,-31
-26,-237,68,-472,67,-30
-29,-235,67,-476,86,-34
-29,-232,63,-493,102,-39
-26,-231,60,-516,111,-43
-26,-231,55,-551,116,-41
-21,-229,57,-588,121,-34
-43,-225,52,-627,121,-30
-21,-230,53,-668,123,-15
-19,-230,60,-698,128,-18
-19,-229,59,-717,126,-32
-20,-231,58,-728,124,-49
-17,-229,57,-727,122,-64
-22,-229,58,-717,116,-79
-20,-227,60,-703,110,-93
-20,-225,60,-683,103,-100
-21,-226,55,-662,95,-103
-25,-232,63,-641,87,-102
-21,-222,59,-624,76,-98
-22,-217,61,-609,62,-93
-22,-217,59,-600,49,-84
-23,-219,59,-600,33,-72
-20,-222,53,-608,15,-61
-22,-222,54,-625,-3,-53
-22,-225,56,-644,-22,-45
-22,-231,49,-663,-39,-39
-21,-233,52,-681,-50,-37
-22,-238,48,-696,-51,-40
-25,-238,62,-706,-39,-44
-26,-242,53,-715,-21,-58
-28,-245,51,-716,1,-72
-28,-247,53,-716,21,-88
-29,-252,52,-712,42,-106
-32,-255,49,-702,59,-127
-28,-256,47,-690,78,-148
-32,-258,44,-679,94,-171
-31,-259,43,-667,110,-193
-33,-262,36,-655,124,-215
-27,-262,33,-645,140,-234
-29,-263,31,-637,157,-250
-26,-264,30,-628,175,-264
-28,-265,27,-621,189,-268
-24,-261,30,-615,201,-268
-22,-261,28,-609,210,-263
-21,-259,30,-606,214,-255
-16,-260,32,-603,214,-244
-16,-256,32,-592,212,-228
-13,-255,33,-576,206,-209
-9,-254,40,-553,199,-191
-7,-252,42,-526,187,-175
-24,-243,34,-492,172,-156
0,-250,45,-472,159,-118
0,-246,46,-446,142,-116
3,-247,45,-413,121,-120
3,-250,46,-386,95,-116
4,-250,44,-371,63,-110
6,-253,45,-372,26,-102
5,-248,39,-382,-16,-102
3,-246,45,-397,-60,-89
6,-248,40,-423,-103,-78
5,-246,35,-457,-144,-70
5,-251,37,-506,-181,-66
5,-251,31,-560,-210,-63
2,-254,31,-613,-232,-65
1,-259,26,-666,-249,-77
0,-267,25,-713,-260,-81
-6,-270,24,-743,-264,-94
-11,-281,20,-751,-262,-112
-13,-290,14,-730,-244,-134
-16,-296,17,-664,-214,-155
-18,-301,14,-561,-172,-171
-19,-302,14,-434,-120,-188
-17,-301,9,-294,-59,-201
-15,-296,16,-152,4,-206
-18,-293,16,-18,63,-215
-17,-289,15,99,113,-227
-11,-283,15,207,153,-222
-8,-280,14,300,182,-218
-5,-272,16,375,202,-215
-6,-265,14,423,213,-230
-4,-256,25,452,221,-230
0,-253,26,475,218,-201
3,-249,26,491,207,-179
5,-245,27,491,192,-162
14,-242,33,479,175,-149
19,-238,33,444,146,-112
14,-234,41,401,125,-104
16,-237,38,362,100,-112
15,-236,40,317,71,-113
15,-235,45,262,42,-111
14,-235,42,205,13,-107
17,-239,45,153,-7,-104
16,-244,44,110,-22,-107
11,-244,38,69,-29,-125
13,-246,42,37,-29,-135
13,-248,43,23,-22,-130
8,-250,35,17,-11,-136
5,-252,32,18,7,-145
4,-256,32,24,29,-157
5,-258,35,37,53,-167
3,-257,32,59,81,-182
4,-257,32,93,109,-191
6,-260,26,134,137,-201
5,-256,32,179,161,-212
5,-256,29,221,187,-221
1,-255,29,258,211,-232
2,-246,27,284,229,-240
1,-248,33,298,242,-245
1,-242,29,298,253,-248
1,-244,30,291,254,-250
3,-239,29,270,251,-264
-4,-232,37,242,241,-273
-2,-225,40,235,222,-235
1,-224,42,240,198,-208
0,-223,36,242,170,-187
-3,-217,39,239,141,-166
-3,-215,35,230,112,-147
-2,-215,34,213,85,-130
0,-212,35,193,58,-115
-1,-209,33,177,34,-104
-2,-206,30,156,14,-104
-1,-207,31,132,0,-109
1,-209,27,115,-11,-103
2,-207,23,104,-17,-105
7,-207,28,92,-19,-112
6,-206,18,83,-18,-123
9,-204,24,75,-10,-136
11,-207,16,70,-3,-149
10,-205,18,63,5,-160
13,-208,21,62,13,-171
10,-204,22,69,22,-181
13,-204,17,75,32,-186
15,-201,21,80,38,-190
23,-210,15,80,43,-194
5,-196,20,63,48,-220
9,-201,24,40,53,-217
11,-204,26,31,61,-184
14,-200,13,26,68,-170
14,-208,27,16,75,-161
13,-214,26,4,79,-156
12,-214,28,-11,80,-149
12,-210,30,-30,79,-141
15,-217,31,-48,80,-130
10,-220,31,-67,82,-120
5,-223,34,-85,84,-114
4,-228,31,-100,87,-106
2,-234,36,-114,84,-100
0,-230,29,-134,78,-105
0,-235,34,-147,71,-96
-8,-238,41,-148,65,-73
-5,-245,37,-138,57,-56
-10,-244,38,-122,47,-45
-11,-244,33,-105,38,-39
-12,-246,36,-82,29,-34
-15,-246,34,-65,21,-27
-14,-247,31,-45,15,-21
-18,-244,33,-33,7,-27
-19,-242,34,-15,1,-14
-15,-243,33,12,-5,5
-15,-241,31,47,-11,14
-16,-234,31,79,-16,19
-12,-236,32,109,-14,21
-7,-233,32,136,-13,21
-6,-227,28,156,-7,22
-6,-224,29,170,0,23
-5,-217,30,174,8,23
0,-221,29,172,18,24
0,-217,27,167,28,24
0,-217,24,161,36,24
3,-213,29,154,43,26
10,-222,23,146,48,27
6,-212,31,132,48,17
8,-213,24,124,48,22
13,-216,23,117,47,32
12,-218,23,106,43,38
10,-218,26,92,39,40
13,-218,24,83,34,42
8,-223,27,68,30,39
6,-221,28,46,26,29
10,-223,32,42,34,46
6,-226,35,50,45,54
7,-229,35,58,52,53
4,-228,33,61,54,51
3,-227,35,63,54,50
2,-229,34,62,52,45
1,-235,42,59,52,41
1,-236,35,57,52,34
0,-242,37,53,54,25
0,-247,40,50,54,13
0,-248,42,56,53,1
-1,-253,44,66,54,-10
0,-253,40,89,56,-20
-4,-254,43,120,57,-30
-5,-256,38,156,55,-41
-2,-253,42,195,48,-55
-2,-253,43,232,40,-70
-2,-248,44,266,33,-85
-6,-241,41,293,27,-99
-4,-241,41,313,19,-111
-3,-241,35,321,11,-121
-9,-237,38,322,2,-127
-5,-235,37,316,-6,-133
-7,-232,33,305,-14,-134
-9,-233,40,296,-18,-134
-5,-231,41,285,-23,-135
-7,-229,41,276,-27,-136
-4,-232,49,267,-29,-136
-5,-232,48,256,-29,-136
-4,-230,50,247,-29,-134
-4,-231,51,237,-28,-132
-9,-235,49,227,-29,-129
-2,-237,50,210,-36,-125
-6,-237,48,196,-39,-113
-3,-244,48,184,-43,-97
-7,-244,46,174,-54,-81
-4,-248,44,164,-67,-65
-7,-249,51,157,-81,-49
-5,-249,50,155,-95,-34
-4,-254,51,161,-103,-18
-1,-254,50,169,-109,-6
0,-255,56,178,-112,5
1,-256,54,189,-114,18
1,-256,59,201,-115,27
2,-256,59,210,-112,35
5,-256,53,217,-111,42
6,-255,59,221,-108,47
8,-251,59,228,-104,51
7,-253,60,232,-97,53
9,-249,61,236,-91,53
11,-246,59,237,-86,54
16,-242,57,237,-82,52
18,-237,57,232,-78,51
18,-233,58,224,-76,50
19,-230,56,211,-73,48
17,-226,59,193,-72,45
18,-228,54,170,-72,43
14,-222,57,143,-76,41
12,-224,56,115,-79,41
12,-223,60,88,-83,41
9,-225,60,64,-84,45
5,-226,61,45,-86,46
1,-224,60,34,-90,47
4,-228,64,23,-93,52
3,-231,65,20,-100,54
0,-228,64,17,-103,55
0,-230,65,17,-103,52
5,-231,65,19,-101,48
5,-228,65,18,-97,42
4,-234,67,16,-90,34
8,-234,63,11,-81,25
7,-234,60,5,-72,16
6,-233,64,-2,-63,6
14,-233,60,-12,-53,-4
16,-236,62,-21,-43,-15
17,-236,60,-29,-32,-25
15,-235,61,-39,-19,-35
19,-246,68,-46,-6,-46
19,-236,59,-51,8,-56
22,-236,62,-55,21,-64
21,-236,59,-55,33,-73
23,-233,59,-53,44,-81
23,-235,65,-48,53,-90
22,-235,59,-45,62,-96
24,-232,63,-43,72,-100
19,-232,61,-41,80,-105
18,-232,56,-42,87,-108
19,-236,54,-47,94,-115
14,-231,39,-51,99,-118
13,-236,60,-57,104,-120
13,-238,58,-65,106,-121
6,-240,62,-76,109,-120
6,-241,58,-85,112,-118
2,-242,63,-94,116,-118
0,-244,59,-98,118,-115
-2,-246,62,-99,118,-110
0,-252,58,-94,117,-104
-5,-253,60,-91,113,-96
-9,-254,56,-85,104,-86
-8,-254,60,-79,95,-75
-4,-254,60,-74,83,-61
-6,-252,60,-69,77,-45
-6,-253,60,-64,72,-26
0,-251,58,-61,67,-8
-3,-249,62,-60,61,11
0,-250,61,-63,55,27
1,-245,65,-66,50,45
4,-248,60,-69,46,59
6,-247,63,-69,44,71
7,-244,58,-65,40,81
13,-245,56,-58,38,87
11,-243,57,-51,36,92
14,-242,56,-46,34,92
14,-239,54,-45,32,91
15,-236,51,-47,29,88
15,-235,52,-49,27,85
15,-232,51,-56,26,80
16,-226,49,-64,27,70
14,-226,48,-76,30,62
17,-225,44,-90,32,54
16,-225,42,-107,34,45
9,-224,45,-125,37,37
11,-226,42,-146,39,30
9,-228,44,-168,38,26
9,-227,47,-189,36,21
9,-227,44,-207,30,19
1,-228,48,-219,28,16
1,-232,46,-228,22,15
0,-235,45,-235,18,14
1,-239,50,-238,18,14
0,-242,51,-238,17,13
1,-244,53,-234,19,11
-3,-246,51,-229,21,9
0,-249,56,-217,26,7
0,-252,53,-206,30,5
1,-256,54,-192,30,4
0,-257,55,-177,32,0
1,-257,56,-160,31,-2
1,-256,57,-141,28,-6
5,-260,51,-118,23,-9
5,-256,54,-98,16,-12
8,-256,54,-77,8,-15
7,-254,55,-57,1,-18
8,-250,49,-40,-6,-22
13,-247,51,-28,-11,-26
12,-242,51,-19,-13,-29
10,-242,47,-16,-17,-31
14,-236,49,-18,-20,-35
13,-238,52,-23,-23,-38
11,-231,47,-33,-23,-39
12,-234,51,-45,-23,-44
12,-232,53,-60,-21,-45
11,-231,47,-74,-22,-48
12,-230,51,-86,-21,-51
11,-229,58,-97,-21,-56
7,-235,50,-109,-22,-61
11,-230,52,-117,-20,-67
9,-229,49,-126,-20,-71
15,-234,54,-134,-18,-77
8,-232,56,-137,-16,-85
9,-235,54,-143,-15,-92
12,-236,50,-150,-13,-100
9,-238,52,-157,-11,-108
10,-239,48,-162,-11,-116
12,-239,48,-166,-12,-123
10,-238,53,-169,-13,-132
11,-240,48,-170,-13,-141
14,-244,51,-172,-11,-152
12,-242,54,-172,-5,-160
15,-243,53,-169,4,-168
17,-246,56,-163,18,-178
14,-252,56,-155,35,-184
12,-254,58,-148,55,-190
16,-257,63,-141,74,-192
18,-257,64,-129,89,-191
16,-265,61,-114,99,-185
19,-269,63,-99,104,-177
16,-273,66,-77,104,-166
14,-272,64,-51,98,-154
15,-268,62,-20,87,-138
14,-266,64,15,73,-121
15,-258,61,45,56,-105
12,-253,61,69,41,-86
13,-248,60,80,28,-73
15,-244,52,83,14,-62
13,-238,57,71,4,-53
14,-236,54,52,-5,-47
12,-230,49,25,-11,-42
13,-229,51,-6,-14,-42
12,-225,49,-35,-17,-41
12,-228,50,-63,-17,-43
9,-229,51,-88,-16,-48
9,-230,49,-110,-11,-51
9,-236,54,-127,-7,-56
14,-239,53,-137,-1,-60
9,-239,56,-143,7,-61
12,-246,56,-145,15,-63
7,-250,67,-136,22,-61
14,-250,58,-124,29,-61
12,-253,60,-106,36,-58
15,-255,56,-88,43,-55
15,-254,62,-69,46,-51
20,-255,64,-48,48,-46
18,-253,60,-33,51,-42
21,-256,61,-20,50,-39
19,-252,58,-12,47,-38
18,-248,58,-5,45,-37
19,-246,59,0,42,-37
14,-247,57,1,40,-36
18,-242,54,0,38,-37
20,-240,56,1,38,-41
16,-238,56,0,38,-44
21,-240,59,0,41,-46
16,-236,57,3,43,-49
16,-237,55,4,45,-53
14,-239,55,2,47,-56
15,-238,55,-1,49,-57
14,-234,55,-4,52,-56
13,-238,55,-7,54,-57
14,-236,58,-10,56,-57
17,-239,60,-11,56,-57
11,-236,63,-15,58,-54
10,-240,62,-21,61,-54
12,-243,56,-23,62,-52
10,-242,58,-26,62,-50
11,-244,58,-30,61,-48
13,-243,61,-34,63,-46
13,-242,59,-38,63,-47
13,-241,62,-41,63,-47
11,-243,60,-42,65,-49
14,-243,57,-42,67,-51
15,-244,57,-42,69,-52
15,-246,57,-43,72,-54
14,-241,53,-42,73,-55
16,-244,53,-41,75,-55
18,-246,53,-39,75,-55
15,-244,54,-39,77,-57
14,-245,51,-38,77,-57
17,-245,48,-38,75,-55
14,-243,53,-38,76,-53
13,-245,51,-38,73,-51
14,-243,52,-41,70,-48
16,-242,53,-41,67,-44
13,-241,52,-46,64,-41
13,-243,52,-49,62,-38
9,-242,54,-51,61,-35
13,-243,52,-52,59,-31
10,-241,54,-53,55,-28
12,-242,52,-53,52,-26
8,-244,54,-50,49,-23
11,-242,58,-50,44,-21
11,-245,57,-50,39,-17
5,-242,53,-49,35,-15
11,-242,61,-48,30,-13
10,-242,60,-48,28,-12
10,-241,60,-47,24,-10
9,-246,54,-46,22,-8
11,-242,57,-46,17,-5
10,-242,57,-44,11,-2
7,-242,55,-43,8,-3
15,-242,55,-42,5,-1
12,-241,57,-44,4,0
12,-242,55,-39,5,-2
12,-241,53,-38,6,-6
14,-240,54,-38,8,-7
11,-241,55,-35,11,-9
15,-239,53,-35,15,-11
16,-242,53,-35,17,-12
14,-240,55,-38,20,-15
14,-239,51,-42,21,-15
15,-240,57,-46,19,-15
18,-240,58,-48,19,-14
15,-242,55,-53,18,-14
17,-238,58,-58,14,-13
13,-239,58,-61,12,-13
17,-239,55,-65,10,-11
14,-241,56,-70,9,-14
16,-238,58,-78,4,-15
17,-240,57,-82,4,-13
13,-240,59,-85,7,-11
14,-241,56,-87,9,-10
15,-239,56,-89,10,-11
17,-243,57,-91,11,-9
21,-244,55,-90,10,-8
14,-243,55,-90,12,-9
14,-243,56,-89,11,-7
14,-244,52,-87,13,-7
16,-244,57,-85,15,-5
17,-247,59,-81,15,-6
14,-245,54,-76,15,-6
18,-247,55,-73,16,-5
16,-246,53,-71,17,-3
15,-245,52,-67,18,-4
16,-248,57,-63,18,-4
11,-245,55,-62,19,-4
15,-244,53,-58,18,-4
16,-249,54,-57,18,-3
15,-244,54,-55,16,-2
15,-242,54,-49,13,0
15,-246,56,-45,12,1
17,-244,51,-40,12,1
17,-245,57,-35,11,2
15,-243,57,-32,10,2
16,-241,56,-30,9,1
14,-240,54,-28,9,2
18,-244,53,-28,12,0
18,-241,53,-28,14,1
19,-242,53,-29,16,1
15,-241,51,-31,18,1
20,-242,52,-34,21,1
19,-240,57,-37,21,-1
18,-239,52,-38,22,-3
17,-241,56,-39,24,-5
17,-238,54,-43,23,-7
16,-241,55,-46,24,-8
17,-241,55,-50,26,-11
18,-247,50,-56,28,-12
21,-234,51,-63,30,-15
16,-246,55,-66,31,-17
15,-243,56,-68,33,-17
15,-242,58,-69,35,-18
16,-244,54,-67,34,-21
17,-247,55,-63,33,-22
20,-247,51,-57,32,-21
18,-246,50,-52,31,-25
17,-243,53,-47,36,-25
16,-243,49,-37,41,-23
13,-246,54,-35,45,-23
10,-236,49,-33,44,-21
14,-244,54,-31,42,-20
15,-243,58,-34,40,-17
11,-243,56,-36,38,-15
13,-243,50,-36,36,-14
15,-248,52,-39,35,-15
14,-245,54,-39,35,-14
14,-241,54,-40,36,-15
15,-244,53,-41,38,-17
16,-244,51,-41,38,-17
14,-242,54,-42,36,-17
18,-247,52,-40,35,-14
16,-244,53,-41,35,-13
16,-243,52,-41,34,-14
16,-243,53,-42,33,-14
16,-243,49,-42,33,-12
18,-243,55,-43,31,-12
15,-240,51,-45,29,-11
15,-242,55,-49,28,-10
16,-239,50,-51,28,-8
13,-243,53,-55,26,-7
16,-243,54,-60,24,-7
14,-242,52,-63,21,-6
14,-243,50,-67,20,-4
14,-246,51,-69,17,-4
14,-243,57,-71,17,-3
15,-241,51,-71,15,-4
16,-245,53,-68,15,-5
14,-243,51,-67,15,-4
14,-241,54,-64,16,-4
17,-245,56,-61,17,-5
17,-245,51,-60,17,-3
15,-242,56,-59,19,-4
16,-243,54,-59,18,-4
16,-243,48,-60,19,-5
19,-244,56,-62,18,-7
17,-241,50,-61,17,-8
18,-243,53,-63,19,-7
16,-245,52,-66,18,-7
19,-242,53,-68,20,-6
16,-242,57,-71,20,-7
17,-244,52,-74,22,-9
18,-244,58,-76,24,-9
15,-241,53,-79,22,-10
17,-247,51,-81,22,-10
14,-244,53,-82,23,-10
17,-245,54,-84,24,-9
15,-243,52,-86,22,-6
16,-245,52,-83,23,-6
15,-245,54,-83,23,-5
15,-246,55,-80,24,-4
15,-247,52,-77,23,-3
16,-246,52,-73,22,-4
15,-245,54,-66,20,-4
15,-245,51,-66,21,-4
15,-245,53,-63,21,-4
16,-245,54,-59,23,-4
16,-247,50,-58,21,-6
16,-245,57,-54,20,-6
16,-242,49,-52,21,-8
17,-244,53,-50,21,-9
15,-242,53,-50,22,-9
18,-244,53,-46,21,-11
16,-246,52,-46,22,-11
16,-244,54,-43,22,-11
15,-244,54,-40,21,-12
17,-243,52,-38,20,-13
19,-242,50,-38,19,-14
19,-239,54,-38,19,-15
18,-243,46,-42,19,-16
17,-241,47,-42,20,-19
18,-246,50,-46,25,-21
20,-242,49,-48,26,-22
17,-242,51,-51,28,-23
18,-241,55,-54,28,-24
17,-244,53,-57,29,-24
19,-246,52,-59,29,-24
17,-243,49,-61,30,-24
18,-247,56,-61,31,-24
16,-248,52,-60,30,-24
13,-243,56,-59,31,-24
17,-245,53,-57,29,-25
17,-245,55,-53,29,-23
16,-245,52,-52,30,-25
18,-248,52,-48,31,-24
17,-246,52,-43,32,-22
17,-247,54,-40,33,-23
18,-246,52,-36,34,-24
17,-245,50,-33,34,-25
15,-243,54,-32,34,-25
16,-247,54,-31,33,-25
19,-245,55,-29,32,-25
19,-246,55,-30,30,-26
16,-244,54,-28,29,-27
16,-245,51,-29,26,-28
18,-244,53,-30,25,-27
20,-246,53,-30,23,-27
17,-242,49,-31,21,-28
18,-245,54,-33,21,-28
22,-244,54,-35,22,-29
17,-241,57,-36,23,-29
17,-244,54,-38,23,-28
17,-245,52,-39,22,-27
16,-244,57,-39,23,-26
18,-243,53,-40,24,-24
19,-244,53,-41,24,-23
17,-244,51,-42,23,-21
16,-242,52,-42,24,-20
19,-244,52,-41,23,-20
22,-237,55,-40,23,-17
19,-244,50,-41,24,-17
19,-244,55,-41,23,-18
16,-245,50,-42,23,-17
18,-244,55,-43,22,-17
17,-241,54,-43,23,-17
20,-245,55,-43,22,-18
21,-244,50,-43,23,-18
22,-246,55,-46,24,-19
19,-246,52,-45,26,-19
20,-243,53,-45,27,-21
15,-247,58,-44,28,-19
18,-243,54,-44,27,-19
18,-242,54,-45,24,-19
20,-248,51,-43,24,-17
17,-245,54,-46,22,-16
20,-245,56,-43,22,-15
18,-246,51,-43,20,-13
17,-248,54,-41,17,-11
20,-249,57,-40,16,-11
19,-245,57,-37,15,-10
18,-246,53,-35,14,-8
19,-246,49,-31,12,-7
20,-247,52,-30,12,-6
22,-248,54,-27,12,-7
16,-245,51,-25,14,-7
16,-239,49,-26,15,-6
20,-245,52,-25,12,-7
18,-244,49,-28,12,-6
18,-246,53,-30,11,-6
16,-241,53,-31,9,-7
15,-242,55,-33,8,-7
17,-237,54,-33,7,-7
18,-240,53,-34,6,-7
19,-243,53,-37,5,-8
18,-243,53,-38,4,-7
19,-245,54,-41,5,-8
17,-242,54,-42,7,-9
16,-242,53,-43,8,-10
17,-240,54,-43,9,-11
19,-245,55,-43,10,-11
15,-244,52,-42,10,-10
17,-245,54,-44,8,-9
17,-243,51,-43,9,-10
20,-244,48,-41,11,-11
21,-241,55,-40,9,-11
20,-244,54,-41,9,-10
18,-243,53,-41,8,-9
16,-242,54,-44,7,-9
18,-245,54,-44,5,-9
17,-243,50,-44,4,-8
17,-244,50,-44,3,-9
17,-247,48,-45,2,-9
19,-243,56,-43,2,-8
20,-242,52,-43,1,-9
19,-243,54,-40,1,-9
21,-244,51,-38,1,-11
18,-242,52,-38,1,-9
19,-245,58,-39,1,-10
19,-242,55,-40,2,-10
17,-246,59,-40,3,-10
17,-242,55,-40,4,-10
16,-246,57,-42,5,-9
19,-245,56,-42,4,-9
18,-243,52,-42,4,-8
19,-242,52,-43,3,-7
18,-245,53,-44,1,-7
16,-244,55,-44,0,-6
19,-245,51,-43,0,-6
17,-244,55,-43,0,-5
18,-242,54,-44,0,-4
19,-245,54,-44,1,-4
16,-245,51,-45,0,-5
18,-241,51,-45,1,-6
19,-244,55,-44,2,-7
20,-243,55,-42,3,-9
18,-242,53,-38,5,-9
21,-245,55,-35,7,-9
17,-245,55,-32,8,-9
20,-243,55,-29,9,-10
21,-244,56,-26,9,-11
19,-243,57,-25,10,-12
15,-242,56,-25,12,-12
15,-242,54,-25,12,-12
17,-240,54,-27,12,-14
18,-239,51,-28,12,-14
20,-244,52,-32,14,-14
16,-238,57,-34,12,-13
19,-244,56,-39,11,-15
18,-244,56,-42,11,-14
20,-244,55,-47,14,-14
21,-245,55,-48,14,-14
18,-243,58,-48,14,-13
21,-246,55,-49,13,-12
21,-244,50,-48,11,-10
18,-243,52,-53,10,-9
20,-243,55,-56,10,-9
16,-245,49,-57,10,-9
20,-245,57,-55,10,-10
18,-246,55,-50,10,-9
16,-245,52,-43,11,-9
18,-244,55,-36,12,-8
15,-243,56,-31,13,-8
19,-243,57,-28,13,-9
18,-242,54,-28,15,-8
18,-243,57,-28,16,-9
18,-243,54,-29,17,-9
17,-245,58,-33,18,-10
19,-243,56,-36,18,-8
20,-244,58,-38,19,-9
16,-241,53,-39,19,-9
17,-241,55,-39,17,-9
19,-241,51,-39,17,-10
16,-241,56,-39,16,-9
21,-243,58,-39,15,-10
19,-243,55,-40,15,-11
19,-243,52,-39,18,-12
18,-241,56,-40,19,-12
18,-242,57,-41,21,-15
20,-245,54,-41,23,-15
12,-246,55,-42,23,-15
17,-242,56,-44,23,-16
19,-242,52,-43,25,-17
21,-242,54,-42,25,-17
16,-243,53,-46,26,-16
21,-243,53,-47,23,-15
20,-243,53,-50,23,-16
17,-240,54,-52,22,-16
18,-244,51,-52,23,-15
19,-245,50,-53,25,-14
38,-228,65,-54,25,-14
19,-247,52,-53,25,-15
14,-243,52,-53,26,-15
21,-244,52,-52,25,-14
18,-243,55,-52,23,-14
20,-244,55,-52,24,-12
20,-244,54,-50,23,-12
19,-243,55,-47,22,-12
18,-244,55,-46,20,-12
19,-245,53,-45,18,-12
20,-242,52,-44,17,-10
18,-245,63,-44,16,-9
20,-246,54,-41,15,-11
20,-244,54,-41,14,-10
20,-242,51,-40,14,-11
17,-243,51,-41,13,-10
17,-245,53,-42,14,-10
19,-243,53,-40,14,-10
17,-244,52,-39,15,-9
15,-239,56,-38,16,-11
19,-242,53,-38,15,-9
20,-245,55,-39,13,-10
20,-244,50,-40,14,-9
17,-242,52,-39,13,-9
18,-245,49,-39,14,-10
23,-246,55,-39,13,-10
16,-244,55,-39,12,-11
17,-241,52,-37,13,-11
20,-242,53,-37,12,-10
20,-241,51,-38,12,-10
21,-243,55,-39,14,-9
18,-241,53,-42,13,-10
22,-242,56,-46,14,-10
17,-244,53,-48,13,-10
21,-239,55,-48,12,-9
20,-243,52,-53,13,-8
20,-244,52,-53,14,-9
18,-244,56,-54,14,-7
20,-244,52,-54,14,-9
17,-242,52,-55,15,-8
20,-241,55,-55,16,-8
21,-243,56,-54,17,-9
20,-243,51,-53,17,-8
19,-244,53,-54,18,-8
19,-242,54,-55,16,-9
20,-244,49,-53,17,-9
21,-243,58,-53,16,-9
21,-245,56,-53,15,-10
22,-244,52,-51,15,-11
18,-245,51,-49,15,-11
20,-245,51,-48,16,-9
21,-247,56,-48,16,-10
23,-246,51,-48,17,-9
20,-243,54,-49,18,-10
22,-244,53,-48,17,-9
20,-244,52,-46,15,-8
17,-243,53,-47,14,-8
18,-242,53,-46,12,-7
20,-241,54,-48,12,-6
18,-244,52,-49,12,-6
20,-243,53,-49,11,-6
20,-243,53,-51,9,-5
18,-240,51,-50,8,-4
20,-243,52,-50,8,-4
20,-244,56,-49,9,-5
17,-246,54,-50,11,-5
20,-248,54,-51,12,-7
18,-245,55,-51,14,-6
21,-244,57,-53,13,-6
21,-242,55,-54,15,-5
20,-245,50,-55,15,-5
19,-245,53,-57,15,-5
18,-243,57,-59,15,-6
22,-245,53,-60,12,-6
21,-244,53,-59,10,-4
20,-243,52,-60,7,-4
20,-245,51,-59,6,-2
20,-242,56,-58,5,-2
21,-243,53,-59,6,-2
21,-242,50,-56,6,-3
22,-246,53,-54,8,-4
18,-241,55,-55,10,-4
24,-244,54,-55,10,-5
18,-242,52,-56,12,-5
22,-244,53,-56,13,-5
20,-243,54,-56,14,-7
19,-242,56,-54,14,-7
17,-241,53,-54,15,-6
16,-243,51,-52,15,-9
20,-241,54,-51,15,-8
19,-244,52,-48,16,-8
20,-243,53,-48,17,-8
18,-244,51,-47,18,-8
20,-246,53,-48,19,-7
21,-245,53,-50,20,-7
20,-244,55,-49,19,-7
19,-243,56,-48,17,-7
23,-245,57,-49,17,-7
21,-242,54,-49,16,-6
19,-242,55,-51,15,-4
18,-247,53,-54,14,-4
18,-244,54,-54,14,-3
18,-242,57,-54,12,0
22,-244,56,-53,9,1
19,-242,55,-57,6,1
20,-242,53,-60,5,0
20,-240,52,-64,5,0
19,-241,54,-64,6,0
21,-244,51,-65,7,-1
15,-234,50,-62,10,-2
19,-244,53,-56,10,-3
22,-241,54,-55,11,-4
23,-243,49,-53,13,-4
22,-240,55,-55,16,-4
21,-242,52,-61,18,-3
23,-242,54,-64,18,-4
17,-241,52,-69,19,-5
20,-245,51,-73,19,-3
22,-243,52,-77,17,-2
21,-244,54,-77,17,-3
17,-252,66,-77,13,-2
19,-245,57,-74,11,-1
21,-245,56,-71,9,0
20,-245,58,-66,8,-1
18,-244,51,-62,7,2
17,-242,54,-58,7,1
19,-244,55,-58,6,2
18,-243,49,-58,7,1
18,-243,56,-59,6,2
18,-240,53,-63,5,1
17,-243,52,-63,6,1
32,-231,44,-64,7,1
19,-245,55,-64,6,0
19,-244,54,-61,5,1
19,-242,53,-60,6,0
23,-245,52,-59,5,0
21,-246,55,-59,7,0
18,-244,54,-58,7,0
17,-242,52,-55,6,0
16,-245,51,-55,7,0
19,-243,52,-56,8,0
18,-240,50,-55,6,1
20,-244,53,-53,7,1
19,-246,53,-54,5,1
17,-243,54,-55,5,0
22,-247,58,-54,4,2
20,-245,52,-52,5,2
20,-244,54,-52,5,2
17,-241,54,-51,5,3
18,-247,55,-50,5,3
20,-248,53,-48,5,4
19,-246,54,-45,7,4
16,-245,56,-44,8,3
22,-247,55,-41,8,3
19,-243,56,-40,10,3
18,-243,55,-40,10,4
20,-243,54,-40,9,3
23,-248,51,-38,9,3
18,-245,51,-38,10,4
20,-244,56,-38,11,3
20,-243,52,-40,11,4
20,-243,57,-41,9,3
18,-241,53,-45,10,3
20,-242,53,-45,9,3
18,-242,54,-47,9,3
21,-242,53,-45,7,4
20,-243,53,-45,5,4
18,-244,54,-46,5,4
17,-243,58,-47,5,5
18,-240,56,-47,7,5
19,-244,51,-46,6,4
18,-242,52,-47,7,4
21,-245,53,-48,9,4
16,-243,52,-48,10,4
18,-242,55,-49,13,5
19,-246,56,-49,13,5
17,-243,50,-49,14,5
18,-244,55,-52,15,3
18,-243,55,-53,15,3
23,-242,48,-53,15,1
18,-245,50,-52,16,1
20,-246,53,-49,17,-1
18,-244,54,-49,18,-1
20,-245,54,-50,18,-1
19,-245,54,-53,18,-2
19,-242,54,-53,18,-2
19,-246,51,-54,19,-1
19,-248,49,-55,19,-2
21,-244,52,-54,19,-2
17,-241,52,-56,18,-1
18,-243,55,-54,19,-1
20,-243,49,-54,18,0
17,-244,51,-53,17,-2
20,-245,53,-52,18,-1
20,-244,50,-51,21,-1
21,-245,55,-49,22,0
18,-247,50,-46,20,-3
19,-244,52,-45,22,-2
18,-246,52,-45,24,-3
19,-245,49,-45,24,-4
20,-246,53,-45,24,-3
18,-244,51,-45,24,-1
18,-247,56,-47,25,-3
17,-242,52,-51,23,-2
24,-251,53,-52,23,-4
18,-243,45,-55,25,-5
15,-244,55,-54,27,-5
17,-243,55,-55,29,-5
18,-243,53,-54,29,-6
20,-245,55,-54,31,-5
17,-245,53,-55,30,-6
19,-242,48,-55,31,-5
17,-242,52,-58,32,-5
17,-243,54,-59,31,-4
18,-244,52,-62,30,-4
18,-244,51,-64,29,-4
20,-246,55,-64,28,-2
18,-244,54,-65,27,-2
18,-246,50,-66,26,-2
17,-245,52,-68,27,-1
18,-248,50,-68,27,-1
17,-241,48,-68,28,-2
18,-244,49,-69,29,-3
22,-246,52,-67,28,-2
17,-245,53,-68,29,-4
20,-243,53,-68,32,-4
17,-242,50,-68,32,-5
20,-245,52,-69,33,-4
20,-244,48,-69,31,-6
20,-244,48,-71,32,-6
19,-249,47,-68,34,-7
18,-246,53,-66,33,-7
17,-244,52,-63,33,-7
17,-246,50,-59,35,-6
14,-245,48,-58,35,-6
18,-244,51,-56,35,-7
15,-245,54,-55,34,-8
19,-247,51,-55,34,-7
19,-242,48,-56,35,-7
17,-243,49,-57,35,-6
22,-256,63,-57,34,-5
20,-247,52,-59,34,-4
15,-244,53,-61,32,-4
17,-247,50,-62,31,-3
18,-242,53,-61,29,-1
20,-242,49,-64,27,0
21,-243,50,-66,22,1
19,-244,51,-70,21,3
16,-245,51,-74,19,3
17,-246,52,-76,18,2
20,-244,45,-77,16,1
16,-233,47,-74,16,1
15,-243,53,-70,15,2
16,-243,51,-68,16,1
17,-247,53,-64,18,2
17,-245,46,-65,18,2
18,-249,50,-66,17,2
18,-247,50,-67,19,3
17,-247,54,-69,19,4
18,-245,50,-70,19,4
17,-246,53,-69,17,3
17,-243,54,-69,18,3
17,-245,51,-66,17,3
17,-246,49,-63,17,4
14,-246,47,-59,18,2
20,-244,51,-59,18,3
17,-244,52,-58,19,2
18,-245,50,-58,20,1
17,-246,51,-59,22,-1
20,-247,50,-58,24,1
19,-244,49,-59,23,-1
21,-245,46,-56,23,-2
16,-246,50,-55,23,-1
19,-246,50,-55,23,0
18,-244,50,-54,22,-2
16,-247,49,-54,20,0
17,-244,47,-55,18,3
16,-242,49,-54,17,5
19,-243,49,-53,14,4
20,-245,51,-54,15,5
17,-246,47,-56,15,7
16,-247,48,-55,13,7
14,-245,51,-55,12,7
16,-244,50,-57,11,8
16,-247,48,-55,11,9
16,-249,51,-53,9,9
16,-248,48,-53,9,8
18,-247,51,-52,9,9
18,-243,51,-51,9,8
16,-247,50,-50,8,8
17,-246,51,-49,10,9
17,-242,51,-49,10,10
19,-248,53,-47,10,9
16,-245,49,-47,11,10
18,-244,49,-47,11,9
16,-244,53,-46,13,8
21,-248,50,-45,14,8
18,-244,49,-44,13,9

