-.-.-
-4,-257,66,-13,57,-1
-4,-257,70,-12,58,-1
-5,-257,69,-11,59,-1
-4,-258,70,-12,59,-1
-3,-257,68,-13,60,0
-3,-259,72,-13,61,0
-5,-259,69,-12,60,0
-3,-259,67,-14,60,-1
-4,-256,68,-12,59,-2
-4,-258,67,-14,59,0
-2,-259,72,-15,59,-1
-1,-257,67,-16,59,-2
-6,-256,68,-17,59,-2
-4,-258,66,-16,60,-2
-3,-259,68,-18,60,-1
-5,-259,67,-16,60,-1
-5,-256,72,-16,59,-2
-6,-256,68,-17,59,-1
-6,-255,68,-17,59,-1
-2,-256,69,-20,59,-1
-4,-256,67,-21,59,0
-4,-256,71,-22,59,1
-5,-258,69,-23,58,0
-3,-257,66,-24,60,0
-4,-255,70,-24,58,1
-4,-257,69,-24,59,0
3,-261,61,-25,58,-1
-4,-257,65,-25,58,-2
-2,-256,66,-26,58,-1
-4,-257,69,-26,57,0
-2,-259,66,-26,57,0
-6,-257,67,-27,57,-2
-1,-258,65,-26,55,-1
-2,-258,65,-27,56,-1
-4,-256,68,-28,57,1
-1,-259,66,-27,57,0
-1,-257,71,-26,56,-1
-4,-257,69,-26,57,1
-5,-258,66,-26,58,-1
-3,-258,66,-25,58,-1
-3,-259,70,-26,59,0
-4,-257,68,-27,60,-2
-5,-257,67,-26,60,-1
-3,-256,65,-24,59,-1
-5,-258,67,-23,60,-1
-2,-258,69,-22,60,0
-4,-259,68,-22,59,0
-4,-256,68,-23,59,0
-5,-256,65,-22,61,0
-4,-255,66,-22,61,0
-2,-257,69,-22,61,-1
-1,-259,66,-22,62,-1
-1,-257,65,-23,61,-2
-2,-258,67,-22,61,-1
-4,-257,71,-22,62,-3
-1,-258,70,-22,60,-2
-3,-258,66,-23,61,-3
-1,-257,70,-22,61,-3
0,-259,66,-22,60,-4
-2,-258,67,-21,62,-3
-3,-258,69,-22,62,-3
-1,-257,70,-23,62,-4
-5,-257,67,-21,62,-4
-4,-260,69,-20,61,-4
0,-257,67,-19,61,-4
-5,-259,66,-18,62,-5
-6,-258,68,-17,62,-4
-1,-260,68,-16,63,-4
-2,-259,67,-18,62,-3
-2,-260,70,-17,61,-3
-5,-258,69,-18,61,-2
-3,-258,69,-16,60,-1
-4,-256,68,-16,61,-2
-1,-260,70,-14,59,-2
-8,-255,66,-14,57,0
-6,-260,71,-11,57,0
-5,-256,70,-13,60,0
-5,-261,70,-14,60,0
-5,-258,70,-15,59,-1
-6,-257,69,-16,60,-1
-3,-259,70,-17,58,-1
-5,-257,71,-18,58,-2
-4,-257,67,-20,59,-2
-6,-257,70,-22,59,-3
-4,-259,66,-22,59,-3
-4,-257,67,-22,59,-3
-3,-257,69,-23,60,-3
-4,-257,70,-23,59,-3
-3,-260,68,-22,61,-2
-3,-258,70,-21,61,-4
-3,-259,68,-22,60,-4
-3,-258,67,-21,59,-5
-7,-258,69,-19,61,-3
-3,-257,65,-19,61,-3
-3,-258,64,-19,60,-3
-1,-260,69,-18,60,-3
-1,-258,68,-16,60,-1
0,-257,66,-16,60,-1
-2,-257,69,-16,59,-2
-2,-257,69,-14,58,-1
-3,-257,66,-13,59,1
-4,-256,67,-12,57,0
-5,-259,66,-11,56,1
-5,-259,68,-11,57,1
-2,-258,66,-10,55,0
-5,-257,67,-11,56,2
-3,-258,65,-11,58,1
-4,-258,67,-10,58,1
-4,-259,67,-10,58,0
-3,-257,67,-10,57,2
-3,-259,69,-12,58,1
-1,-259,73,-12,58,2
-2,-257,69,-11,58,2
-6,-257,69,-12,59,0
-3,-258,66,-12,56,3
-6,-257,67,-12,56,3
0,-257,69,-10,56,3
-2,-261,69,-11,58,1
-2,-258,67,-9,58,2
-2,-257,69,-9,56,3
1,-259,69,-8,55,3
-1,-260,70,-8,54,3
-4,-260,69,-8,55,3
-2,-258,71,-8,54,3
-4,-259,66,-7,53,4
-2,-259,69,-8,52,3
-4,-256,68,-9,53,4
-3,-256,68,-9,53,4
-3,-256,65,-11,51,5
-5,-258,70,-11,52,3
-5,-255,72,-12,53,3
-5,-257,69,-12,53,5
-5,-258,66,-12,55,4
0,-251,68,-12,55,4
-1,-256,67,-12,53,3
-3,-258,68,-13,54,1
-5,-259,67,-13,53,2
-6,-256,66,-15,53,1
-3,-258,68,-15,54,2
-1,-258,66,-17,55,1
-7,-255,67,-17,55,2
-2,-260,68,-16,55,2
-5,-259,66,-16,55,2
0,-257,67,-17,54,4
-3,-259,71,-17,55,2
-5,-256,68,-16,53,2
-5,-257,67,-17,54,2
-3,-256,66,-17,53,2
-4,-258,66,-16,53,2
-4,-260,69,-14,53,2
-5,-258,68,-17,50,4
-5,-258,67,-17,50,4
-3,-257,68,-17,48,2
-4,-258,67,-17,50,3
-9,-259,65,-15,50,1
-3,-259,69,-17,49,3
-4,-259,67,-15,48,2
-4,-258,67,-15,50,3
-6,-256,64,-14,49,2
-1,-259,64,-14,50,4
-4,-258,68,-12,50,5
-5,-258,69,-13,50,4
-1,-258,70,-14,50,4
-6,-256,67,-14,50,4
-7,-257,68,-14,49,5
-8,-261,71,-13,48,3
-5,-257,67,-14,47,4
-5,-257,67,-14,47,5
-6,-259,69,-14,47,5
-5,-258,69,-14,45,3
-4,-256,67,-13,44,4
-7,-257,68,-12,44,4
-5,-257,69,-13,45,4
-7,-256,68,-13,44,2
-5,-257,67,-13,45,2
-3,-260,70,-13,45,1
-5,-260,65,-15,45,-1
-5,-258,66,-15,47,-2
-2,-262,68,-15,48,-5
-4,-259,66,-16,50,-7
-7,-259,66,-16,51,-7
-3,-258,67,-14,55,-8
-1,-259,70,-12,57,-7
-1,-260,63,-11,61,-9
-4,-257,67,-10,65,-9
-2,-258,67,-8,66,-7
-5,-257,67,-8,69,-8
-2,-256,65,-8,69,-7
0,-259,66,-7,70,-4
-3,-257,68,-7,70,-4
-5,-256,70,-6,70,-1
-6,-255,69,-6,70,-2
-5,-257,67,-6,67,-1
-7,-256,67,-9,64,0
-4,-256,67,-11,60,-1
-4,-255,66,-13,57,2
-7,-257,66,-16,54,3
-4,-258,69,-18,52,3
-5,-258,65,-20,52,2
-4,-258,67,-22,50,3
-5,-257,71,-23,48,2
-4,-257,69,-24,46,1
-6,-259,70,-23,47,1
-1,-258,69,-24,46,3
0,-259,69,-24,46,2
-6,-256,69,-22,46,3
-6,-258,67,-22,48,5
-5,-258,65,-20,48,6
-6,-257,67,-19,49,6
-6,-258,68,-18,49,6
-5,-257,65,-16,49,7
-3,-256,65,-15,50,7
-5,-255,69,-16,51,7
0,-258,68,-16,51,7
-4,-259,68,-17,51,8
-4,-257,67,-18,53,7
-6,-258,69,-20,53,7
-4,-258,68,-21,52,7
0,-257,64,-21,53,5
-4,-259,70,-20,52,4
-5,-258,66,-22,52,4
-3,-256,68,-21,50,4
-3,-256,70,-22,50,4
-6,-257,67,-21,50,3
-4,-258,68,-20,50,4
-4,-259,67,-20,49,3
-6,-258,69,-21,50,5
-4,-257,69,-20,50,6
-4,-261,65,-19,50,5
-6,-258,67,-19,51,5
-4,-261,68,-19,50,5
-6,-259,71,-17,50,7
-4,-259,67,-18,52,6
-6,-257,66,-17,51,7
-3,-258,65,-17,50,8
-4,-258,68,-16,51,7
-3,-256,66,-16,52,6
1,-257,71,-16,52,8
1,-259,65,-16,56,7
2,-257,72,-17,57,7
-6,-256,67,-18,58,7
-2,-258,69,-18,59,8
-6,-257,70,-18,61,6
-3,-257,68,-19,62,7
0,-256,70,-21,64,6
-4,-257,68,-24,65,6
-3,-257,69,-26,68,5
-1,-257,68,-26,72,5
-2,-257,65,-29,73,5
-4,-256,68,-31,75,5
1,-256,69,-34,78,4
-3,-257,68,-36,79,3
1,-258,67,-38,83,4
0,-257,67,-39,87,3
-3,-257,69,-41,90,4
3,-258,65,-45,94,3
-1,-259,66,-46,98,3
-5,-259,67,-47,102,3
-9,-259,68,-49,104,6
-4,-258,68,-55,102,12
0,-262,66,-59,98,13
-3,-261,65,-59,103,13
-1,-260,65,-59,113,14
3,-259,66,-55,114,14
-2,-256,65,-51,117,15
-5,-257,66,-50,121,15
-4,-258,67,-52,125,16
-3,-257,66,-54,132,17
1,-261,66,-55,140,16
-6,-257,67,-55,144,19
-6,-260,67,-54,144,20
-6,-258,64,-55,140,22
-5,-256,62,-57,139,25
-8,-258,66,-62,134,27
-9,-260,64,-66,129,33
-9,-258,65,-70,122,37
-12,-259,64,-72,114,41
-12,-261,61,-68,107,47
-16,-259,61,-65,95,49
-14,-260,64,-61,85,52
-13,-261,64,-55,75,55
-17,-259,64,-49,64,58
-11,-256,64,-40,55,60
-16,-260,60,-31,46,59
-16,-259,63,-23,38,59
-14,-261,63,-16,31,58
-17,-262,64,-10,25,56
-12,-260,64,-5,21,53
-9,-259,64,0,20,51
-9,-256,67,3,21,49
-7,-256,64,5,24,43
-9,-254,65,5,31,40
-4,-256,68,4,40,37
-4,-257,69,1,46,33
-7,-256,65,-2,52,30
-7,-259,69,-5,57,28
-4,-257,68,-7,58,26
-5,-259,65,-8,58,23
1,-260,64,-6,58,21
-1,-261,66,-2,59,16
-5,-257,61,-2,59,11
-1,-262,65,-2,61,6
-7,-259,65,-1,62,4
2,-258,62,-4,62,1
3,-258,65,-4,63,-5
0,-256,66,-6,69,-9
-4,-259,62,-6,77,-13
-2,-260,65,-7,85,-15
-1,-259,67,-8,90,-16
4,-257,67,-16,95,-16
3,-256,67,-24,101,-18
2,-257,65,-30,112,-18
0,-260,68,-35,124,-19
1,-258,67,-38,131,-18
4,-257,68,-39,137,-17
4,-257,66,-37,141,-15
0,-258,70,-34,146,-11
-7,-257,71,-35,153,-7
-1,-257,69,-34,150,-5
-6,-255,67,-37,143,-1
-8,-256,67,-43,135,5
-8,-255,65,-51,127,10
-17,-258,67,-55,120,15
-22,-257,68,-54,104,17
-19,-258,65,-49,75,17
-9,-258,67,-43,45,14
-16,-255,63,-45,19,8
6,-257,60,-52,2,2
-19,-256,64,-69,10,7
-21,-257,63,-72,34,2
-4,-261,66,-82,44,6
-8,-261,67,-98,42,8
-9,-257,66,-96,48,4
-11,-258,66,-87,62,-4
-8,-259,67,-75,71,-12
-8,-258,65,-68,72,-19
-7,-259,65,-64,70,-26
-5,-260,67,-64,74,-32
-7,-259,63,-60,83,-39
-5,-259,63,-53,97,-43
-10,-260,63,-45,106,-45
-8,-260,62,-41,110,-45
-7,-259,59,-38,108,-44
-9,-262,65,-33,102,-42
-8,-261,63,-26,97,-38
-4,-262,65,-16,95,-37
-4,-256,69,-2,91,-38
-11,-257,67,7,82,-38
-8,-255,67,10,64,-39
-7,-258,68,4,45,-40
-9,-256,66,-5,33,-41
-7,-257,64,-16,23,-42
-8,-257,69,-25,13,-39
-3,-258,66,-29,10,-34
-6,-259,63,-29,9,-31
-13,-256,67,-30,15,-27
-12,-256,64,-30,20,-21
-12,-255,64,-36,13,-19
-11,-254,68,-50,6,-19
-10,-255,68,-65,2,-19
-7,-258,67,-75,3,-19
-10,-261,63,-80,7,-18
-15,-259,62,-77,18,-13
-8,-261,66,-74,18,-12
-12,-259,67,-79,18,-15
-12,-259,63,-84,16,-18
-7,-261,61,-94,15,-23
4,-262,62,-98,21,-23
5,-262,57,-94,39,-22
3,-266,59,-74,73,-16
2,-263,60,-45,94,-12
2,-260,62,-27,104,-10
-2,-259,63,-24,100,-13
-7,-256,64,-35,86,-14
-5,-260,65,-49,65,-18
-3,-258,67,-56,48,-19
1,-261,66,-51,38,-18
-4,-260,67,-38,38,-15
-2,-260,66,-19,43,-13
-4,-260,63,-7,50,-12
-5,-260,63,-1,56,-12
-4,-258,60,-3,62,-15
-3,-261,64,-10,66,-13
-4,-257,62,-18,64,-12
-2,-260,63,-25,60,-8
-6,-259,65,-30,53,-5
-1,-260,70,-28,48,-1
-1,-260,66,-22,46,1
0,-258,65,-13,45,5
-2,-258,65,-3,44,10
-4,-258,65,3,43,15
-3,-257,66,7,43,16
0,-257,64,8,40,19
-3,-255,64,9,38,24
-4,-256,63,6,39,25
-3,-256,60,-1,41,27
-2,-258,62,-9,45,25
0,-257,63,-20,51,22
1,-259,61,-29,60,20
2,-262,65,-37,68,16
-6,-262,64,-37,76,12
3,-260,60,-30,77,6
-5,-256,64,-23,76,0
3,-258,64,-18,80,-6
-1,-258,65,-14,86,-9
3,-262,67,-3,94,-18
5,-261,64,4,104,-22
7,-260,67,6,122,-25
1,-263,66,4,147,-26
4,-263,68,2,163,-29
3,-262,64,2,172,-34
3,-265,64,6,173,-41
3,-264,61,13,167,-49
4,-265,59,21,158,-54
1,-264,61,28,145,-60
2,-260,58,35,128,-66
1,-261,59,39,112,-70
-3,-261,61,43,102,-74
-8,-257,57,46,91,-78
-5,-258,62,49,85,-77
-6,-256,61,47,84,-77
-5,-256,62,42,88,-73
-11,-253,65,32,94,-67
-14,-255,66,18,102,-61
-14,-252,63,-1,106,-52
-16,-253,67,-18,106,-44
-14,-255,65,-35,104,-35
-15,-253,65,-53,101,-25
-16,-259,65,-66,97,-16
-15,-257,65,-72,92,-8
-13,-260,64,-71,87,-1
-16,-262,66,-64,84,3
-24,-260,58,-47,79,8
-14,-263,65,-29,74,9
-11,-262,63,-13,69,8
-15,-264,64,-2,66,8
-15,-263,62,8,63,7
-11,-263,61,15,59,6
-9,-263,58,21,56,5
-10,-257,60,20,51,-2
-15,-261,59,8,43,-5
-2,-259,60,-7,31,-5
-11,-259,55,-14,22,-9
-4,-258,57,-24,21,-5
-10,-258,55,-31,11,-1
-10,-258,54,-35,5,9
-18,-256,57,-50,-5,16
-19,-259,60,-70,-18,29
-20,-259,53,-79,-24,44
-21,-262,53,-75,-26,55
-19,-262,57,-68,-27,64
-19,-257,53,-59,-29,68
-17,-261,54,-51,-31,70
-19,-259,49,-48,-30,73
-15,-259,60,-45,-30,73
-14,-259,58,-36,-32,72
-11,-262,54,-15,-32,76
-7,-262,54,8,-30,81
-10,-263,53,28,-24,83
-4,-262,55,38,-17,81
-3,-262,57,40,-11,79
-5,-263,56,35,-7,78
-8,-263,54,24,-5,73
-5,-267,52,8,-4,68
-4,-267,56,-13,-4,65
-4,-268,56,-34,-2,60
-4,-271,51,-57,-3,52
-4,-270,49,-77,-3,45
-3,-274,48,-93,-5,38
4,-278,42,-105,-10,33
2,-274,36,-109,-19,28
4,-269,36,-106,-31,29
4,-270,35,-101,-44,33
4,-264,30,-96,-53,38
10,-254,18,-96,-60,43
4,-254,17,-106,-60,46
6,-252,17,-126,-57,46
4,-244,13,-156,-53,44
6,-242,10,-194,-46,38
4,-237,4,-235,-39,33
5,-232,3,-279,-32,27
5,-231,0,-324,-23,19
7,-229,-1,-367,-19,12
6,-224,-6,-405,-12,5
7,-217,-10,-441,-7,-3
6,-215,-9,-471,-1,-8
8,-216,-11,-498,4,-14
6,-210,-14,-517,6,-17
5,-203,-22,-530,9,-20
9,-202,-20,-538,11,-25
6,-195,-28,-544,13,-28
9,-187,-28,-553,16,-28
9,-181,-32,-566,19,-30
10,-173,-36,-582,27,-35
12,-160,-32,-601,36,-37
12,-156,-36,-617,45,-40
12,-140,-32,-634,53,-45
18,-129,-28,-646,58,-51
20,-119,-29,-661,61,-58
16,-111,-24,-674,63,-65
15,-94,-19,-694,61,-71
11,-85,-21,-715,57,-75
13,-75,-14,-739,57,-81
18,-67,-14,-766,60,-85
14,-64,-16,-799,61,-87
15,-61,-16,-837,68,-86
12,-55,-14,-874,76,-87
8,-52,-19,-912,83,-85
9,-51,-20,-956,85,-79
4,-53,-21,-1013,80,-80
-2,-56,-18,-1081,71,-85
-9,-62,-19,-1151,62,-90
-13,-66,-22,-1222,48,-85
-14,-72,-23,-1293,23,-79
-7,-85,-29,-1370,-4,-77
-17,-98,-35,-1453,-31,-83
-18,-116,-34,-1537,-50,-83
-18,-128,-31,-1615,-75,-79
-7,-144,-40,-1683,-97,-69
-25,-163,-37,-1737,-113,-68
-29,-188,-36,-1776,-122,-73
-31,-211,-29,-1805,-136,-81
-42,-234,-19,-1813,-157,-97
-43,-254,-11,-1781,-178,-126
-37,-276,-2,-1704,-203,-164
-33,-293,4,-1589,-242,-213
-25,-305,9,-1446,-280,-258
-22,-312,8,-1297,-315,-296
-18,-317,7,-1154,-340,-314
-10,-319,1,-1024,-367,-319
-8,-325,0,-916,-402,-326
-8,-334,-10,-834,-443,-329
4,-343,-16,-769,-491,-316
5,-344,-21,-705,-532,-299
5,-346,-23,-634,-569,-281
8,-347,-27,-560,-603,-260
10,-350,-32,-495,-640,-224
14,-347,-31,-454,-669,-180
13,-337,-41,-440,-678,-123
12,-330,-51,-453,-661,-55
14,-324,-48,-488,-624,15
17,-323,-51,-534,-571,80
21,-320,-58,-571,-509,138
24,-320,-57,-591,-438,193
28,-318,-63,-597,-356,235
19,-320,-61,-594,-269,277
29,-328,-57,-570,-185,330
48,-338,-58,-541,-121,364
47,-345,-57,-518,-75,361
51,-363,-56,-485,-38,326
54,-378,-49,-442,-30,256
43,-379,-51,-371,-47,169
35,-373,-47,-270,-68,89
26,-356,-50,-139,-90,20
22,-344,-54,-14,-113,-50
10,-333,-57,88,-132,-114
6,-323,-51,171,-158,-156
13,-318,-48,241,-189,-183
7,-316,-39,288,-222,-215
-2,-322,-26,306,-244,-254
-10,-336,-13,308,-267,-291
-15,-348,9,312,-303,-320
-21,-375,39,338,-356,-336
-33,-403,63,364,-427,-358
-51,-447,118,415,-505,-383
-91,-507,162,554,-587,-376
-112,-588,156,779,-633,-307
-107,-677,134,990,-656,-198
-53,-757,58,1188,-669,-116
-99,-819,-96,1323,-621,-98
-79,-802,-202,1252,-569,-83
-31,-691,-273,1138,-540,-91
-3,-570,-292,1074,-538,-160
-3,-487,-250,1043,-607,-190
-26,-448,-144,1007,-647,-140
-32,-398,77,1045,-555,-77
-39,-354,169,1478,-395,-16
-40,-332,189,2128,-239,97
-44,-319,172,2771,-85,218
-43,-300,157,3299,62,305
-38,-274,142,3671,189,337
-24,-252,133,3870,289,333
-2,-217,137,3894,360,325
12,-207,140,3772,415,321
27,-195,147,3534,456,324
37,-191,149,3213,485,330
39,-189,155,2844,497,326
41,-180,167,2466,493,307
44,-170,163,2096,476,276
48,-159,166,1738,451,249
43,-147,167,1395,429,232
41,-137,162,1070,407,223
37,-132,149,766,384,224
31,-130,132,472,359,221
27,-133,127,190,328,216
16,-134,111,-77,287,203
9,-141,102,-320,233,188
5,-146,89,-537,169,170
-5,-151,83,-717,97,148
-9,-162,75,-855,20,130
-8,-170,72,-948,-61,106
-11,-181,69,-994,-139,80
-15,-192,68,-1001,-210,50
-9,-221,64,-962,-274,22
-21,-224,73,-884,-331,-2
-16,-242,69,-776,-378,-27
-15,-258,64,-646,-414,-48
-16,-276,61,-505,-432,-65
-15,-287,49,-355,-436,-81
-11,-303,38,-201,-422,-95
-8,-311,36,-42,-388,-106
-8,-325,29,123,-333,-111
-3,-330,28,294,-261,-110
-5,-337,29,463,-170,-103
-2,-342,28,625,-67,-91
-6,-341,33,783,37,-75
-2,-341,36,930,132,-60
-1,-335,38,1066,211,-45
0,-322,41,1186,274,-32
3,-315,42,1282,320,-23
3,-302,38,1351,351,-21
5,-289,44,1387,365,-25
4,-276,43,1394,362,-34
5,-264,40,1369,343,-43
6,-255,39,1310,309,-51
17,-248,35,1225,264,-55
10,-251,41,1121,210,-54
9,-245,39,1028,154,-47
8,-243,38,906,108,-37
13,-248,44,785,68,-22
11,-250,38,671,37,-8
11,-251,39,567,18,8
7,-251,38,476,2,21
9,-257,38,403,-8,29
5,-259,38,342,-11,38
5,-262,43,295,-7,47
4,-265,42,264,7,53
0,-267,50,245,22,53
-1,-263,52,239,44,49
-3,-261,56,242,69,38
-5,-259,53,249,94,28
-6,-257,61,260,120,16
-8,-258,63,273,144,2
-8,-258,66,289,166,-15
-10,-254,68,306,183,-30
-11,-253,73,322,197,-43
-5,-248,69,336,204,-52
-11,-248,75,350,209,-57
-8,-250,75,359,211,-62
-10,-249,82,368,207,-65
-5,-247,86,375,201,-67
-3,-251,85,383,191,-69
-5,-250,85,391,178,-69
-5,-249,89,399,165,-66
-3,-249,90,407,151,-63
0,-249,96,419,136,-60
-2,-250,97,430,122,-55
-2,-252,100,443,108,-48
3,-252,101,455,94,-43
1,-250,101,469,81,-37
1,-249,105,483,71,-30
0,-249,102,498,61,-24
3,-247,105,510,52,-18
3,-250,105,522,46,-12
0,-250,104,531,41,-6
-3,-250,107,540,38,-2
-1,-248,106,545,35,0
-6,-250,100,548,35,3
-14,-248,103,547,36,7
-9,-249,104,543,38,8
-10,-248,97,538,39,7
-10,-249,103,527,42,7
-13,-244,100,514,47,6
-17,-245,103,499,49,3
-15,-247,103,485,55,2
-17,-248,103,470,61,2
-16,-248,105,458,65,0
-16,-245,106,447,69,0
-16,-249,110,441,72,0
-17,-248,108,437,73,1
-15,-248,111,435,75,2
-13,-248,110,434,75,1
-15,-249,110,433,76,2
-12,-247,114,434,74,3
-14,-248,114,434,72,7
-14,-245,115,431,71,8
-13,-243,115,424,71,7
-13,-240,114,416,70,7
-13,-237,116,406,69,7
-17,-236,120,395,65,6
-13,-235,122,383,59,4
-13,-233,118,366,55,3
-10,-230,118,353,53,1
-14,-231,117,335,49,-1
-14,-230,115,318,43,-1
-14,-232,112,298,37,-2
-14,-228,120,280,34,-3
-11,-232,116,264,35,-2
-14,-231,119,252,35,-1
-13,-232,119,243,36,0
-15,-230,117,235,39,3
-13,-233,117,230,40,7
-16,-231,117,221,41,13
-15,-229,114,216,44,15
-12,-231,117,209,49,18
-12,-234,120,203,57,18
-13,-232,116,199,61,20
-12,-234,120,193,63,18
-10,-234,117,187,67,18
-8,-237,121,182,70,19
-9,-238,121,181,72,16
-6,-238,121,181,74,13
-1,-240,113,181,74,10
-9,-239,119,180,75,8
-4,-240,122,181,74,7
-6,-244,123,180,75,4
-1,-242,127,180,73,4
-4,-243,125,180,74,3
-5,-240,122,181,70,4
-3,-240,123,178,64,1
-5,-239,123,176,58,2
-1,-241,123,176,54,3
-2,-240,126,175,48,3
-3,-239,123,174,46,4
0,-239,123,175,45,7
0,-239,126,174,41,10
3,-240,125,173,40,11
1,-239,124,171,39,13
-4,-234,124,168,39,14
-3,-235,127,167,39,17
0,-236,126,165,40,17
-3,-234,127,161,40,18
-2,-234,128,158,42,19
-7,-239,136,154,42,20
1,-234,124,150,42,21
1,-234,126,146,45,22
-4,-232,129,140,44,22
-1,-234,126,134,43,23
-3,-230,127,126,45,23
-1,-231,126,117,45,23
-4,-231,127,109,46,22
-6,-230,129,100,45,22
-6,-231,127,93,45,21
-7,-230,128,84,46,21
-8,-226,127,78,47,20
-7,-229,127,71,47,21
-6,-232,128,63,48,21
-9,-230,127,54,51,21
-5,-230,130,47,54,22
-10,-231,131,39,57,22
-9,-232,131,33,61,22
-11,-228,129,30,63,20
-8,-232,133,28,65,20
-7,-231,129,27,66,21
-11,-232,128,28,68,20
-7,-237,131,29,70,20
-9,-235,130,30,70,19
-17,-229,134,29,70,17
-11,-231,129,30,70,17
-13,-230,131,29,71,16
-16,-229,132,28,72,17
-13,-232,129,28,72,14
-15,-230,130,28,73,14
-14,-232,135,27,73,15
-14,-231,134,27,73,14
-11,-229,132,26,74,13
-14,-229,131,26,71,13
-15,-231,132,24,71,15
-15,-227,131,22,67,15
-14,-229,134,24,66,16
-12,-229,132,22,65,16
-13,-229,129,20,64,16
-12,-230,131,16,60,16
-13,-228,131,15,58,14
-14,-228,131,10,58,13
-9,-228,129,7,57,14
-7,-230,131,3,55,13
-6,-232,127,-2,55,12
-6,-230,132,-8,55,11
-6,-229,132,-14,56,10
-7,-230,131,-20,58,8
-5,-232,133,-28,58,8
-2,-228,131,-33,61,8
-4,-230,130,-39,62,5
-2,-230,127,-46,66,6
-2,-231,132,-48,69,6
-4,-230,130,-54,72,3
-3,-230,130,-58,74,3
1,-233,129,-62,74,1
-1,-233,134,-65,77,1
-4,-234,129,-68,78,-1
-1,-235,130,-69,80,-1
0,-236,129,-73,80,-2
-2,-234,129,-74,81,-3
-3,-231,131,-77,82,-5
0,-234,132,-78,84,-6
-8,-234,128,-80,87,-6
-7,-232,129,-81,89,-6
-5,-233,126,-81,92,-8
-5,-231,129,-81,93,-7
-5,-233,128,-82,94,-9
-3,-230,129,-81,96,-10
-4,-232,133,-83,97,-10
-4,-234,130,-82,99,-10
-7,-232,130,-83,100,-10
-10,-234,128,-84,102,-11
-7,-235,129,-85,104,-13
-8,-234,126,-87,103,-14
-8,-232,127,-87,107,-15
-7,-234,130,-89,108,-14
-9,-235,129,-89,109,-15
-11,-234,126,-91,109,-17
-8,-233,125,-91,114,-17
-11,-235,126,-90,115,-15
-11,-233,127,-91,115,-16
-12,-233,128,-90,117,-15
-14,-236,128,-91,118,-15
-12,-233,127,-92,117,-15
-13,-237,131,-91,118,-14
-12,-234,128,-91,117,-14
-12,-233,127,-91,115,-14
-16,-233,128,-91,112,-14
-13,-237,129,-90,111,-14
-14,-236,128,-90,108,-12
-14,-235,128,-92,105,-13
-12,-234,128,-95,104,-14
-13,-234,126,-99,104,-14
-12,-234,125,-102,102,-15
-9,-237,126,-105,100,-14
-15,-233,129,-106,100,-15
-13,-234,127,-109,100,-14
-12,-237,126,-111,98,-15
-14,-237,127,-114,97,-14
-13,-234,124,-114,95,-15
-13,-239,126,-114,94,-16
-11,-236,128,-115,92,-15
-15,-237,126,-113,89,-14
-14,-238,126,-115,88,-15
-12,-240,123,-114,86,-16
-11,-236,123,-114,84,-15
-14,-237,125,-116,81,-14
-14,-237,125,-116,78,-15
-4,-237,135,-117,75,-14
-11,-237,127,-119,72,-15
-8,-237,125,-120,68,-15
-12,-237,124,-120,65,-17
-13,-237,123,-121,62,-16
-9,-236,121,-124,60,-15
-10,-239,123,-126,59,-15
-7,-241,123,-129,57,-16
-9,-238,119,-132,55,-16
-8,-239,119,-133,55,-15
-8,-240,120,-135,54,-13
-7,-240,118,-137,53,-14
-8,-241,118,-137,53,-14
-10,-241,118,-136,52,-12
-7,-240,115,-136,50,-13
-7,-244,117,-135,48,-12
-14,-238,120,-135,45,-10
-10,-243,115,-135,43,-10
-9,-245,119,-133,41,-10
-12,-244,118,-132,38,-9
-10,-243,117,-132,36,-9
-8,-242,113,-130,33,-10
-12,-242,110,-127,32,-9
-10,-243,117,-125,31,-9
-10,-243,118,-124,29,-10
-13,-241,112,-122,28,-9
-11,-243,116,-120,25,-9
-8,-246,114,-116,25,-8
-8,-246,118,-114,24,-9
-9,-245,113,-112,22,-9
-11,-239,114,-109,22,-9
-9,-243,115,-107,21,-8
-11,-241,117,-104,22,-7
-9,-242,116,-102,22,-7
-8,-245,113,-101,21,-6
-10,-242,114,-101,23,-6
-12,-246,117,-100,23,-5
-10,-240,116,-99,21,-6
-7,-243,115,-98,22,-5
-6,-242,113,-96,24,-7
-7,-245,114,-94,27,-6
-10,-242,113,-91,30,-6
-8,-243,117,-89,32,-8
-8,-245,116,-86,34,-10
-15,-242,115,-83,35,-11
-8,-245,115,-80,36,-12
-6,-245,114,-77,37,-11
-6,-248,114,-74,37,-11
-8,-243,112,-72,38,-10
-8,-246,116,-68,38,-11
-7,-246,112,-65,38,-10
-7,-245,116,-62,38,-11
-4,-245,114,-59,38,-10
-7,-245,117,-57,36,-12
-7,-244,111,-56,38,-10
-8,-244,113,-53,36,-9
-8,-244,116,-51,37,-9
-3,-247,115,-48,38,-9
-8,-244,115,-47,37,-9
-8,-245,117,-46,38,-10
-8,-246,115,-44,37,-10
-8,-246,118,-43,37,-9
-13,-241,113,-40,38,-9
-10,-242,113,-37,38,-8
-10,-241,118,-37,40,-10
-9,-245,113,-35,42,-10
-11,-243,118,-33,43,-10
-7,-245,114,-30,45,-12
-8,-242,116,-28,47,-14
-3,-246,112,-26,49,-16
-8,-241,116,-24,51,-17
-6,-241,117,-24,53,-19
-10,-243,116,-23,55,-21
-6,-241,113,-25,58,-24
-9,-244,117,-25,59,-24
-3,-243,114,-27,61,-26
-5,-242,118,-29,65,-27
-8,-236,114,-30,66,-29
-8,-240,117,-33,70,-30
-2,-243,117,-35,72,-31
-5,-240,117,-39,74,-32
-4,-242,115,-43,75,-31
-4,-243,116,-46,76,-32
-4,-241,115,-51,78,-32
-1,-242,112,-54,78,-30
-3,-240,113,-57,81,-31
0,-243,110,-60,80,-31
-2,-240,105,-61,81,-31
-3,-241,114,-62,81,-29
-3,-244,117,-64,81,-28
-2,-242,118,-65,80,-26
1,-244,116,-66,81,-25
-1,-245,114,-65,82,-24
-2,-245,112,-64,81,-23
1,-246,114,-63,79,-21
-4,-243,113,-62,79,-19
-3,-246,114,-61,79,-18
-5,-247,113,-59,78,-18
-4,-243,112,-58,76,-16
-3,-248,110,-59,76,-15
-4,-244,108,-59,75,-12
-2,-246,110,-59,74,-13
-2,-243,114,-58,75,-14
-3,-243,111,-59,72,-11
-4,-245,111,-59,73,-8
-3,-244,108,-58,71,-7
-1,-243,115,-57,69,-5
-5,-249,114,-55,71,-5
-9,-247,112,-53,69,-6
-7,-246,110,-51,69,-6
-5,-247,110,-48,70,-5
-7,-246,113,-47,69,-4
-6,-248,112,-43,70,-2
-6,-247,111,-40,71,-3
-6,-246,113,-34,71,-2
-5,-246,107,-31,71,-2
-5,-249,113,-27,72,-2
-7,-244,110,-23,71,-4
-5,-247,113,-21,73,-3
-6,-248,110,-18,73,-3
-8,-246,112,-15,74,-4
-8,-243,107,-12,73,-4
-8,-245,112,-9,74,-4
-4,-244,112,-5,74,-4
-3,-244,114,-3,73,-4
-6,-246,112,0,75,-5
-8,-244,114,5,74,-5
-7,-247,110,8,74,-3
-9,-243,111,13,74,-4
-10,-244,114,17,75,-5
-7,-242,111,19,74,-4
-10,-243,120,22,73,-4
-5,-246,116,22,73,-5
-8,-244,114,22,72,-4
-7,-245,112,21,70,-5
-9,-243,111,20,71,-5
-7,-245,115,18,68,-6
-9,-243,113,17,70,-6
-7,-241,116,15,69,-7
-7,-241,115,15,69,-8
-8,-247,112,14,70,-9
-11,-242,115,15,70,-9
-9,-243,115,14,71,-9
-6,-245,114,13,72,-9
-6,-242,113,12,75,-11
-7,-241,112,11,73,-11
-7,-244,115,7,74,-12
-8,-245,112,4,74,-12
-8,-242,114,2,73,-12
-8,-245,114,-2,74,-13
-8,-245,111,-4,74,-11
-10,-240,115,-6,73,-13
-10,-239,113,-9,71,-12
-18,-243,110,-12,72,-13
-6,-243,112,-15,72,-12
-9,-240,114,-19,74,-13
-7,-241,110,-21,72,-10
-9,-240,114,-21,73,-10
-7,-241,115,-22,73,-10
-7,-243,113,-22,74,-8
-7,-242,116,-22,72,-8
-9,-244,114,-21,74,-7
-8,-243,115,-23,75,-8
-7,-240,114,-24,75,-7
-4,-243,116,-24,76,-10
-8,-238,116,-24,79,-11
-7,-241,115,-25,77,-11
-8,-244,113,-24,78,-13
-4,-243,118,-26,77,-15
-6,-241,120,-28,77,-15
-6,-240,119,-30,76,-17
-7,-240,114,-32,76,-20
-6,-240,112,-34,76,-21
-6,-243,114,-37,77,-23
-9,-239,115,-41,75,-25
-6,-241,112,-44,73,-24
-7,-244,111,-46,73,-25
-7,-243,113,-49,74,-26
-6,-243,113,-52,73,-26
-8,-243,115,-53,71,-26
-4,-243,113,-55,71,-25
-9,-244,112,-56,69,-24
-9,-239,115,-56,70,-24
-7,-246,112,-58,69,-24
-7,-243,115,-59,68,-23
-9,-244,113,-61,67,-21
-2,-246,112,-61,65,-21
-8,-245,114,-62,63,-21
-7,-241,111,-64,62,-22
-6,-244,110,-64,61,-21
-7,-242,113,-66,59,-22
-7,-241,112,-68,58,-21
-4,-243,111,-70,59,-22
-6,-243,115,-70,60,-20
-7,-239,109,-71,58,-21
-5,-243,112,-73,57,-24
-4,-242,111,-75,56,-22
-2,-242,111,-78,55,-24
-7,-240,113,-81,55,-23
-4,-243,115,-81,54,-23
-2,-245,114,-81,53,-24
-1,-244,113,-84,54,-23
-2,-242,114,-84,54,-24
-2,-244,114,-85,53,-23
-4,-243,114,-88,52,-23
-2,-246,112,-88,52,-23
-3,-245,112,-89,52,-25
1,-247,114,-90,50,-24
-5,-244,112,-89,50,-24
-2,-243,111,-88,50,-23
-1,-244,111,-87,50,-23
-2,-243,113,-87,51,-22
-5,-246,116,-87,50,-22
-2,-248,111,-86,50,-20
-4,-245,110,-86,50,-20
-3,-246,107,-85,50,-19
-4,-240,108,-86,49,-18
0,-247,111,-84,49,-17
-5,-242,110,-85,51,-17
-2,-245,112,-88,51,-17
0,-248,112,-86,53,-16
-3,-244,112,-87,53,-15
-3,-243,111,-86,54,-14
-4,-246,109,-86,54,-13
-5,-247,112,-87,55,-13
-7,-243,110,-86,58,-13
-3,-244,110,-86,59,-13
-3,-243,113,-85,60,-12
1,-244,106,-84,60,-12
-12,-251,107,-82,61,-12
-6,-242,112,-81,62,-11
-4,-243,108,-80,62,-12
-6,-243,108,-81,64,-12
-6,-245,107,-82,63,-11
-4,-247,110,-83,63,-12
-1,-246,107,-86,63,-14
-4,-246,108,-87,63,-15
-3,-246,110,-88,64,-15
0,-246,109,-89,63,-15
-4,-246,107,-89,62,-13
-4,-239,109,-91,62,-14
-5,-247,107,-92,62,-13
-6,-246,106,-93,61,-14
-4,-246,106,-92,60,-13
-5,-247,106,-90,61,-13
-4,-245,106,-88,62,-12
-6,-247,107,-86,62,-12
-3,-247,108,-85,63,-12
-5,-247,107,-81,63,-11
-5,-246,108,-77,63,-9
-3,-248,108,-72,64,-8
-6,-246,104,-69,66,-9
-6,-245,104,-65,67,-9
-2,-246,106,-61,68,-8
-3,-247,104,-59,68,-8
-4,-248,107,-59,68,-7
-4,-247,104,-57,69,-8
-2,-246,105,-56,69,-8
-4,-247,105,-54,69,-7
-9,-248,109,-49,68,-7
-4,-246,108,-47,69,-7
-5,-247,102,-43,70,-6
-3,-246,103,-42,70,-8
-3,-246,108,-39,69,-8
-2,-247,103,-35,70,-7
-5,-248,108,-32,71,-7
-4,-247,105,-30,73,-8
-2,-246,104,-26,72,-7
-3,-249,107,-25,73,-9
-3,-248,111,-25,73,-6
0,-247,104,-27,75,-7
-3,-245,103,-27,75,-7
0,-246,109,-28,75,-7
-6,-246,105,-32,74,-8
-2,-243,105,-33,74,-9
-5,-246,106,-33,73,-8
-3,-245,104,-33,75,-9
-3,-246,103,-34,75,-8
-3,-244,106,-36,76,-8
-1,-247,108,-37,75,-8
-2,-245,103,-39,75,-9
-3,-246,106,-42,75,-9
-2,-247,106,-43,74,-8
0,-247,104,-45,74,-8
-2,-244,107,-47,73,-8
-3,-247,108,-48,73,-7
-4,-245,105,-48,71,-9
-4,-247,101,-48,70,-8
-3,-248,106,-47,70,-7
-1,-247,108,-45,70,-7
-4,-251,106,-43,71,-7
-5,-248,105,-42,70,-7
-3,-251,102,-39,69,-7
-5,-250,101,-37,70,-8
-4,-251,100,-34,70,-9
-3,-248,102,-32,70,-6
-2,-249,102,-29,70,-8
-5,-249,102,-27,71,-7
-5,-248,99,-25,71,-7
-1,-251,104,-22,71,-7
-5,-249,104,-19,70,-5
-2,-251,101,-17,71,-6
-1,-252,102,-15,70,-6
-3,-249,104,-14,69,-4
-2,-249,104,-12,68,-4
-1,-247,102,-11,66,-3
-1,-251,103,-10,67,-3
-6,-248,102,-8,67,-4
-3,-251,101,-7,68,-3
0,-249,103,-7,67,-1
-6,-248,105,-8,68,-2
-4,-249,102,-8,70,-2
-6,-247,102,-8,71,-2
-4,-248,102,-8,70,-2
-5,-249,104,-6,71,-3
-4,-247,101,-6,70,-2
-4,-247,100,-4,68,-4
-5,-250,102,-4,69,-4
-2,-249,101,-4,70,-4
-3,-247,105,-2,69,-3
-4,-249,103,-1,68,-4
-4,-246,100,0,67,-3
-5,-249,101,-1,67,-4
-5,-249,104,-1,66,-2
-4,-249,103,0,65,-3
-5,-246,101,-2,64,-4
-4,-249,102,-3,65,-3
-4,-249,108,-2,65,-2
-4,-243,106,-2,67,-5
-4,-247,102,-4,66,-4
-2,-249,104,-3,68,-4
-5,-247,102,-4,68,-4
-5,-247,103,-5,69,-3
-1,-247,102,-5,68,-3
-6,-249,105,-3,69,-2
-3,-246,103,-2,71,-1
-5,-250,104,3,71,-1
-3,-249,103,7,71,0
-2,-247,105,14,70,0
-2,-249,106,19,71,1
-4,-248,106,24,72,1
-5,-246,105,29,70,0
-4,-249,102,35,70,0
-4,-250,105,40,70,1
0,-250,103,43,67,1
-5,-247,104,47,66,0
-2,-244,106,49,67,1
-2,-245,105,49,66,1
-3,-248,103,52,65,0
-4,-244,107,53,62,0
-5,-246,104,53,63,0
-5,-248,107,54,62,-2
0,-248,106,54,63,-2
-3,-250,109,53,64,0
-5,-249,109,52,65,-1
-6,-247,110,53,65,0
-4,-248,109,54,65,-1
-2,-249,108,55,65,-1
-4,-245,107,53,67,-2
-6,-246,104,52,68,-2
1,-247,105,51,68,-2
-1,-248,107,50,69,-1
-2,-246,104,48,71,-2
-5,-247,105,47,71,-2
1,-247,109,44,72,-1
-3,-246,104,45,71,1
0,-245,104,45,71,0
-5,-244,106,43,72,0
1,-246,104,44,70,2
-3,-247,108,45,70,3
-7,-247,108,47,69,1
-2,-246,106,47,70,1
-2,-248,109,48,69,1
-4,-247,105,48,68,1
-3,-245,106,48,67,3
-4,-245,107,49,68,3
-5,-247,109,50,69,2
-4,-246,107,49,69,3
-1,-245,109,46,70,4
-2,-248,109,42,70,6
-3,-243,108,38,71,7
-2,-245,107,31,70,7
-8,-244,107,25,70,7
-3,-244,106,21,71,7
-2,-246,106,17,72,7
1,-248,103,12,72,7
-1,-245,110,9,71,9
-4,-247,107,8,70,10
0,-250,108,9,70,11
-1,-248,110,6,69,12
-2,-248,109,5,68,14
-2,-250,108,4,69,15
1,-250,107,1,70,17
-1,-247,106,-3,71,19
-3,-247,110,-11,74,18
-2,-245,106,-20,77,16
-4,-244,110,-32,80,16
-4,-242,108,-45,87,14
-2,-239,109,-60,94,14
0,-236,112,-82,104,12
-4,-234,111,-110,111,6
-1,-230,107,-148,120,2
-4,-229,106,-194,130,-3
-1,-229,112,-249,140,-9
0,-227,115,-302,151,-16
1,-227,108,-358,163,-23
-6,-223,111,-418,174,-29
0,-222,111,-482,184,-37
-5,-221,109,-554,193,-45
-1,-220,108,-633,201,-52
-3,-220,110,-719,208,-59
1,-224,103,-810,217,-65
-5,-221,102,-905,225,-72
-3,-228,100,-997,228,-77
-1,-231,102,-1082,223,-80
-4,-240,93,-1154,212,-79
-2,-242,87,-1214,196,-77
-2,-245,85,-1259,178,-70
-3,-244,83,-1291,158,-65
-4,-250,77,-1313,133,-62
-6,-255,80,-1324,97,-66
-14,-258,80,-1323,47,-72
-19,-262,71,-1303,-6,-69
-15,-254,60,-1263,-41,-45
-12,-250,46,-1230,-35,-5
-6,-247,47,-1214,-5,31
-10,-248,49,-1213,20,53
-10,-249,55,-1205,22,68
-9,-247,61,-1178,12,77
-6,-248,48,-1142,0,77
-9,-245,55,-1109,-5,70
-9,-241,54,-1090,-10,57
-12,-242,53,-1082,-13,43
-12,-243,60,-1084,-8,26
-10,-239,57,-1089,6,11
-13,-242,67,-1097,19,-2
-18,-251,82,-1103,30,-15
-13,-245,71,-1102,32,-25
-12,-251,75,-1088,30,-30
-8,-256,77,-1055,27,-34
-5,-267,77,-1003,26,-35
0,-276,84,-926,22,-34
-1,-283,79,-828,20,-29
-2,-286,78,-710,16,-23
0,-289,87,-581,13,-17
0,-292,85,-444,9,-8
2,-288,83,-304,1,4
3,-287,91,-166,-10,16
-2,-284,90,-62,-22,26
-1,-275,97,58,-30,37
1,-272,99,159,-35,44
-2,-262,103,231,-35,47
4,-259,117,277,-32,46
4,-256,128,301,-24,40
4,-251,143,314,-10,33
5,-247,151,321,8,27
6,-240,164,326,31,25
3,-234,173,327,61,32
4,-233,178,319,99,45
13,-230,176,288,137,62
14,-231,170,226,170,77
17,-236,163,127,191,81
14,-247,152,-12,195,78
9,-256,129,-192,185,67
6,-268,114,-408,161,50
5,-292,92,-660,135,22
-4,-320,65,-936,109,-13
-13,-364,56,-1210,91,-50
-18,-393,43,-1441,83,-76
-16,-419,46,-1601,101,-90
-13,-441,44,-1686,138,-94
-9,-452,56,-1696,185,-93
-13,-462,57,-1646,236,-96
-18,-465,58,-1559,278,-98
-16,-470,60,-1452,309,-99
-12,-471,63,-1328,323,-90
-10,-471,57,-1195,318,-73
-9,-473,62,-1062,299,-55
-3,-473,63,-933,277,-31
-1,-466,57,-813,254,-9
-3,-456,55,-681,231,13
-4,-450,60,-561,217,40
-10,-438,59,-456,216,70
-6,-438,60,-356,214,94
-6,-428,58,-243,213,115
-7,-414,59,-148,219,119
-8,-403,55,-77,226,113
-7,-386,60,-31,235,102
-6,-376,49,-1,236,91
-4,-362,49,16,234,81
-8,-349,40,24,232,62
-2,-338,35,29,224,38
-5,-321,34,32,218,11
-3,-312,31,37,215,-16
-8,-299,27,47,218,-48
-8,-291,28,67,225,-80
-9,-284,23,89,233,-106
-12,-273,25,108,243,-133
-9,-270,18,128,250,-166
-10,-266,23,156,253,-200
-8,-256,19,199,251,-230
-10,-249,18,245,235,-262
-10,-242,15,274,218,-292
-12,-229,9,280,188,-310
-11,-226,3,259,150,-321
-6,-216,1,216,116,-329
-9,-211,-1,147,89,-332
-10,-207,-6,48,71,-325
-10,-205,-12,-77,67,-305
-14,-209,-8,-221,70,-278
-19,-221,-3,-356,76,-249
-21,-232,7,-460,81,-225
-23,-251,11,-525,84,-201
-27,-261,20,-538,80,-180
-26,-275,26,-501,71,-154
-25,-280,30,-417,59,-130
-26,-289,27,-303,45,-107
-29,-290,30,-201,26,-84
-25,-291,26,-76,8,-61
-23,-285,21,45,-13,-43
-18,-288,19,158,-30,-25
-22,-280,16,260,-56,-10
-16,-277,9,345,-81,4
-13,-271,11,412,-101,19
-14,-265,10,465,-118,28
-11,-259,11,505,-128,42
-4,-257,8,534,-136,54
-4,-253,10,558,-139,65
-1,-246,11,581,-136,74
3,-242,13,607,-131,78
3,-232,11,638,-126,81
1,-224,11,669,-120,88
0,-218,11,699,-112,94
5,-210,9,721,-109,100
4,-201,7,736,-106,110
3,-193,7,744,-103,114
4,-190,6,748,-99,116
6,-178,6,749,-101,118
6,-178,1,750,-102,127
5,-167,3,747,-105,133
5,-157,0,742,-106,139
10,-159,-2,732,-110,142
12,-149,3,723,-112,139
10,-145,6,720,-108,133
12,-139,2,717,-101,130
18,-133,5,711,-97,127
16,-130,7,709,-90,121
9,-127,3,705,-78,113
8,-125,5,693,-64,103
7,-121,4,678,-54,96
11,-122,-1,656,-44,87
4,-117,2,630,-35,77
3,-118,0,597,-28,66
4,-117,-4,557,-25,53
1,-121,0,508,-24,40
3,-125,-3,452,-22,28
5,-127,-3,388,-17,17
0,-130,-1,325,-9,7
4,-137,1,260,1,2
-1,-142,1,193,10,-1
-8,-151,1,123,21,-10
-8,-161,6,56,34,-14
-8,-172,14,-7,43,-19
-8,-182,12,-64,51,-20
-10,-192,13,-107,59,-20
-11,-203,18,-137,66,-23
-9,-227,17,-153,64,-21
-8,-248,19,-152,54,-18
-10,-262,27,-129,36,-10
-9,-278,26,-88,14,2
-8,-298,32,-29,-11,16
-7,-310,38,38,-31,30
-5,-323,47,115,-40,47
-2,-333,49,199,-42,67
-4,-340,54,285,-36,89
-1,-344,54,367,-28,114
3,-348,51,440,-28,139
4,-347,53,501,-27,163
9,-344,52,548,-26,177
8,-336,54,589,-19,187
12,-324,49,625,-11,194
9,-312,50,654,6,195
10,-295,51,674,25,196
12,-277,49,676,46,191
14,-260,48,659,65,185
13,-247,48,619,81,182
18,-244,42,574,95,174
13,-224,41,510,103,162
12,-215,39,438,106,149
15,-208,33,369,107,136
15,-196,33,292,107,116
14,-196,31,209,110,98
14,-194,35,127,118,74
17,-202,34,56,128,48
11,-204,37,3,143,13
11,-209,42,-32,155,-19
8,-219,46,-61,170,-52
3,-222,48,-85,186,-84
0,-228,51,-101,204,-114
-4,-235,53,-104,222,-145
-5,-242,53,-107,241,-172
-12,-249,56,-113,258,-192
-11,-255,53,-120,275,-209
-15,-261,58,-127,290,-219
-21,-265,58,-131,299,-223
-23,-272,60,-132,303,-221
-24,-283,64,-125,300,-212
-25,-287,64,-110,292,-197
-23,-285,63,-85,279,-174
-23,-295,65,-52,264,-147
-27,-290,65,-18,242,-114
-19,-291,67,18,218,-79
-19,-290,62,50,191,-43
-19,-283,64,78,165,-7
-16,-279,62,100,137,25
-15,-274,64,117,111,54
-11,-269,60,129,89,78
-7,-262,60,139,71,99
-9,-259,55,145,59,111
-1,-257,51,143,55,116
-6,-255,53,138,57,119
-4,-255,52,132,64,115
3,-250,52,123,76,107
3,-248,51,112,92,95
6,-247,54,103,110,79
4,-246,55,93,130,59
3,-245,55,84,150,40
7,-245,54,72,170,16
9,-249,57,60,189,-7
12,-243,59,49,205,-30
9,-247,59,34,221,-48
11,-253,55,19,237,-66
7,-253,58,6,251,-81
8,-255,59,-8,262,-92
6,-257,60,-17,269,-100
7,-259,61,-24,274,-104
5,-259,62,-29,277,-104
2,-262,58,-32,279,-102
2,-263,59,-35,280,-98
-1,-266,62,-36,282,-94
0,-264,60,-37,281,-89
-3,-265,60,-39,282,-84
-8,-262,55,-44,282,-78
-13,-262,59,-50,283,-72
-11,-261,60,-59,285,-70
-13,-260,59,-68,286,-68
-11,-261,56,-78,285,-67
-17,-259,57,-85,283,-65
-12,-259,57,-93,281,-65
-19,-256,51,-101,278,-67
-19,-261,56,-108,274,-68
-18,-260,54,-116,268,-68
-20,-258,52,-119,262,-67
-18,-259,52,-119,254,-68
-20,-257,55,-115,244,-66
-17,-262,53,-113,234,-64
-17,-262,55,-107,226,-59
-17,-260,54,-99,216,-54
-16,-258,54,-93,205,-50
-17,-260,56,-84,195,-46
-16,-261,55,-77,183,-39
-18,-264,58,-72,170,-32
-19,-261,56,-68,157,-26
-17,-260,55,-64,144,-21
-17,-260,57,-61,129,-16
-18,-259,55,-60,117,-12
-17,-260,57,-59,104,-8
-14,-258,58,-61,93,-6
-15,-264,50,-63,84,-4
-14,-260,56,-66,76,-3
-15,-264,59,-67,70,-3
-13,-262,58,-69,64,-3
-21,-264,63,-69,61,-3
-10,-263,61,-67,58,-6
-8,-264,59,-65,57,-7
-8,-267,62,-62,58,-9
-9,-262,59,-60,57,-10
-8,-264,57,-56,55,-11
-8,-264,57,-56,57,-13
-7,-264,58,-58,57,-13
-7,-264,58,-61,56,-13
-4,-263,54,-66,54,-14
-6,-264,54,-70,53,-13
-6,-263,52,-76,53,-14
-5,-266,51,-84,53,-13
0,-267,50,-91,52,-13
-1,-266,52,-95,54,-12
-4,-264,55,-99,55,-10
-3,-267,52,-104,59,-7
-2,-265,52,-107,58,-4
-3,-265,49,-108,59,-2
-2,-264,53,-106,56,4
-3,-264,54,-106,53,10
-13,-262,56,-108,51,15
-5,-260,50,-109,52,19
-5,-262,52,-107,48,24
-4,-260,47,-105,42,30
-5,-260,51,-104,38,37
-8,-259,53,-102,34,42
-6,-257,52,-101,29,48
-9,-256,53,-100,26,51
-9,-256,49,-96,23,57
-9,-255,52,-93,20,62
-11,-253,54,-90,16,65
-10,-256,50,-88,12,68
-11,-251,52,-85,8,71
-9,-252,52,-83,4,74
-11,-252,53,-81,3,78
-9,-250,48,-82,0,82
-11,-247,52,-83,-1,84
-13,-247,52,-83,-5,85
-11,-247,51,-86,-8,86
-13,-247,51,-89,-10,87
-9,-245,53,-93,-12,88
-10,-245,53,-98,-15,86
-4,-242,58,-105,-17,87
-14,-247,47,-112,-20,86
-9,-252,57,-118,-25,83
-10,-233,51,-124,-29,79
-5,-252,53,-130,-34,75
-18,-248,38,-134,-38,73
-12,-248,48,-139,-42,70
-17,-250,59,-144,-43,63
-15,-255,48,-150,-42,56
-20,-256,44,-156,-40,49
-19,-252,49,-162,-37,42
-15,-256,55,-168,-33,34
-12,-259,58,-176,-29,26
-12,-260,55,-179,-26,19
-11,-265,55,-184,-23,12
-7,-265,53,-184,-19,5
-11,-274,70,-183,-13,-1
-15,-273,68,-175,-6,-7
-19,-275,66,-165,-2,-12
-15,-274,43,-149,2,-16
-7,-280,54,-133,8,-21
-8,-273,60,-116,13,-21
4,-280,55,-97,18,-23
-2,-283,59,-81,24,-22
3,-281,67,-68,27,-20
1,-278,54,-55,29,-18
4,-276,59,-45,33,-16
4,-278,63,-38,37,-13
5,-272,60,-34,42,-8
5,-269,56,-29,44,-7
5,-263,69,-24,44,-7
7,-265,67,-24,46,-7
9,-265,69,-25,48,-7
-4,-260,65,-29,48,-8
3,-255,64,-34,49,-9
-1,-257,49,-41,51,-13
1,-251,58,-52,53,-18
-1,-253,58,-63,54,-22
0,-247,52,-78,56,-28
-5,-250,41,-92,57,-34
-16,-246,60,-107,59,-42
1,-250,56,-122,62,-47
-1,-247,55,-136,65,-52
-4,-247,56,-151,68,-55
-3,-252,54,-164,70,-59
4,-248,46,-175,75,-63
1,-256,58,-184,80,-64
0,-256,53,-189,86,-65
-1,-264,56,-192,89,-64
-5,-257,55,-192,96,-62
-2,-259,60,-193,102,-59
-1,-267,60,-190,107,-57
-5,-275,60,-184,113,-54
-6,-271,48,-176,120,-49
5,-278,55,-164,126,-45
5,-270,31,-152,133,-41
2,-279,52,-137,140,-38
2,-279,52,-123,147,-34
4,-277,51,-109,152,-31
2,-279,47,-94,160,-29
8,-281,51,-81,166,-26
0,-281,43,-64,172,-25
3,-279,50,-46,176,-25
-2,-277,51,-28,179,-26
2,-281,48,-10,186,-28
8,-271,54,7,191,-29
0,-274,55,21,198,-33
5,-275,47,36,203,-35
2,-273,46,52,208,-38
8,-271,42,64,216,-43
5,-254,43,78,222,-46
2,-268,53,89,227,-48
4,-266,53,101,233,-51
0,-262,55,111,237,-51
-2,-263,57,120,240,-53
-1,-265,56,128,241,-54
4,-260,59,134,241,-51
-3,-257,59,139,240,-51
-1,-257,63,142,239,-48
1,-255,53,143,238,-45
-5,-254,58,142,238,-44
-3,-255,57,140,237,-42
-5,-249,74,138,233,-40
-11,-259,62,133,231,-38
-3,-254,72,127,229,-37
-4,-256,61,120,226,-36
-9,-256,62,112,224,-35
-11,-255,60,104,222,-34
-9,-256,60,98,219,-34
-9,-256,57,91,216,-35
-16,-251,78,86,213,-36
-10,-263,63,82,211,-35
-5,-258,54,76,207,-35
-13,-261,53,70,204,-36
-23,-270,53,66,203,-36
-7,-257,57,60,201,-36
-7,-262,58,54,199,-34
-8,-259,60,50,198,-34
-6,-260,56,45,197,-34
-4,-263,56,42,197,-34
-7,-262,60,40,196,-35
-5,-262,58,38,196,-32
-6,-262,57,39,195,-33
-5,-264,55,39,195,-33
-7,-261,49,41,195,-31
-6,-264,55,44,195,-31
-2,-262,55,46,195,-31
-4,-263,53,49,193,-32
-2,-263,57,54,193,-30
-5,-262,59,56,192,-29
-2,-264,55,60,191,-29
-1,-263,55,63,192,-29
0,-260,56,66,193,-29
-1,-250,51,66,195,-29
-3,-262,56,67,196,-30
-2,-259,57,64,197,-30
0,-257,57,61,195,-30
-5,-262,59,57,195,-30
-6,-263,58,54,194,-32
-5,-263,57,51,195,-34
-3,-266,56,47,195,-35
-5,-265,59,44,194,-37
-6,-262,61,39,195,-41
-7,-264,62,36,194,-43
-4,-262,57,35,195,-46
-4,-262,58,33,194,-46
-6,-262,57,35,194,-45
-7,-264,57,38,192,-47
-4,-262,58,43,191,-48
-5,-259,64,48,190,-50
-7,-259,57,52,191,-48
-7,-260,57,56,193,-47
-7,-257,53,60,192,-48
-8,-257,48,64,194,-49
-6,-257,53,66,195,-47
-8,-256,53,67,195,-48
-7,-258,52,68,193,-49
-7,-257,52,66,190,-49
-5,-256,51,64,190,-50
-4,-258,56,64,188,-52
-7,-257,53,62,187,-51
-5,-255,57,62,185,-51
-8,-257,56,62,182,-50
-4,-259,52,59,178,-50
-7,-258,56,59,175,-50
-5,-259,59,61,170,-49
-5,-260,58,64,165,-49
-6,-262,61,68,161,-48
-3,-261,61,74,156,-47
-6,-262,61,79,154,-47
-2,-258,46,85,152,-47
-5,-260,59,94,150,-47
-2,-263,63,102,150,-48
-5,-262,60,110,149,-47
-4,-262,58,119,151,-47
-1,-263,59,125,152,-49
-3,-258,59,132,155,-50
0,-263,57,135,156,-49
-2,-259,61,135,157,-48
-3,-257,58,136,157,-48
-2,-256,59,135,156,-47
-3,-257,56,133,156,-46
-1,-258,63,128,154,-45
-2,-256,60,122,150,-45
-4,-256,60,114,147,-44
-2,-255,63,109,143,-42
-1,-256,63,104,142,-41
-3,-256,64,96,140,-41
-4,-255,63,90,138,-38
-3,-255,63,87,137,-37
-1,-254,62,82,135,-35
-3,-259,64,79,134,-35
-3,-257,63,77,134,-35
0,-259,61,76,134,-34
0,-257,60,77,135,-33
2,-259,62,76,137,-33
2,-256,63,75,139,-33
4,-258,63,72,140,-34
-1,-257,62,69,141,-34
2,-255,63,63,143,-35
1,-257,62,58,144,-36
3,-258,60,54,147,-37
4,-258,65,48,147,-37
3,-257,63,45,151,-39
1,-257,65,42,153,-42
4,-256,63,37,154,-44
2,-256,63,34,158,-46
6,-256,63,30,162,-48
5,-256,63,25,163,-48
6,-260,66,22,166,-52
7,-259,65,20,169,-54
4,-255,64,16,174,-56
5,-259,65,13,179,-56
5,-259,68,10,184,-59
4,-258,64,7,191,-61
4,-261,64,8,193,-61
5,-259,66,8,197,-63
4,-260,64,13,199,-63
5,-261,63,17,201,-64
4,-260,64,19,203,-65
1,-260,64,21,205,-65
2,-259,65,25,205,-65
4,-261,61,27,208,-66
2,-257,63,29,208,-67
4,-258,66,33,208,-67
3,-260,65,34,209,-64
2,-258,65,34,210,-64
3,-256,67,33,210,-64
0,-257,67,34,210,-66
3,-259,64,34,207,-65
3,-258,66,34,206,-63
0,-258,67,36,203,-63
3,-258,69,39,201,-61
1,-260,68,40,199,-60
-2,-259,63,42,197,-59
-2,-258,68,44,193,-56
-3,-255,65,47,192,-56
2,-258,68,50,191,-54
-1,-258,66,52,189,-52
1,-257,65,54,188,-53
-1,-256,69,54,188,-52
-1,-257,66,54,186,-51
-3,-256,67,55,184,-51
2,-256,69,56,183,-50
2,-258,66,55,182,-50
-2,-257,68,56,182,-49
-1,-257,69,57,181,-48
0,-259,73,56,180,-48
-3,-256,74,55,179,-49
-2,-256,74,53,179,-48
2,-258,71,52,179,-48
3,-258,67,50,178,-48
0,-258,69,48,177,-49
2,-257,71,46,177,-49
2,-257,71,47,175,-47
2,-256,69,49,174,-44
2,-255,77,50,173,-44
2,-258,72,51,172,-45
-2,-257,68,50,171,-43
4,-257,70,47,172,-42
0,-259,69,46,172,-41
1,-256,67,45,172,-41
0,-258,68,44,171,-41
0,-257,68,45,171,-40
3,-258,73,45,171,-42
2,-259,69,44,171,-40
1,-256,71,43,170,-41
4,-260,72,41,170,-41
4,-258,68,42,168,-39
1,-258,70,42,167,-38
3,-260,68,41,166,-38
3,-259,66,44,166,-40
3,-256,70,45,165,-37
0,-258,68,48,163,-38
1,-257,69,50,163,-36
3,-255,68,50,162,-35
-1,-258,68,50,162,-36
-1,-266,61,49,163,-33
4,-258,69,48,165,-33
0,-258,70,46,165,-31
-2,-256,70,44,163,-32
0,-257,69,41,162,-31
2,-256,70,38,162,-30
2,-257,72,35,159,-29
-2,-257,69,33,159,-30
-4,-256,69,33,158,-29
-1,-255,65,32,155,-30
-1,-256,72,31,155,-28
2,-257,71,30,154,-28
1,-254,72,29,153,-28
3,-259,70,29,153,-26
-1,-258,69,27,151,-25
0,-257,71,26,152,-24
1,-255,70,24,151,-23
2,-256,71,21,149,-24
2,-255,71,19,148,-23
0,-257,70,19,148,-21
3,-257,69,20,145,-21
-2,-254,71,18,143,-19
0,-256,66,20,140,-18
0,-257,75,19,139,-16
-1,-257,70,17,138,-16
-1,-255,73,14,135,-14
-1,-256,77,12,132,-15
-4,-255,73,11,131,-12
0,-259,75,9,129,-11
-4,-256,70,8,126,-11
1,-256,73,6,126,-9
-2,-256,74,4,124,-8
-3,-259,69,5,122,-7
-2,-256,69,5,118,-5
-3,-256,72,5,114,-4
0,-257,73,6,108,-3
-2,-257,73,9,105,-2
-4,-257,70,11,102,-1
-5,-253,73,11,96,2
-3,-257,70,9,90,2
-3,-257,73,8,87,4
-4,-257,75,7,84,6
-4,-256,73,6,80,8
-2,-256,73,5,75,9
-4,-258,69,3,72,9
-3,-255,72,2,69,10
0,-257,72,1,66,12
-6,-257,74,2,62,13
-4,-256,71,2,59,13
-6,-256,70,3,57,14
-3,-256,69,3,53,13
-2,-257,74,3,52,14
-3,-258,75,2,49,13
-3,-257,71,-1,48,13
0,-260,73,1,48,13
-4,-256,72,-1,46,14
-2,-256,74,0,45,15
-1,-257,75,-1,44,15
-4,-256,72,-1,42,16
1,-257,74,-3,40,16
-5,-256,73,-4,40,16
-1,-255,71,-5,38,16
0,-256,69,-4,35,17
0,-258,78,-8,33,18
-2,-257,74,-9,33,20
-1,-257,76,-10,30,21
-2,-257,73,-11,28,21
-3,-258,75,-10,26,23
2,-257,74,-9,27,23
3,-256,73,-8,25,23
-2,-256,73,-5,25,23
-1,-256,71,-4,27,24
1,-256,74,0,26,22
-1,-258,76,2,27,21
0,-257,75,2,26,22
1,-257,71,3,24,23
0,-256,71,3,24,24
-1,-256,72,3,23,25
2,-257,71,5,22,25
-2,-256,74,7,22,25
0,-258,72,7,22,23
0,-255,70,5,21,23
2,-256,76,5,21,23
0,-256,70,6,19,23
-1,-259,73,5,19,21
-3,-254,73,5,20,22
-1,-256,73,4,18,22
-2,-256,76,3,17,23
2,-256,77,2,14,22
-1,-255,73,1,12,24
0,-256,75,1,10,25
1,-256,74,0,9,25
-3,-256,73,-1,6,27
4,-254,71,-1,5,28
0,-256,73,-1,3,29
3,-255,72,0,1,33
2,-256,76,0,2,32
2,-256,72,1,2,32
-4,-257,73,0,2,33
1,-257,70,0,2,33
-2,-257,75,3,4,35
2,-258,71,6,6,35
-2,-259,71,9,6,35
-1,-257,76,12,8,33
-1,-258,72,16,8,33
-2,-256,73,17,7,33
-1,-255,73,18,9,32
3,-259,82,19,8,32
1,-257,76,19,9,34
0,-256,72,18,8,32
-2,-257,79,16,9,32
-3,-256,71,14,9,31
1,-256,73,11,9,30
-3,-256,70,11,9,29
-2,-256,74,9,10,30
-2,-256,75,9,12,29
1,-254,76,8,11,30
1,-255,70,7,12,28
1,-255,75,4,14,29
4,-256,74,1,15,28
-1,-255,74,-3,15,27
1,-256,74,-6,17,28
0,-256,78,-6,17,27
2,-256,73,-7,18,28
-2,-254,74,-8,19,27
0,-256,76,-10,19,26
4,-256,74,-10,21,25
2,-256,73,-12,21,24
1,-256,74,-13,24,25
-3,-259,80,-14,22,25
2,-255,74,-15,22,25
2,-255,74,-16,22,23
0,-254,74,-17,23,24
1,-256,73,-18,24,24
-1,-255,77,-20,26,24
-1,-256,78,-21,28,24
2,-259,73,-23,29,23
-2,-256,73,-25,30,24
-2,-254,74,-26,32,22
-1,-256,74,-27,32,22
-1,-256,74,-27,33,22
1,-257,77,-28,34,20
-2,-255,74,-28,36,19
-2,-256,75,-29,38,18
-1,-254,74,-33,42,17
0,-256,72,-34,43,16
0,-253,72,-36,45,14
1,-257,70,-36,48,13
-1,-256,71,-38,51,12
-3,-255,73,-38,51,12
-4,-256,72,-39,52,10
-2,-257,74,-40,52,9
3,-258,73,-39,52,9
0,-256,73,-38,53,8
-4,-257,72,-36,53,7
-4,-256,75,-38,53,6
-3,-257,73,-38,53,5
-3,-255,75,-40,52,3
-4,-257,74,-40,54,1
-2,-255,72,-42,52,1
-3,-254,73,-43,49,1
-5,-254,69,-45,50,-1
-4,-253,73,-46,48,-1
-4,-256,76,-46,49,0
-2,-256,71,-46,47,0
-3,-256,70,-46,49,-2
2,-256,72,-46,51,-2
-2,-258,76,-45,50,-3
-3,-257,72,-47,50,-2
-3,-255,71,-48,53,-3
-3,-257,73,-48,51,-4
-3,-259,70,-48,53,-5
-1,-255,78,-46,51,-6
-4,-256,74,-46,53,-5
2,-259,72,-46,52,-5
-2,-256,73,-47,54,-5
-3,-257,73,-48,53,-5
-3,-255,72,-50,52,-5
-3,-258,71,-50,53,-5
0,-256,70,-49,52,-4
-4,-256,71,-49,51,-4
-2,-257,73,-48,52,-2
-2,-256,70,-50,51,-3
-2,-259,70,-49,53,-3
-4,-256,73,-50,54,-2
1,-257,72,-49,58,-2
-1,-257,70,-47,59,-1
-2,-258,70,-47,61,-2
-3,-255,70,-46,63,-2
0,-256,72,-47,63,-1
-1,-259,77,-46,68,-2
-2,-259,73,-44,70,-1
-1,-258,73,-44,70,-2
-2,-260,75,-43,73,-1
-2,-260,70,-41,73,-1
-3,-256,75,-40,76,-1
-3,-257,72,-38,77,0
-2,-258,70,-36,80,0
0,-258,72,-34,83,0
-2,-259,71,-29,85,1
-2,-256,74,-25,86,0
1,-258,74,-20,87,1
0,-259,72,-17,88,2
-4,-256,73,-13,87,3
-3,-258,72,-10,87,1
-1,-257,71,-6,87,3
-3,-257,73,-4,87,4
-5,-255,73,-1,87,4
-5,-257,73,0,89,3
-1,-256,71,1,89,4
-3,-256,73,2,88,3
-5,-255,75,3,88,4
-5,-256,75,3,86,4
-2,-256,76,4,87,5
0,-255,71,1,87,4
-6,-258,70,1,86,5
-6,-256,76,-2,88,6
-4,-256,74,-4,88,7
-5,-256,72,-7,87,8
-4,-258,70,-9,85,8
-6,-255,77,-10,85,8
-6,-257,72,-10,83,9
-6,-253,75,-11,80,9
-7,-257,73,-12,79,10
-7,-258,76,-14,79,10
-7,-257,75,-15,80,10
-4,-256,75,-15,80,10
-5,-259,72,-15,80,10
-5,-256,73,-15,80,9
-8,-257,77,-13,80,9
-5,-258,74,-14,77,10
-7,-257,77,-13,77,9
-1,-256,72,-11,77,9
-4,-259,76,-10,75,10
-5,-256,75,-6,74,9
-4,-255,76,-3,74,9
-6,-256,76,2,72,8
-5,-257,77,9,69,7
-3,-256,76,14,69,9
-3,-257,70,19,67,9
-6,-257,73,22,66,9
-7,-256,74,25,64,8
-5,-256,74,27,63,7
-4,-256,73,29,64,7
-6,-258,76,31,65,5
-4,-254,73,30,65,4
-5,-257,74,28,66,2
-5,-257,76,28,66,2
-2,-257,79,27,67,0
-4,-256,78,25,69,-1
-3,-256,72,22,70,-4
-5,-257,73,18,72,-4
-4,-257,73,16,74,-6
0,-255,73,14,74,-7
-3,-253,75,12,75,-9
-4,-256,77,10,76,-10
0,-256,78,8,78,-10
0,-254,73,6,78,-9
-1,-256,75,4,77,-11
0,-256,73,3,77,-11
-1,-255,72,2,77,-12
-2,-257,73,1,77,-13
2,-256,72,1,78,-12
-3,-255,73,0,78,-12
0,-258,75,0,79,-13
2,-257,76,-1,79,-12
2,-255,73,-2,79,-13
-1,-256,70,-1,79,-13
-1,-256,77,0,79,-14
-1,-257,72,1,79,-12
-2,-255,73,0,78,-13
-3,-256,71,-1,80,-13
-3,-258,77,-2,78,-13
2,-256,72,-3,80,-13
-6,-254,72,-5,80,-14
-4,-255,70,-6,80,-13
-3,-257,76,-6,80,-14
-6,-258,72,-8,81,-14
-5,-255,73,-9,81,-15
-2,-257,69,-8,80,-16
0,-256,66,-8,80,-16
-3,-256,72,-8,80,-15
-3,-256,74,-9,82,-16
-5,-254,69,-9,82,-17
-5,-257,73,-9,81,-17
-6,-257,70,-10,81,-18
-1,-256,70,-9,81,-17
-2,-256,75,-8,81,-18
-4,-254,75,-6,79,-18
-4,-256,73,-4,81,-18
-2,-256,68,-3,79,-19
-1,-256,74,-2,81,-19
-5,-255,70,-3,80,-19
-2,-257,72,-3,78,-17
-6,-257,70,-5,78,-17
-3,-257,70,-5,77,-17
-1,-256,70,-8,75,-16
-1,-257,69,-10,74,-14
-5,-258,72,-10,71,-14
-3,-258,71,-11,70,-15
0,-256,72,-11,70,-13
0,-254,72,-12,68,-11
-2,-256,72,-12,68,-13
-4,-257,75,-12,69,-12
-6,-256,72,-12,68,-12
-3,-256,71,-10,66,-11
-4,-257,73,-9,67,-10
0,-258,72,-7,66,-9
-4,-258,72,-5,65,-8
-2,-257,70,-6,65,-7
-3,-260,68,-3,64,-7
-5,-257,70,-2,62,-8
-4,-255,70,-1,61,-7
-6,-255,69,1,61,-6
-5,-257,71,3,60,-5
-7,-257,72,4,60,-4
-1,-257,68,5,58,-4
-2,-258,72,5,56,-3
-3,-256,69,7,56,-1
-4,-256,74,9,55,0
-2,-257,71,10,54,1
-4,-256,68,10,53,0
0,-255,79,8,51,2
-5,-254,68,6,49,1
-7,-253,71,6,48,3
-4,-253,71,3,48,3
-4,-256,73,1,47,3
0,-256,70,-1,46,3
0,-256,75,-3,44,4
-3,-256,71,-9,45,5
-5,-255,73,-11,45,6
-2,-255,71,-16,45,5
-2,-257,73,-20,44,4
1,-257,70,-23,44,3
-1,-254,73,-26,45,4
-3,-255,70,-28,45,5
-1,-256,74,-30,44,4
1,-259,73,-33,44,4
-3,-257,74,-35,44,4
-4,-257,71,-36,45,4
-4,-256,70,-38,43,4
-4,-257,70,-40,42,4
-2,-259,70,-41,43,4
-3,-255,71,-42,43,4
-5,-257,76,-44,42,4
-4,-255,71,-46,41,4
-4,-256,73,-46,39,5
2,-258,70,-47,38,5
-3,-258,72,-46,38,5
-6,-257,76,-47,37,5
-3,-260,66,-45,35,5
-3,-256,70,-45,35,6
-3,-256,72,-46,34,6
-5,-258,73,-45,34,5
-4,-256,73,-43,33,6
-6,-257,73,-47,35,6
-3,-257,73,-47,35,7
-3,-258,74,-47,35,7
-4,-258,68,-46,35,7
-4,-256,70,-47,35,6
-4,-260,68,-46,33,7
-3,-257,71,-45,32,8
-4,-258,70,-44,30,10
-4,-258,73,-43,29,9
2,-259,67,-42,27,10
-5,-258,70,-40,25,11
-6,-256,70,-41,24,10
-5,-259,74,-41,23,11
-5,-257,71,-39,20,11
-5,-258,74,-38,20,13
-7,-255,68,-38,16,15
-6,-257,68,-37,15,16
-7,-257,69,-37,12,18
-2,-257,73,-36,10,17
-3,-256,70,-36,8,18
-7,-256,67,-37,5,20
-5,-255,72,-37,3,20
-5,-257,71,-37,-1,21
-4,-256,72,-35,-3,23
-3,-257,70,-34,-7,23
-3,-259,74,-32,-8,25
-3,-257,70,-33,-10,24
-3,-258,69,-32,-11,25
-3,-258,69,-31,-12,26
-7,-256,71,-32,-13,26
-1,-257,71,-33,-14,26
-3,-259,69,-36,-13,25
-8,-260,65,-37,-15,26
-3,-256,68,-39,-15,25
-2,-257,71,-40,-15,25
-1,-257,69,-41,-15,24
-3,-259,73,-40,-14,23
-1,-257,69,-41,-15,23
-5,-259,66,-41,-16,22
-1,-256,71,-42,-17,22
-5,-257,72,-42,-17,21
-3,-258,69,-43,-18,22
-2,-256,71,-42,-18,22
-4,-258,69,-42,-16,22
-2,-259,71,-43,-17,23
-2,-258,66,-43,-18,24
-3,-259,69,-42,-19,23
-3,-257,74,-41,-20,23
-1,-258,67,-42,-21,23
1,-257,70,-39,-20,24
-2,-256,67,-38,-20,25
-1,-258,69,-37,-20,24
-3,-256,69,-38,-20,24
6,-257,74,-37,-20,24
-3,-256,69,-38,-19,24
-6,-256,69,-39,-17,24
0,-258,71,-38,-16,22
-3,-257,68,-38,-15,22
-1,-257,68,-35,-16,23
-4,-257,71,-35,-16,24
-1,-260,69,-35,-15,24
-3,-257,72,-35,-15,23
-1,-257,67,-34,-16,23
-2,-258,71,-34,-14,23
-4,-258,70,-32,-15,23
-3,-257,72,-31,-15,22
-1,-258,70,-30,-14,22
-5,-256,70,-30,-14,23
-4,-259,65,-29,-11,22
0,-260,68,-30,-11,22
-1,-258,66,-29,-12,22
0,-261,72,-30,-12,20
2,-261,68,-29,-10,21
-3,-258,67,-27,-8,22
-2,-259,71,-25,-8,21
-8,-255,73,-26,-9,19
-2,-259,70,-26,-7,20
-3,-256,71,-25,-7,20
-3,-256,68,-25,-6,20
-2,-260,70,-26,-6,20
-2,-259,68,-26,-7,22
-4,-256,69,-26,-8,21
-5,-256,69,-27,-6,22
-1,-260,69,-26,-6,21
-2,-257,69,-26,-7,20
-1,-258,68,-27,-6,21
-2,-256,70,-27,-5,22
0,-257,68,-27,-4,24
-3,-259,66,-26,-2,22
-4,-256,70,-26,-1,20
-4,-256,68,-26,1,21
-1,-258,69,-26,2,20
0,-259,69,-26,1,20
-4,-258,67,-27,1,19
-3,-257,67,-27,1,20
-3,-258,66,-26,1,19
-2,-252,79,-27,3,20
-3,-256,67,-27,4,19
-2,-257,69,-27,4,20
-3,-259,68,-26,4,19
-4,-259,69,-27,3,19
-5,-258,68,-26,3,21
-4,-259,72,-25,4,18
-2,-257,69,-25,4,20
-4,-258,67,-25,6,21
-3,-259,65,-24,7,18
-4,-258,69,-24,6,19
-2,-259,69,-24,6,19
0,-259,68,-23,7,20
-4,-258,67,-23,7,20
-4,-259,69,-24,10,19
0,-260,69,-23,10,19
-1,-256,69,-24,10,19
-2,-257,67,-21,9,19
-6,-257,68,-20,8,21
-3,-258,67,-19,10,21
0,-257,67,-19,10,19
-2,-260,78,-19,12,18
-4,-256,70,-18,11,18
-4,-256,65,-18,12,19
-5,-257,69,-18,13,17
-3,-257,67,-18,12,18
-4,-256,68,-17,13,17
0,-259,68,-18,14,17
-3,-256,69,-18,15,16
-3,-257,69,-20,16,16
-5,-255,72,-21,16,16
-4,-257,72,-22,15,14
-1,-257,67,-24,18,15
-5,-256,70,-24,18,14
-4,-254,67,-26,18,13
-1,-260,71,-27,20,12
-3,-258,69,-27,19,12
-5,-258,74,-29,21,11
1,-257,68,-27,22,10
-3,-257,69,-28,23,9
-1,-259,69,-29,25,8
-5,-255,68,-29,26,8
-2,-259,71,-30,27,8
-3,-258,70,-31,28,8
1,-257,68,-33,29,6
-2,-261,72,-34,32,6
-1,-258,68,-36,34,5
2,-259,66,-35,35,5
-3,-257,68,-36,37,4
1,-258,68,-34,38,7
-4,-257,67,-33,39,6
-4,-257,70,-31,40,5
-5,-258,67,-30,41,5
-1,-260,65,-31,40,5
-1,-258,68,-32,40,5
-5,-258,67,-30,41,4
-3,-258,69,-29,41,6
-6,-258,66,-30,40,5
-4,-255,65,-28,43,5
-2,-257,68,-27,43,3
-5,-258,69,-26,44,4
-4,-259,65,-25,45,4
-2,-256,69,-24,45,3
-3,-258,66,-24,46,3
-1,-250,68,-26,45,3
1,-256,67,-27,45,3
-4,-256,66,-27,45,3
-1,-258,66,-27,45,4
-1,-261,68,-27,46,4
-3,-256,71,-27,47,3
-5,-257,67,-26,47,4
-2,-258,66,-28,47,3
0,-259,67,-27,48,3
-3,-256,70,-26,50,3
-1,-259,65,-26,51,4
-4,-258,66,-29,52,1
-3,-256,67,-28,53,1
-4,-258,70,-30,57,-1
0,-259,68,-33,58,-2
-1,-260,67,-32,60,-1
-5,-258,66,-33,61,-1
-3,-257,68,-32,62,-1
-4,-259,67,-33,62,0
-5,-260,68,-32,62,0
-6,-257,68,-29,61,0
-9,-255,66,-28,60,-3
-2,-257,65,-26,59,0
-4,-258,68,-27,58,2
-4,-259,69,-25,57,3
-1,-259,68,-26,57,4
-4,-260,68,-26,56,4
-3,-257,67,-25,57,4
-1,-258,66,-25,58,4
-2,-258,68,-27,57,4
-6,-258,65,-27,56,5
-3,-259,69,-28,56,7
-5,-257,66,-28,58,5
-4,-256,66,-30,57,5
0,-256,64,-30,57,4
-2,-255,66,-31,58,4
-4,-256,66,-32,58,5
-3,-256,65,-31,58,5
-2,-256,66,-31,59,3
-6,-257,65,-30,59,4
-2,-257,72,-30,57,3
-6,-256,67,-29,60,4
1,-260,65,-30,60,4
-4,-261,77,-29,60,4
-4,-261,67,-30,61,3
-6,-257,65,-30,61,3
-5,-258,66,-30,61,4
-4,-260,65,-30,64,4
-5,-259,66,-29,62,5
-3,-260,68,-28,63,3
-3,-258,67,-27,63,3
-2,-257,65,-28,63,2
-6,-257,59,-26,63,4
-5,-259,65,-27,64,2
-1,-257,65,-27,66,2
-3,-260,65,-27,67,1
-5,-259,65,-28,67,-1
-4,-258,66,-27,71,-2
-2,-257,69,-27,72,-1
-4,-258,69,-27,72,-2
-3,-259,65,-27,73,-3
-5,-257,66,-27,75,-4
-7,-258,65,-27,75,-5
-6,-257,68,-26,76,-6
4,-256,57,-25,77,-8
-5,-256,67,-24,79,-7
-5,-258,66,-25,79,-7
-2,-257,67,-25,79,-8
-4,-257,65,-25,79,-8
-4,-257,69,-25,80,-8
-4,-256,70,-25,80,-7

