-.-.-
-3,-214,100,-16,24,-3
-2,-214,99,-7,23,-3
-1,-212,99,-1,21,-4
-1,-213,96,1,20,-1
-2,-210,99,-3,19,-2
6,-211,109,-9,18,-2
-1,-208,103,-20,18,-1
-1,-208,105,-33,20,-2
-4,-211,101,-46,18,0
0,-212,101,-54,17,2
-3,-208,100,-61,15,2
-1,-214,101,-64,16,2
-3,-212,103,-65,15,3
-1,-211,99,-63,14,2
-7,-211,98,-61,14,3
0,-214,102,-57,14,3
-3,-214,98,-54,14,3
-1,-214,100,-50,14,4
-3,-213,98,-44,12,3
-3,-213,95,-40,13,2
-2,-213,98,-38,15,2
-3,-212,100,-34,16,1
-2,-214,98,-33,17,0
-3,-213,98,-32,19,-1
-2,-215,97,-32,21,0
-5,-213,101,-31,21,-2
-3,-210,101,-34,22,-3
-2,-214,100,-36,23,-3
-4,-211,98,-37,22,-2
-3,-212,99,-41,23,-1
-2,-214,98,-42,22,-2
-2,-213,100,-44,21,-2
-2,-215,102,-45,19,-2
-2,-213,101,-47,17,0
-3,-214,98,-49,13,0
-3,-211,103,-50,9,-1
-2,-213,99,-51,7,-1
-5,-213,102,-52,5,0
-2,-214,100,-53,6,0
-2,-211,100,-53,8,-1
0,-214,102,-55,9,-2
-4,-210,99,-56,9,-2
-5,-211,99,-55,10,-3
-4,-213,101,-51,10,-1
-1,-214,101,-51,11,-2
-5,-212,101,-49,13,-1
-4,-211,99,-46,16,-1
-4,-213,100,-44,20,-2
-4,-213,97,-43,24,-2
-5,-214,98,-41,25,-2
-4,-213,102,-39,26,-4
-3,-212,98,-38,27,-3
-1,-214,104,-35,28,-4
0,-212,103,-33,28,-5
-3,-212,103,-30,31,-6
-1,-213,105,-30,34,-9
-1,-215,101,-30,38,-10
1,-213,101,-32,42,-14
-2,-210,102,-33,47,-16
2,-213,103,-35,53,-19
1,-212,104,-36,61,-21
3,-213,100,-36,69,-24
4,-212,101,-39,79,-27
2,-209,99,-44,89,-28
5,-210,98,-49,97,-30
6,-211,100,-58,103,-30
9,-208,96,-68,105,-31
4,-207,100,-77,107,-33
5,-206,101,-91,107,-31
7,-208,98,-105,105,-30
8,-210,97,-120,103,-27
8,-210,96,-139,101,-26
8,-211,96,-158,99,-24
8,-214,95,-177,102,-24
9,-215,93,-197,106,-22
8,-218,92,-211,112,-24
8,-220,93,-223,116,-25
11,-219,91,-232,117,-29
8,-223,97,-238,114,-34
6,-225,94,-237,106,-40
9,-223,94,-230,97,-49
3,-226,95,-221,87,-59
7,-227,95,-206,80,-72
6,-224,93,-187,75,-87
7,-226,93,-163,74,-105
5,-227,94,-134,75,-121
6,-225,94,-102,78,-139
4,-224,94,-70,81,-156
3,-223,90,-38,84,-172
3,-221,95,-9,86,-190
1,-217,93,19,88,-207
-1,-218,93,41,88,-220
4,-214,89,62,89,-234
-4,-214,95,78,90,-243
-5,-214,99,88,89,-252
-11,-208,94,93,82,-259
-11,-210,91,90,69,-264
-14,-208,94,78,53,-266
-12,-208,90,57,34,-267
-14,-206,90,26,18,-268
-15,-203,89,-16,5,-267
-15,-202,88,-65,-2,-269
-14,-205,87,-121,-7,-270
-12,-206,86,-182,-11,-276
-10,-209,91,-245,-16,-285
-11,-207,93,-307,-20,-298
-8,-210,98,-365,-23,-313
-7,-215,101,-417,-25,-331
-5,-218,105,-457,-23,-349
1,-226,113,-481,-18,-368
5,-231,112,-492,-9,-390
4,-235,112,-488,-8,-416
6,-240,112,-470,-22,-445
10,-241,103,-444,-48,-476
12,-240,100,-413,-84,-507
15,-244,95,-376,-121,-532
14,-240,91,-338,-147,-554
17,-239,87,-301,-155,-573
17,-234,85,-266,-150,-585
19,-230,86,-237,-144,-599
18,-227,84,-215,-152,-608
10,-220,84,-201,-180,-614
7,-217,81,-196,-231,-620
3,-208,78,-200,-292,-621
4,-208,80,-220,-350,-623
2,-204,79,-253,-398,-629
0,-201,85,-298,-429,-632
3,-204,89,-348,-447,-636
1,-206,91,-402,-447,-643
3,-210,95,-449,-437,-655
2,-213,100,-483,-422,-670
3,-220,100,-509,-409,-693
1,-220,105,-521,-405,-722
4,-225,104,-522,-411,-758
-1,-228,104,-514,-428,-791
-2,-234,104,-499,-454,-828
-4,-233,98,-481,-485,-860
-8,-236,93,-461,-512,-891
-5,-234,90,-449,-529,-916
-6,-234,87,-440,-535,-941
-8,-234,84,-435,-531,-962
-6,-233,87,-431,-523,-977
-3,-233,85,-426,-511,-989
-5,-232,84,-419,-506,-999
-2,-231,84,-413,-502,-1002
3,-230,83,-406,-500,-1003
6,-229,84,-395,-500,-1003
8,-229,84,-381,-507,-998
16,-227,89,-364,-517,-999
17,-222,83,-345,-526,-996
24,-224,86,-330,-536,-991
29,-228,91,-317,-541,-988
27,-225,85,-309,-547,-984
24,-227,88,-296,-552,-984
23,-230,83,-286,-557,-995
20,-230,77,-285,-563,-1013
17,-225,85,-290,-566,-1028
24,-226,80,-305,-565,-1044
22,-216,77,-328,-557,-1062
30,-215,77,-366,-541,-1079
31,-217,75,-415,-526,-1102
29,-216,73,-469,-517,-1132
29,-219,71,-532,-522,-1166
29,-229,66,-598,-541,-1213
25,-236,60,-659,-560,-1269
31,-243,53,-715,-573,-1327
31,-245,45,-764,-577,-1381
36,-249,43,-802,-565,-1429
43,-254,41,-823,-549,-1475
52,-261,44,-806,-535,-1514
62,-268,37,-749,-525,-1552
75,-273,36,-671,-506,-1600
86,-279,36,-572,-478,-1645
97,-285,31,-449,-445,-1681
108,-288,32,-318,-406,-1712
117,-288,35,-183,-366,-1744
129,-284,37,-49,-331,-1780
138,-286,34,80,-301,-1825
136,-284,27,203,-283,-1885
140,-283,42,297,-271,-1952
137,-282,53,358,-266,-2028
130,-282,71,387,-268,-2116
127,-280,91,401,-285,-2209
127,-277,100,428,-318,-2292
124,-267,109,470,-354,-2347
122,-258,108,509,-387,-2382
119,-242,101,540,-405,-2400
122,-230,97,559,-402,-2397
116,-212,78,569,-381,-2387
115,-196,70,563,-350,-2372
112,-188,62,536,-329,-2355
111,-183,65,495,-314,-2336
99,-175,62,466,-298,-2313
90,-177,64,452,-269,-2274
73,-169,59,450,-225,-2221
59,-167,46,433,-179,-2164
51,-170,40,376,-174,-2108
43,-169,37,263,-249,-2063
39,-170,24,110,-383,-2019
46,-171,30,-47,-529,-1975
58,-169,14,-166,-632,-1928
66,-174,18,-226,-663,-1887
70,-173,28,-227,-624,-1847
66,-168,37,-171,-541,-1797
70,-163,44,-72,-436,-1727
91,-163,57,55,-322,-1653
112,-160,59,181,-198,-1598
134,-164,71,298,-66,-1557
156,-159,81,403,58,-1521
177,-156,91,496,163,-1487
204,-153,95,581,230,-1463
236,-153,97,654,249,-1458
259,-149,94,712,203,-1476
281,-132,87,743,92,-1515
297,-121,73,745,-53,-1566
304,-109,59,724,-184,-1616
301,-97,35,688,-276,-1659
296,-80,22,638,-324,-1685
281,-60,13,568,-353,-1685
259,-40,11,486,-382,-1667
249,-27,5,398,-420,-1646
260,-13,9,315,-462,-1631
257,-13,-4,251,-493,-1622
261,-10,-5,206,-496,-1614
268,-11,-4,186,-465,-1603
270,-6,2,191,-404,-1590
273,-1,10,210,-321,-1576
272,-2,8,240,-235,-1568
273,-6,12,257,-162,-1561
274,-3,20,243,-109,-1561
278,-6,25,204,-77,-1568
279,-11,29,146,-69,-1589
284,-20,34,80,-87,-1623
282,-29,33,19,-127,-1663
272,-37,33,-30,-178,-1709
262,-46,33,-58,-241,-1752
254,-54,31,-68,-306,-1784
244,-60,32,-62,-362,-1801
242,-66,34,-33,-405,-1803
239,-72,33,19,-424,-1793
235,-69,38,94,-410,-1780
238,-68,37,190,-369,-1765
242,-60,40,293,-308,-1747
240,-52,25,388,-240,-1735
241,-39,19,463,-172,-1728
256,-23,17,515,-106,-1726
264,-15,17,540,-47,-1731
276,-6,16,536,-8,-1737
281,3,16,501,11,-1751
298,6,23,443,19,-1763
290,8,31,367,35,-1780
286,8,30,287,55,-1798
280,4,37,215,70,-1812
272,-4,38,154,87,-1822
265,-6,45,105,106,-1827
257,1,46,63,122,-1820
261,4,44,17,144,-1794
267,11,42,-35,185,-1756
271,21,35,-83,258,-1706
277,32,35,-115,367,-1643
281,42,34,-126,499,-1555
289,47,41,-115,628,-1433
294,49,40,-82,707,-1277
288,57,39,-37,710,-1095
284,43,52,14,645,-891
274,34,51,61,528,-672
271,16,57,93,394,-439
270,8,64,104,261,-207
269,-5,73,97,144,5
272,-20,78,81,54,179
266,-31,74,71,1,313
255,-41,72,73,-10,405
245,-43,68,95,18,458
236,-39,64,129,69,476
238,-34,56,156,124,459
231,-21,51,153,183,406
232,-6,42,118,252,330
233,12,34,60,342,249
240,28,31,-17,450,160
242,45,35,-98,562,73
249,57,36,-170,661,-5
253,69,44,-223,721,-84
257,69,50,-237,738,-158
258,72,57,-209,716,-225
257,67,58,-141,670,-292
266,69,50,-50,609,-346
256,61,60,52,544,-381
256,59,62,154,485,-403
252,61,62,251,436,-409
247,58,68,330,386,-409
244,59,70,382,328,-403
241,56,77,401,264,-390
240,53,79,390,203,-370
236,48,82,355,156,-346
228,48,82,308,128,-316
226,43,88,258,123,-281
225,35,90,208,137,-241
221,26,86,163,157,-194
222,19,85,121,178,-146
221,14,87,75,191,-95
223,8,84,30,198,-49
221,3,78,-19,203,-11
221,0,76,-76,212,19
223,-3,79,-139,223,41
223,-7,75,-207,232,63
218,-1,80,-275,242,78
221,1,82,-331,252,89
225,-1,94,-374,263,90
220,6,84,-399,278,86
225,8,91,-400,297,84
229,12,96,-386,316,83
230,16,101,-355,336,84
228,23,102,-311,352,87
229,21,103,-258,350,94
232,24,106,-207,327,100
233,28,103,-160,286,105
234,26,108,-128,236,115
237,25,98,-106,189,125
239,24,95,-90,156,131
242,20,90,-79,143,132
239,20,82,-74,146,129
237,21,78,-88,161,124
230,22,70,-121,173,122
228,18,63,-172,177,127
230,15,62,-232,183,136
231,12,59,-296,197,148
229,11,69,-353,222,156
226,7,79,-390,246,166
223,0,95,-388,269,172
222,-4,105,-343,279,163
224,-7,112,-271,269,143
220,-4,114,-206,228,114
216,-1,111,-167,160,88
218,-1,111,-149,82,68
220,0,107,-138,12,50
217,-4,109,-115,-38,35
210,-2,108,-80,-64,30
208,-3,100,-41,-70,29
201,-2,96,-10,-55,34
201,1,91,2,-22,43
202,6,87,-17,19,52
205,1,83,-67,60,59
211,0,92,-131,94,67
215,-4,95,-195,113,74
213,-5,102,-255,113,78
213,-8,107,-301,98,80
218,-12,111,-330,69,84
221,-14,116,-345,33,83
221,-16,121,-343,-5,79
222,-20,124,-328,-46,69
225,-23,118,-302,-90,52
221,-25,122,-267,-141,31
228,-25,121,-228,-193,9
225,-24,116,-189,-255,-13
221,-23,112,-151,-299,-31
221,-23,101,-122,-330,-45
219,-19,96,-100,-343,-53
213,-16,96,-85,-341,-57
209,-14,94,-78,-329,-58
202,-13,86,-73,-313,-55
198,-11,88,-71,-296,-45
200,-12,88,-67,-280,-34
199,-14,89,-59,-269,-20
196,-17,91,-50,-266,-3
197,-18,97,-38,-272,15
199,-23,93,-24,-291,37
206,-27,95,-7,-312,59
209,-34,89,8,-335,81
213,-39,92,19,-351,105
219,-39,87,27,-358,126
222,-41,86,35,-360,148
226,-39,82,39,-364,168
235,-43,80,48,-366,186
233,-43,79,57,-370,199
237,-43,79,72,-370,212
245,-46,75,92,-366,223
242,-43,75,119,-360,231
247,-42,78,150,-355,238
253,-42,73,181,-353,240
255,-38,73,211,-352,240
254,-38,72,233,-353,237
257,-34,71,244,-355,234
255,-29,68,245,-360,231
258,-24,64,238,-368,228
256,-23,68,225,-381,225
254,-20,68,207,-395,225
257,-20,67,187,-408,226
258,-17,69,166,-422,227
255,-12,68,145,-430,228
256,-12,69,129,-438,232
251,-10,72,113,-449,237
252,-11,71,101,-464,239
251,-12,70,93,-485,241
247,-10,70,83,-512,244
256,-2,63,71,-542,243
247,-8,70,56,-572,241
246,-9,65,36,-603,237
246,-10,62,19,-632,231
244,-15,62,6,-661,227
245,-18,61,-7,-688,217
245,-24,59,-15,-707,204
246,-28,55,-18,-723,187
249,-31,50,-16,-734,167
251,-37,52,-12,-740,142
251,-41,42,-2,-741,117
252,-44,43,11,-737,95
254,-41,34,30,-724,73
256,-44,31,52,-703,53
256,-40,32,74,-677,34
260,-39,26,96,-641,18
265,-36,20,118,-599,2
265,-35,21,135,-549,-12
265,-31,22,148,-497,-28
269,-27,15,155,-444,-42
268,-24,18,161,-390,-54
272,-24,24,162,-342,-63
274,-17,11,160,-301,-72
274,-19,20,157,-265,-77
275,-16,17,151,-234,-81
271,-14,19,145,-206,-81
275,-12,21,140,-184,-81
274,-9,15,134,-164,-78
274,-11,16,130,-144,-71
270,-10,20,124,-125,-68
271,-9,16,113,-106,-62
267,-8,21,100,-91,-55
266,-6,21,85,-78,-49
260,-9,25,68,-66,-42
268,-13,23,52,-56,-34
262,-9,21,36,-48,-26
263,-10,21,24,-38,-20
264,-11,26,15,-25,-15
264,-12,27,11,-10,-9
263,-12,28,10,6,-4
262,-14,30,13,20,0
261,-13,32,16,30,5
266,-17,31,23,38,6
261,-12,32,32,39,8
271,0,28,40,38,9
259,-11,37,47,32,7
260,-10,34,50,27,6
257,-7,34,50,20,3
256,-7,36,45,13,-1
257,-6,39,34,6,-5
258,-4,36,19,-1,-10
258,-7,36,5,-9,-11
259,-10,38,-9,-16,-14
260,-10,36,-20,-21,-17
261,-14,41,-33,-26,-17
258,-11,41,-42,-31,-21
259,-15,40,-51,-36,-19
259,-14,36,-60,-41,-18
255,-17,39,-67,-42,-15
258,-15,36,-72,-41,-13
258,-17,36,-79,-38,-13
258,-17,37,-88,-32,-10
256,-18,37,-95,-23,-9
258,-19,36,-101,-15,-12
258,-19,34,-103,-4,-15
251,-22,38,-105,7,-18
257,-19,35,-105,18,-19
259,-19,32,-103,31,-22
258,-14,38,-98,46,-26
262,-18,35,-92,61,-30
258,-16,36,-83,76,-33
259,-17,38,-76,89,-36
263,-16,36,-72,103,-38
257,-13,38,-64,114,-39
260,-15,33,-57,122,-41
256,-11,38,-53,129,-41
258,-13,38,-53,136,-42
255,-10,36,-55,138,-42
257,-13,34,-60,140,-42
256,-12,34,-63,139,-39
255,-11,42,-66,139,-37
257,-12,39,-68,137,-32
259,-15,40,-72,134,-30
258,-16,37,-74,132,-26
252,-16,40,-74,129,-24
254,-13,42,-76,126,-22
260,-18,37,-77,121,-20
252,-16,38,-74,118,-17
254,-13,41,-76,118,-16
254,-15,38,-73,117,-15
252,-19,41,-76,119,-14
256,-17,41,-80,121,-14
252,-15,40,-81,124,-14
249,-16,42,-84,126,-15
248,-15,45,-83,128,-17
251,-18,43,-83,130,-18
251,-17,38,-82,132,-19
247,-14,43,-79,132,-19
250,-15,46,-78,129,-21
251,-21,47,-75,126,-22
252,-19,46,-70,124,-22
252,-22,50,-63,122,-21
253,-21,43,-56,118,-21
250,-18,46,-49,116,-19
252,-20,51,-45,115,-19
249,-20,50,-43,112,-18
252,-20,49,-42,111,-17
252,-20,47,-41,107,-16
254,-21,51,-41,103,-13
250,-17,52,-39,100,-10
251,-19,51,-40,95,-8
253,-19,46,-44,93,-6
249,-17,52,-43,89,-5
252,-18,53,-45,86,-5
251,-19,52,-43,82,-5
250,-15,50,-42,77,-4
250,-19,52,-36,72,-5
248,-14,49,-30,68,-5
248,-17,46,-27,65,-7
250,-18,48,-25,62,-7
251,-15,47,-22,61,-9
247,-16,48,-21,60,-10
248,-14,50,-23,60,-10
248,-16,49,-24,62,-11
246,-13,49,-26,65,-10
247,-13,51,-29,65,-12
249,-13,46,-31,67,-12
248,-12,47,-33,70,-14
248,-14,50,-33,74,-16
249,-14,50,-33,76,-17
246,-22,51,-32,78,-18
251,-12,49,-32,77,-18
249,-15,50,-30,76,-18
252,-17,51,-26,73,-18
251,-12,45,-22,68,-18
251,-18,50,-18,63,-16
250,-15,51,-18,60,-16
251,-12,53,-20,55,-14
248,-13,50,-23,51,-13
250,-12,50,-28,47,-12
248,-12,50,-32,43,-10
245,-12,51,-38,40,-9
252,-13,48,-42,37,-6
252,-15,49,-46,33,-4
250,-12,48,-49,28,-1
252,-15,51,-51,25,1
251,-13,50,-57,22,2
251,-14,50,-58,19,3
251,-14,52,-57,17,4
251,-15,49,-56,15,4
250,-15,52,-54,12,5
252,-18,46,-53,10,7
248,-16,45,-48,7,8
247,-12,43,-46,6,7
251,-16,49,-44,7,5
250,-14,49,-44,9,4
247,-15,51,-44,12,1
249,-17,47,-45,15,1
249,-16,50,-44,18,0
251,-15,48,-40,21,-2
249,-17,49,-33,23,-3
249,-17,51,-26,26,-6
252,-14,44,-19,29,-6
252,-14,50,-13,30,-7
252,-14,47,-8,32,-8
254,-16,45,-5,35,-11
253,-14,49,-6,38,-11
250,-13,48,-8,39,-13
250,-14,48,-13,43,-15
252,-14,50,-19,45,-14
252,-14,46,-23,49,-14
252,-15,48,-25,49,-13
251,-14,49,-28,50,-14
250,-13,43,-29,49,-14
252,-14,48,-31,46,-12
251,-11,50,-34,40,-13
253,-13,53,-35,36,-12
252,-14,53,-38,30,-10
252,-11,55,-41,26,-8
252,-13,49,-43,21,-7
254,-13,47,-45,19,-6
253,-16,50,-48,16,-5
254,-15,49,-49,14,-4
252,-12,49,-49,14,-3
255,-11,47,-50,12,-4
251,-14,44,-48,13,-1
251,-14,47,-46,14,-2
249,-13,52,-46,16,-2
248,-16,51,-46,19,-3
248,-14,46,-46,23,-4
250,-15,48,-44,27,-5
252,-18,48,-43,27,-6
252,-13,50,-42,29,-5
251,-15,54,-37,30,-7
255,-14,47,-36,31,-8
250,-13,50,-33,31,-8
252,-13,47,-30,32,-8
248,-11,48,-32,33,-8
251,-15,45,-32,34,-8
252,-16,49,-33,34,-8
252,-16,51,-33,34,-7
249,-14,51,-35,34,-5
249,-14,51,-34,31,-4
252,-16,51,-35,28,-4
250,-10,52,-35,26,-4
249,-12,47,-35,24,-4
247,-13,56,-37,21,-4
247,-13,53,-40,19,-5
252,-15,56,-42,15,-5
252,-13,51,-43,14,-4
247,-13,53,-45,11,-4
250,-13,48,-46,9,-3
251,-16,51,-46,9,-3
252,-15,48,-46,9,-3
251,-11,50,-47,11,-3
248,-15,50,-44,12,-4
250,-15,54,-43,13,-3
250,-16,51,-42,15,-4
248,-18,53,-41,16,-6
251,-15,49,-43,17,-5
251,-16,45,-41,19,-6
250,-13,49,-40,21,-6
250,-13,47,-38,22,-8
248,-10,50,-38,23,-8
250,-12,52,-38,23,-8
252,-17,49,-41,24,-7
248,-13,50,-42,24,-8
250,-15,53,-46,22,-11
248,-12,48,-46,21,-10
252,-14,46,-48,20,-10
249,-13,49,-49,19,-9
251,-15,50,-48,16,-9
249,-12,51,-48,16,-8
253,-15,51,-47,12,-8
253,-15,48,-46,11,-6
252,-15,51,-42,9,-4
251,-17,52,-41,8,-3
251,-14,49,-40,9,-2
255,-15,49,-39,9,0
251,-17,48,-40,11,-1
249,-18,52,-39,12,1
251,-16,48,-38,12,3
252,-17,46,-38,14,2
252,-14,51,-37,14,2
250,-16,52,-38,16,2
250,-16,52,-37,17,2
248,-11,48,-34,18,0
251,-17,52,-32,16,1
253,-13,52,-34,17,-1
251,-13,48,-35,18,-2
251,-12,45,-41,18,-5
250,-13,51,-41,19,-8
254,-17,50,-44,20,-10
250,-13,48,-47,21,-8
253,-16,44,-49,19,-8
253,-13,56,-51,18,-8
249,-17,51,-52,15,-7
253,-13,50,-53,11,-5
252,-15,47,-54,9,-4
252,-18,46,-54,4,-5
250,-14,50,-56,0,-4
250,-13,52,-57,-3,-4
251,-15,50,-57,-8,-4
251,-13,50,-58,-12,-3
249,-15,48,-56,-15,-3
250,-13,49,-56,-16,-3
251,-15,50,-56,-12,-4
251,-17,53,-55,-11,-5
249,-15,51,-55,-13,-5
251,-17,52,-55,-19,-4
252,-16,52,-53,-28,-3
255,-18,56,-48,-41,0
254,-16,52,-45,-58,3
251,-13,51,-43,-74,7
255,-17,51,-40,-88,9
252,-17,49,-39,-98,10
255,-15,45,-39,-108,9
253,-19,47,-36,-110,8
251,-13,47,-32,-110,7
251,-19,46,-30,-107,6
254,-13,44,-28,-98,6
249,-16,49,-28,-86,5
248,-14,45,-25,-73,4
249,-14,39,-24,-57,2
250,-16,45,-20,-41,1
252,-18,41,-18,-26,-1
249,-14,45,-16,-7,-5
251,-17,44,-16,11,-10
253,-16,46,-15,26,-11
253,-14,40,-16,38,-13
252,-12,44,-15,45,-13
252,-14,43,-17,46,-12
248,-12,46,-18,45,-11
253,-13,47,-19,42,-11
251,-11,49,-16,36,-9
250,-14,51,-16,34,-7
250,-13,52,-14,27,-6
254,-15,51,-10,25,-3
253,-13,52,-6,24,-1
252,-16,48,-3,24,1
248,-12,50,-3,24,1
250,-12,47,-5,22,3
251,-12,48,-11,20,5
248,-12,46,-18,16,7
249,-8,46,-27,13,6
250,-12,45,-36,8,7
249,-11,48,-45,6,7
251,-16,47,-52,5,8
253,-15,47,-58,5,7
249,-17,51,-66,4,7
254,-16,48,-70,5,8
251,-17,48,-74,3,7
250,-17,48,-74,-1,5
250,-16,50,-72,-7,5
252,-16,49,-66,-16,5
252,-16,47,-61,-24,5
252,-18,50,-58,-32,6
253,-14,48,-55,-41,6
252,-13,47,-49,-47,7
253,-15,45,-50,-53,8
254,-16,44,-51,-59,7
253,-15,43,-52,-62,6
252,-12,46,-53,-64,5
252,-13,45,-52,-63,2
251,-12,42,-53,-61,1
252,-13,43,-53,-56,0
254,-16,44,-54,-53,-1
251,-14,48,-56,-52,0
252,-15,45,-59,-59,0
252,-15,50,-65,-81,1
251,-10,49,-77,-118,6
254,-16,52,-92,-174,11
254,-13,52,-110,-244,18
255,-15,51,-132,-320,28
259,-11,48,-156,-400,38
263,-10,48,-183,-476,48
263,-12,47,-208,-539,59
268,-16,45,-225,-583,70
271,-18,41,-234,-602,80
271,-23,40,-242,-595,90
275,-25,36,-241,-565,97
268,-27,34,-237,-523,104
267,-29,31,-233,-480,113
260,-26,34,-221,-454,123
258,-30,35,-210,-453,134
253,-31,36,-196,-476,143
247,-31,39,-184,-516,153
250,-32,35,-171,-562,165
254,-32,34,-153,-594,176
254,-31,25,-127,-603,184
261,-32,25,-103,-591,186
261,-25,22,-89,-561,180
260,-25,23,-88,-519,170
256,-19,20,-102,-482,154
247,-15,15,-129,-445,143
247,-15,12,-166,-404,136
245,-17,10,-206,-363,135
240,-14,8,-248,-318,136
240,-10,7,-292,-281,141
242,-13,6,-317,-255,147
241,-16,6,-329,-236,153
243,-17,5,-330,-224,155
249,-19,10,-319,-218,155
256,-22,8,-303,-212,156
258,-24,13,-283,-203,153
259,-22,9,-264,-189,147
264,-24,9,-241,-164,137
267,-27,8,-220,-142,127
273,-27,8,-195,-128,115
277,-32,8,-168,-118,103
281,-38,3,-144,-119,85
283,-31,3,-123,-123,63
278,-30,6,-102,-129,38
275,-32,3,-82,-134,12
272,-32,2,-59,-131,-13
265,-31,4,-42,-131,-37
260,-29,7,-37,-130,-57
252,-27,9,-42,-138,-77
248,-26,18,-59,-158,-91
248,-26,20,-79,-184,-99
247,-24,25,-95,-209,-105
246,-19,20,-110,-225,-107
246,-21,27,-122,-226,-109
247,-17,32,-129,-209,-112
246,-17,34,-129,-179,-117
242,-12,35,-120,-143,-120
240,-8,34,-106,-107,-120
240,-4,33,-91,-74,-117
238,5,26,-78,-47,-111
239,6,21,-70,-19,-99
239,8,18,-67,19,-84
235,16,24,-69,71,-64
236,21,27,-66,151,-42
237,23,29,-60,248,-26
238,29,32,-50,352,-11
240,29,43,-39,448,5
239,35,47,-24,523,23
241,39,57,-9,570,47
237,44,65,4,579,74
239,48,69,15,548,108
237,49,72,23,481,146
235,51,71,32,388,189
237,49,65,35,280,241
238,49,63,36,172,294
235,52,62,32,68,338
233,54,62,24,-18,383
225,55,59,18,-87,434
220,55,56,9,-134,495
216,59,59,-12,-177,568
213,56,65,-41,-224,643
214,61,66,-74,-286,709
214,63,70,-108,-358,770
218,61,63,-149,-421,832
222,62,58,-188,-454,890
230,52,51,-229,-452,947
241,50,50,-283,-423,1002
251,45,45,-349,-386,1046
264,44,47,-412,-352,1089
274,33,39,-475,-340,1122
287,25,42,-548,-360,1142
283,23,42,-612,-428,1149
278,13,36,-662,-539,1148
267,9,30,-717,-663,1135
258,9,15,-773,-779,1139
265,5,3,-839,-877,1162
273,-1,-10,-907,-947,1178
279,-5,-22,-958,-984,1185
304,-15,-41,-1003,-983,1198
326,-17,-57,-1051,-972,1223
338,-21,-67,-1123,-962,1277
332,-32,-68,-1186,-958,1307
325,-44,-71,-1207,-964,1313
323,-57,-67,-1182,-965,1330
328,-76,-61,-1100,-967,1361
325,-94,-61,-967,-966,1395
322,-107,-61,-804,-962,1422
319,-116,-55,-624,-947,1451
312,-121,-46,-428,-918,1481
303,-122,-37,-222,-870,1506
289,-123,-32,-35,-820,1532
289,-122,-33,130,-779,1558
278,-115,-28,265,-738,1581
270,-108,-36,360,-699,1600
258,-99,-33,411,-663,1618
254,-99,-33,427,-627,1640
243,-97,-33,423,-594,1667
239,-100,-28,415,-566,1692
230,-102,-30,407,-554,1715
224,-105,-30,408,-546,1744
211,-111,-29,419,-538,1778
201,-115,-32,432,-524,1822
193,-115,-31,441,-509,1870
189,-119,-36,440,-492,1923
190,-122,-35,431,-475,1982
186,-123,-28,410,-452,2040
177,-125,-21,381,-432,2095
174,-129,-20,350,-409,2156
176,-134,-15,311,-380,2228
170,-147,-13,265,-352,2307
171,-159,-10,216,-324,2382
175,-174,-10,168,-301,2456
176,-185,-13,127,-280,2527
187,-197,-10,100,-251,2588
196,-205,-14,97,-207,2637
211,-213,-17,119,-141,2675
214,-213,-20,158,-64,2704
219,-216,-13,220,22,2728
231,-218,-20,302,112,2743
228,-216,-20,387,191,2746
235,-219,-20,458,254,2751
235,-211,-17,525,301,2750
231,-210,-17,582,327,2754
226,-202,-21,625,332,2754
230,-189,-33,656,321,2733
222,-179,-39,663,290,2690
215,-168,-54,636,246,2635
193,-155,-63,564,206,2580
181,-141,-72,450,172,2534
162,-134,-76,314,147,2491
147,-139,-78,169,135,2463
134,-137,-75,32,136,2446
119,-145,-71,-93,140,2439
112,-153,-64,-190,151,2448
103,-174,-61,-273,153,2451
100,-186,-54,-341,152,2454
91,-196,-48,-382,141,2450
85,-214,-38,-389,118,2433
83,-231,-29,-374,88,2420
85,-242,-26,-352,52,2392
79,-236,-17,-318,18,2344
67,-253,-22,-292,-15,2299
62,-264,-18,-261,-44,2241
89,-264,-19,-220,-69,2177
86,-264,-16,-175,-81,2091
81,-267,-11,-126,-78,2014
92,-268,-12,-63,-57,1926
79,-266,-8,10,-19,1831
91,-267,-13,98,27,1756
96,-263,-11,171,77,1675
103,-261,-14,251,143,1586
99,-256,-17,314,210,1496
102,-254,-16,358,282,1421
118,-255,-15,383,355,1349
116,-250,-16,398,430,1271
122,-249,-14,404,499,1207
134,-241,-14,401,559,1145
127,-236,-14,379,608,1076
127,-236,-12,347,654,1023
128,-236,-12,310,693,983
132,-227,-14,267,725,952
130,-229,-12,210,745,920
126,-228,-16,142,757,900
125,-225,-15,69,762,883
115,-224,-14,0,757,873
110,-230,-9,-67,741,877
106,-232,-10,-119,713,878
99,-237,-12,-162,678,876
97,-238,-9,-193,641,878
86,-242,-10,-215,610,875
78,-243,-8,-226,595,879
70,-245,-12,-224,594,887
59,-247,-17,-225,610,892
51,-247,-18,-217,639,902
44,-244,-19,-205,671,913
41,-243,-20,-187,702,934
33,-241,-27,-171,724,949
30,-238,-27,-152,738,962
20,-232,-25,-135,741,977
13,-234,-25,-124,733,987
7,-236,-18,-109,722,998
6,-240,-18,-83,713,1008
1,-242,-24,-59,699,1010
-4,-243,-17,-37,691,1015
2,-248,-14,-10,691,1023
3,-251,-16,19,696,1015
6,-257,-6,53,705,1011
5,-261,-11,85,715,998
10,-267,-8,119,722,979
13,-274,-7,153,728,964
8,-274,-8,187,733,945
9,-282,-13,221,735,922
11,-282,-19,252,737,897
13,-280,-16,279,736,864
12,-287,-23,303,738,824
2,-283,-17,320,734,769
13,-287,-18,332,720,715
4,-280,-9,350,692,645
-7,-281,-12,383,663,600
-7,-285,-5,400,623,587
-4,-284,-2,412,573,568
-4,-286,4,442,519,543
-5,-291,7,493,472,537
-7,-287,4,550,422,519
-7,-280,1,598,374,497
-9,-277,0,641,331,487
-11,-273,-8,682,294,475
-12,-268,-7,714,266,470
-15,-264,-8,742,245,468
-16,-264,-7,763,232,467
-15,-258,-6,779,226,461
-12,-257,-11,793,226,460
-15,-254,-9,801,231,466
-12,-254,-12,797,241,457
-14,-249,-10,786,252,451
-13,-249,-10,770,266,440
-18,-243,-10,747,283,433
-13,-246,-8,712,301,431
-16,-239,-3,668,319,434
-17,-236,-5,626,336,438
-15,-235,3,585,352,440
-10,-237,2,542,365,435
-14,-235,9,489,379,431
-15,-234,13,446,396,422
-12,-236,16,409,419,410
-16,-241,18,382,446,396
-11,-242,22,361,472,383
-15,-242,24,350,499,373
-15,-250,25,343,523,367
-13,-245,27,344,540,364
-14,-248,25,346,551,364
-14,-249,26,355,558,368
-13,-247,23,364,561,375
-14,-245,23,376,564,380
-14,-245,24,392,568,385
-16,-247,24,412,572,390
-22,-243,26,433,572,395
-21,-244,26,457,564,401
-29,-246,28,477,556,404
-25,-246,32,500,551,403
-25,-247,33,522,554,406
-28,-248,41,546,567,405
-32,-248,48,575,588,395
-30,-252,48,610,609,388
-28,-251,53,647,622,390
-27,-252,50,684,624,391
-30,-251,52,713,619,391
-30,-249,50,736,610,384
-33,-248,50,744,592,370
-30,-249,46,743,567,352
-38,-244,49,733,540,326
-39,-244,47,722,511,301
-43,-245,50,705,484,274
-47,-244,56,693,464,251
-51,-244,58,686,449,224
-56,-242,57,680,438,193
-55,-245,64,675,429,163
-59,-240,62,674,426,133
-60,-236,70,673,424,109
-60,-234,73,670,424,88
-58,-233,64,664,425,72
-56,-228,71,650,430,56
-58,-222,77,630,441,46
-55,-221,78,602,450,32
-57,-223,80,570,452,17
-55,-222,87,538,440,14
-54,-225,86,506,420,10
-51,-222,90,478,398,8
-51,-220,91,448,376,0
-50,-221,89,422,358,-1
-49,-216,84,394,347,4
-39,-205,79,367,347,11
-44,-214,73,342,357,24
-40,-209,73,319,371,42
-42,-208,67,300,384,58
-42,-207,70,281,383,71
-46,-207,69,263,364,78
-45,-205,68,251,329,79
-48,-205,68,240,285,83
-49,-204,64,236,246,86
-47,-210,67,230,215,85
-50,-208,68,233,195,79
-47,-204,68,245,188,68
-48,-205,71,263,196,65
-44,-210,75,284,216,60
-41,-210,74,304,236,52
-40,-207,78,323,254,42
-42,-209,74,336,263,34
-40,-209,78,339,261,23
-45,-211,77,330,244,13
-41,-214,77,315,216,5
-42,-219,72,290,183,0
-38,-220,73,263,150,-7
-43,-223,72,233,119,-8
-42,-225,72,200,92,-11
-41,-220,66,169,72,-14
-44,-223,70,143,54,-18
-44,-224,68,123,36,-27
-45,-221,70,107,19,-34
-42,-225,74,99,4,-37
-43,-226,72,100,-10,-43
-47,-223,74,106,-23,-47
-45,-228,78,120,-35,-51
-47,-230,78,137,-49,-63
-47,-228,82,159,-65,-70
-45,-228,83,181,-83,-68
-42,-231,78,200,-98,-65
-39,-231,76,217,-113,-66
-37,-230,74,229,-122,-67
-39,-225,70,228,-126,-70
-38,-226,71,223,-125,-69
-36,-223,69,210,-122,-68
-33,-222,68,190,-121,-67
-31,-218,70,164,-122,-66
-28,-220,70,131,-125,-63
-27,-212,68,93,-130,-60
-23,-213,71,54,-137,-57
-26,-208,68,11,-145,-53
-28,-210,72,-31,-156,-50
-25,-212,71,-74,-170,-45
-26,-215,71,-110,-184,-40
-28,-216,71,-139,-196,-38
-26,-218,75,-164,-205,-35
-27,-219,76,-177,-209,-33
-27,-222,77,-181,-209,-31
-29,-222,81,-176,-206,-33
-24,-234,74,-161,-200,-32
-29,-232,82,-140,-193,-30
-29,-230,85,-114,-184,-32
-28,-227,85,-83,-177,-24
-28,-227,88,-51,-172,-14
-29,-227,89,-16,-173,-6
-29,-222,86,19,-181,0
-28,-221,89,51,-190,4
-26,-220,87,77,-200,7
-28,-217,85,92,-206,6
-27,-214,87,100,-211,4
-26,-216,88,104,-211,1
-29,-210,85,102,-209,-6
-28,-213,86,96,-203,-16
-24,-216,84,90,-198,-26
-27,-213,80,80,-189,-36
-27,-215,78,65,-176,-44
-24,-215,78,50,-156,-54
-26,-218,76,31,-140,-64
-24,-217,82,12,-133,-72
-21,-219,86,-1,-132,-76
-22,-219,82,-10,-133,-77
-25,-221,86,-16,-134,-78
-23,-220,81,-20,-136,-75
-22,-222,84,-23,-141,-71
-20,-223,85,-25,-151,-65
-25,-223,88,-24,-166,-61
-21,-225,84,-19,-177,-55
-20,-222,89,-8,-182,-49
-16,-225,83,4,-178,-44
-16,-227,85,19,-170,-41
-17,-222,87,32,-158,-40
-19,-222,85,45,-143,-42
-16,-222,83,56,-130,-42
-16,-221,86,63,-122,-43
-16,-221,81,63,-114,-45
-16,-217,85,57,-111,-48
-15,-218,82,44,-109,-52
-13,-219,84,27,-106,-56
-14,-216,80,3,-102,-60
-12,-215,80,-26,-95,-63
-9,-219,74,-56,-85,-69
-9,-215,77,-90,-72,-74
-8,-220,75,-121,-58,-79
-12,-220,74,-146,-43,-83
-10,-220,73,-164,-29,-88
-8,-224,77,-177,-15,-91
-8,-224,76,-180,-3,-92
-11,-228,77,-175,9,-94
-12,-231,80,-163,20,-95
-15,-228,81,-144,27,-92
-14,-231,80,-122,31,-90
-18,-228,88,-96,32,-85
-14,-227,84,-70,28,-78
-22,-229,90,-44,21,-73
-17,-225,90,-17,14,-66
-19,-227,94,7,5,-63
-17,-225,94,29,0,-58
-19,-223,97,46,-11,-55
-24,-220,94,62,-20,-55
-21,-221,91,72,-30,-55
-19,-218,89,76,-38,-57
-23,-219,87,74,-41,-60
-21,-217,85,68,-39,-64
-25,-215,84,56,-30,-69
-16,-213,77,39,-20,-76
-20,-216,76,21,-10,-82
-17,-217,75,-5,1,-89
-17,-217,77,-30,6,-93
-16,-217,77,-59,13,-99
-15,-220,75,-83,19,-103
-15,-222,80,-102,24,-104
-15,-225,83,-112,30,-104
-12,-226,81,-112,35,-102
-14,-226,87,-107,39,-98
-13,-232,84,-95,42,-92
-13,-229,84,-76,41,-86
-11,-230,86,-55,36,-80
-12,-228,87,-32,30,-73
-10,-230,88,-9,25,-66
-11,-230,85,17,17,-61
-10,-229,92,38,9,-57
-13,-224,89,56,3,-51
-11,-221,88,73,0,-48
-16,-219,86,85,-3,-47
-16,-218,90,93,-5,-45
-23,-219,89,98,-7,-43
-15,-213,87,98,-11,-41
-18,-212,86,89,-16,-40
-17,-211,85,80,-22,-40
-21,-209,85,67,-28,-40
-20,-213,86,52,-33,-42
-21,-210,82,36,-39,-44
-24,-216,88,17,-44,-46
-22,-213,86,1,-48,-49
-23,-216,84,-15,-51,-52
-23,-217,81,-28,-51,-56
-26,-216,88,-43,-49,-59
-19,-222,85,-53,-45,-63
-22,-224,84,-58,-42,-67
-19,-226,87,-58,-38,-67
-20,-230,83,-53,-33,-68
-18,-230,85,-42,-31,-69
-20,-227,88,-28,-26,-68
-16,-228,85,-13,-21,-67
-16,-226,86,6,-15,-64
-19,-229,86,22,-8,-62
-17,-225,89,37,-3,-60
-15,-224,89,50,-3,-56
-14,-224,85,56,-2,-53
-15,-219,88,57,-2,-50
-12,-219,88,53,-3,-45
-13,-219,85,46,-3,-41
-11,-216,88,37,-3,-39
-12,-216,84,30,-3,-35
-9,-218,85,18,-5,-33
-12,-218,88,5,-7,-30
-11,-214,91,-7,-10,-30
-10,-221,90,-17,-12,-32
-11,-217,91,-25,-18,-32
-14,-216,89,-32,-21,-35
-10,-222,88,-35,-23,-37
-10,-220,90,-36,-24,-39
-13,-219,88,-37,-23,-42
-12,-221,88,-34,-19,-43
-14,-220,87,-33,-15,-45
-14,-221,87,-30,-12,-47
-12,-220,85,-30,-7,-47
-14,-223,88,-28,-5,-46
-14,-221,86,-26,-4,-46
-15,-222,87,-27,-2,-44
-13,-220,86,-26,2,-41
-13,-224,87,-25,5,-38
-11,-221,92,-25,7,-36
-11,-224,87,-22,10,-33
-14,-223,89,-15,7,-30
-13,-222,91,-7,5,-29
-9,-225,87,1,3,-28
-9,-223,91,12,-1,-26
-8,-221,86,23,-6,-27
-6,-218,92,33,-8,-28
-4,-223,89,41,-9,-30
-9,-220,88,46,-6,-31
-9,-222,88,51,-2,-33
-9,-219,91,54,5,-34
-10,-221,91,55,9,-35
-9,-218,89,52,15,-34
-9,-218,92,50,19,-31
-6,-220,89,45,21,-29
-6,-219,91,41,21,-28
-8,-217,87,38,17,-26
-9,-224,94,32,16,-20
-7,-218,90,30,13,-17
-8,-217,87,28,9,-14
-6,-221,87,25,7,-11
-7,-218,88,22,5,-10
-7,-217,95,22,6,-8
-10,-219,91,22,6,-7
-9,-220,91,22,12,-6
-11,-216,91,23,15,-8
-12,-215,92,22,15,-7
-9,-216,94,20,19,-7
-9,-216,86,14,21,-7
-13,-217,94,11,21,-7
-10,-217,91,8,21,-7
-11,-219,90,2,20,-7
-11,-218,90,0,18,-6
-10,-218,94,-6,16,-6
-11,-220,88,-10,13,-7
-11,-217,91,-15,10,-8
-15,-216,92,-20,9,-10
-14,-217,89,-24,10,-11
-13,-219,92,-25,11,-14
-13,-217,85,-24,15,-16
-12,-218,89,-23,19,-18
-12,-220,87,-20,23,-20
-11,-223,88,-16,28,-22
-13,-220,87,-7,32,-22
-11,-220,92,1,34,-21
-12,-218,89,10,33,-19
-12,-217,91,18,31,-18
-10,-220,92,23,29,-16
-11,-217,94,30,28,-14
-10,-220,95,33,29,-13
-12,-221,94,37,29,-12
-13,-217,92,39,30,-10
-11,-216,97,42,30,-10
-13,-215,93,42,31,-9
-13,-214,93,42,32,-8
-14,-216,91,41,33,-6
-12,-219,92,37,35,-7
-13,-217,93,35,35,-4
-16,-213,92,31,34,-4
-13,-215,94,25,34,-3
-14,-213,92,19,34,-5
-13,-215,89,14,34,-3
-12,-215,94,9,35,-5
-13,-215,92,7,34,-5
-11,-214,95,8,32,-4
-13,-217,94,7,30,-5
-12,-215,94,10,27,-5
-13,-216,88,13,24,-8
-15,-215,92,17,23,-9
-14,-214,89,15,22,-10
-14,-215,93,14,22,-11
-13,-216,89,13,21,-10
-13,-214,89,9,23,-10
-14,-214,95,4,24,-11
-14,-215,93,2,26,-9
-14,-216,93,1,25,-8
-13,-215,96,2,21,-4
-13,-217,99,2,16,-3
-15,-215,95,4,13,-1
-14,-216,98,7,9,3
-15,-216,92,6,5,5
-14,-215,96,8,1,6
-15,-216,96,8,-2,6
-14,-214,95,5,-4,7
-16,-214,96,4,-3,3
-13,-212,95,1,1,2
-11,-212,94,-5,7,0
-13,-213,97,-12,14,-3
-12,-211,100,-18,18,-5
-14,-212,98,-21,23,-8
-13,-216,93,-26,25,-9
-14,-213,98,-32,26,-10
-13,-212,94,-36,23,-11
-13,-215,96,-40,20,-10
-14,-214,96,-42,17,-10
-13,-213,96,-46,11,-8
-11,-216,99,-50,7,-7
-11,-213,95,-55,3,-6
-11,-214,98,-59,2,-4
-14,-213,97,-63,0,-3
-15,-212,96,-63,2,0
-15,-213,96,-63,3,1
-13,-215,99,-61,4,0
-13,-216,97,-60,7,1
-11,-218,98,-55,9,2
-14,-214,98,-49,10,1
-13,-216,97,-39,10,-1
-10,-215,96,-30,9,-1
-12,-217,97,-22,8,0
-14,-214,97,-17,5,0
-13,-215,95,-16,2,-3
-14,-212,92,-16,0,-3
-10,-213,100,-17,0,-5
-12,-213,94,-21,-1,-9
-13,-211,94,-23,2,-12
-13,-211,98,-26,5,-14
-11,-210,94,-29,8,-15
-13,-213,97,-36,11,-14
-13,-215,99,-42,13,-15
-10,-214,97,-48,16,-15
-11,-214,97,-53,15,-15
-12,-214,94,-58,15,-14
-11,-214,90,-61,15,-12
-10,-217,99,-60,16,-10
-14,-215,95,-60,15,-7
-13,-216,96,-58,13,-6
-9,-215,97,-57,12,-5
-12,-216,95,-56,14,-4
-12,-218,92,-54,15,-2
-13,-215,98,-51,17,-1
-12,-216,96,-48,18,-3
-10,-213,95,-48,18,-3
-11,-215,94,-50,17,-3
-10,-216,92,-51,18,-3
-10,-215,99,-54,15,-3
-12,-214,94,-56,15,-3
-13,-213,96,-62,13,-5
-10,-215,94,-62,12,-6
-11,-215,96,-62,10,-8
-10,-215,94,-61,8,-7
-12,-214,93,-60,4,-8
-11,-217,93,-58,3,-7
-13,-218,93,-55,2,-9
-11,-218,97,-54,3,-8
-9,-216,94,-53,3,-9
-12,-216,94,-56,5,-8
-11,-216,91,-60,8,-10
-12,-217,94,-66,7,-9
-9,-218,93,-67,10,-8
-9,-220,95,-68,10,-9
-11,-218,97,-63,12,-8
-13,-220,94,-59,14,-6
-9,-219,95,-54,16,-6
-10,-217,92,-46,18,-6
-9,-218,97,-40,21,-4
-14,-216,96,-33,21,-3
-11,-215,94,-27,20,-4
-12,-213,90,-23,18,0
-11,-215,92,-20,15,3
-10,-216,92,-19,15,3
-11,-215,102,-22,13,4
-11,-215,98,-24,11,4
-14,-214,96,-30,11,5
-14,-213,99,-35,11,4
-12,-212,97,-42,10,1
-12,-214,95,-49,12,-1
-12,-214,93,-56,13,-2
-12,-214,95,-66,14,-4
-14,-217,96,-71,17,-4
-8,-216,92,-72,19,-5
-12,-215,95,-73,21,-5
-9,-215,100,-72,22,-4
-11,-216,96,-70,22,-5
-9,-218,93,-69,23,-4
-13,-216,98,-65,23,-4
-14,-217,97,-61,22,-3
-11,-216,92,-59,22,-3
-12,-215,93,-55,20,-3
-12,-219,97,-53,18,-4
-12,-217,96,-50,16,-3
-12,-213,95,-50,18,-4
-11,-218,95,-49,21,-6
-12,-216,98,-49,22,-7
-14,-214,93,-51,22,-7
-12,-217,94,-50,22,-8
-11,-214,93,-51,22,-7
-12,-218,95,-53,23,-6
-13,-216,93,-52,23,-4
-10,-216,96,-51,21,-3
-12,-216,92,-51,20,-3
-12,-217,93,-49,17,-3
-10,-217,89,-47,17,-1
-15,-217,91,-46,16,-1
-13,-218,91,-41,17,-2
-14,-215,95,-41,19,1
-12,-215,90,-37,20,2
-12,-217,97,-36,21,2
-12,-214,92,-36,20,1
-13,-220,94,-35,21,0
-14,-216,92,-35,22,0
-14,-214,98,-35,23,0
-12,-213,92,-34,23,1
-12,-216,94,-34,21,0
-11,-216,98,-30,22,-2
-11,-218,96,-31,18,-2
-11,-217,100,-31,18,-3
-12,-216,95,-32,15,-3
-14,-216,93,-32,14,-4
-9,-218,93,-35,13,-4
-12,-213,99,-38,13,-3
-15,-215,95,-40,13,-6
-14,-217,93,-41,11,-5
-13,-217,94,-42,11,-3
-13,-216,96,-45,9,-4
-11,-216,96,-44,8,-3
-12,-218,95,-45,9,-3
-13,-215,100,-45,9,-5
-15,-217,100,-46,11,-3
-12,-214,91,-46,12,-2
-12,-215,98,-47,12,-3
-14,-213,95,-48,11,-3
-10,-215,91,-47,12,-3
-15,-212,95,-46,13,-2
-13,-218,100,-44,14,-3
-11,-213,97,-39,13,-4
-12,-215,91,-37,12,-2
-11,-215,99,-37,13,-4
-14,-216,99,-35,13,-4
-14,-213,94,-33,15,-5
-15,-211,95,-33,16,-7
-9,-218,97,-32,17,-7
-13,-217,93,-32,18,-9
-11,-214,95,-31,19,-9
-10,-215,95,-32,18,-9
-11,-212,94,-33,19,-9
-13,-214,93,-34,20,-7
-11,-218,97,-34,20,-8
-13,-215,96,-33,20,-7
-12,-213,97,-32,17,-6
-14,-213,94,-33,15,-5
-12,-217,95,-31,12,-5
-12,-213,96,-33,10,-5
-13,-216,96,-34,11,-4
-14,-216,95,-34,9,-5
-15,-216,96,-38,9,-4
-14,-216,98,-38,8,-4
-14,-216,95,-38,10,-5
-12,-215,99,-38,14,-5
-11,-213,98,-36,16,-4
-9,-218,94,-33,18,-5
-11,-215,97,-30,20,-5
-7,-218,95,-26,21,-5
-9,-217,95,-21,22,-6
-10,-216,98,-18,21,-7
-10,-216,96,-17,21,-6
-12,-212,97,-16,20,-9
-9,-216,95,-17,19,-10
-11,-215,93,-19,18,-10
-12,-213,96,-22,16,-10
-12,-214,97,-27,13,-12
-11,-214,93,-34,12,-11
-14,-213,99,-41,10,-12
-14,-217,98,-46,8,-13
-14,-215,96,-46,5,-12
-14,-216,94,-46,4,-13
-14,-215,97,-46,2,-10
-13,-215,98,-43,3,-10
-12,-218,91,-39,5,-9
-13,-213,93,-38,6,-8
-10,-217,94,-34,9,-8
-11,-214,95,-31,13,-7
-13,-214,97,-28,15,-7
-11,-216,100,-28,18,-6
-9,-216,97,-27,19,-8
-12,-213,98,-30,19,-7
-9,-213,98,-35,20,-7
-11,-214,101,-40,19,-7
-13,-213,98,-46,18,-8
-13,-211,97,-54,17,-7
-12,-215,94,-61,16,-7
-10,-214,101,-67,16,-8
-14,-212,94,-69,16,-9
-12,-212,97,-71,16,-9
-14,-214,97,-68,16,-7
-10,-213,98,-67,18,-9
-12,-216,99,-65,18,-8
-11,-214,98,-60,19,-7
-12,-212,94,-58,18,-8
-13,-215,97,-57,15,-9
-9,-215,94,-57,12,-10
-14,-213,91,-64,12,-9
-13,-214,92,-70,10,-9
-11,-213,90,-77,9,-8
-9,-213,93,-83,10,-10
-13,-214,94,-90,9,-12
-13,-215,91,-95,8,-13
-14,-213,95,-97,8,-14
-13,-218,93,-98,8,-17
-11,-218,93,-97,9,-17
-13,-216,97,-93,12,-19
-13,-216,94,-88,15,-19
-11,-217,97,-81,19,-19
-10,-218,93,-75,23,-17
-13,-214,99,-70,25,-15
-9,-218,96,-66,26,-13
-13,-216,97,-65,21,-11
-10,-214,100,-64,17,-9
-11,-214,95,-65,12,-8
-13,-215,100,-64,7,-6
-12,-214,96,-66,3,-6
-9,-215,96,-68,0,-4
-14,-212,99,-71,-1,-3
-9,-213,92,-76,-3,-4
-11,-216,97,-82,-3,-4
-9,-215,96,-87,0,-5
-10,-214,93,-92,5,-5
-10,-212,98,-96,7,-7
-8,-217,93,-98,11,-8
-12,-212,94,-100,15,-9
-11,-213,95,-101,17,-10
-11,-217,96,-100,17,-11
-10,-217,96,-98,16,-13
-10,-219,91,-96,13,-12
-9,-219,97,-93,9,-12
-12,-219,96,-91,7,-12
-14,-211,93,-91,6,-12
-12,-219,95,-89,4,-12
-13,-219,95,-86,6,-11
-10,-220,92,-84,4,-11
-11,-220,91,-81,5,-11
-13,-219,95,-78,7,-11
-14,-217,95,-73,7,-11
-12,-219,90,-65,11,-10
-11,-222,95,-57,13,-11
-10,-223,92,-46,15,-12
-12,-217,94,-37,16,-12
-15,-218,90,-31,16,-13
-13,-218,94,-24,14,-11
-14,-220,93,-22,12,-10
-14,-217,93,-20,10,-9
-13,-216,94,-19,9,-8
-15,-215,97,-20,7,-9
-12,-215,93,-22,6,-7
-11,-215,94,-25,5,-8
-11,-217,89,-29,4,-9
-14,-221,94,-33,4,-10
-9,-215,91,-36,6,-11
-12,-217,93,-38,6,-12
-10,-216,92,-42,5,-14
-13,-213,90,-43,7,-16
-8,-217,92,-45,10,-17
-11,-216,91,-45,14,-18
-10,-217,90,-44,15,-18
-11,-216,94,-46,16,-18
-10,-214,93,-46,17,-16
-12,-215,91,-47,15,-14
-13,-217,95,-47,14,-12
-13,-217,92,-45,14,-12
-13,-215,98,-43,14,-10
-12,-216,96,-41,13,-8
-13,-216,98,-39,12,-7
-14,-216,97,-39,13,-7
-10,-218,95,-41,13,-8
-10,-215,95,-43,13,-8
-9,-215,96,-45,16,-8
-11,-215,95,-47,17,-7
-11,-216,94,-50,18,-8
-10,-219,91,-55,19,-9
-10,-217,93,-58,18,-10
-7,-214,95,-61,17,-10
-10,-215,95,-63,12,-10
-10,-214,96,-67,11,-9
-9,-216,97,-67,6,-12
-9,-214,94,-70,5,-12
-10,-212,96,-70,5,-12
-10,-215,102,-71,4,-12
-9,-218,96,-71,6,-12
-10,-214,96,-71,8,-12
-10,-214,95,-72,9,-12
-9,-217,97,-74,9,-12
-10,-215,96,-74,7,-10
-11,-215,93,-72,5,-9
-9,-217,90,-69,4,-6
-8,-217,93,-68,5,-5
-7,-218,95,-67,6,-4
-10,-215,91,-64,5,-2
-11,-218,93,-64,7,-1
-8,-216,93,-63,8,1
-11,-216,84,-65,9,2
-13,-215,92,-68,10,1
-12,-217,95,-72,12,2
-9,-217,94,-76,16,1
-14,-216,93,-81,18,-1
-11,-217,91,-86,19,-1
-13,-218,94,-86,19,-3
-10,-219,97,-84,18,-2
-12,-217,93,-83,18,-4
-12,-221,94,-82,16,-4
-14,-215,96,-81,16,-6
-14,-213,91,-79,14,-8
-13,-214,91,-78,11,-8
-12,-214,95,-75,12,-8
-11,-212,93,-74,11,-7
-11,-213,93,-72,14,-6
-12,-215,93,-72,15,-6
-11,-213,92,-73,19,-6
-9,-214,92,-73,24,-5
-7,-216,93,-72,27,-1
-11,-214,90,-74,31,1
-9,-213,86,-77,30,4
-6,-219,91,-76,28,6
-9,-219,89,-78,23,8
-12,-217,88,-76,19,10
-10,-218,87,-72,14,11
-7,-219,89,-66,11,12
-7,-220,91,-61,8,10
-6,-221,91,-56,5,9
-12,-221,92,-51,4,6
-9,-218,91,-45,-1,4
-11,-218,91,-37,-5,0
-12,-218,96,-25,-6,-2
-12,-220,93,-12,-9,-5
-12,-221,94,1,-9,-7
-14,-218,95,16,-9,-8
-11,-219,93,28,-9,-8
-11,-220,93,42,-9,-9
-10,-217,92,49,-7,-9
-13,-213,91,52,0,-7
-12,-213,90,49,6,-7
-12,-212,91,38,11,-6
-13,-211,90,23,12,-7
-12,-212,89,3,14,-9
-7,-210,90,-23,11,-9
-12,-211,89,-51,12,-10
-9,-215,85,-79,9,-11
-7,-217,90,-111,8,-12
-12,-217,86,-143,9,-14
-11,-214,89,-165,13,-15
-11,-218,93,-180,20,-17
-9,-223,94,-187,26,-20
-8,-221,98,-184,32,-20
-7,-224,97,-173,38,-22
-9,-225,94,-158,41,-24
-11,-224,95,-135,44,-25
-11,-228,96,-110,44,-26
-10,-224,96,-82,41,-26
-12,-223,98,-54,37,-27
-12,-219,96,-32,33,-29
-10,-219,94,-16,30,-29
-10,-219,99,-4,29,-32
-12,-217,94,3,30,-33
-12,-216,92,8,31,-36
-14,-216,94,10,33,-38
-13,-214,92,7,35,-40
-13,-211,94,3,39,-40
-14,-216,88,-4,42,-40
-12,-212,86,-11,42,-42
-15,-212,91,-21,42,-41
-14,-211,89,-31,41,-40
-14,-212,92,-38,40,-40
-13,-212,91,-47,38,-41
-13,-214,93,-54,37,-39
-14,-214,92,-58,32,-39
-10,-217,94,-57,28,-38
-14,-220,95,-53,25,-38
-12,-218,93,-46,21,-37
-12,-220,96,-37,19,-35
-11,-219,97,-24,18,-35
-13,-222,99,-14,14,-36
-9,-219,96,-7,13,-36
-9,-218,95,0,13,-34
-10,-216,94,1,13,-33
-7,-217,90,-3,13,-31
-8,-214,95,-13,15,-28
-7,-214,98,-20,17,-26
-8,-215,97,-28,18,-24
-11,-220,102,-33,18,-21
-6,-218,99,-34,18,-19
-6,-215,96,-34,16,-17
-6,-216,96,-31,15,-16
-8,-216,94,-28,14,-13
-6,-217,94,-25,11,-13
-7,-214,94,-23,7,-11
-8,-214,94,-21,3,-10
-10,-211,91,-21,-3,-9
-8,-209,95,-25,-6,-8
-8,-211,91,-33,-9,-6
-13,-208,89,-42,-11,-3
-8,-210,96,-54,-12,-2
-7,-210,95,-66,-11,0
-8,-212,99,-76,-11,1
-8,-213,93,-83,-12,3
-9,-212,96,-89,-9,3
-7,-216,93,-94,-8,2
-8,-218,96,-96,-5,2
-4,-220,95,-97,-4,2
-4,-221,94,-96,-5,1
-5,-219,105,-96,-5,-1
-8,-223,92,-93,-6,-1
-6,-223,93,-91,-5,-2
-6,-221,91,-90,-4,-5
-7,-225,93,-89,-1,-7
-8,-224,91,-85,0,-8
-7,-223,92,-81,5,-8
-7,-224,91,-73,9,-11
-6,-224,91,-67,13,-12
-9,-224,94,-62,18,-11
-7,-224,91,-54,21,-10
-7,-224,84,-48,22,-13
-7,-223,89,-41,20,-14
-8,-224,89,-31,19,-14
-7,-223,88,-22,18,-13
-8,-222,86,-14,15,-14
-13,-220,83,-9,12,-12
-7,-218,85,-8,11,-12
-9,-218,81,-8,11,-13
-11,-216,85,-9,10,-14
-12,-215,83,-15,10,-17
-12,-217,82,-20,11,-19
-12,-215,75,-24,12,-21
-15,-219,82,-24,12,-23
-12,-220,85,-24,11,-24
-13,-223,84,-19,11,-26
-14,-222,86,-10,11,-27
-10,-225,86,2,11,-25
-11,-223,84,15,10,-25
-9,-222,87,30,10,-26
-11,-221,87,42,9,-29
-12,-222,90,51,9,-30
-11,-223,92,59,7,-32
-7,-223,91,63,7,-33
-11,-222,93,64,7,-33
-9,-220,93,60,6,-34
-7,-217,93,53,7,-34
-10,-215,94,43,9,-34
-9,-215,96,34,12,-35
-8,-215,95,27,13,-36
-6,-214,97,21,16,-35
-7,-215,97,21,18,-36
-7,-215,101,20,19,-35
-1,-213,96,25,20,-34
-11,-206,91,27,19,-32
-6,-206,99,28,16,-30
-5,-208,98,28,13,-29
-5,-205,100,27,11,-26
-5,-204,96,21,7,-23
-7,-199,98,9,4,-20
-3,-203,96,-7,4,-18
-2,-204,94,-25,5,-17
-5,-203,97,-47,9,-14
-7,-205,101,-71,10,-14
-3,-206,100,-89,12,-13
-5,-211,103,-102,15,-13
-6,-212,101,-107,18,-14
-10,-214,101,-105,19,-12
-6,-220,99,-96,19,-10
-8,-219,105,-81,21,-9
-7,-223,103,-58,21,-7
-7,-220,107,-38,21,-8
-6,-222,108,-18,22,-8
-6,-217,104,0,22,-9
-8,-219,103,13,24,-9
-5,-217,100,22,25,-11
-1,-222,100,27,27,-12
-6,-214,102,25,28,-15
-8,-213,101,20,29,-17
-7,-213,100,9,31,-19
-5,-214,91,-3,32,-19
-3,-214,94,-15,32,-20
-6,-215,94,-30,31,-20
-6,-215,91,-44,29,-23
-9,-212,91,-58,27,-22
-5,-214,90,-69,26,-22
-6,-217,87,-77,25,-21
-8,-217,86,-81,26,-18
-11,-219,89,-81,24,-16
-9,-218,90,-76,25,-13
-11,-218,90,-65,25,-11
-11,-222,89,-50,24,-9
-11,-222,92,-33,24,-8
-12,-219,93,-17,21,-8
-9,-221,90,-3,19,-8
-13,-221,92,3,16,-8
-10,-220,91,6,12,-8
-12,-217,88,3,10,-7
-8,-218,91,-2,8,-7
-6,-218,91,-8,8,-6
-10,-218,92,-12,7,-6
-8,-217,92,-14,8,-7
-6,-215,91,-17,7,-7
-8,-214,92,-18,9,-9
-7,-214,94,-18,9,-9
-7,-208,91,-17,11,-11
-4,-212,92,-20,12,-12
-8,-209,97,-25,13,-14
-4,-206,96,-29,14,-13
-5,-209,95,-33,14,-13
-8,-209,97,-40,13,-12
-6,-210,96,-45,15,-10
-5,-213,96,-51,15,-9
-5,-215,99,-54,13,-7
-2,-217,98,-55,12,-4
-5,-215,100,-55,10,-3
-5,-220,98,-51,6,-1
-6,-216,100,-47,3,2
-6,-219,101,-39,2,3
-11,-224,112,-30,1,6
-7,-217,102,-20,-2,6
-6,-218,103,-9,-1,8
-10,-215,105,3,-1,8
-10,-215,101,10,0,7
-7,-214,99,18,3,6
-11,-211,100,22,6,4
-9,-213,98,20,9,2
-9,-213,96,17,12,0
-10,-212,98,9,16,0
-9,-215,93,4,16,-1
-10,-212,93,-6,15,0
-9,-212,96,-16,13,-1
-9,-214,95,-27,12,0
-9,-217,96,-35,10,-1
-10,-216,93,-43,8,-3
-7,-215,97,-49,7,-4
-11,-215,87,-53,6,-5
-8,-215,90,-57,6,-8
-7,-218,91,-56,6,-9
-7,-218,93,-55,10,-12
-7,-220,87,-51,14,-13
3,-215,94,-46,19,-15
-6,-218,90,-39,22,-16
-7,-217,92,-35,25,-16
-10,-218,93,-31,25,-15
-9,-217,93,-28,24,-15
-7,-217,89,-28,21,-13
-4,-218,94,-30,18,-12
-7,-217,97,-31,14,-11
-10,-216,96,-36,11,-9
-11,-212,93,-40,9,-8
-5,-215,98,-45,7,-6
-5,-218,92,-47,5,-8
-9,-216,97,-48,5,-8
-9,-216,97,-50,5,-8
-5,-220,96,-49,6,-11
-9,-214,98,-45,5,-11
-6,-216,99,-42,7,-12
-6,-214,95,-40,10,-14
-5,-215,94,-38,14,-16
-6,-213,101,-37,17,-17
-5,-216,98,-36,19,-18
-7,-217,97,-34,21,-19
2,-221,108,-32,22,-19
-4,-215,102,-31,23,-20
-9,-213,98,-28,23,-20
-5,-215,100,-29,22,-21
-4,-216,95,-25,22,-20
-4,-215,100,-25,21,-18
-5,-214,102,-25,20,-16
-7,-213,98,-23,19,-14
-6,-213,101,-24,17,-12
-8,-211,99,-28,18,-11
-5,-212,100,-29,16,-9
-5,-216,96,-32,17,-8
-7,-211,99,-34,16,-8
-5,-215,99,-37,14,-8
-7,-215,98,-37,13,-8
-6,-215,96,-39,11,-7
-6,-215,97,-41,10,-7
-8,-214,95,-41,11,-7
-6,-216,98,-40,12,-9
-6,-213,97,-43,14,-10
-8,-217,99,-42,15,-9
-4,-215,98,-42,17,-9
-1,-210,90,-41,18,-9
-7,-213,99,-40,19,-10
-6,-217,97,-39,20,-9
-4,-216,98,-40,21,-10
-7,-213,94,-38,20,-10
-8,-217,94,-37,19,-8
-5,-214,97,-35,20,-9
-5,-211,96,-34,21,-8
-7,-216,95,-31,21,-8
-7,-215,95,-33,20,-8
-5,-212,96,-33,20,-7
-5,-216,93,-37,20,-8
-5,-212,94,-43,20,-8
-5,-212,96,-48,19,-9
-4,-215,100,-54,19,-8
-7,-214,94,-59,19,-6
-8,-211,99,-65,19,-6
-10,-213,96,-66,16,-7
-9,-216,98,-66,14,-7
-7,-217,97,-63,12,-5
-6,-217,97,-57,10,-5
-2,-211,104,-53,7,-4
-8,-215,97,-45,4,-3
-8,-215,96,-40,4,-3
-8,-219,99,-30,4,-4
-9,-214,96,-26,4,-6
-11,-214,99,-21,6,-8
-9,-214,94,-21,8,-9
-9,-212,97,-24,9,-10
-9,-213,97,-28,11,-12
-6,-216,95,-29,14,-12
-5,-216,92,-26,15,-11
-9,-215,95,-21,15,-11
-6,-215,91,-14,15,-12
-7,-214,93,-7,15,-12
-7,-213,94,0,15,-11
-4,-212,97,5,15,-10
-4,-213,97,6,13,-9
-6,-212,95,5,14,-6
-6,-211,95,2,14,-4
-8,-209,94,0,16,-3
-4,-207,100,-7,17,-1
-6,-208,98,-12,18,-1
-9,-223,100,-20,19,0
-5,-206,104,-26,20,2
-5,-212,101,-33,19,4
-4,-211,104,-42,20,7
-6,-209,97,-50,19,7
-5,-208,99,-57,18,10
-3,-212,103,-64,19,12
-5,-213,101,-70,18,11
-2,-212,100,-78,16,9
-4,-213,101,-83,15,10
-8,-213,98,-87,13,9
-6,-215,96,-92,12,8
-7,-213,100,-93,12,6
-3,-217,102,-94,13,5
-6,-216,97,-91,14,4
-8,-217,99,-86,16,3
-6,-217,101,-77,17,3
-6,-216,99,-70,18,3
-7,-217,98,-63,18,3
-5,-215,98,-55,19,2
-7,-214,98,-47,20,1
-6,-216,98,-39,22,1
-7,-213,103,-33,24,2
-5,-215,93,-31,25,1
-8,-213,93,-31,27,3
-6,-215,92,-34,28,2
-8,-213,91,-37,27,3
-3,-214,92,-42,25,2
-8,-212,99,-47,23,2
-6,-211,90,-54,20,3
-6,-215,92,-60,19,4
-7,-216,96,-63,16,2
-4,-220,98,-64,14,1
-8,-217,96,-64,13,-1
-6,-216,92,-61,15,-2
-5,-218,98,-55,15,-5
-9,-217,95,-51,16,-7
-5,-219,96,-43,18,-8
-6,-220,92,-36,20,-9
-8,-215,95,-27,22,-10
-8,-216,97,-18,22,-12
-6,-214,98,-11,21,-11
-6,-214,95,-9,21,-9
-7,-218,95,-9,19,-8
-6,-214,97,-10,18,-6
-10,-214,100,-14,16,-6
-6,-213,96,-20,15,-4
-6,-208,100,-26,13,-4
-9,-210,99,-31,14,-2
-8,-211,98,-39,14,-3
-8,-211,98,-44,16,-3
-7,-213,101,-50,17,-2
-9,-214,102,-54,18,-3
-9,-211,102,-57,18,-2
-12,-209,95,-59,19,-2
-6,-213,99,-57,18,-1
-8,-217,101,-55,18,0
-7,-213,99,-52,15,-1
-8,-216,101,-48,15,-2
-6,-216,98,-45,12,0
-8,-217,100,-42,10,0
-9,-214,99,-38,9,0
-7,-213,103,-37,8,0
-10,-212,96,-37,7,-1
-8,-216,99,-34,7,-2
-7,-213,99,-35,8,-3
-6,-216,100,-32,12,-4
-7,-215,96,-31,16,-5
-7,-213,95,-28,18,-6
-6,-215,99,-27,20,-7
-7,-217,99,-24,21,-7
-7,-214,95,-21,22,-9
-7,-216,98,-17,20,-7
-8,-213,95,-17,21,-7
-4,-216,99,-15,19,-6
-9,-216,101,-17,18,-4
-5,-217,96,-17,18,-4
-9,-213,99,-17,16,-4
-6,-213,97,-21,17,-3
-10,-214,95,-25,16,-2
-5,-212,98,-30,17,-2
-5,-212,97,-37,19,-1
-7,-213,100,-42,17,-2
-7,-210,102,-43,15,-2
-8,-214,99,-45,16,0
-5,-213,101,-45,16,0
-5,-217,96,-43,15,-1
-5,-214,99,-40,15,-1
-5,-218,101,-34,15,-2
-5,-216,99,-28,16,-2
-5,-216,98,-21,18,-3
-4,-216,102,-15,20,-4
-6,-216,100,-14,20,-3
-5,-214,100,-11,19,-2
-4,-214,99,-10,16,-1
-5,-217,101,-9,13,-1
-7,-213,99,-8,11,-1
-6,-214,94,-7,9,0
-9,-216,97,-6,9,1
-8,-213,96,-5,9,1
-5,-214,95,-3,9,2
-5,-214,101,-1,10,2
-7,-214,98,2,10,2
-5,-214,95,3,12,2
-8,-214,99,5,12,1
-7,-213,101,9,15,1
-7,-212,102,12,17,1
-4,-213,100,13,18,1
-7,-207,101,14,19,0
-4,-212,99,11,21,0
-8,-209,100,8,23,0
-7,-212,97,0,23,-1
-7,-210,98,-6,23,-1
-5,-209,100,-12,23,0
-7,-208,103,-21,22,1
-9,-209,98,-28,20,2
-8,-211,101,-37,21,0
-5,-211,98,-44,19,0
-8,-212,99,-51,20,-1
-7,-213,97,-56,22,-2
-7,-215,98,-56,22,-2
-6,-216,102,-53,22,-2
-4,-217,101,-48,22,-1
-8,-214,100,-43,22,-1
-6,-211,103,-37,21,1
-6,-213,99,-30,21,2
-5,-213,96,-24,21,3
-10,-211,98,-19,20,5
-7,-210,98,-15,20,6
-8,-214,100,-12,18,6
-8,-212,95,-12,16,8
-7,-214,101,-15,14,8
-6,-211,96,-19,13,8
-6,-209,98,-23,13,7
-8,-212,97,-29,13,4
-8,-209,100,-35,15,3
-8,-211,102,-39,17,3
-6,-212,99,-41,17,1
-7,-213,101,-43,18,2
-3,-213,101,-43,18,1
-6,-210,101,-42,20,0
-5,-216,103,-41,18,-1
-8,-213,101,-39,20,-1
-9,-214,100,-39,19,-3
-6,-209,97,-40,19,-3
-6,-210,102,-42,18,0
-5,-211,104,-44,17,1
-7,-213,101,-47,17,2
-6,-211,99,-48,16,3
-9,-209,102,-49,14,4
-8,-210,102,-50,14,5
-6,-210,105,-50,14,6
-10,-210,97,-49,12,5
-6,-210,101,-49,13,5
-7,-214,101,-47,13,7
-10,-210,103,-47,14,6
-6,-215,103,-46,15,4
-9,-211,99,-45,16,4
-6,-214,103,-45,19,4
-8,-212,98,-44,20,4
-6,-213,99,-43,19,2
-10,-211,97,-42,19,2
-8,-211,101,-42,19,2
-10,-214,103,-44,19,3
-10,-211,100,-46,18,2
-6,-212,98,-47,17,2
-8,-211,100,-48,16,2
-8,-212,101,-49,17,2
-9,-208,94,-50,17,0
-8,-213,100,-51,17,2
-10,-212,100,-53,17,2
-7,-212,97,-54,16,1
-6,-215,102,-53,17,1
-8,-214,98,-53,18,1
-4,-217,105,-52,18,1
-10,-212,101,-51,18,0
-5,-215,100,-49,18,0
-9,-210,103,-48,20,-1
-8,-212,98,-48,19,1
-8,-213,103,-46,18,3
-10,-208,98,-47,16,3
-7,-213,98,-49,17,2
-7,-210,98,-49,18,2
-8,-211,100,-52,18,1
-7,-215,101,-56,19,3
-8,-211,100,-57,17,1
-10,-210,101,-62,17,2
-9,-211,100,-64,17,1
-8,-214,103,-66,16,0
-7,-215,98,-64,17,1
-9,-213,101,-64,18,0
-8,-212,101,-64,19,-2
-10,-212,98,-61,19,-2
-6,-216,99,-61,18,-3
-7,-214,101,-58,19,-1
-7,-215,97,-56,19,-3
-6,-216,96,-53,18,-4
-9,-215,99,-49,16,-4
-9,-212,99,-46,17,-5
-8,-214,101,-43,16,-4
-12,-214,98,-42,15,-4
-11,-211,101,-42,15,-4
-8,-213,100,-44,14,-4
-9,-212,96,-45,13,-3
-10,-209,99,-47,14,-4
-8,-214,102,-48,14,-4
-8,-213,99,-46,13,-4
-8,-215,101,-44,12,-3
-7,-215,98,-38,14,-3
-9,-213,96,-33,14,-3
-9,-214,97,-29,14,-5
-9,-213,100,-26,15,-6
-9,-212,100,-23,16,-5
-7,-209,99,-22,17,-6
-7,-212,97,-19,16,-6
-6,-213,99,-17,16,-5
-10,-211,99,-17,18,-4
-8,-211,105,-16,19,-6
-4,-212,107,-16,18,-5
-8,-210,103,-16,18,-4
-7,-212,101,-17,17,-5
-9,-211,100,-21,15,-6
-7,-212,102,-24,14,-5
-8,-210,102,-29,14,-5
-10,-212,103,-33,14,-5
-8,-213,103,-38,14,-5
-6,-211,101,-42,14,-5
-5,-213,101,-47,13,-5
-9,-212,99,-50,15,-3
-7,-212,100,-52,14,-5
-6,-212,99,-51,16,-5
-9,-211,100,-52,17,-4
-4,-213,99,-50,18,-4
-7,-212,103,-48,19,-6
-5,-213,101,-44,19,-6
-7,-211,97,-41,18,-6
-6,-209,103,-37,17,-6
-9,-212,102,-35,14,-6
-8,-212,98,-33,13,-6
-9,-212,106,-33,12,-5
-6,-212,101,-33,12,-5
-8,-212,99,-33,12,-6
-5,-215,97,-36,13,-6
-9,-213,102,-38,14,-5
-9,-214,101,-39,15,-6
-10,-211,100,-41,15,-6
-8,-214,100,-40,15,-5
-10,-210,102,-40,15,-5
-7,-213,101,-39,14,-5
-10,-213,100,-37,14,-4
-6,-213,101,-37,14,-4
-8,-214,99,-35,15,-2
-8,-211,102,-35,16,-1
-7,-214,102,-36,15,-1
-9,-209,99,-34,18,0
-8,-212,102,-33,18,-2
-7,-212,103,-31,22,-1
-9,-211,102,-32,22,-3
-9,-211,102,-32,22,-3
-7,-213,103,-35,21,-5
-8,-213,102,-38,21,-6
-7,-209,99,-41,18,-7
-10,-210,101,-44,17,-7
-8,-211,100,-47,16,-8
-9,-210,101,-49,15,-7
-8,-214,105,-48,15,-7
-8,-212,101,-48,14,-7
-8,-210,105,-45,13,-4
-6,-213,101,-45,14,-4
-7,-213,98,-42,16,-4
-9,-213,101,-39,16,-3
-7,-213,99,-37,17,-3
-10,-214,101,-35,19,-3
-7,-213,103,-33,20,-4
-10,-212,103,-32,20,-3
-7,-213,100,-29,20,-4
-5,-214,97,-28,20,-3
-9,-211,101,-29,19,-4
-8,-211,102,-28,21,-3
-7,-213,103,-27,20,-4
-6,-213,100,-30,21,-5
-5,-213,100,-31,21,-6
-7,-210,100,-31,21,-7
-6,-215,98,-32,20,-6
-10,-211,103,-34,20,-7
-8,-214,101,-34,18,-7
-7,-213,100,-36,19,-7
-9,-211,101,-37,18,-6
-9,-215,101,-36,19,-6
-7,-215,97,-36,18,-6
-11,-211,101,-38,18,-6
-6,-212,99,-37,18,-4
-10,-214,101,-36,17,-5
-12,-212,100,-33,17,-5
-7,-212,101,-32,15,-6
-7,-213,102,-31,15,-5
-6,-215,99,-30,15,-4
-9,-210,101,-32,15,-6
-7,-215,99,-35,13,-5
-8,-211,102,-34,14,-5
-7,-213,101,-36,15,-6
-8,-212,100,-37,15,-6
-9,-212,101,-37,15,-7
-7,-211,98,-37,17,-7
-11,-212,102,-37,18,-7
-6,-213,97,-35,17,-7
-8,-209,101,-33,17,-6
-9,-211,105,-32,16,-4
-8,-213,99,-31,16,-5
-7,-216,102,-30,16,-5
-6,-212,100,-29,18,-4
-8,-212,99,-31,18,-3
-6,-213,98,-33,18,-3
-6,-212,103,-34,18,-4
-9,-209,98,-37,16,-3
-9,-211,102,-37,16,-5
-7,-212,102,-37,16,-5
-5,-211,99,-33,16,-4
-7,-214,102,-29,15,-6
-7,-215,103,-22,14,-5
-4,-217,104,-17,14,-7
-7,-213,96,-9,12,-7
-4,-213,97,-6,14,-9
-8,-212,103,2,15,-10
-4,-213,99,8,18,-10
-9,-212,99,14,18,-11
-9,-212,103,17,16,-10
-7,-213,99,20,17,-10
-5,-215,103,23,18,-10
-8,-212,104,24,16,-8
-8,-211,106,23,14,-7
-9,-212,101,21,14,-6
-11,-210,100,18,14,-5
-9,-210,101,15,13,-5
-5,-212,103,7,15,-5
-7,-209,104,2,17,-6
-6,-211,101,-4,19,-6
-8,-210,101,-9,22,-5
-8,-209,101,-12,24,-6
-8,-210,105,-14,26,-5
-6,-209,101,-17,26,-6
-8,-209,102,-13,27,-6
-9,-208,107,-11,26,-8
-6,-210,102,-8,23,-9
-7,-212,102,-4,21,-7
-7,-209,100,-1,18,-8
-6,-209,101,0,16,-7
-7,-211,101,1,17,-6
-10,-208,101,1,15,-7
-6,-206,102,0,14,-7
-6,-209,103,3,15,-6
-8,-211,105,2,16,-8
-8,-211,102,-1,17,-7
-8,-206,104,-1,17,-7
-7,-212,107,-3,16,-6
-7,-210,108,-6,16,-5
-7,-211,104,-8,13,-5
-8,-209,100,-9,10,-6
-9,-209,105,-12,10,-6
-8,-208,101,-13,7,-6
-9,-209,103,-15,6,-6
-5,-211,102,-19,5,-6
-7,-209,103,-18,4,-5
-11,-206,103,-17,6,-5
-9,-208,107,-15,6,-5
-10,-208,103,-14,7,-5
-6,-207,102,-14,9,-3
-9,-209,106,-15,12,-4
-8,-207,101,-16,13,-4
-6,-207,102,-20,15,-2
-8,-210,101,-23,15,-3
-4,-208,103,-25,17,-4
-7,-209,103,-30,16,-3
-9,-210,101,-31,15,-2
-6,-214,104,-33,14,-2
-9,-214,103,-32,13,-1
-10,-214,102,-28,13,-3
-10,-213,104,-24,13,-2
-8,-215,104,-21,16,-2
-10,-214,105,-17,18,-1
-6,-216,105,-14,22,0
-9,-212,105,-16,24,-1
-7,-214,107,-16,21,-2
-10,-215,106,-18,19,-2
-5,-214,103,-18,18,-1
-8,-214,103,-18,16,0
-5,-215,103,-16,13,1
-6,-212,103,-17,12,1
-8,-215,105,-13,10,-1
-7,-216,103,-5,8,-2
-6,-215,100,4,7,-5
-7,-214,103,12,7,-6
-9,-215,99,23,8,-7
-5,-213,103,33,9,-8
-7,-211,102,41,10,-10
-10,-212,101,46,12,-13
-9,-214,100,51,13,-14
-8,-211,99,57,15,-17
-6,-209,105,62,16,-16
-4,-212,104,67,18,-15
-9,-210,101,67,22,-15
-8,-210,101,67,24,-14
-7,-208,104,60,23,-13
-11,-206,103,55,23,-12
-6,-205,104,49,20,-11
-8,-207,106,46,22,-7
-7,-207,110,41,23,-4
-7,-206,109,45,24,0
-10,-206,106,49,21,2
-6,-207,108,55,21,4
-7,-208,110,62,19,4
-8,-208,110,73,17,6
-8,-207,112,82,14,10
-10,-200,109,93,12,14
-4,-203,112,99,9,16
-7,-202,113,104,6,19
-7,-199,112,104,5,21
-7,-198,114,102,4,21
-8,-197,110,95,3,21
-9,-196,110,86,4,20
-5,-197,112,75,5,18
-6,-196,109,61,8,15
-5,-196,112,44,10,14
-5,-199,111,26,11,12
-9,-195,111,6,13,12
-7,-200,110,-12,13,13
-4,-201,112,-28,12,12
-7,-200,110,-40,12,13
-8,-206,113,-50,8,12
-6,-205,116,-55,4,12
-9,-206,115,-55,1,12
-5,-211,114,-49,-3,13
-7,-211,115,-37,-4,15
-9,-211,113,-20,-5,18
-8,-210,112,0,-6,17
-9,-210,110,19,-6,19
-11,-212,114,39,-5,19
-10,-207,113,55,-4,20
-7,-209,112,66,-2,21
-13,-203,107,72,0,21
-9,-201,108,71,0,21
-10,-201,111,66,1,19
-9,-200,111,55,0,17
-9,-199,108,44,1,15
-10,-200,108,33,1,15
-9,-201,106,21,1,12
-8,-200,108,10,2,11
-9,-199,111,2,2,9
-9,-202,110,-4,3,7
-10,-201,111,-9,4,5
-8,-202,114,-7,4,3
-9,-199,113,-5,5,3
-8,-201,111,-1,5,0
-10,-202,108,0,4,0
-12,-198,109,0,4,-1
-9,-199,107,-2,4,-1
-10,-198,113,-7,3,-1
-8,-199,108,-18,3,-1
-8,-201,110,-29,2,-1
-10,-201,109,-43,2,-2
-7,-202,109,-55,-1,-2
-9,-203,117,-66,-2,-1
-8,-205,112,-75,-5,-2
-9,-206,111,-81,-6,-1
-8,-206,116,-84,-5,-1
-9,-208,118,-77,-3,-1
-6,-209,114,-69,-2,-2
-5,-211,118,-59,0,-2
-7,-208,113,-45,2,-3
-6,-210,113,-31,4,-6
-8,-206,112,-19,8,-8
-8,-205,113,-12,11,-10
-4,-207,111,-5,13,-12
-5,-204,115,-3,17,-14
-9,-199,111,-6,19,-17
-6,-205,109,-13,20,-20
-6,-205,112,-19,24,-23
-7,-204,113,-25,27,-24
-7,-199,117,-32,31,-27
-2,-204,115,-37,32,-28
-6,-201,110,-40,34,-27
-8,-201,114,-40,38,-27

