-.-.-
43,-252,-114,-33,15,-7
43,-250,-118,-35,14,-7
45,-254,-110,-39,14,-7
42,-250,-111,-41,14,-6
41,-250,-113,-43,15,-6
44,-250,-113,-45,15,-5
43,-253,-111,-44,13,-5
42,-254,-116,-45,13,-3
43,-250,-115,-44,13,-3
44,-253,-112,-45,12,-4
41,-252,-114,-46,13,-2
43,-249,-111,-46,12,-3
43,-249,-109,-46,11,-3
45,-251,-111,-47,11,-2
42,-253,-111,-49,9,-2
44,-252,-113,-51,9,-2
40,-253,-114,-51,9,-4
43,-253,-110,-49,9,-6
41,-252,-114,-51,8,-8
45,-251,-116,-50,8,-6
42,-253,-117,-49,8,-6
42,-254,-115,-47,7,-7
42,-255,-117,-49,9,-8
45,-252,-111,-48,10,-7
45,-253,-109,-47,9,-7
42,-252,-110,-44,9,-7
43,-253,-114,-43,10,-6
46,-250,-112,-43,10,-6
43,-250,-113,-44,9,-8
43,-250,-116,-44,9,-8
44,-250,-110,-46,9,-7
46,-252,-112,-46,9,-8
43,-253,-114,-47,7,-8
43,-249,-114,-46,6,-7
43,-254,-114,-45,7,-7
43,-250,-108,-44,7,-6
43,-250,-114,-42,8,-5
45,-250,-113,-43,9,-6
40,-250,-111,-42,8,-5
44,-251,-112,-43,9,-8
44,-253,-110,-43,9,-5
40,-248,-113,-45,9,-5
44,-252,-117,-44,10,-6
42,-252,-116,-45,10,-5
42,-244,-102,-46,12,-5
46,-251,-110,-46,13,-5
43,-250,-114,-49,13,-5
44,-253,-112,-47,13,-6
43,-251,-113,-49,15,-5
43,-249,-113,-46,14,-5
47,-254,-118,-47,15,-3
46,-250,-115,-47,17,-4
44,-250,-115,-47,17,-4
46,-253,-113,-46,18,-4
42,-253,-114,-45,18,-3
43,-251,-115,-44,19,-3
43,-252,-115,-44,21,-5
45,-252,-114,-43,21,-2
40,-252,-116,-42,20,-3
45,-251,-117,-41,20,-1
41,-249,-115,-42,20,-2
41,-251,-113,-41,19,-3
43,-250,-119,-40,20,-3
43,-251,-113,-38,21,-3
40,-253,-116,-38,21,-3
40,-253,-114,-38,20,-4
44,-253,-116,-37,21,-4
42,-255,-113,-37,22,-5
42,-251,-114,-37,23,-5
41,-250,-118,-35,24,-5
40,-252,-111,-37,25,-6
43,-252,-112,-37,25,-7
43,-254,-113,-35,25,-6
41,-248,-114,-35,26,-6
42,-251,-115,-35,26,-6
42,-252,-112,-37,27,-5
41,-249,-113,-36,27,-3
45,-253,-113,-36,29,-2
43,-253,-114,-36,30,-2
46,-252,-115,-36,30,-1
45,-252,-117,-37,30,-1
45,-254,-114,-35,31,0
43,-251,-112,-36,32,1
43,-251,-114,-37,33,0
43,-252,-112,-37,34,1
44,-254,-112,-39,34,1
40,-252,-112,-39,34,0
39,-254,-114,-39,35,1
42,-251,-112,-40,34,0
44,-254,-114,-40,34,1
46,-254,-112,-39,37,1
44,-251,-115,-38,40,1
41,-248,-110,-41,39,1
46,-254,-116,-42,39,3
42,-251,-113,-42,39,2
44,-252,-121,-43,41,2
39,-253,-113,-43,40,1
44,-251,-114,-44,40,2
44,-252,-115,-42,41,2
41,-252,-110,-39,44,0
45,-251,-114,-36,45,0
43,-251,-118,-33,46,0
44,-253,-115,-31,48,0
43,-248,-116,-32,50,-1
43,-247,-113,-33,52,1
44,-247,-114,-32,52,2
46,-247,-115,-34,54,2
43,-249,-114,-35,54,3
43,-250,-110,-36,52,3
41,-249,-116,-40,50,4
42,-250,-110,-43,47,4
43,-250,-116,-47,50,4
44,-251,-114,-51,50,4
47,-252,-111,-52,51,3
44,-251,-112,-54,52,5
44,-251,-114,-54,50,5
43,-252,-112,-59,50,5
41,-251,-112,-60,52,4
40,-250,-113,-62,52,3
43,-255,-109,-61,51,4
43,-251,-110,-59,49,2
41,-251,-110,-56,46,2
41,-253,-110,-53,43,1
40,-252,-111,-53,39,-1
41,-253,-116,-55,37,0
40,-252,-111,-58,34,1
36,-252,-110,-60,30,0
37,-254,-112,-60,28,0
38,-253,-109,-59,22,-2
36,-250,-111,-58,18,-2
39,-254,-110,-57,14,-2
37,-254,-112,-55,9,-3
38,-254,-114,-54,5,-3
39,-255,-114,-53,1,-6
38,-255,-112,-52,-3,-5
36,-254,-111,-52,-9,-8
39,-254,-113,-51,-13,-8
35,-252,-110,-51,-19,-8
36,-250,-111,-50,-26,-10
38,-252,-111,-51,-30,-10
39,-255,-113,-51,-35,-11
40,-255,-113,-51,-40,-13
36,-252,-111,-52,-42,-13
38,-252,-108,-52,-46,-13
40,-254,-114,-52,-47,-14
41,-253,-110,-52,-50,-16
38,-250,-108,-51,-51,-16
39,-250,-117,-48,-51,-17
40,-250,-114,-47,-53,-18
42,-251,-115,-48,-53,-18
40,-252,-115,-47,-53,-18
43,-252,-109,-47,-55,-19
42,-254,-112,-46,-55,-19
45,-253,-112,-46,-54,-18
43,-250,-113,-45,-54,-17
44,-253,-111,-47,-53,-17
43,-251,-113,-47,-53,-17
48,-254,-113,-46,-52,-18
41,-248,-113,-47,-49,-16
48,-251,-110,-46,-46,-14
45,-250,-112,-48,-44,-14
44,-252,-112,-47,-40,-14
43,-251,-114,-48,-36,-13
45,-250,-116,-47,-36,-12
47,-252,-113,-49,-31,-11
45,-251,-117,-49,-28,-11
44,-250,-114,-51,-24,-11
44,-255,-115,-52,-20,-10
43,-253,-118,-51,-18,-9
43,-250,-111,-50,-14,-10
43,-250,-113,-49,-11,-9
45,-252,-114,-50,-7,-8
43,-252,-114,-49,-5,-8
43,-249,-116,-48,-1,-7
43,-253,-121,-49,2,-7
44,-251,-117,-50,4,-6
43,-251,-114,-50,8,-6
43,-251,-116,-49,9,-4
41,-249,-114,-49,9,-5
41,-249,-113,-50,9,-6
45,-251,-116,-56,7,-15
45,-252,-112,-63,2,-10
41,-251,-112,-63,6,-7
42,-250,-118,-59,11,-4
42,-252,-115,-55,14,-3
42,-251,-116,-53,15,-4
43,-252,-114,-52,15,-4
42,-250,-117,-53,16,-5
45,-252,-115,-52,16,-4
42,-252,-119,-54,19,-4
40,-249,-115,-53,19,-5
43,-252,-116,-57,18,-4
42,-253,-118,-59,19,-6
40,-253,-115,-57,19,-6
42,-251,-118,-55,19,-5
43,-253,-117,-55,19,-4
42,-251,-114,-54,20,-5
42,-251,-115,-54,20,-5
41,-253,-118,-56,17,-5
41,-251,-115,-57,18,-5
43,-250,-114,-59,18,-4
43,-248,-115,-62,18,-4
43,-251,-115,-66,19,-4
42,-251,-115,-68,21,-4
45,-249,-114,-69,20,-4
43,-251,-115,-71,20,-3
45,-248,-116,-71,21,-3
42,-254,-114,-70,23,-2
44,-251,-114,-70,25,-2
47,-251,-116,-68,27,-2
43,-249,-116,-67,29,0
44,-253,-114,-66,30,0
43,-253,-116,-65,33,0
46,-251,-111,-64,37,2
44,-250,-115,-63,39,1
44,-252,-116,-60,40,1
43,-250,-112,-59,44,2
44,-253,-116,-56,46,3
43,-253,-112,-55,49,4
45,-254,-112,-55,51,4
48,-252,-114,-52,52,5
46,-253,-115,-51,54,6
43,-252,-113,-49,56,6
42,-251,-115,-47,57,5
45,-251,-121,-48,61,5
42,-254,-113,-47,63,6
41,-253,-113,-44,66,7
42,-251,-115,-43,68,7
45,-250,-115,-42,69,7
44,-254,-116,-42,70,7
44,-248,-112,-42,72,9
42,-246,-113,-41,73,10
40,-251,-113,-43,73,10
41,-252,-117,-43,72,10
43,-253,-114,-45,72,11
43,-251,-115,-48,71,10
44,-252,-115,-51,71,12
42,-252,-118,-51,70,10
40,-250,-113,-50,73,13
40,-253,-114,-50,73,11
41,-249,-114,-50,73,11
39,-252,-111,-54,74,12
39,-250,-116,-52,75,12
41,-251,-116,-52,75,11
38,-250,-115,-52,76,10
43,-254,-112,-49,75,10
40,-249,-116,-46,73,9
41,-252,-114,-46,71,9
43,-251,-112,-48,67,9
37,-250,-113,-48,64,8
39,-252,-113,-50,62,10
40,-251,-115,-53,61,9
36,-254,-113,-53,57,8
38,-253,-112,-55,54,8
38,-251,-113,-54,51,8
38,-254,-112,-54,49,8
39,-252,-112,-54,46,7
39,-252,-114,-53,44,7
38,-250,-114,-53,42,6
39,-252,-112,-51,38,5
40,-254,-114,-49,33,5
41,-252,-120,-47,30,5
39,-253,-116,-45,26,3
38,-252,-116,-46,21,3
38,-248,-115,-46,16,2
40,-254,-112,-49,13,2
40,-251,-109,-50,9,1
41,-253,-111,-52,7,0
36,-247,-110,-50,6,-1
40,-252,-116,-50,5,-1
40,-252,-112,-48,3,-1
41,-252,-115,-46,1,-1
39,-252,-117,-43,-2,-4
39,-252,-113,-39,-2,-4
39,-251,-114,-39,-2,-3
41,-253,-111,-40,-4,-5
39,-252,-115,-40,-7,-4
40,-251,-111,-41,-9,-3
42,-250,-115,-43,-13,-3
41,-252,-113,-44,-13,-3
41,-252,-113,-46,-15,-3
40,-250,-112,-46,-16,-4
42,-253,-117,-44,-16,-4
41,-252,-112,-41,-18,-4
41,-250,-112,-42,-18,-6
43,-252,-113,-41,-18,-6
42,-253,-112,-43,-17,-6
42,-251,-113,-44,-17,-7
44,-254,-112,-42,-15,-7
45,-252,-113,-43,-16,-6
44,-249,-113,-43,-15,-7
43,-254,-112,-42,-14,-8
42,-253,-116,-41,-14,-8
42,-252,-112,-42,-14,-7
41,-252,-117,-41,-13,-6
41,-250,-115,-42,-12,-7
40,-253,-114,-42,-13,-6
43,-250,-116,-41,-12,-7
42,-252,-116,-41,-12,-7
42,-249,-113,-42,-13,-7
43,-254,-118,-43,-11,-6
42,-251,-113,-43,-12,-6
41,-251,-117,-42,-11,-6
44,-253,-114,-40,-10,-5
44,-255,-117,-40,-10,-6
43,-254,-113,-38,-9,-7
41,-252,-114,-39,-10,-5
43,-249,-116,-39,-9,-6
42,-250,-115,-40,-9,-7
42,-252,-111,-40,-10,-7
44,-250,-116,-41,-11,-8
42,-250,-120,-41,-10,-8
40,-251,-115,-40,-9,-9
41,-251,-116,-41,-8,-9
45,-252,-115,-41,-8,-9
41,-251,-119,-41,-8,-9
43,-254,-115,-40,-7,-9
41,-248,-117,-39,-7,-9
42,-251,-116,-40,-8,-8
39,-247,-119,-41,-8,-8
38,-248,-118,-41,-8,-9
41,-249,-114,-43,-8,-9
41,-250,-115,-45,-8,-8
42,-252,-114,-45,-6,-9
42,-252,-110,-47,-6,-9
40,-250,-117,-46,-4,-10
45,-252,-115,-46,-4,-9
40,-251,-118,-47,-4,-8
42,-249,-114,-46,-4,-10
46,-252,-114,-46,-4,-9
41,-252,-112,-46,-4,-9
41,-250,-122,-44,-5,-9
44,-250,-115,-44,-5,-8
43,-252,-118,-46,-4,-8
42,-251,-116,-47,-5,-8
42,-251,-117,-48,-4,-8
39,-250,-118,-49,-3,-8
44,-251,-119,-49,-2,-7
44,-252,-117,-48,-2,-7
42,-252,-114,-50,0,-6
41,-251,-116,-49,0,-7
42,-248,-111,-50,1,-7
42,-254,-118,-49,2,-6
45,-252,-115,-49,4,-7
43,-252,-117,-49,6,-6
39,-249,-116,-48,5,-6
41,-252,-114,-49,6,-5
42,-252,-116,-51,8,-5
44,-250,-117,-52,8,-6
41,-254,-115,-53,8,-7
42,-248,-115,-53,9,-6
41,-250,-115,-50,9,-6
41,-251,-119,-50,10,-8
41,-252,-116,-48,12,-6
40,-253,-118,-50,12,-6
45,-252,-119,-50,14,-6
41,-251,-117,-47,16,-6
44,-250,-114,-47,18,-6
41,-252,-116,-46,18,-6
42,-248,-113,-46,19,-4
43,-252,-117,-48,18,-3
42,-249,-115,-49,18,-4
42,-252,-111,-50,17,-5
44,-252,-115,-52,17,-4
38,-246,-120,-52,16,-4
40,-252,-115,-53,17,-4
43,-251,-116,-54,18,-5
39,-251,-118,-54,18,-5
42,-252,-117,-53,19,-5
42,-251,-114,-52,21,-6
41,-250,-116,-55,22,-6
42,-250,-114,-57,24,-6
44,-251,-112,-57,25,-5
41,-248,-111,-57,26,-6
45,-252,-117,-53,27,-5
44,-248,-118,-53,25,-4
41,-252,-115,-52,24,-5
46,-249,-118,-53,26,-4
39,-249,-118,-57,26,-5
44,-251,-116,-58,26,-5
43,-249,-115,-61,25,-4
39,-251,-113,-63,25,-3
43,-251,-112,-63,25,-2
40,-248,-117,-62,25,-3
43,-253,-118,-62,26,-2
37,-250,-114,-61,26,-2
44,-250,-121,-60,26,-2
42,-251,-117,-61,27,-2
39,-252,-119,-61,27,-1
42,-251,-115,-61,26,0
42,-253,-116,-63,25,1
40,-249,-119,-64,24,1
40,-251,-117,-65,24,-2
41,-252,-114,-67,23,-1
41,-252,-117,-66,23,-1
42,-248,-115,-65,23,-2
37,-250,-119,-68,23,-3
43,-251,-113,-68,24,-4
40,-251,-115,-68,24,-3
40,-248,-116,-69,25,-4
41,-252,-118,-70,24,-5
41,-251,-115,-70,25,-3
38,-250,-117,-69,24,-3
43,-252,-116,-68,24,-3
38,-249,-115,-65,24,-3
39,-250,-118,-65,22,-4
37,-248,-114,-66,22,-2
38,-248,-113,-66,19,-3
41,-250,-120,-69,17,-4
39,-248,-118,-69,18,-2
40,-250,-114,-71,17,-4
41,-251,-116,-68,15,-2
42,-252,-118,-68,15,-2
41,-252,-115,-68,15,-2
40,-250,-111,-67,15,-3
39,-250,-115,-68,13,-2
41,-252,-118,-69,13,-2
38,-249,-114,-69,13,-3
42,-251,-117,-69,13,-2
42,-251,-118,-69,14,-3
40,-250,-111,-70,12,-4
40,-250,-115,-69,10,-4
40,-250,-115,-70,9,-4
40,-253,-118,-71,10,-3
44,-251,-118,-70,11,-4
42,-252,-117,-70,10,-5
43,-251,-115,-69,11,-4
41,-252,-116,-70,10,-4
42,-251,-116,-71,9,-3
40,-251,-117,-72,9,-3
42,-250,-112,-72,8,-4
43,-254,-115,-71,9,-4
37,-250,-116,-67,6,-5
40,-249,-114,-67,6,-4
42,-252,-116,-67,5,-4
40,-248,-115,-67,5,-3
42,-252,-118,-67,5,-4
43,-253,-122,-66,5,-4
41,-252,-116,-66,5,-5
39,-249,-117,-68,4,-4
46,-251,-125,-67,4,-5
43,-248,-118,-67,4,-5
39,-248,-116,-66,5,-5
45,-253,-115,-66,5,-4
42,-252,-117,-65,5,-4
43,-252,-113,-67,7,-3
43,-250,-120,-67,5,-3
43,-252,-114,-65,5,-3
41,-252,-117,-65,7,-3
42,-253,-115,-65,7,-3
42,-251,-117,-66,5,-5
42,-250,-117,-64,7,-4
42,-253,-117,-63,6,-3
38,-252,-113,-63,5,-2
43,-252,-115,-63,6,-2
43,-251,-116,-63,6,-3
41,-248,-119,-65,5,-3
42,-251,-117,-66,6,-3
41,-249,-120,-66,7,-3
39,-254,-118,-66,7,-4
42,-254,-117,-64,7,-3
42,-248,-116,-65,6,-4
38,-250,-116,-66,7,-5
40,-250,-114,-65,7,-4
43,-251,-116,-67,6,-5
42,-251,-120,-67,6,-5
42,-250,-117,-68,6,-4
42,-251,-114,-69,7,-5
43,-251,-118,-68,7,-4
41,-252,-121,-68,9,-4
42,-248,-113,-68,8,-5
44,-251,-113,-67,9,-3
43,-253,-118,-68,9,-3
45,-254,-118,-67,9,-4
42,-251,-115,-67,8,-4
43,-252,-116,-66,7,-5
44,-250,-117,-67,8,-4
44,-252,-115,-66,8,-3
42,-251,-117,-66,8,-4
41,-252,-115,-65,9,-4
43,-251,-118,-66,11,-3
44,-249,-115,-63,12,-3
41,-253,-116,-64,13,-2
42,-250,-119,-64,12,-2
43,-251,-114,-65,12,-2
44,-251,-117,-64,12,-4
43,-254,-119,-62,12,-4
42,-252,-118,-61,13,-3
40,-250,-121,-60,13,-3
43,-251,-116,-60,14,-4
41,-252,-116,-60,16,-4
42,-252,-122,-57,17,-4
40,-249,-116,-56,18,-5
43,-251,-119,-57,19,-4
43,-253,-117,-56,20,-4
41,-249,-117,-56,21,-4
41,-250,-116,-57,19,-3
41,-248,-120,-56,21,-3
44,-252,-119,-57,20,-1
41,-250,-118,-57,21,-2
39,-249,-119,-59,19,-4
41,-249,-116,-59,20,-3
42,-253,-116,-60,21,-3
40,-253,-114,-58,22,-3
40,-250,-118,-61,22,-3
39,-247,-118,-59,24,-2
43,-250,-119,-59,25,-2
42,-247,-116,-61,26,-4
37,-252,-119,-58,28,-4
40,-248,-118,-58,30,-3
41,-251,-121,-54,29,-3
43,-251,-118,-52,27,-2
42,-248,-120,-51,27,-1
43,-250,-120,-51,26,-3
40,-247,-120,-54,26,-2
41,-247,-118,-58,26,-4
40,-252,-122,-61,26,-1
40,-250,-117,-63,25,-3
40,-253,-121,-63,25,-2
41,-251,-119,-63,25,-3
41,-252,-119,-61,23,-1
41,-250,-120,-61,24,-2
38,-249,-120,-60,22,-1
39,-250,-118,-60,23,-3
40,-250,-122,-61,23,-3
39,-249,-123,-60,24,-2
42,-249,-118,-61,24,-2
41,-252,-120,-60,22,-3
41,-251,-121,-61,22,-3
42,-249,-118,-60,21,-3
41,-252,-119,-61,18,-6
40,-247,-120,-62,15,-5
38,-247,-120,-63,15,-6
39,-247,-121,-64,15,-5
42,-251,-122,-65,15,-4
41,-249,-120,-65,16,-5
42,-248,-118,-65,15,-6
41,-247,-121,-66,17,-5
40,-250,-118,-68,18,-5
41,-248,-117,-67,18,-6
40,-252,-121,-67,16,-6
37,-249,-121,-67,15,-6
39,-249,-121,-69,14,-7
40,-250,-120,-68,13,-6
42,-247,-123,-69,12,-5
41,-249,-119,-68,11,-5
41,-250,-120,-70,11,-6
44,-246,-124,-71,10,-5
38,-250,-121,-72,11,-6
40,-246,-119,-72,12,-5
41,-250,-122,-72,10,-3
40,-248,-123,-73,11,-5
41,-249,-122,-74,10,-5
38,-245,-120,-75,12,-5
40,-247,-125,-77,12,-4
41,-248,-123,-80,11,-5
39,-248,-122,-82,9,-3
41,-246,-120,-85,10,-3
41,-246,-125,-87,10,-4
41,-249,-120,-89,10,-4
41,-248,-122,-91,11,-4
40,-248,-120,-93,11,-4
41,-248,-123,-94,11,-4
39,-245,-117,-96,11,-5
42,-246,-121,-98,12,-4
39,-246,-123,-99,11,-6
41,-246,-125,-101,11,-5
42,-250,-126,-106,10,-6
42,-247,-126,-108,11,-4
39,-247,-120,-110,10,-4
40,-249,-127,-111,9,-5
37,-249,-123,-111,9,-5
41,-246,-123,-112,9,-7
39,-248,-124,-113,6,-7
37,-246,-126,-113,6,-7
38,-247,-124,-116,6,-6
39,-246,-127,-117,5,-5
39,-247,-125,-118,4,-4
41,-248,-126,-121,4,-3
40,-245,-124,-122,3,-4
42,-250,-125,-122,3,-5
42,-247,-125,-124,3,-5
39,-248,-124,-124,4,-6
41,-249,-122,-125,4,-7
39,-246,-126,-125,3,-6
40,-248,-126,-125,4,-6
43,-248,-128,-124,5,-5
43,-246,-126,-125,5,-5
40,-248,-126,-126,4,-4
43,-247,-125,-128,5,-4
43,-246,-126,-129,4,-5
40,-243,-123,-128,4,-5
40,-245,-127,-128,4,-6
44,-248,-127,-130,5,-4
40,-245,-125,-131,5,-5
41,-249,-128,-132,5,-5
43,-247,-126,-134,6,-7
41,-247,-127,-133,5,-6
40,-247,-128,-133,3,-6
42,-247,-126,-134,2,-3
40,-247,-126,-133,1,-5
38,-244,-127,-133,0,-6
41,-246,-126,-133,-3,-6
39,-245,-128,-135,-5,-6
38,-245,-128,-136,-5,-5
39,-246,-128,-138,-7,-5
40,-244,-131,-140,-9,-6
41,-246,-129,-141,-9,-5
44,-248,-129,-140,-10,-5
40,-245,-132,-140,-8,-5
36,-244,-130,-142,-8,-4
42,-244,-133,-144,-7,-5
42,-244,-130,-143,-8,-6
41,-246,-130,-142,-7,-4
42,-245,-133,-143,-8,-7
40,-245,-131,-145,-8,-6
40,-245,-133,-146,-8,-7
39,-241,-131,-148,-8,-6
41,-244,-130,-151,-8,-7
43,-244,-131,-150,-10,-6
41,-243,-136,-152,-10,-7
40,-243,-131,-155,-12,-6
41,-241,-132,-156,-11,-7
42,-247,-132,-159,-10,-9
42,-244,-130,-161,-11,-11
41,-242,-132,-161,-11,-10
38,-243,-134,-162,-9,-11
39,-242,-132,-165,-7,-10
40,-239,-131,-168,-5,-9
44,-247,-132,-169,-2,-9
41,-242,-132,-171,3,-9
42,-242,-139,-170,7,-7
42,-241,-137,-172,10,-4
41,-243,-136,-170,12,-4
46,-242,-133,-171,16,-2
44,-242,-136,-171,21,1
43,-241,-140,-172,24,1
44,-242,-141,-173,25,3
42,-240,-137,-175,25,7
46,-241,-135,-177,25,8
43,-238,-141,-180,26,7
46,-238,-138,-184,26,8
43,-242,-138,-188,27,9
41,-242,-138,-193,28,9
41,-243,-139,-194,28,11
38,-240,-138,-197,29,13
34,-240,-140,-195,27,14
37,-243,-138,-198,22,21
35,-243,-141,-205,16,31
39,-243,-138,-211,13,38
41,-241,-140,-214,11,41
42,-240,-141,-212,9,44
42,-240,-143,-205,10,46
34,-239,-142,-201,8,46
36,-239,-145,-200,4,48
38,-240,-144,-208,-1,54
38,-237,-149,-221,-10,60
38,-233,-145,-231,-19,63
41,-235,-144,-240,-25,65
37,-235,-145,-250,-27,68
34,-234,-149,-259,-28,71
35,-238,-144,-268,-30,76
31,-239,-147,-277,-33,80
26,-246,-151,-285,-37,89
23,-255,-147,-290,-45,103
30,-255,-142,-288,-55,114
37,-251,-142,-262,-74,119
38,-246,-144,-217,-91,112
35,-241,-148,-176,-92,92
30,-239,-151,-152,-81,77
25,-238,-151,-140,-70,60
23,-240,-155,-135,-68,49
39,-229,-151,-133,-73,43
42,-222,-150,-133,-89,40
35,-225,-152,-144,-90,36
31,-225,-151,-171,-82,35
39,-229,-157,-201,-82,39
33,-228,-155,-226,-79,41
32,-228,-150,-238,-78,39
37,-227,-150,-242,-78,38
36,-229,-146,-239,-78,32
36,-230,-144,-226,-77,21
36,-232,-145,-219,-74,16
32,-233,-146,-218,-71,15
37,-235,-150,-218,-71,17
37,-238,-146,-222,-74,26
37,-232,-145,-227,-78,30
41,-238,-146,-223,-83,28
38,-237,-147,-215,-84,23
38,-236,-144,-208,-82,24
43,-235,-149,-205,-78,21
37,-232,-149,-207,-71,15
39,-231,-152,-213,-67,12
42,-234,-152,-216,-60,10
42,-232,-147,-220,-52,10
45,-236,-148,-226,-40,9
41,-233,-144,-231,-27,11
46,-234,-144,-238,-15,15
46,-234,-144,-246,-4,18
47,-235,-141,-253,3,23
48,-235,-142,-260,11,26
43,-236,-142,-262,18,28
47,-236,-143,-263,24,31
45,-233,-144,-260,30,35
46,-234,-142,-257,32,39
45,-233,-146,-257,32,42
43,-235,-149,-257,32,43
43,-237,-151,-257,31,46
40,-234,-151,-258,32,46
40,-237,-151,-256,36,47
40,-236,-150,-255,39,49
40,-239,-151,-256,45,49
38,-234,-150,-255,55,50
35,-236,-148,-251,65,52
34,-234,-153,-247,75,54
31,-233,-151,-247,82,58
29,-232,-143,-247,86,59
31,-233,-151,-247,89,59
32,-232,-147,-246,94,57
31,-229,-148,-249,99,56
33,-229,-146,-251,106,56
33,-228,-146,-258,113,55
32,-229,-152,-265,117,57
33,-231,-149,-272,119,56
33,-233,-148,-276,121,57
32,-235,-149,-277,118,59
32,-237,-151,-276,114,63
31,-237,-147,-271,108,67
28,-238,-151,-266,100,73
29,-240,-155,-258,89,78
27,-240,-150,-245,82,80
24,-239,-151,-238,69,83
23,-238,-152,-230,57,86
25,-237,-150,-228,45,90
27,-234,-152,-229,40,91
25,-228,-154,-238,36,87
26,-229,-151,-252,37,86
28,-226,-152,-270,44,80
25,-224,-155,-289,51,78
27,-223,-151,-313,58,75
26,-226,-155,-333,62,74
27,-226,-153,-351,65,74
29,-228,-157,-364,66,76
28,-232,-152,-374,64,82
27,-234,-155,-375,58,90
28,-239,-152,-367,47,95
28,-240,-154,-353,34,100
30,-240,-158,-333,15,105
26,-237,-155,-309,-3,111
27,-235,-159,-288,-25,117
32,-235,-156,-273,-39,115
28,-228,-158,-269,-48,116
33,-224,-155,-277,-51,115
25,-217,-157,-297,-47,111
28,-215,-161,-328,-43,106
28,-214,-161,-365,-38,100
30,-214,-163,-412,-35,93
27,-216,-159,-452,-32,85
28,-216,-164,-487,-28,79
28,-221,-163,-515,-26,75
29,-226,-165,-530,-25,73
28,-229,-165,-535,-24,70
24,-233,-162,-529,-30,71
23,-230,-163,-516,-38,76
22,-232,-165,-497,-51,79
20,-233,-167,-478,-62,80
21,-231,-164,-460,-75,80
22,-229,-164,-445,-81,81
21,-227,-165,-432,-82,82
25,-228,-169,-426,-79,85
23,-225,-164,-428,-75,83
24,-223,-168,-431,-76,83
23,-220,-168,-437,-77,85
24,-223,-167,-446,-81,88
24,-219,-167,-456,-84,88
26,-224,-171,-468,-87,84
29,-227,-169,-480,-85,83
27,-228,-171,-494,-86,80
25,-227,-168,-505,-87,78
28,-227,-170,-513,-88,74
26,-231,-168,-516,-88,72
26,-229,-168,-519,-87,72
23,-230,-172,-519,-83,71
27,-232,-176,-518,-82,68
25,-232,-178,-518,-78,66
24,-227,-174,-513,-76,68
26,-226,-176,-508,-75,69
19,-225,-175,-505,-74,68
23,-225,-179,-503,-70,71
28,-217,-182,-508,-68,77
25,-217,-182,-516,-65,83
26,-216,-181,-520,-66,84
25,-214,-179,-526,-64,83
24,-212,-180,-533,-65,81
22,-213,-181,-537,-67,80
22,-213,-182,-546,-70,78
23,-213,-181,-555,-74,78
23,-214,-184,-569,-78,77
20,-211,-186,-582,-81,77
19,-215,-189,-594,-84,74
16,-211,-184,-607,-87,71
16,-212,-188,-622,-86,75
17,-212,-187,-636,-85,79
21,-215,-189,-650,-86,74
14,-211,-186,-664,-86,67
14,-210,-189,-678,-82,66
14,-208,-191,-688,-75,65
15,-208,-192,-699,-71,60
18,-208,-194,-711,-66,60
18,-208,-194,-725,-62,64
21,-208,-193,-737,-58,68
21,-206,-195,-744,-57,71
18,-209,-197,-746,-58,75
17,-205,-198,-747,-57,77
19,-208,-199,-743,-58,79
19,-208,-200,-742,-61,80
20,-208,-201,-732,-63,77
20,-210,-200,-727,-63,77
17,-205,-200,-719,-63,80
18,-208,-200,-714,-64,79
17,-207,-204,-709,-64,80
12,-206,-200,-706,-63,80
13,-203,-201,-705,-60,80
16,-205,-204,-708,-54,81
15,-205,-205,-713,-52,80
12,-202,-203,-716,-49,81
14,-202,-202,-716,-48,82
10,-202,-208,-718,-45,87
15,-202,-207,-718,-43,93
16,-201,-207,-717,-40,97
11,-201,-210,-712,-39,100
9,-198,-207,-711,-40,101
10,-197,-212,-711,-41,103
12,-200,-207,-706,-44,105
10,-198,-206,-696,-47,107
10,-196,-211,-686,-49,109
10,-198,-212,-672,-55,109
10,-198,-214,-664,-60,108
9,-196,-217,-657,-66,113
9,-196,-218,-655,-70,115
12,-195,-219,-652,-71,115
12,-194,-216,-655,-69,111
7,-192,-220,-658,-67,108
8,-192,-223,-662,-64,104
8,-192,-221,-666,-61,101
6,-191,-221,-670,-58,99
8,-189,-223,-667,-54,98
9,-188,-228,-664,-54,96
10,-187,-224,-661,-51,93
11,-188,-225,-658,-50,93
12,-184,-222,-655,-46,93
11,-185,-224,-653,-47,96
8,-185,-223,-650,-47,94
8,-184,-228,-650,-49,94
8,-182,-226,-648,-50,95
5,-181,-227,-650,-53,96
4,-179,-231,-652,-58,96
7,-178,-228,-660,-62,98
7,-176,-229,-669,-67,95
3,-174,-231,-682,-75,94
4,-172,-233,-692,-82,94
6,-172,-233,-705,-86,92
5,-174,-234,-714,-92,87
5,-173,-231,-722,-95,84
3,-170,-233,-732,-95,81
5,-174,-232,-743,-94,78
3,-168,-237,-753,-94,75
2,-172,-235,-762,-95,71
1,-170,-236,-775,-96,69
-2,-167,-241,-795,-95,67
4,-164,-242,-822,-97,66
2,-162,-244,-859,-99,63
3,-158,-246,-903,-103,60
0,-154,-246,-947,-106,59
3,-153,-247,-982,-109,61
2,-151,-248,-1010,-115,61
2,-153,-249,-1038,-119,63
4,-152,-248,-1063,-126,65
5,-145,-252,-1089,-132,70
4,-144,-252,-1122,-134,73
4,-143,-250,-1160,-132,80
6,-140,-251,-1210,-126,86
1,-137,-254,-1258,-117,88
0,-141,-254,-1300,-105,92
1,-137,-251,-1335,-97,96
0,-139,-252,-1359,-93,100
3,-140,-250,-1371,-88,107
4,-141,-254,-1368,-84,114
3,-142,-253,-1356,-82,118
2,-144,-250,-1336,-83,121
2,-138,-250,-1310,-89,123
3,-131,-255,-1286,-95,126
2,-130,-255,-1272,-104,135
4,-126,-258,-1270,-117,145
5,-129,-261,-1278,-128,153
4,-126,-263,-1286,-139,160
2,-129,-260,-1281,-154,165
2,-130,-259,-1261,-166,169
1,-127,-264,-1228,-173,170
3,-131,-257,-1187,-179,165
1,-125,-264,-1145,-179,160
0,-122,-263,-1100,-176,156
-1,-123,-270,-1058,-171,150
-2,-117,-269,-1019,-166,142
-1,-111,-270,-986,-157,136
-4,-115,-273,-963,-145,129
-4,-112,-275,-945,-134,125
-6,-111,-274,-931,-122,118
-5,-109,-275,-921,-112,115
-4,-106,-274,-912,-106,113
-8,-104,-275,-904,-102,111
-9,-104,-276,-897,-96,110
-12,-100,-275,-889,-96,109
-11,-102,-272,-873,-101,111
-15,-98,-278,-860,-107,112
-10,-98,-279,-846,-114,114
-12,-97,-277,-834,-122,117
-16,-97,-280,-819,-128,119
-16,-92,-281,-809,-132,121
-12,-91,-281,-803,-134,123
-15,-88,-286,-797,-133,121
-17,-89,-280,-794,-131,122
-8,-89,-281,-789,-133,127
-10,-86,-285,-783,-132,126
-4,-89,-283,-774,-132,126
-11,-87,-280,-761,-132,130
-9,-83,-283,-746,-132,130
-6,-83,-284,-734,-132,129
-8,-82,-276,-723,-129,126
-7,-85,-281,-712,-125,125
-8,-78,-284,-702,-123,124
-5,-80,-284,-699,-123,124
-9,-76,-280,-699,-121,128
-15,-76,-285,-691,-115,130
-9,-80,-283,-676,-115,131
-9,-83,-281,-667,-108,130
-12,-77,-284,-660,-104,134
-4,-80,-288,-647,-106,140
-14,-79,-285,-636,-99,134
-15,-79,-288,-616,-100,138
-14,-80,-284,-591,-105,143
-16,-71,-287,-569,-108,144
-11,-72,-289,-550,-105,144
-15,-72,-289,-534,-94,140
-17,-68,-290,-515,-88,142
-13,-69,-287,-498,-83,142
-13,-63,-278,-491,-79,141
-13,-64,-289,-479,-76,140
-14,-65,-287,-467,-74,142
-16,-62,-286,-456,-76,141
-14,-60,-285,-447,-71,142
-16,-60,-286,-444,-62,144
-13,-56,-287,-441,-55,145
-13,-59,-286,-444,-46,139
-17,-54,-289,-446,-39,143
-13,-56,-286,-443,-37,145
-22,-54,-285,-442,-32,145
-17,-58,-290,-441,-35,147
-15,-58,-284,-438,-36,147
-12,-54,-287,-432,-35,146
-23,-55,-285,-426,-33,143
-20,-54,-285,-420,-38,146
-19,-66,-294,-416,-43,151
-17,-47,-280,-419,-39,157
-19,-48,-288,-404,-36,153
-17,-45,-288,-403,-33,150
-21,-50,-285,-410,-25,149
-20,-50,-290,-407,-25,158
-16,-52,-288,-402,-27,164
-19,-45,-281,-397,-34,166
-19,-47,-287,-397,-38,169
-16,-46,-284,-399,-41,173
-19,-45,-287,-397,-40,178
-16,-41,-284,-397,-39,180
-14,-40,-286,-399,-38,181
-19,-54,-293,-402,-41,180
-16,-38,-288,-419,-37,180
-17,-39,-285,-406,-31,173
-18,-37,-289,-397,-28,173
-24,-35,-289,-391,-20,170
-18,-39,-292,-388,-13,171
-24,-35,-290,-387,-1,165
-23,-37,-291,-388,4,167
-24,-34,-288,-382,1,172
-22,-32,-287,-377,0,171
-20,-35,-294,-379,-1,172
-21,-35,-292,-378,-1,172
-22,-26,-288,-381,-2,169
-24,-38,-287,-387,-1,166
-17,-33,-288,-384,-12,177
-19,-35,-286,-381,-14,179
-22,-36,-289,-375,-14,183
-19,-34,-288,-372,-14,186
-19,-35,-288,-364,-14,187
-32,-49,-290,-358,-7,176
-23,-28,-288,-350,-13,187
-20,-31,-289,-336,-15,186
-23,-32,-288,-328,-14,184
-29,-27,-291,-316,-11,179
-25,-28,-288,-305,-10,179
-22,-28,-290,-288,-6,174
-27,-24,-287,-279,0,167
-25,-26,-287,-270,2,166
-24,-25,-288,-260,6,159
-22,-26,-288,-251,10,155
-16,-25,-288,-250,14,152
-24,-31,-289,-254,25,137
-21,-25,-287,-246,21,140
-23,-23,-287,-231,16,138
-19,-22,-293,-224,16,135
-22,-24,-292,-216,18,131
-22,-23,-294,-211,19,128
-22,-21,-291,-206,18,125
-23,-24,-289,-200,15,123
-17,-27,-294,-196,8,122
-21,-25,-293,-196,3,120
-23,-25,-291,-186,5,111
-20,-24,-292,-176,11,102
-27,-23,-290,-168,14,98
-23,-22,-289,-163,17,91
-25,-22,-293,-159,18,88
-23,-18,-291,-156,15,85
-21,-23,-292,-155,8,90
-24,-20,-297,-150,9,84
-23,-21,-296,-136,11,76
-22,-19,-292,-125,13,71
-24,-20,-289,-119,14,67
-24,-17,-286,-113,15,61
-21,-18,-287,-112,17,57
-25,-15,-289,-117,19,51
-19,-19,-285,-118,18,49
-22,-19,-289,-119,17,46
-22,-21,-285,-120,15,44
-20,-17,-288,-117,13,42
-21,-19,-288,-113,13,40
-24,-17,-290,-106,14,38
-24,-19,-287,-97,14,36
-20,-17,-290,-90,16,34
-18,-17,-287,-89,16,32
-24,-19,-291,-82,14,32
-17,-21,-289,-74,12,31
-22,-17,-291,-66,10,30
-22,-16,-287,-62,12,30
-18,-17,-289,-57,12,32
-22,-18,-288,-56,12,32
-21,-17,-287,-56,15,34
-17,-16,-292,-54,19,35
-23,-16,-288,-53,20,35
-20,-16,-285,-52,22,34
-20,-18,-285,-54,25,34
-21,-16,-290,-56,27,34
-23,-15,-292,-57,26,35
-23,-16,-289,-57,26,36
-23,-17,-289,-61,23,35
-20,-14,-292,-61,23,35
-22,-19,-291,-60,23,32
-22,-19,-293,-63,21,30
-22,-17,-291,-61,21,29
-23,-17,-289,-57,21,26
-24,-18,-289,-51,21,22
-21,-18,-288,-46,20,19
-24,-13,-289,-43,19,16
-21,-14,-289,-43,16,11
-25,-15,-290,-48,18,9
-21,-17,-282,-49,18,9
-23,-13,-283,-51,19,9
-23,-14,-285,-54,19,9
-23,-16,-287,-54,16,9
-21,-17,-288,-57,11,12
-21,-17,-291,-58,6,14
-22,-17,-287,-58,3,14
-20,-19,-289,-57,3,13
-21,-19,-292,-56,4,12
-22,-17,-289,-53,3,9
-23,-16,-288,-51,3,6
-24,-14,-289,-51,3,3
-24,-15,-290,-49,3,4
-26,-14,-292,-47,2,2
-27,-14,-289,-45,2,2
-22,-14,-288,-44,2,1
-20,-15,-292,-48,2,5
-21,-20,-285,-54,4,5
-26,-13,-289,-51,6,2
-22,-18,-286,-51,12,2
-26,-15,-289,-59,13,6
-24,-16,-287,-64,13,7
-27,-15,-288,-70,13,8
-27,-15,-289,-72,15,9
-24,-14,-287,-70,15,9
-23,-18,-287,-71,15,8
-25,-16,-283,-72,15,6
-22,-17,-284,-72,16,5
-24,-17,-289,-75,16,5
-22,-18,-292,-73,15,4
-23,-21,-288,-70,13,3
-23,-19,-290,-67,11,1
-23,-20,-290,-65,12,1
-20,-18,-293,-61,13,-1
-25,-21,-289,-61,15,-2
-24,-19,-290,-59,17,-4
-24,-19,-293,-57,19,-6
-24,-20,-289,-57,21,-8
-26,-18,-291,-57,21,-9
-24,-24,-288,-57,20,-12
-25,-22,-290,-58,20,-14
-23,-21,-292,-59,22,-16
-24,-22,-293,-57,22,-18
-24,-24,-292,-56,21,-22
-25,-19,-291,-56,20,-24
-24,-21,-290,-56,19,-23
-27,-22,-295,-56,17,-23
-28,-18,-290,-57,18,-22
-24,-18,-290,-57,20,-20
-25,-20,-289,-56,21,-21
-26,-20,-291,-54,23,-20
-25,-23,-288,-54,27,-20
-23,-23,-288,-52,27,-20
-21,-24,-290,-51,27,-20
-28,-23,-291,-50,25,-18
-31,-17,-288,-51,24,-19
-26,-21,-287,-50,23,-19
-25,-22,-290,-51,20,-20
-25,-18,-292,-50,16,-18
-26,-19,-286,-48,13,-19
-24,-23,-292,-46,11,-20
-25,-25,-287,-46,11,-19
-26,-22,-291,-42,9,-19
-24,-21,-287,-35,7,-20
-25,-23,-286,-35,8,-21
-24,-17,-288,-31,7,-23
-26,-18,-287,-29,6,-21
-23,-19,-288,-33,7,-23
-26,-17,-288,-35,9,-22
-21,-22,-289,-34,9,-21
-23,-19,-290,-36,13,-19
-24,-16,-280,-39,15,-19
-23,-18,-294,-39,18,-19
-23,-19,-288,-39,18,-18
-26,-19,-292,-41,19,-19
-27,-22,-289,-39,17,-21
-24,-18,-289,-39,15,-22
-25,-19,-290,-38,13,-22
-24,-21,-291,-36,12,-21
-24,-23,-287,-35,9,-22
-26,-24,-293,-35,9,-23
-25,-21,-287,-37,9,-24
-25,-22,-288,-37,10,-23
-25,-24,-287,-33,11,-26
-25,-24,-285,-29,11,-26
-26,-22,-290,-25,11,-26
-27,-21,-289,-24,11,-27
-23,-18,-288,-24,11,-26
-25,-17,-287,-29,13,-25
-23,-21,-293,-33,13,-28
-23,-20,-290,-35,14,-29
-24,-21,-291,-35,14,-28
-24,-19,-287,-34,16,-26
-24,-20,-287,-32,18,-24
-27,-19,-287,-31,18,-24
-23,-19,-288,-31,17,-22
-25,-21,-287,-29,16,-21
-23,-24,-286,-28,14,-20
-26,-19,-287,-28,12,-21
-25,-21,-288,-25,10,-18
-20,-20,-290,-25,10,-14
-23,-22,-289,-24,8,-12
-25,-20,-289,-23,7,-8
-24,-24,-286,-21,9,-8
-26,-20,-290,-20,9,-5
-25,-24,-287,-20,11,-6
-24,-20,-288,-21,13,-7
-24,-22,-289,-21,14,-10
-23,-22,-288,-20,17,-12
-23,-24,-288,-20,19,-14
-25,-20,-288,-19,21,-14
-23,-24,-291,-19,21,-14
-25,-18,-291,-18,22,-13
-27,-22,-292,-19,23,-14
-25,-21,-293,-18,24,-13
-25,-18,-291,-19,23,-11
-24,-26,-290,-22,24,-9
-23,-25,-290,-25,24,-8
-25,-22,-294,-26,23,-7
-24,-20,-292,-27,19,-6
-26,-20,-288,-27,16,-7
-25,-23,-287,-24,12,-8
-23,-20,-289,-23,10,-11
-21,-21,-290,-22,8,-13
-25,-21,-289,-23,6,-14
-23,-20,-288,-23,6,-15
-22,-22,-288,-25,4,-15
-21,-24,-286,-27,3,-15
-25,-21,-286,-29,4,-15
-25,-22,-283,-31,8,-15
-22,-22,-287,-35,11,-14
-23,-19,-290,-38,16,-11
-21,-23,-286,-41,16,-12
-22,-21,-286,-43,17,-7
-22,-23,-290,-46,15,-7
-24,-21,-287,-47,12,-5
-21,-22,-290,-49,11,-3
-24,-17,-288,-50,11,-3
-20,-24,-292,-51,11,-2
-21,-23,-291,-47,13,-2
-23,-22,-288,-46,15,-2
-25,-21,-290,-46,18,-3
-23,-21,-289,-44,16,-5
-23,-24,-290,-45,16,-6
-26,-21,-285,-45,15,-7
-25,-23,-290,-47,15,-11
-24,-19,-291,-47,13,-12
-26,-21,-286,-44,12,-14
-28,-21,-288,-44,12,-16
-23,-21,-292,-44,11,-18
-21,-22,-290,-44,12,-17
-21,-20,-289,-44,13,-17
-24,-24,-290,-44,14,-20
-24,-21,-289,-45,17,-16
-25,-20,-291,-47,18,-17
-21,-22,-284,-47,19,-17
-25,-21,-289,-44,21,-16
-24,-22,-291,-45,22,-15
-23,-23,-287,-47,23,-15
-24,-23,-290,-50,23,-14
-25,-21,-288,-51,23,-14
-26,-26,-288,-51,23,-11
-21,-22,-289,-51,22,-13
-25,-23,-289,-50,22,-12
-27,-27,-293,-48,21,-11
-25,-27,-293,-44,22,-13
-25,-23,-289,-41,22,-14
-27,-25,-291,-37,22,-15
-24,-22,-290,-39,20,-14
-26,-23,-288,-38,19,-11
-25,-24,-291,-37,17,-11
-26,-20,-291,-39,15,-9
-24,-24,-290,-39,14,-7
-24,-17,-289,-39,12,-3
-24,-20,-288,-42,10,-1
-22,-18,-287,-42,10,2
-23,-20,-284,-44,10,3
-24,-19,-288,-44,10,5
-25,-20,-290,-46,9,6
-20,-20,-293,-46,8,7
-23,-20,-289,-49,7,9
-23,-23,-283,-49,7,10
-21,-21,-285,-52,8,9
-23,-22,-287,-54,7,10
-22,-20,-290,-54,8,10
-24,-23,-287,-54,9,11
-26,-21,-290,-55,11,10
-24,-25,-291,-54,13,9
-24,-23,-290,-55,12,9
-26,-20,-288,-54,12,8
-27,-17,-289,-58,14,7
-20,-22,-291,-63,13,7
-24,-18,-290,-64,13,6
-24,-19,-290,-64,13,4
-25,-18,-292,-62,15,3
-24,-19,-289,-63,16,2
-25,-20,-292,-61,15,1
-21,-19,-292,-59,14,0
-25,-19,-290,-58,14,-3
-24,-20,-290,-57,14,-4
-26,-20,-285,-55,12,-6
-24,-22,-287,-55,12,-5
-23,-19,-287,-53,13,-4
-23,-20,-287,-56,13,-5
-24,-18,-286,-63,16,-5
-25,-21,-290,-65,14,-6
-24,-23,-287,-66,12,-5
-25,-20,-290,-64,12,-4
-26,-20,-291,-62,13,-5
-24,-21,-291,-59,15,-7
-20,-19,-288,-55,16,-9
-20,-22,-288,-55,18,-10
-24,-21,-289,-57,18,-13
-21,-23,-292,-54,20,-15
-24,-21,-292,-52,21,-18
-25,-22,-292,-49,23,-19
-24,-20,-290,-48,27,-19
-27,-24,-290,-46,27,-20
-24,-19,-285,-47,28,-19
-26,-21,-290,-48,28,-18
-26,-20,-292,-47,29,-18
-24,-20,-289,-47,27,-17
-25,-20,-290,-48,24,-16
-22,-19,-290,-49,22,-14
-26,-16,-293,-49,21,-11
-22,-23,-290,-50,19,-8
-24,-20,-287,-49,17,-7
-24,-21,-289,-50,18,-6
-22,-23,-288,-49,16,-5
-25,-22,-288,-51,15,-6
-17,-20,-289,-51,14,-5
-25,-20,-290,-50,13,-2
-24,-20,-289,-50,12,-1
-25,-20,-290,-48,12,0
-24,-22,-293,-47,11,0
-23,-21,-292,-46,10,0
-26,-20,-289,-46,10,0
-23,-21,-288,-46,9,0
-25,-20,-289,-47,11,3
-24,-16,-289,-47,10,4
-25,-20,-291,-46,9,4
-26,-20,-290,-47,9,5
-25,-22,-293,-47,9,7
-25,-20,-288,-48,9,7
-22,-17,-283,-47,10,8
-25,-19,-286,-47,11,9
-24,-20,-284,-47,9,12
-22,-21,-287,-45,8,12
-24,-20,-290,-44,6,12
-24,-19,-288,-42,6,12
-26,-17,-288,-39,4,11
-29,-20,-290,-38,6,10
-24,-18,-285,-40,6,8
-27,-18,-287,-43,7,8
-24,-20,-289,-44,8,8
-27,-17,-288,-46,8,7
-24,-18,-289,-49,9,6
-24,-18,-291,-51,10,7
-23,-19,-288,-49,17,5
-26,-17,-287,-49,21,5
-26,-18,-288,-53,21,3
-25,-17,-292,-56,19,2
-26,-18,-288,-55,19,3
-24,-17,-288,-54,18,2
-25,-17,-290,-53,16,2
-25,-17,-292,-50,15,3
-25,-18,-287,-48,16,3
-26,-18,-292,-47,16,2
-24,-21,-292,-49,17,3
-25,-18,-286,-50,18,3
-21,-22,-292,-51,18,1
-24,-22,-289,-51,19,1
-23,-21,-289,-51,18,0
-25,-20,-288,-52,19,0
-26,-18,-289,-52,19,0
-24,-20,-290,-49,19,0
-21,-20,-288,-47,19,0
-21,-20,-289,-47,20,-1
-25,-22,-287,-46,22,-1
-28,-15,-291,-47,22,-2
-25,-19,-288,-45,24,-2
-23,-19,-288,-43,26,-2
-23,-19,-288,-42,28,-5
-25,-18,-288,-41,27,-4
-25,-20,-291,-40,28,-6
-24,-18,-288,-38,26,-7
-25,-18,-290,-40,22,-8
-24,-18,-290,-41,21,-7
-25,-16,-287,-41,17,-7
-23,-21,-290,-43,16,-7
-25,-19,-289,-44,15,-7
-25,-20,-287,-45,12,-7
-24,-20,-288,-45,11,-7
-22,-18,-287,-47,8,-9
-23,-19,-288,-45,8,-8
-21,-17,-291,-45,9,-8
-24,-19,-288,-46,13,-7
-19,-20,-289,-44,15,-7
-24,-18,-288,-44,15,-7
-25,-17,-288,-40,16,-7
-22,-22,-285,-40,18,-8
-23,-18,-287,-39,20,-10
-21,-19,-281,-38,20,-11
-26,-19,-285,-37,22,-11
-16,-12,-302,-37,22,-11
-25,-18,-289,-36,22,-11
-23,-23,-288,-37,19,-13
-21,-22,-286,-37,19,-13
-25,-18,-293,-37,18,-13
-23,-20,-290,-37,17,-13
-22,-20,-289,-37,18,-12
-24,-19,-283,-38,16,-11
-26,-21,-289,-39,18,-8
-22,-19,-290,-38,18,-8
-24,-22,-289,-39,18,-7
-27,-19,-294,-38,17,-7
-24,-20,-288,-36,15,-8
-25,-18,-290,-36,15,-9
-25,-20,-285,-33,16,-10
-21,-15,-290,-32,18,-13
-24,-17,-290,-36,22,-15
-21,-20,-290,-39,23,-16
-23,-20,-290,-41,25,-19
-23,-18,-288,-40,26,-19
-25,-19,-295,-39,28,-21
-25,-18,-286,-39,29,-22
-24,-18,-291,-39,29,-22
-25,-19,-288,-38,27,-22
-23,-19,-291,-38,26,-23
-24,-24,-293,-34,23,-24
-23,-17,-289,-34,21,-23
-22,-22,-292,-34,21,-22
-23,-20,-289,-34,21,-22
-21,-18,-290,-34,20,-20
-21,-24,-288,-37,21,-20
-21,-21,-286,-36,22,-19
-23,-19,-285,-33,25,-19
-20,-20,-289,-33,26,-18
-23,-19,-290,-30,27,-19
-21,-16,-292,-32,27,-20
-22,-21,-290,-34,26,-21
-21,-21,-290,-33,25,-23
-24,-21,-288,-33,26,-25
-20,-23,-290,-31,23,-27
-23,-23,-292,-30,22,-27
-26,-21,-288,-26,20,-29
-20,-21,-287,-22,20,-31
-23,-20,-289,-21,17,-32
-23,-21,-290,-20,14,-32
-20,-21,-289,-21,14,-32
-21,-23,-291,-22,15,-32
-27,-20,-292,-19,15,-31
-21,-20,-290,-20,16,-32
-26,-22,-289,-19,15,-30
-25,-20,-289,-21,17,-31
-22,-21,-289,-22,18,-32
-25,-21,-286,-25,20,-35
-23,-24,-289,-26,21,-37
-21,-23,-297,-27,20,-37
-23,-24,-293,-28,21,-37
-24,-24,-288,-27,21,-37
-24,-23,-292,-27,21,-37
-23,-24,-287,-27,19,-38
-23,-25,-288,-27,18,-38
-25,-22,-288,-27,16,-37
-22,-20,-289,-25,17,-37
-23,-23,-289,-25,17,-36
-23,-21,-284,-24,18,-35
-21,-22,-287,-24,18,-35
-22,-18,-288,-23,19,-37
-21,-22,-290,-21,19,-35
-23,-20,-287,-20,19,-34
-21,-23,-287,-19,18,-36
-27,-19,-291,-18,16,-35
-26,-18,-289,-19,15,-35
-23,-19,-289,-18,15,-36
-23,-20,-290,-16,14,-36
-22,-20,-288,-19,13,-35
-20,-27,-289,-21,11,-37
-23,-23,-289,-20,9,-39
-20,-21,-291,-16,7,-39
-22,-24,-287,-15,7,-40
-23,-19,-286,-14,7,-41
-21,-23,-287,-15,6,-43
-19,-20,-289,-17,5,-44
-24,-23,-289,-19,3,-44
-22,-22,-290,-20,3,-44
-21,-22,-286,-17,5,-43
-25,-23,-287,-18,7,-41
-24,-21,-290,-20,9,-41
-25,-22,-289,-22,11,-39
-27,-24,-290,-21,12,-40
-24,-21,-290,-22,14,-41
-24,-25,-288,-19,14,-41
-25,-23,-290,-21,16,-40
-24,-24,-287,-21,16,-40
-23,-26,-284,-21,14,-39
-22,-23,-287,-21,12,-39
-22,-27,-290,-21,11,-38
-21,-24,-287,-22,10,-34
-23,-23,-291,-23,9,-34
-23,-21,-288,-26,10,-34
-22,-25,-292,-27,14,-33
-21,-23,-292,-28,15,-32
-23,-22,-286,-30,15,-30
-24,-22,-289,-29,16,-31
-24,-24,-286,-29,15,-28
-22,-27,-290,-29,15,-28
-23,-25,-287,-29,15,-25
-22,-23,-287,-28,17,-24
-21,-27,-285,-30,18,-23
-24,-24,-287,-31,18,-21
-20,-23,-285,-34,19,-19
-23,-23,-291,-35,19,-17
-22,-22,-288,-36,18,-16
-22,-24,-285,-36,16,-15
-26,-24,-290,-36,15,-13
-22,-28,-289,-37,13,-14
-22,-24,-285,-37,14,-13
-21,-25,-289,-37,14,-12
-23,-25,-288,-36,13,-14
-28,-21,-286,-35,13,-15
-22,-24,-290,-33,12,-15
-23,-25,-286,-33,12,-14
-21,-25,-290,-33,13,-15
-24,-22,-288,-35,13,-16
-22,-24,-292,-34,15,-17
-24,-25,-288,-35,15,-18
-20,-24,-286,-35,14,-18
-23,-23,-289,-37,14,-19
-23,-25,-291,-39,12,-20
-23,-25,-289,-40,13,-18
-26,-23,-287,-43,11,-17
-22,-26,-291,-45,12,-15
-23,-27,-289,-44,10,-14
-24,-29,-288,-45,8,-14
-25,-24,-289,-43,9,-14
-27,-23,-289,-44,10,-14
-22,-23,-285,-43,10,-13
-24,-25,-284,-46,13,-11
-24,-26,-287,-45,14,-9
-26,-24,-291,-45,13,-8
-19,-19,-288,-47,15,-8
-19,-24,-288,-45,14,-7
-22,-26,-288,-46,15,-7
-23,-26,-286,-48,16,-8
-22,-26,-289,-47,16,-8
-23,-25,-289,-48,16,-8
-22,-22,-287,-50,16,-7
-24,-24,-290,-50,16,-7
-22,-24,-291,-49,17,-6
-25,-25,-288,-50,17,-6
-21,-24,-285,-49,17,-6
-26,-21,-290,-49,16,-7
-19,-27,-288,-48,18,-7
-26,-26,-289,-46,17,-8
-27,-24,-288,-45,15,-8
-23,-28,-289,-44,15,-7
-21,-23,-287,-44,16,-7
-24,-23,-292,-43,16,-5
-23,-26,-286,-44,17,-6
-23,-23,-287,-45,19,-7
-22,-23,-289,-44,19,-7
-24,-25,-289,-43,18,-8
-24,-25,-290,-46,18,-9
-25,-24,-290,-47,17,-8
-26,-25,-292,-47,18,-10
-21,-25,-292,-46,18,-10
-22,-24,-290,-45,17,-8
-21,-24,-291,-44,18,-9
-23,-21,-288,-48,18,-9
-22,-25,-291,-48,17,-6
-24,-22,-289,-50,16,-6
-23,-26,-288,-49,14,-5
-25,-25,-291,-48,12,-5
-25,-24,-288,-45,9,-6
-23,-24,-291,-41,7,-5
-23,-26,-290,-43,7,-5
-22,-23,-289,-44,7,-5
-24,-20,-288,-45,9,-5
-21,-24,-290,-46,8,-6
-21,-23,-288,-49,7,-7
-23,-22,-288,-48,9,-9
-22,-22,-292,-49,10,-8
-25,-19,-290,-50,12,-9
-23,-24,-286,-49,10,-9
-23,-20,-289,-47,12,-11
-24,-23,-293,-45,14,-13
-24,-23,-287,-44,15,-16
-24,-24,-285,-41,15,-15
-21,-24,-286,-42,15,-14
-22,-25,-288,-43,15,-15
-21,-22,-285,-44,14,-14
-23,-22,-289,-45,13,-14
-23,-26,-289,-41,10,-13
-20,-23,-288,-37,11,-13
-26,-21,-291,-35,11,-14
-21,-24,-290,-36,11,-14
-22,-24,-290,-35,9,-14
-22,-25,-292,-37,7,-16
-23,-25,-289,-37,8,-17
-23,-24,-291,-33,9,-19
-25,-23,-290,-29,11,-21
-22,-26,-290,-25,11,-24
-24,-23,-291,-20,9,-25
-23,-21,-289,-17,10,-25
-21,-23,-287,-17,12,-25
-20,-22,-286,-17,13,-25
-24,-23,-293,-16,16,-27
-24,-21,-288,-17,15,-27
-24,-23,-291,-16,17,-27
-22,-23,-289,-14,19,-27
-23,-21,-290,-13,19,-28
-25,-24,-288,-9,19,-30
-25,-21,-288,-6,19,-30
-20,-24,-289,-6,18,-32
-25,-24,-290,-3,18,-35
-23,-25,-289,2,18,-35
-25,-21,-285,3,17,-37
-25,-23,-286,5,17,-37
-25,-22,-294,7,17,-38
-25,-21,-291,9,18,-39
-24,-22,-290,10,17,-39
-21,-24,-288,13,18,-40
-26,-20,-289,13,19,-40
-23,-25,-287,12,19,-40
-24,-26,-288,13,16,-38
-23,-28,-289,13,13,-38
-20,-23,-290,16,11,-36
-25,-24,-286,18,12,-36
-24,-25,-290,22,9,-37
-21,-24,-290,23,8,-36
-23,-24,-288,26,8,-36
-23,-22,-289,28,9,-37
-23,-25,-287,30,11,-37
-24,-24,-288,32,9,-37
-23,-27,-288,35,10,-35
-22,-25,-288,36,10,-36
-25,-26,-290,35,10,-36
-27,-27,-284,36,9,-35
-24,-27,-289,39,9,-35
-24,-27,-287,43,9,-36
-25,-25,-289,45,11,-35
-23,-26,-287,47,10,-35
-25,-27,-288,50,10,-34
-24,-25,-289,51,10,-36
-23,-25,-289,52,10,-38
-24,-28,-287,55,10,-36
-23,-28,-287,57,9,-38
-23,-26,-290,60,9,-35
-24,-28,-288,61,9,-35
-24,-27,-290,60,6,-35
-24,-27,-286,64,5,-34
-25,-26,-286,65,5,-33
-23,-25,-288,68,7,-33
-25,-26,-292,71,8,-31
-25,-29,-289,74,9,-32
-25,-27,-292,77,11,-34
-23,-28,-288,80,12,-34
-22,-28,-287,82,11,-34
-23,-30,-289,85,11,-34
-22,-29,-289,88,12,-34
-24,-30,-285,90,14,-35
-25,-29,-288,93,15,-35
-23,-31,-292,96,15,-35
-24,-27,-284,101,16,-37
-22,-29,-290,102,17,-38
-24,-28,-287,101,18,-38
-19,-29,-287,102,20,-41
-24,-30,-289,104,22,-46
-23,-30,-290,108,21,-45
-24,-31,-292,110,18,-46
-25,-27,-294,115,18,-50
-26,-32,-289,118,18,-53
-24,-30,-289,119,15,-53
-25,-33,-286,123,12,-53
-23,-35,-287,124,8,-54
-27,-35,-289,129,7,-58
-25,-34,-290,137,5,-59
-24,-33,-285,140,1,-57
-23,-36,-287,143,1,-55
-26,-32,-285,149,-1,-56
-22,-37,-287,156,-3,-56
-24,-35,-286,160,-4,-56
-24,-38,-291,167,-5,-56
-21,-37,-285,176,-3,-60
-23,-36,-290,184,-2,-60
-26,-37,-287,194,-4,-61
-25,-41,-291,201,-5,-63
-28,-38,-288,210,-5,-65
-23,-37,-290,218,-6,-65
-27,-34,-291,225,-6,-66
-24,-40,-292,230,-8,-66
-24,-38,-294,233,-7,-64
-22,-41,-293,238,-9,-64
-22,-41,-291,242,-8,-62
-25,-42,-286,248,-6,-64
-24,-44,-288,256,-4,-64
-28,-40,-293,261,-3,-64
-20,-47,-291,272,-3,-66
-25,-46,-290,280,-2,-66
-24,-48,-290,288,0,-68
-25,-48,-294,298,2,-70
-23,-49,-291,314,5,-75
-20,-44,-290,325,7,-74
-22,-51,-288,336,11,-76
-22,-50,-288,346,15,-76
-22,-53,-289,358,22,-76
-24,-50,-286,372,28,-77
-22,-53,-288,383,37,-75
-24,-52,-291,394,44,-71
-23,-54,-288,403,49,-71
-23,-56,-285,418,56,-72
-19,-61,-288,431,63,-74
-22,-57,-287,444,70,-78
-23,-59,-287,457,77,-79
-24,-59,-289,465,82,-79
-21,-63,-285,475,88,-82
-21,-60,-287,481,94,-83
-21,-62,-286,485,100,-88
-21,-67,-285,495,105,-92
-21,-62,-285,502,109,-97
-18,-65,-287,507,112,-99
-21,-65,-284,512,117,-101
-24,-65,-284,521,119,-106
-22,-65,-280,528,121,-110
-23,-65,-283,534,121,-114
-23,-64,-282,534,121,-115
-21,-64,-286,533,119,-119
-26,-62,-282,534,122,-123
-24,-65,-282,532,123,-127
-25,-66,-277,532,122,-129
-24,-68,-285,535,120,-131
-22,-69,-282,538,116,-132
-17,-75,-282,543,114,-134
-20,-73,-283,548,111,-136
-18,-73,-285,551,113,-139
-21,-69,-283,556,119,-140
-17,-70,-281,554,126,-140
-22,-71,-280,555,133,-139
-18,-77,-280,557,139,-138
-21,-80,-282,560,143,-137
-20,-81,-277,566,144,-135
-18,-84,-279,577,144,-134
-18,-88,-278,588,145,-135
-19,-88,-281,602,148,-136
-22,-89,-281,616,153,-136
-21,-88,-285,626,156,-137
-21,-88,-280,638,162,-138
-16,-92,-283,650,163,-140
-18,-88,-280,660,166,-141
-14,-96,-281,672,169,-140
-12,-96,-275,690,172,-141
-12,-94,-275,710,172,-143
-15,-96,-273,726,173,-147
-15,-95,-276,744,173,-148
-12,-98,-278,764,177,-147
-13,-100,-276,788,181,-145
-12,-103,-278,809,189,-146
-16,-99,-276,822,196,-145
-11,-106,-276,828,201,-143
-11,-107,-275,832,205,-138
-10,-109,-271,832,210,-137
-12,-112,-270,830,218,-133
-15,-111,-273,834,226,-131
-13,-114,-275,834,231,-127
-14,-115,-270,827,232,-124
-9,-117,-268,819,233,-123
-10,-120,-275,814,231,-119
-6,-122,-269,813,230,-118
-8,-126,-267,811,227,-119
-6,-122,-265,813,223,-116
-3,-123,-265,815,217,-113
-5,-125,-268,820,215,-110
-3,-127,-260,827,215,-105
-4,-123,-261,832,218,-103
-3,-127,-266,836,220,-99
0,-130,-261,838,220,-92
1,-129,-261,842,219,-85
-2,-130,-263,843,217,-79
0,-133,-260,846,219,-73
0,-138,-258,848,221,-70
2,-140,-258,852,224,-67
0,-143,-259,857,230,-72
2,-145,-260,863,234,-77
2,-145,-259,870,239,-79
5,-154,-258,873,242,-83
2,-155,-259,873,244,-90
2,-155,-260,873,246,-98
3,-160,-258,875,249,-108
6,-161,-253,880,249,-114
5,-164,-249,888,248,-121
2,-163,-255,899,244,-128
3,-164,-253,909,246,-135
4,-166,-254,924,248,-143
4,-169,-251,936,246,-148
9,-171,-249,949,244,-155
7,-171,-250,963,243,-157
6,-173,-245,976,238,-159
6,-174,-247,990,231,-158
7,-180,-242,1003,226,-157
8,-182,-235,1024,224,-156
8,-179,-241,1052,222,-156
10,-182,-232,1077,215,-155
6,-181,-232,1098,205,-154
6,-183,-230,1122,197,-151
5,-181,-225,1149,193,-149
6,-181,-231,1169,188,-148
6,-186,-226,1183,181,-144
8,-184,-229,1194,177,-143
9,-189,-228,1203,176,-142
6,-186,-226,1207,177,-143
7,-186,-221,1211,179,-142
10,-191,-219,1210,177,-142
9,-187,-220,1208,175,-140
10,-189,-218,1205,171,-142
6,-190,-218,1200,170,-142
9,-191,-217,1194,166,-142
6,-189,-214,1186,160,-142
8,-192,-214,1175,150,-138
11,-192,-212,1164,145,-138
7,-194,-211,1151,144,-137
10,-192,-209,1135,141,-133
12,-194,-209,1119,137,-132
14,-193,-208,1102,134,-130
14,-192,-208,1080,127,-129
17,-197,-209,1060,121,-129
14,-195,-207,1043,113,-132
12,-195,-204,1018,104,-132
15,-194,-209,990,97,-129
13,-195,-201,963,91,-128
16,-201,-200,940,87,-128
15,-202,-202,916,83,-126
18,-207,-196,901,77,-127
17,-205,-197,889,71,-129
15,-208,-192,882,66,-129
13,-209,-189,876,63,-131
14,-210,-193,876,55,-132
14,-213,-191,876,47,-133
15,-216,-187,874,41,-133
14,-217,-190,873,37,-134
14,-218,-190,867,31,-135
11,-218,-190,860,26,-135
13,-218,-189,850,23,-133
15,-218,-182,839,18,-132
15,-215,-187,829,11,-131
14,-217,-187,817,6,-132
12,-217,-183,803,1,-132
17,-219,-185,790,-7,-132
17,-219,-181,776,-12,-129
19,-218,-178,762,-14,-129
17,-220,-181,749,-18,-130
20,-219,-177,740,-22,-129
19,-222,-175,737,-28,-126
20,-219,-175,732,-34,-126
19,-221,-177,726,-43,-126
17,-221,-174,721,-50,-124
23,-222,-174,716,-55,-123
21,-225,-171,717,-57,-118
19,-226,-171,720,-58,-116
21,-228,-167,719,-59,-115
26,-226,-172,719,-59,-118
20,-238,-161,715,-58,-118
27,-231,-169,710,-56,-118
22,-227,-166,702,-54,-118
23,-229,-168,691,-53,-119
21,-229,-160,678,-55,-116
18,-226,-166,662,-60,-112
22,-229,-158,648,-61,-111
22,-228,-165,630,-63,-112
24,-228,-161,612,-62,-111
23,-228,-165,595,-58,-109
22,-228,-161,579,-55,-108
26,-227,-156,566,-53,-106
24,-230,-156,550,-52,-107
23,-228,-155,534,-52,-107
27,-229,-151,522,-49,-106
26,-232,-154,511,-45,-108
30,-232,-151,503,-41,-111
30,-235,-151,496,-36,-116
26,-233,-149,495,-30,-115
32,-238,-156,497,-22,-120
27,-235,-150,498,-13,-120
29,-237,-149,494,-6,-125
26,-236,-148,489,-1,-127
28,-240,-148,485,2,-126
25,-238,-147,480,4,-119
26,-237,-146,481,5,-112
23,-240,-146,481,2,-110
22,-241,-148,479,-5,-107
19,-240,-145,475,-13,-103
22,-238,-147,469,-20,-96
21,-238,-144,459,-25,-91
19,-235,-146,444,-30,-87
23,-234,-143,429,-29,-83
25,-236,-145,417,-26,-75
22,-235,-146,403,-23,-70
26,-238,-139,391,-22,-64
25,-233,-143,384,-21,-56
23,-234,-143,378,-20,-49
26,-233,-145,372,-20,-48
25,-234,-143,364,-16,-49
27,-235,-139,361,-10,-49
27,-235,-138,353,-6,-43
29,-236,-137,344,-1,-38
31,-236,-137,335,1,-33
30,-240,-136,333,0,-31
29,-234,-136,330,-3,-27
29,-237,-134,329,-7,-27
28,-234,-134,328,-13,-28
23,-233,-139,325,-15,-27
26,-237,-132,319,-13,-27
27,-236,-135,310,-6,-32
24,-236,-134,297,6,-35
24,-239,-134,289,23,-41
29,-242,-133,284,41,-41
30,-239,-132,283,58,-43
26,-243,-132,279,64,-53
27,-242,-129,278,65,-61
26,-243,-129,280,65,-71
26,-248,-128,285,63,-81
27,-244,-129,292,62,-85
23,-244,-132,297,60,-85
27,-241,-134,301,58,-83
27,-243,-132,302,53,-80
24,-241,-130,298,46,-76
29,-240,-130,288,41,-71
29,-242,-127,275,36,-68
26,-241,-125,270,39,-66
26,-239,-128,269,45,-66
28,-241,-126,272,49,-66
27,-242,-128,279,49,-65
25,-244,-125,285,48,-68
25,-244,-130,285,45,-69
23,-243,-128,282,44,-66
23,-241,-127,276,43,-59
27,-243,-129,278,43,-54
26,-241,-133,279,45,-51
27,-242,-129,276,48,-51
29,-240,-132,272,54,-49
27,-241,-131,269,60,-49
28,-241,-135,262,61,-49
29,-239,-128,252,67,-47
27,-239,-131,246,74,-46
31,-241,-131,243,82,-50
32,-240,-127,239,84,-54
31,-241,-129,231,85,-58
27,-237,-129,218,88,-59
27,-238,-129,209,94,-55
26,-241,-126,198,99,-47
27,-234,-129,188,102,-38
30,-236,-127,179,103,-27
28,-232,-130,168,105,-23
26,-235,-128,158,100,-25
26,-235,-129,148,99,-27
25,-239,-131,139,94,-24
25,-242,-135,127,89,-22
22,-240,-131,116,79,-22
26,-241,-133,110,71,-17
25,-241,-130,104,68,-12
20,-239,-134,103,66,-9
23,-242,-141,100,63,-8
24,-244,-139,88,58,-9
24,-239,-136,75,54,-12
25,-240,-137,66,55,-11
28,-238,-139,61,60,-7
27,-240,-136,50,66,-7
31,-237,-131,38,73,-10
28,-237,-130,24,81,-16
29,-238,-131,11,89,-22
29,-238,-127,3,98,-31
33,-241,-126,1,103,-38
30,-243,-127,-2,109,-43
33,-245,-129,-1,110,-47
30,-242,-126,-4,109,-44
32,-245,-124,-6,107,-41
31,-242,-121,-10,105,-38
31,-246,-125,-13,105,-40
34,-246,-126,-19,106,-41
31,-245,-124,-28,108,-39
30,-245,-128,-29,117,-37
32,-250,-127,-32,128,-35
31,-252,-128,-35,137,-36
31,-250,-129,-35,145,-37
32,-251,-130,-34,153,-34
33,-254,-129,-30,163,-32
32,-253,-127,-25,172,-28
33,-251,-128,-16,183,-25
33,-254,-129,-9,192,-24
31,-252,-129,1,197,-19
33,-254,-128,12,204,-15
34,-255,-127,24,205,-11
33,-253,-130,37,207,-9
31,-254,-128,47,202,-10
35,-252,-126,60,197,-13
35,-249,-127,69,192,-16
37,-253,-129,74,186,-22
34,-247,-128,72,176,-32
34,-246,-126,72,167,-41
33,-246,-129,64,167,-40
33,-247,-127,60,171,-41
34,-245,-118,57,173,-41
35,-245,-121,58,175,-39
35,-245,-118,58,180,-39
34,-243,-122,60,182,-40
32,-241,-120,58,185,-42
33,-242,-118,49,186,-45
32,-242,-120,41,184,-41
33,-242,-123,39,183,-38
33,-242,-122,30,178,-35
29,-242,-122,16,166,-32
33,-240,-124,1,157,-29
32,-245,-122,-12,150,-23
32,-238,-127,-29,146,-17
33,-242,-125,-42,145,-13
32,-243,-124,-54,144,-9
36,-246,-121,-63,139,-5
31,-241,-121,-66,136,-3
33,-243,-121,-72,133,-3
32,-244,-118,-77,127,-5
37,-247,-121,-79,127,-5
36,-249,-116,-79,128,-7
34,-248,-119,-77,127,-8
33,-252,-116,-73,122,-10
31,-251,-121,-68,115,-13
33,-252,-123,-66,110,-15
32,-251,-122,-64,106,-17
32,-255,-121,-66,105,-19
32,-251,-115,-69,105,-21
30,-255,-118,-69,109,-24
31,-253,-122,-66,116,-27
35,-253,-120,-67,123,-29
30,-249,-122,-67,128,-29
31,-254,-119,-64,132,-29
31,-250,-123,-60,136,-26
33,-252,-121,-57,137,-25
28,-253,-121,-55,131,-26
29,-249,-116,-55,125,-27
30,-250,-118,-51,115,-25
31,-250,-113,-42,104,-22
30,-250,-123,-35,93,-19
31,-247,-121,-33,81,-17
29,-250,-121,-33,70,-12
32,-247,-120,-34,63,-8
30,-247,-120,-37,56,-7
32,-247,-118,-41,51,-6
32,-250,-121,-44,48,-5
36,-251,-118,-46,43,-5
34,-251,-122,-44,41,-5
30,-249,-117,-41,38,-6
35,-249,-119,-37,35,-5
33,-253,-120,-34,33,-6
37,-252,-121,-32,32,-6
38,-251,-116,-32,33,-4
36,-252,-119,-29,34,-2
39,-249,-119,-28,34,-3
38,-249,-119,-26,34,-2
37,-249,-117,-25,35,-1
39,-249,-111,-24,36,0
38,-252,-114,-22,37,0
35,-249,-118,-21,36,1
36,-251,-116,-21,34,2
37,-251,-115,-20,31,3
34,-249,-117,-17,28,5
37,-250,-119,-17,25,6
38,-249,-115,-18,21,8
35,-250,-119,-20,19,7
35,-249,-117,-23,18,9
37,-250,-116,-24,16,11
38,-252,-118,-28,15,10
39,-247,-116,-29,11,12
37,-250,-115,-29,10,11
35,-254,-116,-31,9,11
34,-251,-114,-33,6,5
38,-251,-116,-36,2,-1
37,-250,-116,-34,0,1
35,-250,-114,-30,0,3
38,-247,-116,-26,2,1
39,-249,-115,-23,2,2
36,-249,-118,-23,2,3
40,-250,-115,-22,2,4
37,-250,-115,-22,3,4
37,-249,-115,-22,3,3
36,-248,-117,-24,4,2
42,-254,-115,-23,2,2
39,-248,-116,-24,0,3
38,-254,-117,-28,-1,4
37,-251,-114,-29,-5,5
37,-249,-118,-33,-6,6
35,-249,-118,-39,-9,6
36,-251,-114,-44,-8,6
39,-251,-113,-46,-8,5
36,-251,-116,-44,-8,5
35,-252,-113,-38,-8,4
36,-248,-116,-33,-10,3
34,-248,-119,-30,-14,2
35,-250,-121,-32,-17,3
36,-249,-118,-39,-19,4
36,-249,-121,-44,-19,1
37,-248,-121,-51,-18,2
36,-249,-120,-54,-17,2
33,-249,-118,-60,-16,4
33,-251,-116,-58,-18,4
32,-251,-117,-56,-20,6
32,-252,-116,-54,-21,7
34,-250,-114,-56,-23,7
33,-250,-119,-57,-24,7
33,-251,-118,-66,-28,6
33,-250,-118,-73,-32,9
37,-251,-120,-77,-34,10
37,-253,-122,-84,-38,11
37,-251,-123,-87,-43,11
36,-252,-119,-87,-45,11
34,-249,-119,-88,-46,10
35,-251,-120,-88,-48,11
33,-248,-120,-89,-49,10
36,-253,-119,-90,-50,9
35,-253,-121,-90,-50,8
34,-252,-122,-90,-50,9
35,-251,-118,-90,-49,9
34,-247,-116,-90,-50,7
37,-252,-121,-89,-48,6
38,-250,-120,-88,-47,4
34,-249,-121,-89,-45,4
36,-252,-123,-90,-43,4
37,-249,-123,-89,-42,4
36,-252,-120,-89,-43,2
35,-247,-120,-90,-42,2
36,-251,-121,-90,-42,1
33,-248,-124,-93,-40,0
35,-249,-121,-95,-37,0
37,-252,-117,-96,-38,-1
36,-247,-119,-97,-37,-2
38,-249,-122,-96,-36,-3
40,-253,-121,-95,-36,-3
38,-249,-122,-94,-35,-3
36,-250,-121,-94,-33,-3
35,-248,-122,-95,-31,-4
35,-249,-122,-95,-28,-5
36,-252,-121,-95,-25,-6
36,-250,-117,-94,-22,-7
36,-253,-123,-91,-19,-8
39,-252,-120,-92,-18,-8
36,-250,-122,-92,-15,-8
37,-250,-123,-92,-12,-9
36,-253,-120,-94,-11,-9
37,-249,-122,-93,-11,-9
37,-248,-122,-91,-11,-8
31,-247,-121,-91,-11,-9
37,-250,-120,-93,-12,-9
36,-252,-123,-92,-12,-10
33,-254,-121,-92,-11,-10
35,-250,-119,-92,-12,-9
34,-251,-121,-91,-12,-9
34,-250,-120,-88,-11,-6
32,-251,-120,-87,-11,-5
35,-253,-120,-84,-13,-3
35,-250,-120,-81,-12,-3
32,-247,-120,-80,-12,-3
33,-249,-123,-78,-10,-3
33,-249,-121,-75,-10,-3
34,-250,-118,-76,-10,-5
36,-250,-125,-74,-12,-5
33,-249,-122,-72,-12,-7
31,-249,-120,-72,-12,-7
33,-251,-120,-71,-13,-8
36,-252,-120,-70,-12,-8
36,-250,-120,-69,-11,-10
33,-254,-121,-68,-13,-9
33,-251,-123,-67,-11,-9
36,-254,-121,-65,-11,-9
34,-250,-124,-64,-12,-9
29,-251,-123,-63,-12,-8
34,-252,-121,-61,-10,-7
33,-252,-120,-57,-9,-9
34,-251,-118,-53,-8,-9
32,-251,-122,-51,-5,-10
34,-249,-119,-48,-1,-11
35,-252,-122,-46,3,-14
35,-251,-120,-47,10,-15
36,-250,-123,-47,16,-17
35,-251,-122,-46,18,-18
35,-249,-119,-45,21,-17
35,-249,-118,-43,19,-18
35,-251,-121,-42,17,-18
34,-254,-120,-42,14,-18
34,-248,-122,-42,13,-18
33,-252,-122,-41,10,-17
33,-252,-124,-40,8,-19
31,-251,-121,-40,6,-18
32,-251,-125,-39,7,-17
28,-249,-120,-39,6,-16
37,-251,-123,-39,6,-17
33,-248,-123,-40,5,-17
32,-250,-120,-38,6,-19
32,-250,-121,-39,6,-19
32,-248,-123,-39,4,-18
36,-253,-120,-41,2,-17
33,-249,-119,-41,0,-17
32,-248,-120,-44,-2,-17
34,-249,-122,-46,-4,-18
33,-248,-119,-45,-6,-19
33,-249,-123,-45,-7,-20
33,-249,-117,-48,-8,-21
32,-250,-118,-49,-8,-22
35,-249,-119,-50,-10,-22
32,-250,-123,-52,-13,-21
32,-250,-119,-51,-15,-21
32,-250,-121,-49,-17,-19
34,-250,-118,-49,-19,-19
32,-252,-118,-47,-20,-17
30,-253,-120,-46,-22,-17
40,-251,-111,-45,-25,-16
28,-250,-122,-44,-27,-16
33,-249,-120,-43,-29,-15
33,-252,-117,-42,-31,-13
35,-251,-118,-42,-33,-12
36,-248,-121,-39,-35,-13
35,-249,-120,-40,-35,-15
34,-247,-118,-39,-38,-15
36,-249,-115,-38,-40,-15
34,-250,-120,-37,-41,-15
37,-253,-119,-36,-42,-15
33,-247,-122,-39,-44,-16
36,-252,-122,-38,-45,-15
33,-253,-122,-39,-47,-14
34,-251,-117,-40,-49,-14
31,-249,-120,-40,-51,-13
29,-250,-119,-40,-51,-12
31,-251,-119,-39,-53,-10
35,-254,-120,-37,-55,-11
35,-254,-115,-38,-56,-10
34,-254,-120,-35,-55,-10
35,-253,-118,-35,-56,-9
34,-253,-119,-33,-57,-9
36,-253,-116,-32,-57,-8
37,-250,-122,-30,-58,-10
37,-253,-115,-30,-58,-10
36,-251,-119,-28,-58,-11
33,-253,-116,-29,-59,-12
38,-252,-118,-30,-58,-13
40,-249,-118,-32,-59,-15
33,-248,-117,-36,-58,-15
39,-251,-118,-38,-56,-15
35,-249,-113,-41,-55,-15
37,-250,-113,-40,-53,-16
34,-250,-118,-34,-52,-15
37,-251,-120,-28,-50,-15
37,-250,-119,-23,-52,-13
36,-252,-123,-22,-52,-13
38,-250,-118,-23,-51,-12
36,-249,-119,-30,-47,-11
34,-247,-119,-37,-45,-10
35,-250,-120,-39,-43,-10
34,-252,-118,-39,-42,-8
37,-253,-119,-36,-42,-8
35,-251,-118,-31,-44,-8
35,-253,-119,-27,-45,-8
36,-253,-124,-24,-43,-7
34,-251,-121,-23,-42,-7
38,-252,-116,-22,-41,-9
35,-248,-121,-24,-39,-9
35,-250,-117,-27,-39,-9
35,-250,-119,-30,-40,-7
34,-251,-117,-31,-39,-8
41,-252,-120,-33,-39,-7
35,-252,-118,-32,-40,-7
35,-252,-118,-29,-39,-7
35,-251,-117,-29,-37,-7
35,-251,-122,-27,-37,-6
33,-252,-114,-28,-35,-8
35,-249,-119,-27,-32,-8
34,-251,-116,-28,-31,-8
37,-250,-116,-28,-29,-9
35,-252,-115,-30,-26,-9
34,-250,-118,-31,-24,-9
36,-250,-116,-31,-22,-8
36,-250,-121,-31,-22,-8
36,-251,-118,-29,-23,-8
36,-251,-118,-29,-20,-7
35,-252,-120,-30,-18,-6
35,-253,-119,-29,-18,-6
35,-253,-117,-28,-17,-5
36,-252,-119,-26,-16,-5
35,-250,-117,-25,-16,-5
34,-248,-116,-24,-16,-5
34,-251,-114,-24,-16,-5
34,-247,-117,-24,-15,-6
36,-249,-114,-26,-15,-7
36,-251,-117,-27,-13,-6
36,-254,-117,-29,-11,-5
36,-252,-114,-28,-11,-4
35,-252,-119,-29,-10,-6
33,-250,-118,-28,-10,-5
34,-248,-115,-30,-10,-6
31,-250,-115,-31,-9,-6
37,-254,-113,-32,-9,-6
34,-252,-118,-32,-8,-6
33,-250,-117,-32,-7,-5
36,-252,-117,-31,-7,-7
35,-249,-114,-29,-4,-6
30,-251,-117,-27,-3,-7
33,-251,-117,-29,-3,-8
33,-251,-114,-26,0,-8
35,-250,-117,-29,0,-7
33,-252,-118,-28,0,-7
35,-251,-116,-28,1,-8
36,-253,-117,-30,1,-7
33,-250,-120,-33,2,-8
33,-252,-120,-33,2,-9
31,-249,-118,-35,2,-8
34,-254,-116,-35,2,-7
37,-252,-122,-36,1,-6
33,-249,-117,-37,2,-5
35,-249,-117,-38,0,-7
36,-249,-119,-39,1,-7
34,-249,-118,-41,2,-8
35,-250,-114,-43,3,-9
35,-252,-116,-43,3,-10
37,-249,-121,-44,4,-10
35,-250,-116,-46,6,-11
32,-253,-114,-47,6,-10
36,-253,-117,-46,4,-8
34,-252,-117,-45,6,-9
37,-252,-117,-42,6,-9
33,-250,-117,-41,5,-9
33,-251,-118,-39,6,-8
32,-251,-118,-40,8,-9
36,-250,-118,-42,8,-8
35,-251,-116,-45,8,-9
34,-250,-113,-48,8,-7
34,-251,-118,-50,7,-7
32,-249,-119,-52,6,-7
31,-249,-115,-52,6,-6
33,-250,-116,-50,6,-7
33,-252,-117,-53,4,-7
33,-251,-116,-54,3,-6
32,-250,-116,-54,2,-5
34,-251,-118,-56,1,-6
35,-251,-117,-56,2,-6
32,-252,-117,-57,2,-4
35,-248,-118,-56,2,-4
33,-252,-115,-56,3,-5
33,-253,-116,-54,2,-3
34,-251,-119,-54,2,-6
34,-250,-121,-54,4,-6
34,-252,-117,-54,5,-7
36,-250,-119,-56,4,-8
31,-248,-118,-58,4,-7
34,-250,-120,-59,5,-7
32,-253,-117,-58,3,-5
33,-252,-116,-59,3,-3
31,-248,-112,-60,3,-2
36,-250,-114,-59,3,0
33,-248,-112,-58,2,1
33,-250,-115,-57,2,1
34,-251,-117,-57,2,1
35,-250,-118,-55,4,0
34,-251,-114,-54,2,1
35,-254,-114,-52,2,1
36,-252,-115,-53,5,0
36,-253,-114,-51,5,0
36,-253,-118,-49,4,0
33,-252,-109,-45,4,0
34,-255,-115,-47,4,0
33,-251,-117,-45,4,1
31,-252,-115,-44,3,1
32,-254,-116,-42,2,3
35,-253,-114,-43,3,3
32,-252,-114,-44,3,4
34,-250,-116,-43,3,3
33,-252,-115,-40,3,4
33,-254,-118,-40,2,5
32,-252,-117,-39,2,4
36,-254,-118,-41,0,5
35,-251,-117,-40,2,4
32,-252,-119,-43,3,4
31,-250,-115,-45,3,4
31,-252,-118,-46,2,4
34,-254,-116,-47,4,3
35,-252,-114,-46,4,3
31,-249,-117,-47,5,2
34,-254,-116,-47,5,1
32,-251,-118,-48,7,0
32,-252,-113,-46,8,1
23,-252,-124,-40,9,0
35,-251,-113,-33,11,-1
34,-253,-114,-28,10,0
32,-253,-115,-28,10,2
32,-249,-119,-29,11,1
32,-251,-117,-35,14,4
35,-250,-117,-40,16,4
28,-252,-117,-45,17,3
33,-252,-119,-48,18,2
32,-250,-111,-47,20,2
32,-251,-115,-45,22,2
33,-254,-109,-38,20,1
35,-253,-116,-31,19,1
31,-251,-111,-29,19,-1
34,-252,-117,-29,19,-1
33,-252,-114,-31,21,-1
32,-251,-119,-31,22,0
31,-253,-119,-34,22,0
31,-252,-117,-35,24,1
32,-252,-114,-36,25,1
31,-253,-119,-38,26,1
34,-251,-117,-39,26,2
34,-251,-120,-39,26,3
33,-252,-117,-41,25,3
37,-252,-116,-41,26,2
33,-251,-116,-41,28,1
31,-250,-118,-43,28,1
31,-252,-117,-46,29,0
33,-248,-117,-46,31,0
30,-252,-115,-47,31,0
33,-252,-116,-48,30,-1
31,-251,-117,-46,29,-2
34,-253,-116,-44,29,0
30,-250,-117,-44,31,0
31,-254,-120,-44,30,0
33,-251,-115,-42,31,0
31,-252,-118,-42,30,1
32,-254,-119,-43,31,1
33,-250,-112,-44,32,-2
34,-254,-116,-45,33,-2
30,-253,-115,-46,34,-1
33,-251,-114,-49,36,-4
33,-252,-120,-50,36,-2
33,-251,-118,-52,36,-3
31,-251,-116,-52,36,-2
34,-251,-118,-49,35,-2
30,-248,-115,-49,34,-1
33,-254,-115,-49,34,-2
35,-251,-115,-47,33,-2
30,-248,-118,-46,33,-2
31,-251,-118,-47,33,-2

