-.-.-
22,-248,-83,-110,69,-2
23,-249,-79,-107,69,-2
29,-247,-81,-106,70,-2
25,-246,-79,-103,71,-2
25,-248,-80,-101,73,-1
16,-245,-84,-99,77,-2
25,-245,-80,-96,79,-4
26,-247,-79,-94,80,-2
26,-247,-78,-92,81,-3
26,-247,-74,-94,83,-3
24,-248,-80,-95,83,-6
22,-244,-76,-94,83,-5
24,-247,-77,-91,85,-8
24,-249,-81,-88,85,-7
26,-248,-83,-82,83,-6
23,-246,-82,-76,83,-7
27,-248,-79,-72,84,-7
24,-244,-81,-68,86,-4
28,-246,-78,-64,87,-3
24,-246,-80,-61,88,-3
26,-246,-81,-56,88,-1
26,-246,-81,-51,87,0
23,-245,-78,-48,87,1
25,-245,-79,-46,86,1
24,-246,-80,-47,85,2
27,-250,-81,-48,81,2
23,-241,-79,-51,78,3
24,-246,-80,-59,75,1
24,-242,-81,-65,75,0
23,-245,-77,-69,77,0
23,-245,-79,-74,77,0
26,-248,-84,-79,77,-1
23,-244,-80,-83,78,-7
23,-245,-76,-84,79,-2
25,-247,-79,-82,79,-2
25,-246,-78,-78,81,-2
24,-248,-80,-77,83,-3
24,-245,-79,-73,84,-2
25,-243,-81,-71,82,-1
25,-244,-78,-69,81,-2
23,-242,-77,-70,81,-1
25,-245,-79,-73,79,-1
25,-244,-79,-77,78,-2
27,-243,-82,-82,76,-3
24,-243,-82,-88,74,-6
22,-245,-81,-88,68,-4
26,-246,-82,-84,65,-4
26,-246,-83,-78,63,-2
29,-244,-77,-74,62,-2
23,-245,-85,-69,60,-3
23,-244,-83,-65,61,-3
26,-245,-84,-61,64,-2
23,-245,-80,-58,64,-4
23,-247,-84,-55,65,-4
21,-247,-84,-53,67,-4
22,-246,-84,-54,69,-7
22,-244,-81,-53,70,-6
21,-247,-84,-50,68,-5
21,-245,-85,-48,68,-5
24,-243,-85,-47,68,-4
24,-243,-84,-45,67,-5
24,-242,-84,-43,67,-7
25,-242,-84,-43,65,-7
25,-240,-83,-44,65,-5
29,-244,-86,-48,64,-6
25,-242,-82,-56,63,-11
24,-240,-84,-62,61,-8
24,-241,-81,-65,59,-6
25,-236,-80,-68,58,-5
28,-244,-83,-74,57,-5
31,-239,-76,-78,55,-5
24,-241,-84,-83,55,-2
24,-240,-83,-87,56,-3
28,-240,-85,-91,56,-4
24,-242,-83,-93,56,-3
25,-244,-81,-95,56,-4
25,-243,-82,-96,55,-6
26,-245,-83,-96,54,-5
30,-246,-80,-95,54,-7
29,-247,-82,-94,57,-6
26,-246,-78,-93,57,-6
25,-246,-80,-89,58,-5
26,-247,-83,-86,62,-6
27,-247,-76,-83,62,-4
27,-245,-80,-79,64,-4
25,-246,-82,-74,66,-3
26,-248,-82,-71,68,-2
25,-248,-83,-66,68,-1
27,-244,-81,-63,69,-3
24,-244,-81,-57,70,-3
26,-246,-81,-55,71,-1
26,-247,-81,-53,74,-3
23,-249,-84,-51,74,-3
27,-245,-82,-50,76,-4
24,-247,-82,-50,78,-3
26,-248,-85,-47,78,-3
25,-247,-82,-44,79,-3
25,-247,-80,-42,81,-3
27,-248,-83,-39,81,-2
24,-247,-83,-37,81,-2
23,-245,-82,-33,81,0
26,-246,-84,-30,82,0
27,-244,-86,-27,79,-1
27,-246,-82,-26,78,-1
26,-244,-81,-25,77,-1
26,-244,-81,-24,77,0
24,-243,-81,-24,74,-1
25,-242,-84,-24,73,-2
25,-240,-84,-26,74,-2
23,-241,-83,-28,70,1
22,-244,-82,-31,70,1
28,-247,-82,-34,66,0
24,-244,-84,-38,66,-2
23,-241,-84,-42,64,-2
22,-241,-83,-42,63,0
25,-243,-84,-40,63,-1
22,-244,-84,-36,64,-2
27,-241,-85,-34,64,-1
22,-246,-84,-32,64,-1
24,-245,-87,-30,64,0
24,-242,-86,-28,62,0
23,-245,-86,-27,62,1
21,-244,-85,-26,63,-1
22,-243,-87,-25,63,0
22,-242,-88,-25,64,0
21,-243,-86,-25,66,-1
24,-243,-85,-25,66,-2
21,-245,-84,-23,66,-2
26,-245,-82,-19,64,-2
23,-244,-85,-17,62,-2
28,-242,-84,-15,59,-3
23,-244,-84,-15,56,-5
27,-242,-86,-15,55,-5
27,-243,-86,-17,52,-7
24,-244,-86,-19,52,-7
19,-241,-87,-20,48,-7
20,-242,-86,-22,46,-6
21,-243,-88,-25,44,-8
22,-243,-85,-28,41,-9
20,-242,-84,-28,40,-11
19,-240,-84,-24,39,-11
22,-246,-80,-18,39,-10
22,-243,-85,-12,40,-11
23,-244,-84,-8,39,-11
22,-242,-84,-6,37,-10
21,-242,-84,-7,35,-12
22,-245,-84,-11,31,-12
24,-243,-83,-16,29,-12
25,-242,-84,-18,27,-12
23,-242,-85,-20,23,-11
26,-246,-84,-17,20,-13
27,-245,-85,-13,20,-15
25,-243,-85,-9,17,-13
27,-248,-87,-5,16,-12
29,-247,-87,-4,17,-12
28,-245,-82,-4,20,-12
27,-245,-87,-5,23,-12
27,-245,-81,-6,24,-13
28,-245,-84,-7,24,-11
27,-245,-85,-7,25,-11
26,-246,-88,-7,26,-10
31,-245,-84,-5,26,-9
28,-245,-85,0,29,-9
31,-247,-86,5,32,-8
29,-246,-85,10,36,-8
31,-247,-88,15,39,-7
26,-246,-89,17,43,-7
30,-245,-89,17,49,-6
29,-245,-89,17,53,-4
29,-242,-86,15,58,-3
33,-245,-87,13,64,-1
31,-240,-83,13,71,-1
28,-240,-87,11,76,-1
34,-243,-84,10,78,0
30,-243,-88,8,83,-1
30,-239,-88,6,87,0
30,-245,-83,7,94,1
33,-244,-78,9,100,3
40,-250,-84,16,107,3
32,-244,-85,21,114,5
32,-247,-83,28,119,5
29,-242,-83,34,122,6
30,-241,-85,38,129,8
29,-242,-87,37,134,10
33,-243,-83,35,139,13
27,-242,-83,35,142,13
31,-239,-84,34,146,14
28,-244,-83,34,152,14
26,-242,-82,33,157,13
28,-243,-82,29,162,11
26,-241,-81,26,167,11
24,-245,-80,21,172,12
23,-246,-83,16,175,10
24,-245,-84,12,178,11
24,-246,-83,11,180,11
21,-248,-86,15,179,13
20,-246,-85,17,180,14
18,-245,-82,21,179,14
22,-246,-86,23,176,15
19,-245,-84,26,172,17
23,-248,-83,25,170,18
20,-245,-83,25,165,19
23,-244,-84,24,160,20
20,-244,-82,24,154,20
22,-244,-80,29,148,22
22,-247,-83,34,142,22
22,-245,-83,42,138,21
22,-246,-82,47,134,19
23,-244,-83,49,132,19
25,-244,-82,52,130,18
21,-246,-82,56,127,15
24,-246,-82,57,125,17
23,-247,-80,58,123,17
21,-246,-83,61,119,16
23,-246,-83,62,115,16
22,-247,-84,62,113,11
19,-249,-82,63,109,8
20,-247,-83,67,107,5
19,-247,-84,72,104,6
16,-246,-83,79,99,7
17,-247,-80,84,95,6
23,-247,-84,87,89,5
23,-240,-82,87,87,6
18,-245,-83,87,86,7
19,-240,-82,89,85,8
21,-244,-82,90,84,7
24,-246,-82,94,83,7
19,-243,-83,97,82,6
21,-243,-84,96,80,6
22,-243,-84,93,76,5
22,-241,-83,89,71,4
23,-240,-82,85,64,3
23,-242,-81,79,58,3
22,-244,-83,77,56,1
23,-244,-79,75,55,0
24,-247,-77,75,52,-1
22,-245,-79,76,51,-2
25,-247,-80,79,49,-2
23,-247,-81,80,48,-1
26,-247,-78,82,45,-2
22,-247,-82,82,42,-4
23,-246,-80,79,40,-4
23,-247,-82,77,38,-6
24,-245,-79,75,34,-5
31,-241,-82,75,33,-4
21,-244,-81,78,32,-5
25,-246,-80,82,32,-6
25,-245,-80,88,31,-5
25,-247,-80,89,31,-4
25,-245,-82,90,35,-2
25,-245,-79,89,35,-2
25,-248,-83,88,35,-2
27,-245,-78,85,36,-1
25,-247,-80,84,40,-2
26,-247,-82,81,44,-4
27,-247,-80,79,48,-2
26,-245,-77,81,49,-1
23,-247,-77,84,51,-3
24,-244,-75,86,54,-3
24,-246,-75,87,55,-1
23,-245,-79,88,51,-2
24,-246,-75,90,50,-2
26,-245,-79,89,49,-2
25,-246,-76,89,52,-1
27,-246,-75,85,50,-1
27,-244,-76,81,51,-1
29,-243,-74,74,53,-1
24,-244,-75,70,53,0
26,-247,-76,67,54,1
26,-248,-77,66,56,1
26,-247,-78,69,59,0
27,-248,-76,76,62,1
24,-245,-76,82,65,2
28,-247,-78,88,68,3
26,-247,-78,90,69,5
25,-245,-79,89,74,8
28,-247,-78,89,75,7
21,-246,-84,88,75,8
24,-246,-77,85,77,7
26,-247,-78,83,78,8
25,-245,-77,80,79,9
25,-243,-75,77,79,7
22,-244,-70,73,76,6
22,-244,-73,70,77,5
23,-244,-72,66,76,3
24,-248,-75,61,77,2
21,-246,-70,58,77,1
20,-246,-75,54,76,0
23,-246,-77,51,76,0
21,-247,-72,49,75,-1
20,-245,-74,50,76,-2
22,-244,-74,50,78,-1
21,-246,-72,49,76,0
18,-243,-74,46,75,-2
23,-247,-71,41,74,-1
23,-245,-71,36,70,0
20,-246,-72,31,66,-2
17,-245,-75,25,63,-2
22,-246,-74,19,57,-3
22,-246,-69,15,55,-3
22,-248,-79,13,50,-3
23,-246,-74,11,47,-3
25,-248,-75,10,44,-2
21,-246,-73,11,43,-4
20,-248,-73,13,42,-3
22,-249,-76,14,40,-6
22,-248,-73,18,39,-5
21,-246,-70,18,40,-6
23,-247,-72,18,44,-4
20,-246,-73,17,45,-5
24,-248,-72,15,46,-8
22,-248,-74,10,46,-8
26,-250,-73,11,46,-9
21,-247,-72,11,43,-8
21,-249,-71,13,40,-9
23,-244,-75,14,39,-9
23,-245,-72,14,39,-8
22,-247,-75,15,37,-8
22,-247,-75,15,37,-8
21,-246,-73,16,36,-8
24,-245,-75,16,34,-6
22,-247,-72,16,34,-8
24,-247,-72,14,35,-10
26,-250,-74,15,34,-10
21,-247,-68,18,34,-10
20,-247,-71,20,35,-11
21,-246,-72,21,35,-11
22,-245,-68,23,34,-8
23,-248,-72,19,37,-10
24,-247,-70,16,38,-8
21,-250,-63,13,40,-7
21,-247,-72,11,41,-9
19,-246,-67,9,41,-11
23,-244,-73,6,40,-11
24,-246,-71,5,40,-8
23,-247,-73,6,40,-8
26,-249,-70,5,41,-5
24,-247,-68,2,41,-5
23,-248,-71,2,43,-5
26,-247,-75,2,44,-3
26,-249,-71,1,46,-2
24,-249,-76,1,48,-2
23,-248,-73,2,50,-1
26,-248,-75,1,51,-6
26,-247,-73,4,52,-6
27,-248,-69,10,56,-3
27,-247,-72,15,57,-3
24,-247,-75,13,58,-6
24,-248,-72,7,60,-7
21,-247,-72,3,59,-6
26,-247,-70,-3,59,-6
23,-247,-72,-3,60,-3
25,-247,-72,-3,61,-2
24,-248,-70,0,63,-2
25,-248,-72,1,67,-1
22,-248,-74,4,67,-3
21,-247,-71,3,67,-1
22,-250,-72,4,68,-1
26,-251,-71,5,69,-1
26,-249,-74,7,70,-1
25,-249,-68,7,73,0
22,-249,-69,8,75,0
25,-248,-74,9,79,1
25,-248,-69,11,81,0
24,-248,-73,11,82,1
25,-249,-69,11,82,0
26,-249,-68,13,83,-1
26,-250,-70,15,85,-1
27,-250,-66,17,84,0
23,-248,-71,20,84,0
25,-248,-68,22,85,-2
25,-248,-73,24,85,-1
26,-249,-69,24,86,-1
23,-247,-67,24,87,0
22,-246,-68,22,87,0
30,-243,-75,20,87,1
24,-246,-68,17,86,1
24,-248,-68,16,85,1
21,-247,-65,16,85,0
22,-247,-70,13,84,1
23,-248,-69,13,82,1
25,-248,-72,10,81,1
25,-247,-71,8,81,0
23,-249,-74,7,81,0
22,-249,-66,8,83,1
25,-248,-68,8,84,-1
20,-248,-69,12,87,0
25,-249,-67,14,88,0
22,-247,-71,17,89,1
19,-249,-69,16,89,3
23,-248,-73,14,86,4
23,-248,-68,14,85,1
23,-248,-66,14,83,-1
21,-249,-65,14,82,-1
26,-248,-69,12,79,-1
21,-249,-69,9,76,0
23,-246,-69,6,78,-1
24,-250,-64,3,76,-1
22,-247,-67,-1,77,-1
20,-247,-70,-7,78,-1
24,-247,-66,-10,76,0
23,-249,-68,-14,73,-1
23,-248,-65,-14,72,1
22,-247,-66,-14,70,0
22,-248,-72,-16,66,-2
23,-247,-71,-16,65,-1
23,-247,-70,-18,64,0
17,-250,-66,-23,62,0
20,-246,-68,-27,59,0
23,-247,-69,-30,56,0
23,-249,-69,-31,55,1
21,-248,-69,-30,54,1
26,-249,-69,-30,55,3
23,-250,-67,-30,55,2
23,-249,-64,-29,56,3
24,-249,-70,-29,57,5
23,-248,-67,-29,60,4
25,-249,-68,-30,61,2
24,-249,-71,-31,62,3
22,-249,-69,-31,64,3
24,-252,-68,-31,67,3
23,-249,-69,-32,68,5
27,-250,-72,-32,68,5
23,-249,-70,-32,68,6
24,-250,-69,-30,68,6
26,-247,-67,-27,68,6
21,-247,-67,-25,65,6
22,-249,-70,-26,65,6
22,-248,-71,-28,63,5
22,-248,-73,-33,58,4
18,-246,-73,-41,54,3
22,-247,-74,-48,50,-1
21,-248,-79,-55,48,-2
23,-249,-77,-57,44,-3
23,-248,-73,-56,43,-4
23,-247,-72,-51,43,-5
26,-246,-76,-45,41,-4
23,-249,-78,-44,38,-2
22,-251,-77,-52,33,0
21,-249,-78,-60,29,1
20,-252,-80,-71,25,2
16,-248,-79,-80,17,4
16,-247,-82,-86,9,3
17,-247,-82,-89,-2,3
16,-246,-83,-90,-10,1
17,-247,-81,-90,-15,0
16,-244,-78,-92,-18,-2
18,-247,-76,-97,-19,-5
18,-241,-72,-105,-20,-7
19,-244,-74,-114,-22,-10
20,-240,-78,-124,-20,-13
23,-241,-78,-135,-18,-16
21,-242,-78,-144,-16,-19
22,-242,-78,-156,-12,-22
20,-243,-80,-168,-9,-25
18,-243,-82,-183,-9,-27
17,-240,-81,-198,-9,-30
18,-242,-82,-213,-11,-32
18,-246,-81,-226,-16,-33
17,-245,-79,-236,-19,-32
16,-247,-81,-243,-20,-31
16,-245,-83,-246,-20,-28
16,-247,-78,-244,-22,-23
16,-244,-82,-241,-23,-21
19,-248,-81,-233,-25,-17
17,-244,-81,-222,-26,-13
21,-241,-83,-208,-24,-10
19,-240,-84,-193,-21,-6
17,-240,-89,-181,-17,-1
18,-239,-91,-176,-12,2
20,-233,-90,-177,-8,6
21,-231,-95,-189,0,14
23,-230,-98,-207,6,19
22,-231,-95,-226,16,24
24,-228,-95,-244,25,30
25,-230,-98,-259,33,36
31,-228,-101,-266,41,40
25,-230,-100,-271,47,46
27,-231,-99,-272,52,51
27,-232,-98,-273,59,55
27,-232,-101,-274,62,57
28,-233,-102,-274,68,60
27,-229,-104,-273,71,67
29,-230,-107,-271,74,74
24,-228,-109,-268,79,79
23,-225,-106,-266,80,87
20,-225,-106,-261,82,93
18,-219,-105,-256,81,103
17,-217,-100,-250,79,109
18,-214,-100,-244,78,118
20,-211,-98,-240,80,124
15,-202,-96,-238,85,134
17,-199,-97,-240,87,143
16,-196,-94,-249,85,152
16,-190,-96,-264,84,160
17,-187,-93,-285,81,166
14,-183,-94,-308,73,172
13,-184,-95,-330,65,177
13,-182,-96,-356,53,179
13,-182,-92,-392,37,175
9,-184,-92,-431,18,170
11,-187,-91,-468,0,161
10,-187,-91,-501,-19,150
10,-188,-89,-530,-41,140
10,-186,-85,-549,-61,127
11,-189,-89,-575,-79,116
12,-190,-84,-600,-94,102
13,-185,-86,-624,-108,85
9,-190,-84,-642,-118,70
14,-192,-82,-653,-123,59
18,-194,-73,-652,-124,45
24,-198,-70,-643,-114,36
30,-204,-63,-626,-95,25
31,-200,-65,-610,-64,9
35,-205,-64,-601,-30,-5
36,-205,-63,-600,4,-20
39,-208,-63,-604,32,-35
36,-204,-67,-609,54,-51
34,-203,-71,-614,67,-67
30,-202,-72,-618,71,-85
28,-200,-76,-623,67,-99
22,-196,-80,-628,61,-113
22,-194,-83,-633,53,-118
21,-197,-88,-638,48,-118
20,-197,-89,-644,48,-117
15,-197,-89,-653,47,-111
15,-197,-93,-666,49,-97
14,-197,-100,-680,51,-82
10,-196,-101,-695,48,-73
9,-194,-98,-703,41,-61
7,-188,-103,-710,30,-48
1,-184,-101,-726,12,-32
3,-181,-106,-751,-9,-19
4,-182,-101,-777,-34,-9
4,-181,-97,-794,-58,-2
4,-177,-90,-796,-76,5
7,-180,-89,-779,-87,7
8,-178,-86,-750,-96,13
9,-183,-89,-715,-105,15
8,-183,-85,-684,-113,15
9,-183,-88,-666,-126,15
15,-184,-87,-647,-136,19
20,-185,-87,-632,-139,22
21,-185,-94,-620,-137,17
21,-187,-95,-614,-130,13
19,-186,-101,-624,-121,12
20,-188,-99,-639,-119,14
22,-194,-104,-653,-119,19
16,-192,-99,-664,-118,22
19,-201,-99,-667,-116,28
13,-200,-103,-665,-114,42
11,-202,-103,-661,-110,53
13,-198,-109,-661,-110,66
12,-197,-108,-667,-106,75
5,-190,-115,-672,-103,88
10,-192,-121,-686,-104,102
8,-189,-124,-707,-103,103
12,-188,-125,-728,-95,103
14,-188,-127,-737,-79,101
11,-185,-132,-739,-53,99
14,-185,-133,-734,-22,94
11,-181,-138,-733,12,93
13,-181,-133,-726,40,93
14,-182,-140,-721,66,86
17,-179,-136,-718,88,78
17,-178,-138,-718,102,73
13,-178,-140,-720,116,67
11,-175,-140,-725,122,56
10,-178,-141,-726,123,43
13,-177,-140,-721,117,29
11,-177,-142,-714,107,15
8,-179,-139,-712,95,4
10,-182,-139,-711,81,-2
10,-184,-136,-712,69,-7
12,-188,-143,-714,63,-13
5,-189,-136,-717,58,-24
6,-196,-139,-718,53,-29
7,-197,-139,-715,43,-29
8,-199,-141,-710,34,-26
12,-200,-144,-695,33,-28
7,-202,-140,-681,35,-34
5,-204,-142,-669,34,-38
-1,-202,-140,-657,31,-44
-6,-201,-145,-644,15,-31
-3,-203,-145,-636,-14,-21
-1,-196,-142,-628,-41,-17
-5,-197,-143,-615,-58,-7
0,-196,-144,-604,-63,14
0,-199,-143,-589,-61,31
5,-196,-141,-577,-57,45
4,-194,-141,-559,-55,50
9,-197,-143,-543,-58,48
5,-195,-148,-534,-68,45
14,-195,-145,-532,-84,42
16,-198,-148,-540,-103,33
17,-196,-150,-553,-114,24
23,-200,-147,-565,-114,15
23,-196,-152,-574,-104,3
25,-199,-149,-577,-86,1
28,-198,-153,-577,-56,-7
26,-201,-156,-572,-23,-15
25,-203,-157,-570,6,-22
19,-206,-151,-566,29,-23
12,-208,-158,-560,46,-23
14,-203,-157,-552,54,-30
10,-207,-157,-539,56,-39
9,-213,-159,-527,52,-45
7,-214,-162,-521,38,-40
6,-217,-163,-512,23,-41
4,-215,-157,-499,15,-46
4,-212,-160,-474,12,-52
7,-215,-159,-452,15,-56
6,-214,-163,-430,27,-55
11,-214,-167,-407,57,-51
12,-214,-169,-391,89,-52
16,-217,-168,-382,119,-52
16,-212,-169,-377,135,-54
19,-210,-172,-373,143,-53
19,-207,-171,-371,147,-57
22,-205,-170,-363,149,-62
25,-201,-171,-346,152,-67
22,-203,-177,-317,154,-71
18,-202,-179,-309,137,-69
18,-204,-174,-307,113,-56
12,-202,-178,-298,89,-45
10,-202,-183,-285,58,-28
13,-207,-182,-267,31,-14
10,-207,-178,-246,14,-8
8,-207,-183,-223,5,1
5,-205,-182,-204,-3,10
1,-208,-184,-186,-7,19
4,-207,-183,-168,-8,31
4,-205,-189,-151,-5,41
4,-207,-183,-136,-4,57
7,-209,-187,-123,-2,71
7,-204,-187,-110,5,78
11,-205,-191,-92,18,90
14,-205,-188,-76,34,101
9,-203,-190,-63,54,108
11,-206,-191,-59,62,115
13,-203,-196,-64,62,121
19,-204,-200,-70,62,124
19,-201,-193,-72,62,126
22,-200,-199,-68,69,126
21,-202,-203,-58,83,123
25,-202,-198,-54,102,123
19,-205,-205,-57,119,127
11,-206,-208,-59,130,122
5,-207,-206,-58,130,121
2,-208,-206,-51,117,117
2,-210,-209,-40,104,119
1,-205,-212,-32,94,123
-1,-204,-213,-24,94,129
-3,-202,-214,-13,96,132
-7,-202,-212,0,92,129
-4,-201,-215,15,68,124
-1,-201,-216,20,39,112
1,-200,-219,18,13,101
6,-204,-214,16,2,92
5,-204,-215,13,3,86
10,-201,-219,11,20,80
17,-202,-218,8,53,80
15,-202,-218,1,89,82
17,-203,-220,-13,113,85
21,-205,-217,-29,127,86
21,-201,-218,-46,128,85
16,-204,-216,-61,121,82
12,-202,-218,-75,109,79
9,-200,-215,-84,90,76
11,-205,-218,-91,68,74
8,-206,-217,-99,53,70
4,-207,-220,-99,40,69
1,-207,-218,-93,31,68
0,-206,-220,-88,20,67
0,-206,-215,-83,7,67
-5,-206,-213,-78,-8,66
-9,-208,-214,-67,-23,62
-9,-207,-210,-53,-39,57
-9,-204,-206,-38,-57,54
-8,-207,-209,-23,-76,52
-15,-204,-198,-5,-86,51
-2,-203,-206,7,-90,51
-5,-201,-208,15,-91,53
-5,-195,-206,15,-90,56
-4,-195,-207,7,-90,58
-4,-190,-204,-5,-86,55
2,-192,-203,-18,-90,52
1,-197,-200,-28,-95,44
0,-194,-200,-36,-95,36
0,-193,-201,-47,-96,26
1,-192,-196,-54,-93,22
5,-198,-202,-54,-77,19
6,-198,-202,-48,-49,21
6,-196,-202,-45,-16,24
3,-193,-202,-47,13,28
4,-193,-203,-50,32,34
4,-195,-206,-58,43,35
1,-190,-200,-69,44,34
-2,-192,-200,-76,40,31
-2,-195,-197,-76,38,28
-1,-199,-195,-70,32,30
0,-199,-195,-60,32,24
-4,-202,-196,-46,32,21
-2,-200,-192,-29,30,16
0,-200,-192,-14,26,7
-6,-199,-189,2,19,0
-4,-198,-190,13,11,-9
-6,-198,-188,22,2,-13
-9,-192,-190,26,-3,-17
-9,-188,-192,24,-3,-22
-11,-186,-197,20,-3,-28
-12,-189,-193,20,-3,-33
-12,-189,-196,27,-4,-36
-12,-190,-198,35,-4,-39
-6,-189,-197,44,-4,-43
-3,-190,-202,53,-4,-45
0,-186,-204,65,0,-42
3,-185,-204,74,6,-41
2,-186,-201,80,10,-38
1,-185,-205,86,15,-33
3,-183,-208,89,19,-31
3,-183,-207,83,26,-33
3,-186,-210,76,36,-32
1,-182,-210,73,43,-29
0,-187,-207,74,44,-22
-1,-189,-210,79,43,-11
-4,-189,-210,83,44,-3
-5,-191,-204,91,44,3
-5,-194,-211,101,40,6
-7,-190,-207,109,34,11
-6,-190,-208,117,28,13
-5,-193,-207,124,21,15
-6,-192,-207,131,13,20
-11,-192,-214,138,5,20
-5,-192,-213,143,-7,23
-6,-190,-212,146,-14,23
-6,-196,-211,151,-13,24
-6,-198,-209,151,-12,28
-8,-196,-208,151,-10,27
-7,-199,-209,156,-8,27
-9,-197,-210,161,-5,27
-8,-192,-208,165,-2,23
-4,-196,-209,166,4,21
-7,-193,-210,166,13,21
-8,-195,-210,164,20,18
-10,-190,-199,160,29,17
-8,-192,-206,158,36,18
-10,-189,-202,154,40,16
-11,-190,-202,146,44,14
-8,-192,-204,138,46,13
-9,-191,-206,127,47,13
-7,-191,-201,118,48,10
-7,-191,-203,112,47,8
-6,-194,-206,106,45,3
-3,-192,-202,98,44,-1
-1,-194,-202,92,46,-8
-2,-195,-201,87,49,-13
1,-196,-205,82,60,-18
0,-197,-203,80,74,-19
3,-198,-202,79,87,-20
1,-199,-199,77,99,-23
0,-201,-199,74,110,-23
-1,-199,-202,73,118,-24
-2,-202,-198,75,119,-25
-1,-201,-200,79,117,-26
-3,-201,-200,87,113,-27
-3,-198,-189,96,108,-29
0,-195,-195,105,104,-28
-2,-189,-195,116,103,-27
0,-189,-193,124,103,-24
0,-187,-190,129,102,-20
0,-184,-190,132,103,-18
0,-184,-192,131,99,-16
-3,-183,-191,130,93,-15
-3,-184,-190,125,88,-12
-5,-182,-185,116,81,-10
-3,-181,-187,106,74,-11
-4,-182,-183,96,66,-9
-7,-183,-185,85,57,-7
-2,-180,-188,77,52,-6
-7,-183,-189,68,46,-5
-2,-181,-186,59,37,-7
-2,-181,-185,52,28,-12
-1,-182,-187,44,17,-16
-2,-181,-187,34,2,-20
-2,-184,-186,22,-15,-25
0,-185,-183,8,-30,-30
1,-183,-184,-3,-42,-34
3,-185,-186,-11,-48,-42
3,-187,-184,-14,-50,-49
2,-189,-181,-11,-45,-54
2,-190,-183,-6,-36,-58
1,-191,-180,1,-25,-60
1,-192,-184,9,-16,-63
1,-188,-182,17,-7,-64
1,-186,-184,25,1,-66
2,-188,-182,33,7,-65
0,-190,-181,38,14,-65
2,-189,-180,42,21,-66
-2,-187,-184,45,25,-66
0,-188,-181,45,26,-67
-3,-185,-182,44,27,-65
-4,-186,-180,37,25,-64
-3,-185,-177,31,25,-62
-4,-186,-180,27,25,-60
0,-186,-177,24,22,-59
-1,-184,-180,26,22,-56
-2,-186,-175,29,21,-56
-1,-186,-173,31,21,-54
-4,-183,-175,32,19,-53
0,-184,-175,31,15,-53
-6,-179,-175,28,10,-52
0,-184,-176,23,5,-51
-4,-183,-176,20,1,-52
-2,-185,-174,16,-1,-51
-4,-185,-173,15,-3,-51
-1,-184,-173,14,-2,-51
-3,-185,-174,14,0,-50
-2,-186,-172,14,3,-50
0,-186,-169,14,7,-48
1,-186,-175,14,14,-47
-2,-187,-172,14,21,-47
0,-186,-171,17,29,-45
1,-187,-174,18,37,-42
1,-186,-175,19,43,-38
1,-186,-175,22,48,-36
1,-186,-175,23,52,-34
0,-185,-173,25,55,-34
0,-186,-176,26,57,-33
0,-187,-174,27,58,-31
0,-188,-175,30,57,-30
0,-187,-175,32,53,-28
0,-187,-176,32,51,-29
-2,-187,-175,35,49,-27
-3,-187,-173,37,47,-25
-2,-187,-175,41,48,-24
-3,-186,-172,47,49,-24
-2,-184,-169,55,50,-25
-1,-186,-168,61,52,-20
-2,-183,-171,58,53,-19
-6,-183,-168,57,53,-20
-6,-185,-171,51,51,-21
-5,-178,-172,45,49,-21
-6,-184,-175,39,45,-20
-4,-185,-175,33,40,-19
-7,-185,-176,26,36,-17
-3,-184,-180,21,29,-16
-5,-185,-175,19,23,-13
-1,-188,-176,23,19,-11
-4,-190,-173,30,15,-11
-2,-190,-175,39,13,-12
1,-191,-173,46,12,-15
0,-189,-173,51,12,-16
0,-190,-176,50,18,-17
4,-190,-178,48,26,-18
5,-190,-178,42,36,-16
2,-187,-183,32,43,-16
2,-191,-183,23,48,-14
-1,-193,-185,19,50,-12
-1,-194,-181,18,49,-11
-3,-191,-178,25,49,-12
-1,-196,-177,33,46,-15
0,-194,-179,42,45,-17
-2,-193,-180,47,42,-18
-4,-194,-177,52,43,-20
-5,-190,-179,55,42,-22
-4,-192,-177,56,43,-23
-3,-191,-181,54,42,-25
-6,-189,-179,50,39,-27
-5,-187,-177,42,36,-27
-6,-190,-177,33,36,-28
-8,-190,-176,28,31,-24
-4,-189,-180,25,25,-25
-4,-194,-179,25,18,-26
-7,-190,-181,25,9,-27
-7,-191,-181,24,1,-29
-8,-192,-177,22,-5,-31
-7,-189,-178,22,-13,-32
-7,-189,-178,18,-18,-35
-8,-190,-179,17,-23,-38
-3,-190,-174,15,-26,-41
-4,-193,-183,12,-24,-44
-5,-189,-174,9,-23,-46
-1,-193,-175,1,-19,-46
0,-190,-176,-5,-12,-46
0,-188,-172,-10,-4,-46
0,-193,-174,-14,4,-45
0,-192,-177,-16,8,-45
2,-193,-175,-15,13,-46
0,-193,-176,-18,16,-48
0,-193,-175,-24,14,-51
-2,-188,-178,-27,13,-53
-3,-191,-178,-33,7,-56
-3,-190,-178,-35,0,-56
-3,-190,-177,-35,-4,-60
-2,-192,-174,-35,-11,-58
0,-191,-174,-36,-15,-59
2,-191,-179,-36,-14,-63
0,-191,-176,-34,-14,-65
0,-193,-176,-29,-12,-67
0,-193,-176,-24,-10,-70
1,-194,-177,-16,-9,-72
1,-192,-176,-10,-9,-73
1,-195,-174,-3,-7,-73
0,-192,-173,4,-5,-71
-1,-192,-173,9,-5,-74
0,-191,-174,14,-4,-74
1,-188,-174,17,1,-73
-1,-187,-173,19,4,-72
0,-186,-172,19,6,-70
-2,-185,-174,18,9,-69
0,-187,-173,11,11,-68
1,-189,-170,5,12,-65
-4,-190,-174,1,17,-61
-2,-191,-171,-3,21,-58
-2,-192,-167,-1,25,-55
-1,-192,-169,5,30,-50
-2,-190,-170,12,36,-47
-1,-189,-171,19,39,-44
-4,-187,-160,22,43,-40
-4,-189,-167,20,43,-38
-7,-185,-168,18,44,-33
-6,-190,-167,16,41,-31
-6,-188,-165,14,39,-28
-4,-189,-165,17,36,-24
-3,-190,-167,21,35,-21
-1,-190,-165,28,34,-20
-2,-191,-168,33,34,-20
-6,-187,-164,40,28,-22
-1,-193,-163,42,26,-23
-3,-189,-169,42,24,-23
-1,-193,-168,42,22,-23
-2,-192,-169,43,24,-18
-2,-190,-170,45,25,-17
-1,-189,-170,47,30,-11
-3,-190,-171,52,36,-12
0,-189,-169,55,42,-9
0,-188,-171,53,49,-8
-1,-187,-167,49,56,-7
0,-188,-169,47,60,-5
-3,-190,-168,45,66,-5
-3,-188,-159,46,72,-4
-2,-192,-170,48,77,-3
-6,-193,-164,49,79,-2
-7,-189,-162,49,80,-3
-4,-190,-166,49,80,-3
-5,-191,-167,48,81,-4
-2,-192,-166,49,82,-3
-5,-187,-170,50,84,-1
-2,-191,-164,52,87,-1
0,-190,-166,54,90,-1
1,-188,-166,53,91,-1
0,-190,-164,52,92,1
1,-194,-165,52,90,0
0,-193,-168,53,86,-1
-2,-192,-168,52,79,-3
-2,-195,-172,53,76,-4
-5,-193,-171,56,72,-3
-7,-192,-171,59,70,-2
-4,-194,-168,63,70,-4
-3,-193,-168,67,72,-4
-1,-191,-172,67,73,-5
-6,-193,-170,65,73,-7
-2,-196,-169,60,74,-6
-3,-195,-170,53,74,-7
-2,-194,-171,50,73,-8
-5,-196,-171,49,72,-8
-8,-193,-171,47,71,-9
-2,-197,-174,44,68,-10
-4,-193,-171,40,66,-11
-2,-195,-171,34,63,-14
-4,-195,-175,28,61,-17
-3,-195,-172,25,56,-17
-5,-195,-171,22,55,-21
-3,-196,-171,19,52,-26
-3,-198,-173,19,52,-30
-3,-196,-174,20,52,-32
-4,-196,-168,22,53,-30
-3,-195,-169,25,57,-34
-2,-193,-175,24,61,-34
-6,-194,-176,25,67,-33
0,-192,-174,24,72,-36
-2,-191,-173,21,77,-37
0,-195,-171,14,82,-33
-3,-192,-174,6,85,-32
-7,-199,-168,-1,87,-29
-5,-191,-166,-5,89,-24
-2,-195,-169,-9,90,-19
-5,-195,-167,-10,88,-17
-4,-199,-167,-8,88,-14
-1,-198,-169,-7,83,-11
-2,-195,-165,-9,81,-11
-1,-193,-169,-12,73,-12
-6,-194,-169,-17,68,-13
-1,-196,-169,-23,65,-16
-1,-194,-174,-30,62,-15
-5,-191,-169,-32,62,-15
-1,-194,-172,-34,62,-15
-4,-195,-171,-34,63,-17
-2,-200,-173,-33,63,-18
0,-198,-173,-30,62,-22
-5,-197,-167,-26,62,-27
-7,-197,-172,-24,62,-31
0,-198,-170,-24,63,-35
-5,-192,-170,-24,63,-41
-6,-193,-170,-27,64,-46
-5,-195,-172,-33,64,-50
-9,-195,-169,-37,68,-51
-6,-196,-170,-40,70,-50
-6,-194,-166,-39,73,-48
-4,-196,-169,-33,75,-43
0,-200,-170,-28,77,-40
1,-196,-170,-20,77,-34
2,-198,-168,-16,75,-30
1,-190,-170,-15,74,-28
5,-191,-172,-19,71,-24
4,-191,-174,-24,71,-20
5,-191,-176,-32,69,-18
2,-193,-174,-40,68,-13
2,-196,-176,-48,66,-10
-1,-194,-171,-51,69,-8
0,-200,-170,-54,72,-8
0,-200,-170,-56,76,-11
1,-199,-170,-57,82,-18
1,-200,-176,-60,85,-26
-1,-198,-173,-65,90,-35
0,-200,-171,-71,96,-42
1,-200,-170,-80,102,-44
-1,-201,-172,-92,111,-50
0,-201,-167,-100,120,-51
1,-205,-175,-109,131,-51
-1,-200,-176,-116,142,-51
-4,-198,-175,-125,149,-52
-1,-198,-178,-134,150,-50
-5,-196,-176,-146,148,-47
-3,-195,-178,-158,142,-46
-6,-193,-180,-169,137,-41
-5,-194,-181,-182,130,-32
-6,-189,-182,-194,124,-24
-1,-192,-181,-203,116,-17
-2,-192,-182,-211,112,-13
-3,-194,-184,-222,109,-11
-3,-195,-182,-234,104,-4
-4,-195,-186,-246,102,-2
1,-198,-184,-257,102,-1
0,-198,-183,-269,99,0
1,-196,-189,-278,98,-1
0,-197,-185,-285,99,-5
0,-196,-189,-292,99,-8
-2,-197,-188,-299,102,-12
-1,-197,-192,-301,103,-15
0,-198,-193,-303,107,-17
0,-200,-189,-303,111,-19
-1,-201,-191,-301,118,-18
1,-201,-190,-298,123,-16
2,-202,-195,-292,129,-14
2,-201,-195,-284,136,-13
3,-204,-188,-275,143,-7
4,-205,-192,-263,149,-5
4,-201,-194,-252,154,0
2,-204,-192,-239,159,3
4,-203,-190,-227,168,4
1,-202,-192,-213,178,6
0,-201,-194,-200,188,9
0,-203,-195,-193,193,11
0,-199,-189,-185,194,12
0,-201,-194,-180,197,10
-2,-198,-192,-177,199,10
2,-203,-196,-174,201,9
0,-200,-191,-172,201,6
-3,-200,-193,-170,198,5
0,-203,-195,-167,195,1
4,-203,-198,-165,192,0
0,-200,-197,-164,189,-1
0,-200,-193,-163,187,-2
4,-201,-201,-160,191,-4
5,-203,-201,-157,196,-4
7,-201,-198,-153,200,-5
7,-199,-199,-148,207,-6
7,-199,-199,-146,211,-6
9,-201,-199,-144,213,-4
6,-203,-194,-142,215,-4
5,-200,-200,-141,216,-3
6,-200,-197,-139,216,-4
7,-198,-204,-141,216,-1
6,-196,-203,-144,217,-2
7,-197,-201,-150,219,0
7,-196,-206,-155,222,2
9,-197,-203,-157,230,2
12,-199,-204,-160,238,2
9,-193,-207,-161,251,3
7,-194,-203,-163,259,4
8,-193,-204,-164,265,-1
6,-191,-204,-164,268,-4
3,-194,-205,-167,268,-6
5,-197,-202,-167,266,-6
2,-195,-205,-164,269,-5
10,-200,-201,-162,274,-6
9,-199,-206,-160,279,-7
12,-197,-210,-156,290,-8
18,-194,-207,-155,304,-10
21,-196,-208,-153,321,-10
27,-200,-212,-152,338,-14
26,-199,-210,-152,358,-23
33,-203,-212,-153,373,-31
34,-207,-208,-149,386,-41
35,-202,-205,-143,396,-50
36,-203,-205,-136,406,-59
38,-204,-207,-126,415,-66
37,-200,-207,-120,427,-74
38,-201,-205,-114,442,-84
37,-199,-206,-109,461,-95
37,-199,-208,-108,480,-107
35,-197,-208,-109,498,-119
36,-197,-211,-111,516,-128
30,-194,-206,-110,529,-135
27,-197,-206,-104,535,-140
26,-195,-209,-95,535,-140
23,-201,-206,-87,523,-142
24,-202,-207,-76,510,-143
21,-200,-210,-65,498,-150
20,-198,-210,-55,484,-157
19,-198,-209,-50,471,-164
18,-197,-211,-49,463,-172
20,-198,-210,-46,460,-179
15,-194,-210,-47,457,-187
17,-197,-209,-51,454,-193
16,-195,-210,-57,451,-196
16,-191,-207,-59,450,-197
19,-193,-208,-64,451,-196
19,-188,-208,-69,451,-195
19,-190,-206,-73,454,-192
22,-189,-208,-72,458,-186
23,-187,-207,-71,457,-180
24,-187,-204,-75,456,-173
25,-187,-202,-78,451,-163
26,-185,-198,-81,441,-153
27,-185,-201,-84,424,-143
24,-183,-204,-92,401,-134
29,-185,-203,-98,378,-127
30,-183,-201,-106,357,-121
29,-185,-203,-112,342,-117
28,-185,-198,-118,327,-113
27,-182,-198,-124,316,-106
26,-186,-197,-133,303,-103
27,-183,-193,-141,285,-102
24,-183,-196,-151,271,-100
25,-185,-190,-158,256,-93
25,-184,-192,-162,246,-91
27,-185,-192,-166,240,-90
28,-182,-193,-168,246,-90
29,-186,-192,-167,251,-93
33,-186,-188,-162,254,-95
34,-184,-188,-153,254,-99
37,-184,-187,-146,258,-101
37,-185,-184,-138,264,-101
39,-184,-186,-126,269,-100
41,-184,-185,-114,276,-99
40,-181,-182,-102,282,-101
42,-182,-180,-93,286,-102
42,-182,-182,-86,288,-104
35,-181,-182,-82,289,-109
35,-180,-182,-80,288,-109
32,-177,-181,-78,281,-109
31,-180,-180,-77,271,-106
29,-175,-181,-76,262,-101
27,-177,-179,-73,252,-99
28,-179,-184,-73,243,-99
28,-177,-177,-76,233,-100
29,-178,-181,-78,226,-102
29,-174,-195,-79,221,-104
30,-178,-185,-80,216,-109
29,-178,-179,-79,210,-108
28,-180,-178,-77,203,-108
31,-182,-182,-71,193,-105
32,-180,-183,-64,181,-105
35,-183,-184,-62,173,-105
37,-182,-181,-59,169,-103
40,-182,-182,-45,173,-104
35,-182,-183,-30,174,-104
37,-178,-189,-16,170,-102
41,-180,-184,-5,164,-98
40,-183,-190,5,156,-95
39,-182,-192,15,143,-92
38,-182,-194,17,128,-89
40,-184,-193,23,120,-82
37,-184,-190,44,118,-78
39,-182,-193,61,110,-72
39,-181,-198,70,99,-73
38,-182,-200,74,90,-70
37,-182,-197,75,82,-67
36,-183,-196,75,70,-63
38,-181,-197,75,58,-62
35,-183,-197,79,45,-60
36,-184,-194,85,37,-54
39,-188,-194,93,31,-46
40,-187,-193,102,29,-44
40,-188,-192,114,31,-42
39,-186,-188,128,31,-40
36,-188,-186,141,30,-37
39,-187,-189,155,26,-35
39,-185,-187,169,20,-32
38,-186,-187,187,15,-27
40,-182,-185,204,14,-25
41,-182,-186,218,17,-21
39,-181,-186,230,20,-19
43,-183,-187,239,25,-18
43,-182,-189,246,32,-17
42,-182,-187,252,36,-15
44,-181,-191,254,40,-11
41,-181,-188,252,41,-11
43,-181,-187,245,41,-8
42,-182,-187,238,40,-10
39,-181,-187,231,39,-9
36,-180,-185,224,32,-6
35,-177,-180,222,26,1
38,-179,-176,222,18,9
38,-180,-175,227,12,14
41,-182,-174,236,10,21
39,-183,-170,249,12,28
40,-184,-165,268,22,32
42,-181,-169,291,28,31
45,-184,-170,308,34,29
45,-183,-171,320,37,30
40,-182,-170,326,37,31
38,-178,-175,328,37,30
45,-183,-173,327,36,33
37,-181,-170,329,35,30
41,-181,-169,334,34,31
41,-176,-172,337,33,35
40,-177,-168,335,36,41
41,-181,-171,334,39,44
40,-180,-167,336,45,46
40,-179,-167,338,46,47
40,-175,-168,339,47,45
39,-181,-165,340,45,48
36,-180,-166,343,41,51
38,-183,-165,344,38,55
41,-185,-162,343,35,57
41,-185,-163,340,32,61
42,-185,-162,335,33,64
41,-184,-163,334,37,69
47,-184,-160,334,42,76
45,-184,-157,340,56,77
43,-183,-156,355,72,77
43,-184,-157,369,86,78
36,-184,-156,379,94,80
39,-180,-158,384,102,80
39,-181,-158,384,107,79
36,-181,-157,382,111,76
37,-181,-155,381,109,74
33,-178,-155,377,103,71
31,-177,-154,378,98,67
31,-179,-159,379,92,66
33,-180,-152,379,88,66
30,-182,-151,379,84,64
31,-183,-148,379,85,65
31,-182,-147,384,90,67
27,-185,-147,386,93,72
32,-184,-150,385,92,78
34,-185,-148,382,92,84
34,-185,-146,378,92,87
34,-189,-147,379,92,88
34,-189,-148,376,92,91
32,-188,-150,376,91,95
34,-187,-148,379,93,100
35,-188,-147,382,94,107
35,-191,-148,386,94,114
35,-187,-149,386,93,120
45,-192,-148,387,90,128
34,-186,-146,393,92,120
32,-191,-141,398,88,121
27,-189,-141,413,89,125
30,-186,-142,430,87,135
29,-189,-143,441,82,138
30,-186,-144,440,79,138
33,-186,-138,434,80,141
32,-186,-136,427,86,146
39,-186,-131,426,93,151
40,-186,-134,433,111,146
36,-187,-137,441,131,138
34,-186,-136,440,143,137
34,-186,-139,440,149,136
32,-184,-135,441,143,135
31,-182,-137,438,130,134
30,-183,-139,434,120,135
31,-184,-136,426,111,135
32,-186,-134,423,113,130
30,-185,-135,420,114,126
29,-190,-133,420,119,121
29,-191,-136,423,123,116
30,-193,-134,425,126,114
30,-192,-135,425,128,109
30,-191,-137,424,129,106
31,-195,-134,420,127,102
34,-199,-136,413,129,102
30,-197,-133,414,134,100
26,-199,-133,420,138,101
24,-201,-133,429,138,101
24,-202,-132,439,130,100
27,-198,-131,451,121,99
27,-198,-132,458,117,102
28,-198,-132,460,113,106
29,-200,-132,460,115,103
32,-199,-129,457,116,104
35,-201,-130,452,116,103
35,-198,-130,447,121,105
33,-200,-127,446,128,103
37,-199,-123,445,132,102
33,-200,-127,450,138,101
33,-199,-126,448,137,103
32,-202,-126,451,129,100
28,-201,-127,452,121,95
30,-197,-127,453,116,92
30,-199,-123,454,112,89
25,-199,-126,452,110,85
24,-198,-130,443,105,85
28,-199,-126,429,99,84
23,-198,-124,420,94,82
22,-198,-121,416,88,81
20,-197,-120,410,84,78
22,-205,-120,409,81,78
21,-207,-121,411,79,77
23,-207,-118,413,76,72
26,-212,-122,416,73,71
25,-212,-120,417,71,69
25,-211,-120,419,73,65
29,-212,-121,420,78,61
29,-217,-120,421,82,55
30,-216,-122,423,86,52
29,-215,-119,424,86,48
30,-216,-120,423,84,47
31,-215,-119,423,79,43
29,-213,-119,422,76,36
35,-204,-111,426,74,35
34,-215,-118,427,71,32
35,-216,-116,429,69,27
31,-212,-117,429,69,22
33,-212,-119,424,65,22
35,-216,-116,419,63,25
37,-216,-112,412,62,24
37,-212,-112,408,63,23
32,-211,-114,403,58,20
33,-212,-114,396,55,17
30,-208,-113,386,49,15
30,-207,-113,381,43,12
35,-206,-114,375,40,7
31,-205,-114,370,42,3
31,-205,-113,363,45,5
33,-208,-106,357,49,4
31,-202,-112,349,53,4
31,-200,-104,343,56,6
34,-204,-104,337,60,6
35,-209,-105,335,59,6
33,-205,-104,333,58,4
27,-214,-107,332,57,0
31,-207,-111,328,57,-2
33,-208,-107,320,60,-2
32,-206,-107,310,61,0
33,-211,-111,302,65,5
32,-213,-105,296,66,9
30,-212,-105,293,66,15
33,-215,-105,293,64,16
32,-216,-101,297,61,16
32,-217,-100,303,60,15
33,-218,-98,309,57,13
32,-221,-100,316,52,10
29,-217,-100,321,49,7
29,-219,-101,326,43,6
28,-217,-104,330,35,8
30,-214,-109,334,31,11
32,-216,-103,333,26,11
28,-216,-108,328,21,7
30,-215,-110,317,16,7
25,-217,-107,306,13,9
28,-219,-104,298,9,11
29,-218,-108,294,8,14
34,-222,-107,289,9,17
31,-222,-102,286,12,15
31,-224,-102,283,12,14
31,-227,-99,283,13,12
30,-226,-102,288,13,11
35,-227,-102,295,13,10
34,-228,-98,300,12,6
31,-228,-104,303,13,2
31,-227,-102,305,12,-1
30,-227,-104,307,7,-3
28,-223,-100,306,1,-4
31,-229,-99,305,-6,-3
29,-226,-99,298,-12,-5
29,-228,-99,289,-17,-4
29,-228,-101,276,-19,-4
30,-228,-100,262,-18,-3
27,-230,-103,252,-20,-4
28,-228,-99,245,-16,-6
28,-229,-96,243,-16,-8
30,-228,-100,243,-17,-8
30,-231,-100,246,-21,-8
29,-231,-100,249,-25,-6
27,-229,-99,251,-30,-5
34,-230,-96,249,-36,-5
30,-227,-101,244,-41,-7
27,-228,-100,234,-48,-12
30,-227,-96,223,-52,-16
32,-229,-95,213,-56,-17
31,-227,-98,204,-60,-18
32,-226,-96,200,-58,-21
33,-223,-95,195,-56,-23
32,-223,-95,189,-54,-23
33,-227,-96,186,-51,-23
31,-227,-99,180,-51,-23
33,-230,-96,175,-50,-20
35,-230,-95,174,-49,-15
34,-229,-93,173,-48,-12
34,-232,-96,174,-46,-3
34,-234,-96,172,-43,4
37,-236,-92,170,-40,9
39,-237,-93,166,-37,10
38,-238,-92,164,-33,12
38,-241,-89,167,-27,16
41,-235,-99,170,-18,22
40,-242,-93,171,-11,26
41,-238,-93,169,0,34
42,-239,-96,163,9,39
42,-239,-94,151,22,41
47,-239,-96,138,36,41
42,-238,-98,127,50,42
44,-241,-100,116,62,40
37,-238,-97,109,75,39
38,-240,-97,105,85,34
37,-239,-98,107,95,27
39,-234,-95,110,101,18
34,-235,-96,111,109,10
31,-234,-97,108,116,4
33,-233,-94,101,121,-2
28,-236,-94,96,125,-10
29,-237,-94,93,130,-16
22,-234,-100,90,132,-23
24,-236,-99,81,132,-29
18,-236,-104,69,124,-33
18,-239,-108,58,116,-36
18,-245,-102,49,105,-36
10,-241,-104,48,95,-37
9,-245,-97,54,80,-32
11,-249,-99,60,61,-26
10,-245,-97,65,42,-20
13,-248,-89,64,23,-10
17,-245,-94,65,8,0
20,-247,-90,68,-4,9
25,-245,-85,74,-10,15
30,-244,-86,82,-14,19
33,-244,-85,91,-15,26
40,-242,-88,99,-15,32
42,-242,-88,102,-13,34
45,-239,-84,103,-11,36
47,-241,-84,104,-5,34
44,-237,-83,105,0,31
43,-236,-86,106,8,28
42,-238,-86,102,14,22
40,-237,-85,96,24,18
39,-241,-84,90,33,17
34,-239,-85,85,43,17
32,-240,-82,82,53,15
29,-241,-83,82,60,16
29,-243,-75,83,71,16
27,-238,-82,82,78,15
25,-240,-83,81,87,15
26,-236,-84,75,94,16
27,-239,-83,67,102,17
24,-238,-83,59,109,17
26,-240,-84,49,114,17
25,-239,-85,39,116,16
25,-240,-83,30,118,16
23,-235,-83,22,120,14
24,-240,-84,16,121,12
27,-238,-88,11,120,9
28,-239,-85,6,121,8
28,-240,-85,3,122,6
28,-239,-85,-4,121,6
29,-243,-85,-8,120,5
32,-247,-86,-11,117,3
27,-247,-87,-11,115,1
27,-249,-86,-11,109,0
30,-249,-85,-11,104,-3
30,-248,-88,-12,96,-3
30,-250,-86,-13,91,-3
30,-249,-89,-8,85,-2
26,-248,-87,-5,82,0
24,-248,-84,2,81,2
26,-248,-85,11,83,4
28,-243,-85,20,84,5
27,-244,-87,28,84,7
29,-245,-85,34,85,8
28,-246,-84,35,86,8
29,-242,-83,34,87,10
30,-243,-84,30,88,10
28,-243,-84,24,88,12
27,-243,-82,18,88,12
29,-243,-86,13,86,14
30,-248,-86,12,85,16
25,-244,-82,11,83,18
29,-244,-85,12,80,19
29,-245,-83,17,78,20
26,-243,-81,22,76,18
27,-244,-81,25,75,16
27,-243,-83,26,77,12
28,-241,-80,24,79,11
29,-246,-78,19,82,9
30,-242,-80,12,86,8
27,-243,-80,4,88,6
29,-242,-81,-1,90,4
32,-241,-81,-8,93,2
30,-244,-83,-9,96,2
28,-245,-78,-10,97,1
32,-247,-78,-11,99,1
30,-242,-80,-11,99,0
30,-244,-79,-12,100,-1
30,-245,-79,-14,100,-1
27,-245,-81,-14,99,1
30,-246,-82,-16,97,1
25,-241,-81,-19,96,2
25,-245,-83,-23,95,4
29,-243,-83,-29,94,5
27,-243,-82,-36,95,6
24,-243,-80,-41,96,8
22,-242,-81,-44,96,6
26,-245,-81,-47,96,6
27,-245,-79,-47,97,4
28,-244,-83,-48,95,4
27,-246,-82,-48,93,2
27,-245,-82,-47,92,2
27,-243,-78,-49,90,2
27,-246,-84,-49,90,2
26,-244,-82,-51,89,1
28,-245,-81,-53,89,0
28,-242,-84,-54,87,-1
27,-245,-84,-57,86,0
26,-244,-86,-58,84,0
29,-246,-81,-59,83,-1
24,-243,-80,-58,82,-1
23,-245,-81,-58,83,1
25,-244,-79,-58,82,3
24,-244,-78,-59,85,3
28,-248,-83,-60,89,3
25,-246,-83,-65,94,1
25,-246,-83,-69,98,4
27,-245,-80,-75,104,4
28,-240,-81,-80,108,4
27,-244,-81,-86,113,5
29,-245,-82,-90,119,6
31,-243,-83,-95,121,7
28,-244,-82,-100,122,5
27,-243,-81,-103,123,7
28,-246,-81,-104,122,8
27,-246,-77,-105,117,8
23,-245,-79,-101,113,11
28,-245,-76,-99,108,11
25,-245,-79,-97,103,13
24,-244,-82,-97,101,16
23,-245,-80,-98,99,16
23,-248,-83,-99,101,17
23,-246,-81,-100,101,16
22,-246,-83,-99,105,16
20,-244,-83,-99,108,15
25,-247,-82,-99,112,15
24,-246,-83,-99,117,13
24,-244,-84,-100,118,13
24,-246,-85,-100,121,13
25,-245,-86,-99,126,10
21,-242,-80,-95,129,7
22,-245,-85,-90,130,6
23,-245,-85,-84,129,7
24,-245,-81,-76,126,6
22,-238,-86,-70,122,5
21,-243,-82,-68,116,4
22,-243,-85,-67,108,5
23,-243,-85,-70,101,3
26,-246,-83,-71,94,5
26,-245,-87,-70,85,6
23,-246,-84,-69,82,6
26,-244,-84,-68,79,8
27,-242,-84,-66,77,7
26,-242,-85,-67,76,7
25,-244,-90,-70,76,6
23,-241,-89,-73,78,8
27,-245,-85,-77,79,5
26,-243,-90,-82,80,4
23,-244,-86,-88,82,4
23,-240,-91,-90,84,2
24,-243,-86,-91,84,3
24,-241,-85,-94,85,2
23,-244,-86,-91,85,1
22,-244,-86,-87,83,2
21,-242,-84,-80,80,2
27,-247,-85,-75,77,2
18,-243,-95,-70,76,4
25,-244,-87,-68,73,5
24,-242,-88,-66,74,4
25,-246,-86,-63,73,4
24,-243,-85,-63,75,6
25,-243,-88,-64,78,7
26,-245,-87,-67,82,8
24,-246,-86,-67,84,8
25,-243,-89,-67,86,11
26,-244,-90,-69,88,11
23,-242,-91,-71,88,12
26,-244,-91,-72,87,14
24,-243,-90,-74,87,13
25,-241,-92,-72,88,14
26,-242,-91,-69,89,14
27,-241,-90,-64,93,14
26,-241,-91,-59,95,13
27,-242,-94,-57,96,12
23,-239,-97,-57,92,12
24,-236,-93,-60,86,9
21,-236,-100,-64,75,10
24,-239,-97,-70,63,7
26,-239,-99,-77,49,5
24,-235,-97,-83,41,1
24,-237,-98,-89,33,-3
22,-235,-97,-96,28,-6
24,-239,-95,-98,23,-8
26,-237,-94,-101,18,-12
26,-235,-95,-101,10,-15
25,-235,-91,-100,3,-19
26,-239,-91,-94,-4,-22
23,-236,-91,-87,-8,-23
26,-241,-92,-76,-11,-26
23,-235,-87,-67,-13,-30
28,-240,-89,-59,-15,-32
30,-239,-89,-56,-16,-35
27,-242,-88,-54,-17,-38
25,-238,-88,-54,-17,-39
25,-240,-91,-56,-16,-42
28,-238,-88,-57,-15,-45
26,-242,-91,-58,-11,-47
27,-241,-86,-57,-8,-48
29,-241,-91,-59,-2,-50
25,-241,-87,-60,4,-50
26,-240,-88,-62,10,-50
25,-240,-89,-64,14,-50
25,-246,-88,-65,18,-50
26,-242,-90,-66,19,-49
24,-243,-86,-67,20,-48
22,-244,-88,-68,21,-44
21,-241,-87,-70,18,-41
27,-244,-89,-73,18,-37
27,-243,-89,-73,23,-35
28,-245,-86,-75,31,-33
27,-245,-91,-77,41,-33
26,-244,-90,-77,49,-33
29,-243,-88,-78,57,-31
26,-243,-91,-77,65,-31
28,-243,-89,-74,73,-30
28,-245,-90,-71,78,-29
27,-247,-90,-66,83,-29
24,-245,-89,-58,89,-27
23,-248,-92,-53,93,-28
22,-246,-90,-47,95,-29
21,-245,-91,-44,97,-27
20,-245,-88,-38,98,-27
19,-243,-90,-32,98,-25
20,-245,-85,-29,101,-22
22,-246,-93,-27,102,-21
17,-244,-90,-27,105,-19
19,-245,-85,-31,104,-15
19,-246,-87,-38,103,-9
18,-245,-92,-43,101,-4
18,-245,-92,-47,99,-1
19,-246,-87,-51,93,3
20,-245,-89,-52,88,7
20,-246,-88,-48,85,11
23,-247,-88,-41,79,14
19,-244,-86,-34,73,16
23,-241,-86,-24,67,19
23,-242,-86,-18,60,20
22,-240,-87,-15,52,20
21,-237,-87,-15,45,20
22,-237,-86,-12,37,21
22,-235,-92,-11,29,19
19,-237,-87,-11,18,19
19,-237,-86,-12,7,17
20,-244,-90,-14,-3,14
20,-238,-87,-18,-14,11
19,-240,-84,-19,-22,8
22,-243,-86,-20,-31,2
21,-243,-85,-21,-37,-1
17,-241,-91,-22,-45,-3
19,-245,-88,-21,-50,-8
19,-242,-85,-20,-53,-10
22,-240,-90,-21,-58,-13
21,-240,-88,-21,-60,-14
23,-242,-86,-23,-62,-17
27,-242,-89,-24,-62,-21
29,-243,-91,-23,-61,-24
33,-242,-91,-20,-58,-26
31,-242,-88,-17,-56,-29
34,-243,-87,-14,-52,-32
37,-244,-88,-10,-45,-31
34,-242,-87,-7,-37,-32
38,-242,-95,-4,-28,-34
39,-244,-89,-7,-20,-36
41,-240,-93,-8,-11,-38
39,-242,-94,-10,0,-39
36,-240,-105,-10,10,-39
36,-244,-101,-10,21,-39
40,-246,-103,-6,32,-38
38,-241,-98,0,43,-34
39,-243,-99,10,55,-31
37,-244,-100,19,64,-27
37,-241,-104,29,71,-23
40,-238,-99,34,75,-20
37,-234,-99,38,81,-16
33,-236,-99,35,85,-15
36,-236,-98,30,88,-12
35,-235,-94,25,94,-10
33,-235,-94,21,99,-9
35,-236,-94,18,103,-5
31,-235,-94,16,110,-3
29,-236,-98,18,114,0
33,-236,-93,21,122,4
33,-235,-97,20,126,7
29,-232,-91,16,132,10
29,-234,-94,11,135,15
27,-237,-93,2,137,18
30,-238,-89,-5,143,21
25,-242,-87,-11,145,23
28,-240,-92,-16,149,27
25,-238,-91,-20,153,27
26,-238,-91,-21,157,27
26,-239,-92,-21,162,27
26,-241,-92,-19,166,29
25,-238,-94,-14,171,26
26,-240,-95,-11,177,26
26,-238,-92,-8,183,26
25,-241,-95,-5,187,26
22,-243,-95,-4,192,26
20,-240,-96,-2,195,24
19,-241,-91,-2,195,24
18,-242,-94,-3,193,25
16,-242,-94,-2,192,22
16,-238,-93,-3,188,19
12,-244,-95,-6,182,16
11,-242,-89,-11,173,14
10,-242,-93,-16,160,11
11,-242,-91,-20,145,11
11,-241,-90,-21,130,11
9,-242,-92,-21,115,12
11,-243,-90,-19,102,12
15,-242,-94,-16,94,14
16,-244,-94,-14,91,16
12,-242,-93,-13,91,19
14,-239,-90,-12,92,23
13,-242,-93,-10,93,27
12,-241,-89,-4,98,30
13,-241,-90,0,103,31
16,-239,-89,3,109,31
20,-238,-87,1,124,32
26,-238,-87,-2,143,37
24,-239,-90,-12,161,42
25,-239,-87,-17,176,49
30,-239,-92,-20,192,57
29,-243,-87,-22,205,61
31,-246,-88,-21,211,62
29,-248,-85,-21,211,64
29,-249,-84,-21,203,66
37,-254,-85,-23,191,63
38,-251,-84,-24,176,61
39,-256,-83,-24,161,57
36,-253,-83,-20,143,51
38,-253,-79,-14,124,46
38,-252,-79,-7,107,37
38,-252,-78,2,97,30
37,-251,-81,12,94,23
38,-250,-85,21,101,16
41,-250,-84,30,112,9
43,-248,-85,32,126,1
46,-247,-90,36,142,-3
48,-245,-88,38,158,-6
53,-238,-91,38,177,-5
55,-235,-96,33,193,-4
54,-234,-92,26,207,-2
54,-235,-91,21,214,-2
53,-231,-91,17,215,-1
48,-232,-91,15,213,-1
44,-235,-83,16,205,0
37,-235,-81,17,190,2
26,-235,-78,22,167,3
23,-239,-77,27,138,5
20,-239,-73,35,105,6
11,-236,-79,44,73,6
11,-247,-74,56,42,7
8,-246,-72,71,10,6
3,-248,-78,85,-22,7
2,-247,-75,101,-56,12
2,-251,-75,121,-93,15
0,-251,-77,139,-127,17
3,-251,-78,156,-163,18
6,-252,-80,168,-197,17
7,-253,-75,181,-229,13
9,-252,-83,191,-255,9
17,-251,-83,201,-278,7
25,-253,-85,204,-290,1
32,-250,-85,204,-289,-8
41,-249,-85,201,-277,-18
50,-249,-86,191,-257,-31
52,-248,-90,180,-230,-46
57,-246,-89,165,-200,-61
56,-245,-91,150,-173,-76
57,-243,-88,140,-151,-87
56,-241,-90,137,-138,-94
53,-240,-89,140,-132,-92
51,-233,-90,143,-130,-87
52,-233,-91,143,-131,-82
45,-234,-91,138,-132,-76
40,-233,-86,131,-135,-71
36,-235,-87,125,-139,-66
32,-234,-87,121,-147,-62
30,-239,-85,116,-154,-57
26,-242,-85,111,-157,-53
23,-242,-85,110,-159,-48
26,-247,-84,110,-162,-42
20,-245,-87,114,-163,-37
23,-247,-85,119,-163,-30
23,-247,-87,126,-160,-23
23,-248,-86,134,-159,-19
27,-248,-85,143,-154,-14
29,-244,-86,153,-146,-11
31,-245,-84,164,-137,-11
30,-244,-86,175,-129,-13
30,-241,-87,182,-120,-14
31,-244,-86,184,-113,-18
31,-241,-85,182,-104,-22
31,-239,-85,177,-98,-23
34,-241,-84,170,-92,-26
30,-237,-85,164,-90,-28
30,-242,-83,158,-89,-30
29,-240,-83,152,-88,-29
30,-241,-83,147,-89,-27
27,-242,-84,145,-90,-25
32,-244,-81,141,-94,-24
25,-243,-84,140,-102,-21
24,-243,-86,140,-109,-18
25,-245,-83,141,-114,-15
25,-242,-83,145,-115,-14
25,-245,-85,148,-116,-10
24,-243,-85,152,-119,-9
24,-241,-84,155,-122,-6
23,-243,-82,160,-124,-7
19,-242,-84,165,-126,-5
23,-245,-83,168,-127,-4
22,-245,-83,168,-131,-4
18,-243,-80,165,-135,-6
17,-244,-81,161,-137,-9
19,-247,-84,154,-139,-10
19,-246,-83,148,-139,-14
22,-245,-84,145,-137,-16
21,-248,-86,144,-133,-19
21,-244,-86,146,-127,-23
24,-247,-81,147,-122,-25
22,-244,-83,148,-115,-28
24,-244,-83,147,-109,-27
24,-243,-82,143,-104,-28
27,-243,-81,140,-101,-27
25,-240,-81,135,-98,-26
29,-240,-80,132,-100,-23
29,-239,-84,130,-101,-21
28,-239,-79,127,-101,-21
28,-238,-80,125,-103,-22
27,-243,-78,123,-105,-19
26,-243,-78,118,-107,-18
27,-245,-78,113,-107,-18
29,-247,-78,110,-105,-17
30,-248,-82,108,-103,-15
33,-247,-81,108,-98,-16
28,-244,-82,109,-94,-17
30,-246,-78,111,-88,-18
28,-246,-78,112,-83,-16
26,-245,-79,116,-77,-15
26,-242,-77,117,-72,-14
24,-241,-79,118,-65,-11
22,-242,-79,117,-62,-9
26,-242,-79,113,-56,-5
25,-243,-77,106,-53,-5
25,-245,-77,100,-49,-2
26,-242,-80,96,-43,-1
27,-244,-76,90,-36,-1
27,-243,-78,88,-30,-2
25,-245,-77,85,-21,1
23,-244,-81,83,-14,2
28,-248,-73,81,-7,0
26,-246,-78,78,2,-1
23,-246,-81,75,8,-1
27,-247,-74,73,12,-3
21,-247,-80,71,15,-4
28,-247,-77,71,17,-4
20,-245,-79,72,15,-5
23,-247,-80,71,15,-3
23,-242,-75,72,13,-2
28,-245,-78,73,12,-2
21,-244,-76,73,13,-1
22,-248,-77,69,15,2
25,-244,-73,66,15,6
26,-246,-72,66,15,8
21,-244,-74,66,16,11
22,-247,-75,65,19,12
23,-247,-74,64,20,14
24,-246,-74,61,21,13
23,-249,-74,56,22,12
22,-249,-81,50,26,15
23,-247,-72,47,30,14
23,-249,-69,48,33,11
22,-250,-74,50,37,11
18,-247,-75,53,39,9
18,-247,-75,55,41,8
16,-246,-72,54,43,8
16,-246,-73,52,44,8
17,-246,-72,48,43,10
14,-242,-75,45,44,9
19,-246,-73,41,44,10
18,-247,-70,36,48,9
19,-251,-66,29,50,7
20,-248,-74,23,51,6
20,-250,-72,20,51,6
19,-247,-72,15,52,7
22,-251,-77,12,53,7
18,-248,-75,10,53,7
21,-248,-72,10,53,8
21,-249,-73,11,54,10
19,-248,-74,13,53,9
19,-250,-75,16,52,9
17,-248,-75,16,51,11
18,-248,-74,14,52,15
17,-249,-73,13,49,18
17,-250,-74,12,48,19
18,-248,-77,9,48,22
16,-248,-75,11,49,22
17,-245,-71,11,50,23
17,-248,-70,12,52,23
16,-249,-72,10,51,23
14,-245,-74,8,49,22
13,-246,-73,6,48,21
17,-247,-71,0,47,21
14,-247,-72,-3,49,19
16,-245,-67,-6,52,20
13,-249,-63,-8,52,20
11,-248,-65,-7,52,21
12,-248,-69,-2,50,21
8,-251,-65,4,46,23
6,-247,-69,11,40,26
5,-246,-73,17,36,28
5,-247,-65,21,33,32
4,-248,-68,23,29,34
6,-249,-70,18,22,34
8,-247,-63,11,16,34
11,-248,-66,4,13,34
6,-251,-69,-1,13,34
8,-249,-67,-3,15,34
9,-249,-64,-3,19,32
13,-250,-67,0,23,32
7,-252,-65,3,27,29
8,-252,-66,3,29,29
9,-252,-70,2,30,33
8,-249,-71,1,32,37
9,-253,-64,-1,33,43
9,-243,-70,-3,35,48
6,-253,-74,-8,35,54
12,-250,-52,-16,33,60
0,-258,-69,-22,30,63
5,-252,-54,-28,24,66
11,-249,-65,-36,14,69
12,-253,-67,-40,-1,71
8,-250,-60,-44,-16,76
8,-248,-58,-44,-31,80
3,-249,-82,-45,-44,85
5,-245,-62,-51,-53,88
4,-244,-67,-59,-59,91
4,-248,-65,-73,-56,92
5,-248,-67,-88,-51,94
2,-255,-60,-102,-39,94
5,-248,-71,-114,-26,94
7,-248,-60,-119,-9,94
9,-246,-70,-117,3,93
12,-254,-69,-111,14,94
10,-248,-68,-106,22,94
3,-249,-63,-104,25,94
12,-263,-66,-105,28,95
10,-250,-54,-107,30,96
8,-252,-75,-112,30,97
2,-254,-72,-119,32,97
3,-256,-64,-125,36,98
7,-257,-65,-128,43,99
4,-257,-63,-127,56,100
2,-258,-67,-122,70,103
8,-263,-60,-115,87,105
7,-259,-64,-104,105,110
12,-262,-58,-92,123,113
14,-257,-58,-84,139,117
8,-258,-52,-80,154,120
28,-263,-57,-75,168,126
10,-250,-66,-75,182,128
5,-257,-68,-73,195,130
10,-261,-59,-73,207,131
10,-261,-67,-71,218,133
9,-258,-61,-68,229,133
10,-246,-67,-61,238,132
2,-250,-61,-54,247,129
1,-250,-57,-45,252,125
1,-251,-58,-36,259,125
1,-249,-58,-27,263,122
5,-252,-56,-21,270,118
-2,-253,-55,-16,275,113
15,-235,-65,-12,280,105
8,-240,-61,-10,286,98
2,-252,-76,-9,295,89
4,-238,-65,-10,303,78
1,-263,-57,-12,308,69
1,-240,-60,-16,312,59
5,-245,-57,-18,315,47
7,-235,-42,-19,318,33
7,-243,-49,-20,321,19
0,-242,-55,-21,324,5
3,-244,-59,-22,326,-8
3,-247,-61,-23,329,-19
6,-248,-59,-29,334,-32
10,-242,-57,-39,347,-43
6,-248,-65,-47,362,-53
12,-248,-53,-49,380,-63
10,-247,-54,-45,389,-71
5,-249,-57,-37,391,-80
6,-245,-51,-30,387,-87
13,-257,-60,-31,379,-94
8,-255,-58,-37,371,-100
13,-249,-57,-47,363,-105
9,-255,-67,-52,358,-109
24,-248,-85,-55,355,-112
9,-256,-71,-60,354,-114
9,-252,-75,-65,349,-114
8,-254,-77,-74,341,-113
8,-249,-80,-84,332,-111
6,-248,-73,-90,319,-105
0,-247,-81,-93,302,-100
2,-247,-82,-92,281,-97
15,-246,-81,-88,258,-92
3,-248,-78,-86,238,-86
7,-250,-78,-82,222,-84
4,-248,-75,-84,212,-79
11,-243,-75,-87,201,-73
7,-250,-75,-88,192,-69
4,-249,-80,-88,186,-64
4,-249,-75,-87,181,-60
5,-254,-83,-85,174,-55
9,-251,-77,-79,169,-50
12,-248,-73,-74,165,-46
10,-248,-77,-67,166,-43
13,-239,-73,-61,166,-39
21,-247,-82,-54,169,-31
13,-257,-75,-51,172,-28
32,-242,-72,-48,175,-24
16,-246,-65,-48,182,-20
20,-245,-68,-49,191,-18
27,-245,-80,-49,204,-17
27,-247,-77,-50,213,-16
25,-247,-78,-51,225,-17
25,-246,-77,-53,236,-19
27,-245,-81,-53,245,-19
29,-246,-76,-52,255,-21
29,-247,-77,-49,266,-23
26,-243,-76,-48,275,-25
29,-247,-74,-45,281,-29
30,-247,-79,-40,292,-29
32,-251,-66,-34,300,-30
31,-248,-75,-30,306,-30
29,-247,-78,-25,314,-30
28,-243,-76,-23,320,-29
31,-249,-76,-20,326,-31
31,-244,-71,-18,329,-33
29,-249,-76,-15,332,-36
27,-249,-79,-12,333,-38
23,-251,-77,-10,332,-36
21,-255,-76,-6,328,-36
21,-252,-77,3,323,-34
18,-249,-78,18,316,-34
19,-249,-80,37,307,-32
15,-249,-82,56,299,-29
8,-240,-85,68,286,-27
14,-248,-80,75,275,-25
10,-245,-77,78,262,-24
9,-245,-81,77,247,-24
11,-242,-80,72,233,-23
9,-243,-77,64,219,-24
10,-243,-78,57,207,-24
12,-242,-80,48,198,-25
10,-243,-75,43,189,-25
12,-243,-75,42,179,-27
13,-241,-77,41,171,-33
16,-244,-77,42,166,-37
13,-244,-78,45,162,-42
12,-243,-76,48,160,-46
14,-244,-79,48,159,-50
14,-247,-78,47,158,-55
16,-245,-75,46,157,-55
16,-247,-83,45,158,-56
19,-247,-82,41,156,-58
20,-248,-82,38,153,-57
17,-244,-82,33,149,-54
16,-248,-80,25,142,-52
19,-248,-81,21,137,-51
24,-246,-79,21,132,-48
25,-249,-80,16,125,-46
26,-252,-79,15,118,-43
28,-250,-79,13,112,-38
31,-251,-81,11,108,-35
29,-251,-79,10,105,-33
29,-248,-83,11,103,-30
31,-252,-81,15,103,-26
28,-249,-80,21,105,-22
29,-247,-79,29,105,-19
30,-246,-74,36,109,-18
31,-244,-76,42,111,-16
30,-246,-72,44,114,-17
29,-244,-74,43,120,-17
33,-247,-70,42,125,-19
27,-247,-71,41,131,-21
30,-249,-72,40,137,-21
31,-249,-68,38,143,-22
30,-247,-73,39,151,-26
27,-249,-69,41,158,-27
30,-250,-70,43,162,-28
25,-252,-70,50,167,-29
25,-253,-68,60,171,-31
25,-254,-71,75,174,-33
24,-251,-66,92,177,-33
24,-252,-70,106,177,-31
22,-248,-70,112,177,-34
22,-247,-74,118,176,-32
22,-247,-72,119,174,-31
24,-247,-77,113,171,-31
28,-248,-76,102,166,-31
26,-246,-77,89,162,-32
25,-248,-82,80,160,-34
27,-247,-80,73,154,-34
25,-246,-81,72,148,-35
26,-247,-77,73,140,-36
26,-245,-72,83,129,-33
28,-247,-72,91,120,-31
28,-245,-71,98,114,-31
22,-241,-76,96,112,-32
27,-245,-67,88,111,-35
28,-242,-68,76,110,-38
24,-238,-71,63,109,-39
27,-243,-65,54,109,-39
27,-244,-69,47,110,-39
27,-244,-67,39,109,-40
24,-246,-69,33,111,-40
28,-247,-73,27,111,-39
28,-249,-70,21,110,-39
25,-249,-74,16,113,-38
27,-249,-71,12,116,-38
25,-248,-74,12,119,-37
26,-250,-74,14,119,-35
23,-248,-73,17,119,-33
28,-249,-71,20,122,-29
27,-248,-71,19,123,-26
30,-247,-67,12,126,-24
28,-245,-68,5,125,-22
26,-242,-64,-5,125,-21
32,-240,-69,-18,127,-19
30,-239,-65,-28,130,-18
28,-237,-63,-40,134,-19
28,-236,-61,-50,140,-15
30,-236,-62,-66,143,-15
28,-235,-62,-81,145,-15
28,-235,-60,-97,145,-13
26,-237,-56,-112,144,-13
30,-238,-57,-126,144,-10
29,-237,-58,-141,143,-10
31,-242,-60,-156,140,-10
32,-246,-55,-169,137,-10
34,-249,-58,-179,133,-8
30,-247,-58,-184,132,-7
27,-246,-58,-186,131,-3
31,-250,-60,-184,130,-1
24,-248,-65,-180,131,1
29,-251,-56,-176,134,5
31,-250,-58,-173,136,5
33,-250,-56,-171,138,7
29,-252,-55,-167,142,10
31,-249,-59,-165,147,12
30,-248,-63,-164,148,12
34,-249,-56,-164,150,12
33,-251,-58,-161,152,10
31,-249,-58,-161,153,8
32,-251,-59,-160,153,6
35,-251,-59,-158,154,6
32,-254,-64,-153,157,5
35,-254,-61,-146,160,4
34,-253,-62,-137,162,4
37,-254,-61,-130,165,2
36,-250,-63,-124,168,3
34,-251,-62,-119,168,1
38,-253,-65,-116,170,1
36,-250,-63,-116,170,0
33,-249,-62,-116,167,-1
36,-252,-65,-114,164,-1
41,-247,-67,-112,162,0
35,-250,-66,-109,161,2
35,-250,-70,-104,160,2
37,-251,-62,-97,158,4
36,-254,-64,-90,160,5
34,-251,-62,-83,160,5
32,-252,-60,-76,158,5
30,-250,-59,-68,157,5
33,-253,-62,-60,155,6
30,-250,-64,-51,151,6
29,-250,-64,-43,148,7
30,-250,-67,-36,144,8
29,-250,-70,-31,139,6
29,-250,-68,-27,137,7
29,-251,-66,-25,133,6
32,-249,-67,-25,131,5
28,-248,-66,-25,129,5
30,-247,-62,-25,126,4
28,-247,-63,-24,121,3
31,-245,-62,-23,119,3
29,-247,-60,-22,114,2
27,-247,-62,-24,108,0
29,-246,-66,-27,101,-3
26,-247,-70,-32,95,-4
26,-247,-65,-40,87,-3
22,-245,-68,-46,81,-2
23,-245,-72,-53,74,-3
20,-245,-66,-56,67,-4
22,-247,-71,-59,62,-6
23,-247,-70,-63,55,-7
23,-249,-69,-63,48,-9
23,-248,-74,-66,42,-10
23,-248,-72,-68,35,-10
26,-248,-69,-69,31,-11
24,-247,-71,-71,25,-13
24,-249,-70,-71,21,-13
27,-247,-70,-73,19,-13
24,-246,-71,-70,14,-15
28,-248,-72,-71,10,-16
26,-247,-70,-69,3,-18
29,-248,-75,-70,-1,-19
31,-247,-74,-68,-3,-21
30,-248,-76,-69,-8,-21
31,-249,-74,-67,-9,-22
32,-247,-78,-66,-12,-23
31,-249,-70,-61,-10,-23
32,-248,-72,-56,-9,-22
33,-249,-72,-50,-7,-22
32,-246,-76,-45,-5,-21
33,-248,-70,-43,-4,-21
32,-249,-76,-41,-1,-22
31,-247,-72,-39,-1,-21
32,-248,-76,-39,-1,-21
33,-244,-75,-38,-2,-20
30,-245,-74,-36,-1,-19
33,-248,-72,-36,2,-18
34,-246,-73,-34,5,-18
33,-244,-68,-32,8,-17
34,-247,-69,-30,11,-15
37,-248,-72,-30,16,-16
33,-248,-72,-29,19,-15
37,-249,-72,-29,21,-15
36,-248,-71,-28,23,-13
39,-248,-72,-30,25,-12
33,-246,-74,-31,28,-13
36,-248,-70,-31,31,-12
37,-246,-72,-29,33,-10
34,-247,-73,-27,37,-10
38,-245,-74,-27,39,-9
37,-246,-76,-27,44,-8
34,-244,-72,-28,49,-6
33,-246,-79,-27,52,-6
36,-247,-77,-26,54,-7
34,-247,-74,-28,57,-6
35,-247,-77,-30,57,-4
34,-245,-77,-33,59,-2
33,-246,-73,-33,61,-2
30,-245,-75,-34,65,-2
33,-244,-79,-34,67,-1
33,-244,-76,-34,70,0
31,-244,-75,-35,73,0
32,-245,-73,-35,76,0
32,-246,-76,-36,77,0
33,-247,-70,-37,79,0
32,-245,-75,-36,80,0
31,-245,-75,-36,82,1
35,-247,-77,-36,82,2
30,-244,-81,-36,82,1
33,-247,-78,-36,81,1
28,-244,-75,-38,85,1
30,-246,-74,-39,87,1
31,-245,-74,-41,87,1
30,-245,-76,-40,88,0
31,-246,-77,-40,88,2
28,-245,-72,-38,87,3
30,-244,-74,-38,86,2
29,-246,-79,-39,85,3
30,-245,-77,-41,85,4
29,-244,-80,-44,84,4
29,-246,-74,-45,84,4
26,-244,-76,-46,84,3
29,-246,-76,-46,82,3
24,-244,-73,-45,82,2
25,-245,-77,-45,81,2
30,-247,-79,-42,80,2
31,-246,-77,-40,81,3
29,-245,-77,-41,80,1
27,-245,-76,-41,77,1
27,-245,-80,-41,77,-1
25,-244,-76,-43,74,0
30,-244,-77,-44,72,1
28,-244,-77,-44,71,2
30,-245,-79,-44,69,3
28,-246,-78,-44,70,3
27,-245,-77,-44,69,2
27,-247,-78,-45,69,3
28,-246,-78,-43,68,4
27,-248,-73,-44,67,4
28,-249,-78,-44,66,3
29,-248,-79,-42,66,1
29,-247,-77,-37,65,1
28,-249,-78,-32,66,1
27,-246,-76,-27,67,0
32,-246,-79,-25,69,1
26,-246,-79,-27,69,3
30,-245,-79,-29,68,2
30,-246,-76,-32,67,2
29,-245,-76,-34,67,1
30,-246,-77,-38,67,2
32,-245,-75,-39,66,3
33,-249,-75,-41,65,2
35,-252,-76,-40,66,1
30,-245,-77,-41,66,1
27,-247,-74,-44,67,1
27,-246,-77,-44,69,-1
28,-245,-74,-43,68,-2
27,-248,-76,-40,70,-3
29,-246,-73,-35,70,-3
28,-243,-78,-30,68,-2
30,-248,-80,-28,69,-1
32,-245,-76,-27,68,0
26,-245,-79,-29,68,2
29,-244,-78,-29,67,2
29,-245,-78,-30,66,3
29,-245,-77,-33,66,4
30,-247,-77,-36,65,4
29,-246,-78,-38,64,5
29,-246,-74,-41,62,4
28,-245,-75,-40,63,4
27,-246,-74,-42,61,3
29,-246,-74,-44,63,1
32,-247,-77,-44,64,2
27,-239,-75,-43,65,1
30,-247,-78,-43,68,0
26,-246,-80,-41,70,-1
28,-247,-75,-39,72,0
28,-247,-76,-37,73,-1
28,-248,-77,-36,73,-1
29,-246,-78,-33,72,0
29,-244,-77,-31,71,1
28,-246,-77,-30,71,0
28,-248,-81,-28,68,0
27,-248,-77,-30,66,0
31,-249,-77,-30,63,-1
31,-248,-77,-31,61,0
27,-246,-80,-30,60,1
27,-247,-82,-31,57,0
27,-244,-81,-30,58,3
32,-247,-79,-30,57,3
29,-247,-81,-26,57,3
27,-250,-80,-25,57,3
29,-246,-80,-23,60,2
30,-246,-81,-21,62,-1
28,-245,-81,-19,64,-1
25,-246,-75,-19,67,-1
27,-245,-75,-19,68,-2
27,-247,-77,-18,69,-3
30,-247,-80,-18,70,-2
27,-247,-78,-18,68,-3
25,-246,-76,-19,66,-4
27,-245,-77,-18,64,-3
29,-247,-80,-17,62,-5
29,-245,-78,-15,62,-3
26,-245,-76,-14,59,-4
28,-243,-77,-14,56,-4
29,-246,-77,-14,54,-3
28,-245,-79,-15,54,-2
26,-243,-77,-17,54,-1
27,-246,-81,-19,52,-3
29,-244,-77,-20,55,-2
28,-248,-81,-18,55,-3
29,-246,-77,-18,55,-1
28,-246,-79,-19,55,-2
28,-247,-77,-20,57,0
27,-248,-77,-18,59,1

