-.-.-
0.0766,-8.0856,-7.0509,0.5014,0.1129,-0.0631
0.0383,-8.1622,-7.1276,0.5354,0.1068,-0.0631
0.1150,-8.3921,-7.0509,0.5876,0.1117,-0.0631
0.1533,-8.4305,-6.6677,0.6399,0.1166,-0.0668
0.1150,-8.4688,-6.7061,0.6872,0.1141,-0.0741
0.0766,-8.5454,-6.5145,0.7236,0.1093,-0.0765
0.2682,-8.6987,-6.5145,0.7394,0.0971,-0.0753
0.1533,-8.8520,-6.3612,0.7649,0.0959,-0.0789
0.1533,-8.9286,-6.1696,0.8244,0.0911,-0.0838
0.3449,-9.0436,-5.9013,0.8633,0.0874,-0.0862
0.2682,-9.1202,-6.0546,0.9057,0.0862,-0.0862
0.2299,-8.9670,-5.8247,0.9276,0.0850,-0.0801
0.3832,-9.0053,-5.6714,0.9179,0.0898,-0.0789
0.3832,-9.0053,-5.6331,0.8608,0.1032,-0.0765
0.4215,-9.0436,-5.2499,0.7807,0.0983,-0.0765
0.2299,-9.1969,-5.0966,0.6884,0.1044,-0.0704
0.5748,-9.4651,-4.8667,0.6569,0.1093,-0.0680
0.4215,-9.4268,-5.0200,0.6787,0.1081,-0.0741
0.4598,-9.2735,-4.9433,0.6484,0.0923,-0.0826
0.4215,-9.5034,-4.7134,0.5913,0.0971,-0.0874
0.4215,-9.5801,-4.4452,0.5889,0.0874,-0.0886
0.5748,-9.7334,-4.4068,0.5986,0.0850,-0.0996
0.4598,-9.5034,-4.4452,0.5828,0.0947,-0.1117
0.5365,-9.4268,-4.3302,0.5391,0.0923,-0.1166
0.5365,-9.5034,-4.1003,0.4905,0.0971,-0.1093
0.4215,-9.6184,-3.8704,0.4602,0.0983,-0.0850
0.4215,-9.5801,-3.9470,0.4177,0.0898,-0.0546
0.4598,-9.6567,-4.0236,0.3715,0.0935,-0.0291
0.5748,-9.6567,-3.8320,0.3120,0.1008,-0.0109
0.6131,-9.5034,-3.7554,0.3023,0.1117,0.0000
0.6898,-9.6567,-3.6021,0.2853,0.1226,0.0012
0.6514,-9.6950,-3.6404,0.2440,0.1287,0.0012
0.6514,-10.0016,-3.5255,0.2149,0.0971,0.0061
0.4982,-9.8866,-3.4105,0.2307,0.0728,-0.0024
0.4982,-9.8483,-3.5638,0.2295,0.0498,-0.0158
0.7281,-9.8866,-3.3722,0.2210,0.0413,-0.0291
1.0346,-10.1166,-3.1806,0.2428,0.0595,-0.0413
0.8047,-9.9633,-3.2572,0.2598,0.0352,-0.0437
0.6131,-10.0782,-3.3339,0.2598,-0.0134,-0.0449
0.2299,-9.7717,-3.0656,0.2683,-0.0813,-0.0583
0.1150,-9.8483,-3.0273,0.2780,-0.1591,-0.0643
0.3832,-10.0399,-2.9890,0.2525,-0.2185,-0.0753
0.8047,-10.0016,-2.9123,0.2574,-0.2343,-0.0935
0.9197,-10.0782,-2.7591,0.2562,-0.2210,-0.1093
0.9580,-10.1549,-3.0656,0.2538,-0.1918,-0.0971
0.8814,-10.1549,-2.9890,0.2708,-0.1542,-0.0656
0.8047,-10.0399,-3.2189,0.2914,-0.1263,-0.0328
0.7664,-9.8483,-3.3339,0.2574,-0.1020,-0.0085
0.7281,-9.8483,-2.9890,0.2368,-0.0789,-0.0024
0.4982,-10.0016,-2.8740,0.2246,-0.0801,-0.0085
0.4598,-10.0782,-2.9123,0.2064,-0.0874,-0.0158
0.4598,-10.1549,-2.9507,0.2283,-0.1032,-0.0279
0.3449,-10.0016,-3.0656,0.2125,-0.1178,-0.0291
0.5748,-10.0016,-2.7974,0.1991,-0.1287,-0.0291
0.5365,-9.8866,-2.8357,0.1943,-0.1311,-0.0267
0.6131,-9.7334,-2.8740,0.1554,-0.1348,-0.0206
0.4982,-9.8866,-2.7591,0.0850,-0.1421,-0.0231
0.4215,-10.1166,-2.7591,0.0559,-0.1372,-0.0291
0.4215,-10.0782,-2.8357,0.0389,-0.1384,-0.0243
0.3832,-9.9633,-2.7974,0.0389,-0.1287,-0.0170
0.3449,-9.8483,-2.8357,0.0085,-0.1311,-0.0097
0.4982,-10.0782,-2.7974,-0.0498,-0.1178,-0.0085
0.5748,-10.1932,-2.6058,-0.0692,-0.1044,-0.0073
0.6514,-10.3465,-2.6058,-0.0911,-0.1020,-0.0024
0.5365,-10.2315,-2.7591,-0.0631,-0.0911,0.0097
0.5748,-10.2698,-2.5675,-0.0522,-0.0826,0.0170
0.7281,-10.3082,-2.3759,-0.0631,-0.0680,0.0194
0.6898,-10.3848,-2.4142,-0.0559,-0.0437,0.0146
0.8814,-10.3848,-2.5291,-0.0036,-0.0158,0.0049
0.7664,-10.1166,-2.7591,0.0291,0.0049,0.0012
0.6514,-10.1166,-2.6441,0.0376,0.0146,-0.0024
0.4598,-10.0399,-2.6058,0.0340,0.0243,-0.0121
0.4215,-10.1166,-2.6824,0.0291,0.0109,-0.0243
0.3832,-10.1549,-2.7591,-0.0085,-0.0097,-0.0304
0.2299,-10.2315,-2.7974,-0.0461,-0.0219,-0.0182
0.3832,-10.1549,-2.8740,-0.0607,-0.0316,-0.0097
0.5365,-10.0782,-3.0273,-0.0583,-0.0194,-0.0109
0.6131,-10.2315,-3.1039,-0.0813,-0.0036,-0.0158
0.5365,-10.1549,-3.0273,-0.0813,0.0219,-0.0182
0.4598,-10.1932,-2.9507,-0.0619,0.0461,-0.0170
0.4598,-10.1549,-3.0656,-0.0474,0.0595,-0.0170
0.4598,-10.0399,-3.0656,-0.0474,0.0862,-0.0206
0.3066,-10.1549,-3.0273,-0.0765,0.1020,-0.0170
0.4598,-10.2698,-2.9507,-0.0789,0.1178,-0.0194
0.3832,-10.1932,-2.9507,-0.0692,0.1323,-0.0219
0.4215,-10.3465,-2.8357,-0.0704,0.1481,-0.0206
0.3832,-10.2315,-2.8357,-0.0425,0.1724,-0.0206
0.4982,-10.2315,-3.1039,-0.0121,0.1918,-0.0231
0.3449,-10.2315,-3.0656,0.0049,0.1967,-0.0255
0.3449,-10.1932,-2.8740,0.0097,0.1882,-0.0267
0.2299,-10.2698,-2.6441,0.0012,0.1894,-0.0170
0.2299,-10.1549,-2.7974,0.0049,0.1797,-0.0073
0.3066,-10.0399,-2.8357,-0.0267,0.1615,-0.0049
0.3066,-10.2315,-2.9123,-0.0376,0.1554,-0.0097
0.4598,-10.2698,-2.9123,-0.0219,0.1469,-0.0146
0.6131,-10.2698,-2.9123,-0.0085,0.1578,-0.0279
0.4982,-10.1932,-2.7207,0.0073,0.1651,-0.0304
0.5748,-10.0016,-2.8740,0.0085,0.1845,-0.0401
0.5748,-10.1932,-2.9507,0.0291,0.1894,-0.0413
0.6131,-10.1166,-2.8740,0.0498,0.1918,-0.0352
0.6898,-10.0399,-2.8740,0.0340,0.2003,-0.0328
0.6898,-10.0782,-2.8357,0.0206,0.2270,-0.0376
0.8047,-10.2698,-2.6058,0.0291,0.2404,-0.0486
0.7664,-10.3848,-2.6824,0.0971,0.2635,-0.0631
0.7664,-10.4231,-3.0656,0.1591,0.2307,-0.0777
0.7664,-10.3848,-2.7974,0.1785,0.2040,-0.0789
0.8047,-10.3465,-2.6824,0.2246,0.2113,-0.0959
0.7281,-10.3082,-2.5291,0.2525,0.2028,-0.1032
0.9963,-10.2698,-2.4142,0.2453,0.1773,-0.1032
0.9963,-10.2698,-2.3759,0.2343,0.1688,-0.1117
0.9963,-10.1932,-2.3759,0.2185,0.1639,-0.1141
1.0346,-10.1932,-2.2992,0.1967,0.1663,-0.1129
1.0730,-10.1932,-2.3759,0.1894,0.1712,-0.0971
0.9963,-10.0399,-2.4142,0.1809,0.1785,-0.0886
1.0730,-10.2315,-2.2992,0.1566,0.1858,-0.0777
1.1879,-10.1549,-2.2226,0.1372,0.1906,-0.0643
1.0346,-10.1166,-2.0310,0.1166,0.1894,-0.0559
1.1113,-10.1932,-2.0310,0.1081,0.1894,-0.0449
1.1496,-10.1549,-2.1076,0.0862,0.1870,-0.0328
1.1113,-10.2698,-2.2609,0.0643,0.1870,-0.0401
1.1113,-10.2315,-2.2226,0.0364,0.1845,-0.0364
1.1113,-10.1166,-1.9927,-0.0061,0.1918,-0.0364
0.9197,-9.8866,-2.1076,-0.0352,0.1833,-0.0304
1.0346,-10.4231,-2.0310,-0.0449,0.1433,-0.0364
0.9963,-10.3465,-1.9160,-0.0219,0.1299,-0.0413
0.9580,-10.2315,-1.9543,-0.0073,0.0947,-0.0389
1.0346,-10.1549,-1.9927,-0.0158,0.0741,-0.0389
1.1113,-10.2698,-2.0310,-0.0474,0.0595,-0.0316

