-.-.-
0.4598,-8.7754,-4.7517,0.0765,0.0898,0.0170
0.5365,-8.5454,-4.5218,0.0692,0.0789,0.0097
0.3832,-8.7370,-4.4835,0.0656,0.0813,0.0121
0.3449,-8.7754,-4.3302,0.0704,0.0947,0.0231
0.3449,-8.7370,-4.3302,0.0947,0.0935,0.0389
0.1916,-8.8903,-4.4452,0.1008,0.0595,0.0559
0.1916,-8.8137,-4.4835,0.1008,0.0279,0.0583
0.3449,-8.6987,-4.6368,0.0911,0.0304,0.0425
0.4982,-8.6604,-4.6368,0.0595,0.0559,0.0194
0.4982,-8.6221,-4.4835,0.0546,0.0668,0.0049
0.5748,-8.5071,-4.4835,0.0559,0.0486,0.0097
0.4215,-8.5838,-4.4835,0.0413,0.0267,0.0243
0.3832,-8.5454,-4.5984,-0.0109,0.0279,0.0304
0.3066,-8.6987,-4.5984,-0.0668,0.0413,0.0279
0.1916,-8.9286,-4.7134,-0.0534,0.0643,0.0279
0.2682,-8.8520,-4.6368,0.0170,0.0911,0.0170
0.3832,-8.8520,-4.5601,0.0741,0.0959,0.0049
0.4215,-8.8903,-4.4835,0.0935,0.0898,-0.0024
0.3449,-8.6987,-4.2536,0.0583,0.0947,-0.0024
0.3832,-8.6604,-4.4068,0.0352,0.0983,0.0109
0.5365,-8.7754,-4.4452,-0.0206,0.1068,0.0146
0.3449,-8.8903,-4.6368,-0.0947,0.1299,0.0073
0.2682,-8.9286,-4.5601,-0.0765,0.1238,-0.0073
0.1916,-9.0819,-4.4068,-0.0498,0.0862,-0.0134
0.1916,-8.7754,-4.3685,-0.0498,0.0255,0.0024
0.1150,-8.3538,-4.3302,-0.0935,-0.0121,0.0146
0.1533,-8.3155,-4.4835,-0.1493,-0.0182,0.0109
0.6131,-8.3155,-4.4835,-0.2368,0.0194,-0.0012
0.6131,-8.5071,-4.2152,-0.2793,0.0474,-0.0194
0.6131,-8.5454,-4.2536,-0.2926,0.0498,-0.0146
0.3832,-8.8137,-4.4068,-0.3047,0.0389,0.0121
0.0766,-8.9286,-4.7900,-0.2270,0.0510,0.0146
0.1150,-9.0436,-4.9816,-0.1226,0.0874,-0.0182
0.1916,-8.9286,-4.7134,-0.0668,0.1396,-0.0607
0.3832,-8.6221,-4.6368,0.0097,0.1688,-0.0911
0.5365,-8.3921,-4.6368,-0.0049,0.1724,-0.1032
0.6514,-8.3155,-4.8667,-0.0911,0.1518,-0.1068
0.4215,-8.5071,-4.9050,-0.2028,0.0886,-0.0777
0.3832,-8.6604,-5.0200,-0.2610,0.0000,-0.0389
0.4215,-8.4688,-4.7900,-0.2015,-0.0291,-0.0194
0.5365,-8.3921,-4.7517,-0.1360,-0.0170,-0.0012
0.6131,-8.3921,-4.6751,-0.0971,0.0146,0.0085
0.6131,-8.3538,-4.9050,-0.1275,0.0304,0.0109
0.5748,-8.5454,-4.9816,-0.1700,0.0364,0.0121
0.4982,-8.6604,-5.2499,-0.1845,0.0328,0.0061
0.3449,-8.6604,-5.2499,-0.1433,0.0279,-0.0036
0.3449,-8.5838,-5.1349,-0.0874,0.0243,-0.0085
0.0766,-8.4688,-5.1349,-0.0874,0.0170,-0.0109
0.0000,-8.1239,-4.8284,-0.1044,0.0146,-0.0121
0.0383,-8.1239,-4.8284,-0.1457,0.0170,-0.0194
0.1533,-8.2772,-4.7900,-0.2028,0.0049,-0.0316
0.2299,-8.4688,-4.9433,-0.2975,0.0134,-0.0498
0.3832,-8.3921,-5.4415,-0.3497,0.0534,-0.0656
0.5748,-8.3155,-5.4032,-0.2999,0.0838,-0.0704
0.6514,-8.4688,-5.5564,-0.2343,0.0765,-0.0546
0.9580,-8.5071,-5.4415,-0.1833,0.0692,-0.0304
0.9197,-8.3538,-5.5948,-0.1542,0.0850,0.0024
0.6898,-8.2005,-5.4032,-0.1797,0.0959,0.0255
0.4598,-8.0473,-5.5181,-0.2258,0.0947,0.0340
0.3066,-8.1622,-5.7097,-0.2647,0.0959,0.0352
0.2299,-8.1622,-5.7864,-0.2052,0.1141,0.0376
0.1533,-8.1622,-5.5181,-0.1651,0.1445,0.0255
0.0383,-8.2389,-5.3265,-0.2234,0.1566,0.0146
0.4598,-8.1622,-5.5948,-0.2732,0.1469,0.0061
0.6131,-8.2389,-5.6331,-0.2647,0.1591,-0.0049
0.4982,-7.9706,-5.7864,-0.1518,0.1299,-0.0291
0.4598,-8.0473,-5.7097,-0.0862,0.0838,-0.0534
0.3449,-7.9323,-5.5181,-0.1311,0.0316,-0.0559
0.2682,-7.9323,-5.5564,-0.2015,-0.0146,-0.0425
0.3066,-7.8557,-5.6714,-0.2513,-0.0255,-0.0340
0.4215,-8.2005,-5.6714,-0.2513,0.0012,-0.0267
0.4215,-8.2005,-6.0163,-0.1712,0.0304,-0.0036
0.4598,-8.1239,-6.1696,-0.0801,0.0583,0.0097
0.5365,-7.8940,-6.3612,-0.0304,0.0692,0.0134
0.4598,-7.7024,-6.1313,-0.0085,0.0656,0.0134
0.3449,-7.5874,-5.9396,-0.0340,0.0583,0.0182
0.3832,-7.6641,-5.8630,-0.0631,0.0474,0.0243
0.4598,-7.8940,-5.7097,-0.0850,0.0376,0.0267
0.3832,-7.8940,-5.9013,-0.1068,0.0352,0.0219
0.4215,-8.1239,-5.8630,-0.1226,0.0364,0.0049
0.3449,-8.0856,-6.1696,-0.0971,0.0413,-0.0121
0.3066,-8.0856,-6.1313,-0.0643,0.0595,-0.0267
0.1916,-8.0089,-6.1696,-0.0401,0.0656,-0.0352
0.3066,-7.8557,-6.0929,-0.0279,0.0656,-0.0401
0.3066,-7.7790,-6.0546,-0.0194,0.0571,-0.0389
0.4215,-7.6641,-5.9780,-0.0024,0.0474,-0.0304
0.4215,-7.7790,-6.2079,-0.0219,0.0437,-0.0231
0.4598,-7.7407,-6.1313,-0.0255,0.0461,-0.0146
0.4982,-7.8173,-6.2845,-0.0158,0.0595,0.0012
0.5365,-7.8940,-6.1696,0.0073,0.0801,0.0206
0.5748,-7.9323,-6.0546,0.0328,0.1105,0.0413
0.4982,-8.0473,-5.8630,0.0546,0.1323,0.0607
0.4215,-8.0856,-5.9396,0.0801,0.1445,0.0656
0.2682,-8.0856,-5.7480,0.0923,0.1506,0.0595
0.3449,-8.0856,-5.8247,0.0741,0.1506,0.0364
0.2682,-7.9323,-5.8247,0.0692,0.1311,0.0073
0.3066,-7.9706,-5.8247,0.0741,0.1056,-0.0097
0.3832,-7.9323,-5.6331,0.0692,0.0789,-0.0170
0.3449,-7.8173,-5.7097,0.0364,0.0510,-0.0206
0.3449,-8.0089,-5.8247,0.0279,0.0316,-0.0243
0.3832,-8.0473,-5.8247,0.0206,0.0158,-0.0255
0.1916,-7.9706,-5.9396,0.0012,0.0073,-0.0170
0.2299,-7.9706,-5.7864,0.0000,0.0073,-0.0109
0.2299,-7.9706,-5.8247,0.0012,0.0182,-0.0146
0.2299,-7.8940,-5.9780,0.0170,0.0316,-0.0146
0.2299,-7.8940,-5.8630,0.0328,0.0461,-0.0097
0.2299,-7.9323,-5.8630,0.0049,0.0546,-0.0036
0.2299,-7.8173,-5.7480,-0.0243,0.0631,-0.0024
0.3066,-8.0473,-5.8630,-0.0231,0.0680,-0.0085
0.3832,-8.1239,-5.7097,-0.0012,0.0801,-0.0085
0.4215,-8.1239,-5.6714,0.0097,0.0935,0.0000
0.4598,-8.0856,-5.5948,0.0109,0.0996,0.0061
0.4598,-7.9323,-5.5564,0.0049,0.1093,0.0109
0.4982,-7.9706,-5.6331,-0.0194,0.1117,0.0182
0.4215,-8.0856,-5.5181,-0.0340,0.1081,0.0194
0.4982,-8.0856,-5.7864,-0.0146,0.0971,0.0231
0.4215,-8.0473,-5.8247,0.0049,0.0947,0.0158
0.3449,-7.9706,-5.7097,-0.0036,0.0947,0.0024
0.3832,-7.9323,-5.6331,-0.0097,0.0959,-0.0085
0.3832,-7.9323,-5.7480,-0.0012,0.0911,-0.0097
0.3449,-7.9323,-5.5564,-0.0134,0.0874,-0.0085
0.2299,-7.9323,-5.6331,-0.0304,0.0728,-0.0170
0.2682,-8.0089,-5.7480,-0.0595,0.0595,-0.0328
0.2682,-8.0856,-5.9780,-0.0656,0.0510,-0.0449
0.2299,-7.8940,-6.1313,-0.0158,0.0510,-0.0559
0.3066,-8.0856,-6.0163,0.0231,0.0631,-0.0510
0.3066,-7.9323,-5.9013,0.0376,0.0789,-0.0352
0.3066,-7.8557,-5.8247,0.0328,0.0862,-0.0206

