-.-.-
1.6861,-2.2609,7.7407,-0.0182,0.0158,-0.0073
1.6861,-2.3759,7.8173,-0.0219,0.0097,-0.0085
1.7244,-2.3759,7.9323,-0.0352,0.0134,-0.0097
1.6478,-2.3759,7.6641,-0.0461,0.0097,-0.0109
1.5711,-2.2992,7.7024,-0.0498,0.0036,-0.0109
1.6478,-2.3759,7.7407,-0.0401,0.0024,-0.0085
1.6095,-2.2992,7.7407,-0.0389,0.0012,-0.0073
1.5711,-2.1843,7.7790,-0.0474,0.0024,-0.0073
1.6861,-2.6058,7.8557,-0.0522,0.0085,-0.0073
1.7244,-2.2609,7.8173,-0.0401,0.0134,-0.0097
1.7244,-2.2609,7.8940,-0.0328,0.0109,-0.0097
1.6095,-2.1843,7.7790,-0.0340,0.0146,-0.0121
1.5711,-2.2992,7.7024,-0.0401,0.0170,-0.0121
1.7244,-2.3375,7.7790,-0.0364,0.0121,-0.0121
1.5711,-2.2609,7.9706,-0.0279,0.0049,-0.0097
1.6861,-2.2992,7.9323,-0.0352,0.0000,-0.0073
1.7244,-2.3375,7.7790,-0.0631,0.0049,-0.0049
1.8011,-2.2992,7.8557,-0.0838,0.0109,-0.0024
1.7627,-2.3375,7.8173,-0.0801,0.0182,-0.0049
1.7627,-2.3759,7.7024,-0.0522,0.0243,-0.0097
1.7244,-2.3759,7.7407,-0.0109,0.0073,-0.0146
1.5328,-2.2992,7.7407,0.0267,-0.0267,-0.0219
1.6478,-2.2992,7.8173,0.0510,-0.0389,-0.0243
1.7627,-2.3375,7.6257,0.0559,-0.0194,-0.0206
1.7627,-2.2609,7.7024,0.0243,0.0024,-0.0134
1.7627,-2.1459,7.7407,-0.0316,0.0219,-0.0012
1.7244,-2.1076,7.9323,-0.0996,0.0474,0.0061
1.6861,-2.1459,8.1622,-0.1493,0.0656,0.0073
1.7244,-2.2992,7.8173,-0.1542,0.0716,0.0012
1.6478,-2.3375,7.9323,-0.1081,0.0643,-0.0061
1.6478,-2.3375,7.8557,-0.0571,0.0437,-0.0085
1.6861,-2.1843,7.8940,-0.0571,0.0364,-0.0049
1.6095,-2.0693,7.7790,-0.1093,0.0401,-0.0024
1.6095,-2.2992,7.8940,-0.1736,0.0534,0.0036
1.6478,-2.2992,7.7024,-0.1906,0.0680,0.0036
1.5711,-2.3759,7.8940,-0.1603,0.0741,0.0012
1.5711,-2.3759,7.8557,-0.1178,0.0595,-0.0012
1.5328,-2.3375,7.7024,-0.1008,0.0534,-0.0012
1.8011,-2.2992,7.6257,-0.1105,0.0571,0.0012
1.6478,-2.3759,7.9706,-0.1299,0.0607,0.0024
1.5711,-2.3759,7.7790,-0.1408,0.0534,0.0024
1.7244,-2.4908,7.7407,-0.1214,0.0474,0.0000
1.7244,-2.4525,7.7790,-0.0996,0.0461,-0.0024
1.6478,-2.3759,7.6641,-0.1056,0.0510,0.0000
1.5711,-2.4142,7.6641,-0.1384,0.0559,0.0012
1.6095,-2.4908,7.7407,-0.1627,0.0607,0.0012
1.7244,-2.5291,7.5108,-0.1566,0.0607,0.0012
1.6478,-2.5675,7.8557,-0.1396,0.0595,0.0012
1.6478,-2.4908,7.8173,-0.1481,0.0850,0.0097
1.4945,-2.4525,8.0856,-0.1845,0.1153,0.0279
1.3412,-2.5675,8.3155,-0.2489,0.1068,0.0340
1.3412,-2.8740,8.6604,-0.3011,0.0656,0.0364
1.1496,-3.1423,9.0053,-0.2489,0.0449,0.0486
1.0730,-3.2572,8.3155,-0.0486,0.2562,0.0959
1.1113,-2.8740,7.3958,0.1396,0.6010,0.1433
0.8814,-2.4908,7.0126,0.2198,0.6411,0.1421
0.6898,-2.2992,6.9360,0.1566,0.3145,0.1093
1.2263,-2.1459,7.4725,-0.0304,0.1056,0.0911
1.2646,-2.2226,8.0856,-0.1773,0.2052,0.0923
0.9580,-2.1076,7.7024,-0.0534,0.3023,0.0643
1.2646,-1.9160,7.4725,0.0364,0.2100,0.0534
1.6861,-2.1843,7.2042,-0.0364,0.0607,0.0522
1.4562,-2.4525,7.3958,-0.1044,-0.0328,0.0704
0.8047,-2.7591,7.5108,-0.0862,-0.0559,0.1032
1.0346,-2.9890,7.5491,-0.1117,-0.0121,0.1348
0.5748,-3.0656,7.8173,-0.1894,0.1408,0.1469
0.5748,-3.2189,7.8557,-0.1178,0.1408,0.1348
0.9197,-2.8357,7.3958,0.0389,0.1190,0.1408
1.5711,-2.6824,7.0509,0.1809,0.2161,0.1518
1.5328,-2.4142,7.3958,0.0850,0.2161,0.1930
1.0730,-2.2226,7.6257,-0.1093,0.1663,0.2513
1.0730,-2.2609,7.5108,-0.2331,0.1700,0.3363
1.3029,-2.5291,7.5491,-0.3509,0.1627,0.4019
1.4562,-2.6824,8.0089,-0.3497,0.1299,0.4359
1.2646,-2.9123,8.3921,-0.3132,0.1166,0.4650
1.2263,-3.1806,8.0473,-0.2283,0.1457,0.4820
0.6514,-2.9507,7.6641,-0.1032,0.0838,0.4759
0.7281,-2.7591,7.4725,-0.0571,0.0097,0.4687
0.9580,-2.4142,7.7024,-0.1833,-0.0522,0.4832
1.0346,-2.8740,7.6257,-0.3217,-0.0522,0.5209
1.2263,-3.2189,8.2389,-0.2416,-0.0643,0.5294
0.9963,-3.1806,8.2389,-0.1481,-0.0243,0.4869
0.4982,-2.7591,7.3192,-0.0619,0.0838,0.5027
0.4598,-2.6824,7.5491,0.0716,0.0716,0.4869
0.3449,-2.7974,7.6641,0.1748,0.0680,0.4347
-0.3832,-2.4142,6.7061,0.0813,-0.1287,0.3217
-1.0730,-2.4908,6.3995,-0.1044,-0.2015,0.2088
-1.0346,-3.1806,7.7790,-0.0777,-0.1178,0.0765
-1.2646,-3.2189,8.6604,0.0546,-0.0704,-0.0923
-1.9927,-3.2955,8.3921,0.0206,-0.0389,-0.3570
-1.9927,-3.9470,7.4341,0.0146,-0.0813,-0.6787
-1.8011,-4.2536,7.5874,0.2695,-0.0206,-1.0077
-0.1150,-3.6404,7.7790,0.4577,-0.1008,-1.1911
0.4982,-2.8740,7.3958,0.1506,-0.3849,-1.2761
0.0383,-2.4142,8.0089,-0.3108,-0.5306,-1.4315
-1.6861,-1.5711,8.0089,-0.4080,-0.7212,-1.3149
-5.0966,-0.7664,7.0509,-0.5063,-1.1704,-1.3768
-1.0346,-1.3795,8.0089,-0.5136,-1.8758,-1.4643
1.6861,-2.5291,8.7754,0.0935,-2.2717,-1.6002
2.5291,-1.8394,7.3192,0.1882,-2.3069,-1.5371
4.1769,-1.4179,6.7444,-0.4371,-2.4611,-1.4861
5.4798,-2.1459,6.2462,-0.6896,-2.9479,-1.5480
6.6677,-2.3375,5.8630,-0.3715,-3.2138,-1.5699
7.2425,-1.6095,5.4798,-0.3679,-3.1191,-1.5019
6.6677,-1.3412,4.8667,-0.5439,-2.9868,-1.4254
6.0163,-1.3412,4.2919,-0.7188,-2.9637,-1.4060
5.5181,-1.3412,3.6787,-0.7807,-3.0511,-1.4327
6.1696,-1.4562,3.3722,-0.7989,-3.1641,-1.4011
6.3995,-1.4179,2.7974,-0.7953,-3.2308,-1.3489
7.1276,-1.6095,2.8740,-0.6933,-3.2357,-1.2481
7.2809,-1.9543,2.8740,-0.5464,-3.1033,-1.0490
7.8557,-2.0693,3.3722,-0.3958,-2.8666,-0.8463
8.8903,-2.1459,3.8704,-0.2003,-2.5060,-0.6836
10.4614,-1.8394,4.3302,-0.1724,-2.0847,-0.5099
12.4158,-2.2609,4.6751,-0.0996,-1.6549,-0.3970
11.6494,-2.6441,4.1386,0.1506,-1.3222,-0.2805
9.9250,-2.7207,2.6441,0.1469,-1.1692,-0.0850
9.3118,-2.2992,2.2226,0.0898,-1.2214,0.0668
8.9286,-1.6861,1.5711,0.3545,-1.3659,0.0231
9.1586,-0.6898,1.4179,0.4541,-1.3817,-0.0304
9.9250,-0.0383,1.1879,0.2938,-1.3234,0.0036
10.7680,0.0383,0.1533,0.1627,-1.3938,0.0498
12.1475,-0.0766,-1.2263,0.1226,-1.5735,0.0437
12.5307,-0.3449,-2.1459,0.0947,-1.6694,-0.0680
12.5307,-0.8814,-2.4908,0.0716,-1.6087,-0.2513
12.1092,-1.1496,-2.7591,0.0716,-1.4048,-0.4541
11.4195,-1.2263,-2.6441,0.0643,-1.2336,-0.5621
11.2662,-1.2646,-2.4525,0.0121,-1.1631,-0.5706

