-.-.-
3.1806,-10.0399,-3.4871,0.2137,-0.4237,0.2902
2.6441,-9.1202,-3.5638,0.2307,-0.2610,0.3630
1.9543,-8.0856,-4.2152,0.1833,-0.1190,0.4140
0.7281,-7.4725,-3.5638,0.0959,0.0073,0.3642
-0.3066,-7.7407,-3.1806,0.0425,0.0389,0.3472
-0.7664,-8.2005,-2.9890,-0.1117,0.0801,0.2950
-0.7281,-9.0819,-2.7591,-0.2440,0.0607,0.2440
-0.6514,-9.8483,-2.7974,-0.2392,0.0328,0.2222
-0.0383,-9.4651,-2.9890,-0.1323,-0.0158,0.2562
0.5365,-8.6604,-2.9890,-0.0983,-0.0206,0.2562
1.0730,-8.8903,-2.6058,-0.1712,0.0097,0.1845
1.1879,-9.2735,-2.4525,-0.1566,0.0668,0.0996
0.6898,-8.6987,-2.2226,-0.2258,0.1688,0.0194
0.3832,-8.5838,-2.4142,-0.3193,0.2198,-0.0109
0.3449,-9.3885,-2.1076,-0.3752,0.1894,-0.0328
0.1533,-10.2698,-2.5675,-0.2865,0.0765,-0.0643
-0.1533,-10.8446,-2.7207,-0.2028,-0.0012,-0.0583
0.6898,-11.0746,-2.6058,-0.0291,0.0534,-0.0874
1.9160,-11.9176,-1.9160,0.0389,0.3217,-0.1918
1.6095,-12.2625,-1.9543,-0.0389,0.4723,-0.3181
0.6131,-11.8793,-1.5711,-0.0158,0.5306,-0.2380
0.1533,-11.7260,-0.3832,0.0231,0.5391,-0.1202
0.8814,-11.8793,-0.8814,0.1008,0.5027,0.0328
1.1113,-12.6074,-3.1806,0.0619,0.3691,0.1481
0.6131,-13.1822,-4.7134,-0.1955,0.2647,0.2307
0.0766,-12.3008,-5.4032,-0.0510,0.3290,0.1773
-1.6478,-10.0016,-6.6677,-0.0401,0.1930,0.0923
-2.1459,-7.8557,-6.3612,0.0401,0.1700,0.0534
0.5748,-7.5874,-6.5911,-0.1457,0.2003,0.2173
3.1806,-8.6987,-5.0200,-0.0911,0.4966,0.2270
4.2536,-10.0782,-4.1769,-0.0838,0.5330,0.0656
2.4908,-10.7680,-3.9853,0.1566,0.5464,0.0170
0.1150,-10.5381,-3.9087,0.2015,0.4492,-0.1421
-1.2263,-10.0016,-3.7554,0.3120,0.3910,-0.2477
-1.1496,-8.6987,-3.6404,0.3582,0.3108,-0.3023
-0.2299,-7.2809,-3.3339,0.2598,0.1518,-0.3254
0.7664,-7.3575,-3.5638,0.0862,0.0364,-0.2246
1.4945,-7.8557,-3.0656,-0.0243,-0.0243,-0.1979
1.7244,-8.6987,-2.9890,-0.0413,-0.0340,-0.1506
1.7627,-9.0436,-3.2955,0.0146,-0.0971,-0.1032
1.7627,-8.8903,-3.0656,-0.0304,-0.0996,-0.0947
1.8777,-8.8137,-2.9890,-0.0328,-0.0571,-0.0316
1.9543,-9.3885,-2.4142,-0.0243,0.0049,0.0158
1.7244,-9.6950,-1.9927,-0.0595,0.0413,0.0619
1.5328,-9.6950,-2.0693,-0.0109,0.0158,0.0874
1.3795,-9.1586,-2.1459,0.0364,0.0061,0.1190
1.1496,-9.0436,-1.8011,0.0243,-0.0243,0.1311
0.4598,-9.3885,-1.3795,-0.0279,-0.1700,0.1117
0.6898,-9.8866,-1.6861,0.0134,-0.3424,0.1068
1.9927,-10.1932,-2.5675,0.0376,-0.2975,0.0425
1.5328,-11.1129,-2.1459,0.0571,-0.4055,0.0340
1.1879,-12.0709,-1.6095,0.1651,-0.5573,0.1153
2.1843,-11.8027,-1.8011,0.2113,-0.5294,0.1032
2.7591,-12.1859,-1.1496,0.1044,-0.4759,0.0425
2.5291,-11.1512,-0.3832,0.1918,-0.4468,-0.0437
1.5711,-11.4961,-1.6478,0.1554,-0.5646,-0.0935
0.9580,-12.2625,-2.5291,-0.0255,-0.5986,-0.1348
0.3066,-12.0326,-3.6021,0.0109,-0.7006,-0.1894
0.6514,-10.0782,-6.3229,-0.1044,-0.6338,-0.1724
1.4945,-7.8173,-6.4378,-0.1372,-0.4954,-0.3145
0.0766,-7.4341,-7.0893,-0.4128,-0.5828,-0.4929
-1.3029,-9.4651,-3.6404,-0.4541,-0.8110,-0.4832
-1.6095,-10.5381,-3.3339,-0.2416,-0.6981,-0.3412
0.4982,-11.2279,-3.5255,-0.1530,-0.4784,-0.1748
2.3759,-11.2279,-4.0620,-0.0206,-0.3266,0.0352
2.5675,-10.5764,-3.2955,0.1469,-0.2744,0.1797
2.3375,-9.8866,-3.3722,0.1918,-0.1918,0.2817
1.6861,-8.5454,-2.9507,0.1651,-0.0486,0.2963
0.9963,-8.1239,-2.7974,0.1372,0.0546,0.2392
0.4598,-7.4725,-2.6441,0.1445,0.0850,0.2513
-0.1533,-7.8173,-2.5291,0.0146,0.1166,0.2295
-0.8814,-8.9670,-2.4908,-0.1336,0.0716,0.1991
-1.0346,-9.6950,-2.4908,-0.1433,-0.0231,0.1991
-0.3449,-9.5418,-2.4525,-0.1408,-0.1238,0.1676
0.4598,-9.0436,-2.2992,-0.1445,-0.1372,0.1226
1.1113,-8.9286,-1.9927,-0.2598,-0.0352,0.0583
1.0730,-9.1969,-1.6095,-0.3570,0.0911,-0.0862
0.4982,-8.8903,-1.6861,-0.2161,0.1396,-0.1591
0.2299,-8.3921,-2.4525,-0.1068,0.0983,-0.1615
0.1150,-8.7370,-2.6058,-0.1603,0.0595,-0.1251
0.3066,-9.7717,-2.6824,-0.1214,0.0389,-0.0668
1.2646,-11.0363,-2.5675,-0.0279,0.0474,-0.0534
2.1459,-12.0709,-1.8777,0.0741,0.2258,-0.0631
1.7627,-12.3391,-1.2646,0.0886,0.3764,-0.0461
1.3412,-11.8410,0.1150,0.0134,0.5925,-0.1238
0.6514,-11.8027,0.5748,-0.0437,0.7151,-0.1287
0.0000,-12.9139,0.0000,-0.1287,0.6471,-0.0874
-0.7281,-13.2971,-2.4142,-0.2465,0.2975,0.0789
-0.8430,-13.8336,-2.9123,-0.2756,0.1469,0.1761
-1.3029,-12.5691,-5.2499,-0.2380,-0.0777,0.1469
-1.6478,-10.0399,-6.8210,-0.1833,-0.2659,0.1299
-0.3066,-8.6221,-8.0856,-0.1542,-0.3958,0.1748
2.4142,-8.2389,-6.0163,-0.2938,-0.0437,0.2234
4.1386,-8.1239,-5.2116,-0.2525,0.1396,0.1724
3.8704,-9.3502,-4.4835,-0.3727,0.3278,0.0134
1.7627,-10.6530,-4.0236,-0.2841,0.4019,-0.2295
0.4215,-9.9250,-4.1003,0.0328,0.3485,-0.3618
-1.1496,-8.7370,-4.3302,0.0461,0.2064,-0.4140
-1.2263,-7.7790,-3.5255,-0.0279,-0.0024,-0.3497
-0.0383,-7.3958,-3.4488,0.0097,-0.1663,-0.2623
1.4562,-7.9323,-3.7171,-0.0935,-0.1117,-0.2161
2.7591,-8.6221,-2.9123,-0.1833,0.0109,-0.2161
3.1039,-9.1586,-3.0656,-0.1930,0.0279,-0.2283
2.6824,-9.4651,-3.3722,-0.2538,0.0826,-0.1833
2.4525,-9.5418,-3.0656,-0.2246,0.1785,-0.0996
2.1459,-9.1586,-3.1806,-0.0923,0.2963,-0.0704
1.7627,-8.9286,-2.8740,-0.0947,0.3533,-0.0109
1.9543,-9.1586,-2.7591,-0.1032,0.3594,0.0911
2.1076,-9.3118,-2.7591,-0.1166,0.3460,0.1712
1.9927,-9.1202,-2.3375,-0.1068,0.3570,0.2222
1.7627,-9.1969,-2.4142,-0.1032,0.2963,0.2355
1.7244,-9.8100,-2.3375,-0.0765,0.2513,0.2283
1.1113,-10.4614,-2.0693,0.0716,0.1712,0.2440
0.6514,-11.0746,-1.8394,0.2076,-0.0571,0.2744
1.1113,-11.2279,-2.1843,0.3363,-0.1153,0.3096
1.0346,-11.1512,-2.0693,0.2938,-0.1384,0.3096
1.0730,-10.8830,-1.9543,0.1967,-0.2525,0.2780
1.6861,-10.8830,-1.4562,0.1020,-0.4371,0.2744
2.1459,-11.6494,-1.6861,0.0668,-0.6144,0.2331
1.3795,-12.9139,-3.3339,0.1093,-0.8924,0.1663
1.0730,-13.0289,-5.7097,-0.0850,-0.9264,0.0656
1.9927,-10.9979,-6.4378,-0.0425,-0.6872,-0.1591
2.5675,-7.8173,-6.4378,0.0134,-0.2878,-0.4249
1.4945,-7.2425,-5.8630,-0.2513,-0.0255,-0.5767
-0.3832,-9.0053,-4.3302,-0.2052,-0.0146,-0.5027
-1.3412,-11.0363,-4.1386,-0.1761,0.0425,-0.2671
-0.4215,-11.4578,-3.8704,-0.1044,0.1396,-0.0692
0.7281,-10.8063,-3.7937,-0.0121,0.0983,0.0498

