-.-.-
0.2682,-15.2898,-5.3648,1.2141,0.2040,-0.0923
1.2646,-14.7150,-8.0856,1.1170,0.1663,0.0911
1.3795,-17.7040,-7.1659,0.2380,0.0170,0.1603
-0.6131,-17.9339,-5.3265,0.9895,0.2088,0.4395
-0.6514,-12.6840,-2.9507,2.3093,0.2950,0.3995
-0.0383,-5.8247,-2.2992,2.6031,0.1299,0.2975
-0.0766,-2.7207,-0.1150,2.1806,0.1967,0.2489
-0.4215,-2.9890,0.4982,1.8613,-0.0291,0.2355
-0.3832,-8.3921,1.8394,1.0235,0.0911,0.1384
-0.4982,-13.7953,-0.4598,0.2902,0.1287,0.1578
0.3449,-14.9066,-2.7207,0.8171,-0.2440,0.2440
-0.4598,-12.7607,-0.8047,2.1260,-0.1275,0.1870
-0.3832,-7.8557,1.1113,2.8350,-0.1688,0.1056
-0.1533,-4.0620,1.7627,2.0701,-0.2270,0.0801
-0.3832,-5.9780,1.9160,0.7564,-0.2513,0.0474
-0.4215,-9.8483,0.8047,0.3072,-0.2756,0.1323
-0.5365,-11.8410,0.2682,0.5876,-0.2295,0.1736
-0.5748,-11.3428,1.1113,1.0502,-0.2841,0.1457
-0.3832,-9.6184,1.5711,1.1122,-0.3327,0.0583
-0.3832,-8.3155,1.1496,0.8888,-0.3242,0.0000
-0.5365,-8.4305,0.8047,0.5743,-0.3157,0.0316
-0.3066,-9.4651,0.7281,0.3400,-0.3242,0.0352
-0.1916,-10.1549,0.6131,0.3072,-0.3412,0.0109
0.1533,-10.1166,0.9580,0.3740,-0.3278,-0.0352
0.2682,-9.6567,0.6898,0.3485,-0.2890,-0.0996
0.2299,-9.1969,-0.0383,0.1991,-0.2210,-0.1068
0.0766,-9.5801,0.1533,0.0777,-0.1481,-0.0583
-0.2299,-9.8483,0.3066,0.1530,-0.0886,-0.0121
-0.4982,-10.0016,0.2682,0.1360,-0.0498,-0.0109
-0.7664,-9.7717,0.7281,0.0668,-0.0595,0.0000
-0.8430,-9.5034,0.7664,0.0401,-0.0607,0.0073
-0.4982,-9.3118,0.8814,-0.0765,-0.0061,0.0291
-0.0766,-9.6567,0.8814,-0.1287,0.0692,0.0340
0.1916,-10.0782,0.9963,-0.0959,0.0898,0.0146
0.1150,-9.9633,0.8430,-0.0413,0.1056,0.0085
0.3066,-9.6567,0.9580,-0.0316,0.1518,0.0024
0.2299,-9.3118,1.2263,-0.0425,0.2100,-0.0073
0.2682,-9.3118,1.2263,-0.0801,0.2586,-0.0146
0.0383,-9.3885,1.3412,-0.1736,0.2999,-0.0243
-0.1916,-9.5418,1.4945,-0.2635,0.3460,-0.0267
-0.3449,-9.4651,1.1879,-0.3035,0.3946,-0.0328
-0.3449,-9.2735,0.8814,-0.3861,0.4249,-0.0413
-0.4982,-9.5418,0.9963,-0.4711,0.4383,-0.0389
-0.4215,-9.5418,0.7281,-0.5136,0.4249,-0.0389
-0.3449,-9.5418,0.4215,-0.5549,0.4177,-0.0243
-0.3449,-9.6950,0.4598,-0.5876,0.3825,-0.0206
-0.4982,-9.6567,0.2299,-0.6107,0.3460,0.0049
-0.3066,-9.7717,0.1533,-0.6386,0.3169,0.0158
-0.4982,-9.5801,0.1916,-0.6059,0.2865,0.0000
-0.3832,-9.6184,0.1150,-0.6775,0.2404,-0.0085
-0.2682,-9.7334,-0.4215,-0.7078,0.2100,-0.0134
0.0000,-10.0782,-0.6131,-0.6496,0.2003,-0.0206
0.0383,-10.4998,-0.4598,-0.5500,0.1773,-0.0291
0.0383,-10.3465,-0.8047,-0.3752,0.1676,-0.0364
0.0000,-10.0016,-0.9963,-0.2659,0.1481,-0.0279
-0.1916,-10.0016,-0.7664,-0.2355,0.1311,-0.0170
-0.3066,-9.7717,-1.0730,-0.2173,0.1287,-0.0049
-0.4982,-9.8483,-1.2263,-0.2513,0.1032,0.0061
-0.4598,-9.9633,-1.2646,-0.2246,0.1214,-0.0012
-0.5748,-9.8866,-1.3029,-0.1712,0.1372,-0.0109
-0.4598,-9.9250,-1.0346,-0.1761,0.1421,-0.0146
-0.4215,-9.8483,-0.9963,-0.1615,0.1311,-0.0049
-0.3832,-9.7717,-1.0346,-0.1724,0.1093,0.0085
-0.3449,-9.5801,-1.0346,-0.2149,0.1178,0.0146
-0.1533,-9.7717,-1.2263,-0.2319,0.1287,0.0049
-0.2682,-9.8866,-1.0346,-0.2137,0.1226,-0.0036
-0.1533,-9.8866,-1.1496,-0.1785,0.1081,-0.0012
-0.0383,-10.0782,-1.1113,-0.1408,0.0911,0.0109
-0.1916,-9.6950,-0.8814,-0.1214,0.0498,0.0097
-0.3449,-9.5418,-1.0346,-0.1287,0.0243,0.0073
-0.3832,-9.6184,-1.0730,-0.1761,0.0097,-0.0036
-0.3066,-9.7717,-1.1496,-0.1955,0.0206,-0.0024
-0.3066,-9.8866,-1.1113,-0.1736,0.0194,-0.0012
-0.3066,-9.9633,-1.1879,-0.1311,0.0012,0.0024
-0.4598,-9.8100,-1.3029,-0.1056,-0.0085,0.0158
-0.2682,-9.8100,-1.2263,-0.0838,0.0024,0.0121
-0.3066,-9.6567,-1.3029,-0.0886,0.0231,-0.0085
-0.2299,-9.5801,-1.2263,-0.1238,0.0389,-0.0170
-0.0766,-9.6184,-1.4945,-0.1712,0.0461,-0.0073
0.0000,-9.7717,-1.4179,-0.1894,0.0340,-0.0097
-0.1533,-9.8100,-1.3412,-0.1663,0.0206,-0.0182
-0.3449,-9.6567,-1.5328,-0.1554,0.0219,-0.0206
-0.1533,-9.7334,-1.8394,-0.1651,0.0316,-0.0109
-0.1916,-9.9633,-1.4945,-0.1566,0.0206,-0.0085
-0.3066,-9.8483,-1.4945,-0.0874,-0.0024,-0.0146
-0.4982,-9.7717,-1.4562,-0.0510,-0.0121,-0.0109
-0.2299,-9.6950,-1.4562,-0.0510,-0.0049,-0.0024
-0.2299,-9.5801,-1.6861,-0.0643,0.0134,0.0121
-0.2299,-9.5418,-1.6478,-0.0911,0.0158,0.0182
-0.1150,-9.7717,-1.8011,-0.1044,0.0231,0.0206
-0.1533,-9.8100,-1.6861,-0.1093,0.0449,0.0158
-0.2682,-9.8483,-1.8011,-0.0898,0.0765,0.0061
-0.1533,-9.8866,-1.6861,-0.0583,0.0971,0.0024
-0.3449,-9.8866,-1.4945,-0.0437,0.1081,0.0024
-0.3066,-9.6184,-1.6861,-0.0522,0.1020,0.0073
-0.2299,-9.6184,-1.6861,-0.0826,0.0886,0.0170
-0.2299,-9.5801,-1.6095,-0.1129,0.0741,0.0243
-0.1150,-9.7717,-1.6095,-0.1153,0.0753,0.0170
-0.3832,-9.6950,-1.7627,-0.0996,0.0850,0.0097
-0.3066,-9.7717,-1.8777,-0.0668,0.1032,0.0109
-0.2299,-9.8866,-1.7244,-0.0219,0.1141,0.0085
-0.2682,-9.7334,-1.6861,0.0012,0.1178,0.0049
-0.3449,-9.6950,-1.6095,0.0085,0.1081,0.0085
-0.3449,-9.5801,-1.5711,0.0000,0.1081,0.0134
-0.3066,-9.6950,-1.7627,-0.0170,0.1032,0.0121
-0.2299,-9.7334,-1.8777,-0.0352,0.1056,0.0073
-0.3449,-9.6950,-1.8394,-0.0231,0.1081,0.0000
-0.4215,-9.6950,-1.8777,-0.0109,0.1190,-0.0061
-0.4598,-9.6184,-1.8394,-0.0097,0.1238,-0.0073
-0.4215,-9.6567,-1.7244,-0.0036,0.1263,-0.0097
-0.4215,-9.5801,-1.6861,-0.0073,0.1166,-0.0146
-0.3832,-9.5801,-1.6861,-0.0510,0.1093,-0.0231
-0.3066,-9.5418,-1.6478,-0.0777,0.1020,-0.0267
-0.3449,-9.6950,-1.7244,-0.1008,0.1141,-0.0255
-0.4215,-9.6184,-1.7627,-0.1457,0.1226,-0.0376
-0.3066,-9.6950,-1.8011,-0.1663,0.1336,-0.0425
-0.0766,-9.7334,-1.9543,-0.1190,0.1263,-0.0413
-0.2299,-9.6184,-1.8777,-0.1117,0.1068,-0.0376
-0.1533,-9.6184,-1.9543,-0.1445,0.1056,-0.0304
-0.2299,-9.6950,-2.0693,-0.1518,0.0971,-0.0243
-0.3066,-9.6950,-1.9543,-0.1299,0.0741,-0.0243
-0.1916,-9.7717,-1.9160,-0.1129,0.0692,-0.0134
-0.1533,-9.7334,-1.8777,-0.0777,0.0728,-0.0085
-0.1533,-9.5418,-2.0693,-0.0643,0.0850,-0.0049
-0.1150,-9.6567,-2.0693,-0.0607,0.0886,-0.0073
-0.2299,-9.6184,-1.9160,-0.0728,0.0850,-0.0073
-0.3066,-9.6950,-2.0310,-0.0680,0.0813,-0.0024
-0.3066,-9.7717,-2.0310,-0.0474,0.0862,0.0012

