-.-.-
-9.8483,-1.6861,2.1076,0.1918,0.1530,0.0389
-10.0782,-1.5328,2.0693,0.1603,0.0595,0.0364
-10.2315,-1.3412,1.9543,0.1020,-0.0340,0.0692
-10.2698,-1.0730,1.8011,0.0182,-0.1141,0.0983
-10.1549,-1.2646,2.0693,-0.0704,-0.2416,0.1360
-10.2315,-1.3029,2.3375,-0.0716,-0.3897,0.1639
-9.8866,-1.1496,2.3759,0.0413,-0.4735,0.1591
-9.6950,-0.8047,2.6058,0.1360,-0.4298,0.1238
-9.6184,-0.8430,2.8740,0.1348,-0.4104,0.0959
-9.3502,-0.7664,3.1423,0.0850,-0.4310,0.0898
-9.1586,-0.3449,3.6404,0.0546,-0.4055,0.0668
-9.3502,-0.3066,4.1386,0.1044,-0.4165,0.0413
-9.1969,-0.1533,3.9087,0.1651,-0.3934,0.0049
-9.0053,-0.1533,3.5255,0.1930,-0.3363,-0.0437
-8.8903,-0.1916,3.6404,0.1918,-0.2902,-0.0813
-8.8137,-0.2299,3.8704,0.1299,-0.2088,-0.0959
-8.7754,-0.6514,3.8704,-0.0012,-0.1141,-0.1032
-8.8520,-0.9197,3.7554,-0.0352,-0.0850,-0.1032
-8.8137,-0.9963,4.1003,0.0461,-0.0571,-0.0838
-8.6221,-1.0346,3.7937,0.1190,-0.0061,-0.0498
-8.8137,-0.8047,3.9470,0.0983,0.0619,-0.0364
-8.8903,-0.6898,3.6404,0.0583,0.0668,-0.0352
-8.7370,-0.3832,3.2572,-0.0255,0.0352,-0.0376
-9.1969,-0.8814,3.6021,-0.0728,0.0304,-0.0449
-8.8903,-1.1113,3.7554,-0.0741,0.0801,-0.0486
-9.0819,-1.0346,3.8320,-0.0219,0.0862,-0.0352
-9.2735,-0.8047,3.5638,-0.0121,0.0801,-0.0194
-9.1586,-0.9580,3.6404,-0.0559,0.0656,0.0036
-8.9670,-1.1113,3.5255,-0.0449,0.0765,0.0219
-8.9670,-1.0346,3.7171,0.0024,0.1129,0.0231
-8.9670,-0.8430,3.8704,0.0631,0.1469,0.0219
-8.9670,-0.9580,3.8704,0.0996,0.1700,0.0170
-8.9286,-1.1496,3.9087,0.0959,0.1870,-0.0036
-8.9670,-1.0346,3.9470,0.1348,0.2064,-0.0194
-9.1969,-0.9197,3.9853,0.2028,0.2258,-0.0267
-9.3118,-0.5748,3.6021,0.2198,0.2234,-0.0243
-9.0819,-0.5748,3.3722,0.1712,0.2465,-0.0267
-8.9286,-0.6131,3.4488,0.1008,0.2793,-0.0279
-8.9670,-0.7281,3.4488,0.0619,0.2987,-0.0267
-8.9286,-0.7664,3.6021,0.0728,0.3230,-0.0267
-9.2352,-0.7281,3.5638,0.1360,0.3278,-0.0279
-9.4651,-0.4215,3.1039,0.1603,0.2914,-0.0255
-9.6567,-0.1533,2.9507,0.1068,0.3072,-0.0401
-9.5418,-0.3066,2.9890,0.0097,0.3181,-0.0559
-9.6950,-0.7664,3.2955,-0.0777,0.2938,-0.0571
-9.4651,-1.2263,3.6787,-0.0534,0.2137,-0.0413
-9.4651,-1.0730,3.3722,0.0850,0.2052,-0.0279
-9.2735,-0.8814,3.3339,0.1360,0.2538,-0.0219
-9.3502,-0.7664,3.1039,0.0474,0.2963,-0.0279
-9.9633,-1.3029,3.1039,-0.0510,0.2283,-0.0364
-9.9250,-0.6898,2.8740,-0.0413,0.1518,-0.0376
-9.7334,-0.5365,2.6824,-0.0534,0.1627,-0.0461
-9.5034,-0.5365,2.7974,-0.0522,0.1481,-0.0498
-9.6184,-0.7281,3.1423,-0.0352,0.1323,-0.0498
-9.6184,-0.9580,3.2189,-0.0340,0.0559,-0.0255
-9.3118,-1.1113,3.0656,-0.0413,0.0595,-0.0061
-9.5034,-0.9963,2.8740,-0.0291,0.1056,-0.0121
-9.6567,-0.6514,2.7207,-0.0061,0.0571,-0.0121
-9.6184,-0.4598,2.5291,-0.0316,0.0012,0.0036
-9.6184,-0.3449,2.4908,-0.1032,0.0291,-0.0024
-9.8866,-0.5365,2.6824,-0.1542,0.0510,-0.0170
-9.3118,-0.7281,2.7207,-0.1833,0.0376,-0.0036
-9.5034,-0.8430,2.8740,-0.1882,0.0206,0.0267
-9.3502,-0.8430,2.9123,-0.1724,0.0170,0.0522
-9.5418,-0.7664,2.7974,-0.1676,-0.0595,0.0765
-9.5034,-0.8430,2.9123,-0.1566,-0.1372,0.0983
-9.4268,-0.7664,2.9890,-0.1384,-0.1093,0.0813
-9.4268,-0.9197,3.1806,-0.1372,-0.0838,0.0546
-9.6950,-0.8814,3.1806,-0.0813,-0.0947,0.0486
-9.6567,-1.0730,3.4488,-0.0182,-0.1287,0.0304
-9.6184,-0.9197,3.2955,0.0061,-0.1493,0.0121
-9.5418,-0.3832,2.4525,-0.0012,-0.1457,-0.0158
-9.3502,-0.4598,3.1039,-0.1008,-0.1105,-0.0413
-9.2735,-0.4598,3.1806,-0.1809,-0.1445,-0.0474
-9.3118,-0.7664,3.5638,-0.1700,-0.1918,-0.0316
-9.5034,-0.8047,3.6404,-0.1336,-0.2040,-0.0170
-9.5034,-0.9580,3.2189,-0.0801,-0.2708,-0.0049
-9.4268,-0.8814,3.0656,-0.1275,-0.2793,-0.0279
-9.1586,-0.8814,2.9890,-0.1348,-0.2610,-0.0304
-9.0053,-0.7664,2.8357,-0.1129,-0.2416,0.0085
-8.2389,-0.8047,2.9890,-0.1603,-0.1712,0.0474
-8.2772,-1.0346,3.6404,-0.2744,-0.0559,0.0352
-8.5838,-1.2646,3.9087,-0.2149,-0.0425,0.0316
-9.0819,-1.0730,4.1386,-0.0923,-0.0898,0.0546
-9.2352,-1.0346,3.9853,-0.0789,-0.1384,0.0911
-9.2735,-1.1113,4.0620,-0.0364,-0.1214,0.1068
-9.1969,-0.8430,4.4452,0.0243,-0.0983,0.0838
-9.0053,-0.7664,4.2536,0.0267,-0.1129,0.0401
-8.8520,-0.8430,4.0620,0.0389,-0.0813,0.0012
-8.5071,-0.7664,3.7937,0.0813,-0.0170,-0.0340
-8.4688,-0.6514,3.8704,0.0789,0.0340,-0.0437
-8.2772,-0.6131,4.0236,0.0571,0.0692,-0.0243
-8.2389,-0.8047,4.4068,0.0279,0.1627,-0.0024
-8.3921,-0.9197,4.4452,0.0716,0.1761,0.0267
-8.8520,-0.8430,4.3685,0.1141,0.1773,0.0571
-9.1969,-0.6514,4.0236,0.0947,0.2173,0.0716
-9.5418,-0.3449,3.6404,0.0036,0.2161,0.0716
-9.5034,-0.3066,3.7171,-0.1263,0.1748,0.0680
-9.3502,-0.6898,3.7171,-0.2222,0.1639,0.0716
-9.1969,-1.0346,3.9087,-0.2574,0.1773,0.0704
-8.9670,-1.6095,4.0236,-0.1930,0.1578,0.0498
-8.8903,-1.4179,3.9470,0.0012,0.1251,0.0279
-8.9286,-1.1113,3.7171,0.1372,0.1299,0.0194
-8.7370,-0.6898,3.7171,0.1311,0.1651,0.0182
-8.9286,-0.5748,4.0236,0.0777,0.2100,0.0231
-8.8903,-0.5365,4.2152,0.0826,0.2088,0.0291
-8.9670,-0.5365,4.1003,0.0947,0.2015,0.0255
-9.1202,-0.5748,3.9087,0.0765,0.2270,0.0182
-9.1202,-0.5748,3.6787,0.0583,0.2550,0.0109
-9.2735,-0.5748,3.2955,0.0486,0.2829,-0.0036
-9.3118,-0.5748,3.5638,0.0741,0.2878,-0.0146
-9.2735,-0.6131,3.5638,0.1178,0.2744,-0.0194
-9.3502,-0.5365,3.5638,0.1384,0.2695,-0.0279
-9.3885,-0.6131,3.4488,0.1129,0.2610,-0.0376
-9.2735,-0.6131,3.5638,0.0983,0.2453,-0.0413
-9.4268,-0.5365,3.3339,0.0947,0.2440,-0.0461
-9.3885,-0.5365,3.4871,0.0704,0.2428,-0.0534
-9.3502,-0.5365,3.4105,0.0522,0.2756,-0.0498
-9.6184,-0.5748,3.6021,0.0316,0.3096,-0.0571
-9.6950,-0.8814,3.4488,0.0061,0.3084,-0.0619
-9.8483,-0.8814,2.7974,0.0631,0.2647,-0.0716
-10.0016,-0.6898,2.9890,0.1299,0.2404,-0.0911
-9.6950,-0.4982,2.7974,0.0704,0.2440,-0.1044
-9.5418,-0.3449,2.6058,-0.0267,0.2064,-0.0801
-9.3885,-0.1533,2.6441,-0.1153,0.1493,-0.0461
-9.2352,-0.1533,2.8740,-0.1688,0.0850,-0.0231
-9.0819,-0.3449,2.7207,-0.1639,-0.0158,-0.0134
-8.9670,-0.5748,3.1039,-0.1408,-0.0364,-0.0146

