-.-.-
-0.9197,-7.5874,-2.4908,-0.1141,0.3375,0.0838
-1.3029,-8.0856,-2.1843,-0.1457,0.4310,0.1093
-1.4179,-8.2772,-2.2992,-0.0376,0.4310,0.1627
-1.4945,-8.2005,-2.2992,0.0049,0.3448,0.1712
-1.4945,-8.3538,-2.1843,-0.0474,0.2307,0.0983
-1.1496,-8.8520,-1.6861,-0.0571,0.1663,-0.0036
-1.2646,-9.5034,-1.3795,-0.0364,0.1858,-0.0631
-1.4179,-10.3465,-1.4562,-0.0243,0.2319,-0.0801
-1.5711,-10.3848,-1.8011,0.0510,0.1906,-0.0534
-1.8011,-9.6184,-2.6058,0.1214,0.0656,-0.0413
-2.3759,-9.0819,-2.3759,0.0826,-0.0364,-0.0692
-1.9543,-10.4231,-1.3412,-0.0813,0.0522,-0.0996
-0.6514,-12.6457,-0.4598,-0.0255,0.3217,-0.0716
0.4215,-12.9523,-2.5291,0.1251,0.3970,0.0474
-1.4179,-11.9559,-2.7207,0.1930,0.2695,0.2222
-2.2226,-10.2315,-3.4871,0.1068,0.1930,0.2392
-2.4142,-9.5418,-5.2882,-0.1493,0.1469,0.1445
-1.9160,-9.5034,-6.7061,-0.1056,0.0231,0.2040
-0.9963,-9.5418,-5.2882,0.1663,0.0328,0.3885
1.4945,-8.3921,-3.6021,0.4432,0.3557,0.3946
1.9543,-7.1276,-3.1806,0.2853,0.3910,0.2987
0.8430,-8.0089,-3.1806,-0.0510,0.1967,0.2234
-0.6514,-9.6950,-3.0656,-0.1603,0.0049,0.1421
-1.5711,-10.6914,-3.8320,-0.1117,-0.2319,0.0146
-1.2263,-10.7297,-3.8704,0.0643,-0.1906,-0.1724
-0.8430,-9.1969,-3.0656,0.2793,-0.0219,-0.2841
-0.5365,-7.7407,-2.3759,0.2732,0.0024,-0.2453
-0.6131,-7.4725,-2.1459,0.1336,-0.1093,-0.1566
-0.6131,-7.8557,-2.0693,0.1311,-0.2817,-0.1506
-0.4215,-7.8557,-2.2226,0.1275,-0.4128,-0.2659
-0.0383,-7.9706,-2.4142,-0.0643,-0.4140,-0.3812
0.0000,-8.2005,-2.1843,-0.2695,-0.2647,-0.3533
0.4215,-8.8903,-1.6478,-0.2878,-0.0692,-0.2222
0.5748,-9.1202,-1.2263,-0.2028,0.0692,-0.0728
0.2299,-9.6567,-0.8047,-0.2064,0.0425,0.0267
-0.0766,-10.6914,-0.8814,-0.2246,-0.0801,0.0765
-0.4598,-11.6111,-1.3412,-0.0996,-0.1445,0.1238
-0.1533,-11.6494,-2.1843,0.0789,-0.0049,0.1445
0.9197,-10.7297,-1.6095,0.2635,0.0959,0.1166
0.0000,-10.3082,-0.7281,0.3084,-0.0461,0.1421
-2.1459,-11.7643,-1.4562,0.0862,-0.3521,0.1967
-2.6824,-12.6074,-2.1843,0.0546,-0.4517,0.0898
-0.6898,-11.6111,-3.6787,0.1615,-0.1178,-0.1712
1.5711,-10.6530,-4.6368,0.0255,0.2683,-0.3424
2.1459,-9.1969,-5.3648,0.0716,0.5051,-0.4820
0.5365,-7.8173,-5.2882,0.2647,0.4456,-0.5512
-2.4142,-7.5491,-4.4068,0.1493,0.0559,-0.4383
-3.1423,-8.1622,-4.1003,-0.0996,-0.2161,-0.3023
-2.7207,-9.6567,-3.6787,-0.2270,-0.2222,-0.1979
-0.9963,-10.9596,-3.2189,-0.1506,-0.0073,-0.1457
0.2299,-10.8830,-3.1806,0.0279,0.2100,-0.0449
0.2682,-9.8483,-2.9507,0.1251,0.1809,0.1299
0.0383,-8.6987,-2.4908,0.1845,0.1008,0.2355
-0.2682,-7.6257,-2.5675,0.2088,0.0668,0.1979
-0.3832,-7.1276,-2.7207,0.1578,0.1178,0.1287
-0.4982,-7.2425,-1.9160,0.0291,0.2987,0.1008
-0.9580,-7.7024,-1.7627,-0.0911,0.4772,0.1421
-1.5711,-8.0473,-1.5711,-0.1663,0.4978,0.1991
-1.8394,-8.5071,-1.4945,-0.1967,0.3910,0.1870
-1.8394,-9.0819,-1.4179,-0.1858,0.2319,0.1008
-1.4562,-9.5034,-1.0730,-0.1141,0.1445,0.0073
-1.1113,-10.0016,-0.9580,-0.0328,0.1651,-0.0437
-1.4562,-10.3465,-0.7664,0.0413,0.1542,-0.0146
-1.4945,-10.1549,-1.3029,0.1032,0.0789,0.0546
-1.7244,-9.5801,-1.8777,0.1178,-0.0012,0.0716
-2.3759,-9.5418,-1.4562,0.0474,-0.0401,0.0376
-2.2226,-10.8446,-0.8047,-0.0316,0.0340,0.0328
-1.1113,-12.2242,-2.1843,-0.1481,0.2185,0.0206
-0.5365,-13.0289,-2.5675,-0.1615,0.2659,0.0668
-1.5711,-12.1092,-3.1806,0.0522,0.3436,0.2137
-2.5675,-10.6530,-4.9816,-0.0182,0.2829,0.1991
-2.0693,-9.5034,-5.5181,-0.0109,0.0352,0.2392
-0.3832,-8.9286,-4.1769,0.0959,-0.0109,0.3339
1.9927,-8.2005,-3.3339,0.1421,0.1433,0.3047
2.1459,-7.8173,-3.3339,0.0182,0.1845,0.2598
1.3795,-8.5071,-3.2189,-0.1809,0.2465,0.1651
-0.1533,-9.4651,-2.7591,-0.3205,0.3181,0.0401
-0.9580,-10.3082,-2.9123,-0.3339,0.2161,-0.0401
-0.8047,-10.2315,-2.9123,-0.1457,0.1554,-0.1153
-0.8814,-8.9286,-2.6441,0.0182,0.1311,-0.1481
-1.0730,-7.9323,-2.6058,-0.0425,0.0801,-0.1299
-1.2263,-7.8557,-2.2609,-0.1396,-0.0401,-0.0983
-0.9197,-8.2005,-2.1076,-0.1081,-0.1858,-0.1020
-0.0383,-8.2389,-2.3375,-0.1044,-0.2489,-0.1615
0.5748,-8.2772,-2.4908,-0.2404,-0.1979,-0.2040
0.6514,-8.6987,-2.3375,-0.3387,-0.0643,-0.1761
0.6514,-8.9286,-1.4179,-0.2550,0.0668,-0.0911
0.1533,-9.2735,-1.1879,-0.1433,0.1214,-0.0219
-0.0383,-9.7334,-0.8814,-0.1238,0.0947,0.0255
-0.3449,-10.4231,-1.4179,-0.1396,0.0656,0.0607
0.2299,-11.1129,-2.7974,-0.1372,0.1943,0.0619
1.2646,-10.8830,-2.2609,0.0850,0.3485,0.0595
0.6131,-10.1932,-0.7281,0.2307,0.1542,0.1797
-1.3029,-11.1129,0.1533,0.1226,-0.2270,0.2865
-3.2572,-11.6877,-1.3412,0.1251,-0.2805,0.2841
-2.2992,-11.7260,-3.1806,0.0158,-0.3217,0.1591
0.4982,-10.8063,-3.4871,-0.0486,-0.1894,0.0097
1.7627,-9.6184,-6.5528,-0.2210,0.1663,-0.0231
2.1843,-9.0436,-6.9360,-0.2246,0.6508,-0.2258
0.0383,-8.2005,-5.4415,0.1603,0.6301,-0.4019
-2.7591,-7.7790,-4.1769,-0.0389,0.2453,-0.4092
-3.4488,-8.0473,-3.5255,-0.2137,0.1578,-0.2999
-2.8357,-9.5801,-3.4105,-0.2647,0.0231,-0.1943
-0.6898,-11.5727,-3.7171,-0.3230,-0.0219,-0.1008
0.4215,-11.9559,-3.5255,-0.0996,0.1457,0.0413
0.0000,-9.8100,-3.3722,0.2404,0.2246,0.1955
-0.0766,-7.5108,-3.0656,0.3084,0.2270,0.2562
-0.0766,-6.6294,-2.9123,0.1311,0.2161,0.2610
-0.3066,-7.1276,-2.5675,-0.0510,0.2586,0.1882
-0.6131,-7.9323,-2.1459,-0.0947,0.3727,0.1105
-1.2646,-8.2005,-2.2609,-0.0474,0.4577,0.1202
-1.8394,-8.0473,-2.1459,-0.0583,0.4747,0.1858
-1.7244,-8.2005,-2.0693,-0.1384,0.4371,0.1906
-1.4945,-8.6221,-1.6095,-0.1676,0.3849,0.1166
-1.1496,-9.5418,-1.2646,-0.1166,0.3861,0.0340
-1.3795,-10.3848,-0.9963,-0.0158,0.3934,-0.0219
-2.2992,-10.6147,-1.7627,0.1032,0.2416,0.0085
-2.5291,-10.3465,-2.6058,0.1433,0.0206,0.0328
-3.0273,-10.0016,-2.4908,0.1663,-0.0619,-0.0486
-2.0693,-10.8063,-1.1496,0.1372,0.0971,-0.1323
-0.6514,-12.2625,-1.1879,0.0692,0.3837,-0.1081
0.0766,-12.9139,-2.4525,0.0862,0.3327,0.0267
-0.9197,-11.8793,-3.0273,0.2744,0.2149,0.2052
-1.5711,-9.8483,-4.6751,0.1930,0.1566,0.1748
-2.0693,-8.5454,-5.7864,0.0874,0.0413,0.1663
-1.4945,-7.9706,-5.7480,0.1287,0.0935,0.2368
1.0346,-8.2005,-4.6368,0.1372,0.3970,0.2598
1.7244,-7.9323,-4.1003,0.0534,0.6046,0.2040

