-.-.-
0.2682,-9.0436,-2.7974,-0.0389,0.0267,-0.0097
0.2682,-9.0436,-2.9123,-0.0352,0.0571,-0.0109
0.3832,-9.0819,-2.8357,-0.0340,0.0571,-0.0073
0.1916,-9.1586,-2.9123,-0.0595,0.0680,-0.0097
0.1533,-9.0819,-2.8357,-0.0498,0.1008,0.0049
0.1916,-8.6987,-2.9123,-0.0680,0.1153,0.0146
0.2682,-8.5454,-3.0273,-0.1615,0.1117,0.0231
0.1533,-8.6987,-2.8740,-0.1955,0.1275,0.0267
-0.1150,-8.6987,-3.0656,-0.1882,0.0983,0.0134
-0.2299,-8.7370,-3.0273,-0.1858,0.0765,-0.0097
-0.1150,-8.4305,-3.2189,-0.1724,0.0097,-0.0364
-0.1150,-7.4725,-3.8320,-0.2246,-0.0862,-0.0753
-0.1150,-6.2079,-4.4452,-0.4371,-0.1457,-0.1117
0.0766,-5.8247,-4.0236,-0.6617,-0.2015,-0.1591
-0.0766,-6.2845,-3.9470,-0.6581,-0.2805,-0.2368
-0.1533,-5.9396,-3.5638,-0.6374,-0.2574,-0.2768
0.3832,-5.1732,-2.8357,-0.5184,-0.1967,-0.2647
0.9580,-4.9050,-1.8011,-0.2817,-0.0085,-0.2453
1.1113,-5.5564,-1.1113,-0.0753,0.1275,-0.2210
2.1076,-6.7061,-1.0730,0.1190,0.3254,-0.1542
2.4908,-9.4651,-0.5748,0.1275,0.6544,-0.1736
2.3375,-13.6037,-0.8430,0.3108,0.6241,-0.1748
0.8430,-17.4741,-2.3759,0.7443,0.7904,-0.0789
-1.0346,-20.0415,-4.7134,1.0879,0.6860,0.0194
-1.9543,-21.4594,-6.1696,0.9992,0.5597,0.0328
-0.6131,-22.7239,-6.8977,0.8863,0.2938,0.0182
0.8047,-24.0652,-7.2042,0.9215,0.0680,0.0911
0.8814,-25.1764,-6.5145,1.0527,-0.1129,0.2064
0.4982,-24.1801,-5.9780,0.8426,-0.3521,0.3460
-0.6131,-20.1948,-6.4378,0.7455,-0.5172,0.4626
-1.1879,-12.8756,-7.0126,0.5488,-0.8803,0.5488
0.1533,-2.9507,-6.8593,-0.4310,-1.1789,0.6629
-0.4215,4.5601,-2.1459,-0.6981,-1.1073,0.3970
5.0583,4.3685,-0.9197,-0.2198,-0.7394,0.1493
3.0273,3.8320,-8.0856,-0.0243,-0.2270,-0.3922
-1.4945,0.5365,-7.5491,-0.9774,-0.0680,-0.0073
-1.4179,-7.7407,1.9160,-0.6131,-0.1299,0.2926
-0.4598,-10.3465,4.7134,1.7969,-0.1736,0.0219
0.8430,-3.7937,3.7171,2.8180,-0.2380,-0.1809
-1.0346,6.1313,1.9927,1.6185,-0.3157,-0.4674
-1.5711,6.2845,-0.0383,-0.8924,-0.4237,-0.3302
0.4598,-0.1916,-0.6131,-1.7484,-0.4517,0.1433
1.6861,-3.0273,-1.6861,-0.5367,-0.5585,0.3217
0.7664,-1.4562,-1.4179,0.6435,-0.4262,0.2185
-0.7664,0.4215,-0.7664,0.6836,-0.1955,0.0194
-0.4982,0.7664,-1.4179,0.1287,-0.0947,-0.1068
0.0000,0.0383,-1.4945,-0.2319,-0.1178,-0.0862
1.6478,-2.7207,-2.6824,-0.3667,-0.1348,-0.0376
4.0620,-9.6950,-0.5748,-0.7588,0.8669,-0.2501
4.0620,-18.4704,-3.7171,-0.2015,0.7103,-0.2720
-7.2425,-23.4904,-10.3465,0.2695,0.4674,-0.3570
-2.6441,-25.7129,-3.2572,0.1117,-0.0607,0.2623
-0.9580,-27.1308,-5.9780,0.8560,0.0838,0.0328
-2.4142,-27.4757,-10.1932,-1.3841,0.1967,-0.7309
4.7900,-24.8699,1.4945,1.4460,-0.2465,-0.3970
4.2536,-15.1748,-2.1459,3.0536,-0.0753,0.0012
-0.2682,-6.0929,-2.3375,2.2619,0.1469,0.3873
-1.7627,2.9507,-3.7937,1.6852,-0.1032,0.7042
-1.9543,2.5291,-3.7554,-0.3339,-0.2768,0.4832
-2.8740,-5.7864,-1.6861,-2.2838,-0.1894,0.0267
-0.1533,-9.3885,-2.4908,-1.7277,-0.1493,-0.1943
2.8357,-8.2772,-2.9123,-0.2574,-0.1166,-0.3982
2.2992,-7.6257,-2.7591,0.3460,0.0097,-0.3557
0.1916,-9.0436,-1.5711,0.3910,0.1433,-0.1287
-0.5748,-10.2698,-1.9927,0.2538,0.1627,0.1081
-0.5365,-10.1549,-3.2572,-0.1651,0.1384,0.1967
0.0766,-10.9213,-2.5291,-0.2683,0.0255,0.0886
0.0383,-11.1129,-2.1459,0.1396,-0.0765,-0.0765
0.2682,-10.6914,-2.3759,0.2756,-0.0874,-0.0874
0.7664,-9.7717,-2.1843,0.3096,0.0134,-0.0728
0.6898,-8.2389,-2.1843,0.4055,0.0874,-0.0874
0.3449,-7.2042,-1.5328,0.2987,0.1360,-0.0522
0.0000,-7.6641,-1.5328,-0.0546,0.1275,0.0036
-0.0383,-8.7754,-1.4945,-0.2963,0.1044,0.0146
0.1533,-9.1586,-2.0310,-0.1421,0.0668,-0.0316
0.4982,-9.1202,-2.1459,0.0376,0.1081,-0.0643
0.6131,-10.1932,-2.0310,-0.0510,0.2100,-0.0692
0.4215,-10.7297,-2.2609,-0.2307,0.2756,-0.0789
0.2682,-10.7297,-1.8011,-0.0898,0.3060,-0.0571
0.1916,-9.6950,-1.9160,0.1845,0.2550,-0.0158
-0.1150,-8.6604,-2.0693,0.2635,0.2161,0.0231
-0.1533,-8.2005,-1.8394,0.2003,0.1700,0.0316
-0.0766,-8.5454,-2.1459,0.0328,0.1493,0.0134
-0.1533,-9.2735,-2.1843,-0.1336,0.1578,-0.0219
-0.0766,-9.9633,-1.9543,-0.0983,0.1214,-0.0437
0.0383,-9.8100,-1.9160,0.0983,0.0680,-0.0437
-0.0383,-9.3502,-1.9543,0.2392,0.0291,-0.0267
0.0766,-9.1586,-1.8394,0.2465,0.0000,-0.0206
0.0766,-9.0436,-1.9160,0.1870,-0.0085,-0.0243
0.1533,-9.0436,-1.9543,0.0947,-0.0024,-0.0206
0.1533,-9.5034,-1.8011,0.0413,-0.0194,-0.0097
0.1533,-9.5034,-1.9543,0.0486,-0.0243,-0.0134
0.1533,-9.5034,-1.8777,0.0850,-0.0267,-0.0194
0.1150,-9.2735,-1.9160,0.1141,-0.0267,-0.0279
0.1916,-9.3118,-1.8777,0.1141,-0.0158,-0.0291
0.2299,-9.3885,-1.8394,0.0728,-0.0182,-0.0170
0.0766,-9.3885,-1.7244,0.0631,-0.0328,-0.0109
0.0766,-9.5801,-1.8394,0.0522,-0.0121,-0.0158
0.2299,-9.5418,-2.0310,0.0340,0.0024,-0.0255
0.3066,-9.4268,-2.1459,0.0498,0.0049,-0.0206
0.2299,-9.3118,-2.0693,0.0813,-0.0036,-0.0146
0.3066,-9.3502,-1.9927,0.0765,0.0061,-0.0012
0.4598,-9.5034,-1.9160,0.0474,0.0109,0.0109
0.1533,-9.4268,-1.9543,0.0498,0.0206,0.0134
0.2299,-9.2735,-2.0693,0.1081,0.0231,0.0121
0.2299,-8.9286,-2.1459,0.1226,0.0486,0.0073
0.2682,-9.1586,-1.9160,0.0801,0.0838,-0.0012
0.2682,-9.3502,-1.6478,0.0413,0.1093,-0.0049
0.4215,-9.5034,-1.6095,0.0194,0.1238,-0.0012
0.3066,-9.5801,-1.9160,0.0158,0.1396,0.0121
0.3832,-9.6567,-1.6095,0.0510,0.1639,0.0206
0.2299,-9.5418,-1.6478,0.0850,0.1700,0.0194
0.0383,-9.4651,-1.7627,0.0826,0.1554,0.0158
-0.0383,-9.1969,-1.9543,0.0741,0.1469,0.0158
-0.0383,-9.3118,-1.8394,0.0704,0.1263,0.0194
0.1150,-9.3502,-2.0693,0.0595,0.1287,0.0255
0.2682,-9.3118,-1.8394,0.0546,0.1323,0.0182
0.0766,-9.3118,-2.0693,0.0838,0.1117,0.0194
-0.0383,-9.3885,-1.9543,0.1238,0.0753,0.0206
-0.0383,-9.4268,-1.9160,0.1445,0.0510,0.0146
0.0383,-9.3502,-1.9160,0.1311,0.0376,0.0036
0.0000,-9.2352,-1.8777,0.0789,0.0340,-0.0146
0.0766,-9.3118,-1.8394,0.0364,0.0291,-0.0182
0.0766,-9.5418,-1.9927,0.0401,0.0206,-0.0146
0.2299,-9.5801,-2.1076,0.0607,0.0073,-0.0073
-0.0383,-9.2352,-1.9927,0.0692,0.0061,-0.0073
0.0000,-9.2735,-2.0310,0.0510,0.0170,-0.0085
0.0000,-9.3118,-1.9927,0.0219,0.0352,-0.0134

