-.-.-
-1.6861,-10.7680,0.0766,-0.2501,-0.3375,0.2853
-1.7244,-10.0782,0.4982,-0.1615,-0.2234,0.2671
-1.3412,-10.0782,0.4598,-0.1676,-0.1008,0.2683
-1.6478,-10.3848,0.1533,-0.2198,-0.0134,0.2950
-2.0310,-10.5381,0.4598,-0.1712,0.0012,0.3642
-2.5291,-10.1549,0.2682,-0.1008,0.0219,0.3946
-1.7627,-9.8483,0.2682,-0.0534,0.0971,0.5148
-1.9160,-9.9633,0.2682,-0.0206,0.1530,0.5828
-2.1459,-10.1549,0.6131,0.0850,0.2550,0.6083
-1.9160,-10.3465,0.5365,0.1797,0.3497,0.5755
-1.9160,-10.1166,0.4982,0.2343,0.4310,0.5172
-1.9543,-10.0016,0.6131,0.3339,0.5816,0.4468
-1.4562,-9.2735,0.1916,0.3217,0.6823,0.3752
-2.0693,-9.0819,0.0383,0.2623,0.7625,0.3557
-2.2992,-9.0819,0.1150,0.2343,0.8936,0.3242
-2.8357,-8.9286,0.2299,0.1809,0.9992,0.2890
-3.2189,-9.3502,0.1150,0.1748,1.0721,0.2708
-3.4871,-9.0436,0.0000,0.1056,1.1777,0.1918
-3.8320,-9.1202,-0.1533,-0.0328,1.2542,0.2125
-3.5638,-9.4268,-0.2299,-0.1105,1.3635,0.2392
-3.6787,-9.2735,-0.3066,-0.2428,1.4630,0.2404
-3.5638,-9.3118,-0.7281,-0.3060,1.5917,0.2040
-4.1003,-9.7717,-0.0766,-0.3582,1.6100,0.2198
-3.7937,-9.1969,-0.7664,-0.4104,1.6039,0.2125
-3.8704,-8.6604,-1.0346,-0.4784,1.5565,0.1518
-5.1349,-10.4231,-0.2299,-0.6071,1.5031,0.1748
-3.7937,-9.2735,-1.3795,-0.6095,1.4667,0.1918
-3.3722,-9.0819,-1.3795,-0.6144,1.4108,0.2416
-3.2189,-8.9286,-1.3412,-0.5634,1.3088,0.2404
-3.4871,-8.6987,-1.6861,-0.5791,1.2396,0.2720
-3.3722,-8.9286,-1.8777,-0.5682,1.1474,0.3108
-3.1806,-9.2735,-1.9927,-0.5488,1.0697,0.3278
-3.5255,-9.8866,-1.5711,-0.4857,1.0551,0.3533
-3.3339,-9.4268,-2.0310,-0.5148,0.9677,0.3278
-3.1806,-9.5034,-1.9927,-0.5221,0.9725,0.3460
-3.1039,-9.3885,-1.7627,-0.4966,1.0612,0.3812
-2.7974,-9.2352,-1.8394,-0.4602,1.1279,0.4067
-3.3722,-9.0436,-2.4908,-0.3363,1.1680,0.5124
-4.1769,-8.8137,-2.5291,-0.1991,1.1838,0.5646
-3.7937,-8.5454,-2.6058,-0.0874,1.1704,0.6083
-3.9853,-8.9286,-2.4142,-0.0656,1.1267,0.6629
-4.0236,-8.5454,-2.5675,0.0449,1.1109,0.6496
-3.6404,-8.6987,-2.5675,0.0801,1.0794,0.6083
-3.6021,-8.3538,-2.9507,0.0801,1.0794,0.4881
-3.7937,-8.1239,-2.9890,0.0692,1.1425,0.3703
-3.9087,-8.2005,-2.6441,0.0559,1.1352,0.2720
-3.5638,-7.8940,-2.4908,0.0534,1.0745,0.1493
-3.9470,-7.7407,-3.1039,-0.0376,1.0599,0.0789
-4.4835,-8.5071,-4.2919,-0.2562,1.0223,0.1518
-4.2919,-9.7717,-3.8320,-0.5039,1.0162,0.1408
-4.0236,-10.1932,-3.7554,-0.4990,1.2445,-0.0765
-3.5638,-8.5454,-5.2116,-0.4165,1.4606,-0.0728
-3.5255,-7.7024,-5.2882,-0.5755,1.4193,0.1190
-4.1003,-8.4305,-3.9087,-0.4031,1.1971,0.3946
-2.3375,-8.6987,-4.0620,0.1445,1.1340,0.6678
-2.3759,-9.6950,-3.9853,0.2392,1.1207,0.5949
-3.2189,-10.1549,-4.2536,-0.1020,0.9410,0.2999
-3.4488,-10.6914,-4.5984,-0.2950,0.8329,0.0413
-2.7591,-10.3465,-4.2919,-0.2695,0.8062,-0.0862
-2.2609,-9.8483,-4.0236,-0.0680,0.7455,-0.0947
-1.6095,-9.2735,-3.8320,0.1554,0.6569,-0.0874
-1.4179,-8.6604,-3.6404,0.3023,0.6107,-0.0291
-1.4945,-8.1622,-3.7937,0.2659,0.5828,-0.0109
-1.3412,-8.3155,-4.0236,0.0073,0.6289,0.0279
-1.4945,-8.7754,-3.8704,-0.1578,0.6508,0.0231
-1.5711,-9.2352,-3.7554,-0.1785,0.6362,0.0061
-1.8011,-8.9286,-4.1003,-0.0680,0.6690,-0.0316
-1.3795,-8.7754,-4.1003,0.0182,0.7236,-0.0571
-1.1113,-8.6604,-3.7554,0.0340,0.7710,-0.0546
-1.0730,-8.7754,-3.5255,0.1190,0.8123,-0.0801
-1.2263,-8.6604,-3.4871,0.2586,0.8293,-0.1433
-1.3795,-8.4305,-3.9470,0.3047,0.8633,-0.1518
-1.2263,-8.7370,-4.6368,0.1408,0.9495,-0.1433
-1.5328,-9.1586,-4.4835,0.0194,0.8827,-0.1979
-1.3795,-8.5071,-4.7134,0.0619,0.7540,-0.2562
-1.7627,-8.6987,-4.6751,0.3315,0.7686,-0.2489
-1.2646,-9.1969,-3.7554,0.5014,0.7382,-0.2440
-1.1496,-9.5801,-3.5255,0.5986,0.6386,-0.2768
-0.8814,-9.3502,-3.4105,0.6957,0.5719,-0.3047
-0.7281,-9.1202,-3.1423,0.7892,0.5512,-0.3047
-0.4215,-8.9670,-2.4908,0.7953,0.5282,-0.3132
-0.4215,-8.4305,-2.4142,0.7321,0.4990,-0.3327
-1.1879,-7.9706,-3.4488,0.4747,0.4092,-0.3521
-1.6095,-8.0473,-4.3685,0.0862,0.1688,-0.2185
-2.6441,-7.7407,-4.4452,0.0243,0.0340,-0.1845
-3.7171,-7.0893,-6.7444,-0.1287,-0.2113,-0.1639
-1.7244,-8.1239,-7.3575,-0.5464,-0.2914,0.0498
-0.2299,-9.5418,-6.6294,-1.1534,-0.4444,0.1530
0.1150,-10.6530,-4.7900,-1.4800,-0.6653,-0.0061
0.0000,-9.8100,-4.8284,-0.7321,-0.6350,-0.2586
0.1916,-7.4725,-6.1313,0.1882,-0.2161,-0.2635
0.0383,-6.0546,-6.2462,0.2040,0.0376,-0.1238
-0.8047,-5.9396,-6.0163,-0.1056,0.0716,-0.1117
-1.5328,-6.8593,-5.6331,-0.3108,0.0134,-0.0486
-1.2646,-7.7790,-5.4798,-0.4177,-0.1360,-0.0571
-0.9197,-8.3155,-5.6714,-0.5306,-0.2380,-0.2149
-0.3066,-8.9670,-5.3265,-0.6046,-0.2368,-0.3885
0.3449,-9.1969,-5.5564,-0.4213,-0.2513,-0.4808
0.2299,-8.5071,-5.9013,-0.1736,-0.2392,-0.5087
0.9197,-8.0473,-5.5564,-0.1967,-0.2708,-0.4177
0.5748,-7.7024,-5.0583,-0.2562,-0.1166,-0.4359
0.6514,-7.4341,-5.0966,-0.2683,-0.0583,-0.4565
0.4982,-7.2809,-5.0200,-0.3047,-0.0947,-0.4917
0.3832,-7.0893,-5.1732,-0.4128,-0.1821,-0.5002
0.1150,-7.2042,-5.2882,-0.5027,-0.2513,-0.5087
0.2682,-7.4341,-4.9816,-0.4990,-0.3242,-0.5051
0.3832,-7.4341,-4.9433,-0.4419,-0.3982,-0.5148
0.6898,-7.6641,-4.7900,-0.3472,-0.4759,-0.5136
0.6514,-7.8940,-4.7134,-0.1858,-0.5561,-0.4954
0.9197,-8.0089,-4.7134,-0.0219,-0.6653,-0.4869
0.5748,-7.2809,-4.5601,0.0935,-0.7273,-0.5306
0.4982,-6.9360,-4.7900,0.0923,-0.7601,-0.5354
0.6131,-6.4378,-4.9816,0.0449,-0.7491,-0.4577
1.3795,-6.2079,-5.2882,-0.0716,-0.7370,-0.3679
1.2646,-6.3229,-5.9396,-0.2258,-0.8123,-0.3060
0.7281,-7.8940,-5.7864,-0.3254,-1.0539,-0.2331
1.0730,-9.0819,-6.3612,-0.1761,-0.9847,-0.0510
1.6095,-9.5418,-9.1586,-0.0704,-0.6083,-0.0826
0.4982,-9.5418,-10.8830,-0.2610,-0.1615,-0.3193
-1.5328,-9.8100,-8.7370,-0.2477,0.4723,-0.6034
-2.5291,-9.1586,-5.9013,-0.2295,0.8256,-0.6702
-2.1843,-9.5034,-4.7134,-0.2695,0.5209,-0.3849
-2.1843,-9.0053,-4.8667,-0.1117,0.1275,-0.2453
-2.5291,-7.9323,-4.7134,0.0911,-0.2465,-0.2926
-4.2919,-6.8593,-4.7134,0.3072,-0.7163,-0.2938
-5.4415,-5.9396,-5.4798,0.4067,-1.1644,-0.2465
-4.6751,-6.0546,-5.7864,0.1348,-1.3562,-0.2246
-2.5675,-6.5528,-5.4798,-0.2817,-1.2384,-0.2076

