-.-.-
1.1496,-7.9706,5.8630,-0.0789,-0.0352,0.0182
1.6095,-8.0856,5.8247,-0.2125,-0.0656,-0.0194
1.3412,-8.2389,4.4068,-0.4237,0.0923,-0.0789
1.1496,-8.5071,5.0966,-0.7807,0.5403,-0.0255
0.8047,-9.0436,5.5948,-0.6059,0.4298,0.0219
0.8047,-8.6987,5.5181,-0.3290,0.2489,0.0474
1.1879,-8.5838,5.2116,-0.2708,0.0850,0.0643
1.7627,-8.6221,5.0966,-0.1761,0.0097,0.0583
1.4945,-8.3921,5.0966,-0.1166,-0.0728,0.0680
1.1113,-8.0089,5.3648,-0.1469,-0.1566,0.0996
0.7281,-7.7790,5.3265,-0.2040,-0.2550,0.1299
0.4215,-7.8557,5.3265,-0.2453,-0.3509,0.1566
0.4215,-8.2005,5.2882,-0.2950,-0.4262,0.1845
0.3449,-8.4305,5.0966,-0.3837,-0.4177,0.2283
0.4215,-8.7370,5.0583,-0.4638,-0.3266,0.3169
0.4598,-9.0819,4.9433,-0.4857,-0.2744,0.3982
0.6898,-9.5034,4.8667,-0.4723,-0.2125,0.4432
0.6898,-9.5801,5.0200,-0.4298,-0.0971,0.4262
0.5365,-9.3118,4.7517,-0.3315,-0.0801,0.4055
0.5748,-9.6567,5.0583,-0.3023,-0.0898,0.3472
0.0766,-9.5418,4.9816,-0.3011,-0.0643,0.2501
0.7664,-9.1969,4.8667,-0.2440,0.0109,0.2052
0.5748,-9.3118,5.0200,-0.1845,0.0583,0.1299
1.1113,-9.3885,4.7134,-0.2064,0.0461,0.0959
0.7281,-9.1202,4.6368,-0.2732,0.1457,0.0534
0.7281,-9.2352,4.5984,-0.4201,0.2550,0.0546
0.5365,-9.2735,4.3302,-0.6083,0.2683,0.0036
0.9197,-9.8100,4.2536,-0.6556,0.2295,-0.1190
0.9197,-10.0016,4.0620,-0.3642,0.3011,-0.2708
0.7281,-10.1549,4.2919,-0.0474,0.3545,-0.3533
-0.4982,-9.6567,4.7900,-0.0085,0.2744,-0.2756
-1.4945,-8.9286,4.7900,-0.6131,-0.1153,-0.0449
-1.2646,-9.5801,4.1386,-0.9652,-0.4286,0.0376
-1.4179,-9.7334,2.9890,-1.2445,-0.5694,0.1226
-0.1533,-9.1586,0.4982,-2.1175,-0.6811,0.3934
-0.3066,-10.1932,0.5748,-3.2320,-0.9616,0.6411
-1.3029,-11.8027,0.4215,-3.3802,-1.1474,0.8378
0.1916,-11.1895,-0.9197,-2.6323,-1.1546,0.9555
0.8430,-9.6567,-1.5328,-2.2765,-0.9604,0.9920
0.4598,-9.2352,-1.9543,-2.3057,-0.9215,1.1012
0.1916,-8.7370,-2.1076,-2.1357,-1.0660,1.1170
-0.6131,-9.0053,-0.9963,-1.8200,-1.1595,0.9118
-0.3449,-8.7754,-0.0383,-1.1644,-1.2056,0.7273
1.3412,-8.0473,-0.8814,-0.5682,-1.0697,0.3897
0.6898,-8.3538,0.4598,-0.1299,-1.1097,0.0304
0.9580,-7.7024,0.0000,0.2975,-0.7625,0.3570
0.8814,-10.1549,0.5365,0.1906,0.0036,0.2574
1.1496,-10.6147,1.6095,0.8669,0.3606,-0.0971
0.6131,-10.6530,1.8011,1.4473,0.3217,-0.2987
-1.2646,-11.6494,1.1496,1.3173,0.1882,-0.2683
-2.3375,-12.2625,0.8430,0.6787,0.0340,-0.1615
-3.8704,-13.3738,0.7281,0.3667,-0.1360,-0.0182
-2.9507,-13.8720,0.1916,0.5354,-0.2453,0.0559
-1.9543,-13.4121,-0.1533,1.0053,-0.1202,-0.0413
-1.6478,-11.9176,-0.8430,1.5517,-0.0716,-0.3096
-0.8047,-11.3045,-0.0766,1.9183,-0.1700,-0.4407
-0.1533,-9.9250,0.7664,2.0531,-0.0874,-0.3982
0.4598,-8.3921,1.8011,1.8419,0.0765,-0.3339
0.1150,-7.6641,2.9890,1.2882,0.1481,-0.2926
0.0766,-7.7790,3.4871,0.6860,0.0619,-0.2817
-0.5748,-8.6221,3.7171,0.3910,0.0510,-0.2246
-0.8430,-9.4268,3.6404,0.3752,0.1105,-0.1918
-1.2263,-9.7717,3.3339,0.3873,0.1930,-0.1918
-0.8814,-9.7717,3.1423,0.3181,0.2295,-0.1882
-0.3449,-9.6184,2.3375,0.2368,0.2428,-0.1967
0.0383,-9.8483,2.3759,0.2125,0.2064,-0.1833
-0.0766,-10.0782,2.2609,0.2161,0.2064,-0.1093
-0.2299,-10.1932,2.2992,0.1384,0.1457,-0.0704
-0.2299,-9.9633,2.2226,0.1238,0.0923,-0.0680
0.1533,-9.9633,2.7974,0.2113,0.1384,-0.0838
0.2299,-9.7717,3.0656,0.3448,0.0328,-0.0923
0.1533,-9.3502,3.0656,0.3910,-0.0182,-0.0607
-0.1150,-9.0819,3.7937,0.3837,0.0425,-0.0134
-0.6514,-8.9670,4.4835,0.3800,0.0704,0.0449
-0.6898,-9.3118,4.5601,0.4189,0.0073,0.0947
-0.5365,-9.4651,4.3685,0.3485,-0.0643,0.0692
-0.3066,-9.6567,3.9470,0.2040,-0.1226,0.0194
-0.4982,-9.8100,3.4488,0.0765,-0.1591,-0.0304
-0.7664,-9.8100,3.0273,0.0389,-0.1930,-0.0522
-0.5365,-10.1932,2.6441,0.0449,-0.2586,-0.0510
0.0766,-10.0782,2.3759,-0.0243,-0.2793,-0.0546
0.1150,-10.0399,2.7974,-0.0813,-0.1299,-0.0850
0.2682,-9.8100,3.7554,0.0571,0.0194,-0.1190
0.7281,-9.5034,3.8320,0.2841,0.1299,-0.1603
0.5365,-9.0436,3.3722,0.3533,0.2380,-0.1833
0.0766,-8.8903,3.3722,0.2088,0.2185,-0.1323
-0.2299,-9.0819,4.3302,0.1627,0.1627,-0.0559
-0.3832,-9.4268,4.6751,0.2647,0.1032,0.0182
-0.3066,-9.5034,4.3302,0.3400,0.0935,0.0595
0.1533,-9.6567,3.5638,0.2307,0.1858,0.0498
-0.1150,-9.8483,2.9890,0.0389,0.2392,0.0097
-0.1916,-10.4614,3.1806,0.0534,0.1821,-0.0049
-0.1150,-10.5381,3.2189,0.2489,0.0874,0.0170
-0.1533,-10.0016,3.5255,0.3849,0.0304,0.0510
-0.0383,-9.5418,4.1769,0.4820,0.0036,0.0898
-0.3066,-8.6987,4.5984,0.6386,-0.0643,0.0898
-0.0383,-8.2389,4.7900,0.6848,-0.1105,0.0935
0.1916,-8.1239,4.7517,0.5585,-0.0304,0.0704
0.3066,-8.6221,4.7134,0.2890,0.0801,0.0134
0.2299,-9.1586,4.7900,0.1020,0.1433,-0.0413
0.0766,-9.2352,4.8284,0.0923,0.1141,-0.0583
-0.1150,-9.6184,4.6751,0.1190,0.0959,-0.0267
-0.3832,-9.3885,4.3302,0.1421,0.0279,0.0219
-0.1533,-9.1202,4.5218,0.0571,-0.0182,0.0534
-0.2299,-9.1202,4.7517,0.0291,0.0134,0.0461
-0.0766,-9.1586,4.7134,0.0935,0.0437,0.0194
-0.0766,-9.0819,4.3685,0.0668,0.0862,-0.0170
-0.0766,-9.0053,4.3685,-0.0243,0.1408,-0.0461
-0.0383,-9.1586,4.5601,-0.0461,0.1457,-0.0498
0.0000,-9.1586,4.8667,0.0364,0.1056,-0.0304
0.1533,-9.1202,4.8284,0.1117,0.0826,-0.0049
-0.0383,-9.0436,4.7517,0.0813,0.0546,0.0146
-0.0383,-9.2352,4.8284,0.0267,0.0510,0.0194
0.0383,-9.1202,4.8284,0.0109,0.0595,0.0158
0.0383,-8.8903,4.7134,0.0170,0.0777,0.0012
-0.1533,-9.0053,4.6751,0.0158,0.0947,-0.0085
-0.1533,-9.0436,4.5601,0.0170,0.0996,-0.0109
-0.1150,-9.0819,4.7517,0.0146,0.0983,-0.0061
0.0766,-9.0436,4.7134,0.0109,0.0850,0.0000
0.1533,-9.2352,4.8284,0.0206,0.0838,0.0061
0.0000,-9.2352,4.6751,0.0291,0.0898,0.0073
-0.1533,-9.1202,4.7900,0.0194,0.0911,0.0049
-0.1150,-9.1586,4.7900,0.0170,0.0862,0.0000
-0.0383,-9.2352,4.8667,0.0291,0.0801,-0.0012
-0.0766,-9.1202,4.9050,0.0376,0.0777,-0.0012
-0.0766,-8.9286,4.7900,0.0255,0.0838,0.0012
0.0000,-9.0053,4.7517,-0.0024,0.0911,0.0024
-0.0766,-9.0819,4.7517,-0.0121,0.0886,0.0000

