-.-.-
0.3066,-9.1969,-5.5948,-0.0304,-0.1238,-0.0741
0.3066,-9.3118,-4.9816,-0.0619,-0.1287,-0.0801
0.2682,-9.4268,-5.0966,-0.0583,-0.1323,-0.0777
0.3066,-9.3502,-5.2116,-0.0571,-0.1372,-0.0753
0.3066,-9.3118,-5.3265,-0.0692,-0.1506,-0.0728
0.3066,-9.2735,-5.2116,-0.0801,-0.1639,-0.0656
0.3066,-9.2735,-5.0966,-0.0437,-0.1542,-0.0680
0.4215,-9.3885,-5.2499,-0.0571,-0.1287,-0.0692
0.3066,-9.4268,-5.4798,-0.0753,-0.1226,-0.0741
0.1150,-9.2735,-5.4032,-0.0656,-0.1299,-0.0826
0.2682,-9.3118,-5.0966,-0.0607,-0.1384,-0.0826
0.4215,-9.3118,-5.5181,-0.0595,-0.1190,-0.0765
0.3832,-9.3502,-5.2499,-0.0595,-0.0983,-0.0680
0.3449,-9.5034,-5.2499,-0.0595,-0.0996,-0.0656
0.1533,-9.2352,-5.3648,-0.0352,-0.0947,-0.0607
0.3449,-9.3885,-5.1732,-0.0449,-0.0850,-0.0631
0.2299,-9.3885,-5.1349,-0.0340,-0.0765,-0.0619
0.3066,-9.4268,-5.2882,-0.0291,-0.0765,-0.0498
0.2682,-9.1969,-5.0966,-0.0389,-0.0741,-0.0413
0.3449,-9.3118,-5.2116,-0.0474,-0.0753,-0.0425
0.3832,-9.1969,-5.2116,-0.0534,-0.0631,-0.0449
0.4215,-9.2352,-5.2882,-0.0486,-0.0413,-0.0401
0.4982,-9.3118,-5.4032,-0.0486,-0.0316,-0.0364
0.4598,-9.5034,-5.2499,-0.0583,-0.0352,-0.0352
0.3449,-9.3502,-4.9816,-0.0437,-0.0376,-0.0316
0.4215,-9.3502,-5.5181,0.0109,-0.0194,-0.0255
0.4598,-9.1586,-5.2882,-0.0267,-0.0073,-0.0255
0.4598,-9.5418,-4.9816,-0.0534,-0.0146,-0.0206
0.3449,-9.4651,-5.0583,-0.0134,-0.0073,-0.0206
0.3449,-9.5034,-5.0966,-0.0267,-0.0121,-0.0267
0.2682,-9.2735,-5.1732,-0.0376,-0.0255,-0.0255
0.3832,-9.2735,-5.2116,-0.0571,-0.0182,-0.0243
0.2682,-9.4651,-5.2499,-0.0619,-0.0146,-0.0328
0.4982,-9.4268,-5.0966,-0.0364,-0.0061,-0.0316
0.4598,-9.3118,-5.3265,-0.0279,0.0158,-0.0255
0.5365,-9.4651,-5.2116,-0.0449,0.0279,-0.0170
0.5365,-9.3118,-5.0200,-0.0534,0.0401,-0.0049
0.6131,-9.6567,-4.9816,-0.0413,0.0352,0.0012
0.3832,-9.5801,-5.0583,-0.0243,0.0243,-0.0036
0.4215,-9.5801,-5.1732,-0.0085,0.0231,-0.0036
0.3449,-9.4268,-5.1732,-0.0134,0.0328,-0.0024
0.4982,-9.4651,-5.0583,-0.0255,0.0376,-0.0049
0.5748,-9.4268,-5.1349,-0.0328,0.0461,-0.0049
0.4598,-9.5034,-5.0583,-0.0267,0.0474,0.0012
0.4215,-9.4268,-4.9433,-0.0243,0.0461,0.0073
0.4982,-9.3885,-4.9816,-0.0340,0.0571,0.0158
0.4598,-9.4268,-5.0583,-0.0231,0.0680,0.0109
0.3449,-9.3885,-5.0966,-0.0267,0.0753,0.0073
0.2682,-9.2735,-5.1732,-0.0243,0.0850,0.0134
0.3066,-9.3502,-4.9433,-0.0498,0.0862,0.0182
0.2682,-9.5034,-4.8284,-0.0631,0.0850,0.0243
0.3832,-9.4268,-5.2882,-0.0219,0.0789,0.0316
0.3832,-9.5418,-5.2882,-0.0206,0.0619,0.0279
0.3066,-9.5034,-4.9433,-0.0049,0.0813,0.0219
0.2299,-9.4268,-4.8667,0.0085,0.0838,0.0158
0.1916,-9.3885,-4.9816,0.0000,0.0680,0.0146
0.1533,-9.3118,-4.9433,-0.0134,0.0486,0.0146
0.2682,-9.3885,-5.0200,-0.0085,0.0364,0.0146
0.3832,-9.4268,-5.0200,-0.0182,0.0304,0.0073
0.6131,-9.2352,-5.0966,-0.0146,0.0364,0.0049
0.3449,-9.3118,-5.1349,-0.0219,0.0449,0.0049
0.2299,-9.4268,-4.9433,-0.0267,0.0389,0.0036
0.2682,-9.4268,-5.0966,-0.0243,0.0255,0.0000
0.1533,-9.3885,-4.9816,-0.0364,0.0121,0.0000
0.3066,-9.4268,-4.9433,-0.0291,-0.0024,-0.0036
0.2682,-9.4268,-5.0200,-0.0219,-0.0085,-0.0109
0.2299,-9.4651,-4.9433,-0.0352,-0.0182,-0.0121
0.2682,-9.4651,-4.9816,-0.0425,-0.0231,-0.0158
0.2682,-9.5418,-4.9050,-0.0449,-0.0340,-0.0146
0.3832,-9.5418,-5.0200,-0.0340,-0.0401,-0.0182
0.3832,-9.5801,-4.9816,-0.0352,-0.0316,-0.0231
0.3832,-9.5034,-5.0200,-0.0316,-0.0316,-0.0194
0.3066,-9.3118,-5.0583,-0.0328,-0.0316,-0.0158
0.4215,-9.4651,-4.9050,-0.0486,-0.0255,-0.0182
0.3449,-9.4268,-4.9433,-0.0291,-0.0364,-0.0182
0.2299,-9.4651,-5.0583,-0.0510,-0.0486,-0.0109
0.2299,-9.3118,-4.9433,-0.0643,-0.0449,-0.0121
0.3832,-9.5801,-4.8284,-0.0461,-0.0316,-0.0097
0.4598,-9.2735,-5.2499,-0.0085,-0.0437,-0.0146
0.5365,-9.6184,-4.8284,-0.0777,-0.0279,-0.0158
0.2682,-9.6950,-4.8284,-0.0486,-0.0279,-0.0267
0.3066,-9.3885,-4.8284,-0.0316,-0.0364,-0.0304
0.2682,-9.3118,-4.9050,-0.0583,-0.0413,-0.0267
0.2682,-9.5034,-4.9050,-0.0826,-0.0401,-0.0219
0.4598,-9.6567,-4.9433,-0.0631,-0.0413,-0.0243
0.4215,-9.3885,-4.9816,-0.0425,-0.0364,-0.0182
0.3449,-9.4651,-4.9433,-0.0474,-0.0170,-0.0085
0.1916,-9.4651,-4.9433,-0.0389,-0.0206,-0.0049
0.3066,-9.3885,-4.8667,-0.0376,-0.0340,-0.0012
0.4215,-9.4268,-4.9433,-0.0437,-0.0097,0.0049
0.3066,-9.3885,-4.9050,-0.0389,0.0049,0.0000
0.4215,-9.5034,-4.7900,-0.0328,0.0049,-0.0012
0.3066,-9.3502,-4.9816,-0.0376,0.0036,-0.0036
0.2299,-9.3118,-4.8284,-0.0559,0.0024,0.0012
0.2682,-9.3885,-4.8667,-0.0607,-0.0012,0.0000
0.1916,-9.4651,-4.8667,-0.0692,0.0231,-0.0061
0.3449,-9.2735,-4.9816,-0.0656,0.0231,-0.0073
0.2682,-9.3885,-4.8284,-0.0838,0.0243,-0.0109
0.2299,-9.3885,-4.9433,-0.0753,0.0243,-0.0146
0.1533,-9.3502,-5.0966,-0.0789,0.0170,-0.0170
0.1150,-9.3885,-4.9050,-0.0886,0.0158,-0.0158
0.0766,-9.3502,-4.9816,-0.0704,0.0000,-0.0182
0.1916,-9.5418,-4.9050,-0.0753,0.0049,-0.0182
0.1916,-9.3118,-4.9433,-0.0741,0.0109,-0.0206
0.1533,-9.4268,-4.9050,-0.1081,-0.0012,-0.0158
0.1916,-9.4651,-5.0966,-0.0449,-0.0049,-0.0194
0.2682,-9.2352,-5.0583,-0.0923,0.0012,-0.0109
0.2299,-9.4268,-4.8667,-0.0983,0.0036,-0.0109
0.5365,-9.7717,-4.2536,-0.0826,-0.0134,-0.0146
0.1533,-9.2735,-4.9050,-0.0838,-0.0146,-0.0109
0.2682,-9.4268,-4.8667,-0.1093,-0.0170,-0.0109
0.2682,-9.4651,-4.8667,-0.0850,-0.0267,-0.0121
0.2299,-9.5418,-4.9433,-0.0765,-0.0304,-0.0134
0.2682,-9.4651,-4.9816,-0.0777,-0.0413,-0.0134
0.0766,-9.3885,-4.8284,-0.0813,-0.0461,-0.0134
0.3449,-9.5418,-5.0966,-0.0813,-0.0401,-0.0170
0.3449,-9.3502,-4.9816,-0.0947,-0.0279,-0.0170
0.2682,-9.3502,-4.9050,-0.1081,-0.0364,-0.0170
0.2682,-9.3885,-4.9433,-0.1081,-0.0364,-0.0194
0.3066,-9.3502,-5.1732,-0.1117,-0.0304,-0.0121
0.2682,-9.4651,-5.0200,-0.1202,-0.0219,-0.0061
0.2299,-9.3885,-5.0200,-0.1141,-0.0376,-0.0049
0.3449,-9.3885,-4.9433,-0.1129,-0.0279,-0.0073
0.3066,-9.4651,-4.9816,-0.0983,-0.0121,-0.0085
0.3449,-9.5034,-4.9433,-0.0862,-0.0134,-0.0109
0.3066,-9.4268,-5.0200,-0.0826,-0.0109,-0.0073
0.3449,-9.3885,-4.9050,-0.0898,-0.0012,-0.0049
0.3449,-9.3118,-5.0583,-0.0753,0.0134,-0.0012

