-.-.-
-3.3339,-14.1785,0.4982,-0.1141,0.0559,0.6119
-3.0656,-15.8646,0.4982,0.1724,-0.3315,0.9410
-2.4908,-12.9523,-0.3832,0.6156,-0.6751,1.2020
-1.4562,-10.3848,-1.5328,0.4747,-0.7358,1.2311
-0.7664,-9.8483,-2.2992,0.0510,-0.3205,1.0320
0.2682,-9.9633,-1.7244,-0.2829,0.1214,0.6010
0.9963,-10.4231,-1.3412,-0.2246,0.1226,0.1736
0.8430,-10.9979,-1.6095,-0.0534,-0.0340,-0.1153
-0.2299,-12.4541,-1.0730,-0.0534,-0.1894,-0.2853
-1.6095,-13.1822,-0.0383,0.0376,-0.4298,-0.4152
-2.4525,-12.2625,0.6131,0.1287,-0.5197,-0.4844
-2.3759,-9.6567,1.2646,0.2258,-0.4929,-0.4723
-1.0730,-7.5491,1.5328,0.2246,-0.3339,-0.4808
-0.5365,-7.0509,1.5711,0.0692,-0.3120,-0.4553
0.0383,-7.1276,1.2263,-0.1445,-0.6071,-0.3545
0.3449,-7.7024,0.6514,-0.2756,-1.0114,-0.3108
1.0346,-8.3155,0.8047,-0.3120,-1.1024,-0.3606
1.5711,-8.7754,1.3795,-0.2975,-0.7710,-0.4407
1.9160,-8.4688,1.3795,-0.1894,-0.4286,-0.5330
1.6095,-8.0473,1.7244,-0.1761,-0.1894,-0.5002
1.7244,-7.7407,2.1076,-0.1542,-0.1773,-0.3630
1.0730,-7.7407,1.7244,-0.0267,-0.2319,-0.2404
1.1113,-8.8520,1.8394,-0.1421,-0.2210,-0.2015
0.4215,-10.6914,2.8357,0.0109,-0.1821,-0.2015
-0.0766,-12.1475,3.3722,0.3424,-0.1421,-0.2671
-0.6898,-12.6840,3.5255,0.5500,-0.0765,-0.3727
-0.4982,-11.9559,2.2226,0.5706,-0.0559,-0.4152
2.6058,-12.0326,-2.4525,-0.3315,0.0413,-0.5731
4.6368,-15.8646,-0.0766,-0.6229,0.2501,-0.7661
3.5638,-16.2095,-0.3449,0.0389,0.7285,-0.8985
2.2226,-12.9906,-2.4142,0.1761,1.1292,-1.0745
0.4598,-9.7334,-1.0346,0.5986,0.9264,-1.0138
0.0383,-7.4725,-0.8047,0.8038,0.6569,-0.7273
-1.0730,-7.3192,0.1150,0.3230,0.6168,-0.2841
-0.7664,-8.7370,0.2682,-0.2295,0.4322,0.0425
0.5365,-10.8446,0.0383,-0.5585,0.4116,0.2610
2.0693,-13.6037,0.3066,-0.4869,0.5294,0.4480
3.2572,-14.6384,0.3066,-0.0304,0.6289,0.5731
2.8357,-11.7260,0.3449,0.5124,0.7406,0.6593
1.9927,-8.3538,1.2263,0.6168,0.8025,0.6386
0.6514,-6.3229,1.0346,0.4347,0.8244,0.5609
-0.3066,-5.5564,0.5748,0.0607,0.8912,0.5039
-1.2263,-5.9396,0.8814,-0.3108,1.0272,0.5257
-2.3375,-6.7061,1.5328,-0.5621,1.0442,0.5816
-2.4908,-7.6641,1.5328,-0.6629,0.8863,0.5949
-2.2609,-8.5071,1.1496,-0.6836,0.6714,0.5536
-1.7627,-9.2352,0.9197,-0.6872,0.5148,0.4480
-1.6861,-9.0819,1.6861,-0.5245,0.4104,0.2817
-1.4179,-8.6987,1.9927,-0.3606,0.3060,0.1008
-1.3029,-8.6604,2.3375,-0.2720,0.2695,-0.0109
-0.8430,-9.2352,2.6058,-0.2404,0.2841,-0.0376
-0.2299,-10.4614,3.1039,-0.1688,0.2598,0.0716
0.6514,-12.1859,3.8320,0.1639,0.2635,0.2501
0.6898,-11.9176,3.3339,0.3630,0.4553,0.2793
-0.6131,-11.9943,1.6095,0.2805,0.4699,0.1724
-2.8357,-12.4924,-1.4179,-0.0619,0.1906,0.0923
-4.1769,-14.6000,-2.6441,0.0206,-0.1153,0.2550
-3.6787,-14.2552,-0.6131,0.4966,-0.0680,0.7795
-2.2992,-12.4924,-1.8777,0.6569,-0.1797,1.3768
0.7664,-11.3811,-2.8357,0.4796,-0.3727,1.4169
2.9123,-11.1129,-0.3832,0.8402,-0.2343,1.0247
2.9123,-10.3848,0.1150,1.2056,-0.1056,0.4383
0.2682,-11.0746,-0.0383,0.2610,0.1044,-0.2173
-1.9160,-12.3008,0.1150,-0.3327,0.1748,-0.6119
-1.5328,-12.7607,0.4598,-0.1056,0.2076,-0.6848
-2.6824,-11.2279,1.2263,0.2635,0.4116,-0.5609
-3.7554,-9.0436,2.3759,0.4723,0.4881,-0.3752
-3.4488,-7.6641,1.9543,0.7054,0.0607,-0.1821
-2.4142,-7.3192,1.4945,0.6629,-0.5986,-0.1724
-1.2263,-7.2425,1.5328,0.4262,-0.9798,-0.3132
0.4598,-7.2425,1.8011,0.0996,-0.9592,-0.4687
1.4562,-7.5874,1.9927,-0.1554,-0.6107,-0.5670
2.0693,-7.5874,2.5675,-0.2161,-0.2598,-0.5949
1.9927,-7.3192,2.4525,-0.1287,-0.0595,-0.5172
1.4179,-7.2042,2.5291,-0.1785,-0.0898,-0.3667
0.5748,-7.3958,2.2992,-0.2598,-0.1493,-0.2258
0.4215,-8.4688,2.1843,-0.3970,-0.1991,-0.1530
0.0766,-9.3885,2.1459,-0.3242,-0.1688,-0.1445
0.3449,-11.1129,2.7974,-0.0643,-0.1542,-0.2015
0.2682,-11.3811,2.9507,0.2671,-0.0656,-0.3327
-0.2299,-10.6914,3.4105,0.3351,0.0219,-0.4577
-0.1533,-9.6950,3.9470,0.1311,0.0704,-0.5282
0.4982,-10.3082,3.9470,-0.1591,0.0923,-0.5779
2.4525,-11.8793,2.2992,-0.4626,0.0134,-0.6447
4.3302,-14.7916,0.4982,-0.8766,0.2258,-0.7540
3.9087,-17.1675,0.0383,-0.6010,0.6144,-0.9616
2.2609,-16.1329,-1.8394,0.0753,1.1631,-1.1049
0.4598,-11.6877,-1.5711,0.7455,1.3343,-1.0150
-1.1496,-7.7790,-1.2263,1.2918,0.8754,-0.8390
-2.0310,-5.7097,0.0383,0.8402,0.3145,-0.4772
-2.1076,-6.2079,1.2263,0.0619,-0.0534,-0.1336
-0.9963,-7.9323,1.1879,-0.7358,-0.1469,0.0061
1.0730,-10.6147,0.7664,-1.2105,-0.1627,0.0983
3.1423,-13.3355,0.9197,-1.1498,-0.0328,0.2331
4.9433,-15.0599,0.4982,-0.7261,0.2137,0.3254
4.7134,-13.1822,0.8814,-0.0668,0.4529,0.5027
2.7974,-9.4651,1.7244,0.3703,0.6277,0.6192
1.2263,-7.2042,1.4179,0.2865,0.7285,0.6386
-0.0766,-6.7444,1.5711,-0.0534,0.7528,0.6496
-1.4562,-6.7444,1.5328,-0.4978,0.7163,0.6314
-2.2992,-7.3192,1.8777,-0.8438,0.6326,0.5840
-2.3759,-7.7790,1.6861,-0.8863,0.4626,0.5439
-2.2226,-8.0473,1.3795,-0.8013,0.2938,0.4954
-1.5711,-8.3921,1.2646,-0.7491,0.1299,0.4055
-1.2646,-8.2389,1.8777,-0.6314,0.0437,0.2574
-1.4179,-7.8940,1.6478,-0.4832,-0.0886,0.0983
-1.0730,-8.7754,1.0730,-0.6265,-0.2283,-0.0595
0.1533,-10.2698,1.4562,-0.7248,-0.1676,-0.0741
0.1533,-11.8027,2.0693,-0.3485,-0.0146,0.0559
0.8430,-11.6494,2.2226,0.2295,0.1918,0.2817
1.3795,-10.8063,2.4525,0.4650,0.2756,0.4262
-0.0766,-10.0016,2.3375,0.4225,0.3327,0.4966
-1.6478,-10.6530,0.0383,-0.1748,0.1518,0.4784
-3.3339,-13.6804,-1.8011,-0.8985,0.0182,0.4942
-3.6404,-16.7077,-1.7244,-0.5039,-0.1506,0.7248
-1.4179,-15.6730,-1.4945,0.5039,-0.2744,1.1838
0.5365,-11.9943,-2.9123,0.7746,-0.3254,1.4837
1.4945,-9.7717,-1.9543,0.5002,0.0291,1.3283
2.7207,-8.3538,-0.3449,0.3788,0.2817,0.8402
3.2955,-7.9706,-0.0383,0.3412,0.5488,0.2064
1.3795,-8.7370,-0.4982,0.0158,0.6435,-0.2198
-0.5748,-10.8063,-0.6514,-0.3181,0.5451,-0.4759
-1.3412,-13.2588,-0.7281,-0.4249,0.6411,-0.5379
-2.4142,-13.8336,0.0383,-0.0643,0.8924,-0.3837
-3.1423,-11.1512,1.1496,0.5014,0.9252,-0.2950
-2.3759,-8.6604,0.9963,0.6690,0.6751,-0.3472
-1.4562,-7.2809,1.1113,0.4772,0.3132,-0.4249
-0.4598,-6.9743,1.1113,0.2295,-0.0036,-0.4577

