-.-.-
-0.0766,-9.7717,-0.7281,0.0109,0.0741,-0.0024
-0.0766,-9.8100,-0.6898,-0.0061,0.0656,-0.0012
-0.0383,-9.7717,-0.6898,-0.0085,0.0631,-0.0012
-0.0383,-9.7334,-0.6898,0.0000,0.0583,0.0012
0.0000,-9.7334,-0.7281,-0.0024,0.0583,0.0012
0.0383,-9.8100,-0.6131,-0.0012,0.0559,-0.0012
0.0000,-9.7717,-0.7664,0.0061,0.0583,-0.0012
-0.0383,-9.6950,-0.5748,0.0024,0.0559,0.0012
0.0000,-9.7334,-0.7281,-0.0061,0.0559,0.0012
0.0000,-9.8866,-0.7664,-0.0097,0.0571,0.0061
0.0000,-9.7334,-0.6898,-0.0049,0.0534,0.0121
0.0383,-9.8483,-0.6514,0.0000,0.0510,0.0134
0.0000,-9.6950,-0.7281,0.0024,0.0498,0.0170
0.0000,-9.7717,-0.6898,0.0085,0.0486,0.0121
-0.0383,-9.7334,-0.7281,0.0061,0.0559,0.0085
0.0383,-9.8100,-0.6131,0.0012,0.0643,0.0024
-0.0383,-9.7334,-0.6131,0.0012,0.0595,-0.0024
0.0000,-9.8100,-0.6898,-0.0024,0.0546,-0.0036
0.0383,-9.8100,-0.6131,-0.0049,0.0461,-0.0036
0.0000,-9.8483,-0.7281,-0.0109,0.0389,-0.0012
-0.0383,-9.7717,-0.7281,-0.0085,0.0401,-0.0049
0.0383,-9.6950,-0.6131,-0.0024,0.0437,-0.0073
0.0766,-9.8866,-0.6514,-0.0061,0.0437,-0.0061
0.0383,-9.9250,-0.6898,0.0012,0.0425,-0.0049
0.0000,-9.7334,-0.5748,0.0073,0.0474,-0.0073
-0.0383,-9.7717,-0.6131,0.0097,0.0498,-0.0024
-0.0383,-9.7334,-0.6514,0.0097,0.0449,0.0012
0.0000,-9.6184,-0.6131,0.0109,0.0413,0.0036
0.0000,-9.7334,-0.6514,-0.0061,0.0425,0.0073
0.0000,-9.9250,-0.4215,-0.0134,0.0522,0.0061
0.0000,-9.7334,-0.6131,0.0049,0.0534,0.0061
0.0000,-9.6567,-0.5365,0.0097,0.0583,0.0061
0.0000,-9.7717,-0.6131,-0.0121,0.0619,0.0061
-0.0383,-9.8483,-0.4982,-0.0121,0.0680,0.0061
-0.0383,-9.6950,-0.6514,0.0012,0.0692,0.0036
-0.0383,-9.7717,-0.5748,0.0024,0.0753,0.0049
-0.0766,-9.8100,-0.6898,-0.0121,0.0789,0.0024
0.0000,-9.8100,-0.6898,-0.0170,0.0789,0.0049
0.0000,-9.8483,-0.5748,-0.0182,0.0704,0.0036
0.0766,-9.8483,-0.6131,-0.0267,0.0704,0.0012
-0.0766,-9.8483,-0.5365,-0.0340,0.0753,-0.0036
0.0000,-9.7334,-0.6514,-0.0437,0.0728,0.0000
-0.1150,-9.8100,-0.7664,-0.0546,0.0862,-0.0024
0.0000,-9.8100,-0.5365,-0.0498,0.1056,-0.0061
-0.0383,-9.5801,-0.6898,-0.0461,0.1202,-0.0036
-0.0383,-9.7717,-0.7281,-0.0546,0.1202,-0.0024
0.0000,-9.7717,-0.7664,-0.0668,0.1117,0.0012
-0.0383,-9.8483,-0.8047,-0.0838,0.1032,0.0085
-0.1916,-9.6950,-0.7281,-0.0874,0.0741,0.0243
-0.2299,-9.7334,-0.9197,-0.0886,0.0437,0.0364
-0.3066,-9.7334,-0.8047,-0.1020,0.0170,0.0413
-0.3449,-9.9250,-0.9580,-0.1251,-0.0219,0.0534
-0.3449,-9.9633,-0.9197,-0.0996,-0.0607,0.0643
-0.3449,-9.8100,-0.8430,-0.0668,-0.1020,0.0716
-0.4215,-9.8100,-0.7664,-0.0510,-0.1530,0.0753
-0.4982,-9.8100,-1.0346,-0.0267,-0.2052,0.0704
-0.3449,-9.7717,-1.0346,-0.0231,-0.2586,0.0692
-0.3832,-9.7717,-0.8047,-0.0401,-0.3278,0.0765
-0.4598,-9.6950,-1.0346,-0.0474,-0.4043,0.0911
-0.4598,-9.8483,-1.1113,-0.0352,-0.4808,0.0971
-0.5748,-9.8866,-1.3412,0.0012,-0.5573,0.1044
-0.6131,-9.7334,-1.1879,0.0194,-0.6350,0.1141
-0.7281,-9.6567,-1.4945,-0.0182,-0.6969,0.1093
-0.6898,-9.6567,-1.3412,-0.0631,-0.7528,0.0947
-0.7281,-9.7717,-1.3412,-0.0789,-0.8293,0.0826
-0.7664,-9.4268,-1.3412,-0.0935,-0.9300,0.0680
-1.6478,-9.7334,-1.7244,-0.0996,-1.0272,0.0522
-2.5291,-9.6567,-1.6478,-0.0996,-1.1243,0.0304
-0.6514,-9.8100,-1.0730,-0.1238,-1.1777,0.0085
-0.3832,-10.2315,-1.2646,-0.1153,-1.1947,0.0158
-0.7281,-9.6567,-1.1496,-0.1263,-1.2676,0.0364
-0.7281,-9.5034,-0.5365,-0.1821,-1.3113,0.0510
-0.8430,-9.6567,-0.4982,-0.1991,-1.3550,0.0741
-1.3029,-9.3885,-0.6898,-0.2635,-1.4011,0.1226
-0.6131,-9.7334,-0.6898,-0.3557,-1.4643,0.1676
-0.6514,-9.6567,-0.9580,-0.4419,-1.4400,0.1748
-0.9963,-9.8866,-1.8011,-0.4407,-1.4655,0.1518
-0.8047,-9.8483,-0.7664,-0.4177,-1.4958,0.1518
-1.2646,-9.4268,-1.4179,-0.4820,-1.5905,0.1700
-1.7627,-9.8866,-1.4179,-0.5245,-1.6500,0.2173
-1.5711,-10.0782,-1.6478,-0.4735,-1.5881,0.2368
-0.6514,-10.1166,-1.5328,-0.4298,-1.5250,0.2185
-0.3066,-9.8866,-1.6478,-0.3400,-1.4691,0.1943
-0.3832,-9.7334,-1.6095,-0.2756,-1.3817,0.2125
-0.9580,-9.8483,-1.0730,-0.2586,-1.3076,0.2853
-0.9963,-9.5801,-0.9963,-0.2732,-1.1838,0.3436
-1.1496,-9.5034,-1.6861,-0.3084,-1.0575,0.3521
-1.7627,-9.4268,-1.5328,-0.3703,-0.9774,0.3436
-2.2609,-9.6184,-1.3412,-0.3703,-0.8803,0.3606
-2.5291,-9.7334,-1.6478,-0.3509,-0.8123,0.3934
-3.0273,-9.8100,-1.6095,-0.3400,-0.7892,0.4274
-3.7171,-9.7717,-1.7627,-0.3035,-0.8560,0.5002
-4.2152,-9.5801,-1.7627,-0.2380,-0.9665,0.5889
-3.9470,-9.3118,-1.8777,-0.1906,-1.0490,0.6326
-3.2955,-9.0053,-1.7244,-0.2246,-1.0563,0.6204
-2.4525,-8.6987,-2.0693,-0.3424,-1.0429,0.5804
-2.1076,-8.3921,-2.1076,-0.4687,-0.9118,0.4456
-2.2226,-8.4688,-1.6095,-0.5646,-0.8195,0.3460
-2.0310,-9.1202,-1.7244,-0.5221,-0.6411,0.3242
-1.1879,-9.2735,-1.7244,-0.5354,-0.3703,0.2938
-2.0310,-9.6567,-1.3029,-0.5609,-0.2647,0.2404
-3.1423,-10.1166,-0.8814,-0.2926,-0.1833,0.2914
-4.1003,-9.1202,-1.8394,-0.0182,-0.1093,0.2890
-4.7517,-8.0856,-2.1843,-0.1797,-0.1591,0.2440
-5.5181,-7.9706,-2.0693,-0.4480,-0.3497,0.2501
-4.9433,-8.6987,-2.6441,-0.6192,-0.4674,0.2926
-3.4105,-9.6567,-2.3375,-0.7613,-0.3934,0.2829
-2.0310,-10.5381,-1.9160,-0.6617,-0.3242,0.2088
-2.1459,-9.9250,-2.1459,-0.3400,-0.3035,0.1991
-2.2992,-9.0053,-2.1076,-0.0364,-0.2064,0.2720
-3.1039,-8.2005,-2.3759,0.0461,-0.0121,0.2744
-3.6787,-8.1622,-1.8394,-0.0510,0.1748,0.1785
-3.4871,-8.5838,-1.6861,-0.1384,0.1506,0.0692
-3.3339,-8.0089,-2.0310,-0.1615,0.1870,0.0012
-3.6787,-7.9323,-2.5291,-0.2210,0.2610,-0.0121
-3.8704,-8.7370,-2.0310,-0.2853,0.3934,0.0437
-3.5638,-9.8483,-1.8011,-0.2525,0.5974,0.0716
-3.9470,-9.3502,-2.0693,-0.0449,0.6629,0.0971
-4.4452,-7.5874,-2.6441,0.1882,0.5974,0.1190
-4.9433,-7.0126,-2.5291,0.2368,0.7066,0.1663
-4.5984,-7.5108,-1.7627,0.0024,0.8778,0.2149
-4.2919,-7.8940,-1.6095,-0.1797,0.9992,0.1894
-4.0236,-7.0893,-2.7207,-0.2659,0.8390,0.1894
-4.3302,-6.2079,-2.8740,-0.2744,0.8657,0.2100
-4.5984,-7.3575,-2.2226,-0.3339,0.9203,0.1870
-5.1732,-8.5071,-2.4525,-0.3776,1.0175,0.1457
-4.4835,-7.3192,-4.3302,-0.3679,1.0320,0.1153
-2.2992,-5.4798,-4.6751,-0.5233,1.1899,0.0631

