-.-.-
-1.8011,-16.4394,-5.7097,-0.5306,1.5942,-0.4929
-5.3265,-15.9796,-1.7627,-1.5723,1.9633,-1.0417
-4.6368,-18.4321,-1.1113,-0.4881,1.6549,-0.7479
-4.6368,-17.0142,-0.1916,0.3060,1.4436,-0.8960
-2.8357,-10.2698,-0.6131,-0.1712,1.0684,-1.1194
1.7244,-7.3958,0.6131,-1.0709,1.3950,-1.1716
5.5181,-7.2042,2.4908,-1.7362,1.5687,-1.2008
6.2845,-5.9780,2.7207,-1.4157,1.2821,-1.3768
3.2955,-1.8394,-0.9963,-0.3545,1.3295,-1.6901
-1.3029,2.3759,-3.5255,-0.2185,1.3890,-1.4545
-2.8740,0.2682,-2.9123,-1.0514,1.1364,-0.2416
-0.6131,-5.0200,-0.3449,-0.5731,0.5476,0.8535
2.3375,-3.5255,0.1150,1.4655,0.6289,1.1219
3.1423,0.4215,-0.0766,2.7051,0.8317,0.9155
7.0893,-4.2152,-15.2515,1.7095,1.2056,1.0247
9.3118,-20.5780,-10.4614,-0.3800,2.3409,-0.1676
-2.6058,-22.2258,7.3958,-0.2392,-0.4262,-1.8406
-11.4961,-21.0762,-13.8336,0.3096,0.3181,-2.1842
-6.2079,-16.8993,-3.9087,0.5294,-0.8414,-0.7418
1.1113,-17.3208,-4.0620,-0.9519,-2.4586,0.2756
3.5638,-18.5470,-3.8320,-0.7528,-2.3081,0.5986
4.1769,-18.7770,-1.3412,0.3315,-1.8200,0.3946
4.4068,-16.4777,-0.3066,0.6569,-1.5262,0.6933
3.5638,-12.5307,-0.1150,0.1275,-1.5189,0.9616
-0.3832,-7.8173,1.2263,-0.2963,-1.7957,0.9640
-2.2609,-5.9780,0.9963,-0.3290,-1.9062,0.9774
-2.8740,-2.3759,0.7664,-0.0559,-1.7265,1.0272
-1.3795,1.0730,-0.0383,0.2064,-1.5990,1.2433
1.6478,0.3449,-1.6478,0.0583,-1.6124,0.9640
1.0346,-2.9123,-3.0273,-0.2149,-1.1838,-0.2574
1.2646,-3.3339,-4.0236,0.1518,-0.4808,-1.0429
-0.4598,-1.6478,-2.7974,1.1656,0.1263,-1.2554
-1.1113,-0.5365,-2.0310,1.7824,0.1530,-1.0138
-6.6677,-7.2425,-10.9596,0.7406,-1.0029,-0.4966
0.6514,-20.9995,-0.8430,-0.5731,-0.5876,1.4448
4.2152,-17.0909,1.2646,-0.1736,1.2554,1.6209
12.3775,-21.5360,-10.6914,-0.5354,-0.3242,1.8516
-0.9580,-19.3134,-4.3685,-0.6896,1.1546,0.6131
-5.2499,-18.4321,-1.0730,-1.2894,1.4715,-0.5561
-5.5948,-17.5124,-1.5328,-0.6350,0.9847,-0.7212
-5.4032,-18.7386,-1.5711,0.0777,0.6144,-0.8001
-3.9853,-14.3701,0.4215,-0.2258,0.2805,-1.0539
0.8814,-10.4614,0.6514,-0.3776,0.4322,-1.1607
6.0929,-6.9360,1.0730,-0.6908,0.7758,-1.3489
7.0126,-2.8740,1.9160,-0.7091,1.0575,-1.6877
2.6824,1.1879,-0.9197,-0.5403,1.2044,-2.1587
-1.8777,0.4598,-2.3759,-0.8657,1.2336,-2.2158
-3.2189,-3.5255,-3.7171,-0.7248,1.1947,-0.6289
-0.1533,-3.8704,-2.0310,-0.0753,0.6581,0.9397
2.9890,-2.8357,-0.4598,1.0672,0.5391,1.4266
4.3302,-0.4982,0.4982,2.0422,0.7066,1.2700
3.6021,-2.5675,-6.6294,1.8613,1.0927,1.1753
7.0126,-7.7790,-13.4888,-0.2125,1.9341,0.9337
0.9963,-25.3680,6.2845,-1.1049,0.3266,-1.1049
-6.5528,-24.9082,-9.0436,-1.1777,0.3545,-2.0932
-6.2845,-19.1218,-8.2389,-0.6471,-0.3327,-1.6282
0.9963,-13.4888,-7.3192,0.5282,-1.3356,-0.2902
5.3265,-16.0562,-3.1423,-0.9446,-2.0665,0.5597
6.6294,-21.5743,-0.7664,-0.9531,-1.7508,0.7467
2.6824,-21.7276,-0.3066,-0.0036,-1.3101,0.9021
-0.3449,-14.8683,-2.7207,0.6653,-1.6282,1.0903
-2.7207,-6.8210,-1.3029,-0.0461,-1.7010,1.1000
-2.6441,-5.1349,1.4562,-0.6362,-1.7338,1.2299
-0.4982,-5.0966,2.6058,-0.0401,-1.8661,1.5237
1.6478,-1.7244,0.6131,0.9956,-1.8941,1.8297
4.1769,1.2646,-1.8394,0.7661,-1.8710,1.6087
3.4105,0.1533,-3.1806,0.1396,-1.2239,0.1153
0.4982,-1.8394,-1.9543,0.1372,-0.5403,-1.0672
-3.2189,-2.5675,-2.2226,0.8948,-0.0219,-1.3477
-3.6404,-2.0310,-1.9927,1.6342,0.3230,-1.1049
-6.6677,-7.1659,-9.4651,1.3113,-0.3436,-0.6071
-1.9160,-14.9066,-13.9103,-0.7880,-2.1405,1.1097
4.2536,-22.1108,11.3045,-0.4298,1.1801,1.5432
11.6494,-19.3901,-11.8027,1.0599,0.0255,1.5420
4.2152,-15.7496,-6.8210,-0.7746,0.8875,0.3825
-3.7554,-17.8189,-3.5638,-1.9293,1.8783,-0.5148
-5.5181,-18.2788,-0.7664,-1.2639,1.7265,-0.6338
-3.7554,-21.8809,-2.2609,-0.3655,1.4655,-0.5014
-4.1769,-18.0489,-0.1533,-0.2428,1.0029,-0.8705
-1.5711,-12.6457,-1.3029,-0.0486,0.8305,-1.0697
2.6824,-8.0473,1.2646,-0.2756,1.2324,-1.2311
4.7517,-4.2152,3.6404,-0.5840,1.6002,-1.3623
4.3302,-0.8430,0.9197,-0.1700,1.3234,-1.5638
-0.8430,1.8777,-1.8011,-0.2319,1.0806,-1.6027
-3.8704,0.8814,-3.6787,-0.4201,0.9288,-0.8742
-1.3412,-3.1806,-2.7207,-0.5099,0.6277,0.6253
1.8777,-4.6368,-1.4179,0.3618,0.1263,1.3623
4.4835,-2.4142,-1.0730,1.5808,0.2003,1.3513
2.4142,1.6478,-2.4525,2.0738,0.5002,1.0454
2.2609,-2.2226,-6.5528,1.0490,0.9422,0.7831
6.0929,-10.8063,-13.7187,-0.8390,2.7840,0.3132
4.1003,-24.2184,6.0163,-1.1510,0.4055,-2.0179
-4.0620,-24.0268,-7.6641,-0.4334,0.2683,-2.1952
-4.7900,-18.5470,-7.3958,-0.3120,0.2538,-1.4400
1.9160,-18.0872,-3.7937,-0.4917,-0.8669,-0.0935
6.5528,-18.8153,-1.4562,-0.8936,-1.7994,0.6071
5.2882,-19.6583,-0.3449,0.2623,-1.1279,0.8183
0.7281,-16.1712,-1.2646,0.4165,-0.8135,1.2020
0.4215,-12.5307,-1.4179,-0.4784,-1.2239,1.3428
-0.9963,-7.5491,0.8430,-0.8912,-1.4570,1.1850
-1.9543,-7.0509,2.8357,-0.8936,-1.3198,1.0672
-1.0730,-5.2882,1.7627,-0.1845,-1.0721,1.1340
0.3449,-1.5711,-1.2263,0.6326,-0.8402,1.2579
2.1076,1.2646,-3.7554,0.3885,-1.1486,0.6957
1.2646,-1.9160,-3.8704,-0.3703,-0.9470,-0.5099
-0.9197,-3.4488,-3.6404,0.2368,-0.3023,-1.0466
-2.9890,-1.4945,-2.4142,1.4946,0.2890,-0.9810
-2.3375,1.4179,-1.4179,2.0762,0.0656,-0.6071
-6.8977,-5.0200,-8.2005,1.0077,-1.3914,-0.2659
-2.4525,-19.5817,-5.1732,-0.3424,-2.0640,1.4728
3.7554,-19.1218,1.4562,-0.5367,0.7443,1.7739
14.5617,-23.9119,-10.6530,-0.3910,-0.5913,2.0094
3.7937,-20.3864,-2.6058,-0.3023,0.3315,0.7115
-2.5291,-17.9339,-3.8704,-0.8050,1.4691,-0.6095
-5.0583,-17.2825,-2.1843,-0.9227,1.6452,-0.9070
-3.7554,-19.6966,-0.8047,0.2185,1.4303,-0.9106
-3.7171,-14.6767,0.1533,0.4553,1.0199,-1.2360
0.0766,-9.7717,-0.7664,-0.2368,1.0454,-1.4521
4.3302,-7.7407,1.1113,-0.7588,1.5577,-1.5820
5.0966,-4.9050,1.6095,-0.5524,1.6100,-1.7690
1.6095,-0.6131,-0.7664,-0.3193,1.1777,-1.8455
-3.4488,1.7244,-2.3375,-0.5318,0.8499,-1.5735
-4.1769,0.5365,-4.0620,-0.5986,0.7516,-0.4772
-0.1916,-4.1386,-2.2226,-0.1603,0.5148,0.7588
3.0656,-4.1769,-1.0346,1.1850,0.4177,1.1534
2.7591,-0.3832,-2.7207,1.9548,0.3946,0.9774
0.5365,0.7664,-4.2536,1.5966,0.5719,0.8487
5.7097,-6.9360,-10.3848,0.4674,1.6172,0.8268

