-.-.-
-3.0273,-9.3502,-4.0236,0.1360,-0.4723,0.0376
-1.6478,-8.5838,-2.7207,-0.3727,-0.2914,-0.0668
0.2299,-8.3538,-1.6095,-0.2501,-0.0777,-0.2368
1.7627,-8.6221,-1.1879,-0.0316,0.0206,-0.2076
2.9890,-10.1166,-1.4945,0.0534,0.0352,0.0813
1.5711,-9.8866,-1.6478,0.3217,0.0231,0.4007
0.5365,-8.2389,-1.9160,0.3533,0.0437,0.5634
-0.2682,-7.7407,-1.0730,-0.0401,0.0898,0.5585
-0.4215,-7.2042,-0.5748,-0.0947,0.1870,0.4917
-0.2299,-6.5145,-1.1113,0.1287,0.2987,0.4067
-0.4982,-6.3995,-1.4562,0.1542,0.3703,0.2732
-0.9197,-7.0126,-0.8814,-0.0219,0.3545,0.2064
-1.1496,-8.0473,-0.2682,-0.1372,0.2525,0.1408
-0.8814,-9.2352,0.2299,-0.1627,0.1603,0.0595
-0.4215,-9.8483,0.8047,0.0267,0.1530,-0.0607
-0.3449,-9.4268,1.1113,0.2914,0.1797,-0.1773
-0.3449,-8.7754,1.0730,0.4067,0.1627,-0.2028
-0.1150,-8.3538,0.8047,0.4104,0.0959,-0.1748
0.3449,-8.6987,0.8430,0.3230,0.0741,-0.1251
0.5748,-9.3885,0.9580,0.2404,0.0291,-0.0328
0.7664,-9.9250,1.3029,0.1906,-0.0121,0.1166
-0.0383,-10.5764,2.2226,0.1384,-0.0194,0.2817
-0.6514,-10.8446,2.0310,0.1384,-0.0194,0.4407
-1.2646,-10.4231,1.5328,0.2064,0.1068,0.4213
-0.2299,-12.3008,-2.4908,-0.3885,0.0559,0.4942
-0.6514,-14.7533,-0.2682,-0.2125,-0.0328,0.7783
-1.1113,-14.7533,0.1150,0.2902,-0.3132,0.9215
-1.5711,-12.6840,-3.8704,0.6010,0.0619,0.4614
-2.4142,-8.7370,-4.3685,0.2829,0.3752,-0.1093
-1.1113,-7.7024,-3.0273,-0.6981,0.7042,-0.1311
0.2299,-8.2389,-3.0273,-0.8050,0.5621,0.1336
2.0693,-8.5071,-2.1459,-0.2440,0.3485,0.3230
0.6898,-9.2352,-1.3795,0.2088,0.1433,0.1299
-0.4598,-9.3118,-2.1459,0.4019,0.1688,-0.2210
-0.7664,-9.5801,-1.8777,-0.0522,0.1506,-0.5682
-0.0383,-9.3885,-1.2646,-0.3424,0.2064,-0.6799
0.0383,-8.5454,-0.9197,-0.3570,0.2841,-0.6131
-0.1150,-7.8940,-0.6514,-0.2768,0.1676,-0.4504
0.1533,-7.3958,-0.3832,-0.0619,0.0036,-0.2610
0.4215,-6.9360,-0.8814,0.0911,-0.0898,-0.1238
0.7281,-6.5911,-0.9197,0.0061,-0.1408,-0.0364
0.9197,-7.1659,-0.8814,-0.2185,-0.1408,-0.0061
1.0346,-8.2005,-0.5748,-0.2756,-0.1360,0.0061
0.4215,-8.8903,-0.2682,-0.1955,-0.1384,0.0583
0.1150,-9.0053,0.2682,-0.0595,-0.1967,0.1153
0.0766,-8.8903,0.9580,0.1396,-0.2890,0.1748
-0.5365,-8.6987,1.4179,0.3375,-0.4298,0.2525
0.1150,-9.5034,1.7244,0.4808,-0.5573,0.3400
1.2263,-10.1549,0.3832,0.6010,-0.3205,0.2574
2.2992,-10.1549,-1.3029,0.3982,0.0376,0.1056
2.4142,-9.8866,1.6861,0.2744,0.2222,-0.0206
1.1113,-10.2315,3.4871,0.1870,0.1348,-0.2028
-0.0766,-10.4614,3.4488,0.1226,-0.0170,-0.4031
-0.6898,-10.4614,-0.3832,-0.1700,-0.2865,-0.3485
2.3375,-14.2552,-4.3685,-0.6301,-0.1700,-0.4820
2.5291,-12.6074,-4.0236,0.1603,0.7297,-0.9361
2.4525,-13.6420,-0.9963,0.1518,0.7382,-0.8900
-0.7664,-12.7990,-3.1423,0.6265,0.2574,-0.6520
-3.1423,-11.6494,-4.5984,0.7868,-0.5209,-0.2853
-2.4908,-8.5071,-4.8284,0.4699,-0.3521,-0.0571
-0.7281,-7.4341,-2.5291,-0.2525,-0.1542,-0.1481
1.6095,-7.6641,-1.3795,-0.2270,-0.0304,-0.2926
2.6058,-9.1202,-1.1879,-0.1663,0.0898,-0.2198
2.7974,-10.6147,-1.4562,0.2113,0.1748,0.1251
1.3412,-10.3082,-1.3795,0.6229,0.2817,0.4371
0.3832,-8.3155,-1.8011,0.4747,0.3873,0.6180
-0.3832,-6.9360,-1.1113,-0.0158,0.4225,0.6277
-0.2299,-5.9780,-0.8430,-0.0911,0.4942,0.5136
-0.3066,-5.5181,-1.1879,0.1117,0.5925,0.3266
-0.8814,-5.9780,-1.3795,0.0583,0.5840,0.1700
-1.5328,-7.1276,-0.7664,-0.1797,0.4626,0.0959
-1.5328,-8.2772,-0.2682,-0.3436,0.2999,0.0862
-1.3795,-9.3502,0.2299,-0.3096,0.2149,0.0413
-0.6131,-8.9286,0.5365,-0.0425,0.2368,-0.0231
-0.1916,-9.0819,0.6514,0.0801,0.2343,-0.1032
-0.0766,-9.0819,0.6898,0.1020,0.1518,-0.1712
0.0000,-9.0436,0.9197,0.1858,0.0874,-0.1979
-0.0383,-9.2735,1.1879,0.2465,0.0316,-0.1967
0.0383,-9.8100,1.1113,0.2052,-0.0801,-0.1214
0.8814,-10.3082,1.6478,0.0716,-0.0777,-0.0024
0.7664,-10.5764,2.2992,0.1469,0.0401,0.1372
0.2299,-10.3848,2.6441,0.3157,-0.0097,0.2623
1.1113,-9.6950,3.2955,0.3424,0.2671,0.2355
1.1113,-9.8866,-0.9963,-0.1372,0.4140,0.1299
0.5748,-14.7916,-6.0929,-0.9009,-0.0449,0.4031
-4.0236,-15.3664,0.4982,0.2428,-0.1032,0.6641
-4.1769,-13.9486,-1.6478,0.7528,-0.4674,0.9822
-1.9543,-7.7790,-3.4488,0.8742,0.1785,0.4541
-2.1459,-6.3612,-5.0583,-0.4662,0.6265,0.1311
0.4598,-9.2735,-2.9507,-1.0211,0.6168,0.1797
1.1879,-10.0399,-0.8814,-0.2489,0.1433,0.2355
0.9580,-10.4998,-1.4945,0.3278,-0.0158,0.1845
-0.7281,-10.7297,-1.2646,0.5682,0.0935,-0.1809
-1.4562,-10.7297,-1.6095,0.2477,0.0668,-0.6993
-0.6898,-9.1202,-1.3412,-0.1930,-0.0182,-0.9057
-0.4215,-7.8173,-0.9963,-0.3545,-0.0486,-0.8426
-0.8047,-7.1276,-0.6131,-0.2064,-0.1748,-0.6046
-0.7281,-6.3229,-0.8430,0.0959,-0.3400,-0.3145
0.1150,-5.5948,-1.1113,0.1518,-0.4820,-0.1663
0.8814,-5.9780,-1.2263,-0.0182,-0.5427,-0.0801
1.2263,-7.0893,-0.7664,-0.3084,-0.5391,-0.0461
1.0730,-8.4688,-0.0766,-0.4589,-0.5014,-0.0219
0.5365,-9.1969,0.4982,-0.3193,-0.5002,0.0364
0.4215,-9.0819,1.3029,-0.0619,-0.4638,0.1081
0.0766,-9.0819,2.1459,0.1469,-0.4432,0.1542
0.0766,-9.1969,2.3759,0.4128,-0.4784,0.1591
1.9927,-9.5034,1.4562,0.6010,-0.2975,0.0874
2.4142,-9.8100,-1.4945,0.4140,0.1530,-0.0947
2.5291,-10.3082,0.1916,0.2003,0.3897,-0.1518
0.3066,-9.9633,3.4488,0.3703,0.1676,-0.1651
-1.9160,-11.0746,1.7627,-0.0886,-0.0668,-0.2902
-2.4908,-14.6000,-3.7554,-0.8960,-0.3849,-0.4942
2.8740,-14.2552,-3.8704,-0.1020,0.5937,-1.0733
2.3759,-13.9486,-2.3375,0.0121,0.7637,-1.3283
-0.1150,-12.1859,-2.1843,0.8535,0.1202,-0.8390
-3.9853,-10.6914,-3.7554,0.7588,-1.0879,-0.1615
-3.7171,-10.8446,-4.9816,0.4347,-1.4145,0.1299
-1.3029,-8.2005,-2.9890,0.1773,-0.5755,0.1785
1.9927,-7.4341,-1.9160,-0.3315,-0.2173,-0.1348
3.7937,-9.4651,-1.8394,-0.5476,-0.0364,-0.2635
3.3722,-11.2279,-1.8394,-0.0243,-0.0619,0.0607
1.4945,-10.4998,-1.5328,0.4662,0.0607,0.4553
0.1533,-9.1202,-1.8394,0.4468,0.1845,0.5706
-0.8047,-6.3995,-1.3795,0.2623,0.2635,0.5755
-1.0730,-4.6368,-1.1113,0.0777,0.2307,0.5294
-0.6514,-4.2919,-1.6478,0.0134,0.2331,0.4201
-0.6898,-5.4032,-1.1496,-0.0959,0.2793,0.2368
-0.9963,-7.0893,-0.8430,-0.2598,0.2331,0.1056

