-.-.-
-0.3449,-7.0126,-8.5838,-0.8086,0.0583,0.1724
-0.4215,-6.5528,-8.6604,-0.6945,0.0680,0.1748
-0.2299,-6.3995,-8.3921,-0.6714,0.0595,0.1469
-0.3449,-6.5911,-8.6604,-0.6119,0.0680,0.1141
-0.2299,-6.4761,-9.0053,-0.4759,0.0510,0.0789
-0.4598,-5.6714,-8.8903,-0.4492,0.0571,0.0704
-0.4215,-6.0929,-8.6987,-0.4857,0.0656,0.0716
-0.2299,-6.2079,-8.8903,-0.3776,0.0643,0.0728
-0.1533,-6.0163,-9.0436,-0.3351,0.0898,0.0777
-0.1533,-5.9780,-9.0436,-0.2914,0.1081,0.0741
-0.1150,-5.6714,-9.1202,-0.2538,0.1032,0.0971
-0.3832,-5.8630,-9.3502,-0.3120,0.1348,0.0813
-0.3449,-5.7864,-9.2352,-0.2720,0.1238,0.0850
-0.1916,-5.6714,-9.3118,-0.2368,0.1275,0.0753
-0.3066,-5.7480,-9.1586,-0.2647,0.1481,0.0643
-0.4215,-5.8247,-9.1202,-0.2173,0.1238,0.0680
-0.4598,-6.0163,-9.3118,-0.1129,0.1238,0.0449
-0.3449,-6.0929,-9.3118,-0.0012,0.1275,0.0158
-0.2682,-5.7480,-9.3502,0.1226,0.0813,0.0134
-0.1916,-5.4798,-8.9670,0.1493,0.0923,0.0097
-0.3449,-5.3648,-9.0053,0.1263,0.1068,0.0012
-0.2682,-5.5948,-9.0436,0.1287,0.1068,-0.0012
-0.4215,-5.7097,-9.0436,0.1202,0.0777,0.0049
-0.3832,-5.7480,-9.1969,0.1469,0.0716,0.0121
-0.2299,-5.7097,-9.0436,0.1396,0.0680,-0.0121
-0.1916,-5.8247,-9.1202,0.1445,0.0728,-0.0231
-0.1533,-5.8247,-8.9286,0.1676,0.0838,-0.0364
-0.1533,-5.9780,-8.9670,0.1603,0.0959,-0.0510
-0.0766,-5.9013,-8.9286,0.1712,0.1141,-0.0583
-0.1533,-5.8630,-8.7754,0.1967,0.1129,-0.0643
0.0000,-6.0929,-8.7370,0.2015,0.1299,-0.0813
-0.2299,-6.1313,-8.8137,0.2319,0.1506,-0.0983
-0.2299,-6.3995,-8.8903,0.2538,0.1469,-0.1093
-0.3066,-6.3229,-8.9286,0.2513,0.1202,-0.1032
-0.2299,-6.0929,-8.8137,0.2368,0.1020,-0.0801
-0.1916,-6.1313,-8.8137,0.2003,0.0850,-0.0522
-0.0383,-6.0929,-8.8137,0.1275,0.0643,-0.0328
0.0000,-6.2845,-8.6604,0.1044,0.0583,-0.0146
0.0000,-6.2845,-8.3538,0.1251,0.0631,0.0012
0.3066,-6.3229,-8.5454,0.1736,0.0935,0.0012
0.3066,-6.2079,-8.5454,0.1845,0.1457,0.0036
0.1916,-6.2845,-8.2772,0.1906,0.1566,-0.0085
0.0383,-6.3995,-8.4305,0.1870,0.1603,-0.0182
-0.0766,-6.4761,-8.5071,0.1688,0.1700,-0.0121
-0.0766,-6.5528,-8.5838,0.1700,0.1615,-0.0012
0.1150,-6.3612,-8.5454,0.1542,0.1481,0.0061
-0.0766,-6.3612,-8.5454,0.1214,0.1457,0.0121
-0.0766,-6.1696,-8.3921,0.0826,0.1263,0.0243
0.0766,-6.2462,-8.4688,0.0389,0.1214,0.0376
0.1533,-6.2845,-8.4688,0.0219,0.1336,0.0425
0.1150,-6.3612,-8.3921,0.0158,0.1408,0.0449
0.0000,-6.2845,-8.5454,0.0134,0.1360,0.0389
-0.0766,-6.2845,-8.3538,-0.0012,0.1336,0.0401
-0.0383,-6.1696,-8.4688,0.0012,0.1323,0.0401
0.0383,-6.1313,-8.4305,0.0000,0.1311,0.0437
-0.0383,-6.3612,-8.5071,-0.0049,0.1336,0.0486
0.0000,-6.3995,-8.5071,-0.0024,0.1311,0.0522
0.0000,-6.2845,-8.4305,-0.0206,0.1238,0.0583
-0.0766,-6.3229,-8.5071,-0.0401,0.1020,0.0643
-0.0383,-6.2462,-8.4305,-0.0474,0.0862,0.0692
0.0383,-6.3612,-8.4305,-0.0607,0.0850,0.0838
0.1533,-6.3995,-8.5838,-0.0656,0.0911,0.0911
0.1916,-6.3612,-8.4688,-0.0583,0.0996,0.0862
0.0000,-6.2462,-8.5838,-0.0413,0.1129,0.0765
-0.0766,-6.3995,-8.4688,-0.0607,0.1081,0.0753
0.0766,-6.2845,-8.5454,-0.0813,0.1056,0.0741
0.1533,-6.1313,-8.5454,-0.1117,0.1166,0.0728
0.1150,-6.3995,-8.5838,-0.1336,0.1251,0.0741
0.1150,-6.3612,-8.5838,-0.1323,0.1275,0.0753
-0.0766,-6.4761,-8.7370,-0.1178,0.1287,0.0789
0.0000,-6.4378,-8.6221,-0.1008,0.1129,0.0789
0.0000,-6.3995,-8.6604,-0.0728,0.1117,0.0753
0.1150,-6.3229,-8.5838,-0.0680,0.1068,0.0704
0.1533,-6.3612,-8.6604,-0.0741,0.1056,0.0631
0.1150,-6.3229,-8.6221,-0.0559,0.0983,0.0510
0.1150,-6.2079,-8.5838,-0.0583,0.0959,0.0376
0.1916,-6.2462,-8.5454,-0.0449,0.0923,0.0304
0.1533,-6.2462,-8.6604,-0.0474,0.0886,0.0206
0.0000,-6.1696,-8.6604,-0.0498,0.0850,0.0146
0.1916,-6.0546,-8.6221,-0.0498,0.0862,0.0158
0.5365,-6.3229,-9.0436,-0.0437,0.0838,0.0158
0.0766,-6.1313,-8.6604,-0.0158,0.0789,0.0146
0.0383,-6.1696,-8.5071,-0.0194,0.0813,0.0170
0.1150,-6.3229,-8.6987,-0.0097,0.0813,0.0182
0.0000,-6.0163,-8.6221,-0.0291,0.0728,0.0170
0.0383,-6.1313,-8.5838,-0.0546,0.0753,0.0170
0.0000,-5.9780,-8.5838,-0.0668,0.0704,0.0158
0.0383,-5.9780,-8.5838,-0.0656,0.0704,0.0194
0.1916,-6.0546,-8.6221,-0.0571,0.0753,0.0182
0.0766,-6.1313,-8.6221,-0.0389,0.0777,0.0194
0.1150,-5.9396,-8.7754,-0.0352,0.0789,0.0219
-0.1150,-6.1313,-8.8137,-0.0158,0.0789,0.0194
-0.0766,-6.0163,-8.8520,-0.0049,0.0716,0.0170
-0.1533,-6.0929,-8.7370,-0.0085,0.0631,0.0182
-0.0766,-6.2079,-8.6221,-0.0170,0.0583,0.0194
-0.1150,-6.0929,-8.8520,-0.0291,0.0510,0.0255
-0.1533,-6.0163,-8.6987,-0.0049,0.0546,0.0449
-0.1533,-6.1696,-8.6221,-0.0012,0.0522,0.0789
-0.0766,-6.3612,-8.7754,-0.0036,0.0425,0.0959
-0.0766,-6.3229,-8.7370,0.0437,0.0510,0.0983
-0.1916,-6.1696,-8.7370,0.0449,0.0583,0.0850
-0.1916,-5.9780,-8.7370,0.0316,0.0668,0.0692
-0.1533,-6.2845,-8.6221,0.0425,0.0728,0.0595
-0.0383,-6.1313,-8.7370,0.0474,0.0753,0.0522
0.0383,-6.1313,-8.5454,0.0607,0.0826,0.0401
-0.0766,-6.2845,-8.6987,0.0692,0.0886,0.0389
-0.1150,-6.1696,-8.7370,0.0765,0.0923,0.0389
-0.1150,-6.0546,-8.6604,0.0765,0.0947,0.0413
-0.1916,-5.9780,-8.6221,0.0692,0.0947,0.0352
-0.1916,-5.9780,-8.5838,0.0595,0.0947,0.0291
-0.3832,-6.0929,-8.6604,0.0401,0.0826,0.0255
-0.1916,-6.2845,-8.5838,0.0425,0.0680,0.0243
-0.2299,-6.2462,-8.6604,0.0680,0.0498,0.0267
-0.1150,-6.1696,-8.5454,0.0728,0.0437,0.0255
-0.2299,-6.1313,-8.5454,0.0461,0.0389,0.0267
-0.0383,-6.1696,-8.2772,0.0449,0.0364,0.0194
-0.1150,-6.1696,-8.4688,0.0425,0.0389,0.0024
0.0000,-6.3612,-8.3921,0.0461,0.0449,-0.0146
-0.2299,-6.3612,-8.5454,0.0728,0.0571,-0.0243
-0.1533,-6.3229,-8.5071,0.0546,0.0643,-0.0182
-0.2682,-6.4761,-8.6221,0.0328,0.0643,-0.0073
-0.3449,-6.4378,-8.3921,0.0158,0.0571,0.0024
-0.3066,-6.5911,-8.4688,0.0012,0.0461,0.0146
-0.2299,-6.4761,-8.3921,0.0109,0.0486,0.0279
-0.2299,-6.3995,-8.5454,0.0146,0.0631,0.0304
-0.3066,-6.5528,-8.5071,0.0170,0.0728,0.0279
-0.2682,-6.2845,-8.5071,0.0340,0.0777,0.0267
-0.1533,-6.4761,-8.4688,0.0559,0.0728,0.0267

