-.-.-
1.4562,-9.9250,-2.4525,-0.0728,0.0182,-0.0109
1.4945,-10.0782,-2.4142,-0.0801,0.0219,-0.0061
1.5328,-10.0016,-2.2609,-0.0607,0.0267,-0.0061
1.4179,-10.0016,-2.3759,-0.0559,0.0243,-0.0049
1.3795,-9.9250,-2.4908,-0.0631,0.0219,-0.0073
1.4179,-9.9250,-2.5291,-0.0765,0.0255,-0.0085
1.4945,-10.0016,-2.4525,-0.0777,0.0304,-0.0121
1.3795,-10.0782,-2.4908,-0.0595,0.0340,-0.0085
1.3795,-9.9633,-2.4908,-0.0425,0.0401,-0.0097
1.4945,-9.9633,-2.4525,-0.0376,0.0291,-0.0073
1.5328,-9.9633,-2.4525,-0.0461,0.0121,-0.0109
1.4179,-9.9633,-2.3375,-0.0583,0.0182,-0.0121
1.4945,-9.9633,-2.4142,-0.0534,0.0279,-0.0121
1.3029,-10.1549,-2.4525,-0.0291,0.0328,-0.0121
1.4179,-9.9250,-2.3759,-0.0121,0.0243,-0.0109
1.4945,-10.0016,-2.3375,-0.0036,0.0182,-0.0134
1.4562,-10.0016,-2.2609,-0.0097,0.0267,-0.0182
1.6478,-10.0399,-2.1076,-0.0316,0.0401,-0.0170
1.5711,-10.0016,-2.1076,-0.0376,0.0510,-0.0182
1.5328,-10.0782,-2.4525,-0.0097,0.0559,-0.0134
1.5328,-9.9633,-2.4142,0.0121,0.0583,-0.0146
1.3795,-10.0016,-2.5291,0.0024,0.0571,-0.0134
1.4562,-9.9633,-2.2992,-0.0036,0.0534,-0.0085
1.4562,-10.1549,-2.3375,-0.0109,0.0522,-0.0073
1.4562,-10.0399,-2.2992,-0.0036,0.0510,-0.0109
1.3795,-10.0016,-2.4142,0.0134,0.0534,-0.0158
1.3795,-9.8483,-2.3375,0.0097,0.0413,-0.0134
1.4945,-9.9250,-2.2992,-0.0291,0.0267,-0.0024
1.5328,-10.0016,-2.2609,-0.0449,0.0352,-0.0036
1.4562,-9.9250,-2.1459,-0.0316,0.0461,-0.0121
1.6095,-9.9250,-2.3759,-0.0461,0.0546,-0.0158
1.5328,-10.0016,-1.9927,-0.0522,0.0425,-0.0109
1.4179,-10.0399,-2.1843,-0.0158,0.0449,-0.0097
1.4945,-9.8866,-2.3375,0.0097,0.0486,-0.0049
1.3795,-9.9250,-2.2609,-0.0097,0.0595,-0.0049
1.4179,-10.1166,-2.2226,-0.0376,0.0583,-0.0061
1.4179,-9.8483,-2.2609,-0.0522,0.0498,-0.0097
1.4945,-9.9250,-2.1843,-0.0619,0.0425,-0.0061
1.6095,-10.0782,-2.1459,-0.0583,0.0449,-0.0049
1.4562,-9.9633,-2.1843,-0.0267,0.0498,-0.0061
1.4945,-9.9633,-2.2609,-0.0134,0.0522,-0.0049
1.5328,-10.0016,-2.2992,-0.0219,0.0607,-0.0121
1.3412,-10.0399,-2.1459,-0.0437,0.0583,-0.0085
1.3412,-10.0782,-2.1459,-0.0571,0.0486,-0.0024
1.4179,-10.0016,-2.1459,-0.0765,0.0571,-0.0024
1.4179,-10.0399,-1.8777,-0.0461,0.0692,-0.0097
1.5711,-9.9633,-2.1459,0.0024,0.0789,-0.0170
1.6478,-9.8866,-2.2609,-0.0109,0.0741,-0.0158
1.4179,-9.9633,-2.0693,-0.0704,0.0595,-0.0049
1.3412,-10.0016,-2.1459,-0.1044,0.0522,0.0049
1.4562,-10.2315,-2.1459,-0.0643,0.0364,-0.0024
1.5328,-10.0016,-1.8777,-0.0486,0.0279,-0.0061
1.4562,-10.0016,-2.2609,-0.0643,0.0364,-0.0085
1.4945,-10.0016,-2.3375,-0.0546,0.0474,-0.0134
1.5711,-9.9250,-2.3375,-0.0474,0.0498,-0.0109
1.5328,-9.9250,-2.1843,-0.0498,0.0546,-0.0085
1.3795,-10.0016,-2.2226,-0.0510,0.0498,-0.0121
1.4562,-10.0016,-2.2609,-0.0595,0.0449,-0.0109
1.4179,-10.0016,-2.4142,-0.0692,0.0328,-0.0012
1.5328,-10.0399,-2.1459,-0.0741,0.0255,0.0049
1.5328,-9.9633,-2.1076,-0.0486,0.0328,0.0000
1.4562,-9.8866,-2.1076,-0.0267,0.0474,-0.0121
1.4179,-9.8483,-2.1843,-0.0291,0.0486,-0.0194
1.3412,-9.8100,-2.1843,-0.0510,0.0352,-0.0170
1.4179,-9.8866,-2.2226,-0.0862,0.0279,-0.0109
1.5328,-10.0016,-2.3759,-0.0911,0.0243,-0.0109
1.5328,-9.8866,-2.1076,-0.0862,0.0206,-0.0121
1.5328,-10.0782,-2.1459,-0.0643,0.0073,-0.0121
1.4179,-9.8866,-2.2609,-0.0704,0.0049,-0.0061
1.5711,-10.0399,-2.2226,-0.0923,0.0061,-0.0036
1.4562,-10.2698,-2.1843,-0.0971,0.0121,-0.0073
1.5711,-10.0399,-2.2609,-0.0631,0.0182,-0.0109
1.3795,-9.8866,-2.2992,-0.0474,0.0085,-0.0085
1.4179,-9.8866,-2.2992,-0.0643,-0.0073,-0.0061
1.2646,-9.8483,-2.2992,-0.0716,-0.0109,-0.0073
1.3795,-9.9250,-2.3375,-0.0692,-0.0146,-0.0085
1.3412,-9.9250,-2.3759,-0.0559,-0.0158,-0.0158
1.4562,-9.9250,-2.2992,-0.0534,-0.0097,-0.0170
1.3412,-9.8866,-2.1459,-0.0680,-0.0097,-0.0146
1.4945,-9.9633,-2.2609,-0.0874,-0.0134,-0.0121
1.5328,-10.0782,-2.4525,-0.0838,-0.0097,-0.0134
1.4945,-10.0782,-2.4142,-0.0850,-0.0194,-0.0170
1.5711,-10.0782,-2.4525,-0.0959,-0.0364,-0.0170
1.5328,-10.0016,-2.2609,-0.0789,-0.0389,-0.0206
1.4562,-9.8100,-2.4525,-0.0595,-0.0389,-0.0194
1.4945,-9.7717,-2.4142,-0.0923,-0.0340,-0.0146
1.5328,-9.8100,-2.7591,-0.1311,-0.0401,-0.0243
1.6095,-9.8866,-2.8740,-0.1724,-0.0522,-0.0340
1.5711,-9.7334,-3.1423,-0.2343,-0.0692,-0.0461
1.4562,-9.6950,-3.6021,-0.3120,-0.0874,-0.0559
1.4179,-9.3502,-3.8320,-0.3788,-0.1093,-0.0704
1.3029,-9.1586,-3.7937,-0.4249,-0.1481,-0.0959
1.3029,-8.9670,-4.0620,-0.5197,-0.1943,-0.1129
1.2263,-8.8520,-4.0620,-0.6156,-0.2270,-0.1396
1.2646,-8.6221,-4.1386,-0.6811,-0.2295,-0.1724
1.4945,-8.2389,-4.3685,-0.7868,-0.2246,-0.1991
1.6095,-7.8557,-4.4835,-0.9567,-0.2465,-0.2270
1.8011,-7.8557,-4.4068,-1.1134,-0.2744,-0.2428
2.0310,-7.9706,-4.6368,-1.2166,-0.2720,-0.2440
1.8394,-7.8940,-4.8284,-1.3064,-0.2416,-0.2270
1.7627,-8.0856,-4.9816,-1.3744,-0.2015,-0.1979
1.7627,-7.5491,-5.2882,-1.3999,-0.1615,-0.1700
1.8011,-7.1276,-5.2882,-1.4072,-0.1591,-0.1481
1.7627,-6.8210,-5.0200,-1.4108,-0.1336,-0.1445
1.6095,-6.5911,-4.6751,-1.4193,-0.1676,-0.1421
1.1113,-6.2845,-4.8667,-1.5165,-0.3169,-0.1323
0.9197,-6.9743,-5.1349,-1.6864,-0.4602,-0.1202
1.2646,-7.8557,-5.9780,-1.8127,-0.5014,-0.1299
2.1459,-8.5454,-6.4761,-1.7957,-0.4638,-0.2076
2.5675,-8.5838,-6.6294,-1.6452,-0.4152,-0.2987
2.7591,-8.5838,-6.3612,-1.4946,-0.3278,-0.3084
2.7207,-8.6221,-5.8630,-1.2858,-0.0898,-0.2404
2.5291,-8.3921,-5.2116,-0.9907,0.1930,-0.1129
2.5675,-8.1622,-5.4798,-0.8280,0.2525,0.0243
2.8357,-8.5454,-6.0163,-0.8171,-0.0109,0.0510
2.6824,-8.7754,-6.7827,-0.7309,-0.2368,-0.0571
1.8394,-8.7370,-7.4341,-0.5099,-0.1955,-0.2210
1.1879,-8.7370,-7.9323,-0.3958,0.1166,-0.2999
1.2646,-9.7717,-8.1622,-0.3205,0.4711,-0.2392
2.1459,-10.8446,-7.7024,-0.0716,0.5779,-0.0850
2.8740,-11.0363,-7.1659,0.3910,0.4614,0.0449
3.4871,-9.9250,-7.2042,0.7977,0.2841,0.0389
3.2955,-8.8520,-7.3958,0.9021,0.2234,-0.0328
2.4525,-8.2389,-8.0089,0.7734,0.2538,-0.1105
1.3412,-8.6221,-8.6987,0.6204,0.3242,-0.1044
1.3029,-8.8903,-8.8903,0.5306,0.3606,-0.0073
1.8011,-9.3885,-8.5071,0.5002,0.2805,0.1056
2.5675,-10.1166,-8.0089,0.5075,0.0983,0.1506

