-.-.-
-0.3066,-8.2772,-5.1349,0.0036,0.0036,-0.0704
-0.6131,-8.1622,-5.1349,-0.0049,-0.0061,-0.0741
-0.6514,-8.0856,-5.3265,-0.0049,-0.0182,-0.0789
-0.5365,-8.1622,-5.1349,0.0061,-0.0401,-0.0753
-0.5748,-8.0856,-5.1732,0.0170,-0.0607,-0.0777
-0.7664,-7.8557,-5.0966,-0.0012,-0.0777,-0.0862
-0.7281,-7.9706,-5.2882,-0.0121,-0.1008,-0.0996
-0.7664,-7.8557,-5.2499,-0.0182,-0.1214,-0.1093
-0.6514,-8.0473,-5.4032,-0.0413,-0.1421,-0.1166
-0.8047,-7.8557,-5.0966,-0.0559,-0.1578,-0.1166
-0.6898,-7.7790,-5.2116,-0.0716,-0.1748,-0.1129
-0.6131,-7.7024,-5.5181,-0.1421,-0.1882,-0.1117
-0.5748,-7.6641,-5.5948,-0.2343,-0.1870,-0.1129
-0.4982,-7.7024,-5.5948,-0.2780,-0.1578,-0.1081
-0.5748,-7.7024,-5.6714,-0.3108,-0.1348,-0.1032
-0.4215,-7.7407,-5.5181,-0.3132,-0.0983,-0.0838
-0.4215,-7.9323,-5.6331,-0.3351,-0.0559,-0.0571
-0.3066,-8.0473,-5.8247,-0.3023,0.0024,-0.0364
-0.2299,-8.0473,-5.8630,-0.2440,0.0267,-0.0121
-0.3066,-8.0473,-5.5181,-0.2088,0.0461,0.0158
-0.4982,-8.0473,-5.2882,-0.1566,0.0680,0.0546
-0.8047,-8.0473,-5.4415,-0.1421,0.0704,0.0850
-0.8430,-8.2005,-5.3648,-0.1141,0.0862,0.1068
-0.9197,-8.1239,-5.4798,-0.0449,0.0971,0.1020
-0.8430,-7.8940,-5.5564,-0.0219,0.0947,0.0789
-0.8430,-7.8940,-5.4032,-0.0389,0.1056,0.0559
-1.0346,-7.4725,-5.7480,-0.0522,0.0935,0.0340
-1.0346,-7.4725,-5.9396,-0.1093,0.0765,0.0158
-0.9580,-7.4341,-5.8247,-0.1421,0.0607,-0.0146
-0.7281,-7.3575,-5.9780,-0.1797,0.0109,-0.0559
-0.5748,-7.2042,-6.2079,-0.2440,-0.0158,-0.0874
-0.5365,-7.1659,-6.3612,-0.2963,-0.0206,-0.1117
-0.7664,-6.8210,-6.2845,-0.3509,-0.0364,-0.1226
-0.6898,-6.7827,-6.3995,-0.3788,-0.0109,-0.1214
-0.6898,-6.3995,-6.3995,-0.4080,0.0291,-0.1141
-0.7281,-5.9780,-6.3995,-0.4504,0.0971,-0.0862
-0.6131,-5.5948,-6.2845,-0.4929,0.1688,-0.0328
-0.4982,-5.4798,-5.8247,-0.5621,0.1833,0.0413
-0.5748,-5.0583,-5.7097,-0.5986,0.1676,0.1299
-0.4215,-4.5601,-5.8247,-0.6520,0.1202,0.2028
-0.3832,-4.5218,-5.4032,-0.7054,0.0389,0.2623
-0.4215,-4.3302,-5.6714,-0.7309,-0.0898,0.2538
-0.2682,-4.6751,-5.4798,-0.8147,-0.1141,0.2283
-0.3449,-5.0200,-5.3648,-0.9106,-0.0765,0.1785
-0.6898,-5.2116,-5.4032,-0.9737,-0.0304,0.1481
-0.8814,-5.3648,-5.9013,-0.8875,-0.0194,0.1238
-0.8814,-5.1349,-5.7480,-0.7333,0.0146,0.0874
-1.1496,-4.9050,-5.9013,-0.6289,0.0607,0.0425
-1.4179,-4.5984,-6.1313,-0.7151,0.0826,0.0607
-1.6861,-4.3685,-6.2845,-0.9349,0.0279,0.1676
-0.6514,-4.3302,-6.5528,-1.2324,-0.1020,0.2040
-0.0766,-4.5218,-6.9743,-1.3817,-0.0826,0.1421
-0.0383,-4.9816,-7.6641,-1.4473,0.0959,0.0546
-0.9580,-5.7864,-7.9323,-1.5407,0.1275,-0.0146
-0.8430,-5.9013,-8.4688,-1.3550,0.0267,0.0231
-0.3832,-5.4798,-8.8520,-0.9142,-0.0461,0.0680
-0.2299,-4.6368,-8.8137,-0.5002,-0.0267,0.0413
-0.1916,-4.1769,-9.1586,-0.5391,0.0680,-0.0304
-1.3029,-3.6404,-8.6604,-0.8511,0.1603,-0.0546
-1.2263,-3.6021,-8.5454,-0.9385,0.1408,0.0692
-1.3795,-2.9507,-8.4688,-1.1304,-0.0813,0.1748
-1.0346,-2.7207,-8.6604,-1.2955,-0.3023,0.2513
-0.8430,-3.1806,-9.1202,-1.3416,-0.3096,0.1469
-1.5711,-3.8704,-9.9250,-1.3137,-0.0643,0.1542
-0.5365,-3.2955,-10.0782,-1.0393,0.0559,0.1833
-0.6514,-3.2572,-10.1166,-0.6787,-0.0243,0.1481
-0.8047,-2.7207,-10.3465,-0.4905,-0.1591,0.1068
-1.3029,-2.8740,-10.5764,-0.6156,-0.3315,0.2562
-2.0693,-2.5675,-10.7297,-0.8815,-0.5160,0.2210
-2.6824,-2.4908,-10.8830,-1.0065,-0.4662,0.1129
-1.4562,-2.4525,-10.3848,-0.8669,-0.2793,0.1603
-1.7244,-2.4525,-11.3045,-0.8086,-0.2125,0.1457
-1.7244,-0.9963,-11.6111,-0.8293,-0.1032,-0.0049
-1.9543,-0.6131,-11.9176,-0.7224,0.0085,-0.0571
-1.8394,-0.1916,-11.2279,-0.7904,0.0862,0.0146
-0.7664,-0.9197,-10.8830,-0.8985,0.0340,-0.1032
-0.9963,-1.0346,-10.7297,-1.0551,-0.1761,-0.0826
-1.5328,-0.6898,-11.4578,-1.0454,-0.2222,0.0036
-1.1113,-0.3832,-11.4195,-0.7892,-0.0728,0.0134
-1.6861,-0.4215,-11.4961,-0.5767,0.0036,0.0413
-2.2609,0.2682,-11.0363,-0.5282,0.0461,0.0352
-1.8777,0.3449,-10.9213,-0.4019,0.1105,-0.1166
-1.8011,0.0766,-10.4231,-0.3254,0.0923,-0.0182
-1.3412,0.1533,-9.9250,-0.2283,0.1323,-0.1068
-1.2646,-0.0383,-10.1166,-0.2331,0.0728,-0.0595
-0.9963,0.0383,-10.0782,-0.3217,0.0437,-0.0304
-1.1879,0.4215,-10.0782,-0.2938,-0.0012,-0.0146
-1.4945,0.0383,-10.3465,-0.2999,-0.0304,0.0097
-1.5711,0.0383,-10.4231,-0.2283,-0.0231,0.0170
-1.4945,0.2682,-10.6147,-0.0085,0.0425,-0.0376
-1.4562,0.1150,-10.4614,0.1348,0.0959,-0.0595
-1.6478,0.1150,-10.0399,0.1797,0.1129,-0.0813
-1.9927,0.4215,-9.9633,0.1372,0.0801,-0.1008
-1.5711,0.5748,-10.1166,0.0595,0.0000,-0.1056
-1.6095,0.7664,-9.6567,0.0279,-0.0352,-0.0838
-1.6861,0.5365,-9.7334,-0.0121,-0.0401,-0.0583
-1.4179,0.5748,-9.6567,-0.0255,-0.0874,-0.0461
-1.4562,0.1916,-9.8483,-0.0364,-0.1117,-0.0510
-1.4945,0.4215,-10.0016,-0.0073,-0.1044,-0.0656
-1.4562,0.4982,-10.1166,0.0279,-0.0643,-0.0741
-1.4945,0.7281,-9.7334,0.0449,-0.0121,-0.0947
-1.6478,0.9580,-9.8100,0.0437,0.0571,-0.1141
-1.6478,0.8814,-9.5418,-0.0158,0.0595,-0.1178
-1.5711,1.1496,-9.7717,-0.0546,0.0692,-0.1639
-1.8394,0.9580,-9.6567,-0.0826,0.0668,-0.1493
-1.7627,0.7281,-9.7334,-0.1457,0.0643,-0.1663
-1.7627,0.4598,-10.0782,-0.2355,0.0559,-0.2307
-1.9160,0.8047,-10.4998,-0.2416,0.0097,-0.2258
-1.8011,0.6131,-10.3465,-0.1821,0.0206,-0.1821
-1.6478,0.8047,-10.1166,-0.1129,0.0656,-0.1238
-1.8777,1.0730,-9.9250,-0.0109,0.1202,-0.0559
-1.8777,0.8047,-9.7717,0.0559,0.1566,-0.0146
-1.6478,0.3832,-9.3118,0.1372,0.1348,-0.0279
-1.6478,0.5365,-9.0436,0.1676,0.0741,-0.0413
-1.5711,0.5365,-8.9670,0.1408,0.0146,-0.0170
-1.3795,0.7281,-9.2352,0.1068,-0.0219,0.0219
-1.4562,0.7664,-9.4268,0.0996,-0.0170,0.0522
-1.5328,0.8430,-9.5034,0.1238,0.0061,0.0619
-1.4945,0.6131,-9.3502,0.1226,0.0194,0.0765
-1.3029,0.8047,-9.5801,0.0923,0.0364,0.0886
-1.3412,0.8430,-9.6567,0.0559,0.0741,0.0947
-1.6478,0.8814,-9.7717,0.0158,0.0874,0.0947
-1.1879,0.7664,-9.7717,-0.0461,0.0777,0.0983
-1.1113,0.8430,-10.0399,-0.0583,0.0789,0.1068
-1.2646,0.8047,-10.0782,-0.0401,0.0789,0.1020
-1.3412,0.6131,-10.2698,0.0061,0.0826,0.0886
-1.4562,0.6131,-10.0399,0.0704,0.0959,0.0668
-1.4179,0.7281,-10.2315,0.1008,0.0874,0.0474

