-.-.-
1.8011,-22.3407,-6.3229,-0.3910,-0.9155,0.0121
-0.8047,-17.4357,-4.6368,0.7649,-1.3659,-0.1202
-2.6058,-8.3155,-2.3375,1.9645,-1.6804,0.0328
-2.2609,-1.9927,-2.0693,1.1292,-1.6743,0.3922
1.1113,1.4562,-1.8011,-0.1797,-1.3513,0.4990
1.7627,4.4068,-3.9853,-0.7200,-1.4715,-0.0971
2.3375,4.9050,-2.6441,-1.2324,-2.0823,-0.6544
2.3759,0.6514,-2.7591,-0.5087,-1.8091,-0.7588
0.4982,-1.1879,-6.3612,0.4359,-0.8596,-0.5791
-1.5328,-1.4562,-5.7480,0.7758,-0.4735,-0.1845
-2.8357,0.1916,-1.5711,0.8948,-0.3800,-0.2100
-0.6131,0.4215,0.6898,1.3161,-0.6277,-0.2404
1.1879,1.2646,-6.9743,0.5051,-0.9033,-0.1166
-9.6567,1.5328,-18.8536,-4.4863,-2.2534,0.2756
10.3465,-32.6872,-0.6514,-1.6354,0.3703,2.5958
6.9360,-18.2021,-23.7969,2.2425,-0.9677,0.4492
-0.9197,-20.8463,-8.2772,-0.6787,2.0434,0.3023
-1.1879,-22.6473,-7.0893,0.7977,1.4497,0.0947
-4.7134,-22.9155,-6.7827,-0.3120,0.7686,-0.2404
-4.4835,-26.3644,-3.3339,-0.0437,0.9385,0.1056
-0.0766,-23.3754,-3.1039,0.3266,1.0697,-0.3727
2.1076,-19.1218,-3.4488,0.7965,1.2506,-0.4432
4.6368,-11.4961,-2.7591,1.4570,1.3343,0.0121
6.3995,-1.2263,-1.6095,0.4893,1.4120,-0.0134
3.1423,4.2152,-3.6404,-0.1773,0.9240,0.1845
-3.9470,6.9360,-1.4945,0.3740,1.9827,0.4359
-5.0200,4.3302,-1.0346,0.4966,2.2340,0.6569
-3.1423,-0.3832,-3.4871,0.3193,1.3647,0.4990
-0.5748,-2.5291,-7.6641,0.3934,0.2137,0.1311
-1.1879,-1.9543,-5.4798,0.4565,-0.0401,0.0498
-0.8047,0.6131,-3.2189,0.8487,0.5172,0.2185
-0.4598,1.8394,-2.6824,0.9798,0.9227,0.1263
2.4908,-0.9580,-3.2189,0.8645,1.0490,-0.0182
8.0473,-2.7974,-16.5544,-0.7321,1.4885,-0.6022
-5.4415,-14.1019,-4.8667,-3.7019,0.9835,-1.0442
-4.4452,-22.5707,-8.9286,1.2846,1.0660,-0.6180
-7.3575,-23.6436,-12.7223,-1.2518,-1.9754,-1.3732
-5.2882,-27.0541,-8.1239,-0.0777,-1.9621,-0.1627
4.0236,-21.8809,-7.9706,0.4820,-2.6699,-0.0716
5.5181,-20.5397,-3.4105,-0.5524,-2.7427,-0.2416
4.2919,-17.9722,-3.6404,-0.0146,-2.3494,0.1008
2.8740,-16.2095,-2.7974,-0.1530,-2.2534,0.4225
-0.2299,-14.9449,-1.3029,0.1833,-1.8783,0.2198
-2.4142,-9.6950,-1.6095,1.0551,-1.6221,0.1773
-2.1843,-2.1076,-1.9160,1.3999,-1.6002,0.5342
0.1150,3.2955,-3.2955,1.4995,-1.5723,0.4383
2.2609,8.5838,-4.7900,0.3145,-1.5189,-0.2683
4.9433,7.0126,-3.2572,-0.9094,-1.5917,-0.5840
3.1039,-0.8047,-3.7171,-1.1364,-1.0903,-0.5039
1.2263,-3.4871,-5.7097,0.0571,0.1894,-0.1943
-1.4945,-2.2609,-5.2882,0.7673,0.5184,-0.0923
-0.6898,-1.1113,-3.0656,0.7916,0.2513,-0.0121
-3.0273,-1.4945,-3.7937,0.4031,-0.4480,0.1153
-9.8100,-0.1533,-12.7990,-1.7654,-1.8443,0.5160
5.7480,-17.7806,-7.2809,-3.2551,0.5427,2.4768
6.8210,-22.3407,-15.9796,-0.8803,-0.3412,0.9167
2.6824,-22.8772,-11.1129,-0.4602,1.8042,1.1049
-0.9580,-18.8919,-8.0856,0.1056,1.4351,-0.2295
-7.4725,-19.6200,-4.8284,-0.0061,1.2579,-0.2865
-10.3465,-19.6966,-4.3685,-0.0935,1.0587,-0.2950
-5.7480,-20.1182,-4.1386,-0.4225,0.5840,-0.5573
0.7281,-19.4667,-3.4871,-0.3958,0.5889,-0.8390
6.6294,-14.2168,-2.5675,0.6156,0.9057,0.0316
7.8557,-3.7171,-1.1879,0.8973,1.8006,0.0607
3.4488,-1.3795,-2.4525,0.2283,1.6622,-0.1542
1.1496,-2.2609,-3.0273,-0.3436,0.9580,-0.1360
1.8011,3.7171,-3.5638,0.2258,2.0410,0.1712
0.4215,9.7334,-3.8320,-0.1202,3.7869,0.8390
-3.1423,4.5984,-2.2992,-1.3950,3.0961,1.0939
-1.2263,-2.7591,-4.8284,-1.0879,1.2688,0.6508
-0.6514,-3.9853,-7.7024,-0.3315,0.3570,0.3035
-4.2536,-2.7974,-4.3302,0.0741,0.3970,0.3800
-2.5291,-3.2189,-1.9927,1.5310,1.1207,0.6423
8.5838,-4.5984,-6.7827,1.2275,2.0446,0.3132
-0.9197,-10.4614,-13.2971,-3.1908,0.6071,-1.8819
-3.6787,-21.7659,-8.8137,0.0121,1.9997,-0.9009
-2.9890,-17.2058,-17.8956,0.5282,-0.5391,-1.2299
-3.9853,-24.2951,-10.2315,-1.8783,-2.1976,-0.7261
0.1916,-23.3754,-9.0053,0.5731,-1.9754,-0.4759
2.2609,-20.2714,-6.8210,0.1117,-1.8564,-0.9118
0.3066,-20.4247,-4.6368,0.1858,-1.9244,-0.8329
-0.1916,-18.8536,-5.2882,0.3448,-2.4016,-0.3448
1.4945,-15.2898,-2.9507,0.9470,-2.8921,-0.0801
1.3795,-9.5034,-1.7627,1.5614,-2.3494,-0.0073
2.5675,-2.1843,-1.6861,1.8261,-1.3441,0.1591
3.8704,4.3302,-2.1843,1.4303,-0.9082,0.3084
4.1769,7.5874,-3.4488,0.6763,-1.0102,0.0401
2.7974,5.7864,-4.6751,0.0619,-1.6367,-0.2987
0.3832,0.0000,-4.3685,-0.0983,-1.3926,-0.4043
-1.9543,-2.6058,-5.9013,0.0170,-0.2525,-0.2768
-3.6021,-2.1076,-5.0966,-0.1469,0.3120,-0.1202
-3.2189,0.3066,-1.8394,0.3922,-0.2987,-0.2489
1.1113,0.3066,-1.6478,1.0794,-0.5379,-0.2975
-2.8740,-0.9580,-6.7827,0.7491,-0.9640,-0.2562
-5.9780,-2.1843,-22.0725,-4.1074,-0.8438,0.8135
10.3465,-28.9702,-4.7517,-1.6391,0.4978,1.9305
6.3229,-22.7623,-13.5654,-0.3145,-0.2647,0.3145
1.7627,-22.4174,-5.5181,0.5282,1.9086,0.7151
-2.2992,-20.5397,-6.3612,0.3472,1.8176,-0.1469
-5.9396,-20.6546,-5.9780,-1.0867,1.3246,-0.5063
-4.7517,-23.7203,-3.3722,-0.2307,1.0964,-0.0061
-0.7281,-21.3827,-3.4488,0.1870,1.0126,-0.4602
1.2263,-16.2478,-2.8740,0.3072,1.0563,-0.3387
2.9507,-10.6530,-1.3029,0.9883,1.2603,-0.1360
2.2609,-4.6751,-1.6095,1.3768,1.1486,-0.3205
-0.2682,0.3066,-2.7974,1.3319,1.0126,0.0340
-2.2609,6.7827,-2.2992,0.9628,1.3671,0.4638
-2.8357,8.9670,-1.0346,0.2319,1.5784,0.7807
-0.3449,1.8777,-4.0236,-0.4735,0.8414,0.5063
0.3066,-2.2992,-8.2772,0.1190,0.2610,0.0765
-3.5638,-3.3339,-5.3265,0.0340,-0.5039,-0.1251
-4.2536,-0.9580,-2.9890,0.5124,-0.7431,0.0437
-2.2609,1.1879,-5.3648,0.8912,-0.7261,-0.0134
6.9743,-2.1843,-7.2042,0.2914,0.1603,-0.2647
5.4032,-11.9176,-11.0363,-2.1527,-0.1336,-1.6792
-8.3155,-21.6510,-5.9780,-0.1469,0.6156,-0.9531
-4.7134,-16.8226,-13.1439,-0.5852,-0.3412,-0.5694
0.3449,-22.4174,-7.0509,-1.6634,-1.2809,-0.7346
5.8247,-26.4793,-6.4761,-0.2331,-1.2311,0.3266
9.6950,-24.8699,-4.4452,-0.5913,-0.6884,0.4784
5.4798,-21.8426,-2.5291,-0.3642,-0.5039,-0.1833
0.7664,-17.5507,-2.1076,0.3339,-0.1263,0.1712
-3.0656,-13.4504,-1.6478,0.8232,-0.5658,0.5743
-4.7134,-12.0326,-1.0346,0.6666,-1.1619,0.8378
-2.4908,-7.0509,-0.3449,0.9337,-1.4618,0.6046
0.8814,1.4945,-1.2263,1.2226,-1.5662,0.4869
3.7554,7.3958,-4.1386,0.3691,-1.3465,0.3181
3.3339,7.3958,-5.1349,-0.6933,-1.6670,-0.2538

