-.-.-
0.6898,-9.6950,-1.7627,0.0304,0.2246,-0.0364
0.5365,-9.5418,-1.4562,0.0219,0.2671,-0.0364
0.3449,-9.7334,-1.6478,0.0291,0.2780,-0.0437
0.3066,-9.5418,-1.6095,0.0364,0.2562,-0.0413
0.3449,-9.6184,-1.5328,-0.0061,0.2319,-0.0304
0.5748,-9.5418,-1.5711,-0.0134,0.2319,-0.0340
0.5365,-9.6567,-1.6478,-0.0061,0.2428,-0.0389
0.6131,-9.6184,-1.6095,-0.0121,0.2404,-0.0413
0.8814,-9.7334,-1.7627,-0.0170,0.2355,-0.0364
0.8047,-9.9250,-1.8394,-0.0158,0.2343,-0.0267
0.8047,-9.7334,-1.5711,-0.0243,0.2270,-0.0219
0.4982,-9.6184,-1.4562,-0.0449,0.2210,-0.0182
0.3832,-9.6184,-1.6478,-0.0498,0.2234,-0.0134
0.4982,-9.5801,-1.7244,-0.0631,0.2161,-0.0061
0.4598,-9.6567,-1.7244,-0.0704,0.1930,0.0012
0.5365,-9.6567,-1.6095,-0.0510,0.1676,-0.0036
0.4598,-9.8100,-1.5711,-0.0182,0.1433,-0.0061
0.5365,-9.6567,-1.4945,0.0073,0.1372,-0.0049
0.6131,-9.8483,-1.4562,0.0024,0.1445,0.0024
0.4598,-9.7717,-1.6478,-0.0061,0.1348,0.0049
0.4598,-9.6567,-1.6478,0.0061,0.1214,-0.0036
0.5365,-9.6567,-1.4179,0.0219,0.1190,-0.0097
0.4982,-9.6567,-1.5328,0.0267,0.1129,-0.0085
0.4598,-9.6950,-1.4179,0.0231,0.1044,-0.0097
0.6514,-9.8483,-1.6095,0.0352,0.0947,-0.0061
0.4982,-9.6184,-1.5711,0.0643,0.0898,0.0012
0.6131,-9.7334,-1.4179,0.0777,0.0935,0.0061
0.5748,-9.7717,-1.4945,0.0813,0.1056,0.0146
0.6514,-9.8483,-1.5328,0.0874,0.1105,0.0146
0.5748,-9.6567,-1.7244,0.1275,0.1068,0.0109
0.6131,-9.6567,-1.3795,0.1202,0.1068,0.0012
0.5365,-9.8100,-1.3795,0.1178,0.1263,-0.0049
0.6898,-9.7334,-1.3795,0.1202,0.1421,-0.0073
0.6131,-9.7334,-1.4562,0.1287,0.1457,-0.0073
0.6514,-9.6567,-1.4562,0.1469,0.1311,-0.0012
0.5748,-9.8483,-1.3412,0.1360,0.1299,-0.0097
0.4598,-9.6184,-1.4562,0.1251,0.1275,-0.0219
0.4215,-9.6184,-1.1879,0.1251,0.1226,-0.0206
0.5365,-9.6184,-1.2646,0.1251,0.1153,-0.0134
0.4982,-9.5034,-1.2646,0.0983,0.1117,0.0024
0.4598,-9.6950,-1.2263,0.0425,0.0959,0.0024
0.6514,-9.8100,-1.0346,0.0231,0.0850,0.0024
0.4598,-9.7717,-1.0346,0.0291,0.0704,-0.0024
0.4215,-9.7334,-0.9963,0.0316,0.0534,-0.0036
0.5365,-9.7717,-1.1113,0.0219,0.0389,0.0012
0.4982,-9.7717,-1.1496,0.0158,0.0376,0.0036
0.5365,-9.7334,-1.0730,0.0219,0.0340,0.0012
0.4982,-9.6950,-0.9963,0.0134,0.0291,0.0036
0.7281,-9.8483,-1.0730,0.0182,0.0255,0.0109
0.4982,-9.7717,-1.0346,0.0231,0.0328,0.0073
0.5365,-9.7334,-0.9580,0.0206,0.0413,0.0024
0.7664,-9.6184,-0.9963,0.0279,0.0413,0.0073
0.4982,-9.6950,-1.0346,0.0267,0.0364,0.0073
0.5748,-9.6567,-1.0730,0.0134,0.0461,0.0073
0.4215,-9.7717,-0.8430,-0.0012,0.0449,0.0073
0.3449,-9.7717,-1.0346,-0.0036,0.0376,0.0036
0.4598,-9.8483,-1.0730,0.0024,0.0243,0.0049
0.4598,-9.7334,-0.8430,0.0061,0.0182,0.0000
0.5748,-9.6184,-1.0346,0.0000,0.0340,0.0024
0.6131,-9.7717,-0.9197,-0.0061,0.0364,0.0036
0.6131,-9.8100,-1.0346,-0.0049,0.0291,0.0036
0.3449,-9.5801,-1.1113,-0.0012,0.0267,0.0049
0.4598,-9.6950,-1.0730,-0.0036,0.0243,0.0036
0.4982,-9.7334,-0.9580,0.0024,0.0267,0.0036
0.5748,-9.7717,-1.0730,0.0036,0.0243,0.0061
0.4598,-9.6567,-1.0346,-0.0012,0.0255,0.0073
0.4215,-9.7334,-0.9197,-0.0182,0.0267,0.0049
0.4598,-9.7334,-1.0346,-0.0231,0.0279,0.0049
0.5748,-9.8100,-0.9963,-0.0206,0.0328,0.0049
0.4598,-9.6567,-1.0730,-0.0364,0.0352,0.0024
0.4982,-9.6950,-0.9197,-0.0413,0.0316,-0.0024
0.4215,-9.6184,-0.9963,-0.0425,0.0231,0.0012
0.4982,-9.8100,-0.8814,-0.0546,0.0255,0.0061
0.4982,-9.8100,-0.8814,-0.0219,0.0291,0.0109
0.4598,-9.7334,-0.8814,-0.0134,0.0231,0.0121
0.5365,-9.8483,-1.1879,-0.0364,0.0267,0.0121
0.4982,-9.7717,-0.8814,-0.0170,0.0255,0.0097
0.1916,-10.0399,-1.9927,-0.0085,0.0279,0.0061
0.4982,-9.8100,-0.9963,-0.0085,0.0279,0.0073
0.4982,-9.7334,-0.9197,-0.0036,0.0352,0.0061
0.4215,-9.6950,-0.9963,0.0036,0.0352,0.0061
0.3832,-9.7717,-0.7664,0.0073,0.0352,0.0073
0.3449,-9.7717,-1.0730,0.0231,0.0352,0.0097
0.3832,-9.7334,-0.9197,0.0267,0.0243,0.0121
0.4215,-9.7717,-0.9580,0.0158,0.0255,0.0097
0.4215,-9.7717,-0.8814,0.0146,0.0364,0.0085
0.4982,-9.7334,-0.8430,0.0291,0.0449,0.0109
0.4982,-9.7334,-0.9580,0.0255,0.0449,0.0121
0.3832,-9.7717,-0.8814,0.0097,0.0449,0.0097
0.4215,-9.7717,-0.9580,0.0109,0.0522,0.0061
0.4598,-9.8866,-0.9197,0.0243,0.0546,0.0073
0.2299,-9.8100,-0.8814,0.0206,0.0461,0.0097
0.3449,-9.7334,-0.9197,0.0121,0.0376,0.0097
0.3449,-9.8483,-0.9197,0.0061,0.0376,0.0121
0.4598,-9.7717,-0.8814,0.0097,0.0401,0.0134
0.4215,-9.7717,-0.8430,-0.0012,0.0437,0.0121
0.4598,-9.6950,-1.0346,-0.0012,0.0474,0.0109
0.5365,-9.7717,-0.8814,-0.0073,0.0522,0.0061
0.3449,-9.7334,-0.9963,-0.0121,0.0559,0.0024
0.3449,-9.7334,-0.9580,-0.0012,0.0498,-0.0012
0.3832,-9.7334,-0.7281,-0.0024,0.0461,-0.0024
0.4598,-9.6184,-0.9580,-0.0121,0.0449,0.0012
0.4215,-9.6950,-0.8814,-0.0255,0.0474,0.0036
0.3832,-9.7717,-0.8430,-0.0401,0.0449,-0.0012
0.3832,-9.6950,-0.9580,-0.0340,0.0425,-0.0024
0.4215,-9.7334,-0.9197,-0.0510,0.0474,-0.0061
0.4598,-9.8483,-0.8047,-0.0510,0.0571,-0.0049
0.4982,-9.8866,-0.8047,-0.0279,0.0571,-0.0024
0.3066,-9.8866,-0.7664,-0.0255,0.0522,-0.0073
0.3066,-9.6567,-0.7664,-0.0206,0.0474,-0.0061
0.3449,-9.5801,-0.9963,-0.0437,0.0449,-0.0109
0.2682,-9.6950,-0.8047,-0.0668,0.0498,-0.0134
0.4598,-9.6950,-0.7664,-0.0801,0.0546,-0.0158
0.4982,-9.6567,-0.9197,-0.0801,0.0474,-0.0170
0.4598,-9.7334,-0.9197,-0.0996,0.0510,-0.0146
0.4598,-9.8483,-0.8814,-0.0874,0.0559,-0.0158
0.3066,-9.8100,-1.0346,-0.0437,0.0571,-0.0146
0.4215,-9.7334,-0.9580,-0.0656,0.0607,-0.0158
0.3832,-9.6184,-0.9197,-0.0898,0.0668,-0.0158
0.3066,-9.7717,-0.9963,-0.0874,0.0668,-0.0158
0.4598,-9.6950,-0.9580,-0.1032,0.0753,-0.0170
0.4598,-9.8100,-0.9963,-0.1275,0.0826,-0.0170
0.4215,-9.8483,-1.0346,-0.1287,0.0911,-0.0109
0.4982,-9.8483,-1.0730,-0.1093,0.0874,-0.0085
0.4215,-9.8866,-1.2646,-0.0838,0.0826,-0.0121
0.4598,-9.8100,-1.1496,-0.0813,0.0874,-0.0121
0.3449,-9.7717,-1.0730,-0.0959,0.0838,-0.0097
0.4598,-9.7334,-1.2263,-0.0971,0.0704,-0.0036

