-.-.-
0.7664,-5.5948,-5.0200,-0.6569,0.1991,0.0704
1.3795,-4.8667,-6.5145,-0.7601,0.0425,0.0328
0.3832,-4.4835,-7.3958,-0.9774,-0.0389,0.0291
0.2299,-5.5181,-9.0819,-1.2918,-0.1445,-0.1251
0.0000,-6.5911,-8.5454,-1.5565,0.0121,-0.2793
0.4598,-6.5911,-8.7754,-1.1619,0.1056,-0.1845
0.4598,-6.9360,-9.2735,-0.6010,0.0692,-0.1615
-0.1150,-7.3958,-9.2352,-0.0668,-0.1481,-0.3400
-1.1496,-5.7097,-8.2005,0.1299,-0.4674,-0.4298
-0.5748,-4.5218,-8.3538,-0.1566,-0.5524,-0.2392
0.3449,-4.7900,-8.7370,-0.1651,-0.6265,-0.0486
1.0346,-5.7097,-9.1969,0.3096,-0.6471,0.0109
0.8814,-6.4761,-10.0782,0.6095,-0.4820,0.0643
0.2682,-7.9323,-10.1549,0.4942,-0.2574,0.0850
-0.0383,-9.1202,-9.5801,0.5767,-0.2185,0.1287
-0.2682,-9.0819,-9.4268,0.9507,-0.3327,0.1542
-0.0383,-8.1239,-9.5034,1.2202,-0.4759,0.2428
0.0383,-7.2042,-9.1969,1.3113,-0.5500,0.3606
-0.1916,-6.5528,-8.5838,1.3113,-0.5451,0.4140
-0.4215,-6.4378,-8.0856,1.1899,-0.5415,0.4019
0.1150,-6.5145,-7.4725,1.0551,-0.5561,0.3825
-0.2682,-6.6677,-7.8557,0.9689,-0.5233,0.3764
-0.3449,-7.0126,-7.2809,0.9410,-0.4626,0.3788
-1.1879,-7.1659,-6.5145,0.9750,-0.4432,0.4177
-2.2609,-6.8210,-6.1696,1.0041,-0.5706,0.3910
-2.4908,-6.3612,-6.3229,1.0308,-0.6678,0.3060
-2.9507,-6.2462,-6.4378,1.0466,-0.7200,0.2477
-3.4871,-6.3995,-6.3995,0.9203,-0.8013,0.2307
-4.1769,-6.8977,-6.2845,0.8293,-0.8450,0.1979
-4.4835,-7.5491,-6.0546,0.8815,-0.8730,0.1032
-4.4452,-7.5491,-6.5911,0.9531,-0.8620,0.0898
-4.3685,-7.5108,-6.7061,0.9082,-0.8535,0.1214
-4.3685,-7.6257,-6.3229,0.8062,-0.8657,0.0486
-4.1386,-7.4341,-6.1313,0.7807,-0.9567,-0.0401
-3.7171,-7.8173,-5.7864,0.6653,-1.0247,-0.0656
-3.2955,-8.2772,-5.0200,0.8329,-1.0320,-0.0449
-2.9890,-8.5838,-4.9433,1.0405,-1.0272,-0.0291
-2.8357,-8.1239,-5.0966,1.1134,-1.0223,-0.0668
-2.9123,-7.3958,-4.7900,0.9531,-0.9264,-0.1603
-3.1039,-7.6257,-4.7517,0.9519,-0.8463,-0.2914
-3.2189,-7.4725,-4.2152,0.9616,-0.7892,-0.4080
-3.0273,-7.9706,-3.2955,0.6617,-0.9264,-0.4990
-2.8357,-9.0436,-3.6787,0.2878,-1.0733,-0.4419
-2.3759,-9.5034,-3.2189,0.3812,-1.0175,-0.4249
-1.9543,-9.1969,-3.1039,0.5731,-1.0138,-0.4577
-2.7974,-9.0436,-3.1806,0.4553,-1.0235,-0.5112
-2.8357,-7.7790,-3.3722,0.3266,-1.0575,-0.6204
-3.1039,-6.9743,-3.1423,0.1627,-1.0806,-0.6435
-2.7207,-6.9360,-2.7591,0.0146,-0.9725,-0.4517
-2.3759,-7.4341,-3.0656,0.0036,-0.9337,-0.3120
-2.7207,-7.8173,-3.5638,-0.2465,-0.9288,-0.2185
-3.0656,-8.3155,-3.9087,-0.2270,-0.9118,-0.2562
-3.6404,-8.5838,-3.3722,-0.1323,-0.9677,-0.3521
-3.4105,-8.3538,-2.7974,-0.0571,-1.0903,-0.4772
-3.0273,-8.2389,-1.9160,-0.1081,-1.2008,-0.5804
-1.6861,-8.1622,-1.8394,-0.1105,-1.3319,-0.6435
-0.4982,-8.9286,-1.0730,-0.0704,-1.3781,-0.8220
0.0766,-10.1932,0.4982,0.0316,-1.3465,-1.0514
0.7281,-11.1895,0.8814,-0.3667,-1.1874,-1.0915
0.4982,-11.1895,0.5748,-0.3060,-1.0272,-1.0599
-0.4982,-10.8446,-0.4598,-0.0097,-0.7370,-0.9567
-1.7244,-10.3082,-0.8430,0.0231,-0.6423,-0.8280
-2.1076,-10.1932,-1.4562,-0.0546,-0.6241,-0.7491
-2.3759,-9.5034,-2.1459,-0.1724,-0.5391,-0.6629
-1.8011,-9.2352,-2.5675,-0.1943,-0.3812,-0.6326
-1.4562,-9.8483,-2.0693,-0.3084,-0.2161,-0.5670
-1.7244,-9.8100,-2.6441,-0.3800,-0.2695,-0.5476
-1.4562,-9.1969,-2.7207,-0.4699,-0.2246,-0.5257
-1.9160,-9.3885,-1.6095,-0.5755,-0.1724,-0.5488
-0.6131,-9.7334,-2.3759,-0.5476,-0.2307,-0.5755
-0.0766,-10.0782,-2.2609,-0.4650,-0.2210,-0.5354
0.6131,-9.9250,-2.6058,-0.4237,-0.1627,-0.4893
-0.0766,-9.3885,-2.3759,-0.3812,-0.0838,-0.4310
-0.2682,-9.2735,-2.5675,-0.4674,-0.0231,-0.2963
-0.5748,-9.3502,-2.9507,-0.3703,0.0316,-0.2222
-0.2299,-9.4651,-2.5675,-0.3776,0.1190,-0.1761
-0.3832,-8.8903,-3.4488,-0.4638,0.0923,-0.0813
-0.6131,-9.1969,-3.5638,-0.6593,-0.0474,0.0182
-0.2299,-9.9250,-3.6404,-0.8790,-0.0996,0.2610
-0.3066,-9.9250,-3.8320,-0.8329,-0.1214,0.4055
0.1150,-9.3118,-4.1769,-0.6836,-0.0449,0.3327
-0.1150,-8.9670,-3.6787,-0.6945,0.0850,0.2307
-0.3832,-8.7754,-2.9123,-0.5913,0.1712,0.1663
-0.3832,-9.2735,-2.9507,-0.6896,0.1651,0.1955
-0.1916,-9.9633,-4.1003,-0.9604,0.1311,0.2683
-1.0346,-10.8063,-4.2919,-1.0842,0.0607,0.1651
-1.8394,-9.9633,-5.8630,-1.0126,0.0413,0.0364
-1.9927,-8.7754,-7.1276,-1.1158,0.0085,-0.0328
-4.0620,-10.9596,-6.8977,-0.9580,-0.1093,-0.1166
-4.4068,-10.1166,-5.9396,-0.3885,-0.2392,-0.4772
-3.3722,-8.2389,-6.4378,-0.8317,-0.4602,-0.6229
-2.9890,-7.1659,-7.4725,-1.0466,-0.7528,-0.6981
-3.3339,-6.2079,-7.7790,-1.0284,-0.8900,-0.8074
-3.0656,-6.1696,-7.4341,-1.0417,-1.0041,-1.0077
-2.8740,-5.2116,-7.5874,-1.1097,-1.0648,-1.1437
-2.1843,-4.3685,-7.4341,-1.1328,-1.1546,-1.2214
-2.0310,-4.1769,-6.8210,-1.2566,-1.1146,-1.2542
-1.6478,-4.1769,-6.2079,-1.2736,-1.0393,-1.2894
-1.4179,-4.4835,-5.4798,-1.1668,-0.9422,-1.2542
-0.3832,-5.1732,-5.0966,-0.9227,-0.9373,-1.1947
0.4215,-6.0546,-4.5601,-0.5706,-0.9094,-1.1826
1.9927,-6.5145,-3.5255,-0.3667,-0.7868,-1.2190
2.6058,-7.0126,-3.0656,-0.2246,-0.6107,-1.2785
3.2955,-7.2425,-3.6787,-0.0049,-0.4322,-1.3768
3.6787,-7.8173,-5.2499,0.2756,-0.2295,-1.4521
4.1003,-9.7334,-5.9780,0.5791,0.0728,-1.5602
2.2609,-10.1932,-6.4761,0.9495,0.2477,-1.5043
1.4179,-11.8793,-6.9360,1.3198,0.2938,-1.2190
1.1113,-11.9943,-5.9013,1.7435,0.3157,-0.9288
0.6898,-11.6494,-6.1313,1.8528,0.3023,-0.7066
0.4215,-10.3848,-6.5145,1.4315,0.2878,-0.6265
0.4982,-9.7717,-7.2425,1.0211,0.5160,-0.5621
0.7281,-7.9323,-7.8173,0.8985,0.7115,-0.4347
1.0730,-7.6257,-6.8210,0.7188,0.7807,-0.2720
1.4179,-7.9323,-5.7480,0.8086,0.7516,-0.2307
1.8777,-8.1622,-4.7517,1.0514,0.7139,-0.3193
2.5291,-8.0856,-4.2536,1.1607,0.7321,-0.4359
2.7591,-8.5071,-3.5255,1.1364,0.7224,-0.5221
2.7207,-9.3502,-3.0273,1.0442,0.6544,-0.5646
2.9123,-9.3885,-2.6824,1.0235,0.5561,-0.4929
2.5291,-9.3885,-2.4142,1.1012,0.5112,-0.3691
3.7554,-9.5418,-1.9160,1.2870,0.5634,-0.2720
3.2955,-9.5418,-1.2263,1.3914,0.5573,-0.2088
3.6787,-9.2352,-1.3412,1.3526,0.5075,-0.2295
4.0236,-9.3118,-1.3795,1.1364,0.4723,-0.2732
4.0620,-9.4268,-1.8394,0.8596,0.3946,-0.3047
3.1806,-9.1586,-2.0310,0.7418,0.2659,-0.2708
3.3722,-8.4688,-2.2609,0.6823,0.1542,-0.1700

