-.-.-
2.6058,-12.5307,-13.3355,2.0033,-2.2012,0.6241
1.9927,-9.7334,-6.0546,1.4339,-1.4436,-0.1736
-2.4908,-7.3192,-4.1386,0.3169,-1.2894,-0.5112
-2.7591,-6.7444,-6.1313,-0.9130,-1.8516,-0.7139
-1.1113,-6.7827,-5.8247,-1.1631,-2.1369,-1.1413
0.1533,-7.9323,-4.4452,-0.8305,-2.2619,-1.2918
2.1076,-6.6294,-4.6368,0.1858,-2.5072,-1.2384
3.3722,-3.6787,-4.8667,0.4541,-2.4671,-1.1692
3.0656,-2.5291,-4.4452,-0.0886,-2.2085,-1.1959
1.9160,-4.3685,-3.2572,-0.7212,-1.9305,-1.1182
1.4945,-7.0509,-2.3759,-0.6799,-1.7253,-0.8718
1.5711,-8.1622,-2.1843,-0.0813,-1.4764,-0.7491
0.4598,-9.4651,-3.3722,-0.0559,-1.4351,-0.5403
2.8357,-12.1859,-4.7134,-0.5524,-1.0587,-0.3946
3.9470,-15.4048,-0.3832,-0.1263,-1.0867,-0.4881
3.4488,-13.7953,-0.7664,1.0782,-0.6180,-0.5828
4.0620,-12.2625,-0.3449,0.7855,-0.1712,-0.5124
2.8740,-12.3391,-1.5711,0.5767,0.0049,-0.6034
-0.6514,-9.7717,-14.4468,-0.1809,-0.1469,-0.4116
-3.3339,-12.3008,-15.4048,-2.5400,-0.3873,0.1336
3.5638,-22.1875,-4.4452,-0.6459,-0.0170,-0.7953
3.1039,-14.9449,-12.2625,2.8897,1.7459,-2.0094
0.3066,-7.2425,-9.7334,2.2449,0.9604,-1.5966
-0.4598,-7.6641,-4.2536,0.1906,-0.0534,-0.3448
-0.5365,-8.0856,-4.6368,-0.6775,-0.6726,0.6811
-0.3832,-7.2809,-5.3648,-0.8414,-0.5974,1.4072
1.5328,-5.8630,-4.4835,-0.4978,-0.4019,1.4120
2.4142,-3.8704,-4.1769,0.0546,-0.1190,0.8013
2.9507,-3.2955,-3.4871,0.1930,0.1991,0.4602
2.5291,-3.5255,-2.2226,-0.0170,0.3072,0.3339
1.4179,-3.9853,-2.4525,-0.2003,0.4128,0.5282
0.9963,-5.9396,-2.2992,-0.5549,0.6204,0.7370
1.0346,-8.2005,-1.3795,-0.4504,0.8560,0.8086
1.4179,-9.2352,-2.5291,0.1275,1.2299,0.7455
1.4945,-10.4614,-4.2152,0.2137,1.4218,0.4359
0.1916,-14.3318,-2.9123,-0.3752,1.4582,0.1166
-2.0310,-17.6273,1.2646,0.0911,1.2202,0.2610
-6.6677,-15.2898,0.8814,1.1413,0.6520,0.7358
-5.0200,-11.6494,-1.1879,0.7528,0.1700,1.3076
-0.3832,-11.1129,-11.8027,-0.0219,-0.4529,1.3064
-3.8704,-9.1202,-20.6930,-1.2639,-1.4679,0.9325
1.0730,-18.0872,-3.5255,-0.9592,-0.6265,0.6314
1.8777,-17.7040,-4.7517,1.7605,-0.5694,0.8183
1.9160,-10.7680,-12.0709,2.1041,-1.4218,0.8208
-0.4982,-8.2772,-5.7864,0.8062,-0.9070,0.3594
-2.3375,-7.2425,-4.1769,-0.4371,-0.7880,-0.1566
-1.4945,-7.5108,-5.5948,-1.2226,-1.1899,-0.7163
-0.1150,-7.5108,-4.8284,-0.9652,-1.3708,-1.2542
0.9197,-6.0929,-3.9853,-0.1530,-1.4400,-1.3380
2.0693,-4.1386,-3.6021,0.1882,-1.5189,-1.0721
2.0693,-1.7627,-3.3722,0.1712,-1.4400,-0.8742
1.8777,-1.0730,-3.8320,-0.4007,-1.3198,-0.8147
1.3795,-3.5255,-2.9507,-0.9871,-1.1474,-0.7673
0.6131,-6.8210,-1.6095,-0.8778,-0.9980,-0.5937
-0.7664,-8.3155,-2.2609,-0.2513,-0.9871,-0.3740
-1.6095,-10.3082,-4.1003,-0.2635,-1.2736,0.0328
3.7171,-14.5234,-2.9507,-0.7321,-1.2506,0.2137
5.7097,-16.1712,-0.3066,-0.0425,-1.0539,-0.1554
6.2462,-16.2478,-0.3066,0.6799,-0.1906,-0.4638
6.2845,-14.5234,-0.3066,0.5063,0.3290,-0.6544
2.5675,-14.1402,-0.8047,0.6168,0.6896,-0.7673
-0.4982,-10.8830,-12.4158,-0.2331,0.4687,-0.5354
-1.3029,-10.9979,-15.9413,-2.3627,0.0000,-0.0583
2.9890,-16.7843,-6.3612,-0.7649,0.5791,-0.4881
3.9853,-14.9832,-8.0856,2.0179,1.3890,-1.3781
-0.9963,-8.3155,-9.4268,2.1393,1.8091,-1.4497
-2.3759,-7.0126,-3.8320,0.2829,0.7940,-0.3363
-0.6131,-7.9323,-3.3339,-0.7297,0.0401,0.4007
1.7627,-7.9706,-4.9050,-1.2020,0.0461,1.0260
3.7171,-7.0509,-4.2536,-0.9167,0.4334,1.2542
3.5255,-5.2116,-3.6021,-0.2902,0.7989,0.8511
2.1843,-3.1806,-3.6021,0.1809,1.1546,0.5755
0.6131,-2.0693,-2.9890,-0.0085,1.2542,0.5075
-0.8430,-2.3759,-2.4908,-0.4298,1.3028,0.6241
-0.9580,-5.2499,-1.9543,-0.7491,1.1911,0.7018
-0.0766,-7.3958,-1.7627,-0.4274,1.1911,0.7248
1.7627,-9.7717,-3.3339,0.1020,1.3890,0.5561
1.1879,-13.5654,-4.3685,-0.1481,1.2773,0.0898
0.3449,-17.1675,-0.8814,-0.0595,1.2955,0.0571
-4.1003,-15.0599,-1.3412,0.7503,0.8851,0.3764
-6.5528,-13.5654,0.1150,0.3776,0.2635,0.9349
-4.2152,-13.9486,0.9580,0.3400,-0.0534,1.2736
2.5291,-12.2625,-6.3229,0.3460,-0.1251,1.1947
-0.3832,-8.5838,-19.1985,-0.9337,-0.7467,0.6666
0.2682,-13.1055,-7.9706,-2.0543,-0.9737,0.3618
-0.7664,-18.8536,-2.5675,0.5925,-0.0012,0.8341
0.7281,-14.2168,-11.8410,2.1527,-1.3113,1.2506
2.4142,-10.4231,-7.5491,1.4181,-0.8390,0.7880
0.9963,-8.2772,-3.4488,0.7115,-0.0304,0.0389
-0.0766,-6.9743,-5.2116,-0.5986,-0.2003,-0.6059
-0.9963,-6.5911,-4.5601,-1.0636,-0.5148,-1.2858
-1.4945,-5.9780,-2.8740,-0.5099,-0.8268,-1.5225
-0.2682,-4.9433,-3.0273,-0.0170,-1.1534,-1.1559
1.9160,-2.7591,-3.6021,0.2902,-1.4303,-0.9082
3.1806,-0.8430,-4.2536,0.2270,-1.1607,-0.8827
-0.7664,-1.8011,-2.3375,-0.4395,-1.2141,-0.9847
1.6095,-6.1696,-2.1076,-1.0551,-1.0697,-0.8450
-0.0766,-8.3921,-0.9580,-0.3278,-1.0320,-0.6326
-2.7974,-9.5034,-3.0656,0.0826,-1.5638,-0.1627
0.4982,-12.7990,-3.8704,-0.8025,-1.8637,0.2137
4.1769,-16.2478,0.5748,-0.3764,-1.7399,-0.0801
6.1696,-14.5234,0.0000,0.7297,-0.9847,-0.5427
7.8940,-12.7990,-0.4982,0.3181,-0.5051,-1.0284
3.6404,-13.7953,0.1533,0.1251,-0.0983,-1.2979
-0.9197,-11.4578,-9.7334,-0.0959,0.0219,-1.0260
-0.2299,-8.8903,-22.1875,-1.8018,-0.0340,-0.1129
5.8630,-20.0415,-5.8247,-2.4307,0.2538,-0.1493
6.8210,-22.1491,-6.6294,1.7423,1.2421,-1.5857
-2.9890,-10.2315,-13.3355,3.3146,2.2559,-1.9353
-4.9050,-7.3958,-4.5218,0.8985,0.7734,-0.3485
-1.8011,-8.5071,-2.7974,-0.8535,-0.2817,0.4249
0.5748,-8.0089,-5.9780,-1.0381,-0.2307,1.1546
3.3339,-6.3229,-5.3265,-0.7552,0.1275,1.5517
4.8667,-4.1003,-3.5638,-0.2926,0.3618,1.1886
2.6441,-2.7207,-3.6021,-0.0316,0.6071,0.5949
0.9963,-2.6058,-3.2572,-0.0024,0.8001,0.4674
-0.7281,-2.1076,-2.3375,-0.1748,0.8208,0.5148
-0.7281,-3.8704,-1.7244,-0.5925,0.7868,0.7224
-0.0383,-6.2462,-1.3795,-0.5342,0.8365,0.7940
2.1076,-7.7024,-2.3375,-0.0449,1.0684,0.8256
3.4105,-10.2698,-4.0620,0.0340,1.5055,0.5136
2.2226,-14.9832,-2.9507,-0.5197,1.8540,-0.0194
-1.3029,-17.0525,-0.0766,0.0109,1.6573,0.0061
-6.7827,-15.3664,0.0383,0.7358,1.1279,0.5027
-7.1276,-12.6840,0.0766,0.4444,0.4905,1.2032
-1.8394,-13.6037,-0.5365,0.1845,0.1906,1.3696
3.1423,-11.3811,-13.7187,-0.1845,-0.1554,0.9434
-1.2263,-8.2005,-17.2441,-1.9038,-0.6641,0.1882

