-.-.-
-0.6514,-8.6604,-2.0310,-0.0437,-0.1384,-0.1785
-0.3449,-8.7370,-1.8394,-0.0559,-0.1093,-0.2513
-0.0766,-8.7754,-1.8011,-0.0158,-0.0291,-0.2708
0.7664,-9.4651,-1.9160,-0.0692,0.0437,-0.2198
0.8814,-9.5418,-2.6058,-0.2295,0.1275,-0.2853
0.8430,-10.1549,-1.9543,-0.2853,0.2173,-0.2878
0.6898,-10.7297,-1.6861,-0.2015,0.3460,-0.2283
0.6898,-11.1895,-1.6095,-0.1214,0.5184,-0.1311
0.3449,-10.9213,-1.5711,-0.0413,0.6520,-0.0595
0.1150,-10.6530,-1.0730,0.0935,0.7783,-0.0024
-0.2299,-10.4231,-0.5748,0.1433,0.8997,0.0449
-0.5748,-10.4231,-1.1879,0.0486,0.9276,0.0983
-0.8047,-10.6914,-2.2226,-0.0680,0.9179,0.2258
-1.5328,-11.4195,-2.4142,-0.1408,0.9227,0.2453
-1.8777,-11.7260,-4.4068,-0.0461,0.8620,0.2355
-4.5984,-12.1092,-5.9396,-0.1469,0.5233,0.3193
-2.9123,-12.0326,-4.9433,-0.3642,0.0389,0.5342
-1.0730,-10.3848,-5.0966,-0.3837,0.1639,0.3885
0.9963,-8.4688,-4.5601,-0.0109,0.2100,0.1251
2.0693,-7.3192,-4.2152,0.1627,0.3132,-0.1348
2.3759,-8.0089,-3.2572,0.2975,0.2805,-0.2671
0.2682,-8.6604,-3.2572,0.3084,0.1712,-0.4565
-0.8430,-8.1239,-3.1806,0.2647,-0.1493,-0.4917
-0.9580,-8.5838,-3.1806,0.0716,-0.4286,-0.5294
-0.3066,-8.9670,-3.1423,0.0534,-0.6520,-0.6107
0.1916,-8.8520,-3.5255,0.0996,-0.7309,-0.6374
0.8814,-8.7370,-3.4105,-0.0291,-0.7516,-0.5925
1.1496,-8.7754,-2.5291,-0.0049,-0.8438,-0.5282
1.3795,-8.6987,-2.6058,0.0741,-0.9495,-0.4881
2.0310,-8.5838,-2.9507,0.0474,-0.9397,-0.5172
2.2609,-8.3921,-2.9507,0.0328,-0.8645,-0.4444
2.5291,-8.1622,-2.6058,0.0389,-0.7613,-0.4857
2.0310,-8.4305,-2.2226,0.0559,-0.6168,-0.3230
1.8394,-9.0436,-2.2226,0.0728,-0.5925,-0.1700
1.2646,-9.4268,-2.2226,0.0559,-0.5294,-0.0291
0.8430,-9.0436,-2.1843,0.0073,-0.5731,0.0219
1.1879,-8.4305,-2.1459,0.0024,-0.6386,-0.0109
0.9197,-8.2389,-1.9543,0.0328,-0.6022,0.0801
1.1113,-8.6221,-1.8777,0.0789,-0.6204,0.1238
1.4562,-9.2352,-1.9927,0.0546,-0.6399,0.1287
1.3412,-9.9633,-1.6478,0.0437,-0.6216,0.1093
1.3412,-10.0399,-1.6861,0.1044,-0.6326,0.0777
1.0730,-10.1932,-1.9927,0.0959,-0.6374,0.0449
0.5365,-10.3465,-2.0310,0.0389,-0.6447,0.0340
-0.1150,-10.7680,-1.6095,-0.0182,-0.7528,0.0389
-0.2682,-10.7680,-0.8430,0.0340,-0.8608,0.0728
-0.4215,-10.2698,0.1916,0.1141,-0.8584,-0.1214
0.4215,-9.8866,-0.7281,0.1445,-0.9689,-0.0486
0.9963,-10.2315,-2.2226,0.1190,-1.0065,-0.1226
2.1843,-11.6877,-3.0656,-0.0134,-1.0077,-0.2865
3.0656,-12.6457,-4.5601,-0.0486,-0.6969,-0.2756
2.2992,-13.1055,-5.1349,-0.1275,-0.6131,-0.4954
1.3795,-11.8793,-4.4068,-0.2829,-0.5318,-0.5500
1.5328,-9.2352,-4.2919,-0.2113,-0.4201,-0.4456
0.0766,-6.4761,-3.9470,-0.1226,-0.5512,-0.3278
-0.4982,-5.2882,-4.2919,-0.2708,-0.9312,-0.2902
-1.3795,-6.4761,-4.0236,-0.5840,-0.9385,-0.2392
-0.4215,-9.1202,-4.0236,-0.4152,-0.7346,-0.0947
0.8047,-11.8027,-0.7281,-0.2756,-0.5427,0.0134
1.6095,-11.0746,-3.2189,0.3327,-0.2768,0.2829
1.2263,-9.2735,-4.3685,0.3132,0.0291,0.4929
0.7664,-9.1202,-4.2152,0.0425,0.0923,0.4978
-0.2682,-9.3885,-2.5675,-0.0012,0.0461,0.4905
-0.4598,-9.2352,-3.0656,0.2064,0.0389,0.5403
-0.3832,-8.7370,-3.2189,0.2975,0.1153,0.5451
-1.1879,-7.7024,-3.4488,0.2100,0.2829,0.4966
-1.6861,-7.3958,-2.7207,0.0085,0.2950,0.5561
-1.1879,-7.2425,-2.7207,-0.0777,0.2040,0.4723
-1.1496,-7.7024,-2.3759,-0.1627,0.1736,0.3266
-0.7281,-8.2772,-2.1459,-0.1360,0.0923,0.0911
-0.6131,-8.5838,-1.7244,-0.0801,0.0595,-0.0801
-0.5365,-8.6221,-1.2646,0.0061,0.0352,-0.2295
-0.8814,-8.9670,-0.8047,0.1311,0.1044,-0.2538
-0.1533,-8.9286,-1.6861,0.1712,0.1214,-0.1991
0.2299,-9.1202,-1.6861,0.0413,0.2198,-0.2246
0.3449,-9.3502,-1.9160,-0.0983,0.2817,-0.2465
-0.1150,-9.7717,-1.9160,-0.1566,0.3035,-0.2793
-0.4982,-10.8063,-1.9927,-0.1858,0.3290,-0.2465
-0.4598,-11.9559,-1.5328,-0.0546,0.3958,-0.0801
-0.4598,-12.3775,-1.1496,0.0534,0.4638,-0.0935
-0.6131,-12.0326,-0.8047,0.2392,0.4857,0.0765
-0.7281,-11.2662,-1.6861,0.2914,0.5197,0.2113
-0.6131,-11.4961,-2.3759,0.0728,0.5561,0.3727
-1.8394,-12.4924,-4.1769,-0.0121,0.6022,0.4687
-4.2152,-12.7607,-5.4032,-0.0231,0.3594,0.6374
-2.2226,-11.5344,-5.7480,-0.0996,-0.0401,0.7479
-0.2682,-9.2352,-5.4798,0.0036,0.0716,0.4723
2.3759,-7.2042,-5.0200,0.3278,0.3011,0.1943
3.4488,-7.8557,-4.0620,0.1955,0.3764,-0.0765
1.7244,-8.8903,-3.0273,0.0983,0.3849,-0.3315
0.2299,-8.9670,-3.0273,0.3715,0.2234,-0.4043
-0.9197,-8.8137,-3.2189,0.2343,-0.0401,-0.4553
-0.7281,-8.4688,-3.5638,0.1481,-0.3351,-0.6277
-1.1496,-8.5071,-3.6021,0.0534,-0.3618,-0.7418
-0.6898,-9.0053,-2.9507,-0.0413,-0.3837,-0.6034
-0.3066,-8.0089,-2.1459,0.1809,-0.5427,-0.5099
0.5365,-7.3192,-2.8357,0.2950,-0.6836,-0.4589
1.3412,-7.5108,-2.6441,0.0704,-0.7394,-0.3752
2.3759,-8.1239,-2.2992,-0.0813,-0.7127,-0.3776
2.2609,-8.2389,-2.3375,-0.0959,-0.5573,-0.3436
2.2226,-8.3538,-2.2992,-0.1105,-0.3764,-0.2368
2.0693,-8.7754,-1.9543,-0.0474,-0.1821,-0.0862
2.0310,-8.9286,-1.7627,-0.0401,-0.1360,0.0583
1.6095,-9.2352,-1.6478,-0.1166,-0.1020,0.1433
0.9580,-8.8903,-0.6898,-0.0983,-0.1991,0.1955
0.8047,-8.6604,-1.7627,-0.0036,-0.3193,0.2404
-0.4215,-8.7754,-1.8777,-0.1299,-0.3436,0.2501
-0.2682,-10.0399,-1.7627,-0.2586,-0.4711,0.2416
1.1879,-10.8830,-2.5675,-0.2671,-0.4881,0.0437
1.5328,-10.5764,-2.2609,-0.1676,-0.3351,0.0061
2.0693,-10.5764,-1.3795,-0.0874,-0.3642,-0.0352
2.6824,-11.7260,-0.3832,-0.0049,-0.3970,-0.0364
2.0693,-12.2242,-0.6514,-0.0134,-0.3946,-0.2173
0.3449,-12.4158,-1.6095,0.0449,-0.3448,-0.2659
0.6514,-11.3811,-1.8777,0.1457,-0.3873,-0.3703
0.7664,-10.1166,-2.9123,0.0158,-0.3472,-0.3436
0.8047,-11.5344,-4.7517,-0.1530,-0.3837,-0.3339
-0.5748,-12.8373,-4.1769,-0.3412,-0.4929,-0.4165
-0.7281,-10.1932,-5.4798,-0.1445,-0.4492,-0.2987
-0.5365,-7.0509,-5.3265,-0.1493,-0.4225,-0.2513
-0.8047,-6.0929,-5.5948,-0.6957,-0.7431,-0.3545
-1.2646,-7.5874,-3.6021,-0.7916,-0.9057,-0.3205
-0.3449,-9.1202,-2.5291,-0.2173,-0.8997,-0.1809
0.3449,-9.8100,-4.1003,0.4347,-0.6216,-0.0073
1.0730,-9.6950,-4.1769,0.2222,-0.3315,0.2963
0.9580,-9.4651,-3.7937,0.0741,-0.1129,0.5257
0.5748,-9.2735,-3.2955,0.0352,-0.1020,0.5876
0.0383,-8.6604,-3.2955,0.0291,-0.0474,0.5415

