-.-.-
-0.1150,-1.3029,-0.7281,0.1275,0.1396,0.7285
-0.6898,-0.8047,1.8011,0.7625,-0.0935,0.5099
-0.1916,-0.8047,-2.0310,1.5055,0.0522,0.5536
6.3612,-2.1843,-18.2788,1.5116,1.5262,0.5779
3.7937,-16.3628,-0.7664,-0.8523,0.2064,-0.6556
1.0346,-25.4064,3.4105,-1.3841,-0.1336,-1.3793
-13.5654,-29.0851,-11.3045,-1.7350,1.0369,-0.9337
-4.7900,-20.9229,-3.1806,0.2416,-0.1251,0.4395
0.3066,-11.4578,1.5328,1.6245,-1.0199,1.0102
4.1769,-9.6950,-2.1459,0.6399,-1.0211,1.4060
0.1916,-16.9376,2.2609,-1.5869,-0.9531,1.0539
-5.0200,-16.9376,1.1113,-1.0527,-1.1122,0.5889
-4.9050,-10.4998,-2.5675,-0.6605,-1.0175,0.4917
-3.0273,-4.6368,-0.4598,-1.2846,-0.9956,0.8293
0.8047,-0.8814,-1.6861,0.3072,-1.4885,0.8438
4.3302,3.9470,-4.4452,0.9033,-1.0575,0.2513
2.9123,3.4105,-3.8320,0.0546,0.0121,-0.4881
1.0346,0.4598,-2.2226,-0.2574,0.1761,-0.4359
1.7627,-0.8430,-0.9197,0.0826,0.0085,-0.2319
1.6861,-1.4179,-1.6861,0.7443,0.2100,-0.2671
-0.9963,-2.7591,-11.3811,1.1425,0.0983,-0.5634
-5.8630,-12.7223,-2.9123,0.3533,-0.4893,0.0134
-3.1039,-22.5707,3.4105,-0.3752,0.3242,1.3052
0.2299,-30.1198,-9.0819,-1.3064,-0.0971,0.9895
0.8814,-27.3607,-1.7627,-0.4747,0.3169,-0.4007
-1.7244,-16.4011,-0.7664,1.3853,1.1716,-1.4570
-2.7207,-7.7790,-1.4562,0.4966,0.8268,-1.7811
-2.6058,-10.0016,0.1150,-1.3222,1.0357,-1.5990
1.1879,-17.2825,1.1879,-2.0665,1.5480,-1.0514
1.4945,-15.5580,0.9963,-1.3319,1.4436,-0.7491
1.2646,-8.8903,-1.5711,-0.5451,1.3902,-0.2635
0.8047,-0.4982,-2.5291,0.2623,1.2785,0.0073
0.6131,5.2116,-3.1039,0.5160,0.7103,0.3387
0.1916,1.7244,-2.4142,-0.0559,0.0741,0.7103
-1.6861,-0.4982,-1.3029,0.1081,-0.0328,0.6374
-1.9543,-0.3832,-0.8430,0.7576,0.2671,0.5075
-0.5748,-1.1113,-6.2079,1.0308,0.4759,0.4031
6.1313,-6.0929,-17.7806,0.6119,0.8487,0.0753
2.3375,-21.9575,5.4798,0.6010,0.3703,-1.3768
0.2299,-21.0762,-2.9123,0.7006,0.4152,-1.7763
-10.3848,-21.5360,-8.5071,-0.6253,0.4990,-0.7892
-4.4835,-18.6620,-2.0310,-0.0255,-0.7673,0.8839
-0.6131,-12.3775,1.3412,1.2931,-1.1122,1.2785
3.1806,-10.4614,-1.6095,0.4359,-0.8633,1.2664
2.1076,-17.1292,0.8814,-1.3222,-1.2457,0.8208
-3.4871,-17.8573,1.1879,-1.1668,-1.2348,0.6544
-4.4068,-12.6840,-1.6095,-0.3497,-1.1292,0.7224
-3.7937,-5.9396,-1.2646,-0.2064,-1.0417,0.8268
-0.4598,0.3449,-2.4142,0.4419,-1.3853,0.7868
3.2955,3.7937,-4.2152,0.5184,-1.0697,0.2999
3.1039,2.9123,-3.7937,-0.0474,-0.2975,-0.4638
1.8394,0.0000,-2.2609,-0.1396,0.0498,-0.5075
1.6478,-1.1113,-0.6514,0.1603,0.0449,-0.4189
1.3412,-1.3412,-0.8047,0.7491,0.0012,-0.4359
-0.9197,-2.9123,-10.8446,1.0381,-0.0449,-0.6423
-6.1696,-12.3391,-5.0966,0.1591,-0.4808,-0.0146
-2.9123,-22.6090,4.0620,-0.7540,0.3217,1.3016
0.0000,-32.4190,-8.5454,-1.4849,0.0036,1.1437
0.0383,-27.2841,-2.4142,0.0631,0.3570,-0.2768
-4.0236,-13.6037,0.3832,2.1126,0.7661,-1.2069
-2.7974,-6.5528,-0.9197,0.7940,0.5743,-1.4752
-1.9160,-11.6111,2.1076,-1.3149,1.0393,-1.3210
2.6824,-17.7806,1.4945,-1.5383,1.1984,-0.8948
3.1039,-14.8683,-0.6514,-0.5549,1.0490,-0.6289
1.8777,-6.5528,-1.4562,-0.0413,1.2117,-0.4249
-2.0310,1.2263,-3.0273,0.8317,1.3271,-0.2744
-0.9580,3.9853,-3.2572,0.7273,0.8475,0.0486
-0.5748,0.2299,-1.6861,0.2404,0.1724,0.5682
-1.4179,-1.8011,0.2682,0.5075,-0.1226,0.5500
-0.3832,-0.4598,0.6131,1.0429,-0.1421,0.5051
-0.2682,-0.0383,-2.9123,1.0102,0.0328,0.3958
4.4068,-3.2955,-18.8919,0.5573,0.5148,0.2708
1.6095,-19.6200,0.7664,-0.5876,0.4274,-1.0733
-0.3066,-26.3261,3.4488,-1.3258,-0.1153,-1.5735
-5.9013,-29.0468,-7.6257,-1.5565,0.2525,-0.6071
-4.3685,-20.2331,-2.3375,0.7928,-0.3667,0.5524
-2.0310,-10.1549,0.8430,1.7714,-0.8074,1.0162
2.7974,-8.0473,-0.7664,0.3594,-0.8220,1.3611
0.4598,-14.9449,3.1806,-1.4473,-0.7431,0.9155
-4.1769,-15.4048,-0.4598,-1.1158,-0.7953,0.6860
-3.7171,-11.5727,-2.2226,-1.1437,-0.8159,0.8244
-1.8011,-5.5564,-1.6095,-0.7091,-0.9130,0.8888
1.6095,0.4598,-2.4142,0.3084,-1.1449,0.7333
3.2189,2.4908,-3.2955,0.2513,-0.7078,-0.1117
2.4908,1.3412,-3.5638,0.0911,0.3217,-0.5731
0.8430,0.6898,-1.2263,0.2538,0.4662,-0.4966
-0.4598,0.9197,-0.0766,0.4954,-0.0158,-0.3351
-1.3029,-0.6514,-4.6751,0.5172,-0.2295,-0.2392
-4.3685,-3.5255,-16.9759,0.0073,-0.4286,-0.3302
-1.1113,-21.1528,3.8704,-0.4274,-0.3290,1.0818
-1.6095,-24.9465,0.3832,0.0049,-0.5160,0.9968
3.1423,-28.3570,-8.0473,-0.8523,-0.1311,0.3703
-3.0273,-21.7276,-0.5365,0.4893,0.6229,-0.6459
-3.1806,-11.4578,0.4215,1.3963,0.5779,-1.2044
-5.2499,-5.7097,-0.1150,-0.1736,0.4092,-1.5577
-1.4945,-13.1055,0.6898,-1.5407,0.9519,-1.3428
3.4105,-19.7350,1.7627,-1.9123,1.1996,-0.9750
3.2572,-15.3281,-1.1113,-0.5597,1.0478,-0.5658
3.1806,-6.9360,-2.2609,-0.1275,1.1716,-0.2416
0.0000,1.3029,-1.8777,0.8062,1.4303,-0.0704
-0.1533,5.1349,-2.6058,0.6411,0.6811,0.2052
0.1150,1.3029,-2.8357,0.0947,-0.0838,0.4796
-1.7244,-0.9580,-0.5365,0.0838,-0.0401,0.4662
-1.1496,-1.7244,0.9963,0.6301,0.1955,0.4274
1.6861,-2.8357,-10.8063,1.4339,0.4480,0.3084
5.6331,-10.9213,-8.2389,-0.1724,0.9932,-0.3800
-2.5291,-23.6820,9.8866,-0.5573,-0.4201,-1.4849
-6.5528,-27.1691,-10.9596,-0.4541,-0.3242,-1.6731
-8.5071,-23.6053,-5.6714,-0.5974,-0.1663,-0.4165
0.9197,-13.7187,-0.6898,1.1267,-1.4764,0.7261
3.9087,-6.5911,-1.6478,1.2056,-1.3793,1.2979
6.3229,-9.6950,-0.3449,-0.7030,-0.8875,1.3768
-0.2299,-16.5161,1.7627,-1.5626,-0.8669,0.8499
-3.9087,-18.0872,1.7244,-1.1340,-0.7479,0.9422
-3.3722,-12.5691,-0.7281,-0.2635,-0.7042,1.0053
-1.6861,-4.4835,-1.1879,0.2671,-0.5986,1.0162
1.6478,3.5255,-3.5638,0.5828,-0.8123,0.9422
1.9543,4.7134,-3.1806,-0.1421,-0.4942,0.0182
0.1150,1.0730,-3.1423,-0.0789,0.1445,-0.5804
1.0730,-1.3029,-1.1879,-0.0085,0.3703,-0.4881
0.7281,-1.1496,0.1150,0.5233,0.1724,-0.4747
0.0000,-1.3029,-2.4142,0.9968,-0.0061,-0.5063
-5.4798,-2.7591,-17.6657,1.0260,-0.6471,-0.7078
-4.1769,-20.0415,-1.1879,-0.1056,0.3157,1.0175
-0.6514,-26.7476,-2.8357,-0.7042,0.1178,1.3234
6.8977,-32.8405,-8.4688,-0.9094,0.1190,0.3970
-2.8740,-22.6473,-0.5748,1.5432,1.1996,-0.7418
-4.8667,-8.5454,-0.3449,2.5096,1.2008,-1.0624

