-.-.-
0.4982,-9.8100,-0.9580,-0.0073,0.0777,-0.0061
0.5365,-9.6950,-0.9580,-0.0073,0.0765,-0.0073
0.5365,-9.8483,-0.7281,-0.0085,0.0704,-0.0061
0.5748,-9.8100,-1.0730,-0.0146,0.0728,-0.0049
0.4215,-9.6184,-0.9197,-0.0146,0.0704,-0.0061
0.5365,-9.7334,-0.9197,-0.0206,0.0692,-0.0073
0.5365,-9.8483,-0.8430,-0.0182,0.0728,-0.0061
0.5748,-9.7717,-0.9197,-0.0158,0.0753,-0.0036
0.6898,-9.6950,-0.9580,-0.0182,0.0801,-0.0061
0.5748,-9.7334,-0.9197,-0.0182,0.0789,-0.0036
0.4215,-9.7717,-0.8047,-0.0279,0.0850,-0.0012
0.5748,-9.7334,-0.9580,-0.0413,0.0862,-0.0012
0.5748,-9.7717,-0.9580,-0.0364,0.0911,-0.0036
0.5365,-9.8483,-0.8430,-0.0328,0.0911,-0.0024
0.4982,-9.7717,-1.0730,-0.0328,0.0923,-0.0024
0.4215,-9.7717,-1.0730,-0.0316,0.0923,-0.0049
0.4598,-9.6567,-0.9963,-0.0231,0.0911,-0.0049
0.5365,-9.6567,-1.1113,-0.0279,0.0874,-0.0049
0.4215,-9.8100,-1.0730,-0.0291,0.0838,-0.0036
0.4598,-9.6567,-0.8814,-0.0267,0.0838,-0.0061
0.5365,-9.7717,-0.9197,-0.0279,0.0789,-0.0061
0.6131,-9.7717,-0.9580,-0.0291,0.0777,-0.0085
0.4598,-9.7717,-1.0346,-0.0255,0.0801,-0.0085
0.4598,-9.7717,-0.9197,-0.0206,0.0826,-0.0049
0.4215,-9.6567,-0.9580,-0.0194,0.0874,-0.0036
0.3832,-9.7717,-1.1496,-0.0146,0.0862,-0.0061
0.4982,-9.7717,-0.8814,-0.0134,0.0874,-0.0073
0.4598,-9.7334,-1.0346,-0.0109,0.0838,-0.0061
0.4598,-9.7334,-0.9963,-0.0097,0.0862,-0.0073
0.3832,-9.7334,-0.8814,-0.0121,0.0850,-0.0073
0.5365,-9.7334,-1.0346,-0.0146,0.0826,-0.0049
0.4598,-9.7334,-0.9963,-0.0121,0.0801,-0.0073
0.4215,-9.6950,-0.8814,-0.0121,0.0801,-0.0097
0.4598,-9.8100,-0.9580,-0.0134,0.0753,-0.0109
0.4598,-9.7717,-0.9197,-0.0158,0.0728,-0.0097
0.5365,-9.7334,-0.8430,-0.0231,0.0656,-0.0097
0.6131,-9.9250,-1.0730,-0.0328,0.0619,-0.0109
0.3832,-9.7334,-0.8814,-0.0231,0.0643,-0.0134
0.6514,-9.6950,-1.3795,-0.0121,0.0668,-0.0134
0.4215,-9.8100,-0.7664,-0.0182,0.0656,-0.0146
0.4982,-9.6950,-0.8430,-0.0219,0.0643,-0.0134
0.4598,-9.6950,-0.8430,-0.0389,0.0619,-0.0109
0.4982,-9.8100,-0.9197,-0.0401,0.0643,-0.0097
0.4982,-9.8100,-1.0730,-0.0267,0.0704,-0.0109
0.4598,-9.8483,-0.9197,-0.0231,0.0765,-0.0109
0.5365,-9.7334,-1.0346,-0.0231,0.0777,-0.0121
0.4215,-9.7334,-0.9580,-0.0219,0.0801,-0.0146
0.4982,-9.6950,-0.9197,-0.0267,0.0838,-0.0109
0.5748,-9.7717,-0.8430,-0.0316,0.0813,-0.0097
0.6131,-9.7334,-0.9963,-0.0340,0.0826,-0.0097
0.5748,-9.8483,-0.9963,-0.0352,0.0850,-0.0109
0.4598,-9.6950,-0.9580,-0.0389,0.0838,-0.0121
0.4982,-9.6567,-1.0346,-0.0437,0.0850,-0.0121
0.5365,-9.7334,-0.9580,-0.0401,0.0850,-0.0121
0.6898,-9.6567,-0.9963,-0.0413,0.0838,-0.0109
0.4982,-9.8100,-0.8814,-0.0352,0.0838,-0.0121
0.4598,-9.8866,-1.0730,-0.0304,0.0862,-0.0134
0.4982,-9.7717,-1.0730,-0.0291,0.0862,-0.0121
0.5748,-9.8483,-1.0730,-0.0267,0.0862,-0.0121
0.4598,-9.6950,-0.8814,-0.0267,0.0886,-0.0121
0.5365,-9.7717,-0.8814,-0.0304,0.0886,-0.0097
0.5365,-9.7717,-0.9197,-0.0291,0.0898,-0.0121
0.5748,-9.8100,-1.0346,-0.0255,0.0923,-0.0109
0.3832,-9.7717,-0.8814,-0.0291,0.0898,-0.0097
0.4598,-9.7334,-0.9197,-0.0267,0.0911,-0.0109
0.6514,-9.6567,-0.8814,-0.0267,0.0911,-0.0097
0.5748,-9.6567,-0.9963,-0.0364,0.0862,-0.0073
0.5748,-9.8483,-1.1113,-0.0376,0.0874,-0.0085
0.4598,-9.6950,-1.0346,-0.0243,0.0911,-0.0073
0.4982,-9.6950,-0.9197,-0.0219,0.0862,-0.0085
0.4982,-9.8100,-0.9963,-0.0316,0.0838,-0.0097
0.4598,-9.7717,-0.9580,-0.0389,0.0801,-0.0073
0.5748,-9.8100,-1.1113,-0.0401,0.0813,-0.0097
0.6514,-9.8100,-1.1879,-0.0243,0.0826,-0.0085
0.6514,-9.8100,-0.9963,-0.0158,0.0850,-0.0085
0.4982,-9.6950,-0.9963,-0.0170,0.0862,-0.0085
0.4982,-9.7334,-0.8814,-0.0219,0.0874,-0.0073
0.6131,-9.6950,-1.0346,-0.0219,0.0850,-0.0061
0.5748,-9.7717,-1.0730,-0.0316,0.0838,-0.0049
0.5365,-9.7334,-1.2263,-0.0352,0.0813,-0.0036
0.5748,-9.7334,-1.0730,-0.0352,0.0838,-0.0049
0.4982,-9.7717,-1.0730,-0.0352,0.0826,-0.0036
0.4982,-9.7334,-0.9197,-0.0304,0.0801,-0.0036
0.4982,-9.7334,-0.8047,-0.0243,0.0813,-0.0049
0.5365,-9.8483,-0.9963,-0.0219,0.0813,-0.0036
0.5365,-9.8483,-0.8430,-0.0194,0.0789,-0.0049
0.4982,-9.8100,-1.0730,-0.0073,0.0741,-0.0061
0.5748,-9.7334,-1.0730,0.0000,0.0753,-0.0073
0.5365,-9.8100,-1.1113,0.0097,0.0704,-0.0085
0.5748,-9.7334,-1.1496,0.0206,0.0789,-0.0085
0.5365,-9.8483,-1.3412,0.0206,0.0789,-0.0085
0.4215,-9.7717,-1.2646,0.0267,0.0813,-0.0097
0.4982,-9.8100,-1.4945,0.0279,0.0826,-0.0085
0.4982,-9.8483,-1.3412,0.0316,0.0813,-0.0097
0.4215,-9.7334,-1.3029,0.0255,0.0850,-0.0085
0.5365,-9.7717,-1.5328,0.0219,0.0826,-0.0109
0.4982,-9.6950,-1.3795,0.0231,0.0874,-0.0097
0.3066,-9.6567,-1.4945,0.0109,0.0850,-0.0085
0.4598,-9.6567,-1.4945,0.0061,0.0862,-0.0073
0.4598,-9.7717,-1.6095,0.0024,0.0838,-0.0085
0.4982,-9.7334,-1.4179,0.0061,0.0983,-0.0085
0.5748,-9.6567,-1.5328,-0.0194,0.0947,-0.0085
0.5365,-9.6184,-1.5711,-0.0643,0.0971,-0.0085
0.5748,-9.5801,-1.4562,-0.0959,0.1008,-0.0097
0.4215,-9.5801,-1.7627,-0.1493,0.1008,-0.0146
0.3832,-9.3502,-1.4562,-0.1858,0.1032,-0.0170
0.3832,-9.3118,-1.6095,-0.2562,0.1056,-0.0170
0.3832,-9.3118,-1.6478,-0.3400,0.0983,-0.0158
0.5365,-9.5034,-1.4562,-0.4067,0.0983,-0.0121
0.3832,-10.0016,-1.7627,-0.3764,0.0935,-0.0085
0.4215,-10.0782,-1.7244,-0.2744,0.0826,-0.0073
0.2299,-9.0436,-1.6861,-0.2768,0.0668,-0.0012
0.5365,-9.2352,-1.3029,-0.4626,0.0121,0.0073
0.7281,-9.9633,-1.0346,-0.4638,0.0158,0.0109
0.6898,-10.5381,-1.5711,-0.2562,0.0498,0.0134
0.3449,-9.7717,-1.5711,-0.0935,0.0656,0.0073
0.3066,-8.8903,-1.3795,-0.1943,0.0376,-0.0206
0.3449,-9.6950,-1.3029,-0.3436,-0.0036,-0.0376
0.4215,-10.7680,-1.3412,-0.1967,-0.0085,-0.0340
0.5748,-10.0399,-1.8777,0.0109,0.0474,0.0000
0.7281,-8.9670,-1.9160,-0.0219,0.0085,0.0449
1.0346,-9.3885,-1.6478,-0.1627,0.0279,0.0498
1.0730,-10.2698,-1.3795,-0.0643,0.1020,0.0170
0.9197,-9.5418,-1.9543,0.1166,0.1542,-0.0109
0.7664,-8.2772,-1.6478,-0.0109,0.2319,-0.0206
0.8814,-8.8520,-1.3795,-0.3582,0.2283,0.0328
1.4945,-10.2698,-1.1113,-0.3703,0.2950,0.0643
1.1113,-10.8446,-1.8011,-0.1263,0.3606,0.0401

