-.-.-
0.6898,-4.9050,7.7407,0.0243,0.0182,0.0437
0.7281,-4.7900,7.7407,0.0874,0.0267,0.0158
0.8814,-4.7517,7.8940,0.1008,0.0158,-0.0170
0.6514,-4.6368,8.0089,0.1105,0.0316,-0.0534
0.5748,-4.5984,8.1239,0.1166,0.0049,-0.1117
0.3449,-4.5218,8.3538,0.1554,0.0049,-0.1542
0.2682,-4.1003,8.3155,0.2161,0.0559,-0.1639
0.0383,-3.9470,8.4688,0.2586,0.0206,-0.1821
0.1150,-3.8704,8.8520,0.3351,0.0522,-0.1481
0.1533,-3.6404,8.8137,0.2477,0.1287,-0.1020
0.2299,-3.7554,8.9286,0.1251,0.2149,-0.0522
0.0000,-3.6404,8.4688,0.1117,0.2246,-0.0182
-0.2299,-3.8320,8.5838,0.0983,0.1530,-0.0194
-0.3832,-3.9853,8.1239,0.1809,0.1008,-0.0182
-0.4215,-3.8704,7.9706,0.2598,0.1190,-0.0231
-0.1150,-3.7554,7.9706,0.1384,0.1639,-0.0316
-0.1533,-4.0236,8.2389,-0.1117,0.2295,-0.0716
-0.4598,-4.7517,7.8557,-0.0668,0.1323,-0.0741
-0.2682,-4.5601,7.6257,0.2234,0.0571,-0.1032
-0.1533,-4.6368,8.0473,0.1724,0.0923,-0.0947
-0.0383,-4.4452,8.2389,0.2404,0.1008,-0.0959
-0.2682,-4.2536,7.8173,0.2404,0.1032,-0.1105
-0.4982,-4.4068,8.0473,0.2453,0.0716,-0.0801
-0.7281,-4.5601,7.6641,0.3849,0.0376,-0.0376
-0.6131,-4.4452,7.8940,0.4917,0.0267,0.0255
-0.5748,-4.1769,8.0089,0.4966,0.0352,0.0595
-0.5365,-4.0236,8.1622,0.4165,-0.0121,0.0668
-0.3066,-3.9853,8.4305,0.3825,-0.0777,0.0947
-0.2299,-3.8704,8.5838,0.4031,-0.1105,0.1190
-0.0383,-3.4105,8.6221,0.3982,-0.1263,0.1044
0.0000,-3.1423,8.7370,0.3776,-0.1542,0.0425
0.0766,-3.0656,8.5454,0.3242,-0.1712,0.0049
-0.1150,-3.7171,8.8137,0.2100,-0.1700,0.0267
-0.0383,-3.0273,8.3921,-0.0097,-0.1469,0.0279
0.0766,-3.2955,8.2389,0.4152,-0.0401,0.0243
0.3066,-2.9507,8.9286,-0.0134,-0.0194,-0.0243
0.1916,-3.8704,8.8520,-0.3460,-0.0534,-0.0437
0.2682,-3.8320,8.5071,-0.2198,-0.0619,-0.0571
0.3066,-3.7554,8.5454,-0.0668,-0.0461,-0.0583
0.5748,-3.7554,8.7754,0.0583,-0.0243,-0.0765
0.5365,-3.5255,8.4688,0.1068,0.0255,-0.0789
0.4215,-3.2955,8.6987,0.1141,0.0413,-0.0838
0.3449,-3.5255,8.5071,0.0716,0.0474,-0.0692
0.2682,-3.7171,8.5454,0.0194,0.0474,-0.0425
0.0766,-3.7171,8.5838,-0.0073,0.0498,-0.0158
0.1916,-3.7554,8.5454,-0.0279,0.0316,-0.0024
0.1916,-3.6787,8.2772,-0.0279,0.0000,0.0024
0.0383,-3.6787,8.2772,-0.0036,-0.0291,-0.0012
0.0766,-3.7171,8.4688,0.0024,-0.0522,-0.0121
0.1150,-3.6404,8.4688,-0.0134,-0.0522,-0.0279
0.0766,-3.6021,8.4305,-0.0389,-0.0401,-0.0340
0.0766,-3.6021,8.6221,-0.0619,-0.0158,-0.0291
0.1916,-3.7554,8.6221,-0.0947,0.0182,-0.0231
0.1533,-3.7937,8.4305,-0.1311,-0.0304,-0.0498
0.1150,-3.7554,8.3155,-0.1129,-0.1105,-0.0789
0.0000,-3.8704,8.2005,-0.0935,-0.0996,-0.0741
-0.0766,-3.9853,8.2772,-0.0898,-0.0765,-0.0474
-0.0766,-3.8704,8.4688,-0.0364,-0.0656,-0.0206
0.0383,-3.9853,8.2772,0.0121,-0.0316,0.0073
-0.0383,-3.7937,8.2389,0.0668,-0.0158,0.0085
0.1150,-3.6021,8.2389,0.1166,-0.0413,-0.0073
0.1533,-3.7171,8.6221,0.1469,-0.0898,-0.0267
0.0766,-3.5638,8.5071,0.1712,-0.1093,-0.0304
0.3449,-3.3722,8.4688,0.1542,-0.1044,-0.0279
0.3449,-3.4871,8.4688,0.1263,-0.0741,-0.0194
0.2299,-3.4871,8.4688,0.1008,-0.0461,-0.0085
0.4215,-3.5638,8.4688,0.0631,-0.0534,-0.0036
0.4982,-3.8320,8.5454,0.0376,-0.0704,-0.0049
0.4982,-3.8704,8.3155,0.0364,-0.1020,-0.0134
0.4215,-3.9087,8.3538,0.0522,-0.1081,-0.0134
0.6131,-3.9470,8.1622,0.0874,-0.0947,-0.0146
0.6131,-3.9087,8.3538,0.0789,-0.0728,-0.0049
0.5365,-3.9470,8.0856,0.0631,-0.0631,-0.0024
0.6514,-3.8320,8.5454,0.0935,-0.0656,-0.0061
0.7281,-3.8704,8.5454,0.0886,-0.0789,-0.0097
0.6898,-3.8704,8.4688,0.0704,-0.1105,-0.0170
0.4598,-3.7937,8.3538,0.0826,-0.1348,-0.0182
0.6131,-3.9087,8.2772,0.0850,-0.1323,-0.0134
0.6898,-3.6021,8.3155,0.1044,-0.0862,-0.0158
0.8047,-3.8320,8.2389,0.1032,-0.0352,-0.0182
0.8047,-3.4488,8.3538,0.0996,-0.0279,-0.0231
0.8430,-3.7554,8.6604,0.1153,-0.0170,-0.0279
0.7281,-3.8320,8.5454,0.1105,0.0097,-0.0291
0.8430,-3.8320,8.5071,0.0801,0.0425,-0.0231
0.6898,-3.6787,8.4688,0.0704,0.0389,-0.0182
0.1916,-3.4105,8.2772,-0.1736,-0.0437,0.0534
0.5748,-4.0620,8.5071,-0.1967,-0.0765,0.0352
0.6898,-4.1003,8.4305,-0.0194,-0.1190,0.0146
0.5365,-4.0236,8.2389,-0.0134,-0.1506,0.0170
0.6131,-4.1003,8.1239,-0.0194,-0.0959,0.0413
0.6898,-4.0620,8.0856,0.0389,0.0036,0.0789
0.5365,-3.9853,8.2389,0.0474,0.0182,0.1153
0.3832,-4.1003,8.5838,0.0668,-0.0134,0.1518
0.3066,-4.0236,8.3538,0.1129,-0.0049,0.2100
0.4982,-4.1769,8.5838,0.0850,0.0571,0.2708
0.6514,-4.3302,8.4688,0.0012,0.1093,0.3448
0.9963,-4.7900,8.3921,-0.0631,0.2040,0.4225
1.4179,-5.0583,8.5838,-0.0364,0.2465,0.4529
1.3029,-5.3265,8.9286,0.0510,0.2149,0.4602
0.7281,-5.3265,8.8137,0.0971,0.1251,0.4432
0.1150,-5.0200,8.7370,0.1190,0.1020,0.4468
-0.3066,-4.5601,8.5838,0.3266,0.2683,0.4844
0.3832,-3.7171,8.4688,0.5937,0.5998,0.5743
0.8430,-3.1806,9.2352,0.7406,0.9980,0.6908
0.4982,-3.1423,9.9250,0.8232,1.2239,0.8657
-0.3449,-3.6404,10.4231,0.7212,1.5662,1.1122
-0.2299,-4.4068,10.3848,0.5609,2.2547,1.5201
-0.6898,-4.7134,9.3502,0.4565,2.9941,1.9196
-1.3029,-3.8704,7.4341,0.4869,3.3098,2.1502
-2.4142,-2.7591,5.9396,0.7771,3.5283,2.3579
-3.3339,-1.1496,4.9816,0.9410,3.5878,2.3991
-2.7974,0.9580,4.7517,0.6605,3.4385,2.2437
-1.9160,1.6861,2.0693,0.5476,3.4105,1.7374
-4.6368,0.4598,3.1806,-0.2865,3.4324,2.0155
-7.3192,1.4562,2.9123,-0.3436,2.7998,1.5444
-8.3538,0.8430,3.7554,-0.4249,2.0507,1.0260
-8.0856,0.8047,4.0620,-0.2756,1.0709,0.2659
-6.9743,1.1879,4.3685,-0.3108,0.1226,-0.4784
-5.7097,-0.3449,4.6751,-0.6508,-0.3861,-0.8025
-3.9087,-2.4142,4.2536,-1.0527,-0.2720,-1.0745
-6.8593,-4.0236,6.2462,-1.1886,-0.3897,-1.3732
-8.3921,-6.3229,10.9979,-0.3060,-0.9689,-1.4388
-14.9449,-7.0893,13.7187,0.7868,-1.8819,-1.0830
-15.7880,-4.5984,10.0782,-0.0437,-1.4193,-0.0328
-4.6368,-2.7591,7.3192,-0.7054,0.3132,-0.2113
-0.1533,-3.2572,7.7407,-0.4504,1.0794,-0.5039
-0.5748,-1.9543,6.2079,-0.1044,0.5876,0.0121
-3.7937,-1.3412,5.9396,-0.4237,-0.2392,0.6046

