-.-.-
-5.5948,7.3958,1.9927,2.3384,1.0806,0.0376
-2.2992,8.6221,0.1916,0.7868,0.7637,0.6617
1.9160,1.5328,-0.8814,-0.4444,0.5719,0.6471
0.2682,-1.9160,-3.1039,-0.4456,0.0911,0.5804
-0.1533,-2.1843,-4.3685,-0.1117,0.0437,0.8463
1.4179,-2.4142,-3.6404,0.1372,0.4019,0.7892
1.5328,-2.4908,-2.5291,0.4104,0.6544,0.2185
1.3029,-2.7974,-3.3722,0.7236,1.0842,-0.1445
3.6787,-2.6824,-15.2515,-0.0267,1.4254,-0.5099
-4.7517,-20.4247,-6.2079,-2.4659,1.0284,-0.5634
-9.4651,-21.5743,-13.2205,-0.2015,0.6010,-1.0952
-0.5365,-20.6163,-7.9706,-0.6022,-1.3768,-1.0514
7.5874,-26.4793,-8.6987,-0.8523,-1.0478,-0.3861
3.8704,-25.0232,-6.6294,-1.1498,-1.2773,0.5172
-1.0730,-15.8263,-3.6404,-0.4067,-1.3793,0.6411
-2.9890,-11.4578,-4.3302,-0.7309,-1.4679,0.7309
-4.2919,-12.7607,-1.8777,-1.0211,-1.5699,0.5791
-2.7207,-7.3958,-1.4179,-0.2902,-1.6537,0.4225
2.1076,-0.1916,0.1150,0.2028,-1.9851,0.2732
4.6368,2.4525,0.9963,0.1797,-1.4643,-0.7710
1.7244,3.4105,0.2682,0.4626,-1.4776,-1.2494
2.2226,-0.1150,0.8430,0.0971,-1.2069,-0.9968
2.6441,-1.8777,-0.7664,0.0935,0.3448,-0.8535
-1.0346,-1.0730,-2.2609,0.1773,0.6411,-0.7965
-2.1076,-0.9197,-1.9160,0.4638,0.4796,-0.4031
-1.4179,-0.3066,-1.0346,0.6933,0.2683,-0.0971
0.0000,-2.1843,0.0000,0.7516,-0.0146,0.1129
-0.4598,-5.9013,-5.1732,1.5565,-0.2890,0.0243
-5.7097,-9.5418,-29.8132,-0.2999,0.6399,1.2494
13.6420,-27.8972,-6.4378,1.8103,1.2967,1.3052
4.1386,-16.9759,-10.8830,1.4570,2.1806,1.0733
-3.4871,-20.7313,-3.7554,0.2100,2.7391,0.1469
-10.0016,-16.7460,-6.3229,-0.1190,1.8018,-0.4772
-7.5491,-26.4027,-2.5675,-1.4023,0.8280,-0.3545
2.0693,-26.3261,-2.9890,-0.5913,0.0996,-0.0352
7.1276,-16.4011,-2.2609,0.3970,0.2052,-0.3594
6.1313,-6.3612,-0.0383,0.5609,0.7746,-0.4589
1.4562,2.6824,1.8011,0.2902,0.8645,-0.1688
-3.2572,6.4378,-0.3449,0.0801,0.6144,0.1068
-4.1003,2.2992,0.1533,-0.6945,0.2574,0.5512
-3.0656,-3.1423,-0.7664,-0.4650,-0.1093,0.6945
-2.7591,-6.1696,-1.8777,0.1773,-0.6144,0.5755
-0.8814,-1.4179,-4.2919,0.8171,-0.8329,0.3570
4.5218,1.4179,-4.1386,0.4310,-0.0194,0.4104
7.5108,1.8394,-3.1806,-0.0607,0.8293,0.1785
0.6898,-0.2682,-2.0693,-0.1323,0.7163,-0.2040
-3.2189,0.0000,-3.0273,0.2574,0.3691,-0.0850
-0.4598,-2.1459,-23.5287,-1.0162,1.8224,-0.0109
-0.3066,-28.4337,2.9507,-1.8758,1.4618,-0.8681
-4.9433,-21.3061,-13.9869,0.7516,0.3132,-1.2433
0.7281,-20.6163,-6.8593,0.5901,-1.2931,-0.9422
1.5711,-24.9465,-6.7061,-0.3339,-1.3392,-0.1700
-3.1039,-23.9119,-6.7827,-0.9871,-2.1029,0.5719
-0.8430,-19.6966,-4.3685,-0.5427,-2.4526,0.6544
-3.1039,-17.5890,-3.8320,-0.5002,-2.5291,0.5913
-2.3759,-11.9943,-3.5255,-0.1651,-2.5060,0.4055
0.6131,-1.8777,-2.6058,0.3849,-2.3202,0.5536
6.0163,5.2116,-1.9160,0.7843,-2.1891,0.3740
4.5601,2.8357,-0.2299,0.4905,-1.8540,-0.7297
-0.5748,2.5675,0.1533,1.0102,-1.9693,-1.0551
0.0000,-0.6131,0.3449,0.9361,-1.2202,-1.0818
0.3832,-1.2263,-2.0310,0.5743,0.0437,-0.9203
2.3375,-1.9927,-2.4908,0.2210,0.3740,-0.6860
3.1806,-2.1076,-2.7207,0.4067,0.2574,-0.2975
0.7281,-2.4908,-1.9543,0.3375,-0.1226,-0.0704
-1.3795,-2.6441,2.8357,0.8827,0.0935,0.1226
-13.6804,5.7097,-13.0672,0.6484,-0.3557,0.0510
-8.6221,-11.9559,-15.9413,-3.4117,0.1251,1.5675
6.1696,-37.4389,-13.6420,-1.2141,-0.0146,0.7273
10.6147,-24.5633,-16.4011,0.0304,0.5804,0.4735
-1.4562,-23.7969,-6.1696,1.3453,1.4096,-0.6823
-8.8903,-14.8300,-2.0310,0.9082,1.2809,-0.1081
-3.6404,-15.2132,-0.9963,-1.1352,0.6435,0.1469
2.4142,-19.0835,-3.1806,-1.8528,0.6581,-0.4055
4.7517,-20.2331,-4.2536,-0.8985,1.2117,-0.9191
0.3449,-14.3701,-1.3412,0.8402,1.0490,-0.8463
-5.5948,-0.6514,1.9927,2.5424,0.7018,-0.2780
-6.2462,9.7717,1.3795,2.4125,0.4747,0.3557
1.3029,9.0436,-1.8777,0.3727,0.5197,1.0284
4.3302,0.1916,-2.5291,-1.1316,0.1433,0.9956
1.2263,-3.3722,-1.6478,-0.5087,-0.4541,0.8086
-1.4179,-1.3412,-3.5638,0.3327,-0.1202,0.7151
1.1496,-0.2682,-2.8740,0.2659,0.4772,0.6071
2.1459,-0.2299,-1.6095,0.0049,0.9920,0.0401
0.2299,-0.8430,-1.2263,0.0862,0.9288,-0.4735
-2.2226,0.9580,-5.4798,0.4954,0.6787,-0.5561
5.7097,0.8814,-22.8389,-0.3327,1.8856,-0.0583
-0.5365,-28.1271,-1.2646,-3.4931,2.0871,-0.9422
-11.1512,-26.9392,-14.9832,1.5541,1.0794,-1.2117
-1.6861,-22.1491,-8.6987,0.6945,-0.8633,-0.4517
5.9780,-25.5596,-3.8320,0.4286,-1.0587,0.1518
2.9507,-20.5397,-7.2425,-0.5682,-1.6221,0.9883
-0.7664,-19.8882,-3.8704,-1.1462,-1.4315,1.1850
-6.5528,-18.2021,-2.1459,-0.9167,-1.4752,0.9434
-6.5528,-11.9559,-1.4945,-0.3035,-1.5905,0.8875
-0.4982,-5.9780,-0.8430,-0.0340,-1.3319,0.4444
5.1349,5.2116,-0.5365,0.6641,-1.2214,-0.0267
4.1003,2.6441,0.4215,-0.3096,-1.1158,-1.0247
0.0000,0.9197,0.6514,0.3800,-0.8620,-1.3623
2.9890,-0.7281,-2.9123,0.7030,0.0279,-0.7503
1.9927,-1.1496,-5.9013,0.6520,0.6775,-0.3193
-1.3029,-1.3029,-5.2882,0.5852,0.7321,-0.1578
-3.9087,-0.3066,-1.8011,0.8523,0.3132,-0.0741
-2.9123,1.3412,0.0000,1.0211,-0.3679,-0.0291
0.7664,-0.1533,1.3029,0.7771,-0.1493,-0.2246
1.6861,-1.8394,-1.8011,1.1704,0.0656,-0.4565
-14.0252,1.8777,-31.4610,-0.2113,-0.6787,-0.0036
6.5145,-37.0174,-0.3449,-2.3858,1.1765,1.5092
10.5764,-27.8589,-17.0525,1.2566,0.7091,0.4080
-2.2226,-24.9465,-6.3612,1.5395,1.8589,-0.2185
-9.4268,-18.9686,-4.2536,0.5682,1.7605,-0.5257
-6.2079,-17.3974,-3.1423,-0.9045,0.8900,-0.2890
2.2226,-20.2714,-2.6058,-1.4618,0.7746,-0.2768
5.4032,-18.6620,-3.7171,-1.1474,0.8280,-0.3958
4.6751,-13.0672,-2.0693,-0.2525,0.8074,-0.3825
0.8430,-4.1769,-0.0766,0.6350,0.8718,-0.1530
-3.6021,4.5218,1.5711,1.0988,0.7989,0.1736
-4.7517,6.6294,0.6514,0.6933,0.6010,0.6544
-0.8047,1.4562,-0.0766,-0.1578,0.4092,0.9045
-1.6478,-2.5291,-1.4179,-0.1627,-0.2440,0.4699
-2.3375,-3.4871,-2.3759,0.0279,-0.9798,0.3764
0.6898,-1.8394,-1.8394,0.3970,-0.5731,0.3740
4.7900,0.8430,-2.8740,0.4092,-0.0765,0.2307
5.2116,0.7281,-1.7627,0.1214,0.4565,-0.0146
2.2992,-0.1533,-2.1459,0.4492,0.5415,-0.2307
3.4871,0.0000,-11.5344,0.3023,0.8645,-0.1918
-2.6441,-13.0289,-18.5087,-3.2211,2.5363,-0.8487
-12.7223,-26.4793,-12.6840,0.1603,1.5614,-1.6015

