-.-.-
0.6514,-8.6987,3.9853,0.9215,0.2963,-0.8912
0.6131,-8.9670,4.4452,0.6544,0.3254,-1.0029
0.8430,-9.8483,5.5564,0.4638,0.1044,-0.9822
1.3029,-9.2352,5.4798,0.2829,-0.3096,-0.8645
2.0310,-8.7754,4.6751,-0.0340,-0.4626,-0.7868
2.9507,-8.8903,4.6751,-0.2210,-0.3132,-0.8839
2.9123,-8.6604,4.0236,-0.2028,-0.0534,-1.2287
3.0656,-9.5034,4.4835,-0.2392,0.1833,-1.4375
3.1039,-9.9250,4.6751,-0.2610,0.2805,-1.4084
2.8740,-9.5418,4.5601,-0.1275,0.2987,-1.2214
2.4142,-9.1969,4.5218,0.0704,0.3302,-0.9895
2.1076,-8.8903,5.0583,0.2817,0.3011,-0.8499
3.2955,-8.0856,5.3648,0.4553,0.2732,-0.7588
3.4488,-7.9706,5.4415,0.5330,0.3679,-0.6678
3.6404,-8.2389,5.6331,0.6216,0.4492,-0.5257
3.6404,-7.2425,5.7480,0.6411,0.4189,-0.3873
3.0656,-6.6677,5.3265,0.5367,0.3788,-0.2987
2.9123,-6.8977,5.2499,0.4298,0.3776,-0.1906
2.3759,-7.4341,5.3265,0.4007,0.4116,-0.0789
3.1806,-7.2809,5.3265,0.4820,0.4735,0.0291
2.8740,-7.5874,5.2499,0.5269,0.5415,0.1433
2.8357,-7.3192,5.4032,0.4662,0.6265,0.2185
2.9123,-7.3958,5.6331,0.3242,0.6144,0.3472
2.8740,-7.3575,5.8630,0.0753,0.4565,0.4407
2.8740,-7.5108,6.2845,-0.2695,0.3254,0.4990
2.7974,-8.1622,6.4761,-0.3351,0.3910,0.4917
2.7974,-7.7024,5.5564,-0.1845,0.4905,0.5014
2.7974,-7.8557,6.2462,-0.4662,0.4128,0.5512
2.4142,-7.7024,5.9013,-0.6022,0.4092,0.5876
1.7244,-7.8940,5.9780,-0.5925,0.4820,0.6581
2.0693,-7.9323,5.8630,-0.5099,0.5027,0.7333
1.9160,-8.0473,5.8247,-0.4517,0.5209,0.8001
1.6478,-8.2005,5.6714,-0.4165,0.5427,0.8742
1.6095,-8.2772,5.4798,-0.4456,0.5901,0.9616
1.3795,-8.4688,5.5564,-0.5403,0.6605,1.0369
1.3412,-8.3921,5.8630,-0.5464,0.7625,1.0721
0.7281,-8.5454,5.6714,-0.6253,0.8669,1.0235
0.9197,-8.7754,6.0546,-0.8353,0.8669,0.9992
0.7664,-9.3118,5.9780,-0.9713,0.8548,1.0126
0.7281,-9.3502,5.6331,-0.9385,0.8608,0.9507
0.8430,-9.0053,5.2116,-0.9312,0.9397,0.8414
0.4215,-8.6987,5.2116,-1.0260,1.0381,0.7795
0.3449,-8.8137,5.0583,-1.1886,1.0199,0.7576
0.1533,-8.9670,4.8667,-1.3234,0.9701,0.7321
0.1916,-9.3885,4.5601,-1.3186,1.0769,0.7406
-0.2682,-9.6184,3.9470,-1.2518,1.1522,0.6678
-0.9963,-9.6184,3.7171,-1.2008,1.1729,0.6071
-2.2226,-9.6567,3.2189,-0.9822,1.1886,0.5646
-2.1076,-9.9250,3.2189,-0.7819,1.2056,0.5658
-2.2226,-9.9633,2.9507,-0.6811,1.2360,0.6265
-1.7627,-9.8100,2.5291,-0.6192,1.2882,0.6144
-1.8777,-9.6184,2.0310,-0.5913,1.2712,0.5937
-2.3375,-9.4268,1.8777,-0.5646,1.3586,0.6447
-2.3375,-9.5034,2.0310,-0.5561,1.3732,0.6289
-2.4525,-9.6950,1.9927,-0.6046,1.3149,0.5379
-2.9123,-9.6567,2.1076,-0.5221,1.3635,0.4395
-3.0273,-9.2735,1.5328,-0.3849,1.5007,0.4201
-3.0656,-9.0436,1.2263,-0.3679,1.6087,0.3897
-2.9890,-9.1202,1.3795,-0.4092,1.5626,0.3266
-3.0656,-9.2735,1.1496,-0.4371,1.4776,0.2647
-3.6021,-9.3885,0.6898,-0.4820,1.4157,0.1712
-3.8704,-9.3502,0.0766,-0.5658,1.3380,0.1008
-4.4835,-9.5801,-0.5365,-0.6617,1.3416,0.0291
-3.8320,-9.7334,-1.2263,-0.8329,1.3526,0.0668
-3.8320,-9.7717,-1.1496,-1.0320,1.2761,0.0643
-3.2955,-9.7717,-0.8047,-1.1389,1.0976,0.0546
-2.8740,-9.7717,-0.7664,-1.2251,1.1049,-0.0413
-3.3339,-9.6950,-0.9963,-1.3841,1.0162,-0.1700
-4.2152,-9.9633,-1.3029,-1.5553,0.8960,-0.2331
-4.8284,-10.3465,-2.2992,-1.7726,0.6326,-0.1663
-4.5218,-10.5381,-3.3722,-1.9451,0.4905,-0.0219
-5.0966,-10.7297,-3.2572,-2.0228,0.5804,0.0449
-5.1349,-10.9596,-3.5255,-1.9742,0.5840,0.2586
-4.1769,-10.5764,-3.6021,-1.4715,0.8426,0.3825
-4.0236,-10.2315,-3.2955,-1.1510,0.8110,0.3861
-3.4488,-9.9633,-4.1386,-1.0332,0.6787,0.3812
-3.4871,-9.5418,-4.6751,-1.1122,0.5804,0.3460
-3.4488,-9.2352,-4.6368,-1.2141,0.6908,0.3351
-3.2955,-9.2352,-4.4835,-1.2530,0.8390,0.3047
-2.5675,-9.3118,-4.2152,-1.2105,0.8086,0.2647
-1.8394,-9.4268,-4.0236,-1.0539,0.7795,0.1979
-1.3412,-9.5034,-3.7171,-0.7989,0.8365,0.1566
-1.1879,-9.2352,-3.5638,-0.5282,0.8936,0.1287
-1.1879,-8.8520,-3.9470,-0.3655,0.8293,0.1129
-1.2263,-8.0856,-3.9853,-0.2683,0.7066,0.0862
-1.3029,-7.5491,-4.1386,-0.2659,0.6229,0.0559
-1.6861,-7.1659,-4.1386,-0.3047,0.4784,0.0656
-2.2609,-7.1276,-4.5984,-0.2295,0.2501,0.1336
-2.6058,-7.3192,-4.9433,-0.1372,0.0789,0.2161
-2.5675,-7.6257,-5.2116,-0.0777,0.0583,0.2744
-2.2992,-7.9323,-5.0966,0.0389,0.2416,0.2999
-1.9927,-8.0473,-5.0200,0.1639,0.4796,0.2550
-1.6095,-8.3538,-4.9433,0.2513,0.6544,0.1651
-1.5711,-8.4305,-4.8284,0.2817,0.6775,0.0789
-1.6478,-8.3538,-4.8284,0.3655,0.6787,0.0352
-1.8777,-7.7024,-4.9816,0.5112,0.7516,0.0291
-2.2992,-7.2425,-4.9433,0.6168,0.7564,0.0389
-2.2992,-7.1276,-4.9816,0.6386,0.7552,0.0898
-2.4908,-6.8977,-4.8667,0.5609,0.7224,0.1639
-2.1459,-7.2042,-4.9050,0.5087,0.7358,0.2659
-1.9543,-7.5491,-4.8667,0.4917,0.7188,0.2853
-1.9543,-8.1622,-4.8667,0.5087,0.6046,0.2902
-1.8777,-8.5838,-4.9050,0.5621,0.5901,0.2586
-2.0693,-8.6987,-5.0583,0.5974,0.6338,0.2161
-1.9927,-8.8520,-5.1349,0.6022,0.6216,0.1773
-2.1076,-8.6221,-5.1732,0.5779,0.4784,0.1396
-2.2992,-8.0856,-5.4798,0.6131,0.4262,0.1566
-2.3375,-7.5108,-5.5181,0.6156,0.5245,0.1736
-2.5291,-7.3575,-5.6331,0.5257,0.5658,0.2064
-2.4142,-7.2425,-5.3648,0.5002,0.6059,0.2805
-2.3375,-7.2809,-5.0583,0.5791,0.6957,0.3400
-2.2226,-7.1659,-4.8667,0.5476,0.7783,0.3691
-2.0310,-7.2809,-4.9050,0.4942,0.8900,0.3242
-2.1843,-7.3958,-4.7517,0.5221,0.9580,0.1882
-2.3759,-7.4341,-4.4452,0.5719,0.9410,-0.0243
-2.9123,-7.3958,-4.2919,0.6168,0.8742,-0.2125
-3.2572,-7.2809,-4.3302,0.5876,0.7467,-0.3096
-3.2189,-7.3575,-4.4452,0.4966,0.6386,-0.2878
-2.4908,-8.2389,-4.1769,0.4128,0.5913,-0.1870
-2.0693,-9.3885,-3.7554,0.4917,0.5148,-0.0753
-1.1113,-10.8063,-3.3722,0.7965,0.4432,0.0546
-0.5365,-11.4578,-3.4871,1.2724,0.5682,0.1530
-0.1533,-10.4614,-3.6404,1.5347,0.7552,0.1445
0.0000,-9.2352,-2.9507,1.4934,0.9725,0.1056
-0.3832,-8.5838,-2.4142,1.3149,1.1437,0.0583
-1.2646,-8.0473,-2.2226,1.0806,1.1789,0.0231
-1.9927,-7.8557,-2.2226,0.7953,1.1049,0.0219
-2.4908,-7.6257,-2.4525,0.5767,1.0757,0.0753

