-.-.-
1.3029,-9.3502,-1.5711,0.0595,-0.0097,-0.0146
1.1879,-9.3118,-1.5328,0.0753,0.0134,-0.0121
1.0730,-9.3885,-1.6861,0.0826,0.0146,-0.0121
1.2646,-9.3118,-1.5711,0.0741,0.0024,-0.0158
1.1113,-9.2735,-1.4945,0.0668,-0.0061,-0.0182
1.2263,-9.2735,-1.5328,0.0619,-0.0036,-0.0182
1.2646,-9.4268,-1.5328,0.0607,0.0036,-0.0170
1.2263,-9.3502,-1.4562,0.0619,0.0121,-0.0182
1.3029,-9.3502,-1.6478,0.0595,0.0134,-0.0158
1.2263,-9.3885,-1.5711,0.0728,0.0146,-0.0121
1.2646,-9.1969,-1.4945,0.0656,0.0085,-0.0109
1.2263,-9.3118,-1.5328,0.0498,0.0061,-0.0085
1.2646,-9.4268,-1.4945,0.0522,0.0134,-0.0109
1.1496,-9.3502,-1.4945,0.0656,0.0243,-0.0121
1.1879,-9.3118,-1.5711,0.0716,0.0304,-0.0109
1.3795,-9.3118,-1.5711,0.0728,0.0267,-0.0085
1.1879,-9.3118,-1.7244,0.0643,0.0194,-0.0085
1.3029,-9.1969,-1.5328,0.0571,0.0194,-0.0097
1.1879,-9.4268,-1.4562,0.0619,0.0255,-0.0134
1.2263,-9.3885,-1.4945,0.0777,0.0304,-0.0134
1.2263,-9.1969,-1.4562,0.0789,0.0376,-0.0109
1.2646,-9.4268,-1.7244,0.0668,0.0449,-0.0109
1.1879,-9.2735,-1.4945,0.0607,0.0449,-0.0109
1.3412,-9.3885,-1.4562,0.0546,0.0328,-0.0146
1.3412,-9.3885,-1.4945,0.0583,0.0206,-0.0134
1.2263,-9.3885,-1.4179,0.0583,0.0255,-0.0085
1.3795,-9.4268,-1.4562,0.0461,0.0255,-0.0073
1.2263,-9.3502,-1.4945,0.0413,0.0243,-0.0085
1.2646,-9.4651,-1.4945,0.0571,0.0291,-0.0121
1.2646,-9.3502,-1.5328,0.0571,0.0304,-0.0134
1.2263,-9.2735,-1.4945,0.0389,0.0279,-0.0109
1.2646,-9.3118,-1.6095,0.0255,0.0291,-0.0109
1.1879,-9.3885,-1.4562,0.0389,0.0304,-0.0085
1.3795,-9.3118,-1.5711,0.0777,0.0279,-0.0036
1.1496,-9.2352,-1.4945,0.0753,0.0255,-0.0073
1.3029,-9.3885,-1.4562,0.0559,0.0267,-0.0134
1.3795,-9.4651,-1.6478,0.0546,0.0376,-0.0134
1.3412,-9.3502,-1.6861,0.0668,0.0389,-0.0036
1.2263,-9.3885,-1.6095,0.0789,0.0316,-0.0024
1.3029,-9.2352,-1.3412,0.0801,0.0255,-0.0049
1.3412,-9.3502,-1.4562,0.0777,0.0219,-0.0109
1.1879,-9.2735,-1.5711,0.0801,0.0231,-0.0097
1.1879,-9.2735,-1.3795,0.0741,0.0291,-0.0097
1.2263,-9.3885,-1.4179,0.0631,0.0364,-0.0073
1.2263,-9.4268,-1.4945,0.0583,0.0376,-0.0134
1.1879,-9.3118,-1.4179,0.0680,0.0304,-0.0146
1.3029,-9.2352,-1.5328,0.0813,0.0291,-0.0109
1.2646,-9.2735,-1.3795,0.0668,0.0304,-0.0121
1.5711,-9.4268,-1.7627,0.0474,0.0279,-0.0146
1.2646,-9.3118,-1.3795,0.0571,0.0291,-0.0109
1.3029,-9.3118,-1.5711,0.0631,0.0291,-0.0073
1.2646,-9.3502,-1.3795,0.0607,0.0267,-0.0061
1.2646,-9.2735,-1.4562,0.0631,0.0231,-0.0085
1.2646,-9.3118,-1.4945,0.0765,0.0182,-0.0061
1.1496,-9.1969,-1.4562,0.0753,0.0146,-0.0085
1.3029,-9.3502,-1.5328,0.0704,0.0109,-0.0109
1.3029,-9.1586,-1.2646,0.0789,0.0170,-0.0146
1.3412,-9.3885,-1.3795,0.0886,0.0291,-0.0121
1.1496,-9.3118,-1.4562,0.0777,0.0243,-0.0085
1.2263,-9.3885,-1.4179,0.0631,0.0109,-0.0121
1.2646,-9.4268,-1.4562,0.0656,-0.0049,-0.0134
1.3412,-9.4268,-1.3029,0.0728,-0.0012,-0.0146
1.2263,-9.2735,-1.6095,0.0668,0.0146,-0.0170
1.4562,-9.3885,-1.3412,0.0571,0.0304,-0.0170
1.2646,-9.5801,-1.3795,0.0692,0.0316,-0.0194
1.1879,-9.3885,-1.5711,0.0765,0.0206,-0.0134
1.3412,-9.4651,-1.4945,0.0753,0.0085,-0.0170
1.1113,-9.3885,-1.4945,0.0656,0.0073,-0.0146
1.2263,-9.3502,-1.6478,0.0741,0.0097,-0.0158
1.3412,-9.4268,-1.4562,0.0996,0.0182,-0.0134
1.2263,-9.3502,-1.3412,0.0911,0.0182,-0.0121
1.4179,-9.3885,-1.4562,0.0643,0.0085,-0.0170
1.2646,-9.5034,-1.6478,0.0607,0.0073,-0.0158
1.2646,-9.3502,-1.4562,0.0765,0.0170,-0.0121
1.3029,-9.4651,-1.4562,0.0874,0.0182,-0.0109
1.3029,-9.2735,-1.4179,0.0850,0.0134,-0.0121
1.2263,-9.3118,-1.3412,0.0765,0.0097,-0.0109
1.2263,-9.3118,-1.3795,0.0716,0.0121,-0.0121
1.1113,-9.4268,-1.3795,0.0704,0.0158,-0.0109
1.2263,-9.3885,-1.2646,0.0716,0.0182,-0.0085
1.4179,-9.4268,-1.4562,0.0668,0.0146,-0.0109
1.2646,-9.4268,-1.3029,0.0643,0.0073,-0.0109
1.2646,-9.4651,-1.3029,0.0886,0.0109,-0.0061
1.2646,-9.4651,-1.3795,0.1129,0.0134,0.0000
1.3029,-9.5034,-1.1879,0.1166,0.0134,-0.0012
1.2263,-9.2735,-1.1113,0.1129,0.0097,-0.0036
1.2646,-9.1969,-1.3029,0.0971,0.0036,-0.0073
1.3029,-9.1202,-1.2263,0.0716,0.0049,-0.0036
1.2263,-9.0819,-1.3412,0.0401,0.0049,-0.0049
1.1496,-8.9670,-1.4945,0.0012,-0.0073,-0.0012
1.0730,-9.1586,-1.4562,-0.0304,-0.0194,0.0049
0.8814,-9.1202,-1.4562,-0.0328,-0.0182,0.0170
1.2646,-9.1586,-1.4945,-0.0146,-0.0134,0.0328
1.1496,-8.8903,-1.5711,-0.0182,-0.0134,0.0437
1.3029,-8.9670,-1.8394,-0.0801,-0.0219,0.0449
1.2263,-8.9670,-1.9543,-0.1930,-0.0109,0.0437
1.1496,-8.9286,-1.8011,-0.2732,0.0182,0.0510
1.0730,-8.9286,-1.6861,-0.2841,0.0376,0.0668
1.1496,-8.9670,-1.5711,-0.2708,0.0316,0.0789
0.9580,-8.8520,-1.8011,-0.3023,0.0146,0.0826
1.0730,-8.7754,-1.8777,-0.3715,0.0073,0.0862
0.9197,-8.6987,-2.0693,-0.4262,0.0109,0.0923
0.8430,-8.6604,-2.0310,-0.4237,0.0073,0.1032
0.6898,-8.4305,-2.4525,-0.4116,-0.0194,0.1081
0.6514,-8.3921,-2.6058,-0.4893,-0.0716,0.0947
0.5748,-8.0856,-2.6824,-0.6192,-0.1105,0.0911
0.5748,-7.7790,-2.8740,-0.6751,-0.1372,0.1166
0.5365,-7.4341,-2.9507,-0.7431,-0.1676,0.1384
0.8814,-6.9360,-3.2955,-0.9215,-0.1748,0.1299
1.0346,-6.5145,-3.7554,-1.1959,-0.1287,0.1275
1.2646,-6.0163,-4.0236,-1.4375,-0.0619,0.1153
0.8430,-5.2882,-4.1769,-1.6415,-0.0182,0.1056
0.5748,-4.9050,-4.6751,-1.8540,-0.0194,0.0923
0.2299,-4.8284,-5.0583,-2.1090,-0.0109,0.0777
-0.2299,-4.9433,-4.9816,-2.4004,-0.0631,0.0741
-0.5365,-5.9396,-5.2116,-2.6711,-0.2355,0.1141
-0.4598,-7.2425,-5.8630,-2.7865,-0.3970,0.1663
-0.0383,-9.1586,-6.7061,-2.6335,-0.5269,0.1688
0.5748,-10.0399,-7.3958,-2.1308,-0.5245,0.2343
1.2263,-9.6567,-8.2772,-1.6852,-0.3157,0.3727
1.1496,-8.0856,-8.0473,-1.7362,-0.0425,0.4043
0.4598,-7.0893,-7.2809,-1.8589,0.0231,0.4165
0.0766,-6.0163,-6.3995,-1.9803,-0.2064,0.3995
-0.2682,-5.5564,-6.8593,-2.2401,-0.5257,0.3315
-0.4982,-5.6714,-7.4725,-2.3761,-0.6593,0.2793
-0.4598,-5.7480,-7.5108,-2.1417,-0.5099,0.2683
-0.7281,-5.4798,-7.7790,-1.7556,-0.2695,0.3035
-0.6514,-4.6751,-8.7754,-1.7192,-0.2003,0.3521

