-.-.-
2.7207,-0.7664,-1.1879,0.9616,0.3582,0.1129
2.6441,-0.0383,-1.6861,0.7212,0.3363,0.3885
1.7627,0.1150,-1.6861,0.3788,0.4043,0.3302
0.8430,-0.9963,-4.8667,0.1433,0.5706,0.1153
1.8777,-6.2845,-10.6914,-1.1716,0.4784,-0.3400
-6.6294,-19.9266,-1.3029,-1.9997,-0.5318,-0.7236
-5.0200,-23.7586,-4.6368,0.5925,0.1214,-0.8013
0.8430,-15.9413,-1.2263,1.6209,-0.4359,-0.4723
8.4305,-10.8830,-2.2609,1.5480,-0.3060,0.2878
9.1586,-12.7990,-3.9087,-0.0522,0.1663,0.7855
2.4142,-17.2058,-2.1459,-0.7503,0.7503,0.8038
-1.6095,-15.5964,-1.3795,-0.0631,1.0442,0.7431
-3.4105,-10.9979,-0.8814,0.6981,0.9094,0.7989
-2.9507,-7.1659,-0.8430,0.3327,0.7479,0.8110
-1.9160,-5.8630,1.0730,-0.3788,0.5099,0.7552
-1.4562,-5.0966,0.9580,-0.5682,0.0789,0.6848
-0.8430,-3.8320,-0.4215,-0.3873,-0.2088,0.4504
-2.0693,-3.7937,-0.4982,-0.3290,-0.4383,0.1773
-1.1879,-5.2882,-1.8777,-0.1906,-0.4687,-0.1530
-1.4179,-3.8704,-2.9507,0.8730,-0.4249,-0.3521
-0.8430,-0.1916,-1.7627,1.9402,-0.4274,-0.1894
-3.1423,1.1113,-6.2845,1.4169,-0.8438,0.1469
0.6131,-7.1659,-13.8720,-1.8868,-1.1049,0.5354
4.0236,-23.2988,-0.5748,-2.9601,-0.9276,0.6277
5.3648,-25.1381,-5.0200,0.2319,-0.4553,0.7661
0.2299,-17.1675,-2.4525,1.3902,0.2647,0.1166
-5.2116,-13.6037,-1.8011,0.3084,0.3193,-0.4735
-4.0236,-16.1329,-0.9963,-0.7928,0.1955,-0.7236
0.3832,-16.9376,-0.7664,-0.7576,0.0947,-0.8280
2.0310,-12.4541,-0.7281,-0.1882,0.1833,-1.0830
2.1076,-8.9670,0.3066,-0.2368,0.1615,-1.1462
0.9580,-6.0546,-1.3412,-0.8329,0.0862,-0.8329
0.3832,-6.3229,-0.0383,-0.9980,0.2331,-0.3703
2.2226,-5.9013,0.2299,-0.3230,0.4602,-0.0716
2.7974,-3.4105,-0.1150,0.4189,0.5027,0.0838
2.1459,-2.1076,-1.9160,0.4614,0.5524,0.3169
2.1076,-1.3412,-2.6824,0.3982,0.5294,0.4820
2.0693,-0.7664,-1.9543,0.7382,0.6556,0.4359
0.0000,0.0383,-3.0273,0.6605,0.7358,0.1663
2.0693,-1.4945,-7.1659,-0.0983,0.9640,-0.1591
-1.6861,-11.5344,-8.8903,-1.7860,0.1603,-0.4152
-5.4032,-28.6253,-2.1076,-1.5699,-0.6653,-0.5597
-2.3375,-24.5633,-5.6331,1.9305,1.0879,-0.5379
3.3339,-10.2698,-0.8047,2.5412,0.4067,-0.4456
11.2662,-9.2735,-1.6478,0.5075,0.4674,0.4177
7.7407,-17.5890,-1.2646,-1.7168,1.0648,0.8487
0.4598,-20.3481,-1.9543,-1.4011,1.3950,1.0818
-4.3302,-15.1365,-1.7627,-0.1068,1.5747,1.1401
-5.5564,-8.9670,0.4215,0.3205,1.2858,1.0442
-3.9087,-4.9816,-0.4598,0.0085,0.7248,1.0005
-1.2263,-4.6751,-0.5365,-0.7455,0.4759,0.5512
-0.6131,-4.9050,-0.6898,-0.9252,0.0510,0.1445
-2.3375,-3.1806,-1.8394,-0.3946,-0.5694,-0.1020
-2.3375,-2.5675,-2.2992,0.0619,-0.8110,-0.2550
-2.2609,-1.0346,-3.4105,0.5609,-0.7904,-0.3752
-0.3832,-0.0766,-2.4908,0.8001,-0.7746,-0.3375
0.5365,-0.6514,-1.3412,0.9725,-0.7455,-0.2015
-2.9890,-2.8357,-6.1696,0.0352,-1.7107,-0.0559
1.6478,-14.6384,-12.1859,-2.6602,-1.8746,0.2744
5.8630,-32.4956,-4.0236,-0.3995,-0.7224,0.9895
3.2572,-19.3134,-5.5181,1.9863,-0.7333,0.2902
-3.3339,-8.8903,-1.5711,1.9038,0.6884,-0.4577
-7.6641,-12.2625,-1.8011,-0.7516,0.0231,-0.7686
-3.6787,-17.8189,-1.6095,-1.2105,-0.2234,-0.8013
1.1879,-16.8226,-1.4179,-0.7394,-0.3630,-1.0927
3.2955,-10.9213,-0.9580,0.0959,-0.3995,-1.1971
4.1003,-6.6677,-0.9197,-0.0704,-0.2343,-1.0769
2.9123,-5.6714,0.8047,-0.6144,0.2125,-0.7297
2.0310,-6.7827,0.8814,-0.8681,0.4869,-0.4432
3.2572,-5.7097,-0.6514,-0.5306,0.9555,-0.3217
3.5255,-2.8740,-2.1076,0.1785,1.2518,-0.1445
0.9963,-1.1879,-3.2955,0.2137,1.1462,0.1906
1.0730,-2.6824,-3.6404,-0.2744,1.0575,0.3060
0.4215,-4.0620,-1.6095,0.2355,0.9932,0.1129
-0.5748,-1.8777,-2.1076,1.2530,0.8705,-0.0886
3.6021,-3.4488,-8.7370,0.5051,0.8244,-0.0996
-3.3722,-16.7843,-10.1932,-2.3469,-1.0830,-0.4905
-5.7097,-32.5723,-0.3832,0.6957,-0.4116,0.0255
-3.2955,-14.0252,-4.6368,2.5133,0.2453,-0.4917
4.9433,-5.2499,-1.6095,2.1490,-0.3800,0.0510
11.7260,-11.5344,-4.0620,-0.9750,-0.1894,0.5027
7.1276,-21.2295,-2.1843,-2.0823,0.3521,0.7248
-0.1533,-20.3864,-2.2992,-0.7613,0.7261,0.9325
-3.6404,-11.6494,-0.9197,0.4565,1.0017,1.0369
-4.9433,-5.0200,-0.6514,0.2914,0.7006,1.1583
-2.9890,-4.3302,-1.3029,-0.5864,0.4371,1.0733
-0.3832,-6.0929,-1.1496,-1.2712,0.4286,0.5063
0.0766,-6.0546,-0.7281,-0.8997,0.2234,-0.0898
-1.3029,-4.4835,-1.1879,0.0559,-0.1773,-0.3181
-3.1423,-2.3759,-0.0383,0.6289,-0.7236,-0.3557
-3.5638,-0.3449,-2.2226,0.9106,-1.1231,-0.3254
-2.4908,1.1496,-3.9853,0.6896,-1.4108,-0.3266
-1.2646,-0.6898,-3.1039,0.1263,-1.4327,-0.1761
-0.7664,-3.4488,-6.3229,-0.3460,-1.9208,0.0352
4.9816,-12.7223,-11.1129,-1.9791,-1.7022,0.1809
7.8557,-26.9009,-2.2609,-1.0976,-0.5876,0.5694
5.9013,-19.3901,-6.7061,1.2882,-1.1134,0.5852
-3.1039,-10.3082,-3.1039,1.4934,0.6581,0.3084
-8.6987,-13.5654,-2.1843,-0.6022,0.8341,-0.1493
-4.5218,-20.2331,-2.8740,-1.3671,-0.0461,-0.4444
1.0346,-19.3134,-2.7591,-0.6204,-0.1518,-0.7673
2.7974,-12.1859,-0.6898,-0.0923,0.2756,-1.1680
2.2609,-7.0126,-0.6514,-0.2404,0.3630,-1.2081
1.7627,-6.4761,-0.4598,-0.8560,0.2647,-0.8620
1.7244,-7.7407,-0.9580,-0.8790,0.4092,-0.4262
2.9890,-7.5491,0.2682,-0.4929,0.8997,-0.1882
4.7134,-2.8357,-2.5675,0.5779,1.2748,-0.0486
2.6058,-0.4215,-2.2226,0.3764,1.3829,0.1323
1.1496,-2.9507,-1.8394,-0.1190,1.1850,0.2890
0.3832,-2.6058,-3.1806,0.3108,1.2676,0.2270
-0.6514,-0.4598,-2.8740,0.7661,1.4193,-0.0376
-0.0766,-2.0693,-5.5564,0.4699,1.1583,-0.2319
1.9927,-10.3848,-14.2168,-0.6629,0.8414,-0.8353
-5.5948,-29.4683,-0.6514,-1.0199,-0.4334,-0.9543
-3.9087,-19.9649,-7.9706,2.6140,1.4643,-0.3339
0.9580,-8.4305,0.9963,2.1551,-0.0376,-0.1214
7.8173,-8.4688,-3.5255,0.3363,-0.3521,0.4541
5.4415,-17.3591,-2.6441,-1.7156,0.0243,0.4747
1.7244,-20.5014,-2.6058,-1.0502,0.2963,0.8038
-1.3029,-15.5197,-0.4982,0.0704,0.3873,1.0029
-3.4105,-8.0089,0.4982,0.8183,-0.1506,1.1850
-3.6404,-4.8284,-2.2992,0.2623,-0.2586,1.0029
-1.9543,-5.9396,-0.6514,-0.6229,-0.0534,0.3290
-0.4215,-6.1696,0.5365,-0.3533,-0.1311,-0.0328
-0.6898,-3.2189,-1.5711,0.3387,-0.4808,-0.3302
-2.1076,-2.1076,-1.4945,0.5136,-0.6738,-0.3946
-1.5328,-1.8394,-1.6478,0.6180,-0.5184,-0.4104
-0.8814,-0.1150,-2.8740,1.0442,-0.6702,-0.3594

