-.-.-
-2.2992,-6.6294,-7.7407,-0.3327,0.5221,0.1421
-2.5675,-7.2042,-8.4688,-0.2671,0.7127,0.1785
-2.1843,-7.3192,-8.2005,-0.1676,0.4614,0.2708
-0.0766,-7.7407,-6.9743,-0.0656,0.0364,0.2708
-1.0346,-6.5911,-6.5145,0.0012,-0.1044,0.2513
-0.8047,-6.2845,-6.5911,0.0413,-0.0340,0.2926
-1.7627,-6.1313,-6.7061,-0.1396,0.0219,0.2732
-1.2263,-7.0126,-6.7827,-0.1955,0.0134,0.2380
-1.3412,-7.5108,-6.7827,0.0146,-0.1469,0.1008
-0.9197,-8.3155,-6.8977,0.3254,-0.4067,-0.0389
-0.1150,-8.6987,-7.7790,0.5986,-0.5864,-0.0364
-1.9543,-8.0856,-8.0856,0.5634,-0.4687,-0.0753
-3.3722,-7.3192,-8.7370,0.2270,-0.2987,-0.2343
-3.5638,-7.6641,-9.3502,0.1918,-0.1736,-0.1943
-2.6058,-7.4341,-9.3118,0.2185,-0.1275,-0.0461
-1.8011,-7.6257,-8.9286,0.1129,-0.1068,0.1275
-1.3795,-8.3538,-8.9670,0.0656,-0.1275,0.1845
-1.3029,-8.0473,-8.8137,0.1457,-0.0352,0.1651
-1.4562,-7.0893,-8.3155,0.1433,0.1068,0.1833
-1.3029,-6.5145,-8.1239,0.0243,0.1651,0.2902
-1.8777,-6.5145,-7.9323,-0.0838,0.2040,0.4347
-2.3759,-7.2425,-7.8940,-0.1724,0.2380,0.5451
-3.0273,-7.5108,-7.6257,-0.1384,0.2756,0.6119
-3.0656,-7.7024,-7.3192,-0.0765,0.2440,0.6071
-2.8357,-7.6641,-6.8210,-0.0097,0.1506,0.6083
-2.6824,-7.3958,-6.6294,0.1141,0.1226,0.6168
-2.2992,-6.8977,-6.3995,0.2100,0.0911,0.6496
-2.1843,-6.0929,-6.2845,0.2513,0.0364,0.6362
-1.8394,-5.4798,-6.3995,0.2586,-0.0801,0.6119
-1.4945,-5.4032,-6.8977,0.2404,-0.2525,0.5949
-1.5711,-5.9396,-7.9323,0.1105,-0.3715,0.5901
-1.8394,-7.5874,-9.0436,0.0546,-0.4468,0.5087
-1.6478,-8.1622,-9.3885,0.1323,-0.3533,0.4298
-4.4452,-8.3155,-8.4688,0.2841,-0.0194,0.4432
-3.9470,-7.9323,-8.7370,0.0571,-0.0947,0.2975
-3.8704,-7.9323,-7.9323,0.2222,0.2015,0.3837
-3.7554,-6.7444,-7.2809,0.2987,0.4104,0.5124
-3.1423,-6.5911,-7.3958,0.1311,0.5791,0.6605
-3.1806,-7.5874,-7.4725,0.0546,0.8645,0.7491
-3.0656,-7.9706,-7.3958,0.0583,0.9118,0.7066
-2.6441,-7.5874,-7.1659,0.2380,0.8268,0.6605
-2.9507,-7.2425,-6.9743,0.2708,0.6799,0.6714
-3.6787,-6.5911,-6.7827,0.2064,0.4614,0.6544
-4.4452,-6.0929,-6.5145,0.2185,0.2586,0.6071
-4.7517,-5.5948,-6.8977,0.1906,0.1372,0.6046
-4.7900,-5.1349,-7.0893,0.1372,0.1202,0.6496
-4.8667,-4.9433,-7.0126,0.1554,0.3230,0.6860
-4.7517,-4.7517,-6.8593,0.1166,0.5658,0.7418
-4.7900,-4.8284,-7.3958,0.1105,0.6836,0.7843
-4.9050,-5.4415,-7.7790,0.0716,0.7722,0.7552
-4.4068,-7.0893,-7.9323,0.0680,0.5524,0.6921
-3.8320,-7.7790,-7.6641,0.1663,0.4189,0.6569
-2.9507,-7.4725,-7.4341,0.2064,0.4942,0.6544
-2.0693,-6.7444,-7.1659,0.3485,0.6229,0.6168
-2.4142,-5.3265,-6.9743,0.3885,0.7673,0.5852
-2.9123,-4.8667,-6.9743,0.2708,0.7904,0.5245
-3.6021,-5.0966,-7.1659,0.1081,0.8123,0.5124
-3.7937,-5.7097,-7.2809,0.1396,0.8620,0.5779
-3.9087,-5.4415,-8.0473,0.2198,0.9810,0.6617
-4.3685,-5.4032,-8.1239,0.2975,1.0660,0.7346
-4.2536,-6.2079,-8.2005,0.4225,1.1000,0.8268
-3.8704,-6.0163,-8.0856,0.5901,1.1510,0.8341
-3.9470,-5.7864,-7.7024,0.4480,1.1971,0.7625
-3.9853,-5.9013,-7.8173,0.3072,1.1219,0.6969
-3.9087,-6.0929,-8.1239,0.2793,1.0150,0.6411
-3.9853,-6.3612,-8.0089,0.2756,0.9264,0.5779
-3.9853,-6.5528,-8.0473,0.2841,0.8572,0.4942
-4.0236,-6.3995,-8.3538,0.2392,0.8256,0.4128
-4.0620,-6.5911,-8.6221,0.2283,0.7819,0.3460
-4.0620,-7.2042,-8.8137,0.2173,0.7516,0.2914
-3.7171,-7.1659,-8.5838,0.3230,0.7163,0.2525
-3.5255,-6.7444,-8.6987,0.3752,0.6581,0.2003
-3.6404,-6.3995,-8.9286,0.3691,0.5476,0.1493
-2.9507,-6.2845,-8.3538,0.3472,0.4432,0.1056
-3.0656,-6.1313,-8.3538,0.3533,0.4395,0.0559
-3.2189,-6.1696,-8.4688,0.3375,0.4165,0.0000
-3.3339,-6.2079,-8.5454,0.2853,0.3946,-0.0182
-3.2955,-6.8977,-8.7370,0.2453,0.3485,-0.0134
-3.1039,-7.2809,-8.5838,0.2744,0.2817,-0.0219
-2.7207,-7.2809,-8.2772,0.3400,0.2489,-0.0425
-3.2572,-6.6294,-7.8557,0.3885,0.2368,-0.0668
-3.0656,-6.3995,-7.8173,0.3424,0.1894,-0.0813
-3.1423,-6.5911,-7.7024,0.3412,0.0838,-0.0996
-3.3339,-6.7061,-7.5491,0.3509,-0.0243,-0.1384
-3.4871,-6.9360,-7.3192,0.3618,-0.1190,-0.1663
-3.7937,-6.7827,-7.1276,0.4432,-0.1821,-0.1773
-3.8704,-6.7827,-7.2425,0.5585,-0.2659,-0.1469
-3.4871,-6.4761,-7.2042,0.6131,-0.2841,-0.1275
-2.7974,-6.5528,-6.9743,0.5913,-0.2453,-0.1238
-2.4908,-6.7444,-7.0893,0.5403,-0.2355,-0.1299
-2.5675,-6.9743,-6.8210,0.4905,-0.2234,-0.1651
-2.1843,-6.8977,-6.6294,0.4905,-0.1991,-0.1663
-2.1076,-6.7827,-6.5528,0.4359,-0.1348,-0.1797
-1.6095,-7.2042,-6.8593,0.3266,-0.0741,-0.1979
-1.7244,-7.7790,-6.8977,0.2198,0.0012,-0.2064
-1.9543,-8.3155,-7.1659,0.2185,0.0158,-0.2246
-2.1459,-8.4688,-7.0126,0.2793,0.0437,-0.2428
-2.1843,-8.4688,-6.7061,0.3485,0.0886,-0.3047
-1.9160,-8.0856,-6.6294,0.3557,0.1578,-0.3764
-2.0310,-8.2005,-6.4378,0.3290,0.2064,-0.4140
-2.1843,-8.2005,-6.0546,0.2902,0.2222,-0.4201
-1.8777,-8.2772,-5.8630,0.2708,0.2562,-0.4480
-1.6478,-8.5071,-5.9396,0.2610,0.2610,-0.4917
-1.3795,-8.6221,-5.8247,0.2938,0.2756,-0.5027
-1.9160,-8.4305,-5.8247,0.3181,0.2938,-0.5646
-1.8777,-8.6221,-5.7097,0.2938,0.2720,-0.5840
-1.9160,-8.9286,-5.7480,0.2538,0.3072,-0.5840
-2.2226,-9.1969,-5.8630,0.2744,0.3363,-0.5876
-1.7627,-9.1202,-5.8247,0.3217,0.3302,-0.5864
-1.6861,-9.3118,-5.9396,0.3230,0.3351,-0.5536
-1.6861,-9.3502,-5.6714,0.3424,0.3145,-0.5221
-1.3029,-9.5801,-5.8630,0.3497,0.1845,-0.4917
-0.9197,-9.4651,-5.5564,0.3727,0.0971,-0.4954
-0.5748,-9.0436,-5.4415,0.4298,0.0340,-0.5391
-0.3449,-8.2772,-5.2882,0.4395,0.0352,-0.5840
-0.1916,-8.0473,-5.0583,0.4019,-0.0012,-0.6059
-0.0766,-8.6221,-5.0966,0.2950,0.0024,-0.5937
0.1150,-9.1969,-5.1349,0.2756,0.1068,-0.5597
0.2299,-9.6950,-5.1732,0.2586,0.2343,-0.5063
0.4982,-9.6950,-4.9433,0.2805,0.3266,-0.4395
0.3449,-9.1969,-5.0583,0.3254,0.3193,-0.3752
0.1916,-8.6221,-5.2116,0.3047,0.2865,-0.3132
0.0766,-8.8137,-5.7480,0.2052,0.2695,-0.2343
0.3832,-9.7334,-6.0546,0.1020,0.2732,-0.1493
0.7281,-10.0782,-5.9013,0.0898,0.3205,-0.0826
1.1113,-10.1932,-5.5564,0.0862,0.3825,-0.0340
1.1879,-10.0782,-5.3648,0.0923,0.4711,-0.0036
0.5365,-9.9633,-5.5948,0.0643,0.4577,-0.0097

