-.-.-
-0.0383,-9.6184,-0.6514,-0.0959,0.0194,0.0061
-0.0766,-9.4651,-0.8047,-0.0947,0.0219,0.0073
-0.1150,-9.4651,-0.8047,-0.0947,0.0170,0.0049
-0.1533,-9.5418,-0.5365,-0.1032,0.0170,0.0061
0.0000,-9.5418,-0.6514,-0.1202,0.0267,0.0036
-0.0383,-9.6567,-0.8814,-0.1287,0.0267,0.0085
-0.1150,-9.6184,-0.9197,-0.1299,0.0097,0.0121
-0.1916,-9.4268,-0.9197,-0.1081,0.0146,0.0097
-0.0766,-9.5418,-0.8430,-0.1226,0.0267,0.0012
-0.1150,-9.5034,-0.4598,-0.1311,0.0206,0.0049
-0.1916,-9.5801,-0.8047,-0.1348,0.0085,0.0146
-0.0383,-9.5034,-0.6131,-0.1251,0.0024,0.0109
-0.1150,-9.5418,-0.8430,-0.1384,-0.0012,0.0085
-0.0383,-9.4651,-0.8814,-0.1566,0.0036,0.0073
0.0383,-9.7334,-0.9197,-0.1688,0.0085,0.0085
-0.0766,-9.4268,-0.9580,-0.1712,0.0109,0.0049
-0.1533,-9.5034,-0.9197,-0.1833,0.0085,0.0073
-0.1533,-9.3885,-1.0346,-0.1991,-0.0024,0.0097
-0.1533,-9.5801,-1.1879,-0.2064,0.0049,0.0146
-0.0766,-9.4268,-0.9197,-0.2185,0.0109,0.0134
-0.0383,-9.5801,-1.0730,-0.2258,0.0158,0.0109
-0.1916,-9.5801,-1.1113,-0.2210,0.0182,0.0073
-0.1533,-9.5034,-1.1496,-0.2137,0.0121,0.0049
-0.1916,-9.5034,-1.0730,-0.2161,0.0206,-0.0049
-0.1533,-9.4651,-1.0730,-0.2428,0.0231,-0.0061
-0.0766,-9.6950,-1.1879,-0.2574,0.0219,-0.0085
-0.1150,-9.6567,-1.0730,-0.2453,0.0121,-0.0134
-0.2299,-9.6950,-1.1496,-0.2137,0.0085,-0.0170
-0.0766,-9.6567,-1.1113,-0.2113,0.0121,-0.0134
-0.2299,-9.4651,-1.3412,-0.2489,0.0121,-0.0085
-0.0766,-9.5418,-1.4179,-0.2562,0.0134,-0.0024
0.0383,-9.5034,-1.5328,-0.2586,0.0243,0.0024
-0.1533,-9.6184,-1.5328,-0.2501,0.0389,0.0012
-0.2682,-9.5418,-1.6095,-0.2489,0.0316,0.0024
-0.2682,-9.6184,-1.7244,-0.2477,0.0267,0.0000
-0.3066,-9.5034,-1.6095,-0.2416,0.0182,0.0036
-0.0766,-9.4651,-1.7627,-0.2404,0.0085,0.0049
-0.0766,-9.5801,-1.8394,-0.2671,0.0146,-0.0049
0.0766,-9.5801,-1.6095,-0.3011,0.0364,0.0000
0.2299,-9.5034,-1.8394,-0.2756,-0.0036,0.0000
-0.1916,-9.4651,-1.9927,-0.2987,-0.0255,0.0097
-0.1150,-9.3502,-2.1459,-0.3302,0.0036,0.0158
-0.0766,-9.4268,-1.9160,-0.3679,0.0413,0.0219
-0.0383,-9.3502,-1.9927,-0.3958,0.0474,0.0389
-0.0766,-9.4268,-2.2609,-0.4152,0.0291,0.0534
-0.2682,-9.3502,-2.4142,-0.4213,0.0243,0.0619
-0.3449,-9.3885,-2.0693,-0.4419,0.0134,0.0571
-0.3066,-9.5034,-2.2609,-0.4504,0.0085,0.0619
-0.3066,-9.4268,-2.3375,-0.4687,0.0121,0.0716
-0.3832,-9.4268,-2.1843,-0.5075,0.0000,0.0826
-0.2682,-9.4268,-2.0310,-0.5002,0.0109,0.0983
-0.0766,-9.3502,-2.2609,-0.5014,0.0243,0.1068
-0.3066,-9.3118,-2.3759,-0.5658,0.0449,0.0959
-0.3066,-9.2352,-2.4908,-0.6860,0.0595,0.0898
-0.3449,-9.3885,-2.5291,-0.7637,0.0510,0.0886
-0.4598,-9.3502,-2.8740,-0.7698,0.0340,0.0935
-0.2299,-9.5034,-2.7974,-0.7977,0.0680,0.1105
-0.0766,-9.6567,-3.1039,-0.8329,0.1287,0.1190
-0.0766,-9.4651,-3.6404,-0.8827,0.1530,0.1008
-0.2682,-9.8866,-3.7171,-0.9519,0.1676,0.0862
-0.5748,-9.8100,-3.6021,-0.9689,0.2040,0.0789
-0.3832,-9.7334,-3.7937,-0.9458,0.2149,0.0668
-0.4215,-9.7334,-3.9087,-0.9300,0.1870,0.0486
-0.6131,-9.5801,-4.1003,-0.8790,0.1554,0.0219
-0.4982,-9.5801,-4.2919,-0.8487,0.1700,0.0085
-0.3066,-9.5418,-4.5984,-0.8135,0.2198,0.0085
-0.2299,-9.4268,-5.2116,-0.8001,0.1906,0.0158
-0.4215,-9.3502,-5.4798,-0.7843,0.1627,0.0158
-0.4982,-9.4651,-5.9396,-0.7698,0.1591,-0.0024
-0.5365,-9.5801,-6.0163,-0.7333,0.1651,0.0012
-0.8047,-9.5801,-6.1696,-0.7431,0.0935,0.0231
-1.1113,-9.5801,-6.3995,-0.7625,0.0643,0.0546
-0.6131,-9.7334,-6.7444,-0.7661,0.0850,0.0607
-0.1916,-9.8483,-6.7444,-0.7771,0.0813,0.0267
-0.0383,-9.8483,-6.3612,-0.7176,0.1129,-0.0206
-0.3832,-9.3885,-6.0929,-0.6046,0.1530,-0.0668
-0.4598,-8.9670,-5.9013,-0.5002,0.2100,-0.0680
-0.4982,-8.6987,-5.9013,-0.4359,0.2064,-0.0413
-0.4982,-8.5454,-6.2079,-0.3776,0.1578,-0.0206
-0.2299,-8.4688,-6.1313,-0.3132,0.1433,-0.0158
-0.3449,-8.2005,-6.2462,-0.2550,0.1481,-0.0219
-0.4982,-8.0856,-6.1696,-0.2015,0.1238,-0.0206
-0.4598,-8.2389,-6.3229,-0.1578,0.0959,-0.0085
-0.3066,-8.1239,-6.2462,-0.1093,0.0789,-0.0097
-0.1916,-8.1239,-6.3995,-0.0680,0.0413,-0.0364
-0.1533,-7.8940,-6.4378,-0.0498,0.0534,-0.0777
0.1150,-7.8940,-6.3229,-0.0838,0.1226,-0.0959
0.3449,-8.1239,-6.2845,-0.0413,0.1845,-0.0935
0.2299,-8.3155,-5.7480,0.0874,0.2137,-0.0862
0.0000,-8.6604,-4.4452,0.2963,0.2440,-0.0813
-0.1916,-8.6987,-3.8704,0.5743,0.2404,-0.0777
-0.6898,-8.2005,-4.2152,0.7734,0.2064,-0.0571
-0.6898,-7.9706,-5.2116,0.7406,0.1785,-0.0243
-0.5748,-8.1622,-5.7097,0.5512,0.0996,-0.0158
-0.3832,-8.5071,-5.7864,0.4092,0.0000,-0.0206
-0.1916,-8.6604,-5.2882,0.5124,-0.0024,-0.0267
-0.0766,-8.5071,-5.1732,0.6289,0.0316,-0.0546
-0.0766,-8.4305,-5.1349,0.6277,0.0449,-0.0789
0.0383,-8.2772,-4.7900,0.6338,0.0631,-0.0765
-0.1533,-8.4688,-4.6751,0.6471,0.0668,-0.0643
-0.1150,-8.0856,-4.5601,0.6180,0.0571,-0.0583
-0.1150,-8.1239,-4.6368,0.5682,0.0474,-0.0607
-0.1533,-8.3155,-4.6751,0.5184,0.0219,-0.0656
-0.1916,-8.3921,-4.5984,0.4917,-0.0097,-0.0753
-0.1150,-8.4305,-4.6751,0.5197,-0.0243,-0.0741
0.0383,-8.2772,-4.6751,0.5318,-0.0097,-0.0728
0.1533,-8.3538,-4.4835,0.5160,-0.0024,-0.0801
0.1533,-8.5454,-4.6368,0.4832,-0.0279,-0.0874
0.0383,-8.8137,-4.2152,0.4893,-0.0498,-0.0874
-0.1916,-8.6604,-4.3685,0.5087,-0.0728,-0.0753
-0.1533,-8.7370,-4.0236,0.4942,-0.1008,-0.0692
-0.1150,-9.0053,-4.1386,0.4966,-0.1263,-0.0619
-0.1150,-9.0819,-3.8704,0.4808,-0.1493,-0.0510
0.0766,-9.2735,-3.6787,0.4966,-0.1506,-0.0522
0.0383,-9.2735,-3.6021,0.5209,-0.1433,-0.0425
-0.1150,-9.2352,-3.3722,0.5294,-0.1542,-0.0304
-0.0383,-9.2352,-3.2572,0.5476,-0.1603,-0.0206
0.0000,-9.3885,-3.0656,0.5549,-0.1603,-0.0206
0.0766,-9.3118,-2.9890,0.5427,-0.1457,-0.0170
0.0766,-9.3885,-2.9507,0.5634,-0.1396,-0.0158
0.1916,-9.2735,-2.8740,0.5719,-0.1336,-0.0073
0.1533,-9.1969,-2.6441,0.5961,-0.1214,0.0024
0.2682,-9.0819,-2.5291,0.6131,-0.1020,0.0000
0.1916,-9.0053,-2.6441,0.5913,-0.0911,-0.0267
0.1916,-9.4268,-2.6824,0.5488,-0.0728,-0.0304
0.1150,-9.6184,-2.2609,0.5257,-0.0668,-0.0073
0.2682,-9.2735,-2.0693,0.5779,-0.0583,0.0170
0.1916,-9.0819,-1.9927,0.6046,-0.0559,0.0134

