-.-.-
-1.9160,-9.0436,2.4525,-0.6666,0.3145,0.0656
-2.0310,-9.1586,2.3759,-0.8001,0.3375,0.0559
-1.8011,-9.1586,1.9160,-0.7698,0.3727,0.0838
-1.5711,-9.0436,2.1459,-0.7163,0.4043,0.1676
-1.0730,-9.1202,2.3375,-0.6556,0.4249,0.2307
-0.8047,-9.2735,2.2992,-0.6653,0.4589,0.2283
-0.5748,-9.4268,2.0693,-0.7455,0.4723,0.2052
-0.4598,-9.9633,1.2646,-0.8608,0.4456,0.1773
-1.0730,-10.2315,1.3029,-0.9410,0.4080,0.1651
-1.1113,-10.3465,1.1879,-0.9033,0.3740,0.1894
-0.9580,-10.2315,1.0730,-0.8693,0.3412,0.2015
-0.9580,-10.1166,0.8047,-0.8948,0.2938,0.2015
-0.8814,-9.8866,0.6131,-0.9385,0.2380,0.1858
-1.0346,-9.6950,0.2682,-1.0175,0.2003,0.1615
-1.5328,-9.6950,0.2299,-1.1316,0.1930,0.1627
-1.3412,-9.9633,0.0383,-1.1644,0.2295,0.1870
-1.5711,-9.7717,-0.6514,-1.1789,0.2513,0.2040
-1.9543,-10.0782,-1.1113,-1.2785,0.2428,0.1736
-2.4525,-10.1549,-1.0346,-1.2700,0.2137,0.1943
-2.1843,-10.0016,-1.3029,-1.1680,0.2938,0.2538
-2.1459,-10.2315,-1.3029,-1.0660,0.3375,0.2647
-2.2992,-10.2315,-1.4945,-0.9300,0.3084,0.2926
-2.3375,-10.1549,-1.9160,-0.8657,0.3132,0.3047
-1.3412,-10.4614,-2.2226,-0.8742,0.3837,0.2853
-1.7244,-10.0782,-2.8740,-0.8815,0.3788,0.2234
-1.4945,-9.9250,-3.2955,-0.9264,0.3715,0.1639
-0.9963,-9.6567,-3.7171,-0.9616,0.4237,0.1202
-0.6898,-9.7717,-3.9087,-0.9215,0.4674,0.0898
-0.9580,-9.9250,-3.6021,-0.8633,0.4262,0.0085
-1.4945,-10.0782,-3.2189,-0.8378,0.3363,-0.0146
-2.2609,-9.0436,-3.4488,-0.8463,0.1918,-0.0255
-2.2992,-9.1586,-3.5638,-0.8013,0.0911,-0.0061
-1.7627,-9.6567,-3.1423,-0.6678,0.1093,0.0000
-1.8011,-9.2735,-3.1806,-0.4905,0.1712,0.0449
-1.7244,-8.6221,-3.6787,-0.3885,0.1991,0.0559
-1.3412,-8.8903,-3.7171,-0.3497,0.2501,0.0595
-1.4562,-9.1969,-3.5255,-0.2841,0.2841,0.0449
-2.0310,-9.1969,-3.4105,-0.2003,0.3400,0.0219
-2.5291,-9.1969,-3.3339,-0.1591,0.3837,0.0413
-2.7207,-9.1969,-3.7171,-0.1202,0.3825,0.0789
-2.4525,-8.9286,-4.0236,-0.1081,0.3837,0.1360
-2.1076,-9.1969,-4.2152,-0.1214,0.4152,0.1882
-2.1076,-9.3502,-4.4068,-0.1469,0.4638,0.1906
-1.9927,-9.2352,-4.2919,-0.1833,0.4784,0.1882
-1.8011,-9.4268,-4.3685,-0.1372,0.4383,0.1930
-1.5328,-9.5418,-4.0620,-0.0352,0.4104,0.2015
-1.8011,-9.3885,-4.2536,0.0643,0.3837,0.1639
-1.8777,-9.1586,-4.3685,0.0753,0.3327,0.1591
-1.6478,-9.4268,-4.4452,0.1396,0.2756,0.1663
-1.4945,-9.5034,-4.3685,0.2234,0.2780,0.1797
-1.3795,-9.0053,-4.2919,0.2598,0.2756,0.1603
-1.8394,-8.8520,-4.2152,0.2793,0.2331,0.1360
-1.9160,-8.8520,-3.6404,0.2756,0.2125,0.1348
-2.2226,-8.6604,-3.4488,0.2902,0.1542,0.1032
-2.1459,-8.6221,-3.4488,0.2950,0.1445,0.0656
-2.3759,-8.7370,-3.3722,0.3205,0.1178,0.0364
-1.9543,-8.6987,-3.4105,0.3800,0.0996,0.0583
-1.6095,-8.6987,-3.4871,0.4237,0.1190,0.0996
-1.5711,-8.7754,-3.4488,0.4492,0.1712,0.1068
-1.9543,-8.7370,-3.5638,0.4104,0.2100,0.0886
-1.8777,-8.6987,-3.2955,0.4249,0.2380,0.1008
-1.9543,-8.6221,-3.1806,0.5027,0.2465,0.1178
-1.8394,-8.5071,-2.9123,0.4905,0.2198,0.1676
-2.6058,-8.2389,-3.0656,0.5051,0.2161,0.1773
-2.9123,-8.3155,-3.0273,0.4699,0.1578,0.1724
-3.1423,-8.2389,-2.9890,0.4662,0.0813,0.2052
-2.8357,-8.3155,-2.8740,0.5039,0.0704,0.2975
-2.1459,-8.6221,-3.0273,0.5864,0.1044,0.3387
-2.2609,-8.4688,-2.9890,0.5536,0.1141,0.3315
-2.8740,-8.4688,-2.8357,0.5379,0.0486,0.2914
-3.5255,-8.5454,-2.7207,0.5561,-0.0121,0.2756
-3.8704,-8.5838,-2.6824,0.5294,-0.0073,0.2841
-3.9470,-8.4305,-2.6824,0.4116,-0.0085,0.2999
-3.7937,-8.5838,-2.7591,0.2671,0.0134,0.3436
-3.0656,-8.4688,-2.7974,0.1967,0.0741,0.4067
-2.9123,-8.2389,-2.6441,0.0983,0.2088,0.3776
-2.3375,-8.2772,-2.9123,0.0449,0.3339,0.4249
-2.2226,-8.2772,-3.2955,-0.0012,0.4844,0.4334
-2.0693,-8.5454,-3.0656,-0.0862,0.6241,0.4638
-2.2992,-9.1202,-2.1843,0.0024,0.7552,0.5160
-2.6824,-9.3885,-2.2226,0.2550,0.8511,0.5670
-2.8357,-9.5034,-2.7974,0.3727,0.9932,0.6192
-2.6441,-9.3118,-2.7974,0.4177,1.1364,0.6399
-2.9507,-8.7754,-2.8740,0.4043,1.2627,0.5840
-3.4871,-8.0856,-2.9890,0.3655,1.3866,0.5112
-3.4105,-7.7790,-3.1039,0.2659,1.4545,0.4249
-3.4871,-7.2425,-3.0656,0.0935,1.5456,0.3424
-3.4488,-7.0509,-2.9507,-0.0559,1.6197,0.2525
-3.8320,-7.3192,-3.0273,-0.1251,1.6403,0.1445
-4.4835,-7.5108,-3.5255,-0.1566,1.5201,0.0304
-5.2882,-7.8940,-3.6404,-0.2368,1.2676,-0.0595
-5.7480,-8.1622,-3.3339,-0.2307,0.9215,-0.0753
-5.9396,-8.6221,-2.9123,-0.1141,0.6034,-0.1093
-5.5948,-8.7754,-3.1423,0.0012,0.3570,-0.1226
-4.3302,-8.7370,-3.6787,0.0389,0.2671,-0.1238
-3.9087,-8.8137,-3.9087,-0.0267,0.1700,-0.1275
-3.4488,-8.8520,-3.4105,-0.0631,-0.0061,-0.1384
-2.9507,-9.0053,-3.2189,-0.0231,0.0425,-0.1821
-2.5675,-8.5838,-3.2572,0.0461,0.1967,-0.2246
-2.6441,-8.5838,-3.6787,0.1372,0.3995,-0.1870
-2.8740,-8.9670,-3.7937,0.1809,0.4905,-0.1105
-3.0656,-8.9670,-3.7171,0.1202,0.5136,-0.0474
-3.5638,-9.1969,-3.5638,0.0935,0.5245,0.0449
-3.7937,-9.2735,-3.3722,0.1469,0.5172,0.1214
-4.1769,-8.5838,-3.1039,0.1688,0.4844,0.0947
-4.5218,-8.2005,-2.9890,0.1117,0.3995,0.0498
-3.4105,-8.0473,-2.9507,0.1008,0.3217,0.0461
-2.8740,-7.5491,-2.4908,0.0777,0.2695,0.0085
-3.6787,-8.0089,-3.4871,0.0486,0.1797,-0.0401
-3.2955,-8.0473,-3.7171,-0.0728,0.1506,-0.0340
-3.4105,-8.7370,-3.4105,-0.1554,0.1166,-0.0316
-3.9853,-9.1202,-2.5675,-0.0886,-0.1190,-0.1056
-4.4835,-9.4268,-2.7207,0.0437,-0.3424,-0.1287
-3.7937,-9.3885,-2.9123,0.1906,-0.5099,-0.1518
-3.8320,-9.6567,-2.9890,0.1469,-0.6714,-0.1396
-3.4105,-9.5801,-3.4871,0.0971,-0.9762,-0.1870
-2.8740,-8.7370,-4.6751,-0.0243,-1.1474,-0.2890
-4.0620,-8.6221,-2.7591,-0.2161,-0.9907,-0.1773
-3.1039,-8.7754,-2.1459,-0.2428,-1.1644,-0.1676
-1.3412,-9.8483,-3.0273,0.0595,-1.1729,-0.1190
-1.4179,-9.0819,-3.1423,0.2319,-1.0466,-0.2987
-1.6095,-8.3155,-3.7554,0.0692,-0.9652,-0.5500
-2.9123,-7.6641,-3.2572,-0.3108,-1.0442,-0.6702
-3.0656,-8.0856,-2.0310,-0.5269,-0.9264,-0.4954
-2.7207,-8.7370,-1.6478,-0.3691,-0.7698,-0.3849
-2.2226,-8.8137,-2.1076,-0.2562,-0.7212,-0.4480
-2.2609,-9.2352,-2.0310,-0.3023,-0.6921,-0.5403
-2.3375,-9.4268,-2.0310,-0.2683,-0.6908,-0.5791

