-.-.-
0.0383,-13.7187,3.4871,-0.4954,0.9203,-0.0716
1.0730,-14.6767,2.7974,0.0146,0.5609,-0.0996
3.2572,-14.5617,-0.7664,0.4274,0.5743,-0.2003
3.8704,-15.1365,-4.2152,-0.2817,1.4873,-0.5634
1.8011,-15.5964,-4.4068,-1.3222,2.0810,-0.9531
-0.1150,-15.1748,-4.2152,-1.0381,1.5201,-0.9592
-2.2992,-12.4541,-3.7937,0.6993,0.4092,-0.5342
-4.3685,-8.8137,-3.7554,2.4708,-0.3181,0.0474
-4.8284,-5.9780,-2.5291,2.3967,-0.5014,0.2489
-3.2189,-5.6331,0.1533,0.4662,-0.8414,0.1518
0.0766,-8.2389,0.9197,-1.1498,-1.2384,-0.0182
2.6824,-11.0746,-0.4982,-1.6051,-0.7977,-0.0765
4.1769,-12.3775,-1.4562,-1.3003,-0.2076,0.2319
4.7134,-11.4961,-1.6478,-0.5488,-0.1591,0.6326
3.1039,-9.1202,-0.7664,0.4395,-0.3302,0.7297
1.6861,-6.2845,-0.1916,1.0854,-0.3060,0.4857
0.5365,-3.7937,0.0383,1.0442,-0.0012,0.1845
-0.3066,-2.8740,0.1533,0.3922,0.4917,0.0571
-0.8814,-4.2152,0.3832,-0.5403,0.8669,0.0352
-1.1496,-6.0546,0.3832,-0.9567,0.9446,0.0777
-0.9580,-7.5491,0.3066,-0.7188,0.9276,0.1251
-0.3832,-8.8520,0.5365,-0.2125,0.8827,0.0692
0.1150,-9.7717,1.1113,0.1020,0.8790,-0.0728
0.4215,-10.4231,1.6095,0.1943,0.9531,-0.2113
0.1150,-10.6530,1.7244,0.2780,1.1012,-0.3193
-1.2646,-10.5764,1.4179,0.4286,1.1656,-0.3521
-2.9123,-10.4614,1.8011,0.5986,0.8936,-0.2950
-4.2919,-10.4998,3.2189,0.5330,0.2623,-0.0219
-4.0236,-11.7643,4.1386,0.0486,-0.4589,0.4092
-2.8357,-13.9486,4.3685,-0.2574,-0.8220,0.7139
-2.4525,-15.2132,2.4525,0.1700,-1.0041,0.5852
-1.1496,-14.3701,-1.3029,0.3460,-1.5347,0.3327
1.4179,-13.0289,-4.3685,-0.4274,-1.4460,0.2768
3.7171,-12.1859,-5.2116,-0.8038,-0.4007,0.3958
3.8704,-11.2279,-5.0200,-0.2355,0.8487,0.4019
3.2189,-9.9250,-4.7900,0.6848,1.3331,0.2538
1.5328,-9.2352,-2.9507,0.9422,1.2129,0.2598
-1.6861,-9.0436,-0.1916,0.3460,0.8050,0.1481
-4.7517,-10.3082,1.7244,-0.4225,0.3570,-0.2210
-6.5528,-11.8793,1.1113,-0.9215,-0.1093,-0.6046
-5.9780,-11.6111,-0.4982,-0.8973,-0.3545,-0.8013
-2.9507,-9.2352,-1.9160,0.0243,-0.5148,-0.6083
-0.4215,-6.5145,-2.1459,1.0150,-0.7176,-0.2647
1.7244,-4.0236,-1.0346,1.2736,-0.8633,-0.0826
2.4142,-2.4908,0.2682,0.7564,-0.9847,-0.0097
2.7974,-2.5291,1.1496,-0.1761,-1.0964,-0.0923
1.7244,-4.2152,1.3029,-0.9142,-1.1231,-0.2246
0.8814,-6.5528,1.0730,-1.2688,-1.1182,-0.2440
0.4598,-8.8137,0.8430,-1.0223,-1.0684,-0.1845
0.2299,-10.3848,1.1879,-0.3897,-1.0624,-0.0474
0.4982,-10.9596,1.6095,0.3533,-1.0672,0.1190
0.9963,-10.3465,2.1076,0.8560,-1.0369,0.2525
2.2609,-8.8137,1.2263,0.8693,-0.8317,0.2185
2.2992,-8.4305,0.7664,0.3497,-0.3812,0.0983
2.7974,-9.2735,1.1113,-0.4201,0.1238,-0.1263
2.6441,-11.6877,2.6824,-0.9021,0.5840,-0.2513
1.4945,-14.1785,4.4068,-0.6823,0.7200,-0.4116
-0.9197,-14.6767,4.1386,0.2574,0.5282,-0.2865
-0.2299,-13.6804,-0.4598,0.9337,0.5549,-0.0316
1.1496,-13.4888,-4.0236,-0.1858,1.4120,-0.2659
-0.2299,-14.4084,-4.5984,-1.5152,1.7544,-0.7649
-1.6861,-15.5964,-5.1349,-1.4837,0.8924,-1.0478
-4.2919,-14.3701,-5.0583,-0.0182,-0.5998,-0.8426
-5.0583,-10.8063,-4.5601,2.1685,-1.6488,-0.2295
-3.1039,-7.6257,-2.7207,2.2644,-1.5978,0.2100
0.6131,-6.3995,0.3449,0.4444,-1.2627,0.4978
3.8704,-7.7024,1.1496,-1.0636,-1.1486,0.6253
4.9816,-10.2698,-0.4598,-1.7751,-0.8074,0.6556
4.5601,-11.5344,-2.0693,-1.5152,-0.5500,0.6641
2.7974,-10.1932,-2.1843,-0.2853,-0.3982,0.6095
0.4598,-7.7024,-1.2263,1.0745,-0.1797,0.3594
-1.1496,-5.0200,-0.2682,1.4691,0.1202,0.1469
-2.1459,-3.1423,0.9580,0.9057,0.3630,0.0862
-2.1076,-3.4105,1.2646,-0.1202,0.4395,0.1469
-1.0346,-5.3265,0.9963,-0.9786,0.4541,0.3084
-0.2299,-7.5108,0.6898,-1.1486,0.4638,0.3557
0.0383,-9.0053,0.3449,-0.7139,0.5099,0.2562
-0.0383,-9.7334,0.3449,-0.0121,0.6229,0.0777
0.0383,-9.6950,0.8047,0.4577,0.7576,-0.1700
-0.6514,-9.0436,1.7627,0.6095,1.0175,-0.3910
-2.0310,-8.6604,1.9160,0.4626,1.2008,-0.4274
-3.4105,-9.4268,1.9543,0.1226,0.7819,-0.2562
-3.5638,-11.4578,2.4525,-0.3630,-0.1566,0.1105
-3.6404,-14.2552,3.8320,-0.4662,-1.0648,0.4929
-2.6441,-16.0179,4.5218,0.1603,-1.3052,0.7855
-1.9543,-14.9066,2.7591,1.2833,-1.0466,0.6326
-0.6898,-12.3391,-3.1039,1.4266,-1.1971,0.5318
1.7627,-11.3428,-6.4761,-0.5039,-1.4655,0.5731
3.1806,-12.5691,-7.2042,-2.3324,-1.0090,0.5597
3.7554,-13.7570,-5.6714,-1.5274,-0.0134,0.4371
2.7591,-12.8756,-3.2572,1.3003,0.6823,0.2125
1.5328,-9.9250,-1.7627,2.7755,0.7928,0.1178
-0.3449,-7.3958,-0.5365,1.8783,0.6423,0.0352
-2.4908,-7.5491,0.8047,-0.0947,0.5767,-0.2343
-3.2189,-10.2315,0.1150,-1.7059,0.4772,-0.5002
-3.2955,-12.2625,-0.8430,-2.0337,0.3982,-0.6034
-2.5675,-10.9213,-1.2263,-1.0296,0.0389,-0.4334
-1.3795,-8.3538,-1.3412,0.5391,-0.3521,-0.1481
-0.4598,-5.8630,-0.3832,1.2979,-0.4966,-0.0073
0.2299,-3.8320,0.6514,0.9640,-0.4662,-0.0024
0.9580,-3.2955,1.2263,0.0923,-0.3910,-0.1263
1.0730,-4.4452,1.1496,-0.7200,-0.4626,-0.3278
1.1496,-6.0163,0.4598,-1.0794,-0.6872,-0.4371
0.9197,-7.5108,0.2299,-1.0005,-0.8450,-0.3606
0.4598,-8.6604,0.9197,-0.5609,-0.8511,-0.1578
0.0766,-9.1586,1.9543,-0.0595,-0.7661,0.0741
-0.2682,-8.7370,2.6441,0.3885,-0.7054,0.2477
-0.3832,-7.9706,1.6095,0.4723,-0.7503,0.3242
0.3449,-8.3155,0.3066,-0.0716,-0.8110,0.3266
1.9543,-9.9250,-0.6514,-0.8341,-0.5852,0.2246
3.1039,-12.9906,0.8047,-0.9434,0.1153,0.0813
2.9123,-16.3245,2.8357,-0.3230,0.5925,-0.1943
2.0310,-16.0179,3.4871,0.7758,0.7066,-0.4092
1.8777,-13.9103,-0.4982,1.4011,0.9737,-0.4504
1.9927,-13.1822,-3.1806,0.2137,1.8904,-0.7054
-0.1916,-14.1402,-3.2189,-1.3441,2.4429,-1.1801
-1.2646,-14.7150,-3.4105,-1.6585,1.6609,-1.0842
-2.6441,-13.2205,-4.2536,-0.6034,0.2489,-0.4152
-3.3722,-10.9979,-4.9433,1.4363,-0.7807,0.1748
-3.1423,-8.1239,-4.2919,2.3178,-0.8790,0.3995
-0.9963,-6.3612,-1.4562,1.2494,-0.8548,0.4602
1.4945,-7.2425,0.8047,-0.0668,-0.8584,0.3582
3.6021,-9.4651,0.9963,-0.8960,-0.5828,0.2453
4.2536,-10.4998,-0.2682,-1.0514,0.0231,0.3594
3.6787,-9.9633,-1.4179,-0.5937,0.2987,0.5840
1.8011,-8.3538,-1.6861,0.0328,0.0279,0.5767
-0.3449,-6.1313,-1.3412,0.5488,-0.1323,0.2938
-1.5328,-4.6368,-0.4982,0.5512,0.0862,0.0898

