-.-.-
-0.0766,-8.4688,-0.5365,-0.1299,0.6399,0.3861
0.2682,-8.9286,-0.5748,-0.1882,0.6836,0.3096
0.3449,-8.8903,-0.6898,-0.2076,0.7176,0.2028
0.0766,-9.1202,0.0000,-0.2185,0.7127,0.0935
-0.2682,-8.6604,0.7281,-0.1493,0.6969,0.0328
-0.1150,-9.1202,0.9197,-0.0474,0.7176,-0.0474
-0.0383,-9.3118,0.6898,0.0571,0.7309,-0.1238
0.3449,-9.5034,0.6514,0.0352,0.7418,-0.0996
-0.0766,-9.7717,0.3449,-0.0328,0.6799,-0.1166
-0.6898,-10.7297,-1.1879,-0.2538,0.4298,-0.0801
-0.3832,-11.4195,0.7281,-0.4298,0.3885,0.0121
-0.5365,-10.6914,2.3375,-0.0850,0.3570,0.1008
-0.1533,-11.1512,1.3412,-0.0316,0.2489,0.2671
-1.5711,-13.6037,-1.4562,-0.2829,0.1700,0.3885
0.0000,-15.0599,-1.9927,-0.5039,-0.3035,0.7758
-0.0383,-11.5727,0.6898,-0.0886,-0.4626,1.0891
1.1879,-10.2698,-0.4215,-0.0947,-0.2416,0.9847
-0.0383,-10.5764,-4.2919,-0.0607,-0.0206,0.6520
-0.1150,-8.9670,-6.3612,-0.1360,0.1724,0.4905
-0.0383,-8.2772,-3.2572,-0.4080,0.5051,0.4881
0.8047,-10.0782,-1.8777,-0.4504,0.4055,0.4322
1.0346,-13.2588,-1.1496,-0.1833,0.2756,0.2598
0.6131,-12.4158,-1.9160,0.4577,0.1056,0.0680
-0.7664,-9.6567,-2.1459,0.5342,0.0085,-0.0874
-1.1113,-8.2389,-1.3029,-0.0959,-0.0231,-0.3290
-1.3795,-8.5838,-1.8394,-0.2161,0.0267,-0.5124
-0.9197,-9.4268,-2.7591,-0.2513,0.0631,-0.5536
-0.1533,-9.3118,-1.9927,-0.2416,0.0255,-0.4869
0.5365,-8.7754,-1.0730,-0.0911,-0.0643,-0.4456
0.8814,-8.3155,-1.1496,-0.0704,-0.1833,-0.4529
0.8430,-8.5838,-0.6514,-0.0971,-0.2015,-0.4747
0.6898,-9.3885,-0.1533,-0.0012,-0.1870,-0.4699
0.4982,-9.2735,-0.5365,0.1202,-0.2635,-0.4419
-0.0383,-8.7370,-0.1916,0.2015,-0.3618,-0.3606
-0.2299,-8.1622,0.3832,0.2914,-0.4080,-0.2428
0.0383,-8.0089,0.6514,0.3885,-0.4237,-0.1044
0.1533,-8.3538,0.6131,0.4419,-0.4334,0.0486
0.0383,-8.9286,0.6898,0.3922,-0.5099,0.1433
0.0383,-9.3885,0.7281,0.3290,-0.6581,0.1421
0.9580,-10.2698,-0.4215,0.1639,-0.6095,0.1299
1.8777,-11.3045,-0.7281,-0.2040,-0.4589,0.0194
2.2992,-11.9943,1.3029,-0.2659,-0.2926,-0.1481
2.3759,-11.0363,1.5711,-0.0923,0.0401,-0.3436
2.2609,-11.3045,0.2682,-0.2841,0.2914,-0.5172
1.7627,-14.2168,0.0000,-0.6119,0.3327,-0.6690
0.5365,-15.0982,1.2263,-0.5367,0.4249,-0.9349
-0.2299,-14.3318,0.0766,-0.3339,0.4213,-1.0454
-0.6131,-13.3355,-1.4562,-0.2829,0.2258,-1.0114
1.5711,-10.1549,-4.7900,-0.1202,-0.0704,-0.7588
1.5328,-5.7097,-6.0929,-0.3254,-0.5063,-0.6265
0.6131,-5.2499,-3.6021,-0.6933,-0.7564,-0.4650
-0.6131,-10.2315,-1.1879,-0.7953,-0.6921,-0.2732
-0.1916,-14.1019,0.1916,-0.3023,-0.6350,-0.1129
1.4562,-12.4158,-2.5675,0.7358,-0.3509,-0.0097
2.9507,-9.5418,-3.5638,0.7382,-0.2015,0.0728
3.2189,-8.4688,-2.2226,0.0971,-0.4492,0.2647
2.1843,-8.7754,-1.5328,0.0777,-0.4844,0.4687
1.5328,-8.7370,-1.5711,0.1396,-0.3278,0.5779
0.5748,-8.4305,-1.3029,0.1785,-0.1384,0.5682
0.0383,-7.9323,-1.3029,0.0789,-0.0486,0.5075
-0.0383,-7.8940,-0.8814,-0.0255,0.0316,0.4942
0.0000,-8.5071,-0.5365,-0.0680,0.0716,0.4699
0.3449,-9.2352,-0.7281,-0.0668,0.1384,0.4128
0.5748,-9.1202,-0.6131,-0.0486,0.2331,0.3351
0.6131,-8.5838,-0.1150,-0.0401,0.3047,0.2501
0.3832,-8.4305,0.8047,0.0012,0.4237,0.1773
0.6514,-9.0819,0.8047,0.1360,0.5913,0.0983
0.9197,-9.4651,0.5748,0.2963,0.7564,0.0449
1.0730,-9.4268,0.2682,0.3266,0.8414,0.0036
-0.2682,-9.9250,-0.7281,0.1056,0.7370,-0.0255
-1.6095,-10.9596,-1.4179,-0.3254,0.4577,0.0049
-2.2992,-11.5727,1.9160,-0.3145,0.4347,0.1153
-1.8394,-10.2698,2.5675,0.0619,0.2890,0.2355
-1.4179,-10.5764,1.2263,-0.0413,0.1348,0.3740
-2.1459,-13.9103,-1.3795,-0.4347,0.0121,0.4444
-0.4598,-15.7496,-3.4488,-0.6714,-0.5439,0.7467
-0.3066,-12.5307,-0.3832,-0.0947,-0.8232,1.0830
0.6131,-10.7680,-0.9963,-0.2319,-0.6386,1.0381
-0.2682,-9.9633,-4.6751,-0.1493,-0.4626,0.7491
0.6514,-7.8940,-6.2845,-0.1918,-0.2598,0.7054
1.5711,-8.0473,-3.2189,-0.4262,0.0813,0.6811
2.4525,-11.3811,-1.7627,-0.5099,0.1153,0.4954
1.6861,-13.8720,-1.5711,-0.0559,0.0898,0.2319
0.4982,-12.2242,-2.2226,0.6981,-0.0255,0.0595
-1.1496,-9.8866,-2.1459,0.6714,-0.0680,-0.1178
-1.5328,-8.9286,-1.4179,0.0109,-0.1166,-0.3655
-1.4179,-8.7754,-1.8394,-0.0061,-0.0789,-0.4650
-0.8814,-8.3155,-2.2226,-0.0097,-0.0923,-0.4857
-0.1916,-8.4305,-1.4179,-0.0559,-0.2210,-0.3982
0.3449,-8.5454,-1.1113,0.0437,-0.2987,-0.3436
0.4982,-8.4688,-1.1496,-0.0012,-0.3193,-0.3776
0.5365,-8.3921,-0.7664,-0.1056,-0.3327,-0.4189
0.3449,-8.3538,-0.5748,-0.1056,-0.3545,-0.4152
0.4598,-8.5454,-0.1150,-0.0595,-0.4080,-0.3606
0.4598,-8.0856,-0.1150,-0.0036,-0.4553,-0.2768
0.6898,-7.8940,0.2299,0.0255,-0.4626,-0.1736
0.3066,-8.2389,0.9197,0.0461,-0.5160,-0.0291
-0.3449,-9.3118,0.7664,0.1178,-0.6726,0.1445
-0.6898,-10.0399,0.8047,0.2258,-0.8718,0.2853
-0.8814,-10.6914,-0.0383,0.2173,-0.9337,0.3764
-0.1150,-11.2662,-1.2646,-0.0134,-0.8511,0.2890
0.8814,-11.4961,0.2299,-0.2173,-0.7637,0.1068
2.3759,-11.1129,1.7627,-0.1736,-0.5027,-0.1700
2.6058,-10.3465,2.2609,-0.0510,-0.2829,-0.4735
2.8357,-11.1895,1.0346,-0.1991,-0.0668,-0.5937
2.6058,-13.2971,-0.3832,-0.5124,0.1141,-0.6763
3.5638,-13.9103,-0.7281,-0.5876,0.4602,-0.8560
3.4488,-12.8756,-1.8011,-0.4796,0.8912,-1.0466
2.2992,-10.9979,-2.4908,-0.4808,0.9009,-1.0442
1.6478,-9.1586,-4.9050,-0.3096,0.7382,-0.9397
0.3449,-6.3229,-5.5564,-0.1761,0.4917,-0.7807
-0.9580,-8.2005,-2.6824,-0.6192,0.0789,-0.5864
-1.3412,-13.2205,-1.1879,-0.3837,0.1469,-0.2477
-0.6514,-14.1402,-2.3375,0.3193,0.1651,-0.0389
1.2646,-11.7643,-3.7937,0.8050,0.1748,0.0728
2.7591,-8.9286,-2.9123,0.5500,0.2878,0.2331
2.9890,-8.1622,-2.1076,0.0680,0.3302,0.3412
2.3375,-8.0856,-1.9927,0.0328,0.3897,0.4140
1.5328,-9.1969,-1.6861,0.0498,0.5621,0.4602
0.7281,-9.4268,-1.4179,0.1930,0.6484,0.4565
0.4215,-8.8137,-1.0346,0.2659,0.7066,0.4092
0.2299,-8.0473,-0.5748,0.2392,0.7819,0.3982
0.3066,-8.1622,0.1150,0.2003,0.8548,0.3922
0.0766,-8.4688,-0.0383,0.1153,0.8863,0.3375
-0.2682,-8.3538,-0.3066,0.0704,0.9009,0.2756
-0.2682,-7.8940,0.4215,0.0898,0.9142,0.2040
-0.0383,-8.0856,0.9963,0.1627,0.9361,0.1578
-0.1533,-8.9286,0.6131,0.2307,0.9373,0.0801

