-.-.-
0.2299,-6.6294,-6.0929,-1.1729,-0.1858,-0.2331
0.0766,-5.4415,-7.2425,-1.6658,-0.1469,-0.2477
0.4215,-3.8704,-7.5108,-1.8030,-0.1093,-0.2331
0.6514,-2.0693,-6.9743,-2.0543,0.0182,-0.2865
0.3066,-0.3066,-4.7900,-2.2061,0.1663,-0.2963
-0.1916,0.8814,-2.1076,-2.1430,0.0886,-0.2695
-0.6514,0.8430,-0.1150,-1.9220,-0.1008,-0.2015
0.1916,-1.2263,-0.3832,-1.7824,-0.3315,-0.2052
0.4215,-3.6404,-2.9123,-2.0495,-0.4504,-0.2550
1.7244,-4.6368,-6.2845,-2.2085,-0.2319,-0.0704
2.4525,-4.6751,-9.1969,-2.1600,-0.0073,-0.0498
-0.0383,-6.4761,-6.7061,-2.1624,0.0959,-0.0716
-1.2646,-9.9633,-2.9890,-1.6391,-0.1275,-0.0097
0.1533,-10.4231,-5.0583,-0.7625,-0.2768,0.0801
1.1879,-10.0782,-7.0509,-0.8511,-0.2392,-0.0170
0.3449,-12.0326,-6.6677,-0.6508,-0.3934,-0.0352
-0.7664,-10.1166,-7.7407,0.1336,-0.4796,0.1870
-1.1113,-11.1512,-7.9706,0.2975,-0.3970,0.3825
0.0383,-13.4504,-9.8483,0.7989,-0.6666,0.6544
1.6478,-12.9139,-9.5801,1.5565,-0.5403,0.5816
0.4215,-14.0636,-8.8903,1.5250,-0.2635,0.3497
-1.4179,-20.1182,-8.3538,1.9863,-0.3740,-0.1858
-1.6478,-28.3954,-10.0016,2.8690,-0.8098,-0.9652
-1.5328,-6.2079,-25.5596,3.7383,-0.9543,-1.4752
-1.1879,-5.4032,-9.3118,0.9021,-0.0061,-0.0510
0.7664,-11.8027,-2.1459,-0.0243,-0.0291,0.3460
1.0730,-9.9633,0.3449,-0.4881,-0.0522,0.2635
0.1533,-8.2389,0.8430,-0.6241,0.0607,0.0498
-0.2682,-7.6257,-0.9197,-0.4869,0.1639,-0.1263
-0.4215,-8.3921,-2.2609,-0.1226,0.3412,-0.1663
-0.4598,-9.6567,-2.7974,0.2659,0.2926,-0.2562
-0.8047,-9.9633,-4.4835,0.7807,0.1676,-0.2938
-0.3449,-9.4651,-6.5145,1.0599,0.1773,-0.2307
-0.0766,-8.8137,-7.3958,0.9033,0.2598,-0.1591
0.1533,-8.4688,-7.5491,0.6168,0.3035,-0.1639
0.0000,-7.9706,-6.8210,0.4371,0.3509,-0.1518
0.2299,-7.5874,-5.6331,0.3278,0.3642,-0.0813
0.6898,-7.5874,-4.9433,0.2610,0.4189,-0.0134
1.0346,-7.7790,-4.6751,0.0765,0.5245,-0.0158
0.9963,-8.2005,-4.5601,-0.0389,0.6301,-0.0243
0.5748,-8.4688,-4.3302,0.0595,0.6277,-0.0340
0.1533,-8.6604,-4.5218,0.3181,0.5500,-0.0534
-0.0766,-8.6604,-4.9433,0.5743,0.4699,-0.0583
0.1150,-8.4688,-5.4032,0.6763,0.4213,-0.0826
0.3066,-8.0089,-5.8247,0.6399,0.3655,-0.1068
0.4598,-8.1622,-5.5181,0.5403,0.2938,-0.1008
0.6514,-8.6221,-4.9816,0.4116,0.2404,-0.0595
0.7281,-9.2735,-4.5218,0.2708,0.2040,-0.0316
0.7664,-9.5034,-3.9470,0.2015,0.1894,-0.0231
0.8430,-9.3885,-3.7171,0.2307,0.2161,-0.0097
0.6898,-9.0819,-3.6021,0.2647,0.2040,-0.0097
0.4598,-8.8520,-3.5255,0.2708,0.1408,-0.0158
0.1150,-8.6604,-3.4488,0.2404,0.1044,-0.0085
0.0766,-8.8903,-3.6787,0.2003,0.0741,0.0134
0.3449,-9.2735,-3.6021,0.1918,0.0619,0.0194
0.6514,-9.5034,-3.6787,0.1809,0.0461,-0.0036
0.9197,-9.3885,-3.6021,0.1615,0.0352,-0.0401
1.0730,-9.4651,-3.6021,0.1384,0.0656,-0.0534
0.8047,-9.0819,-3.7171,0.1263,0.1068,-0.0437
0.4982,-8.9670,-3.6787,0.1336,0.1202,-0.0109
0.4215,-8.9286,-3.4871,0.1238,0.1190,0.0121
0.3066,-9.0053,-3.4488,0.1044,0.1056,0.0231
0.4598,-9.0819,-3.4871,0.0813,0.0692,0.0255
0.6898,-9.3118,-3.5255,0.0534,0.0461,0.0170
0.7664,-9.2352,-3.6404,0.0267,0.0522,-0.0024
0.6898,-9.2735,-3.6404,0.0158,0.0643,-0.0134
0.8047,-9.3118,-3.4488,0.0291,0.0765,-0.0146
0.7281,-9.3118,-3.6021,0.0376,0.0886,-0.0036
0.5748,-9.3118,-3.6021,0.0376,0.0874,0.0049
0.6898,-9.1202,-3.5255,0.0437,0.0971,0.0097
0.5748,-9.0436,-3.5638,0.0401,0.0886,0.0146
0.6514,-9.1202,-3.6404,0.0267,0.0777,0.0109
0.4982,-9.3118,-3.6404,0.0170,0.0728,0.0134
0.5748,-9.2735,-3.4488,0.0389,0.0753,0.0243
0.5748,-9.1969,-3.6787,0.0643,0.0704,0.0340
0.6898,-9.1202,-3.7937,0.0716,0.0741,0.0449
0.5748,-9.1202,-3.6787,0.0728,0.0777,0.0437
0.6514,-9.1586,-3.6021,0.0546,0.0704,0.0389
0.4215,-9.2352,-3.5255,0.0401,0.0692,0.0376
0.4982,-9.3502,-3.4488,0.0474,0.0777,0.0328
0.5748,-9.1586,-3.4105,0.0522,0.0801,0.0376
0.5748,-9.2352,-3.6021,0.0486,0.0716,0.0340
0.4215,-9.1969,-3.4871,0.0352,0.0595,0.0352
0.5365,-9.1969,-3.2572,0.0255,0.0643,0.0376
0.4215,-9.4651,-3.2572,0.0279,0.0619,0.0352
0.5365,-9.3502,-3.1806,0.0255,0.0534,0.0316
0.5365,-9.2735,-3.2955,0.0085,0.0522,0.0304
0.5748,-9.2352,-3.2572,-0.0049,0.0486,0.0255
0.4215,-9.2352,-3.2955,-0.0085,0.0474,0.0158
0.4982,-9.3885,-3.3722,-0.0121,0.0583,0.0158
0.4215,-9.3502,-3.6404,-0.0085,0.0704,0.0194
0.4598,-9.3118,-3.3722,0.0024,0.0777,0.0243
0.4215,-9.3118,-3.4871,0.0073,0.0704,0.0206
0.3832,-9.2352,-3.2572,0.0049,0.0680,0.0194
0.4598,-9.1969,-3.3339,0.0024,0.0765,0.0158
0.4598,-9.2352,-3.5255,-0.0024,0.0813,0.0073
0.4598,-9.3118,-3.4488,-0.0121,0.0862,-0.0012
0.5748,-9.2352,-3.4105,-0.0219,0.0789,-0.0073
0.3832,-9.3118,-3.3339,-0.0267,0.0631,-0.0097
0.3449,-9.2735,-3.7171,-0.0267,0.0559,-0.0121
0.4982,-9.3118,-3.4488,-0.0134,0.0595,-0.0097
0.3832,-9.3502,-3.5638,-0.0061,0.0704,-0.0073
0.4215,-9.3502,-3.2572,-0.0049,0.0704,-0.0024
0.4982,-9.3118,-3.1806,-0.0085,0.0668,-0.0036
0.5365,-9.2735,-3.1423,-0.0134,0.0559,-0.0121
0.5748,-9.3502,-3.2572,-0.0170,0.0583,-0.0219
0.5365,-9.2352,-3.3339,-0.0206,0.0631,-0.0291
0.2299,-9.5034,-2.9890,-0.0182,0.0668,-0.0304
0.6898,-9.2352,-3.1806,0.0000,0.0753,-0.0291
0.3449,-9.3118,-3.2955,-0.0012,0.0765,-0.0219
0.2682,-9.3885,-3.4488,-0.0121,0.0716,-0.0194
0.4982,-9.2735,-3.4105,-0.0267,0.0692,-0.0134
0.4215,-9.2352,-3.3722,-0.0316,0.0607,-0.0097
0.5365,-9.3502,-3.3339,-0.0376,0.0498,-0.0024
0.4215,-9.4268,-3.2955,-0.0291,0.0534,-0.0024
0.4215,-9.2735,-3.4105,-0.0291,0.0583,-0.0109
0.4598,-9.3885,-3.2955,-0.0364,0.0595,-0.0121
0.4215,-9.1969,-3.3339,-0.0413,0.0668,-0.0109
0.5365,-9.4268,-3.5255,-0.0486,0.0789,-0.0049
0.6131,-9.4651,-3.4871,-0.0413,0.0874,0.0000
0.5748,-9.4268,-3.4871,-0.0267,0.0741,0.0000
0.6514,-9.3502,-3.3339,-0.0243,0.0643,0.0012
0.5748,-9.3502,-3.2955,-0.0243,0.0680,-0.0085
0.6131,-9.3118,-3.4105,-0.0206,0.0716,-0.0109
0.4215,-9.2352,-3.4488,-0.0109,0.0741,-0.0121
0.4598,-9.2352,-3.4871,-0.0061,0.0862,-0.0073
0.4598,-9.2735,-3.4488,-0.0121,0.0838,-0.0036
0.4982,-9.3118,-3.4488,-0.0170,0.0753,-0.0036

