-.-.-
-0.3832,-1.4179,-4.1003,0.5306,-0.0255,-0.1408
0.5748,-0.2299,-2.7974,0.6059,-0.2088,-0.3570
-2.0310,0.0383,-10.8830,0.1530,-0.6314,-0.4857
-0.4982,-11.8410,-9.3885,-2.0228,-0.3375,0.4541
-1.4179,-28.0121,8.8903,-0.6896,0.2404,1.6294
2.5291,-33.2237,-12.2242,-2.2632,-0.9033,1.7641
-2.4142,-30.8095,-0.9963,-0.0959,1.1656,-0.9604
-4.1769,-18.3554,1.9927,4.0759,1.8516,-1.8734
-5.2116,-6.8593,1.3412,1.3817,1.2530,-2.2195
1.4945,-11.6111,1.6095,-2.3324,1.5930,-1.5007
4.3302,-13.0672,2.1843,-2.3312,2.1308,-0.9482
5.3265,-8.3155,0.1150,-0.6629,1.8734,-0.6471
2.1459,-1.6478,-1.8777,0.9240,1.9657,-0.2380
1.3795,2.6441,-3.6021,1.8030,1.8467,0.1979
0.3066,2.6824,-6.2079,1.0806,1.2518,0.5294
-0.8430,-2.4525,-1.6478,-0.6581,0.9337,0.8232
-0.3066,-2.6824,-1.1113,-0.1226,0.8195,0.6641
-1.0730,-0.3832,-2.1459,0.6168,0.9652,0.7613
-3.0273,0.2682,-1.3795,0.7588,0.7637,0.8086
-1.3412,-2.2609,-8.5071,0.1858,0.1627,0.6714
6.2462,-10.8446,-11.6494,-0.8985,0.7346,-0.0874
6.7444,-31.6526,11.1895,-0.9944,-0.5864,-1.5031
2.2992,-36.2510,-13.4888,-1.0017,0.9652,-1.8613
-6.2845,-29.3534,-0.6898,-0.2562,-0.3897,1.2372
-1.1113,-13.4888,4.4835,4.6137,-1.3829,1.2748
2.5291,-2.6441,2.8740,1.7484,-1.1680,1.5541
-1.4562,-11.9559,3.7171,-2.8435,-1.4290,1.5080
-3.3339,-13.9869,-0.6898,-2.6468,-1.0684,1.3052
-1.1496,-7.0893,-1.1496,-1.0235,-1.0927,0.9822
-0.0383,-3.2189,-3.8704,0.3800,-1.3562,0.3897
1.1113,-0.0766,-6.3229,1.1364,-1.4169,-0.5063
1.4562,-1.2646,-6.5528,0.7309,-0.8280,-0.7042
0.0000,-3.4105,0.1533,-0.3497,0.3242,-0.6520
-0.8814,-1.2263,0.7664,0.7977,0.2392,-0.4371
-0.1533,1.4562,-1.7627,1.1109,-0.4638,-0.4699
0.4982,2.2226,-3.9470,0.2404,-0.7394,-0.4735
0.0766,-0.5748,-8.6604,-0.4553,-0.2586,-0.3315
-5.4415,-3.8320,-15.4048,-1.2129,-0.4359,-0.0328
-1.3029,-23.9119,10.9213,-2.4562,0.3727,1.2615
-4.3685,-29.2767,-6.5528,0.0753,-1.3574,1.8321
0.8430,-34.3350,-8.3921,-2.9710,-1.4290,-0.2623
-2.6441,-25.2148,3.4105,2.4004,1.1292,-2.2267
-0.4982,-12.8756,3.3339,2.3749,0.6738,-2.2838
2.6824,-11.6111,2.7974,-1.1789,0.6823,-1.5954
7.3958,-16.0562,2.0310,-2.3676,1.6391,-0.9045
5.7097,-11.3045,-0.2682,-1.4800,2.1733,-0.4128
2.0693,-4.9816,-1.8011,-0.4978,2.3117,-0.0231
1.0730,-0.1916,-1.1879,0.9373,2.2000,0.5112
-3.7171,5.7864,-2.6058,2.1855,1.3125,0.6301
-1.0730,1.8777,-5.0583,0.2270,0.1700,0.9725
-0.4982,-2.8357,-3.3339,-0.8438,0.6908,0.6738
0.1916,-0.8430,-3.1806,0.1287,0.7030,0.4869
-1.3412,1.6478,-2.6824,0.5852,0.7746,0.6799
-0.5748,0.4982,-8.3155,-0.3363,0.4383,0.6362
8.5454,-6.0929,-20.6546,-0.8633,1.8467,0.1117
2.6824,-25.7513,10.3082,-0.2950,-0.7625,-1.5007
0.6898,-28.4337,-5.7097,1.2506,-0.2865,-2.4295
-13.8720,-33.6836,-5.5564,-3.4749,1.1692,0.9567
-1.1496,-23.6053,2.6441,2.1745,-2.0252,1.6986
3.7554,-7.4341,2.9123,3.5392,-0.7200,1.2943
3.0273,-7.8940,2.2226,-0.8620,-1.1510,1.3890
-1.1496,-14.9832,4.5218,-2.6298,-1.8054,1.4375
-4.4068,-11.1129,-1.6478,-1.6075,-1.3295,1.4873
-5.9013,-6.3612,-5.3648,-0.8341,-0.8426,0.6083
-2.1459,-0.7664,-5.6331,0.9616,-1.3368,-0.6860
3.5638,3.7554,-5.0966,1.9778,-1.1462,-1.1401
2.8740,0.8047,-2.1843,0.7637,-0.3108,-1.1231
1.7244,-0.4982,-2.0693,0.4031,-0.1408,-0.4529
1.6095,0.4598,-4.9050,0.3776,-0.0789,-0.2100
1.3029,0.1150,-3.2955,0.1105,-0.4905,-0.2890
-2.3375,-0.3449,-10.3082,0.0255,-0.8438,-0.3995
-2.3759,-11.5344,-7.3958,-1.7326,-0.2780,0.4954
-3.4871,-26.2111,6.0546,-1.0405,-0.1008,1.6148
-0.5748,-34.4500,-10.1549,-2.5813,-1.0502,1.0332
-2.7974,-31.1161,-0.4982,0.5913,0.8293,-1.8212
-1.5328,-17.8189,2.1459,4.2483,0.9968,-2.1697
-0.3832,-6.9360,2.2226,0.6544,0.8110,-1.8856
4.2919,-13.3738,2.0310,-2.5606,1.7775,-1.0721
7.5491,-12.5307,0.2299,-2.2352,1.9997,-0.5998
3.7171,-5.9013,-0.3449,-0.3096,2.4926,-0.6799
-1.9927,1.1496,-2.8357,0.8535,2.5048,-0.5330
-3.7554,2.8357,-3.4871,1.0818,1.7338,0.0886
-1.8011,-1.8011,-3.0656,0.5573,1.0612,0.8086
1.2646,-4.5984,-1.8394,0.2489,0.7455,0.7722
2.5675,-1.1113,-4.2536,0.9482,0.4043,0.4152
0.8047,1.8394,-4.0236,0.9895,0.6836,0.6921
-0.6514,0.8814,-7.9323,0.2161,0.8705,0.8548
6.1696,-5.9396,-16.6693,-1.0733,1.4691,0.2841
-2.0310,-27.9738,12.8756,-2.3482,-0.8535,-1.5723
0.4982,-28.3954,-9.6567,0.4298,0.0801,-2.8035
-8.6221,-25.1381,-9.1969,-2.2996,0.1591,0.0886
-1.3412,-18.3938,2.6058,2.4951,-1.6476,1.6415
3.7554,-9.6567,3.4871,3.1203,-1.6427,1.7059
2.3759,-12.5307,2.0310,-1.5444,-1.4594,1.2008
-1.3029,-19.0452,1.3029,-2.9589,-1.4934,0.9373
-2.6824,-12.9906,-3.1806,-1.6039,-1.2773,0.7564
-2.1459,-7.3192,-1.7627,0.0874,-1.3987,0.6338
0.9963,-1.6478,-1.1113,1.6767,-1.6998,0.1008
2.0693,4.2536,-3.6787,2.4647,-1.1862,-0.4225
1.2263,4.3685,-5.7097,1.3295,-0.7637,-0.3679
0.0000,-0.6514,-3.1039,-0.7516,-0.5974,-0.4177
0.2299,-4.0620,-2.8357,-0.2902,0.0607,-0.5051
1.3412,-3.3722,-1.4562,0.7370,0.2270,-0.8232
1.2263,-1.8011,-4.4835,1.3404,0.0461,-0.8329
-5.8247,-1.2263,-14.5617,0.1797,-0.4177,-0.5403
0.0383,-19.9266,5.7480,-3.1665,0.4565,1.2603
-4.4452,-28.7786,-3.1806,-0.9312,-0.2756,2.2146
1.9543,-30.6562,-7.6257,-1.8941,-1.6512,0.7054
-5.0200,-21.6127,1.9543,1.3805,1.4460,-1.7969
-1.9160,-13.7187,1.7244,2.0883,0.9130,-2.3372
0.0766,-9.8866,1.6095,-1.0502,0.6471,-2.1308
6.0546,-14.9066,2.4142,-2.8496,1.6075,-1.2494
7.7407,-12.9523,1.4945,-2.3324,2.0446,-0.6508
4.9816,-6.8593,-1.4945,-0.7710,1.9633,-0.2173
1.8394,-0.3832,-3.2189,1.1874,1.7714,0.3946
-3.6404,5.3648,-4.3302,2.5036,1.2785,0.6496
-5.5564,3.2955,-3.7554,0.7212,0.6119,1.2190
-1.7627,-3.1423,-0.6131,-0.4371,0.1396,0.9082
0.3066,-1.0730,-3.2955,0.6131,-0.0036,0.7091
-0.4215,-0.0383,-2.5291,0.5913,0.3084,0.8584
0.1150,-1.1496,-6.0546,0.2465,-0.1032,0.7224
10.9979,-5.9396,-22.1108,-1.2955,1.1279,0.0097
2.1459,-30.2730,9.5034,-2.8496,-0.6799,-2.3906
0.0766,-31.5759,-8.3155,1.1122,0.4249,-2.8702
-9.6184,-26.7093,-9.1586,-1.6245,0.5075,1.0757
-2.2609,-17.4357,3.6404,2.0446,-2.2486,2.1296
3.5255,-8.2772,1.9927,3.1932,-1.6282,1.7350
1.6861,-11.2662,1.1879,-1.0964,-1.5395,1.2979

