-.-.-
-0.1533,-8.3155,1.2263,0.2659,-0.3934,-0.1833
0.0766,-7.8173,1.0346,0.0716,-0.4286,-0.0959
0.3066,-7.8940,1.2646,-0.1020,-0.4383,-0.0328
-0.0766,-8.5071,1.6861,-0.2307,-0.4298,-0.0219
-0.3449,-9.2735,1.8777,-0.2550,-0.4735,-0.0534
-0.5365,-9.4651,1.7244,-0.0571,-0.4893,-0.0874
-0.4982,-9.1969,1.4945,0.1141,-0.4723,-0.1105
-0.5748,-8.8520,1.0730,0.0753,-0.5172,-0.0728
-0.4982,-8.3155,1.2263,0.0012,-0.6714,0.0085
-0.5748,-7.7407,1.3795,0.0474,-0.7771,0.0607
-0.6514,-7.3958,1.5711,0.0061,-0.7855,0.0765
-0.5748,-7.2425,1.5328,-0.0680,-0.8256,0.0959
0.2299,-7.1276,1.8011,-0.0996,-0.7928,0.1081
0.8047,-7.7790,1.8777,-0.1603,-0.4723,0.1287
1.6861,-9.6567,2.0310,-0.3970,-0.1068,0.2185
2.4908,-12.4924,1.1879,-0.5233,0.3630,0.3217
2.8740,-14.7150,-0.1916,-0.5621,0.2975,0.5112
2.4142,-14.1402,0.1150,-0.1336,-0.2125,0.6374
0.9963,-12.1475,0.2682,0.4517,-0.6265,0.6229
0.2682,-10.9213,0.4598,0.4723,-0.8463,0.5621
0.2682,-10.6530,1.4562,0.1761,-0.9106,0.5172
1.1496,-10.9213,1.9927,-0.0389,-0.8463,0.5318
2.0693,-11.1129,1.3412,-0.2100,-0.7516,0.5694
1.9543,-11.4961,0.4215,-0.3096,-0.7297,0.5330
1.3795,-11.4195,0.2682,-0.1542,-0.6702,0.4189
1.3029,-11.1895,0.3832,0.0546,-0.5391,0.3339
2.1459,-11.1129,0.3066,0.0862,-0.3946,0.3570
2.2226,-10.8446,0.0766,-0.0789,-0.3594,0.3812
1.6478,-10.0782,-0.1150,-0.1797,-0.4869,0.3120
0.9197,-9.6950,-0.3066,-0.1991,-0.4966,0.1724
0.3832,-9.3885,0.0383,-0.1639,-0.3157,0.0413
0.5365,-9.5418,0.4598,-0.1433,-0.0959,0.0049
0.9963,-9.5034,1.4179,-0.1930,0.0364,0.0352
1.3795,-9.6950,1.8777,-0.3120,0.0607,0.0534
0.9197,-10.3465,1.4562,-0.4954,-0.0316,0.0413
0.4215,-10.9596,0.7664,-0.4687,-0.1578,0.0121
0.3449,-10.8446,0.4982,-0.1396,-0.2574,-0.0194
0.6898,-9.8100,0.5365,0.2173,-0.2003,-0.0583
1.0730,-9.3118,0.8430,0.2161,-0.0935,-0.0898
1.2263,-9.3118,1.3795,0.0267,-0.0328,-0.1081
1.1496,-9.5034,1.4562,-0.0206,-0.0522,-0.1251
0.9963,-9.6184,1.6478,0.0656,-0.0643,-0.1421
0.9963,-9.4268,1.4562,0.1275,-0.0352,-0.1372
1.0730,-9.4651,1.1879,0.0231,-0.0085,-0.0838
0.8047,-9.5801,1.2646,-0.1153,-0.0376,-0.0328
0.3832,-9.5418,1.4179,-0.0716,-0.0983,-0.0352
0.3449,-9.1202,1.5711,0.0801,-0.1068,-0.0716
0.3066,-8.5071,1.3029,0.0983,-0.0959,-0.0971
0.4982,-8.2772,1.6861,0.0134,-0.0813,-0.0935
0.7664,-8.5071,1.8011,-0.0498,-0.0036,-0.0692
1.1113,-9.4268,1.4179,-0.1032,0.0959,0.0206
1.3795,-10.3848,1.3029,-0.1202,0.0413,0.1263
1.4179,-10.2315,1.5711,0.1773,-0.0352,0.1603
1.4562,-8.7754,1.8777,0.5706,-0.0206,0.1141
1.4179,-7.6257,1.4562,0.5755,0.0194,0.0352
1.1879,-7.3958,0.7281,0.0716,0.0401,-0.0255
0.9580,-8.5838,1.4945,-0.2453,0.0704,-0.0716
1.0730,-9.1586,1.9160,-0.0413,0.1676,-0.0911
1.2646,-9.3118,1.9927,0.2428,0.2817,-0.0765
1.4945,-8.8137,1.8394,0.2817,0.2695,-0.0376
1.9927,-8.3155,1.1496,0.2100,0.2841,-0.0121
1.3412,-8.3921,1.1879,0.0911,0.3788,-0.0109
1.2263,-8.2389,1.4562,0.0243,0.4589,-0.0304
1.1879,-7.9323,1.6478,-0.0061,0.5282,-0.0461
1.3795,-8.2389,1.9160,-0.1263,0.5451,-0.0279
1.5711,-9.0053,2.1843,-0.2489,0.5245,0.0219
1.2646,-9.1586,1.8394,-0.2198,0.4699,0.0571
0.8430,-8.6221,1.6095,-0.1384,0.4347,0.0583
0.8814,-8.3155,2.1843,-0.0874,0.4565,0.0267
1.1113,-8.5454,2.3375,-0.0692,0.5864,-0.0182
0.8047,-8.6221,2.0693,-0.0826,0.7018,-0.0680
0.8047,-8.6604,1.5711,-0.0983,0.7273,-0.0789
0.5365,-8.3921,1.8394,-0.0413,0.7224,-0.0789
0.3449,-7.7790,2.2226,0.1020,0.7042,-0.1299
0.6131,-7.3575,2.4142,0.1372,0.5949,-0.1894
0.3832,-8.2389,2.5675,0.0546,0.4480,-0.2878
-0.6898,-11.2662,2.7207,-0.1469,0.3375,-0.4650
-1.8394,-14.4084,1.1113,-0.1129,0.3557,-0.5779
-1.7627,-16.0562,-0.8430,-0.0959,0.3521,-0.5330
-0.3832,-12.3008,0.4982,0.6933,0.2793,-0.5184
0.1916,-8.0856,1.2646,1.1862,0.1809,-0.4626
0.4598,-5.9780,1.0346,0.5063,-0.0073,-0.3412
1.2263,-7.1276,1.8394,-0.6726,-0.0862,-0.1858
0.6514,-9.9633,2.1459,-0.9264,-0.0316,-0.0049
-0.4982,-13.4121,2.0693,-0.6763,0.0146,0.0194
-2.4908,-17.1675,0.0000,-0.8839,-0.0668,-0.1785
0.3449,-16.9759,0.9963,-0.9750,-0.0826,-0.4589
1.7627,-11.8027,1.6861,0.6569,0.3703,-0.4225
1.7244,-7.0893,0.1916,1.1704,0.3788,-0.1081
1.6861,-6.1696,0.3449,0.1153,0.0668,0.2343
0.5748,-8.3155,1.6095,-0.9276,-0.1457,0.2768
-0.2299,-10.3465,1.4945,-0.8681,-0.1336,0.1311
-0.4598,-11.1129,0.5748,-0.7018,0.0340,0.0255
-0.3449,-11.6111,0.4598,-0.5913,0.1930,0.0583
0.2682,-10.5764,0.7281,-0.1202,0.2440,0.1663
0.8814,-9.0053,0.4598,0.2380,0.2938,0.2003
1.2646,-7.9706,0.5365,0.0898,0.2987,0.1615
1.4179,-8.4305,1.0346,-0.2671,0.1991,0.1166
0.6898,-9.0053,1.3795,-0.4371,0.0971,0.1044
0.0000,-9.7334,1.2646,-0.3788,0.0813,0.1190
-0.5748,-9.8866,1.1879,-0.2392,0.1797,0.1287
-0.3832,-10.1166,1.2646,-0.1554,0.2598,0.0996
0.1533,-10.1549,1.6478,-0.1093,0.2453,0.0413
0.5748,-10.0399,1.6095,-0.0850,0.1506,-0.0061
0.7664,-9.8100,1.5328,-0.0571,0.0291,0.0049
0.6131,-9.5034,1.0730,-0.0061,-0.0437,0.0619
0.2682,-8.9286,0.9580,-0.0024,-0.0316,0.0923
0.2682,-8.6604,1.2263,-0.0243,0.0182,0.0741
0.3066,-9.0053,1.5711,-0.0571,0.0753,0.0279
0.4598,-9.2352,1.6478,-0.0777,0.0971,-0.0134
0.4598,-8.9670,1.4179,-0.0146,0.0753,-0.0304
0.1916,-8.9670,1.3029,0.1214,0.0595,-0.0389
-0.0766,-8.6987,1.2263,0.2246,0.0340,-0.0607
-0.3449,-8.5838,1.3029,0.1991,-0.0389,-0.0704
0.0000,-8.6987,1.3029,0.1761,-0.0850,-0.0801
0.0383,-8.4305,1.2646,0.1967,-0.1020,-0.0996
0.1150,-8.2772,0.9197,0.1785,-0.1226,-0.0983
0.1150,-8.6604,0.8814,0.0765,-0.1275,-0.0862
0.1533,-8.9286,1.1113,0.0158,-0.1287,-0.0680
0.4215,-9.5801,1.3795,-0.0219,-0.1530,-0.0449
0.4982,-9.8483,1.9543,0.0850,-0.1469,-0.0826
0.5365,-9.9633,1.8777,0.2489,-0.1202,-0.1676
0.3449,-9.6950,1.4179,0.2914,-0.1639,-0.2100
0.1916,-9.0053,1.0346,0.1493,-0.2501,-0.1603
0.0383,-8.9670,1.5328,0.0340,-0.2477,-0.1008
-0.3832,-8.9670,2.1843,0.0522,-0.1700,-0.1153
-0.6131,-9.3502,2.3759,0.0728,-0.1506,-0.1578
-0.6514,-9.2352,2.2609,0.0983,-0.2270,-0.1712

