-.-.-
1.1879,-11.0746,1.1496,0.3157,-1.0551,-0.0716
2.4908,-9.6950,3.2572,0.3958,-0.8463,-0.1761
1.7627,-10.8063,6.3229,-0.1348,-0.5949,-0.3120
3.2572,-13.3355,5.3648,-0.1336,-0.6702,-0.2683
5.7480,-15.4431,-3.1039,0.0886,-0.5160,-0.3290
2.6058,-17.1292,-11.3428,-0.9118,-0.1408,-0.9240
2.0693,-16.4011,-5.1732,-1.1097,0.7443,-1.9220
0.4982,-14.3701,-3.4105,0.9312,1.0114,-2.2437
-0.6131,-12.2242,-2.4142,1.3671,0.6848,-1.6889
0.2299,-10.7297,1.6478,0.7989,0.3023,-0.5719
2.1843,-9.7717,0.7281,0.0571,0.2890,0.5500
2.7591,-9.7717,-0.4215,-0.3096,0.3497,1.2372
2.6824,-8.5454,-1.1113,0.0036,0.5512,1.1704
1.6095,-6.1696,-1.3412,0.2064,0.7018,0.8657
0.5748,-4.1386,-1.8011,0.0085,0.6095,0.5561
-0.2299,-3.7554,-1.4945,-0.4371,0.3400,0.3072
-0.7281,-4.1003,-1.1879,-0.5197,0.2125,0.1894
-0.3832,-4.2919,-0.7664,-0.3910,0.5209,0.1311
0.0000,-4.7900,0.2299,-0.5961,1.0126,0.0474
0.8047,-7.0126,1.9927,-1.0587,1.2202,-0.0838
1.3412,-10.4614,2.7591,-1.0721,1.2239,-0.2525
0.8814,-12.9139,2.3759,-0.5719,1.1716,-0.4407
-0.6131,-13.7570,1.4179,0.1627,0.9616,-0.4432
-1.4945,-12.0326,1.1496,0.8535,0.5367,-0.0862
-1.9927,-9.0436,3.1806,0.7467,0.2064,0.2489
-0.7664,-8.7754,5.0583,0.0534,0.0255,0.4990
0.6514,-12.0709,5.7864,-0.2683,0.2198,0.4978
0.4215,-13.9486,0.1533,-0.0704,0.3145,0.4189
-1.6861,-16.2478,-8.8520,-0.6581,0.2841,0.6338
1.6095,-17.2825,-6.8210,-0.9325,-0.1202,1.3744
2.1459,-14.6000,-4.0620,0.5852,-0.2926,1.5699
1.6861,-12.3775,-1.9543,1.2154,-0.1639,1.2506
1.8011,-10.7680,0.8430,1.0636,-0.2355,0.4504
-0.4598,-9.6567,1.6478,0.2999,-0.0036,-0.3958
-2.2609,-8.9286,0.4598,-0.1845,0.1141,-0.9689
-2.2992,-8.6221,-0.4598,-0.2088,-0.1117,-1.0684
-1.6478,-7.0126,-0.9963,0.0340,-0.3958,-0.8742
-0.3449,-4.7900,-1.2646,0.2380,-0.4140,-0.6617
0.8047,-4.1386,-1.6861,-0.1251,-0.4237,-0.4553
1.7244,-5.1732,-0.5365,-0.8329,-0.6168,-0.2416
2.2609,-6.3229,0.9197,-0.7516,-0.8463,0.0194
2.6441,-6.5145,1.6095,-0.3545,-0.9458,0.2793
2.4908,-7.3192,2.3759,-0.4310,-0.8973,0.4711
1.3795,-9.2352,2.0310,-0.8426,-0.9495,0.4456
0.7664,-11.3428,1.8394,-0.8365,-1.0964,0.2198
0.1150,-11.0746,0.8814,-0.0036,-1.0612,-0.1433
1.9927,-9.3502,1.8011,0.3982,-0.9227,-0.3072
1.9160,-9.9250,5.4032,-0.1166,-0.3958,-0.3800
2.6441,-13.4504,6.6294,-0.3521,-0.3630,-0.4140
5.3648,-16.5544,-0.0766,-0.1445,-0.5646,-0.3630
3.0656,-18.9686,-10.3848,-0.6508,-0.4832,-0.6520
0.5365,-17.7806,-7.7407,-0.7625,0.3691,-1.6039
-1.6095,-14.2168,-3.6787,0.8645,0.7783,-2.1162
-2.1843,-10.4231,-3.8320,1.7107,0.4128,-1.6852
-1.3029,-8.5071,0.4215,1.1073,0.1129,-0.7309
1.4562,-8.0089,1.9927,0.2829,0.0413,0.2477
3.3722,-8.6987,-0.1150,-0.5294,0.2975,0.9652
3.5255,-9.3885,-1.3412,-0.7394,0.4189,1.1607
2.8357,-7.8557,-1.2263,-0.0279,0.5075,0.9410
1.3795,-5.3648,-1.6861,0.4298,0.4371,0.6641
0.0000,-3.4871,-1.4179,0.1214,0.2258,0.4080
-0.5365,-3.5638,-0.6514,-0.4796,0.1093,0.2076
-0.1533,-4.7134,0.0766,-0.6617,0.3776,0.0789
-0.0383,-5.2116,0.5748,-0.6556,0.8815,-0.0474
0.3066,-6.4761,0.9197,-1.0041,1.1935,-0.2113
0.3449,-9.4651,1.8394,-1.3465,1.1729,-0.3910
-0.0383,-12.3391,2.2609,-1.1377,0.9446,-0.5306
0.0000,-13.9869,2.1843,-0.4177,0.9033,-0.5415
0.0000,-12.9523,1.9160,0.4067,0.7710,-0.2999
-1.1879,-10.3082,1.9927,0.6496,0.3230,0.0680
-1.4179,-8.5071,2.9890,0.2088,0.0073,0.3849
-0.3449,-11.8027,3.7554,-0.3752,-0.0571,0.5500
-1.3412,-16.0945,-1.6478,-0.2950,0.0073,0.5597
-1.2646,-17.3591,-9.6950,-0.3424,-0.0097,0.6908
2.7207,-16.1329,-5.5948,-0.3290,-0.4832,1.3550
4.5601,-13.8336,-3.7554,0.5367,-0.4929,1.6767
3.2189,-12.5691,-1.9543,0.7686,-0.4165,1.4460
2.6441,-11.3045,0.0383,0.8888,-0.4759,0.7176
0.3832,-10.1549,-0.2682,0.3011,-0.1518,-0.1020
-1.7244,-9.4268,-0.4598,0.0206,-0.0049,-0.6399
-1.9543,-8.6221,-0.9197,0.1991,-0.2161,-0.7843
-1.8011,-6.1696,-0.9963,0.4905,-0.3509,-0.6459
-0.7664,-4.2536,-1.4562,0.4784,-0.4225,-0.4274
0.4598,-3.7554,-0.7664,-0.0911,-0.5330,-0.2453
1.1496,-4.8667,0.0766,-0.5646,-0.8038,-0.0534
1.6095,-6.1313,0.4982,-0.4893,-1.1935,0.2125
2.2226,-6.7827,1.1879,-0.3108,-1.3793,0.4504
1.9543,-7.8173,2.0310,-0.4929,-1.1777,0.5330
0.8814,-9.6567,2.4908,-0.7710,-0.9276,0.4832
0.9197,-10.9596,1.9543,-0.4529,-0.9798,0.3861
1.8394,-11.4961,0.9963,0.1979,-0.9762,0.2161
2.7207,-10.6147,1.3795,0.4589,-0.8110,0.0194
3.7171,-9.9250,4.1769,0.1845,-0.2829,-0.2198
2.1843,-12.2625,6.3995,-0.0413,0.0109,-0.4407
3.6021,-15.9796,-1.4179,-0.2453,-0.3873,-0.4711
2.9123,-18.1255,-8.6604,-0.5039,-0.1336,-0.7431
1.7244,-16.2861,-6.2079,-0.2161,0.7054,-1.6185
0.9197,-14.2168,-3.6787,0.6399,0.9179,-2.1842
0.4598,-13.1055,-3.6787,0.9871,0.7188,-1.8419
-0.1150,-10.8446,0.9197,0.9786,0.3740,-0.8414
1.4179,-8.5454,1.8394,0.5998,0.0498,0.2319
1.6861,-8.8137,-1.1496,-0.3825,0.0146,1.0175
1.7244,-9.3502,-1.2263,-0.5306,0.2234,1.1425
1.3029,-7.3192,-1.4179,0.1190,0.6775,0.8548
0.6898,-5.5564,-1.4945,0.1591,0.8050,0.5318
0.1916,-4.7900,-0.2299,-0.2829,0.5913,0.2853
0.1916,-4.4068,0.0383,-0.3266,0.4929,0.1506
0.5748,-4.3302,-0.1150,-0.2987,0.7540,0.1044
0.7281,-4.9050,0.0383,-0.5961,1.0769,0.0376
1.0346,-6.8593,1.1879,-0.8450,1.0684,-0.0304
0.9580,-9.6184,2.4525,-0.6641,0.8997,-0.1663
0.6131,-11.2662,1.8011,-0.0498,0.8499,-0.3557
-0.5365,-11.3045,0.8430,0.4383,0.9191,-0.4808
-2.1076,-9.7717,0.9963,0.7904,0.8766,-0.3897
-2.8740,-8.5454,2.7591,0.3278,0.4796,-0.1238
-1.4945,-9.5801,5.7864,-0.3169,0.1663,0.2538
0.4215,-13.1822,6.2462,-0.2829,0.2088,0.5014
0.7281,-15.2515,-0.9963,0.0801,0.2355,0.5852
-1.4945,-16.1329,-9.8866,-0.5379,-0.1251,0.8790
1.3412,-16.3245,-4.9816,-0.4468,-0.8232,1.7022
2.2609,-15.2898,-2.7591,0.8948,-0.5852,1.8989
1.7244,-14.9066,-0.4982,0.9385,-0.3290,1.5104
1.8011,-12.4158,1.8777,1.0102,-0.2525,0.5755
0.0383,-9.0819,0.7664,0.5949,0.2015,-0.4383
-0.4598,-7.5874,-0.7664,-0.0073,0.3934,-1.1000
-0.6898,-7.0126,-0.6898,-0.2440,0.2222,-1.2336
-0.5365,-5.6331,-0.6898,0.0534,-0.1748,-1.0296
0.0383,-4.7134,-0.7664,0.0498,-0.4929,-0.6386

