-.-.-
-0.5365,-10.0016,1.6478,-0.0085,0.0813,0.0012
-0.6131,-10.0399,1.7627,-0.0109,0.0813,-0.0012
-0.6131,-9.9633,1.6478,-0.0134,0.0801,-0.0024
-0.5365,-9.9633,1.6861,-0.0109,0.0789,-0.0024
-0.4215,-10.1166,1.7244,-0.0109,0.0777,-0.0012
-0.4982,-10.1549,1.7627,-0.0109,0.0777,-0.0012
-0.5748,-10.1166,1.6095,-0.0146,0.0789,0.0000
-0.7281,-9.9633,1.7244,-0.0158,0.0826,-0.0012
-0.4982,-10.0016,1.6095,-0.0134,0.0826,-0.0024
-0.5748,-10.0016,1.7627,-0.0073,0.0838,-0.0024
-0.5365,-9.9250,1.6861,-0.0073,0.0826,-0.0012
-0.6514,-9.9633,1.7244,-0.0085,0.0838,-0.0012
-0.4982,-10.0782,1.7244,-0.0061,0.0838,0.0000
-0.4598,-10.1932,1.6095,-0.0073,0.0801,0.0000
-0.6514,-10.0782,1.7244,-0.0158,0.0789,-0.0012
-0.6514,-10.0016,1.6861,-0.0146,0.0801,-0.0012
-0.4982,-9.9633,1.6861,-0.0109,0.0777,-0.0012
-0.5748,-10.0399,1.7244,-0.0061,0.0801,-0.0036
-0.6131,-10.1549,1.7244,-0.0085,0.0838,-0.0012
-0.6131,-10.0399,1.6478,-0.0024,0.0813,0.0012
-0.5748,-10.0782,1.8011,-0.0049,0.0826,0.0012
-0.4598,-10.1166,1.6478,-0.0073,0.0862,-0.0024
-0.6131,-9.9250,1.7627,-0.0061,0.0838,0.0000
-0.5365,-10.0782,1.8011,-0.0061,0.0813,-0.0012
-0.6131,-10.0016,1.6861,-0.0097,0.0801,-0.0012
-0.6514,-10.0782,1.5328,-0.0097,0.0813,-0.0012
-0.5365,-10.0016,1.6478,-0.0073,0.0777,0.0012
-0.5365,-10.0016,1.7244,-0.0049,0.0728,0.0012
-0.5748,-10.0016,1.8394,-0.0061,0.0741,0.0000
-0.6514,-9.9633,1.8011,-0.0109,0.0741,0.0000
-0.6131,-10.0016,1.7244,-0.0146,0.0692,0.0012
-0.5748,-9.9633,1.7244,-0.0134,0.0692,0.0024
-0.6131,-10.0016,1.7244,-0.0146,0.0643,0.0036
-0.7281,-9.9633,1.6861,-0.0121,0.0571,0.0061
-0.6898,-10.0016,1.6478,-0.0109,0.0571,0.0061
-0.6514,-10.1166,1.8011,-0.0097,0.0559,0.0049
-0.5365,-9.9633,1.8011,-0.0097,0.0546,0.0036
-0.4982,-10.0399,1.7627,-0.0146,0.0583,0.0036
-0.5365,-9.9250,1.8011,-0.0134,0.0656,0.0012
-0.4982,-10.0016,1.8394,-0.0158,0.0692,-0.0024
-0.6131,-10.0782,1.6478,-0.0170,0.0777,-0.0036
-0.6131,-10.0782,1.7244,-0.0170,0.0838,-0.0061
-0.5748,-10.0399,1.6861,-0.0182,0.0886,-0.0036
-0.5748,-10.0782,1.7627,-0.0231,0.0911,-0.0036
-0.5748,-10.1166,1.7627,-0.0231,0.0923,-0.0073
-0.6131,-10.0399,1.7627,-0.0194,0.0935,-0.0073
-0.5365,-9.9633,1.8011,-0.0231,0.0862,-0.0061
-0.5365,-10.0016,1.8777,-0.0304,0.0886,-0.0097
-0.6514,-10.0399,1.6861,-0.0364,0.0923,-0.0085
-0.6898,-9.9250,1.6861,-0.0425,0.0923,-0.0061
-0.5365,-10.1166,1.7244,-0.0389,0.0911,-0.0061
-0.4982,-10.0782,1.5711,-0.0328,0.0886,-0.0049
-0.5748,-10.0016,1.7627,-0.0328,0.0874,-0.0036
-0.5748,-10.0399,1.6861,-0.0376,0.0911,-0.0049
-0.6131,-10.0399,1.6478,-0.0401,0.0947,-0.0061
-0.5365,-10.1166,1.6861,-0.0389,0.0959,-0.0049
-0.6131,-9.9633,1.7244,-0.0304,0.0971,-0.0073
-0.4215,-10.0016,1.6861,-0.0328,0.0971,-0.0073
-0.4598,-10.0782,1.8011,-0.0352,0.0959,-0.0097
-0.6131,-10.0016,1.6095,-0.0401,0.0983,-0.0121
-0.5365,-10.0782,1.6478,-0.0425,0.0971,-0.0109
-0.4598,-10.0782,1.6095,-0.0413,0.0935,-0.0121
-0.6131,-10.0399,1.4945,-0.0401,0.0911,-0.0109
-0.4598,-10.0399,1.7244,-0.0389,0.0874,-0.0097
-0.6898,-10.0782,1.7244,-0.0425,0.0886,-0.0097
-0.5365,-9.9633,1.6095,-0.0376,0.0850,-0.0061
-0.6514,-10.0782,1.6861,-0.0364,0.0898,-0.0085
-0.6514,-10.1549,1.6861,-0.0340,0.0935,-0.0085
-0.6514,-9.9633,1.6478,-0.0316,0.0898,-0.0097
-0.5365,-9.9633,1.6095,-0.0255,0.0862,-0.0097
-0.4982,-10.0782,1.6861,-0.0389,0.0874,-0.0097
-0.6131,-10.0016,1.7244,-0.0498,0.0850,-0.0097
-0.5748,-10.0782,1.5711,-0.0559,0.0874,-0.0109
-0.6514,-10.0016,1.6095,-0.0437,0.0826,-0.0134
-0.5365,-10.0399,1.6861,-0.0304,0.0728,-0.0121
-0.5748,-10.1932,1.4945,-0.0364,0.0741,-0.0182
-0.5365,-10.4998,1.4562,-0.0146,0.0826,-0.0316
-0.5748,-10.6914,1.3412,0.0097,0.0911,-0.0461
-0.3832,-11.0746,1.1113,0.0243,0.1117,-0.0498
-0.1150,-11.0363,0.6131,0.0437,0.1578,-0.0255
-0.4215,-10.9596,-1.4945,-0.0753,0.2841,0.0425
0.7281,-11.7260,-4.0620,-0.0340,0.1955,0.0474
0.2682,-10.3082,-3.4105,-0.1178,0.2416,-0.0692
0.5365,-9.0819,-4.3685,-0.1833,0.2222,-0.1591
0.0383,-7.2425,-3.8704,-0.4893,0.3351,-0.2465
0.0383,-5.9780,-3.6021,-0.9276,0.2963,-0.2695
0.0000,-6.1696,-2.9890,-1.3683,0.3436,-0.3096
-0.3066,-6.5528,-2.1459,-1.6962,0.2914,-0.3594
0.0000,-5.5948,-1.6095,-1.7763,0.1955,-0.3642
0.1916,-4.2536,-2.0693,-1.9718,0.1882,-0.3485
0.1533,-4.5984,-1.4179,-2.2656,0.1712,-0.3181
-0.7281,-5.4798,0.6131,-2.1794,0.0012,-0.3084
-0.8047,-7.0509,1.3029,-1.9936,-0.1360,-0.2343
-0.4598,-8.3155,0.3449,-1.6270,-0.1591,-0.1955
-0.3832,-9.8866,-0.2682,-1.2894,-0.1251,-0.2028
-0.6131,-11.4195,0.7281,-0.7953,-0.1263,-0.1275
-0.8047,-11.8410,1.3029,-0.2222,-0.1336,0.1202
-0.1150,-9.2735,-0.0383,0.2780,-0.2623,0.2258
0.4215,-8.1239,-0.3066,0.0413,-0.1287,0.1141
0.7664,-12.4158,0.9197,-0.1639,0.0789,0.0243
0.1150,-13.3355,0.0766,0.3412,0.2100,-0.0631
0.3832,-9.7717,-0.4598,0.6945,0.0923,-0.1299
-0.0766,-10.7297,-1.2646,0.7333,0.0911,-0.2538
-1.0730,-14.3318,-0.8047,1.1510,0.1153,-0.1105
-0.8814,-13.8336,-0.3832,1.5602,-0.0546,0.1008
-0.4215,-12.8756,0.1150,1.5869,-0.1615,0.1566
-0.1533,-16.5161,0.9197,1.5553,-0.0328,0.1263
0.0766,-24.9465,2.6441,2.1041,0.1238,0.1153
-0.1150,-21.8809,-1.1496,4.1123,-0.2732,0.5415
-0.1150,-9.6567,-2.0693,3.7092,-0.3582,0.2793
-0.5365,-11.4578,1.8011,0.9191,0.0583,-0.0765
-0.7281,-10.8063,2.8740,0.5318,0.0134,-0.1421
-0.7664,-7.2809,3.2189,1.1765,-0.1603,0.0546
-0.4982,-7.2042,3.9087,1.2809,-0.1263,0.2137
-0.1916,-8.0089,5.0200,1.3659,0.0813,0.2380
-0.2299,-8.3538,5.4798,1.5347,0.1809,0.2355
-0.1150,-9.1969,4.8667,1.4679,0.3120,0.2671
-0.0383,-10.2698,4.2536,1.2311,0.3982,0.2683
0.0383,-10.3465,3.2572,0.9567,0.3885,0.1906
-0.1150,-9.8100,2.9890,0.6496,0.4322,0.1214
-0.2299,-9.8866,3.7171,0.5719,0.3934,0.0947
-0.1916,-9.6567,4.1769,0.6447,0.2938,0.0789
-0.4982,-9.4651,4.0236,0.6241,0.2635,0.0692
-0.9963,-9.4651,4.4452,0.6374,0.2331,0.0789
-1.0346,-9.6184,4.2536,0.6399,0.1700,0.0971
-0.9963,-9.6567,4.0620,0.5706,0.1518,0.1105
-0.6514,-9.3502,3.9470,0.5500,0.1445,0.1190
-0.4598,-9.0819,3.6404,0.4759,0.1700,0.0874

