-.-.-
3.9087,-3.4105,-1.8777,-0.0194,0.6071,-0.0486
0.1533,-2.9507,-2.0310,-0.2465,0.5209,-0.0364
-1.8011,-5.2116,0.3449,-0.0583,0.3023,0.1700
-2.1843,-5.4032,1.5711,0.5282,0.1736,0.1688
1.1496,-3.7554,-1.9927,0.8511,0.0668,0.0012
5.8247,-5.2882,-15.2898,-0.0461,1.0223,-0.4128
0.3832,-14.1402,0.4215,-1.8200,0.4589,-0.3995
-2.1843,-18.7003,-0.3066,1.4983,-0.3521,-0.5791
-9.8866,-13.4121,-5.5948,-0.1943,-0.3995,0.2780
-3.0656,-11.9176,-3.2572,0.6860,-1.3489,0.4893
3.7937,-11.0746,-2.2226,0.8487,-1.4254,0.4080
2.6441,-14.1019,-3.4871,-0.8280,-1.3562,0.5306
0.6514,-16.9376,-1.1496,-0.8317,-1.2821,0.2562
-1.3412,-15.9029,-1.3795,-0.1311,-1.0964,0.2853
-1.4179,-14.2935,-1.2646,-0.3351,-1.1267,0.6763
-0.4598,-11.8410,-0.9580,-0.1117,-1.0369,1.0854
0.4598,-9.0053,-0.5365,-0.1433,-0.8499,1.2736
1.4179,-8.6987,-0.6131,-0.4699,-0.5342,1.0405
3.0656,-9.4268,0.1916,-0.5561,-0.3132,0.7601
1.6861,-7.9323,1.2263,-0.0449,-0.2003,0.4602
-1.2646,-5.7097,2.4142,0.7467,-0.1615,0.1955
-4.0236,-3.3722,0.5365,1.0575,-0.1882,-0.1251
-3.6787,-0.9963,-2.6441,0.6144,-0.3873,-0.4541
-0.3449,-1.5711,-1.8777,0.2720,-0.5597,-0.7066
0.2299,-3.7937,1.9160,0.3424,-0.1384,-0.5852
-3.1806,-5.4032,-0.3832,0.9191,0.2841,-0.3254
-5.6714,-9.5034,-22.8772,-0.0449,-0.7491,0.4662
0.6898,-24.2951,5.2116,-3.1179,0.5937,0.9750
3.1423,-21.8809,-5.1349,1.8358,-0.6508,1.2906
4.1003,-11.7643,-6.7444,0.5476,1.2943,0.0789
-1.6095,-12.0326,-2.1076,0.1153,1.6816,-0.1797
-4.4835,-14.4084,-2.9123,-0.6799,1.7277,-0.1445
-1.5711,-16.7077,-0.9963,-0.6326,1.5201,-0.4978
-0.9580,-11.6877,-1.3029,0.1700,1.2797,-1.0077
-1.8011,-6.1313,-1.3412,0.0850,1.1437,-1.4983
-3.7171,-2.7591,-0.4598,-0.0826,1.2833,-2.0191
-4.6368,-2.4908,0.0766,-0.1287,1.0527,-2.0689
-0.9580,-7.5108,1.0730,-0.5561,0.2647,-1.0769
-0.2682,-9.3502,1.8011,-0.0231,-0.2440,-0.2028
1.5328,-6.8977,-1.0346,0.5002,-0.3096,-0.1141
2.9123,-3.2572,-2.4525,0.0401,-0.3922,-0.1967
4.9433,-5.1732,-0.2682,-0.2331,-0.0838,-0.0911
2.5675,-9.6950,2.4525,0.1518,0.1663,0.2088
2.1076,-10.7680,2.0310,0.4990,0.5804,0.3035
2.1843,-8.4688,-1.1113,0.5099,1.0818,0.1020
4.7900,-9.6567,-9.4268,0.4869,1.2166,-0.1068
-0.3066,-13.5271,-3.6787,-1.3343,1.3380,-0.2428
-5.0583,-14.7916,2.9507,1.8042,0.2283,-0.4990
-8.6221,-7.5108,-7.0893,1.2882,-0.0255,-0.4978
-5.4798,-10.2698,-3.2572,-0.2513,-1.1571,0.1469
0.2682,-11.8410,-4.9433,-0.1117,-1.4072,0.0449
2.9123,-16.5161,-4.1769,-0.8086,-1.4388,0.0704
3.7554,-19.0069,-2.7591,-0.7965,-1.1158,0.1214
0.9197,-15.5964,-2.5675,0.1056,-0.7855,0.5828
-0.3449,-11.6494,-1.6861,0.1615,-0.8948,0.9482
0.3449,-8.9670,-1.2263,-0.2780,-0.7115,1.2579
1.7627,-6.5911,-0.6514,-0.4165,-0.4359,1.3550
1.1113,-7.0893,-0.8047,-0.8365,-0.1384,1.2506
0.4215,-8.6987,0.5365,-0.8293,0.2040,1.0806
-0.0383,-8.7754,1.0730,-0.2963,0.5184,1.0952
-0.6514,-7.1659,1.6861,0.1991,0.6787,1.0381
-2.4908,-3.9853,1.4945,0.5767,0.5791,0.5949
-2.1459,-3.4105,1.4945,0.8839,0.3509,0.0643
-1.4179,-5.0583,1.4562,0.6884,0.0983,-0.0401
-2.3759,-5.0583,-0.4982,0.6277,-0.1238,0.2125
-0.3449,-4.1769,-0.7664,0.6556,0.3630,0.5439
-1.9160,-8.3155,-2.3375,0.8705,1.0041,0.6277
5.4032,-13.7187,-15.0216,-0.0498,-0.4687,1.2943
5.8247,-18.7003,2.0693,0.5136,1.6439,1.2275
4.4835,-14.6384,-4.7134,1.4084,1.4813,1.2494
0.8814,-13.1822,-4.5601,0.8317,2.2280,0.5294
-4.4835,-13.2588,-5.6714,0.9033,2.7755,-0.1736
-6.4761,-13.4121,-3.2189,0.1493,2.7780,-0.4274
-0.2682,-18.4321,-0.7281,-0.6168,2.4926,-0.6034
2.2992,-17.5890,-1.0730,-0.0716,2.4137,-0.8171
0.3066,-13.3738,-1.3795,0.6083,2.7112,-0.8693
-2.1076,-8.5071,-0.7664,0.3922,2.7440,-0.9373
-2.9123,-4.9433,-0.2299,0.0328,2.1988,-0.9410
-1.3795,-5.9780,1.0730,-0.3885,1.8989,-0.6823
1.0730,-9.5801,1.1113,-0.5876,1.4703,-0.2368
0.5748,-9.6567,0.5748,0.0316,1.0551,0.2015
-0.7281,-5.6331,-0.6131,0.4844,0.8803,0.3485
-1.2263,-2.0310,-0.1150,0.4492,0.7904,0.4383
0.0000,-1.5711,0.5748,0.5646,0.6666,0.4274
-0.3066,-1.2646,-0.6898,0.3181,0.5354,0.5172
-0.2682,-2.3375,-0.2299,0.3181,0.5184,0.6071
3.3722,-6.5911,-2.6441,0.5597,0.6556,0.3873
3.7554,-9.8483,-13.4888,-1.1097,0.9810,-0.0498
-1.1113,-25.4447,6.6294,-0.3145,-0.0474,-0.5901
-6.9360,-19.3518,-10.1549,0.5354,0.5451,-0.7188
-7.5108,-12.4924,-3.0656,0.9276,-0.2234,-0.0206
5.4798,-9.2352,-4.1769,1.2251,-0.6447,0.0170
8.8903,-9.4651,-4.1003,-0.7479,0.2853,0.3557
0.7664,-17.7423,-2.0310,-1.6172,0.6034,0.7928
-2.8357,-19.0069,-1.3795,-0.5670,0.9580,0.9240
-1.4179,-13.7187,-1.7627,0.2780,1.1194,0.9980
0.9197,-9.0436,-0.8430,0.1469,1.1522,1.1231
1.5711,-4.9816,-0.7664,-0.1651,1.4339,1.1182
0.3066,-5.2116,-0.0766,-0.4213,1.6488,0.9871
-0.6131,-7.4341,1.5328,-0.2052,1.5760,0.8341
-0.3066,-7.3192,1.4562,0.1311,1.5687,0.7503
-2.1459,-5.5564,1.7627,0.4905,1.6148,0.5658
-2.9890,-4.5984,2.1843,1.0442,1.3671,0.4504
-2.7591,-4.3302,1.3029,1.1000,1.1984,0.3302
-0.3449,-3.8704,-0.4982,0.5549,1.3611,0.1251
3.3722,-4.7134,1.1113,0.4019,1.7593,-0.1724
-1.9543,-7.6257,-0.2299,0.7394,1.8613,-0.2914
-1.3029,-13.1822,-16.8226,-0.4808,1.0842,0.2914
-0.3832,-18.5470,6.4378,0.6083,2.6553,0.2513
4.9050,-9.6567,-8.7754,2.1114,1.8236,0.7819
5.6331,-10.2698,-6.0163,0.1943,2.6444,0.6144
-1.1113,-13.6804,-6.3612,0.2501,3.1896,0.1761
-7.1276,-16.4777,-5.0583,-0.3387,2.9613,-0.3363
-6.6677,-21.9575,-2.0310,-0.5791,2.6553,-0.4978
-0.9197,-18.5087,-2.2992,0.2695,2.0810,-0.9240
0.6514,-11.8793,-2.3759,0.7977,2.3979,-1.0272
0.8814,-8.3155,-0.9963,0.1530,2.6687,-1.2178
0.2299,-7.8557,-0.3449,-0.4577,2.6055,-1.0187
-1.5711,-9.1202,-0.3066,-0.7406,2.3967,-0.6107
-1.3795,-9.6184,0.0383,-0.7224,1.9499,-0.4942
-0.8430,-7.8557,0.5365,-0.2963,1.4873,-0.5949
-1.2263,-4.6368,0.6131,0.0583,1.2020,-0.8098
-2.1076,-2.0693,0.5365,0.0728,1.0320,-0.8353
-1.7627,-1.2646,1.4945,0.2210,1.0697,-0.5209
-0.7281,-2.2992,2.2992,0.3897,1.0284,-0.1785
2.5291,-3.6404,0.1916,0.5257,0.9835,0.0243
3.7171,-3.9470,-4.1769,0.3351,0.7418,0.0607
1.7244,-9.2352,-1.9927,-0.0073,-0.2659,0.2052

