-.-.-
-10.3465,1.1879,3.7171,-0.4881,-1.6027,0.5124
-8.1239,2.0693,3.5638,-0.4662,-0.9179,-0.2926
-5.7864,0.9580,2.9123,-0.3727,-0.9713,-0.5925
-6.0929,-0.9580,3.0273,-0.6884,-1.3501,-0.3217
-6.0546,-1.6861,5.0966,-0.7940,-1.8358,0.2064
-6.2462,-0.5365,6.4761,0.3096,-1.0102,0.2841
-5.9013,1.1496,5.9396,0.8560,0.0643,-0.2076
-6.1696,1.3412,5.6331,0.9118,0.5828,-0.5112
-6.5145,2.6058,4.9816,1.0320,0.7503,-0.5148
-5.5564,3.7554,4.2919,0.6763,0.9070,-0.5779
-5.3265,2.9890,4.2536,-0.0267,0.9191,-0.6993
-6.0929,1.2263,4.9050,-0.2720,0.8159,-0.6981
-6.0929,0.5748,4.3685,0.0826,1.0599,-0.7236
-6.5911,0.9197,3.2955,0.2780,1.3028,-0.7309
-7.3192,0.4982,2.0310,0.0898,1.4120,-0.7916
-8.7754,-0.6898,1.1496,-0.0546,1.4315,-0.8195
-10.9979,-0.9963,0.3832,-0.0692,1.2396,-0.6823
-9.8100,-0.6514,-0.0766,0.1676,0.9725,-0.4055
-8.5454,-0.4598,-0.0383,0.1251,1.0065,-0.2756
-9.5418,-0.7281,-0.1916,-0.1700,0.9397,-0.2295
-10.5381,-1.2646,-0.2299,-0.4480,0.5937,0.0267
-9.8866,-1.8777,-0.0383,-0.2999,0.2647,0.1930
-10.0399,-1.2646,-0.0766,0.0109,0.1761,0.1943
-10.6147,-0.3832,-0.1916,0.0850,0.0401,0.0668
-10.6530,-0.3066,-0.1533,-0.0449,-0.1870,0.0061
-10.3465,-0.7281,0.2682,-0.0753,-0.3922,0.0061
-9.5034,-0.8814,0.9580,0.0316,-0.4055,0.0437
-9.0053,-0.2299,1.4562,0.1348,-0.4007,0.0583
-8.6221,0.1916,1.6478,0.1930,-0.3885,0.0559
-8.4688,0.3449,1.6095,0.1056,-0.3715,0.0631
-8.6604,0.1150,1.5711,-0.0813,-0.4080,0.1178
-8.9286,-0.2299,1.6861,-0.1506,-0.4517,0.1979
-8.8520,-0.1916,1.9160,-0.0194,-0.4371,0.2246
-8.7370,0.1150,2.1459,0.1566,-0.3776,0.1724
-8.6221,0.4982,2.1076,0.2283,-0.3084,0.1166
-8.4688,0.6131,2.2226,0.1858,-0.2404,0.0692
-8.4305,0.8047,2.1076,0.1251,-0.2088,0.0328
-8.5071,0.7281,2.1459,0.0826,-0.1833,0.0146
-8.4305,0.4598,2.2226,0.0668,-0.1445,0.0073
-8.3921,0.4215,2.3375,0.0619,-0.0983,0.0024
-8.3538,0.3066,2.2226,0.0571,-0.0801,0.0000
-8.5454,0.3449,2.2226,0.0619,-0.0971,-0.0061
-8.5838,0.3449,2.2609,0.0850,-0.1056,-0.0085
-8.5838,0.2682,2.2226,0.1068,-0.0716,-0.0206
-8.5838,0.3066,2.3375,0.0571,-0.0364,-0.0316
-8.5838,0.3066,2.1459,0.0134,-0.0243,-0.0352
-8.5454,0.2682,2.1459,-0.0036,-0.0134,-0.0364
-8.4688,0.2299,2.1459,-0.0134,-0.0085,-0.0316
-8.3921,0.1533,2.1843,0.0097,-0.0109,-0.0316
-8.5454,0.2682,2.2992,0.0206,-0.0146,-0.0206
-8.5454,0.3449,2.2609,0.0012,-0.0073,-0.0024
-8.4688,0.2682,2.3759,-0.0206,0.0024,0.0000
-8.5071,0.3066,2.2609,-0.0461,0.0097,0.0024
-8.6221,0.2682,2.0693,-0.0486,0.0085,0.0024
-8.5838,0.2299,2.1843,-0.0425,0.0146,0.0012
-8.5838,0.1916,2.2992,-0.0316,0.0267,0.0012
-8.7754,0.4215,2.2226,-0.0219,0.0255,-0.0036
-8.6604,0.4215,2.1843,-0.0085,0.0182,-0.0158
-8.4688,0.3449,2.2609,-0.0231,0.0134,-0.0073
-8.6987,0.2682,2.2226,-0.0328,0.0085,-0.0012
-8.5838,0.3066,2.1459,-0.0291,-0.0085,0.0012
-8.6221,0.3066,2.0693,-0.0219,-0.0097,0.0000
-8.6221,0.3449,2.1843,-0.0328,-0.0109,-0.0012
-8.5454,0.4215,2.2226,-0.0449,-0.0158,0.0000
-8.5838,0.3066,2.2609,-0.0498,-0.0206,-0.0012
-8.6987,0.2682,2.2992,-0.0498,-0.0219,-0.0012
-8.5071,0.3066,2.3759,-0.0498,-0.0146,-0.0036
-8.5454,0.3832,2.2609,-0.0449,-0.0146,-0.0049
-8.4688,0.3066,2.3375,-0.0534,-0.0146,-0.0073
-8.4688,0.2299,2.4142,-0.0619,-0.0073,-0.0085
-8.5071,0.1916,2.3759,-0.0643,0.0158,-0.0061
-8.6221,0.2682,2.2226,-0.0680,0.0255,-0.0012
-8.5454,0.1916,2.1843,-0.0692,0.0085,0.0036
-8.3921,0.1533,2.3759,-0.0437,0.0036,0.0085
-8.4688,0.3832,2.3375,-0.0255,0.0085,0.0049
-8.5838,0.4982,2.3375,-0.0449,0.0109,0.0036
-8.6604,0.3832,2.3375,-0.0583,0.0206,-0.0012
-8.5071,0.4215,2.2226,-0.0728,0.0291,-0.0049
-8.5454,0.3449,2.2609,-0.0741,0.0364,-0.0036
-8.4305,0.2299,2.3375,-0.0826,0.0328,-0.0024
-8.5071,0.2682,2.3375,-0.0911,0.0279,0.0000
-8.4688,0.3832,2.3375,-0.0898,0.0194,0.0000
-8.5454,0.3066,2.2992,-0.0886,0.0279,-0.0049
-8.6221,0.2299,2.2992,-0.0911,0.0316,-0.0061
-8.5454,0.3449,2.3375,-0.0923,0.0304,-0.0061
-8.5454,0.3066,2.2226,-0.0886,0.0352,-0.0061
-8.4305,0.2299,2.2609,-0.0850,0.0352,-0.0012
-8.5454,0.2299,2.2609,-0.0777,0.0352,0.0012
-8.5071,0.3066,2.2992,-0.0716,0.0340,0.0012
-8.5838,0.3832,2.2226,-0.0656,0.0316,0.0024
-8.4688,0.2682,2.2609,-0.0741,0.0340,0.0012
-8.5071,0.2299,2.3375,-0.0741,0.0437,0.0000
-8.5454,0.4215,2.3759,-0.0680,0.0437,0.0024
-8.6604,0.3066,2.2226,-0.0619,0.0437,0.0024
-8.6604,0.3449,2.2609,-0.0680,0.0413,-0.0024
-8.6604,0.3066,2.1076,-0.0801,0.0401,-0.0036
-8.4688,0.2299,2.3375,-0.0923,0.0376,-0.0036
-8.5454,0.2682,2.3375,-0.0838,0.0364,-0.0024
-8.4305,0.2299,2.2226,-0.0741,0.0316,-0.0012
-8.5454,0.3066,2.1076,-0.0741,0.0328,-0.0036
-8.4688,0.2299,2.2226,-0.0741,0.0316,-0.0049
-8.6604,0.4598,2.1459,-0.0838,0.0279,-0.0097
-8.5838,0.2299,2.2226,-0.1008,0.0401,-0.0134
-8.7370,0.2299,2.2992,-0.0971,0.0656,-0.0097
-8.6604,0.2299,2.1843,-0.0546,0.0474,0.0012
-8.5071,0.3832,2.0693,-0.0304,0.0158,0.0049
-8.5838,0.3066,2.2609,-0.0279,0.0255,0.0036
-8.7370,0.3832,2.1076,-0.0474,0.0352,0.0012
-8.6987,0.3832,2.1076,-0.0643,0.0255,0.0000
-8.6604,0.3449,2.2226,-0.0571,0.0279,-0.0036
-8.5838,0.2682,2.1843,-0.0583,0.0316,-0.0036
-8.6221,0.2682,2.2226,-0.0571,0.0291,-0.0036
-8.6221,0.2682,2.1843,-0.0522,0.0279,-0.0036
-8.6221,0.3066,2.1459,-0.0522,0.0206,-0.0061
-8.6221,0.2682,2.1459,-0.0498,0.0158,-0.0049
-8.6604,0.3832,2.1076,-0.0510,0.0109,-0.0073
-8.5454,0.3066,2.0693,-0.0413,0.0121,-0.0061
-8.5838,0.2682,2.1843,-0.0352,0.0097,-0.0061
-8.5071,0.3449,2.1843,-0.0304,0.0121,-0.0049
-8.5838,0.3066,2.1843,-0.0364,0.0134,-0.0024
-8.5838,0.3832,2.1459,-0.0376,0.0073,0.0000
-8.5454,0.4598,1.9927,-0.0328,0.0036,0.0000
-8.5454,0.3832,2.1076,-0.0364,0.0012,0.0000
-8.5838,0.4598,2.1459,-0.0413,0.0049,-0.0036
-8.5454,0.2682,2.2609,-0.0376,0.0061,-0.0049
-8.5071,0.3066,2.4908,-0.0340,0.0024,-0.0049
-8.6604,0.3832,2.2226,-0.0279,0.0012,-0.0073
-8.6604,0.3832,2.2609,-0.0328,0.0024,-0.0073

