-.-.-
-1.3795,-8.0856,-3.6404,0.0255,-0.1591,-0.0959
-1.4945,-8.2389,-3.6021,-0.0267,-0.1809,-0.1020
-1.6095,-8.6221,-3.6787,-0.0947,-0.1833,-0.0886
-1.4562,-9.0436,-3.6787,-0.0534,-0.1700,-0.0935
-1.2646,-9.0053,-3.9853,-0.0036,-0.1360,-0.1081
-1.3412,-9.0436,-3.9470,0.0036,-0.1032,-0.1081
-1.3412,-9.0053,-3.8704,0.0364,-0.0971,-0.0923
-1.6861,-8.9286,-3.6404,0.0923,-0.1008,-0.0656
-1.6095,-8.6987,-3.8320,0.1093,-0.1226,-0.0534
-1.5711,-8.4305,-3.7171,0.0850,-0.1360,-0.0401
-1.4179,-8.4688,-3.6021,0.1020,-0.1348,-0.0352
-1.2263,-8.4688,-3.4105,0.1141,-0.1226,-0.0328
-1.1496,-8.2005,-3.5638,0.1311,-0.0911,-0.0194
-1.3029,-8.1239,-3.7171,0.0935,-0.0813,-0.0134
-1.1879,-8.3538,-3.4871,0.0304,-0.0753,-0.0061
-1.4945,-8.5838,-3.7937,0.0170,-0.0449,-0.0061
-1.3412,-8.7370,-4.0236,0.0571,-0.0170,-0.0061
-1.4562,-8.8520,-3.9853,0.0753,-0.0012,-0.0097
-1.6095,-9.0436,-3.9853,0.0801,0.0085,-0.0061
-1.3029,-8.9670,-3.9087,0.0983,0.0243,0.0000
-1.5328,-8.6987,-3.6021,0.1093,0.0340,0.0146
-1.4179,-8.6221,-3.6404,0.1056,0.0437,0.0279
-1.4945,-8.5838,-3.5638,0.1008,0.0534,0.0376
-1.5711,-8.5454,-3.9470,0.0983,0.0522,0.0498
-1.4562,-8.4305,-3.9470,0.0862,0.0522,0.0474
-1.5711,-8.3155,-3.9470,0.0631,0.0546,0.0401
-1.4945,-8.4305,-3.8320,0.0680,0.0656,0.0304
-1.6478,-8.4305,-3.7937,0.0607,0.0571,0.0194
-1.6478,-8.5071,-3.7171,0.0522,0.0534,0.0097
-1.5328,-8.6221,-3.9087,0.0680,0.0534,0.0024
-1.5711,-8.4305,-3.6404,0.0911,0.0546,-0.0036
-1.7244,-8.3538,-3.8320,0.0947,0.0486,-0.0085
-1.6478,-8.5454,-3.7554,0.0777,0.0522,-0.0109
-1.7627,-8.5838,-3.7171,0.0704,0.0352,-0.0134
-1.7244,-8.6987,-3.6787,0.0874,0.0219,-0.0109
-1.7627,-8.4305,-3.7554,0.0838,0.0012,-0.0170
-1.7627,-8.4688,-3.6021,0.0753,-0.0097,-0.0267
-1.4945,-8.8137,-3.6787,0.0534,-0.0121,-0.0413
-1.6861,-8.7754,-3.7554,0.0704,-0.0121,-0.0461
-1.6095,-8.5838,-3.9087,0.0838,-0.0061,-0.0461
-1.4179,-8.5838,-3.6404,0.0911,-0.0024,-0.0389
-1.6095,-8.3921,-3.6787,0.0765,-0.0061,-0.0340
-1.5711,-8.5838,-3.4488,0.0498,-0.0109,-0.0279
-1.6095,-8.5838,-3.7937,0.0486,-0.0109,-0.0158
-1.5328,-8.7370,-3.7171,0.0364,-0.0036,-0.0134
-1.6095,-8.5838,-3.7554,0.0522,-0.0073,-0.0182
-1.6861,-8.2772,-3.7171,0.0704,-0.0158,-0.0255
-1.6095,-8.3921,-3.5638,0.0498,-0.0219,-0.0255
-1.5711,-8.5454,-3.7937,0.0316,-0.0291,-0.0279
-1.5711,-8.4688,-3.8704,0.0546,-0.0194,-0.0267
-1.5711,-8.2005,-3.7171,0.0583,-0.0012,-0.0158
-1.5328,-8.0089,-3.7554,0.0109,0.0243,0.0061
-1.6478,-7.5874,-3.8320,-0.0850,0.0546,0.0340
-1.4562,-6.9743,-4.1386,-0.1736,0.1081,0.0546
-1.2263,-6.0546,-3.9470,-0.2283,0.1943,0.0826
-0.9197,-5.1349,-3.5638,-0.2586,0.2562,0.1141
-0.9580,-4.4835,-3.1039,-0.2732,0.2805,0.1481
-0.4598,-3.7937,-3.7937,-0.4237,0.2902,0.1578
-0.3449,-4.2152,-4.1003,-0.6896,0.4067,0.1421
-0.6131,-5.7097,-4.0620,-0.7868,0.5172,0.1008
-1.3029,-6.8977,-3.9087,-0.6508,0.5160,0.0692
-1.3412,-7.3958,-4.1003,-0.5330,0.4832,0.0109
-1.1879,-7.7790,-4.5984,-0.5876,0.5221,-0.0801
-1.1113,-8.8137,-4.4068,-0.6945,0.6751,-0.1943
-1.3795,-9.8866,-5.3648,-0.4747,0.8693,-0.2416
-1.3795,-10.1932,-5.9013,-0.3497,0.9665,-0.1554
-0.8430,-9.9250,-6.7444,-0.2683,0.7989,-0.0777
-1.3029,-9.9633,-5.8630,-0.2368,0.6447,-0.0449
-1.8777,-10.4998,-5.5948,-0.2465,0.6399,-0.0486
-1.2646,-10.5381,-5.4415,-0.0522,0.5791,-0.0996
-0.9963,-10.3848,-5.9396,-0.0716,0.4517,-0.1251
-1.5328,-11.5727,-6.0929,-0.1360,0.4468,-0.0085
-1.8394,-13.0289,-6.2079,-0.0279,0.3922,0.2088
-2.2992,-13.3355,-6.9360,0.1858,0.3873,0.2659
-2.8357,-14.7533,-7.3958,0.3521,0.2258,0.2720
-2.4525,-17.9722,-7.2042,0.6666,-0.0559,0.2780
-3.4871,-20.9229,-8.1622,1.2882,-0.3327,0.3740
-5.2882,-23.6436,-9.4268,1.4424,-0.3849,0.6447
-4.8667,-26.3644,-8.7370,1.6658,-0.3424,0.5549
-3.6021,-25.1764,-7.2809,2.3931,-0.2756,0.2525
-2.4525,-19.7350,-6.0546,2.9941,-0.2938,0.3315
-2.4525,-10.9213,-5.6331,2.3906,-0.3521,0.7078
-3.4488,-1.9160,-6.0546,0.5876,-0.1481,0.9956
0.0000,4.4835,-2.7974,-1.5857,-0.1530,0.9373
7.5108,12.1475,0.4215,-0.7637,0.3995,-0.1032
7.7407,9.5801,-4.9433,1.2421,0.0012,-1.1146
-0.3449,-4.2536,-3.6787,-1.0284,-1.3999,-0.3800
-5.6714,-2.5675,-1.0346,0.9932,-0.0134,-0.1287
-3.7937,2.9890,-0.5365,1.1340,0.0704,0.0219
2.0310,2.3375,1.6478,-0.2987,-0.5269,-0.1044
3.6021,1.8394,-0.9580,-0.1651,-0.4699,-0.1226
1.3795,1.8394,-2.0310,-0.4432,-0.1773,-0.0364
0.8047,0.5748,-1.4179,-0.5512,-0.1408,0.0474
0.7664,0.1916,-0.7664,-0.1251,0.0826,0.0036
1.3795,1.1113,-0.8047,-0.1566,0.1882,-0.0206
2.2992,0.8814,-0.6131,-0.4517,0.0971,0.1724
2.0310,-0.0383,-1.3795,-0.4298,0.0826,0.2428
1.6861,-0.7281,-1.2646,-0.2841,0.2161,0.1858
-0.3832,-1.6478,-0.8430,-0.0061,0.1311,0.0134
0.7664,-2.4908,-7.7407,0.2319,-0.0704,-0.3946
-7.5874,-9.8866,-12.2242,-0.4480,-0.1348,-0.2453
-13.6420,-26.4410,-4.4835,-2.2947,0.0498,0.2732
-6.7061,-35.5229,-11.8410,-2.6359,-0.7564,-0.6301
-1.3412,-32.5723,-14.4468,-1.0502,0.5876,-0.8669
-2.5675,-25.2531,-7.1276,2.2583,-0.2610,-1.1546
-1.8011,-16.3628,-5.4415,2.3919,-0.7006,-0.1991
-1.0730,-11.4961,-4.1386,1.4728,-0.6860,0.1688
-2.0310,-9.4651,-4.8667,-0.0474,-0.3776,-0.0643
-2.4525,-9.1586,-5.4032,-0.9725,-0.0898,-0.2234
-1.4179,-7.8173,-4.7134,-0.5804,-0.1360,-0.2380
-0.2299,-6.2079,-4.8284,0.0328,-0.2198,-0.2161
0.4598,-5.3648,-3.6404,0.0741,-0.1809,-0.1906
0.5365,-5.0200,-3.0656,-0.0461,-0.1263,-0.1785
0.4215,-4.7900,-3.2955,-0.1967,-0.0243,-0.1700
0.0383,-4.9050,-2.9890,-0.2853,0.0510,-0.1566
-0.7281,-4.9433,-2.6824,-0.2550,0.0437,-0.1651
-0.7281,-5.5564,-3.1423,-0.1797,0.1068,-0.1761
-0.9963,-6.1313,-3.7171,-0.2865,0.1263,-0.1797
-1.4562,-7.3575,-4.2919,-0.3485,0.1032,-0.1639
-1.7244,-8.2772,-4.9433,-0.3436,0.0753,-0.1469
-2.0310,-9.1586,-5.1349,-0.3363,0.0182,-0.1761
-2.6058,-9.7334,-5.1732,-0.2623,-0.0777,-0.2368
-2.4142,-9.8483,-4.9816,-0.1639,-0.2040,-0.2525
-2.1843,-9.6950,-4.8284,0.0061,-0.2963,-0.2465
-1.1879,-9.1202,-4.7900,0.0619,-0.3230,-0.2465
-0.8814,-8.4305,-4.7134,0.0716,-0.2793,-0.2368
-1.0346,-8.1622,-4.2536,0.0085,-0.1979,-0.1918
-1.2263,-8.0473,-4.2536,-0.0607,-0.1506,-0.1615

