-.-.-
0.0383,-1.8394,9.2735,0.0461,0.0886,-0.0049
0.0766,-1.9160,9.2352,0.0522,0.0862,-0.0024
0.1150,-1.9543,9.1969,0.0498,0.0850,-0.0024
0.0766,-1.8777,9.1969,0.0437,0.0862,-0.0024
0.0383,-1.7627,9.1969,0.0340,0.0850,-0.0036
0.0383,-1.7244,9.2352,0.0279,0.0850,-0.0036
0.1150,-1.8777,9.2352,0.0243,0.0874,-0.0036
0.0766,-1.8394,9.2735,0.0304,0.0874,-0.0024
0.1150,-1.8777,9.1202,0.0352,0.0862,-0.0024
0.2299,-1.8777,9.1586,0.0364,0.0862,-0.0024
0.0766,-1.8011,9.1969,0.0364,0.0850,-0.0036
0.1533,-1.8011,9.2352,0.0437,0.0850,-0.0024
0.1150,-1.8394,9.3502,0.0486,0.0850,-0.0036
0.0383,-1.8011,9.3118,0.0461,0.0838,-0.0036
0.1150,-1.6861,9.1969,0.0389,0.0813,-0.0024
0.0383,-1.7627,9.3118,0.0340,0.0838,-0.0036
0.0766,-1.7627,9.1969,0.0291,0.0838,-0.0049
0.1150,-1.6478,9.1586,0.0291,0.0862,-0.0061
0.1533,-1.7627,9.2735,0.0304,0.0886,-0.0049
0.0766,-1.6861,9.3118,0.0316,0.0911,-0.0036
0.1533,-1.5711,9.1969,0.0328,0.0947,-0.0012
0.1150,-1.6478,9.3118,0.0364,0.0983,0.0000
0.1150,-1.5711,9.3502,0.0413,0.0947,-0.0024
0.1150,-1.7244,9.4268,0.0510,0.0850,-0.0049
0.1533,-1.7244,9.1969,0.0546,0.0813,-0.0024
0.1150,-1.5711,9.2352,0.0498,0.0874,-0.0036
0.0383,-1.6095,9.2735,0.0267,0.0911,-0.0024
0.1916,-1.5328,9.2352,0.0085,0.0898,-0.0036
0.1533,-1.6095,9.2735,0.0085,0.0971,-0.0061
0.1150,-1.6095,9.2735,0.0231,0.0983,-0.0036
0.0383,-1.6478,9.1969,0.0316,0.0862,-0.0036
0.1150,-1.5711,9.1969,0.0340,0.0826,-0.0049
0.0766,-1.5711,9.1969,0.0389,0.0886,-0.0073
0.0000,-1.5328,9.2735,0.0364,0.0886,-0.0073
0.1150,-1.4562,9.4268,0.0352,0.0862,-0.0085
0.0766,-1.5711,9.2735,0.0328,0.0898,-0.0061
0.1533,-1.4945,9.1586,0.0376,0.0935,-0.0049
0.0766,-1.4945,9.3885,0.0461,0.0935,-0.0024
0.0383,-1.5328,9.2735,0.0461,0.0935,-0.0036
0.0383,-1.4945,9.3502,0.0401,0.0911,-0.0036
0.0766,-1.5328,9.3502,0.0376,0.0874,-0.0073
0.1150,-1.5711,9.2735,0.0340,0.0862,-0.0061
0.0766,-1.4945,9.2735,0.0328,0.0874,-0.0049
0.1150,-1.5328,9.3118,0.0279,0.0850,-0.0036
0.0766,-1.3029,9.3118,0.0206,0.0850,-0.0049
0.1916,-1.4945,9.2735,0.0097,0.0813,-0.0049
0.0766,-1.2646,9.2735,0.0012,0.0801,-0.0049
0.1916,-1.3412,9.4268,-0.0036,0.0850,-0.0061
0.1150,-1.4179,9.3502,-0.0085,0.0850,-0.0049
0.0383,-1.4179,9.2735,-0.0194,0.0838,-0.0049
0.0766,-1.4179,9.3502,-0.0304,0.0801,-0.0073
0.0383,-1.3795,9.2352,-0.0352,0.0801,-0.0061
0.1150,-1.4179,9.3118,-0.0401,0.0777,-0.0049
0.0000,-1.3412,9.2735,-0.0352,0.0826,-0.0049
0.0766,-1.4562,9.2352,-0.0352,0.0850,-0.0012
0.1150,-1.4562,9.4268,-0.0389,0.0838,-0.0049
0.1533,-1.4945,9.2352,-0.0449,0.0801,-0.0049
0.1150,-1.4562,9.2735,-0.0461,0.0777,-0.0049
0.0766,-1.4945,9.2735,-0.0486,0.0789,-0.0012
0.0383,-1.4945,9.3885,-0.0498,0.0826,-0.0024
0.1150,-1.5328,9.3885,-0.0546,0.0826,-0.0024
0.0766,-1.4562,9.2735,-0.0619,0.0850,-0.0036
0.0766,-1.4945,9.2352,-0.0692,0.0826,-0.0036
0.0766,-1.4945,9.4268,-0.0753,0.0777,-0.0024
0.0000,-1.4945,9.2352,-0.0789,0.0765,-0.0012
0.1150,-1.6478,9.1969,-0.0801,0.0777,-0.0024
0.0766,-1.4562,9.3118,-0.0813,0.0789,0.0000
0.0766,-1.6095,9.3885,-0.0753,0.0801,-0.0012
0.1150,-1.5711,9.2735,-0.0643,0.0765,-0.0024
0.0766,-1.4562,9.3118,-0.0571,0.0716,-0.0024
0.1150,-1.5711,9.3885,-0.0656,0.0741,-0.0024
0.0383,-1.4945,9.2735,-0.0923,0.0777,-0.0049
0.0766,-1.5711,9.2352,-0.1226,0.0741,-0.0049
0.1916,-1.6861,9.3118,-0.1178,0.0777,-0.0049
0.0383,-1.6478,9.2352,-0.0923,0.0850,-0.0036
0.0766,-1.6478,9.1202,-0.0668,0.0813,-0.0024
0.1150,-1.6478,9.1969,-0.0777,0.0753,-0.0036
0.0383,-1.7244,9.1969,-0.1020,0.0777,-0.0061
0.1916,-1.7244,9.1586,-0.1093,0.0826,-0.0073
0.1150,-1.6861,9.1586,-0.0983,0.0838,-0.0085
0.1150,-1.7244,9.3502,-0.0874,0.0838,-0.0036
0.0383,-1.8011,9.3502,-0.0741,0.0813,-0.0024
0.1533,-1.8394,9.2352,-0.0668,0.0777,-0.0024
0.0766,-1.7244,9.1969,-0.0668,0.0801,-0.0036
0.1150,-1.7627,9.3885,-0.0741,0.0813,-0.0024
0.0766,-1.8011,9.1969,-0.0777,0.0789,-0.0024
0.0383,-1.7627,9.3118,-0.0741,0.0801,-0.0036
0.0383,-1.7627,9.1969,-0.0668,0.0765,-0.0036
0.0383,-1.8394,9.1586,-0.0571,0.0777,-0.0012
0.2299,-1.8394,9.3118,-0.0546,0.0777,-0.0012
0.1150,-1.8777,9.2352,-0.0668,0.0765,-0.0024
0.1533,-1.8011,9.2352,-0.0765,0.0753,-0.0036
0.0766,-1.7244,9.2352,-0.0716,0.0765,-0.0024
0.2299,-1.9543,9.1586,-0.0607,0.0801,-0.0012
0.1150,-1.8394,9.1969,-0.0607,0.0850,-0.0036
0.1150,-1.9543,9.2735,-0.0741,0.0838,-0.0012
0.0383,-2.0310,9.2735,-0.0789,0.0862,-0.0036
0.0383,-1.8777,9.2352,-0.0656,0.0850,-0.0036
0.1150,-1.9543,9.1586,-0.0522,0.0850,-0.0036
0.1150,-1.9543,9.1202,-0.0510,0.0826,-0.0036
0.2299,-1.9927,9.1586,-0.0559,0.0813,-0.0036
0.1150,-1.9160,9.1586,-0.0619,0.0801,-0.0049
0.1533,-1.9927,9.1586,-0.0643,0.0813,-0.0049
0.1150,-2.0693,9.0819,-0.0643,0.0838,-0.0049
0.0383,-2.0310,9.2735,-0.0680,0.0850,-0.0073
0.1533,-1.9543,9.1586,-0.0692,0.0850,-0.0097
0.1533,-2.0310,9.1202,-0.0741,0.0886,-0.0158
0.1150,-2.1076,9.4268,-0.0692,0.0728,-0.0304
0.1150,-2.1076,9.5418,-0.0959,0.0073,-0.0522
-0.1533,-2.0693,9.9633,-0.2040,-0.1481,-0.0923
-0.1150,-2.0693,10.4998,-0.3509,-0.2744,-0.1421
0.0383,-1.9927,11.1895,-0.5682,-0.3363,-0.2003
0.1916,-2.4142,11.3428,-0.8329,-0.3606,-0.2987
0.3449,-3.8320,10.8446,-0.7078,-0.3497,-0.4334
1.1879,-2.4908,8.1622,-0.2137,-0.3557,-0.6046
2.4525,0.0766,3.8704,-0.9288,-0.2161,-0.7200
1.7244,-2.7591,6.8593,-1.9268,0.1287,-0.6326
0.6131,-6.4378,11.0363,-0.7115,0.2380,-0.4298
0.3066,-5.0583,11.1895,0.4650,0.2574,-0.3800
0.4982,-3.4871,9.3502,0.1979,0.1979,-0.4201
0.3066,-3.7554,8.3921,-0.2938,0.1506,-0.4954
-0.2682,-4.9433,9.0053,-0.0340,-0.0389,-0.5464
0.0766,-5.0583,9.6950,0.5160,-0.3764,-0.7103
1.0730,-3.9470,9.8483,0.6131,-0.7163,-0.8305
2.1843,-2.7974,9.1969,0.5099,-1.0490,-0.8390
2.7591,-1.8011,8.0473,0.5415,-1.2032,-0.8341
3.3339,-0.9197,7.0893,0.5476,-1.1935,-0.8365
3.5638,-0.0383,6.7444,0.3849,-1.0466,-0.7431

