-.-.-
-0.5748,-9.8483,0.0383,-0.0012,0.0813,-0.0073
-0.5748,-9.8483,0.0766,-0.0024,0.0826,-0.0073
-0.7664,-9.7717,0.1150,-0.0061,0.0801,-0.0061
-0.5748,-9.8866,0.1150,-0.0121,0.0801,-0.0049
-0.5748,-9.7717,0.0000,-0.0170,0.0801,-0.0012
-0.6131,-9.7717,0.0000,-0.0219,0.0850,-0.0024
-0.6514,-9.8100,-0.0383,-0.0267,0.0886,0.0000
-0.5365,-9.7717,0.1533,-0.0340,0.0838,-0.0012
-0.5748,-9.6184,0.4982,-0.0413,0.0813,-0.0024
-0.6131,-9.7717,0.1150,-0.0486,0.0826,-0.0012
-0.6514,-9.8866,0.0383,-0.0546,0.0838,0.0000
-0.6131,-9.7717,-0.0766,-0.0619,0.0850,-0.0012
-0.6131,-9.7717,0.1150,-0.0704,0.0838,-0.0012
-0.5748,-9.7717,-0.1150,-0.0777,0.0838,-0.0049
-0.6514,-9.8100,0.0383,-0.0789,0.0838,-0.0036
-0.5748,-9.8866,-0.0383,-0.0813,0.0838,-0.0024
-0.5748,-9.7717,0.1150,-0.0789,0.0838,-0.0024
-0.5748,-9.8483,-0.0383,-0.0765,0.0826,-0.0024
-0.5365,-9.7334,0.1150,-0.0741,0.0826,-0.0024
-0.4598,-9.8483,0.0383,-0.0728,0.0813,-0.0036
-0.6514,-9.7717,0.0383,-0.0741,0.0826,-0.0024
-0.6898,-9.7334,-0.1150,-0.0728,0.0850,-0.0012
-0.6131,-9.6950,-0.0383,-0.0656,0.0850,-0.0024
-0.6131,-9.7334,-0.2682,-0.0595,0.0838,-0.0024
-0.6514,-9.8100,-0.1150,-0.0704,0.0813,-0.0024
-0.6898,-9.8100,-0.3066,-0.0874,0.0801,0.0012
-0.5748,-9.8483,-0.0383,-0.0874,0.0850,0.0012
-0.5748,-9.7334,-0.0383,-0.0704,0.0874,-0.0012
-0.6131,-9.7334,-0.1533,-0.0680,0.0874,-0.0036
-0.6514,-9.8483,-0.1916,-0.0704,0.0813,-0.0085
-0.6131,-9.7334,-0.2299,-0.0753,0.0801,-0.0061
-0.6514,-9.8100,-0.3066,-0.0728,0.0813,-0.0024
-0.6898,-9.7717,-0.2299,-0.0656,0.0850,0.0000
-0.5365,-9.9633,-0.2299,-0.0583,0.0886,0.0012
-0.5748,-9.8100,-0.1916,-0.0571,0.0886,0.0036
-0.5365,-9.8100,-0.1916,-0.0619,0.0874,0.0024
-0.5365,-9.7717,-0.3449,-0.0680,0.0838,-0.0012
-0.5748,-9.8866,-0.3449,-0.0704,0.0826,-0.0036
-0.5748,-9.8483,-0.3449,-0.0692,0.0801,-0.0012
-0.6514,-9.8100,-0.3449,-0.0643,0.0850,0.0012
-0.6131,-9.6950,-0.3449,-0.0583,0.0862,0.0012
-0.6514,-9.7334,-0.3832,-0.0571,0.0862,0.0012
-0.6131,-9.8866,-0.3832,-0.0607,0.0838,0.0000
-0.5365,-9.7334,-0.3449,-0.0595,0.0789,-0.0024
-0.5748,-9.8866,-0.2299,-0.0571,0.0801,-0.0049
-0.6898,-9.6184,-0.2682,-0.0571,0.0838,-0.0049
-0.6514,-9.9250,-0.3066,-0.0595,0.0862,-0.0036
-0.6898,-9.7334,-0.4215,-0.0619,0.0898,-0.0012
-0.6131,-9.8483,-0.4598,-0.0583,0.0898,0.0000
-0.6514,-9.8483,-0.4215,-0.0546,0.0862,-0.0024
-0.5365,-9.8483,-0.3066,-0.0546,0.0874,-0.0024
-0.6898,-9.6950,-0.4598,-0.0607,0.0862,-0.0049
-0.6514,-9.7717,-0.4215,-0.0619,0.0850,-0.0036
-0.6514,-9.7717,-0.4215,-0.0559,0.0838,-0.0024
-0.6514,-9.8100,-0.3832,-0.0522,0.0838,-0.0036
-0.6514,-9.8866,-0.4982,-0.0498,0.0838,-0.0024
-0.5365,-9.8483,-0.4598,-0.0449,0.0838,-0.0012
-0.3066,-9.8866,-0.1916,-0.0352,0.0850,-0.0012
-0.6514,-9.6950,-0.4982,-0.0279,0.0850,0.0000
-0.6131,-9.7334,-0.3832,-0.0134,0.0862,0.0012
-0.6131,-9.8100,-0.5748,0.0000,0.0862,0.0000
-0.6898,-9.8100,-0.4215,0.0121,0.0813,-0.0036
-0.6131,-9.7717,-0.4215,0.0243,0.0753,-0.0085
-0.6131,-9.7717,-0.4215,0.0449,0.0716,-0.0085
-0.6898,-9.8483,-0.4982,0.0595,0.0692,-0.0194
-0.4982,-9.7717,-0.6131,0.0838,0.0546,-0.0425
-0.4982,-10.0016,-0.2299,0.0656,0.0291,-0.0559
-0.4982,-10.0016,-0.2299,0.0049,0.0109,-0.0668
-0.5748,-9.9250,-0.1916,-0.0194,0.0182,-0.0656
-0.8047,-9.7717,-0.5365,-0.0389,0.0194,-0.0619
-0.6898,-9.5034,-0.0766,-0.0316,0.0449,-0.0461
-0.5365,-9.6950,0.2299,-0.0121,0.0413,-0.0401
-0.4598,-10.0016,0.0766,-0.0546,-0.0619,-0.0935
-0.4215,-9.8866,-0.8430,-0.2137,-0.1020,-0.1591
-0.5365,-9.5034,-1.0730,-0.2198,-0.0886,-0.1955
-0.4215,-9.2735,-0.9580,-0.1178,-0.0267,-0.1469
-0.4982,-9.3118,-0.7664,-0.0741,0.0024,-0.1263
-0.5365,-9.6950,-0.1533,-0.0036,0.0656,-0.1238
-0.2682,-9.8483,0.1533,-0.0692,0.1153,-0.1093
-0.0383,-9.6184,-0.4215,-0.2440,0.1433,-0.1044
0.1150,-9.4268,-1.0346,-0.3230,0.2100,-0.1044
0.0000,-9.5418,-0.9197,-0.3132,0.3205,-0.0643
-0.3066,-9.8866,-0.5365,-0.2853,0.4019,-0.0182
-0.4215,-10.0016,-0.4598,-0.3254,0.4007,0.0000
-0.2682,-10.0399,-0.4982,-0.4395,0.3400,-0.0413
-0.2299,-9.8866,-0.6131,-0.4905,0.3108,-0.1020
-0.0766,-9.8866,-0.7281,-0.4759,0.3557,-0.0947
-0.2299,-9.6567,-0.6514,-0.4857,0.4043,-0.0449
-0.1916,-9.6950,-0.6514,-0.5014,0.3764,-0.0219
-0.3066,-9.7334,-0.9580,-0.5451,0.3715,-0.0158
-0.0383,-9.6567,-1.1113,-0.5354,0.3606,-0.0389
-0.0383,-9.6950,-1.3795,-0.5621,0.3703,-0.0279
0.0766,-9.7717,-1.5711,-0.5561,0.3982,0.0085
0.0383,-9.6567,-1.5711,-0.5306,0.4432,0.0146
-0.1533,-9.5034,-1.7244,-0.5342,0.4784,0.0073
-0.2299,-9.6567,-1.6478,-0.5221,0.4942,-0.0085
-0.2682,-9.8100,-1.9160,-0.5840,0.5257,-0.0267
-0.0766,-9.7334,-2.3759,-0.6277,0.5670,-0.0923
0.0000,-10.0016,-2.4142,-0.6083,0.5779,-0.1676
0.0766,-9.9633,-2.5291,-0.6107,0.6374,-0.1627
0.0383,-9.8100,-2.6824,-0.6119,0.7431,-0.1226
0.0766,-9.5418,-2.7591,-0.6046,0.7686,-0.1081
0.1533,-9.4651,-2.9507,-0.6034,0.7540,-0.1020
0.1533,-9.5034,-2.7591,-0.5864,0.7819,-0.1093
0.3832,-9.4651,-2.9507,-0.6386,0.7698,-0.1238
0.6898,-9.5801,-2.9123,-0.6022,0.7710,-0.0886
0.9580,-9.5418,-3.0273,-0.5184,0.8038,-0.0510
0.7664,-9.3885,-3.0273,-0.5306,0.8426,-0.0376
0.9963,-9.4268,-3.4488,-0.4796,0.8450,-0.0595
0.9963,-9.5801,-3.6787,-0.4347,0.8681,-0.0437
0.8430,-9.4651,-3.9470,-0.3084,0.8633,-0.0425
1.0730,-9.2735,-3.6787,-0.1736,0.8378,-0.0328
0.6514,-9.1586,-3.6021,-0.1506,0.7892,0.0449
0.8047,-9.0053,-3.3339,-0.0741,0.7394,0.1530
0.8047,-8.8137,-3.4871,0.0170,0.6386,0.2028
0.7281,-9.4651,-3.5638,0.0085,0.5913,0.2064
0.1533,-9.7717,-3.6404,0.0656,0.6059,0.2234
0.0000,-9.5034,-3.7554,0.2562,0.4820,0.2113
0.4598,-9.3118,-3.2572,0.3752,0.3242,0.2149
1.3029,-9.3885,-3.4488,0.3873,0.3047,0.3047
1.2263,-9.3885,-3.6021,0.3861,0.3703,0.3545
0.6131,-9.6567,-2.9890,0.3521,0.3922,0.3521
0.1533,-9.4268,-2.7207,0.4917,0.3752,0.3995
0.2682,-9.1202,-2.6824,0.5901,0.3630,0.4772
1.1113,-9.6184,-2.5675,0.4881,0.3958,0.5027
1.5328,-10.1932,-2.6824,0.3982,0.4019,0.4371
0.9963,-10.0016,-2.3375,0.3982,0.4419,0.4092
0.8430,-9.5418,-1.9543,0.4905,0.4942,0.4553

