-.-.-
-0.2299,-8.3155,-5.2499,-0.0049,0.0850,-0.0024
-0.1533,-8.3538,-5.3648,-0.0073,0.0862,-0.0012
-0.1916,-8.2772,-5.3648,-0.0121,0.0886,-0.0049
-0.1150,-8.3155,-5.4415,-0.0085,0.0862,-0.0036
-0.1916,-8.2772,-5.3265,-0.0085,0.0874,-0.0049
-0.3066,-8.3155,-5.4798,-0.0109,0.0862,-0.0036
-0.1150,-8.3155,-5.3265,-0.0121,0.0862,-0.0024
-0.2299,-8.3155,-5.3265,-0.0073,0.0862,-0.0036
-0.4598,-8.5454,-5.0200,-0.0073,0.0874,-0.0049
-0.1533,-8.4305,-5.3648,-0.0073,0.0862,-0.0049
-0.1916,-8.2772,-5.3648,-0.0049,0.0862,-0.0036
-0.2299,-8.2005,-5.3648,-0.0024,0.0862,-0.0036
-0.1150,-8.3155,-5.4032,-0.0061,0.0874,-0.0049
-0.3066,-8.3921,-5.3265,-0.0073,0.0850,-0.0024
-0.2682,-8.3538,-5.4415,-0.0073,0.0850,-0.0024
-0.2299,-8.4305,-5.1732,-0.0036,0.0874,-0.0036
-0.2299,-8.2772,-5.4798,-0.0121,0.0886,-0.0036
-0.2299,-8.2389,-5.2882,-0.0085,0.0862,-0.0085
-0.1533,-8.1622,-5.3265,0.0012,0.0850,-0.0085
-0.1150,-8.2389,-5.2499,0.0036,0.0874,-0.0073
-0.1916,-8.3155,-5.3265,0.0036,0.0911,-0.0024
-0.3066,-8.3921,-5.3265,0.0036,0.0898,-0.0012
-0.1150,-8.3538,-5.2116,0.0036,0.0862,-0.0024
-0.1916,-8.2005,-5.4032,0.0073,0.0886,-0.0036
-0.0766,-8.3538,-5.3265,0.0085,0.0959,-0.0012
-0.1150,-8.3538,-5.3265,0.0085,0.1081,0.0036
-0.1916,-8.2389,-5.4798,0.0134,0.1263,0.0182
-0.2682,-8.3155,-5.5948,0.0146,0.1542,0.0401
-0.0766,-8.3921,-5.4032,0.0158,0.1833,0.0680
-0.0766,-8.2772,-5.4798,0.0109,0.2125,0.0911
-0.1916,-8.3155,-5.2116,-0.0219,0.2015,0.1032
-0.1533,-8.2772,-5.2882,-0.0425,0.1530,0.1117
0.0000,-8.4305,-5.4798,-0.0219,0.0996,0.1336
0.0000,-8.2389,-5.4798,0.0109,0.0643,0.1554
-0.0766,-8.3538,-5.3648,0.0049,0.0389,0.1748
-0.2682,-8.3538,-5.3265,-0.0146,0.0049,0.2100
-0.3832,-8.2389,-5.0200,-0.0474,-0.0304,0.2404
-0.3449,-8.1239,-5.1349,-0.0911,-0.0498,0.2623
-0.1916,-8.3155,-5.0966,-0.1615,-0.0546,0.2975
-0.0766,-8.3155,-4.9050,-0.2040,-0.0607,0.3412
-0.3449,-8.3921,-5.0583,-0.1894,-0.0668,0.3764
-0.4215,-8.4305,-5.0966,-0.1736,-0.0680,0.4116
-0.4982,-8.2772,-5.2499,-0.2028,-0.0996,0.4553
-0.5748,-8.3921,-5.5948,-0.2343,-0.1263,0.4881
-0.5748,-8.2772,-5.5181,-0.2319,-0.1348,0.5282
-0.5365,-8.2772,-5.3265,-0.2198,-0.1275,0.5755
-0.6514,-8.0473,-5.3648,-0.2137,-0.1275,0.6216
-0.6898,-8.0089,-5.4798,-0.2368,-0.1336,0.6702
-0.8430,-8.2005,-5.5564,-0.2198,-0.1311,0.6921
-0.9197,-8.0473,-5.6714,-0.1858,-0.1469,0.6908
-1.3029,-7.9706,-5.7480,-0.1627,-0.1542,0.6751
-1.3795,-8.0473,-5.7480,-0.1360,-0.1323,0.6556
-1.6095,-8.0473,-5.7480,-0.1153,-0.0777,0.6265
-1.9927,-8.0473,-5.6331,-0.0898,-0.0206,0.6253
-2.1076,-7.9323,-5.6331,-0.0559,0.0182,0.6119
-2.4142,-7.6641,-5.5564,-0.0559,0.0182,0.5864
-2.5675,-7.6257,-5.5181,-0.0643,-0.0024,0.5840
-2.8357,-7.3958,-5.4032,-0.0668,0.0085,0.5913
-2.8740,-7.3958,-5.5948,-0.1068,0.0170,0.6229
-3.0656,-7.3575,-5.5948,-0.1445,0.0194,0.6690
-3.1806,-7.2809,-5.6331,-0.1384,0.0364,0.7115
-3.1806,-7.2042,-5.6714,-0.1785,0.0498,0.7406
-3.2189,-7.0893,-5.6714,-0.2185,0.0534,0.7625
-3.2955,-7.1659,-5.8247,-0.2416,0.0668,0.7831
-3.5255,-7.0126,-5.7864,-0.2732,0.0728,0.7892
-3.6787,-6.9360,-5.8247,-0.3011,0.1105,0.8147
-3.6787,-6.9360,-5.7864,-0.3375,0.1433,0.8293
-3.9087,-6.7827,-5.7480,-0.3934,0.1493,0.8535
-3.8704,-6.8593,-5.9780,-0.4237,0.1518,0.8742
-3.8704,-6.8977,-6.0546,-0.4492,0.1712,0.9094
-3.8320,-6.7061,-6.1696,-0.4614,0.1833,0.9567
-3.9853,-6.5911,-6.0929,-0.4237,0.1761,0.9932
-4.2919,-6.3612,-6.0929,-0.3897,0.1287,0.9907
-4.6368,-6.2079,-6.1696,-0.3958,0.0850,1.0065
-4.7900,-5.9013,-6.4378,-0.3946,0.0886,1.0393
-4.6368,-5.8630,-6.5145,-0.4237,0.0959,1.0818
-4.8284,-5.6331,-6.4378,-0.4687,0.0862,1.1109
-4.9816,-5.4798,-6.4761,-0.4784,0.0559,1.1207
-5.2116,-5.1732,-6.5911,-0.5112,-0.0012,1.1012
-5.4415,-5.0200,-6.5145,-0.5209,-0.0728,1.0502
-5.3265,-4.9433,-6.3995,-0.5415,-0.1299,1.0090
-5.5181,-4.8284,-6.5145,-0.5840,-0.1651,0.9871
-5.4798,-4.5984,-6.6294,-0.6059,-0.2210,0.9762
-5.5564,-4.5984,-6.5145,-0.5937,-0.2987,0.9786
-5.8630,-4.3302,-6.5528,-0.5804,-0.3691,0.9385
-5.9780,-4.0620,-6.6294,-0.5901,-0.4444,0.9009
-6.1313,-3.9087,-6.5528,-0.5876,-0.4917,0.8754
-6.2462,-3.7554,-6.4761,-0.6386,-0.5221,0.8572
-6.3995,-3.4871,-6.5145,-0.7443,-0.5318,0.8353
-6.5528,-3.0656,-6.5528,-0.8329,-0.5039,0.8487
-6.7444,-2.7207,-6.7444,-0.8511,-0.4929,0.8572
-7.2042,-2.6441,-6.7061,-0.9155,-0.5318,0.8560
-7.3192,-1.8777,-6.5145,-0.9191,-0.5451,0.7637
-7.2809,-1.8777,-6.3995,-1.0223,-0.5852,0.6921
-7.4725,-1.7627,-6.3612,-1.0005,-0.5500,0.6107
-7.6641,-1.8777,-6.3995,-0.9689,-0.5306,0.5354
-7.6641,-1.6478,-6.3229,-0.8426,-0.5476,0.4395
-7.3958,-1.4562,-6.0929,-0.7686,-0.5937,0.3363
-7.3575,-1.1879,-6.0163,-0.7868,-0.6301,0.2890
-7.4725,-0.9580,-6.1696,-0.8463,-0.6726,0.2525
-7.7024,-0.7664,-6.0546,-0.8645,-0.6823,0.2161
-7.8557,-0.6514,-6.2462,-0.8305,-0.6702,0.1797
-8.0473,-0.6131,-6.0163,-0.7564,-0.6314,0.1591
-7.7790,-0.5748,-5.7480,-0.7066,-0.6095,0.1214
-7.8557,-0.5365,-5.9396,-0.6617,-0.6241,0.0668
-7.9706,-0.4215,-5.8247,-0.6653,-0.6569,0.0474
-8.3921,-0.4215,-5.4415,-0.6204,-0.6423,0.0619
-8.3921,-0.6131,-5.6331,-0.5330,-0.6569,0.0328
-8.6221,-0.3066,-5.4032,-0.4177,-0.6872,-0.0364
-8.6221,-0.0766,-5.2882,-0.3764,-0.7236,-0.0753
-8.6987,0.2299,-4.7900,-0.3606,-0.7261,-0.0826
-8.7370,0.1916,-4.7517,-0.3594,-0.7115,-0.0643
-9.1202,0.2299,-4.5218,-0.3800,-0.7115,-0.0510
-9.2735,0.0383,-4.2536,-0.3400,-0.7382,-0.0680
-9.0819,0.0000,-4.1769,-0.3035,-0.7576,-0.0680
-9.1586,-0.0383,-4.1769,-0.2489,-0.7989,-0.0631
-9.2735,0.0383,-4.0620,-0.1591,-0.8268,-0.0316
-9.3118,0.1150,-3.7554,-0.0765,-0.8329,0.0073
-9.3502,0.2299,-3.4105,-0.0486,-0.8268,0.0449
-9.5418,0.2682,-3.4105,-0.0486,-0.8523,0.0437
-9.7717,0.2299,-3.3339,-0.0061,-0.8742,0.0194
-9.7717,0.0000,-3.3339,0.0595,-0.8815,-0.0231
-9.6950,-0.3066,-3.2189,0.1141,-0.9142,-0.0813
-9.6950,-0.1533,-3.1039,0.1736,-0.9167,-0.0983
-9.1969,-0.2299,-2.9123,0.1821,-0.8924,-0.1008
-9.0436,-0.3066,-2.5675,0.2234,-0.8365,-0.0668
-9.3502,0.0383,-2.2226,0.2283,-0.7746,0.0219
-9.5418,0.1916,-1.9160,0.2137,-0.7576,0.0886

