-.-.-
-8.3538,-0.3832,5.1349,0.0243,0.4869,0.0206
-8.5071,-0.3066,4.9433,0.0607,0.4893,0.0255
-8.3921,0.1533,4.6751,0.1044,0.4844,0.0376
-8.7370,0.4598,4.5984,0.0656,0.4407,0.0486
-8.9670,0.1533,4.4452,0.0243,0.3776,0.0461
-9.1969,0.1916,4.5984,-0.0134,0.3400,0.0461
-9.1202,0.0000,4.4452,-0.0461,0.2938,0.0510
-9.1202,0.1533,4.5601,-0.1093,0.2489,0.0741
-9.2735,0.0766,4.5601,-0.1785,0.2246,0.0826
-9.0436,-0.0383,4.5984,-0.1858,0.1858,0.0838
-8.9670,-0.1150,4.4452,-0.1336,0.1457,0.0777
-8.8903,-0.1533,4.5218,-0.0789,0.1056,0.0692
-9.0436,-0.1533,4.5984,-0.0486,0.0801,0.0668
-8.8903,-0.1150,4.4452,-0.0194,0.0631,0.0571
-9.0053,-0.1533,4.4835,0.0255,0.0607,0.0474
-9.0436,0.0000,4.4452,0.0692,0.0304,0.0461
-8.8903,-0.0383,4.6751,0.1056,-0.0024,0.0425
-8.8520,0.0000,4.5601,0.1336,-0.0352,0.0364
-8.8520,0.0766,4.7134,0.1591,-0.0340,0.0231
-8.8903,0.1150,4.6368,0.1493,-0.0255,0.0061
-8.8137,0.1533,4.7517,0.1275,-0.0194,0.0000
-8.8903,0.2682,4.6751,0.0971,0.0097,-0.0097
-8.7754,0.1533,4.7517,0.0789,0.0170,-0.0085
-8.8903,-0.0383,4.7517,0.0862,0.0194,-0.0036
-8.8903,0.0383,4.7517,0.1153,0.0109,-0.0085
-8.7370,0.0383,4.7517,0.1299,0.0121,-0.0134
-8.9670,0.0766,4.6751,0.1384,0.0316,-0.0097
-8.7370,0.0766,4.6751,0.1433,0.0279,-0.0085
-8.7754,0.1150,4.6368,0.1457,0.0437,-0.0158
-8.8520,0.0766,4.7517,0.1615,0.0607,-0.0194
-8.8903,0.0383,4.7517,0.1785,0.0498,-0.0206
-8.8137,0.1533,4.7900,0.1845,0.0486,-0.0255
-8.8137,0.1916,4.5601,0.1603,0.0546,-0.0194
-8.9286,0.3449,4.5984,0.1299,0.0486,-0.0097
-8.8137,0.2299,4.5984,0.1178,0.0401,-0.0134
-8.9286,0.3066,4.5984,0.1226,0.0340,-0.0255
-8.9670,0.1916,4.5601,0.1214,0.0219,-0.0316
-8.9670,0.1150,4.6751,0.1166,0.0097,-0.0291
-8.9670,0.2299,4.6368,0.1068,-0.0036,-0.0231
-8.8903,0.1150,4.6368,0.1141,-0.0012,-0.0243
-8.9286,0.1533,4.4835,0.1360,-0.0097,-0.0304
-8.8520,0.2299,4.4835,0.1445,0.0012,-0.0340
-8.9286,0.1150,4.7517,0.1311,0.0073,-0.0255
-8.8903,0.3449,4.6751,0.1117,-0.0049,-0.0170
-8.8137,0.3449,4.8284,0.0777,-0.0012,-0.0170
-8.9286,0.3449,4.8284,0.0728,-0.0085,-0.0146
-8.7754,0.1916,4.7134,0.0777,-0.0097,-0.0170
-8.7370,0.1916,4.8284,0.0753,-0.0085,-0.0194
-8.7754,0.2682,4.5984,0.0619,-0.0085,-0.0146
-8.7754,0.1916,4.7134,0.0498,-0.0012,-0.0134
-8.8137,0.1916,4.8284,0.0571,0.0000,-0.0134
-8.8903,0.3066,4.7900,0.0643,0.0121,-0.0121
-8.9286,0.1916,4.7517,0.0510,0.0097,-0.0097
-8.8903,0.2682,4.7517,0.0255,0.0194,-0.0085
-8.7754,0.0383,4.8667,0.0194,0.0291,-0.0061
-8.7370,0.2299,4.7900,0.0316,0.0304,-0.0049
-8.8903,0.3066,4.7517,0.0304,0.0413,-0.0097
-8.8520,0.2299,4.6368,0.0231,0.0449,-0.0134
-8.8903,0.3066,4.6751,0.0291,0.0522,-0.0231
-8.9286,0.1533,4.5601,0.0486,0.0474,-0.0316
-8.8137,0.2682,4.6751,0.0510,0.0413,-0.0304
-8.8520,0.1916,4.7134,0.0364,0.0364,-0.0267
-8.8903,0.1916,4.8284,0.0182,0.0376,-0.0206
-8.8903,0.2682,4.6751,0.0036,0.0291,-0.0158
-8.7754,0.2299,4.7134,0.0036,0.0267,-0.0182
-8.8137,0.0766,4.4835,0.0085,0.0243,-0.0146
-8.8520,0.1533,4.6368,0.0146,0.0219,-0.0134
-8.9286,0.1533,4.5984,0.0121,0.0097,-0.0121
-9.3118,0.2299,4.4835,0.0024,-0.0012,-0.0109
-8.8520,0.1533,4.6368,-0.0024,-0.0085,-0.0146
-8.9670,-0.0383,4.7517,-0.0012,-0.0182,-0.0134
-8.9286,0.0000,4.7900,-0.0036,-0.0304,-0.0121
-8.8903,0.0766,4.7517,-0.0012,-0.0461,-0.0121
-8.9286,0.0766,4.7517,0.0000,-0.0546,-0.0097
-8.9670,0.1533,4.6368,-0.0073,-0.0607,-0.0085
-8.8903,0.0766,4.7134,0.0097,-0.0607,-0.0158
-9.0053,0.0766,4.7517,0.0376,-0.0692,-0.0231
-8.8903,0.0383,4.6368,0.0376,-0.0862,-0.0194
-8.6987,0.0383,4.8284,0.0109,-0.0911,-0.0121
-8.9286,0.2299,4.9050,-0.0049,-0.0826,-0.0109
-8.8520,0.2682,4.6368,-0.0194,-0.0789,-0.0194
-8.8520,0.2682,4.7517,-0.0376,-0.0692,-0.0206
-8.6987,0.2682,4.7517,-0.0789,-0.0813,-0.0206
-8.9286,0.4215,4.7517,-0.1396,-0.0898,-0.0243
-8.8137,0.0766,4.8667,-0.1724,-0.1032,-0.0364
-8.8137,-0.0383,4.6751,-0.1748,-0.1408,-0.0413
-8.8137,-0.1533,4.5218,-0.1566,-0.1967,-0.0376
-8.7370,-0.1150,4.7900,-0.1372,-0.2477,-0.0328
-8.6604,-0.1916,4.9050,-0.0959,-0.2586,-0.0340
-8.5838,-0.1533,5.0966,-0.0546,-0.2635,-0.0389
-8.6221,-0.1150,4.9433,-0.0267,-0.2501,-0.0437
-8.5454,-0.1533,5.2116,-0.0194,-0.2137,-0.0486
-8.4305,-0.1533,5.3265,-0.0352,-0.1591,-0.0437
-8.3921,-0.2299,5.4798,-0.0389,-0.0911,-0.0364
-8.4305,-0.1533,5.4415,-0.0182,-0.0753,-0.0243
-8.2772,-0.1150,5.2882,-0.0486,-0.0631,-0.0231
-8.2772,-0.1150,5.3265,-0.0898,-0.0498,-0.0255
-8.2389,-0.2682,5.3265,-0.0838,-0.0376,-0.0340
-8.3538,-0.2682,5.2116,-0.0619,-0.0546,-0.0461
-8.3155,-0.1150,5.2116,-0.0874,-0.1153,-0.0583
-8.2772,-0.1916,5.2116,-0.1554,-0.1676,-0.0680
-8.5071,-0.2299,5.2116,-0.1858,-0.1821,-0.0668
-8.5071,-0.3832,5.2116,-0.2113,-0.1991,-0.0704
-8.5071,-0.2682,5.3265,-0.2283,-0.1845,-0.0838
-8.3921,-0.4982,5.4032,-0.2355,-0.1506,-0.0777
-8.3921,-0.4215,5.5564,-0.2343,-0.0971,-0.0801
-8.2389,-0.4598,5.5564,-0.2149,-0.0559,-0.0850
-8.3538,-0.4598,5.7480,-0.2246,-0.0146,-0.0983
-8.2389,-0.1916,6.0929,-0.2647,0.0049,-0.1056
-8.1622,-0.4598,5.8247,-0.3351,0.0316,-0.1348
-8.2005,-0.7281,5.4032,-0.2756,0.0959,-0.1761
-7.9706,-1.0346,5.3648,-0.1214,0.0789,-0.1906
-8.0856,-0.9963,5.2882,-0.0121,-0.0389,-0.1833
-8.1622,-0.7664,5.6331,-0.0134,-0.1615,-0.1615
-8.6604,-0.3832,5.8247,-0.0279,-0.2198,-0.1178
-8.8520,-0.8814,5.8247,0.0182,-0.2829,-0.0838
-8.8520,-1.1113,5.9013,0.1093,-0.3679,-0.0765
-8.7370,-1.3029,5.8630,0.2125,-0.4444,-0.1008
-8.7754,-1.0730,5.9396,0.2283,-0.5209,-0.1093
-8.4305,-0.9963,6.1696,0.2161,-0.6022,-0.1251
-8.3538,-0.8430,6.2079,0.2683,-0.6496,-0.1166
-8.2772,-0.9197,6.5528,0.3290,-0.7795,-0.0996
-8.1622,-0.8430,6.8210,0.3485,-0.8766,-0.0801
-7.7790,-0.8814,7.1276,0.3278,-0.9482,-0.0777
-7.5491,-0.8814,7.0893,0.3193,-1.0636,-0.0789
-7.3575,-0.5748,7.4341,0.2865,-1.2093,-0.0996
-6.9360,-0.6131,7.7790,0.2550,-1.3076,-0.1275
-6.5528,-0.5365,8.0473,0.2125,-1.4303,-0.1457

