-.-.-
8.5071,-27.0925,2.5291,-0.2331,1.5432,-1.0357
-7.2042,-26.1345,-11.6111,-2.4902,-0.5257,-3.1811
-12.9906,-24.7549,-6.0929,-1.4485,0.1554,-2.1879
-2.4525,-22.1875,-3.1039,-0.6569,-1.2433,-0.0134
5.7480,-18.1638,-1.8394,0.5561,-2.1065,0.9640
8.1622,-17.1675,-0.2682,1.2469,-1.5772,1.5735
1.2646,-15.5580,1.2646,0.0182,-1.2445,1.6270
-0.6131,-9.9250,-0.7664,-0.0996,-2.1624,1.5735
-2.7207,0.2299,-1.8777,-0.1275,-2.1952,1.4521
-1.9160,4.9816,-0.7664,-0.9264,-2.2862,1.5747
3.0273,-2.0310,-3.1039,-1.4242,-1.9026,1.0527
4.1003,-9.8866,-1.3029,-0.6180,-0.1093,-0.6156
3.2572,-3.2955,-2.6058,2.0980,0.4492,-1.1498
-3.4105,1.9927,-5.6714,2.0859,0.1748,-1.2445
-3.1423,3.4105,-5.9013,1.3526,-0.4650,-1.0733
-0.9963,0.6131,-3.5638,0.7006,-0.0546,-0.7637
-9.1586,-4.9816,-10.4231,-0.0316,-0.8790,-0.8232
-2.1076,-25.7896,7.8940,-0.3667,1.2263,2.1308
11.5344,-21.9575,-8.0856,-1.0697,0.2028,2.7342
8.8903,-24.5633,-2.8357,-1.7484,-0.8256,1.4023
0.5365,-24.1035,-3.7937,-0.0073,1.1571,-0.6605
-3.6787,-18.4704,0.7664,0.7431,1.7654,-1.6949
-13.6804,-15.8646,1.1879,0.9907,1.2700,-2.0118
-3.9470,-16.4394,3.0656,-0.2950,0.3679,-1.7423
2.9123,-9.7717,1.9543,-0.1275,1.1510,-1.3975
8.6604,-1.0346,0.1916,-0.6301,1.0891,-1.3501
3.4871,4.4068,-1.6861,-1.0502,0.4274,-1.7047
-4.1003,0.3449,-6.2079,-1.5650,0.3995,-1.3574
-2.0310,-9.0819,-1.8394,-0.9385,0.9956,0.6617
0.6131,-5.7097,-2.2609,1.2020,0.6653,1.1777
4.9433,-0.7664,-4.3302,1.8904,0.0304,0.9883
3.7937,3.2189,-4.9050,1.5359,0.2841,0.9009
0.9197,0.4598,-0.9580,0.8535,0.7382,0.8341
7.0509,-6.2079,-13.5654,-0.2028,2.2838,0.9628
8.8520,-26.5177,-0.4598,-1.4800,1.1243,-1.4776
-11.2662,-29.0851,-10.2315,-2.0349,-0.4881,-3.2515
-11.2662,-24.6783,-4.7517,-1.2178,-0.4844,-2.1187
-3.2955,-22.8389,-4.1386,0.0789,-1.6221,0.1785
3.5638,-16.7077,-3.4871,1.6270,-2.9552,1.2797
8.4688,-11.0363,-0.8047,1.3696,-1.9778,1.4873
0.6898,-15.4431,1.7244,-0.2113,-1.8176,1.4485
-0.5748,-8.9286,1.1879,0.0631,-2.9224,1.4072
-0.9197,1.1113,-3.0273,-0.1651,-2.5278,1.4910
2.2226,1.1496,-1.2263,-1.0599,-1.7010,1.5359
5.0583,-6.0163,-3.5255,-0.8815,-0.7091,0.4480
3.2572,-6.7444,-1.6095,0.7977,0.2295,-0.9045
-0.2299,0.3066,-5.2499,2.2862,0.2440,-1.1316
-4.9433,3.1423,-6.0163,1.5978,-0.0813,-1.1838
-4.4835,3.5638,-3.7937,0.8863,-0.2513,-0.9070
-0.1533,0.4598,0.2682,0.1651,0.0996,-0.8208
-11.5727,-5.8630,-8.4688,-0.0765,-0.4687,-0.7831
-4.3685,-25.6746,0.4982,-1.0879,0.1724,2.6626
13.2971,-26.3261,-2.5675,-1.9086,0.0801,3.1713
12.0326,-29.6599,-2.7974,-1.0539,-0.8244,1.7010
2.4908,-24.9848,-3.1039,0.6144,1.2797,-0.7564
-2.4142,-15.6347,1.3795,1.3938,2.3360,-1.7641
-14.5617,-11.4578,0.6514,1.3380,1.4436,-2.3506
-7.3192,-13.2588,2.1076,-0.8985,0.4322,-1.8103
-0.3832,-5.2499,0.7281,-0.9677,1.0005,-1.2833
5.7097,-0.7664,0.0383,-1.6609,0.6532,-1.1619
2.6058,0.9963,-2.9507,-1.9062,-0.1906,-1.5092
-0.6131,-5.2499,-3.5255,-1.5529,-0.4432,-0.6775
0.4982,-7.6257,-3.3339,0.3460,0.3242,0.7346
4.0236,-1.7627,-4.3302,1.6112,0.4177,0.6908
5.0200,2.0693,-4.7900,1.7556,0.2793,0.6119
2.6058,4.1003,-3.8704,1.1716,0.6301,0.7588
6.3229,-3.2189,-7.7407,0.5731,1.2384,0.8669
7.8173,-11.0363,-8.3155,0.0182,2.6505,0.2477
2.5675,-24.5250,5.2882,-0.2926,0.0061,-2.0519
-21.3827,-29.4683,-11.4961,-2.6954,0.2295,-2.7512
-6.3995,-22.7239,-3.6787,-0.4699,-1.2056,-1.1729
0.5365,-19.3518,0.8814,0.5524,-2.1502,0.6289
0.8047,-14.4468,-1.8011,1.3319,-2.2559,1.1328
3.9470,-15.2515,1.7244,0.1421,-2.2899,1.7714
-1.5328,-15.8646,2.1076,-0.8973,-2.8205,1.7884
-2.4525,-6.5145,-2.1843,0.0923,-3.1058,1.6877
-1.1879,2.2226,-3.4105,-0.3885,-2.6055,1.8273
5.4415,0.4598,-2.8740,-1.0939,-1.9754,2.0725
8.0089,-7.0126,-4.3685,-1.3975,-1.3040,0.5318
4.3685,-8.0856,-1.7244,0.3570,-0.0134,-1.1292
-0.4598,-0.1916,-4.2919,2.4902,0.2331,-1.2676
-4.4835,2.3375,-4.3302,1.9948,0.1809,-1.1134
-2.9123,-0.3066,-6.3229,1.4594,0.0437,-0.9482
-13.9869,-4.5218,-13.2205,0.3145,-1.6937,-1.0187
-5.0583,-24.1801,10.9213,-0.3497,1.4448,2.0786
10.4998,-22.2641,-9.5801,-1.2372,-0.1287,2.5036
11.2662,-27.0925,-0.3832,-1.9803,-0.4796,1.5760
2.4525,-22.0725,-2.4525,0.0510,1.1097,-0.3715
-0.2299,-16.3245,-0.9963,0.5002,2.0252,-1.7034
-10.3082,-14.5234,-0.6131,0.7188,1.5942,-2.1162
-6.3612,-17.0525,1.5711,-0.5913,0.7115,-1.5225
0.3449,-8.0089,2.6824,-0.9859,1.3950,-1.4120
6.4761,1.5711,1.4179,-0.8341,1.7945,-1.4740
4.0620,8.0856,-3.0656,-1.0247,0.9337,-2.3324
-4.1769,-2.7207,-7.6257,-2.4659,0.1153,-1.0551
-2.1076,-14.3318,0.0000,-1.5213,0.1797,0.9142
-0.5365,-5.6714,0.3449,2.1842,0.3970,1.0429
3.8320,1.5711,-4.4068,2.8824,0.3655,0.7406
4.1769,3.2572,-5.5564,1.0842,0.7455,0.4784
2.6441,1.8777,-1.8011,0.5306,0.9155,0.6059
9.0053,-6.2462,-14.4468,0.1275,1.6015,0.8778
8.7754,-23.9885,-0.9197,-0.9118,1.8176,-1.1097
-3.7171,-29.0851,-4.4835,-2.2935,-0.5330,-3.3814
-15.3281,-22.3791,-7.0893,-1.0903,0.2732,-2.5424
-2.4142,-23.3371,-2.2609,-0.6678,-1.5735,0.2319
5.1349,-19.3134,-1.3029,0.6326,-2.3457,1.5140
8.6987,-17.5890,0.1150,1.9475,-1.8467,1.7957
-0.4598,-13.5654,0.9580,0.2234,-1.8819,1.5760
-3.2572,-10.5764,0.3832,-0.6447,-2.7294,1.2166
-4.4068,-0.0766,-2.0693,-0.0607,-2.6031,1.1073
2.7591,3.0273,-3.1039,-0.3825,-1.9135,1.8200
5.6714,-1.7627,-4.3302,-0.9652,-1.6464,1.2882
5.5948,-7.6257,-1.5711,-0.7321,-0.5451,-0.4444
1.8394,-2.4142,-2.9123,1.4242,0.0862,-1.1097
-4.8667,2.2609,-6.0546,1.8637,0.0546,-1.0769
-4.8284,3.6404,-4.1003,1.1097,-0.2768,-0.9750
-2.7974,-4.9433,-5.1732,0.3072,-0.3849,-1.1729
-21.5743,-11.6111,-14.2552,-0.0437,-1.4970,-0.5913
-0.6514,-29.8132,3.6021,-2.2632,1.6792,2.6128
21.2678,-37.3623,-13.0672,-1.3671,-1.2275,3.0123
10.5764,-29.2001,-1.1879,-0.3266,-0.4796,1.3028
0.5748,-18.5470,-1.8394,1.2833,2.2049,-1.2226
-3.5638,-8.6987,-1.8011,2.3433,2.3494,-2.1053
-15.1365,-12.2625,-1.0346,1.3137,1.5055,-2.1090
-0.1150,-8.0856,4.8667,-0.5391,1.0539,-1.5286
0.3832,4.5218,-0.3832,-0.8523,1.1267,-1.7168
-1.2263,3.6404,-3.6787,-1.6197,-0.2647,-1.9281
-4.5218,-4.2152,-4.6751,-2.2571,-0.9495,-0.5767

