-.-.-
0.6898,-7.9706,-1.1496,-0.1166,0.2270,0.1736
0.5365,-8.2005,-0.8430,0.0898,0.1700,0.2683
0.0383,-8.9286,-0.6514,0.1955,0.0546,0.3290
-0.4982,-9.5034,-0.0383,0.3655,-0.0777,0.3509
-0.8047,-9.4651,0.1533,0.5512,-0.2015,0.3521
-0.8430,-9.3885,0.1533,0.6702,-0.3047,0.3849
-0.7664,-8.2389,0.1533,0.7649,-0.3278,0.3897
-0.8047,-7.1659,0.1150,0.7382,-0.3375,0.3023
-0.8430,-6.8210,0.0000,0.5403,-0.2841,0.2307
-0.0766,-6.3229,-0.1916,0.3351,-0.2380,0.2793
0.4215,-6.1313,-0.8047,0.3157,-0.1724,0.3946
0.7281,-6.0929,-0.9963,0.3217,-0.0073,0.4820
0.1916,-5.9396,-0.5748,0.3181,0.0728,0.4832
0.2682,-6.9360,-0.4215,0.3205,0.0085,0.4650
-0.9580,-7.3575,-3.4871,0.4298,-0.3302,0.3934
-2.9890,-9.7334,-6.2462,0.1979,-0.7868,0.3545
-4.9050,-11.3811,-3.9853,0.8280,-0.3594,-0.1906
-3.5255,-12.0709,-0.1533,0.7637,0.0704,-0.6811
-2.9507,-14.0636,-2.3375,-0.0583,0.1663,-0.7503
-1.1496,-15.9413,-2.7591,-0.6811,0.1384,-0.5852
0.0766,-15.7113,-1.5711,-0.3266,0.0194,-0.3497
-0.5365,-14.3701,-0.6514,0.0425,-0.1870,0.0134
-2.0693,-11.7260,-2.2226,0.2283,-0.2890,0.0291
-2.9123,-8.6987,-2.5291,-0.0583,-0.0206,-0.3108
-2.4908,-7.7407,-1.9543,-0.5512,0.0352,-0.5876
-2.2609,-7.5874,-0.8047,-0.6484,-0.0389,-0.5063
-1.4945,-7.6641,-1.1113,-0.5112,-0.0194,-0.1493
-0.7281,-7.7790,-1.3795,-0.2295,0.0304,0.0680
-0.1916,-7.5491,-1.2646,-0.0668,0.1408,-0.0474
-0.0383,-7.5108,-1.0730,-0.1603,0.3193,-0.2550
0.2299,-7.3958,-1.4179,-0.2853,0.4626,-0.3861
0.1150,-7.2809,-0.9197,-0.4043,0.5609,-0.4383
0.3066,-7.4341,-0.4598,-0.3594,0.6119,-0.4723
0.2682,-7.8557,0.0000,-0.1578,0.6751,-0.6107
-0.1150,-8.1239,-0.4215,-0.0134,0.7673,-0.7686
-0.7664,-8.0473,-1.7627,-0.0340,0.8062,-0.8208
-0.5748,-7.9323,-1.4179,-0.0716,0.7346,-0.7333
-0.3449,-8.2389,-0.6131,-0.0826,0.6605,-0.6119
-0.0766,-8.6987,-0.2299,-0.0522,0.6010,-0.5318
-0.3449,-9.3118,-0.2299,0.0728,0.5306,-0.4784
-0.6898,-9.0053,-0.3832,0.2671,0.5136,-0.4383
-0.4215,-8.3921,-0.2299,0.3667,0.5148,-0.3351
-0.6514,-8.6604,-1.3412,0.3545,0.4784,-0.2100
-0.9963,-11.1512,-4.5601,0.0838,-0.0170,0.0595
-0.1150,-11.8027,-5.5181,0.1991,-0.5682,0.4298
-1.0346,-12.3391,-2.1459,0.2950,-0.5804,0.7103
2.6058,-14.7150,-1.4179,0.0158,-0.4687,0.7758
2.7591,-14.3318,-2.0310,0.2477,-0.3897,0.5488
2.8740,-13.3355,-4.5984,0.4201,-0.2708,0.3545
1.8777,-13.0672,-3.4488,0.0947,-0.0983,0.3193
1.6095,-10.8830,-1.6478,0.0158,-0.0801,0.3400
1.4945,-9.9633,-2.0310,-0.2295,0.0850,0.3375
0.5748,-8.9670,-1.8777,-0.1518,0.2283,0.2222
0.3066,-7.7790,-1.5328,-0.0158,0.2028,0.0728
1.2263,-7.8173,-1.3412,-0.0826,0.2477,0.0376
1.5711,-8.5838,-0.9963,-0.1044,0.2428,0.1117
1.5711,-9.1586,-0.5748,0.0716,0.0510,0.2246
0.6898,-8.7370,-0.9197,0.2392,-0.0534,0.2878
0.0766,-8.6987,-0.7281,0.2428,-0.0595,0.3715
-0.3832,-8.8520,0.0383,0.2902,-0.1530,0.4152
-0.4598,-8.7754,0.0766,0.4565,-0.2331,0.4262
-0.1533,-7.8940,-0.0383,0.5379,-0.3047,0.4517
0.1916,-7.6641,-0.1533,0.4322,-0.3812,0.4942
0.1916,-7.3575,-0.4982,0.3242,-0.3618,0.4759
0.1150,-7.5491,-0.6898,0.2890,-0.2756,0.4456
-0.5748,-7.5108,-0.3832,0.3193,-0.3412,0.4395
-0.5748,-7.3575,-0.1533,0.3885,-0.3715,0.4832
-0.0766,-6.7061,0.0383,0.4359,-0.3557,0.5002
0.0383,-6.3612,0.1916,0.4614,-0.2829,0.4893
0.6131,-6.2845,0.2299,0.4213,-0.2987,0.5294
0.3832,-6.8210,-0.5748,0.4492,-0.3727,0.5439
-1.2263,-7.5874,-5.7480,0.3606,-0.7297,0.5439
-2.8357,-10.9596,-5.1732,0.3667,-0.5039,0.2938
-3.2189,-11.8793,-1.6861,0.7673,0.1214,-0.4165
-2.8357,-13.4888,0.2299,0.2975,0.2938,-0.8038
-2.6441,-14.9449,-0.4982,-0.2695,0.4286,-0.7030
-1.4179,-15.9029,-2.6441,-0.4067,0.0036,-0.3752
-1.4562,-15.5197,-1.7244,0.0352,-0.2525,-0.0923
-2.7591,-13.9103,-0.5365,0.2283,-0.1591,-0.0607
-2.9507,-11.9176,-0.9197,-0.0243,-0.1287,-0.2052
-1.7244,-10.6530,-1.0730,-0.4177,-0.1603,-0.3290
-0.8430,-9.3502,-1.6478,-0.4322,-0.1578,-0.4080
-1.9543,-8.0856,-1.6478,-0.3849,-0.1226,-0.3485
-2.1459,-8.0473,-1.6095,-0.4286,-0.1457,-0.1943
-1.5711,-8.3538,-1.2646,-0.4249,-0.0461,-0.1202
-0.8814,-8.3155,-1.3795,-0.3934,0.0813,-0.1056
-0.3066,-8.1239,-1.1496,-0.3667,0.1445,-0.1712
-0.4982,-7.3192,-1.0346,-0.2234,0.1469,-0.2914
-0.6898,-6.6294,-1.1496,-0.1275,0.1554,-0.3472
-0.6514,-6.1313,-1.3412,-0.1882,0.1275,-0.4140
-0.6514,-6.2079,-0.7281,-0.3327,0.1736,-0.5731
-0.9963,-6.9743,-0.6131,-0.3752,0.2137,-0.7212
-0.6514,-7.6257,-0.5365,-0.3497,0.2538,-0.7030
0.0383,-7.8557,-0.9963,-0.3460,0.1918,-0.6071
0.5748,-7.5491,-1.5328,-0.3606,0.2270,-0.5160
1.0730,-7.6641,-0.6514,-0.3254,0.2440,-0.4759
0.8430,-8.4305,0.0000,-0.1591,0.2659,-0.5524
-0.0383,-8.7370,-0.8047,-0.1093,0.2283,-0.6131
-0.7281,-8.4305,-1.1113,-0.1809,0.2659,-0.5524
0.0383,-9.3885,-0.1533,-0.1566,0.2659,-0.4881
0.0000,-10.0782,0.2299,-0.0024,0.2695,-0.4432
-0.2682,-9.5801,-0.0766,0.3873,0.2270,-0.3630
0.1150,-8.3921,-0.4982,0.6180,0.2100,-0.3132
0.0383,-8.7754,-2.1076,0.5415,0.1032,-0.2283
-0.8430,-10.1932,-4.0236,0.3764,-0.2732,0.0546
0.2682,-11.2662,-4.8667,0.2501,-0.7455,0.5002
0.5365,-12.2625,-1.8777,0.3339,-0.6860,0.7673
2.4525,-13.7187,-1.1496,0.4067,-0.2975,0.7273
1.4945,-13.6420,-2.4908,0.4407,-0.0291,0.4347
1.0730,-13.4888,-3.0273,0.3266,0.0656,0.2307
1.4945,-13.7953,-4.8284,0.0753,0.2610,0.3315
1.8394,-12.0326,-2.6824,0.0425,0.2222,0.5779
0.8047,-10.8830,-1.8777,0.0437,0.3072,0.4881
-0.8047,-10.6147,-1.0346,-0.0449,0.4201,0.0583
-1.0346,-9.1586,-1.1113,-0.0704,0.3897,-0.2428
0.0383,-8.1622,-1.9927,-0.0182,0.3982,-0.2222
0.4982,-7.8940,-1.8011,-0.0024,0.3084,0.0316
1.1879,-7.9706,-1.4562,0.0121,0.1032,0.2732
1.3029,-8.4688,-0.7664,0.0522,0.0219,0.3035
0.6514,-8.7754,-0.5365,0.1008,0.0498,0.1930
0.4215,-9.3118,-0.0766,0.1894,0.0474,0.1117
-0.1150,-8.8137,0.1916,0.4116,-0.0012,0.1408
0.1150,-8.0856,0.1533,0.5852,-0.0741,0.3278
0.4215,-8.1239,0.0383,0.5464,-0.1663,0.4954
0.2299,-8.3538,-0.5365,0.5039,-0.2477,0.5609
-0.4598,-8.2772,0.0383,0.6034,-0.1190,0.4966
-0.6898,-7.9323,0.8814,0.5840,-0.1093,0.4128
-0.4982,-6.9743,0.1150,0.4905,-0.0801,0.3278

