-.-.-
-0.9963,-9.3118,-8.3155,0.3266,0.3812,-0.9567
-1.5328,-7.6257,-3.7554,0.0996,0.3230,-1.0065
-2.1843,-7.2425,-3.4488,0.3060,0.6131,-1.0150
-3.3722,-7.5874,-3.9853,0.0643,1.0308,-0.7443
-3.0273,-9.8866,-1.2646,-0.3181,0.9871,-0.3897
-0.0383,-11.1129,0.3832,-0.0741,0.5573,0.1129
2.5291,-10.8063,-0.6514,0.4735,0.1542,0.8098
2.4908,-7.7790,-2.1843,0.7916,0.1081,1.1437
2.0693,-6.0546,-2.8740,0.3788,0.4152,1.0988
2.4908,-5.7864,-1.9160,-0.3096,0.7892,0.7880
1.8011,-6.3995,-0.3066,-0.5694,1.0308,0.3849
0.1150,-6.7827,0.1916,-0.1761,1.1134,0.0474
-0.4215,-6.2079,-1.3795,0.1542,1.1559,-0.1603
-1.4945,-5.0966,-1.8011,-0.2659,1.2542,-0.1906
-1.8777,-5.8247,0.2682,-0.7054,1.0927,-0.0959
-1.8394,-8.4688,1.6095,-0.7078,0.9604,0.0571
-2.4525,-13.0289,1.8011,-0.4165,0.9604,0.2307
-1.7627,-15.6730,-0.5365,0.0680,0.8523,0.3424
-1.1496,-14.7150,-1.1879,0.5282,0.6532,0.3363
-0.4982,-11.1895,-2.2992,0.6131,0.3861,0.1238
-0.6131,-10.1166,0.8430,0.0376,0.2368,-0.1506
0.6514,-13.3355,3.6404,-0.3108,0.4796,-0.0182
-0.5748,-15.0216,-2.6058,0.2805,0.6908,0.0559
-2.7591,-13.7953,-9.8100,0.3460,0.4602,0.4274
-1.2263,-11.0746,-9.3502,-0.0073,-0.2440,1.0175
-0.2299,-9.6184,-5.8630,0.1226,-0.3873,1.2239
0.1916,-8.2772,-3.8704,0.3387,-0.2453,0.9519
0.6131,-8.2389,-3.8704,0.0850,-0.2028,0.6241
1.5328,-9.5801,-2.8740,-0.1797,-0.0935,0.2234
1.0730,-10.1166,-0.2299,-0.0546,0.0474,-0.2453
-0.8047,-9.9250,0.6514,0.4796,0.0012,-0.6993
-2.3375,-7.7407,-1.0346,0.9130,-0.1518,-1.0308
-1.8394,-6.2845,-2.4525,0.4140,-0.3897,-0.9932
-2.4908,-6.8593,-2.2226,-0.4954,-0.6836,-0.8511
-2.2226,-6.9743,-1.3795,-0.9361,-1.1134,-0.5051
-0.5748,-7.3192,-0.3066,-0.6156,-1.2809,-0.2732
0.3449,-6.9743,-0.5748,0.0826,-1.1340,-0.1615
0.9963,-5.5181,-1.4562,0.2015,-1.0563,-0.1639
1.5711,-5.3265,-0.4982,-0.3715,-1.0223,-0.1833
1.8011,-6.4378,0.5748,-0.6860,-0.9422,-0.1700
2.3375,-9.1969,0.9197,-0.7006,-0.9179,-0.0231
2.5291,-12.5307,-0.4598,-0.3764,-0.8535,0.1287
1.5711,-14.6000,-1.6861,-0.1943,-0.7965,0.1797
2.1076,-14.2935,-1.8777,0.1214,-0.6787,0.0983
1.4179,-12.3775,-0.4215,0.2343,-0.3606,-0.0316
1.8011,-12.5691,1.8394,0.1493,-0.2416,-0.1894
2.0310,-13.2971,0.7281,-0.0073,-0.2708,-0.3375
2.2226,-15.6730,-5.8247,-0.0680,-0.2999,-0.4857
0.8047,-12.1475,-10.4231,0.4674,-0.2586,-0.5719
-0.4215,-8.4688,-9.2735,0.4711,-0.1493,-0.6896
-0.2682,-7.4341,-4.5218,-0.0024,-0.0437,-0.8681
0.0766,-6.5145,-4.6751,0.1178,0.2173,-1.0029
-1.1496,-8.0856,-4.6751,-0.3400,0.8535,-0.7746
-1.0730,-11.8793,-0.2682,-0.7176,1.0284,-0.4298
1.1879,-14.5617,1.0730,0.0012,0.6265,0.0559
2.4908,-11.6111,-1.2646,1.0162,0.0643,0.7916
1.8777,-6.7444,-2.9890,1.2494,0.0716,1.1777
0.8047,-4.9816,-2.4525,0.4128,0.3861,1.1207
1.3795,-4.9050,-1.1113,-0.3230,0.6301,0.8730
1.4945,-5.1349,-0.0383,-0.5257,0.9070,0.4784
0.6131,-5.2499,-0.4215,-0.3460,1.1765,0.1627
0.0000,-5.0583,-1.6095,-0.2768,1.2809,-0.0607
-0.5365,-5.2882,-1.3412,-0.6204,1.2129,-0.1639
-1.0346,-6.7827,1.0346,-0.8924,1.0502,-0.0959
-1.5711,-9.8100,2.2226,-0.7358,0.9835,0.0656
-2.9123,-14.7916,0.6514,-0.3958,1.0344,0.2902
-2.9123,-16.8609,-1.6478,-0.1979,0.9640,0.4650
-2.3759,-14.7533,-1.6861,0.6386,0.6338,0.4504
-1.2646,-10.0782,-1.4945,0.7127,0.3594,0.1724
-0.8814,-10.1549,2.1459,-0.1481,0.2319,0.0121
0.4982,-14.0636,3.5255,-0.2914,0.4589,0.1845
-0.4982,-14.5617,-5.8630,0.5864,0.7006,0.2428
-1.8777,-12.7223,-10.1932,0.2647,0.1421,0.6459
-0.3832,-10.8063,-8.8903,-0.1785,-0.4990,1.1219
0.1533,-9.7717,-5.2882,-0.1251,-0.4213,1.1729
0.2299,-9.0053,-4.1386,0.1785,-0.1967,0.8147
1.2646,-8.8137,-3.3339,0.1821,-0.2161,0.4784
2.2226,-8.9286,-2.1459,0.1105,0.0340,0.0364
1.4562,-9.0053,0.1150,0.0923,0.1833,-0.4092
-0.4598,-9.3885,-0.1150,0.3812,0.1566,-0.8086
-1.7627,-7.2809,-1.0730,0.6168,-0.0206,-1.0235
-1.5711,-6.0546,-2.0693,0.1943,-0.3485,-0.9227
-2.6441,-6.8977,-2.0310,-0.7333,-0.6374,-0.6945
-1.9543,-7.3575,-0.8430,-1.0053,-0.9325,-0.3946
-0.3832,-7.5491,-0.1916,-0.5354,-0.8888,-0.1603
0.8814,-7.3958,-0.6131,0.1396,-0.6144,-0.0862
1.8777,-6.6677,-1.4179,0.0571,-0.6423,-0.0959
2.2992,-6.4761,-0.4982,-0.4201,-0.6581,-0.1323
2.1076,-7.5108,0.6131,-0.5804,-0.7139,-0.1032
2.0310,-9.6567,1.0346,-0.4213,-0.8232,-0.0158
0.9580,-12.3775,-0.4598,-0.1676,-0.7940,0.1129
0.0383,-13.7187,-2.0693,-0.1688,-0.6617,0.1105
0.8047,-13.1439,-2.0310,-0.0182,-0.5755,-0.0206
1.9927,-12.3775,0.3449,0.0559,-0.3849,-0.0243
2.3375,-13.1055,1.3412,0.0559,-0.3691,-0.1408
3.4105,-14.5234,-2.5675,-0.0170,-0.5840,-0.3302
2.7974,-14.9449,-8.8903,0.1700,-0.3764,-0.5184
0.1150,-10.7680,-10.3082,0.5257,0.1032,-0.7346
-0.8047,-7.7407,-7.0509,0.3047,0.2003,-0.8463
-0.5748,-7.6257,-4.1769,0.0158,0.1821,-0.9215
-1.2263,-6.8593,-4.6368,0.1578,0.6435,-0.9191
-2.7591,-8.4688,-2.7974,-0.4067,1.1109,-0.6981
-2.0693,-12.1092,0.6131,-0.5864,0.9895,-0.3570
0.8430,-13.2971,0.1916,0.1845,0.4565,0.2234
2.3759,-9.8866,-2.1076,1.0332,-0.1093,0.8244
1.6095,-6.2845,-3.5638,0.7418,-0.0437,1.0769
1.4562,-5.3265,-2.7207,-0.1008,0.3072,1.0102
1.5711,-5.6331,-1.0346,-0.6726,0.6071,0.7564
1.2263,-5.9013,0.5748,-0.6277,0.7758,0.3800
-0.1533,-6.3229,0.0383,-0.2853,0.8135,0.1068
-0.8430,-5.7864,-1.0730,-0.1554,0.8317,-0.0255
-1.6478,-5.6331,-0.7664,-0.4602,0.8523,-0.0364
-2.0693,-7.0893,0.3066,-0.7066,0.8341,0.0728
-1.6095,-10.4614,1.1113,-0.5014,0.8888,0.1882
-1.1496,-14.4468,-0.3066,0.0874,0.9300,0.2865
-0.2682,-14.9066,-1.6095,0.3448,0.7855,0.3327
-0.4215,-13.3355,-2.0310,0.6253,0.5063,0.1615
-1.3029,-10.3465,-0.3066,0.4711,0.2550,-0.1190
-1.1113,-11.5344,3.2955,-0.0996,0.2829,-0.1372
-0.7281,-13.6804,3.2572,-0.1457,0.7807,0.0279
-2.0310,-13.5271,-4.2536,0.2659,0.5354,0.2635
-2.2992,-12.2625,-9.0819,0.2865,0.0243,0.5464
-1.4179,-10.5381,-9.4651,0.1991,-0.3497,0.8402
-0.3066,-8.8137,-5.6714,0.1323,-0.3679,1.0247
0.9580,-7.6641,-4.8284,0.0643,-0.2574,0.8341
0.6514,-8.3538,-4.5601,-0.3387,-0.2659,0.6386
2.1076,-10.8446,-2.4142,-0.5367,-0.4177,0.3958
1.8011,-11.7643,0.1916,-0.0049,-0.3934,-0.0316

