-.-.-
-0.4598,-6.2845,-5.0583,-0.0923,0.0255,0.0389
-0.6514,-5.5564,-4.1769,-0.0704,0.0340,0.0158
-0.4215,-5.0200,-3.7171,-0.0959,0.0583,-0.0267
0.0383,-4.7900,-3.3722,-0.1336,0.1056,-0.0753
0.1533,-4.6751,-3.1039,-0.1991,0.1918,-0.1178
-0.3832,-4.9050,-3.3339,-0.3922,0.2064,-0.1676
-0.3066,-5.7097,-4.1769,-0.6702,0.2015,-0.1421
0.0000,-6.2845,-4.6368,-0.7625,0.1943,0.0376
0.0383,-6.4378,-4.2152,-0.6836,0.1421,0.1651
-0.4215,-6.1696,-3.8320,-0.5719,0.0401,0.1603
-1.0346,-5.9396,-4.4068,-0.6301,-0.0304,0.1238
-1.3029,-6.2079,-5.0200,-0.8803,-0.0838,0.0728
-0.9963,-6.4378,-4.9816,-0.9458,-0.0474,0.0607
-0.6514,-6.3612,-4.9816,-0.7831,-0.0510,0.0595
-0.8814,-6.5145,-5.2882,-0.7285,-0.1141,0.0522
-1.1113,-6.7444,-5.4032,-0.8584,-0.1554,-0.0012
-1.1879,-7.1276,-5.3648,-0.9203,-0.1809,0.0194
-0.4982,-7.4341,-5.7097,-0.7855,-0.1870,0.0947
0.0766,-7.9323,-6.1313,-0.6131,-0.1214,0.1153
0.2682,-8.3921,-5.5564,-0.4917,-0.1105,0.0631
-0.0766,-8.5071,-5.9396,-0.1712,-0.2113,0.0826
-0.9197,-7.4341,-5.7097,-0.1336,-0.2586,-0.0049
-1.6478,-7.3575,-5.5564,-0.1518,-0.2768,-0.0085
-1.9543,-7.1659,-6.0163,-0.1202,-0.2756,0.0024
-1.0730,-7.8173,-6.0546,0.0352,-0.3788,-0.0389
-1.0346,-7.3192,-5.6331,0.4492,-0.2015,-0.1020
-0.4982,-7.3192,-5.6331,0.4759,-0.0789,-0.1578
-0.5748,-7.3958,-5.4415,0.4116,-0.0607,-0.2331
-0.8430,-7.5874,-5.0966,0.4857,-0.1056,-0.2744
-0.6898,-7.9706,-5.4032,0.5719,-0.1408,-0.3472
-0.3066,-7.8173,-6.0546,0.6714,-0.1105,-0.3667
-0.6514,-8.3538,-5.9780,0.8402,-0.1506,-0.3485
-0.8047,-8.7370,-6.5911,1.0199,-0.2465,-0.3157
-1.2646,-8.8903,-6.2845,1.1959,-0.3011,-0.3351
-0.9963,-8.9670,-6.3612,1.1729,-0.3570,-0.3278
-1.2263,-9.5418,-6.4761,1.1024,-0.3145,-0.3570
-1.8011,-9.9250,-6.5911,1.0867,-0.3217,-0.3946
-2.0310,-10.0399,-6.3995,1.1656,-0.3230,-0.3302
-1.4179,-10.6530,-6.1696,1.0612,-0.3922,-0.1930
-1.2646,-10.6914,-6.2462,0.8062,-0.4456,-0.1372
-1.3029,-10.7297,-6.3229,0.6617,-0.3667,-0.1639
-1.0730,-10.7297,-5.9396,0.4031,-0.2453,-0.1845
-1.3029,-10.7297,-5.9013,0.1348,-0.2380,-0.1688
-1.3412,-10.8830,-6.1313,0.0376,-0.2295,-0.1870
-1.5711,-10.4614,-6.3995,-0.0631,-0.1299,-0.1797
-1.9927,-10.3848,-6.2079,-0.1481,-0.0267,-0.1518
-2.5675,-10.1932,-6.3995,-0.1481,-0.0109,-0.1445
-2.5675,-9.6567,-6.6294,-0.2404,-0.0097,-0.1299
-2.2226,-9.4651,-6.3995,-0.3290,-0.0194,-0.0461
-1.7627,-9.6567,-6.5145,-0.4128,-0.0364,0.0000
-1.4562,-9.8483,-6.2845,-0.4334,0.0109,0.0194
-1.3029,-9.7717,-5.7097,-0.3715,0.1275,0.0559
-1.4179,-9.5034,-4.9050,-0.2708,0.1882,0.0850
-1.3795,-9.0436,-4.4835,-0.1603,0.2149,0.0728
-1.1113,-8.4688,-4.1386,-0.0741,0.2343,0.0631
-1.1879,-8.2005,-4.0236,-0.0376,0.2538,0.0559
-1.1496,-7.7790,-3.8704,-0.0219,0.2768,0.0571
-1.0730,-7.7407,-3.7554,0.0097,0.2914,0.0813
-1.0346,-7.8173,-3.7554,0.0498,0.2926,0.1032
-1.1113,-8.0089,-3.7554,0.0753,0.2999,0.1020
-1.1113,-8.1622,-3.9470,0.1141,0.3011,0.0777
-1.1496,-8.1239,-4.2536,0.1530,0.2975,0.0631
-1.1496,-8.3155,-4.3302,0.1712,0.2878,0.0595
-1.2263,-8.4305,-4.5984,0.1821,0.2695,0.0413
-1.1496,-8.4688,-4.5218,0.1384,0.2295,0.0291
-1.0730,-8.6221,-4.8284,0.0935,0.2028,0.0219
-0.9197,-8.9286,-4.9433,0.0935,0.1991,0.0340
-0.9197,-8.8903,-4.9050,0.0935,0.1967,0.0425
-1.1113,-8.8137,-4.9433,0.0765,0.1845,0.0461
-1.0730,-8.9286,-5.0583,0.0656,0.1870,0.0425
-0.9580,-9.0053,-4.9816,0.0437,0.1906,0.0364
-1.1496,-9.0053,-4.9050,0.0304,0.1845,0.0413
-1.0346,-8.9286,-4.9433,0.0376,0.1833,0.0437
-1.0346,-8.6987,-4.7134,0.0474,0.1906,0.0498
-1.0346,-8.6604,-4.6751,0.0364,0.1809,0.0486
-1.0730,-8.6987,-4.6368,0.0231,0.1724,0.0461
-0.9580,-8.5071,-4.5218,0.0194,0.1700,0.0352
-0.9963,-8.4688,-4.3302,0.0279,0.1700,0.0267
-0.8430,-8.3538,-4.1769,0.0376,0.1676,0.0243
-0.7664,-8.3538,-4.3302,0.0607,0.1639,0.0036
-0.9963,-8.1622,-4.2536,0.0813,0.1518,-0.0279
-0.7664,-8.2005,-4.3685,0.0765,0.1348,-0.0461
-1.0730,-8.1622,-4.3302,0.0704,0.1336,-0.0255
-0.9963,-8.3538,-4.4068,0.0571,0.1032,0.0146
-1.0346,-8.6987,-4.6751,0.0170,0.0874,0.0206
-0.9197,-8.6604,-4.7517,0.0255,0.1153,0.0061
-0.8047,-8.8137,-4.5218,0.0279,0.1226,-0.0061
-0.9197,-8.7370,-4.5984,0.0061,0.1190,-0.0219
-0.8814,-8.7754,-4.5601,-0.0243,0.1141,-0.0134
-0.9197,-8.9670,-4.6368,-0.0449,0.1093,-0.0109
-0.9580,-8.8903,-4.6751,-0.0449,0.1032,-0.0109
-0.9197,-8.8137,-4.5218,-0.0376,0.0996,-0.0024
-1.0730,-8.7370,-4.4452,-0.0316,0.0935,0.0097
-1.1113,-8.6987,-4.4068,-0.0401,0.0862,0.0182
-0.9963,-8.6604,-4.4068,-0.0498,0.0983,0.0121
-0.9580,-8.5071,-4.5218,-0.0401,0.1202,-0.0061
-0.9197,-8.7370,-4.4068,-0.0231,0.1238,0.0024
-0.8430,-8.6604,-4.4452,-0.0194,0.1056,0.0206
-0.8814,-8.5454,-4.3685,-0.0194,0.1117,0.0182
-0.8814,-8.6604,-4.5218,0.0012,0.1311,0.0134
-0.9197,-8.6221,-4.2919,0.0206,0.1348,0.0097
-0.9580,-8.6604,-4.2536,0.0279,0.1311,0.0194
-0.8430,-8.5454,-4.4835,0.0024,0.1287,0.0219
-0.8814,-8.5454,-4.4068,-0.0146,0.1372,0.0097
-0.8814,-8.6221,-4.4835,-0.0194,0.1469,0.0024
-0.9580,-8.5838,-4.4068,-0.0279,0.1445,-0.0012
-0.9197,-8.7370,-4.5601,-0.0449,0.1323,0.0073
-0.9963,-8.7754,-4.4835,-0.0692,0.1190,0.0194
-0.8814,-8.8520,-4.5984,-0.0643,0.1275,0.0194
-1.0346,-8.7754,-4.5601,-0.0328,0.1433,0.0158
-0.8430,-8.6221,-4.4068,-0.0158,0.1493,0.0170
-0.8430,-8.5838,-4.5218,-0.0121,0.1493,0.0109
-0.8430,-8.5454,-4.2919,0.0024,0.1518,0.0000
-0.5748,-8.5454,-4.5601,0.0036,0.1396,-0.0036
-0.9197,-8.5454,-4.5984,-0.0364,0.1166,0.0206
-1.0346,-8.7370,-4.5984,-0.0643,0.0826,0.0474
-0.8430,-8.7754,-4.7517,-0.0619,0.0850,0.0255
-0.7281,-8.6987,-4.7134,-0.0534,0.1081,-0.0024
-0.8047,-8.6221,-4.5218,-0.0668,0.1129,-0.0231
-0.8047,-8.6604,-4.5601,-0.0862,0.0971,-0.0206
-0.9580,-8.5838,-4.5218,-0.1068,0.0741,-0.0012
-0.9197,-8.7370,-4.5601,-0.1202,0.0595,0.0085
-0.9197,-8.7370,-4.4835,-0.1056,0.0656,0.0061
-0.7664,-8.6987,-4.7134,-0.0801,0.0777,0.0036
-0.8814,-8.5838,-4.4835,-0.0643,0.0789,0.0000
-0.8430,-8.3921,-4.4452,-0.0510,0.0826,-0.0097
-0.8430,-8.3538,-4.5601,-0.0352,0.0923,-0.0267
-0.9963,-8.3155,-4.7900,-0.0316,0.0874,-0.0146

