-.-.-
-1.3795,-3.7554,-8.3921,0.0886,0.0170,0.0073
-1.5328,-3.6404,-8.4688,0.0911,0.0049,0.0049
-1.2646,-3.8320,-8.5071,0.0886,-0.0012,-0.0061
-1.3029,-3.7171,-8.5071,0.0789,-0.0085,-0.0134
-1.1879,-3.5638,-8.5071,0.0643,-0.0097,-0.0146
-1.2646,-3.7171,-8.2005,0.0559,-0.0012,-0.0170
-1.2646,-3.6021,-8.4305,0.0631,0.0000,-0.0328
-1.2646,-3.7171,-8.3155,0.0668,-0.0085,-0.0583
-1.5328,-3.4488,-7.9706,0.0680,-0.0036,-0.0753
-1.2263,-3.7171,-8.3921,0.0328,0.0061,-0.0680
-1.3412,-3.5638,-8.2005,0.0255,-0.0036,-0.0607
-1.4562,-3.4105,-8.3921,0.0304,-0.0049,-0.0559
-1.2263,-3.5638,-8.3921,0.0012,-0.0121,-0.0728
-1.2646,-3.6021,-8.3538,0.0279,-0.0170,-0.0886
-1.3412,-3.5255,-8.2772,0.0194,-0.0109,-0.0923
-1.2263,-3.6021,-8.5071,0.0243,-0.0061,-0.0777
-1.3412,-3.5638,-8.6604,0.0231,0.0049,-0.0631
-1.3412,-3.4871,-8.4688,0.0243,0.0109,-0.0643
-1.2263,-3.4488,-8.4305,0.0146,0.0231,-0.0826
-1.1113,-3.6021,-8.2005,-0.0061,0.0255,-0.0935
-0.9963,-3.6021,-8.2772,0.0134,0.0255,-0.0911
-1.1113,-3.6404,-8.4688,0.0231,0.0304,-0.0789
-1.3029,-3.4105,-8.4688,0.0267,0.0231,-0.0619
-1.3029,-3.2955,-8.4688,0.0340,0.0061,-0.0425
-1.1879,-3.4488,-8.5838,0.0291,-0.0121,-0.0304
-1.0730,-3.4871,-8.3538,0.0364,-0.0134,-0.0364
-1.1113,-3.4488,-8.5454,0.0413,-0.0134,-0.0498
-1.2263,-3.2189,-8.5071,0.0449,-0.0121,-0.0619
-1.1879,-3.4105,-8.3155,0.0061,-0.0061,-0.0704
-1.1496,-3.3722,-8.5071,0.0097,0.0061,-0.0583
-1.2646,-3.2572,-8.4305,0.0243,0.0061,-0.0389
-1.3412,-3.2189,-8.3538,0.0328,0.0012,-0.0352
-1.3029,-3.3722,-8.4305,0.0437,0.0036,-0.0328
-1.3029,-3.2572,-8.3538,0.0425,0.0134,-0.0206
-1.1496,-3.3722,-8.5071,0.0474,0.0170,-0.0012
-1.4179,-3.4105,-8.6221,0.0522,0.0231,0.0219
-1.4562,-3.4105,-8.5838,0.0789,0.0219,0.0352
-1.4562,-3.1806,-8.5454,0.0838,0.0206,0.0401
-1.3412,-3.3722,-8.5838,0.0996,0.0182,0.0364
-1.0730,-3.4105,-8.4688,0.0935,0.0194,0.0304
-1.1879,-3.3339,-8.5071,0.0838,0.0182,0.0158
-1.1113,-3.2955,-8.4688,0.0959,0.0231,0.0097
-1.2263,-3.3339,-8.3155,0.1056,0.0316,0.0073
-1.2646,-3.4871,-8.3538,0.1287,0.0255,0.0219
-1.2646,-3.5255,-8.3921,0.1506,0.0036,0.0352
-1.2263,-3.5255,-8.4688,0.1348,-0.0036,0.0219
-1.2263,-3.5255,-8.5838,0.1275,0.0024,0.0085
-1.3795,-3.4488,-8.6604,0.1214,0.0194,-0.0049
-1.3029,-3.5638,-8.4688,0.1068,0.0352,-0.0085
-1.2263,-3.6021,-8.5071,0.1129,0.0316,0.0024
-1.1113,-3.5255,-8.3155,0.1336,0.0291,0.0097
-1.3029,-3.5255,-8.4305,0.1663,0.0279,0.0121
-1.3029,-3.5255,-8.3921,0.1930,0.0243,0.0061
-1.1879,-3.5255,-8.4688,0.1955,0.0255,0.0134
-1.1496,-3.7554,-8.5071,0.2076,0.0219,0.0170
-1.1879,-3.7554,-8.5454,0.2088,0.0061,0.0134
-1.1879,-3.9087,-8.5454,0.2015,-0.0061,0.0121
-1.2263,-3.7554,-8.5838,0.2003,0.0000,-0.0012
-1.0346,-3.7937,-8.3538,0.2015,0.0097,-0.0243
-1.0346,-3.7554,-8.3538,0.1943,0.0206,-0.0304
-1.1879,-3.6404,-8.3921,0.1894,0.0279,-0.0340
-1.1879,-3.6787,-8.2772,0.1894,0.0206,-0.0364
-1.2263,-3.7554,-8.2389,0.1979,0.0049,-0.0389
-1.2646,-3.8704,-8.2005,0.2100,-0.0024,-0.0425
-1.2263,-3.9853,-8.4305,0.2076,0.0012,-0.0389
-1.3412,-3.9470,-8.2772,0.1894,0.0073,-0.0474
-1.3795,-3.8704,-8.2772,0.1542,-0.0036,-0.0595
-1.1496,-3.8320,-8.0856,0.1081,0.0134,-0.0437
-1.2646,-3.6787,-8.0473,0.0449,0.0413,-0.0243
-1.1496,-3.7171,-8.0856,-0.0085,0.0607,-0.0061
-0.9963,-3.8704,-8.1622,-0.0559,0.0607,0.0012
-1.1879,-3.9470,-8.1239,-0.0716,0.0546,0.0146
-1.2646,-3.9853,-8.3921,-0.0401,0.0170,0.0291
-1.3795,-3.9087,-8.2389,0.0182,-0.0170,0.0316
-1.5711,-4.0236,-8.2389,0.0401,-0.0073,0.0304
-1.5328,-4.0236,-8.3155,0.0692,0.0085,0.0146
-1.4562,-4.0620,-8.2772,0.0607,0.0231,0.0073
-1.6861,-3.8320,-8.4688,0.0486,0.0085,0.0158
-1.3795,-4.0236,-8.3921,0.0340,-0.0049,0.0182
-1.3029,-3.9087,-8.2389,0.0316,-0.0061,-0.0049
-1.2646,-3.8704,-8.3921,0.0510,0.0097,-0.0291
-1.2646,-3.8320,-8.3155,0.0546,0.0121,-0.0267
-1.2263,-3.9853,-8.3538,0.0704,0.0097,-0.0061
-1.3029,-3.9853,-8.3538,0.0996,-0.0036,0.0097
-0.9963,-3.9087,-8.2772,0.0777,-0.0085,0.0243
-1.0730,-3.9087,-8.2005,0.0522,0.0097,0.0231
-0.9580,-3.9470,-8.2389,0.0352,0.0316,0.0194
-1.1496,-4.1003,-8.3921,0.0486,0.0376,0.0146
-1.2646,-3.9470,-8.4305,0.0801,0.0631,0.0097
-1.3795,-4.2152,-8.3538,0.1226,0.0559,0.0024
-1.1879,-4.1386,-8.3155,0.1809,0.0401,-0.0012
-1.1879,-4.2919,-8.5071,0.2161,0.0340,-0.0134
-1.1496,-4.3302,-8.3538,0.2489,0.0474,-0.0376
-1.1113,-4.3302,-8.3538,0.2865,0.0559,-0.0595
-1.0730,-4.4452,-8.2389,0.3108,0.0546,-0.0741
-1.2646,-4.3302,-8.3538,0.3278,0.0510,-0.0777
-1.1879,-4.5601,-8.1622,0.3521,0.0425,-0.0826
-1.2263,-4.4835,-8.0473,0.3800,0.0389,-0.0935
-1.0730,-4.5984,-8.1239,0.4140,0.0413,-0.1032
-1.1496,-4.6751,-7.7790,0.4541,0.0304,-0.1032
-1.1879,-4.5984,-8.0089,0.4820,0.0073,-0.1032
-1.1879,-4.5984,-7.8557,0.5039,0.0012,-0.0838
-1.1496,-4.6368,-7.9323,0.5197,0.0000,-0.0680
-1.2646,-4.9433,-7.9323,0.5500,-0.0049,-0.0643
-1.2263,-5.0583,-8.0473,0.5949,-0.0049,-0.0595
-1.1879,-5.2116,-7.8173,0.6556,0.0049,-0.0583
-0.9580,-5.3648,-8.0473,0.7188,0.0328,-0.0753
-0.9197,-5.3265,-7.9323,0.7588,0.0571,-0.0947
-1.0346,-5.2882,-7.6641,0.7698,0.0498,-0.0886
-0.9580,-5.7097,-7.5108,0.8013,0.0389,-0.0692
-1.0346,-5.7097,-7.3192,0.8657,0.0352,-0.0668
-0.9963,-5.9780,-7.3192,0.9106,0.0328,-0.0850
-1.0730,-6.2079,-7.1659,0.9495,0.0267,-0.1008
-1.1113,-6.3612,-7.1659,1.0065,0.0109,-0.1068
-1.1496,-6.3612,-6.9743,1.0417,0.0109,-0.1178
-1.0346,-6.5911,-6.9360,1.0952,0.0206,-0.1105
-1.0730,-6.8210,-6.7827,1.1546,0.0219,-0.1068
-1.1879,-6.9743,-6.7061,1.2251,0.0231,-0.0935
-1.1879,-7.1659,-6.2845,1.2433,0.0194,-0.0692
-1.1496,-7.4341,-6.1696,1.2943,0.0316,-0.0559
-1.0730,-7.6257,-6.1313,1.3647,0.0316,-0.0267
-0.7281,-7.7790,-5.9780,1.4460,0.0534,-0.0364
-0.9580,-7.8557,-6.0163,1.5541,0.0631,-0.0583
-0.9580,-8.1239,-5.6331,1.6949,0.0680,-0.0898
-1.1113,-7.8940,-5.0583,1.8079,0.0789,-0.1117
-0.9963,-7.8940,-4.8667,1.8042,0.0801,-0.1348
-0.9197,-7.9323,-4.8284,1.7629,0.0801,-0.1663
-1.0346,-8.1622,-4.5218,1.7350,0.0425,-0.1384

