-.-.-
-0.9580,-10.0399,-1.3412,-0.1251,-0.2987,-0.1020
-0.5748,-10.1549,-1.6095,-0.1068,-0.2392,-0.1202
-0.3832,-10.1549,-1.4562,-0.1093,-0.1578,-0.1336
-0.6898,-10.1932,-1.3795,-0.0923,-0.1445,-0.1336
-1.1496,-9.9633,-1.4179,-0.0461,-0.1821,-0.1372
-1.3412,-9.8866,-1.6478,-0.0437,-0.2404,-0.1396
-1.4179,-9.6567,-1.5711,-0.0595,-0.2768,-0.1554
-1.4179,-9.8100,-1.3795,-0.0559,-0.3278,-0.1833
-1.3029,-9.8483,-1.3795,-0.0886,-0.3630,-0.2100
-1.3029,-10.1166,-1.5328,-0.1068,-0.3800,-0.2465
-1.0730,-10.1549,-1.4945,-0.0656,-0.3970,-0.2623
-1.4179,-9.8100,-1.5328,-0.0279,-0.4298,-0.2890
-1.6861,-9.6950,-1.4945,-0.0036,-0.4905,-0.3060
-1.7627,-9.6184,-1.4179,-0.0206,-0.5621,-0.3120
-1.6861,-9.7717,-1.4179,-0.0461,-0.5901,-0.3217
-1.4562,-9.8483,-1.4179,-0.0231,-0.5998,-0.3363
-1.1879,-9.8483,-1.3795,0.0243,-0.6229,-0.3594
-0.9963,-9.8100,-1.4562,0.0146,-0.6059,-0.3837
-0.9580,-10.0399,-1.8777,-0.0571,-0.5864,-0.4140
-0.6898,-9.8483,-1.9160,-0.0680,-0.6399,-0.4517
-0.8047,-10.0016,-1.7627,-0.0291,-0.6775,-0.4796
-0.6898,-10.2698,-2.1459,-0.0328,-0.7783,-0.4796
-1.3029,-10.3082,-3.1423,-0.2125,-0.9689,-0.4347
-1.2646,-10.0782,-2.2226,-0.0571,-1.1462,-0.3727
-0.9963,-9.4268,-1.5711,0.1845,-1.1923,-0.3315
-0.4215,-9.0053,-2.2226,0.1093,-1.1789,-0.3047
-0.2682,-9.1202,-2.4525,-0.1214,-1.1680,-0.3060
-0.3066,-9.3118,-2.5675,-0.2501,-1.2226,-0.3181
-0.1533,-9.3502,-2.6824,-0.3242,-1.2566,-0.3108
-0.0383,-9.3502,-2.5291,-0.3278,-1.2251,-0.2683
0.4982,-9.3118,-2.6058,-0.2999,-1.1534,-0.2246
0.7664,-9.2735,-2.4142,-0.2878,-1.0769,-0.2173
0.8430,-9.4268,-2.3375,-0.2817,-1.1012,-0.2416
0.6898,-9.8100,-2.3759,-0.3096,-1.2044,-0.2695
0.5365,-10.2698,-2.3759,-0.3667,-1.2918,-0.2865
0.4598,-10.5764,-2.4142,-0.3339,-1.3319,-0.3072
0.6131,-10.5381,-2.4525,-0.3023,-1.2700,-0.3448
0.4982,-10.1549,-2.2609,-0.2975,-1.2020,-0.4055
0.4598,-9.8100,-1.6861,-0.2088,-1.1777,-0.4614
0.2299,-9.3885,-1.5711,-0.1129,-1.2481,-0.4893
0.2299,-9.1969,-1.7627,-0.1591,-1.3356,-0.4966
0.2682,-9.3885,-1.8011,-0.2817,-1.3538,-0.4929
0.1533,-9.6567,-1.8777,-0.3460,-1.3125,-0.4772
0.1150,-9.8100,-1.9927,-0.3594,-1.2979,-0.4492
-0.1150,-9.8866,-1.7627,-0.3351,-1.3283,-0.4189
-0.1533,-10.0016,-1.7627,-0.2538,-1.3392,-0.3946
-0.2299,-9.8866,-1.8777,-0.1724,-1.3234,-0.3825
-0.3066,-10.0016,-1.6478,-0.0510,-1.2955,-0.3752
-0.4598,-10.0016,-1.4562,0.1275,-1.3283,-0.3497
-0.7281,-9.8483,-1.6478,0.2756,-1.3841,-0.2963
-0.3832,-9.6184,-2.5675,0.2683,-1.4290,-0.2234
-0.2682,-9.5418,-3.9087,0.0971,-1.4558,-0.2343
-0.5365,-9.7334,-6.3229,-0.2246,-1.6439,-0.3351
-0.1533,-9.8483,-4.6751,-0.3727,-1.3987,-0.5439
-1.0730,-8.9286,-2.6441,-0.0971,-1.1716,-0.6993
-1.1496,-8.0856,-4.0620,0.0340,-1.2299,-0.6945
-0.9963,-8.0473,-3.8320,-0.1457,-1.2008,-0.6034
-0.4215,-8.5454,-2.7591,-0.1651,-1.2069,-0.4954
0.1533,-9.8100,-3.2189,-0.1845,-1.2251,-0.3557
0.6514,-11.4195,-3.5255,-0.3023,-1.0854,-0.1943
0.0766,-12.4541,-2.7591,-0.2003,-0.8499,-0.0728
-0.6898,-12.6457,-2.6441,0.3120,-0.7176,0.0474
-1.1879,-11.5344,-2.8357,0.6933,-0.6350,0.2149
-1.1113,-10.6147,-2.6824,0.8402,-0.4942,0.3958
-1.1113,-10.1932,-1.7627,0.9373,-0.3740,0.5488
-1.0730,-9.8866,-1.2263,1.0721,-0.2987,0.6726
-1.1496,-9.7334,-1.1496,1.0939,-0.2610,0.7346
-1.5711,-8.9670,-1.1879,1.0272,-0.2064,0.7431
-1.9160,-9.5418,-0.9963,0.9155,-0.1603,0.7588
-1.9927,-9.8100,-1.1879,0.7977,-0.1226,0.7758
-2.2226,-10.4614,-0.3449,0.7698,-0.0036,0.8499
-2.3375,-10.4998,-0.1150,0.9968,-0.0643,0.8900
-2.2992,-9.6567,-0.3832,1.2093,-0.1518,0.8633
-2.3759,-8.8520,-0.2682,1.1085,-0.1506,0.8244
-2.5675,-8.4305,0.0000,0.9240,-0.1263,0.7261
-2.4525,-8.3538,0.0766,0.7613,-0.0364,0.6131
-2.4908,-8.1622,0.0000,0.5961,-0.0109,0.4917
-2.4142,-8.2005,-0.1150,0.3145,0.0279,0.3946
-2.5291,-8.8520,0.1533,0.0389,0.0316,0.3302
-2.7974,-8.5071,0.3066,-0.0656,0.0680,0.2878
-2.8357,-8.3155,0.3832,-0.0801,0.1748,0.2331
-2.7974,-8.2389,0.4215,-0.1627,0.2938,0.1736
-2.8357,-8.4305,0.5365,-0.2453,0.4674,0.1093
-2.6824,-8.7370,0.7281,-0.2890,0.6301,0.0996
-2.9890,-8.8520,0.4215,-0.3278,0.6678,0.1178
-3.1806,-9.1202,0.4982,-0.3545,0.7576,0.1226
-3.4871,-9.1586,0.3066,-0.3667,0.8572,0.1044
-3.4871,-9.2352,0.3066,-0.4407,0.9482,0.0765
-3.6404,-9.2352,0.4215,-0.4626,1.0260,0.0413
-3.4105,-9.4651,0.3832,-0.4541,1.0417,0.0279
-3.9087,-9.2352,0.1916,-0.4711,1.1012,0.0316
-4.2536,-8.9286,0.2299,-0.4954,1.1486,0.0668
-4.7517,-8.6987,-0.0383,-0.5779,1.1899,0.1178
-5.2882,-8.6221,-0.4982,-0.7188,1.2117,0.1761
-5.2499,-9.1969,-1.0730,-0.8341,1.2287,0.2635
-5.2882,-9.7717,-1.4562,-0.8414,1.2311,0.3606
-4.9816,-10.1932,-1.9160,-0.7127,1.1692,0.4662
-4.7517,-9.9250,-2.2609,-0.5719,1.1874,0.5609
-4.6368,-9.1969,-2.7591,-0.4140,1.1644,0.6484
-5.3648,-8.6604,-3.4488,-0.3873,1.1498,0.7698
-6.2079,-8.7370,-3.9087,-0.3545,1.1971,0.9701
-5.3265,-8.0473,-3.9853,-0.1396,1.2008,1.2105
-3.4105,-7.3958,-3.2189,-0.0607,1.2360,1.4266
-1.5328,-7.3958,-1.9927,-0.0267,1.3258,1.5590
-0.9963,-7.5108,-1.2263,0.0765,1.4667,1.5432
-0.9197,-7.3958,-1.8777,0.1930,1.5517,1.4169
-1.6861,-7.3192,-2.3375,0.3035,1.6743,1.2166
-2.9123,-6.8593,-3.1039,0.3582,1.3817,1.0721
-3.8320,-6.6294,-3.1806,0.2623,1.0041,1.0903
-4.2152,-6.7061,-2.6824,0.1299,0.8523,1.1656
-4.7134,-7.0126,-2.8357,0.0498,0.7843,1.1789
-4.7900,-7.4341,-3.3722,0.0510,0.8523,1.1146
-4.4835,-7.6257,-4.4452,0.1408,1.1741,0.9349
-3.2189,-7.7024,-4.9050,0.2659,1.4788,0.7248
-2.5291,-7.5491,-3.8704,0.4080,1.5699,0.5682
-3.4488,-7.6257,-3.4488,0.4638,1.2093,0.4784
-4.5601,-7.4341,-4.6751,0.2987,1.1061,0.4529
-5.0583,-8.4305,-4.4835,0.2040,1.1510,0.4310
-4.9433,-9.1586,-3.1039,0.4310,1.0587,0.3497
-4.5984,-9.1202,-3.4488,0.6326,0.8147,0.1797
-4.7134,-8.6221,-4.5218,0.6326,0.6945,0.0838
-4.7134,-8.5071,-4.0620,0.6775,0.5779,0.0765
-4.2536,-8.6604,-3.7554,0.7940,0.4759,0.0546
-4.4068,-8.2772,-3.6787,0.8062,0.3217,0.0146
-4.4835,-8.3538,-3.3339,0.7370,0.2999,-0.0619
-3.5255,-9.0436,-3.3339,0.7394,0.2865,-0.2161
-3.1423,-9.3502,-3.2572,0.7273,0.2161,-0.3849
-3.7937,-10.1932,-3.6021,0.7370,0.1384,-0.5014

