-.-.-
0.5748,-8.6221,-1.6861,1.9815,2.0215,2.4611
0.3449,-8.8903,-1.9927,4.8966,1.3428,2.3773
0.0383,-8.2772,-1.9160,6.7191,-0.1773,2.8375
-0.2682,-7.3192,-1.8777,6.0112,-1.2093,3.2308
-1.3795,-6.7444,-2.6058,2.9443,-1.3465,3.6789
-0.4982,-7.0893,-2.8740,1.9511,0.5112,5.2196
1.2646,-7.6641,-3.0273,1.7010,2.9516,5.6955
2.3759,-7.9323,-2.7591,0.3982,4.1839,4.6392
2.2992,-8.9286,-2.2992,-0.5694,5.2852,3.3158
2.0693,-9.8483,-2.4142,1.4582,6.1363,2.0592
0.9197,-9.6950,-2.4908,5.1382,6.3050,1.0344
0.3066,-7.3192,-5.3648,6.4726,6.1035,0.5828
-1.9927,-5.3265,-9.2735,2.7318,5.3532,-0.2756
-3.8704,-6.5145,-7.3192,-1.8406,2.4161,-0.2963
-2.8357,-8.7370,-6.3612,-1.4133,2.7719,-0.0522
-2.5291,-11.3045,-6.6677,-0.1518,5.8510,-2.2449
-4.9816,-14.8300,-5.1349,-1.0502,6.0185,-4.1876
-5.1732,-17.2441,-6.0163,-3.7821,5.7453,-3.5380
-2.1459,-17.0142,-7.0893,-2.4052,2.8035,-0.9009
0.0000,-13.7570,-5.2882,1.3999,-2.5558,0.9179
-0.5365,-9.3885,-4.1003,2.7367,-5.3592,-0.5354
-1.1496,-5.7864,-3.1423,-0.8572,-3.6740,-2.6723
-1.0346,-5.7864,-2.8740,-4.8335,-1.0199,-4.0164
-1.0346,-6.7444,-2.6441,-6.1290,1.0041,-4.7084
-1.2263,-7.6257,-1.9160,-4.1548,1.1741,-3.8998
-1.1496,-8.3921,-2.0693,-1.8831,0.8645,-3.0402
-0.7664,-9.0819,-2.1459,0.3108,1.1716,-2.9577
-0.1916,-9.0053,-2.2992,3.5332,1.8892,-3.5720
-0.0383,-8.1239,-2.2992,6.2528,2.2996,-4.3418
0.3066,-7.2042,-1.7627,5.7380,3.0669,-4.5312
0.8047,-7.0509,-1.8394,3.2551,3.2381,-4.2701
0.0383,-7.2042,-1.7627,2.0288,1.3040,-4.6405
-1.1496,-7.3958,-1.5711,2.7986,-0.8220,-4.4802
-2.0693,-7.8557,-1.7627,3.1519,-2.0665,-4.2896
-2.1459,-8.5071,-1.5328,2.2777,-3.0062,-3.8913
-2.0310,-8.6221,-1.8777,1.5784,-3.4069,-3.1580
-1.3412,-7.4341,-2.6824,1.8358,-2.9370,-2.1138
-0.1150,-4.7900,-6.0929,-0.1238,-2.7112,-0.7940
2.1076,-3.7937,-9.2352,-5.5243,-0.4140,0.4650
2.4525,-5.9780,-7.3192,-7.9696,-3.0948,4.1147
1.3795,-9.6950,-5.9396,-5.6834,-9.0466,6.0367
0.7281,-14.3701,-7.9706,-7.2630,-11.0645,6.0610
2.4525,-21.2295,-9.4651,-8.6508,-5.3750,6.8915
3.2955,-22.1108,-9.1969,-3.5417,-2.3943,-1.0684
1.2646,-16.4011,-5.4415,4.7509,1.1474,-4.3673
0.5365,-10.3465,-3.3339,6.9813,3.6558,-3.4627
1.4179,-4.8667,-3.5255,5.9493,3.2053,-0.4055
0.8047,-3.0656,-3.6404,-0.6034,2.2959,1.9791
0.0766,-4.7134,-2.4908,-6.2031,2.4307,3.7080
0.0000,-7.0893,-1.7627,-7.1464,1.9317,3.6351
0.7664,-7.8557,-2.1076,-5.0448,1.2166,2.9674
1.1879,-8.4688,-2.0693,-1.9766,1.1741,2.7962
0.5748,-8.6987,-2.2609,2.2838,0.2950,2.6638
0.1150,-8.1622,-2.1076,5.6215,-0.2598,3.2211
-0.2682,-7.0509,-2.2226,6.4180,-1.0624,3.7614
-0.9963,-6.2079,-2.6441,2.9929,-1.0381,4.3053
-0.4598,-6.3229,-2.3759,-0.0959,0.4699,5.1480
0.4598,-7.0893,-2.2992,0.7576,2.8799,5.7550
1.9927,-8.1622,-2.5675,0.5354,4.9039,5.7453
2.1076,-9.5801,-2.3375,-0.3339,5.9032,5.4734
1.5328,-10.4614,-2.4525,1.6415,6.2346,4.6113
0.4215,-9.7717,-2.8740,4.6429,6.4422,2.7537
-0.0766,-7.5491,-3.1039,5.6518,6.1132,0.2635
-0.9963,-4.7900,-6.5145,2.0203,7.3662,-1.3076
-2.6058,-5.2116,-7.3192,-1.3598,6.1144,-2.5448
-2.3375,-7.4341,-6.9743,-2.6565,3.4312,-2.2559
-2.2226,-11.6494,-9.9633,-2.2850,6.0185,-2.3482
-7.2809,-17.2441,-5.4798,-3.4773,3.2430,-4.9841
-5.0583,-20.5397,-7.7024,-4.9088,5.8594,-0.8778
-1.5328,-18.3938,-7.4341,-3.2490,2.9382,0.4674
0.8814,-13.7187,-5.9013,1.4570,-2.3020,1.5699
-0.2682,-8.1622,-4.4068,3.3413,-5.6713,0.6981
-1.2263,-3.9853,-3.4488,0.5136,-4.9537,-2.7622
-0.9963,-4.6751,-3.1039,-5.1504,-3.7711,-4.5627
-0.6898,-6.9360,-3.1039,-8.6787,-1.7071,-4.6635
-1.6095,-8.2389,-2.7974,-7.2424,-0.7503,-3.1677
-1.9543,-9.0053,-2.9507,-5.0448,-1.1413,-1.3756
-1.6861,-9.4268,-2.7207,-2.5703,-1.3817,-0.9592
-1.2263,-9.2352,-2.2226,2.1357,-1.2676,-1.3343
-0.2682,-8.1239,-1.2263,6.0586,-0.3570,-2.1078
0.8430,-7.3575,-0.9963,7.3735,0.6836,-3.5805
0.7281,-6.6294,-0.9197,6.5503,1.5383,-5.6846
0.7281,-6.2462,-1.8011,4.4401,3.0074,-7.4925
0.7664,-6.7444,-1.9543,2.7937,3.0305,-7.9684
-0.1916,-7.5874,-1.3029,4.6101,0.9895,-7.2266
-1.8394,-7.8173,-1.4562,5.7477,-1.7981,-5.3592
-3.0273,-8.6987,-1.2263,5.3240,-3.2150,-4.5033
-2.4908,-8.5838,-1.5711,4.9828,-2.6371,-3.6388
-1.7244,-7.3575,-3.8320,3.1507,-1.9074,-2.9079
-0.7664,-5.7864,-10.0016,-2.4489,-2.8435,-1.7824
2.4142,-6.1313,-9.6950,-4.1876,0.1348,1.0041
3.2572,-7.4725,-7.3192,-5.1298,-5.3932,3.7723
3.7171,-11.7260,-10.2315,-8.4771,-12.8723,8.3642
4.8284,-20.4630,-6.8977,-9.5808,-8.0765,11.1118
2.7591,-23.7203,-8.9286,-2.6420,-5.9833,2.0337
-0.8814,-19.2368,-6.5528,4.4316,1.1134,-3.3571
-0.1916,-12.6840,-4.8667,8.7588,6.8903,-4.1196
0.6131,-5.7864,-4.3685,9.9742,6.8344,-2.9819
0.8047,-3.1806,-3.3722,1.5250,2.7682,0.7431
0.6131,-5.2116,-2.9507,-8.3849,1.6452,3.6752
0.4598,-7.2809,-2.0310,-9.4217,0.8851,4.1196
0.8814,-7.2425,-2.1076,-5.5486,0.6107,3.7711
1.0730,-6.7827,-2.4908,-3.0827,1.2287,4.0674
1.0346,-6.9743,-2.7974,-0.9397,1.3781,3.9860
0.6131,-7.2425,-2.6824,0.6556,0.8293,4.0589
0.3449,-7.7790,-1.9543,2.6930,0.3448,4.4535
-0.3449,-8.0856,-1.3412,5.7963,0.4504,4.8201
-1.1113,-7.4341,-2.1459,6.7919,0.1943,5.7077
-1.9160,-6.7061,-3.3339,3.4275,-0.0692,6.1933
-0.7281,-6.7061,-3.0656,1.5359,1.6500,6.2346
0.6898,-6.3995,-2.5291,1.0939,4.2374,5.7138
2.1459,-6.8977,-2.1843,-1.2384,6.7106,4.2653
2.2226,-8.4688,-1.8777,-2.0082,7.5168,3.1993
1.0730,-10.3082,-2.0693,-0.5561,7.1076,3.1726
0.0000,-11.2662,-2.3759,1.9645,6.2006,3.2539
-0.6898,-10.1166,-2.5291,5.4369,4.9950,3.3219
-0.6898,-6.9360,-4.2919,5.4479,4.4073,2.2619
-1.7627,-4.7517,-7.4341,-0.0413,6.2200,0.1105
-2.3759,-5.5948,-7.3958,-5.9979,5.1929,-3.1131
-2.0310,-8.9286,-6.7061,-5.5243,3.0329,-2.4659
-1.9543,-12.3775,-4.8667,-2.4344,2.4089,-2.2522
-3.9853,-15.5580,-7.1276,0.1481,1.7763,-1.7034
-6.8210,-17.1675,-6.6294,0.5779,1.8564,-1.7472
-3.7554,-15.8646,-6.0929,-1.4351,0.1263,-0.8475
-0.0383,-12.8373,-6.1696,-2.3749,-0.4019,1.0587
0.7664,-10.4231,-4.9433,-1.6209,-3.2952,0.5828
0.8047,-6.7827,-4.2536,-1.4752,-4.2762,-2.1757
0.0000,-5.0583,-3.5255,-5.4624,-2.4793,-3.6764

