-.-.-
-1.1113,-9.8100,-0.9197,0.2100,0.2453,-0.0291
-1.5711,-10.0782,-0.5365,0.3788,0.2331,0.0134
-1.3795,-10.0782,0.0000,0.6083,0.2756,0.0085
-1.7244,-9.6184,0.5365,0.7989,0.3108,-0.0656
-1.6478,-7.6257,-6.5145,0.5694,0.0595,-0.2598
-2.6058,-11.3045,-6.6677,-0.8766,-0.2465,-0.0340
-2.4525,-13.8336,-3.0273,-0.8390,-0.3655,0.3873
0.5748,-14.1785,-5.4798,0.3727,-0.6216,0.5039
2.6824,-10.6530,-6.2462,0.6314,-0.3315,0.3679
3.4488,-7.3192,-4.1386,0.7613,0.1736,0.2076
2.5291,-5.5948,-4.4452,0.4043,0.5184,0.1700
1.3795,-6.0546,-5.0200,-0.4249,0.5282,0.0898
0.1533,-8.2772,-4.7517,-0.8171,0.1615,0.1457
-0.6514,-10.2698,-3.7171,-0.4674,-0.2841,0.1736
-1.8777,-10.7297,-2.8357,0.1761,-0.3630,-0.0036
-1.8394,-9.4651,-2.6824,0.4371,-0.0850,-0.1809
-1.1496,-7.6257,-2.3375,0.2489,0.1117,-0.3363
-0.1916,-6.8210,-2.6824,-0.1336,0.1918,-0.4140
0.9580,-6.5528,-2.9507,-0.4626,0.2076,-0.4225
1.8777,-6.6294,-2.8357,-0.5585,0.1736,-0.3557
1.9927,-6.9360,-2.8357,-0.4128,0.1153,-0.2938
1.6095,-7.8940,-2.4908,-0.2635,0.0267,-0.2453
0.9197,-8.6221,-2.1843,-0.2319,-0.0789,-0.1991
0.3832,-9.3885,-1.8777,-0.2064,-0.1894,-0.2125
-0.1150,-9.5418,-2.1076,-0.0765,-0.2404,-0.2331
-0.8430,-9.2735,-2.0310,0.0643,-0.2683,-0.2307
-0.8430,-8.8137,-1.6095,0.1129,-0.3132,-0.1845
-0.5365,-8.6604,-1.1113,0.0911,-0.3995,-0.0947
-0.1533,-8.8520,-1.1879,0.0741,-0.5294,0.0012
0.1533,-9.5418,-1.4179,0.1518,-0.6399,0.0728
0.7664,-10.2698,-1.6095,0.2780,-0.6617,0.0971
1.6861,-10.9979,-0.9963,0.4213,-0.5743,0.0680
2.5291,-10.9979,-0.6898,0.6581,-0.4407,-0.0401
2.4142,-10.0399,-1.8011,0.8256,-0.3740,-0.1615
3.2955,-9.5418,-5.9780,0.3776,-0.4407,-0.1809
1.8011,-10.6530,-3.7937,-0.2040,-0.1918,-0.1153
0.1150,-11.9943,-4.4452,0.0376,0.0643,-0.0850
-0.8430,-11.6877,-7.3575,0.0983,0.4784,-0.3060
-0.7281,-10.4614,-6.1696,-0.1554,0.4456,-0.4019
-2.3759,-9.2352,-4.7900,0.1845,0.1299,-0.2258
-3.6404,-7.7407,-4.2536,0.3060,-0.1360,-0.0182
-2.6824,-6.8593,-4.2536,0.1481,-0.0656,0.0352
-1.1496,-7.3192,-4.0620,-0.2538,0.1421,-0.0316
0.3066,-8.8520,-3.9853,-0.4286,0.3934,-0.0146
1.7627,-9.4651,-3.7554,-0.2926,0.3533,0.1056
1.3029,-8.7370,-2.7591,-0.1287,0.0838,0.3035
0.0766,-7.6641,-2.4142,0.1481,-0.1566,0.4334
-1.0730,-6.7444,-2.5675,0.2963,-0.2623,0.3946
-1.6478,-6.3229,-2.4525,0.1275,-0.2453,0.3108
-1.4179,-6.6294,-2.0693,-0.1323,-0.1056,0.2635
-1.1113,-7.3958,-2.3759,-0.2999,0.0789,0.2416
-0.8814,-8.4305,-2.0693,-0.3448,0.1700,0.2331
-0.5365,-9.2352,-2.0310,-0.3400,0.1882,0.2198
0.0766,-9.8100,-2.1459,-0.2270,0.1930,0.1336
0.6898,-9.8866,-2.0693,0.0024,0.2040,0.0024
0.4982,-9.8100,-2.0693,0.1894,0.2513,-0.0522
-0.1533,-9.6567,-1.6095,0.2647,0.3108,-0.0461
-0.8814,-9.7334,-1.6095,0.3497,0.3788,-0.0668
-1.1879,-9.7334,-1.7627,0.3910,0.4128,-0.1348
-1.6861,-9.5418,-1.3412,0.3922,0.3630,-0.1651
-2.2226,-9.6184,-0.6514,0.4857,0.2028,-0.1433
-2.2992,-9.7717,-0.1533,0.6629,0.0850,-0.1141
-2.8357,-9.4651,-0.9580,0.8195,0.0316,-0.1336
-2.4525,-8.8520,-7.4725,0.0364,-0.1299,-0.2137
-1.4562,-13.0672,-4.0620,-0.8608,-0.1202,0.0243
0.2682,-14.9449,-3.2955,-0.0413,-0.1348,0.1639
3.9853,-12.5307,-7.3575,0.6969,-0.2137,0.0959
2.5291,-8.2005,-5.8247,0.9033,0.1372,-0.0389
2.0693,-5.4798,-4.2536,0.8013,0.3764,-0.0255
1.3029,-5.5181,-4.5601,0.2149,0.3958,0.0437
0.6514,-7.4341,-4.5984,-0.3861,0.2319,0.1178
0.1916,-10.0016,-4.1386,-0.5342,-0.0437,0.1627
-0.6898,-11.1129,-3.1423,-0.0134,-0.1906,0.0012
-1.4562,-10.2315,-2.7207,0.4832,-0.1578,-0.2161
-1.2646,-8.6604,-2.3375,0.4541,0.0158,-0.3412
-0.5365,-7.3192,-2.4525,0.1663,0.2015,-0.3521
0.2299,-6.7444,-2.6824,-0.0425,0.3521,-0.3108
1.2646,-6.6294,-2.5291,-0.1736,0.3375,-0.2853
1.6478,-6.7827,-2.5675,-0.2246,0.1955,-0.2793
1.4562,-7.2042,-2.5291,-0.2246,0.0109,-0.2817
1.1879,-8.0473,-2.4525,-0.2768,-0.1433,-0.2550
0.8430,-8.9286,-2.3375,-0.2975,-0.2355,-0.2185
0.4598,-9.3885,-2.1076,-0.1615,-0.2562,-0.1858
0.0000,-9.0436,-2.0310,0.0413,-0.2550,-0.1336
-0.2299,-8.6604,-2.0310,0.0741,-0.2902,-0.0826
-0.0383,-8.6987,-1.7627,0.0109,-0.3582,-0.0413
0.1916,-8.7370,-1.6861,-0.0097,-0.4371,-0.0049
0.3832,-8.7370,-1.1496,-0.0085,-0.5573,0.0389
0.6131,-9.1586,-1.3412,0.0182,-0.6374,0.0911
0.6131,-9.6950,-1.0346,0.0862,-0.6168,0.1190
0.6898,-10.2315,-0.5748,0.2100,-0.5354,0.1068
0.6514,-10.6914,-0.2682,0.4711,-0.4492,0.0546
0.4215,-10.2315,0.0383,0.7382,-0.4140,0.0024
0.2682,-9.8100,0.0000,0.8730,-0.4735,-0.0073
-0.1150,-8.5071,-3.4871,0.7613,-0.6896,0.0182
2.7207,-10.2315,-6.7061,-0.3861,-0.6131,0.1202
3.4871,-13.2971,-2.9507,-0.9215,-0.2708,-0.0534
2.1843,-12.7990,-6.3229,-0.0049,0.3217,-0.2355
0.8430,-10.8446,-8.2389,0.1870,0.8827,-0.6180
0.2682,-8.7754,-5.4415,-0.0753,0.7333,-0.8025
-2.4525,-8.2005,-3.6404,0.2100,0.3630,-0.5051
-3.2189,-8.3155,-3.6021,0.4711,0.0680,-0.0728
-1.3795,-8.2005,-4.1769,0.3072,0.0012,0.1311
0.4982,-9.1969,-4.4068,-0.0838,0.2161,0.0522
1.7244,-10.0016,-4.0236,-0.2999,0.5209,0.0255
2.4142,-9.5418,-3.1039,-0.0049,0.4893,0.1676
1.6478,-8.0473,-2.5291,0.3788,0.2926,0.4140
0.0383,-6.5528,-2.7974,0.4237,0.0777,0.5403
-0.8047,-6.3229,-2.4142,0.1688,-0.0413,0.4929
-1.2646,-6.6677,-2.1843,-0.0449,-0.0024,0.3642
-1.1496,-7.1276,-2.1459,-0.1530,0.1578,0.2574
-1.1113,-7.6641,-1.9543,-0.1894,0.3290,0.2343
-0.8814,-8.4305,-1.6478,-0.1870,0.4007,0.2598
-0.5365,-8.8520,-1.4945,-0.1542,0.4031,0.2586
0.3449,-9.3502,-1.8394,-0.0716,0.3740,0.1518
0.8814,-9.4268,-2.1076,-0.0134,0.4334,0.0279
0.8047,-9.3118,-1.7244,-0.0352,0.5172,-0.0255
0.2682,-9.6950,-1.1496,-0.0061,0.5087,-0.0231
-0.6131,-9.6567,-0.9580,0.0801,0.4177,-0.0340
-1.2646,-9.9250,-1.1496,0.1153,0.2841,-0.0364
-1.5711,-10.3465,-1.1496,0.1530,0.2125,0.0376
-1.8011,-10.3848,-0.7664,0.3242,0.1991,0.1153
-1.5328,-10.1932,-0.2299,0.5403,0.2246,0.1153
-1.5711,-9.8100,-1.4945,0.6447,0.1955,0.0085
-0.8814,-10.0016,-6.0163,0.1700,0.0109,-0.1493
-0.5365,-12.5307,-3.2955,-0.4480,-0.0182,0.0461
-0.0383,-12.9906,-3.1806,-0.0134,-0.1372,0.2477
1.9927,-11.2279,-5.8630,0.4699,-0.2319,0.3497

