-.-.-
-0.8047,-8.4305,0.5748,-0.0704,-1.4800,0.0583
-0.0766,-8.7370,0.9197,-0.0389,-1.2263,0.0874
0.5748,-9.4651,0.9580,0.0595,-0.9762,0.0680
0.2682,-10.2698,1.7244,0.1445,-0.7236,0.0874
-0.7281,-10.4231,1.4945,0.2805,-0.5245,0.1518
-0.8430,-9.5801,1.9927,0.3011,-0.3302,0.1979
0.0000,-9.1202,3.4488,0.2185,-0.1336,0.1991
-8.5838,-9.1202,1.2646,0.5403,-0.2708,0.1445
-7.1659,-16.0945,-9.6567,0.2817,-0.4966,0.3278
-5.9780,-14.7916,-0.9580,0.4577,-0.4517,0.8317
-1.5328,-12.1859,-0.1916,0.9677,-0.7649,0.7212
-0.0383,-9.8866,-2.8357,0.8378,-0.3145,0.1542
-0.6898,-10.8830,-2.7591,0.0583,-0.0838,-0.3752
-1.7627,-14.2935,0.2682,-0.3230,-0.0134,-0.5913
-1.6478,-13.8720,0.5748,0.1518,0.2695,-0.5743
-1.6861,-9.5801,-2.9507,0.2380,0.0595,-0.5257
-1.7244,-9.2735,-1.5328,-0.5294,0.2416,-0.5087
-2.5291,-9.4268,0.1533,-0.2926,0.2501,-0.5876
-2.4908,-8.3921,-0.6898,-0.0461,0.0607,-0.5901
-1.8777,-8.1622,-0.9197,-0.0656,-0.0316,-0.5561
-0.4598,-7.9323,-0.4982,0.0619,-0.0498,-0.5694
-0.0383,-7.2425,-0.7664,0.3096,-0.1287,-0.5876
-0.4598,-6.8593,-1.4562,0.3108,-0.1809,-0.4359
-0.3832,-6.9743,-1.2646,0.1105,-0.1603,-0.2938
-0.3066,-8.4688,0.1916,0.0231,-0.0267,-0.1785
0.0000,-9.0436,1.1496,0.3849,0.0352,-0.1663
0.5365,-8.5838,1.3029,0.7637,0.1457,-0.1724
-0.4215,-7.2425,0.0766,1.0745,0.1894,-0.1056
-0.5365,-6.9360,-0.3066,0.6204,0.2368,-0.0510
-0.1916,-8.0089,-0.5365,0.1930,0.3278,0.0911
-1.4179,-8.0856,0.0766,-0.0971,0.1676,0.1894
-1.8394,-10.2698,1.4179,-0.3752,0.0741,0.2999
-2.3759,-12.4541,1.9160,-0.2088,-0.1724,0.1991
-1.5328,-12.7990,2.5675,-0.2052,-0.3302,-0.0340
0.6898,-11.9559,1.3412,-0.1408,-0.3509,-0.2623
0.3066,-10.6147,1.7244,-0.1493,-0.3230,-0.2987
-0.9197,-10.7680,2.6441,-0.4857,-0.3885,-0.3084
-0.5365,-11.4961,1.2646,-0.4929,-0.5342,-0.3339
-0.5365,-13.1822,0.3066,-0.4286,-0.4347,-0.3788
0.4598,-12.1475,1.3795,-0.1044,-0.3145,-0.5694
1.3795,-10.6530,-1.9160,0.1372,-0.1700,-0.4444
2.6058,-11.3811,-2.4908,0.1906,-0.0097,-0.2720
1.0346,-11.3045,-2.7591,0.3060,0.1348,-0.2623
-1.2646,-9.4651,-2.3759,0.3412,-0.0085,-0.3424
-2.8357,-8.5454,-2.6441,0.3837,-0.0996,-0.2829
-2.8357,-9.2735,-2.0310,-0.0097,-0.0510,-0.1008
-0.7664,-9.7717,-1.8011,-0.0461,-0.0316,-0.0073
0.9197,-9.9250,-1.2263,-0.1894,0.1396,0.2890
1.4562,-9.5418,-0.7281,-0.1068,0.2307,0.4383
1.1879,-9.8483,-0.7281,-0.3375,0.2963,0.6046
0.0383,-9.2352,-0.8047,-0.1882,0.3667,0.7491
-0.6514,-8.0089,-0.7664,-0.2368,0.4492,0.7904
-1.0346,-7.5108,-1.3412,-0.0583,0.4772,0.7139
-1.3029,-7.7790,-0.5365,-0.1943,0.4772,0.6605
-1.4179,-8.2389,0.1916,-0.1821,0.4905,0.6107
-0.9197,-8.6987,0.3832,-0.2525,0.5294,0.6350
-1.7627,-8.6221,0.4598,-0.0911,0.4844,0.5099
-2.4525,-7.7790,-0.0766,-0.0024,0.3752,0.4359
-2.3759,-8.8903,0.8430,-0.1906,0.2878,0.4055
-2.1076,-7.7790,0.3832,-0.0231,0.1833,0.3315
-1.4945,-7.5108,0.6131,-0.1833,0.1117,0.2355
-1.1879,-8.2772,1.4562,-0.2428,0.1481,0.1348
-1.3795,-9.5801,3.1039,-0.0449,0.2149,-0.0012
-2.2992,-10.3465,2.2609,0.5124,0.3436,-0.0716
-2.5291,-10.0782,0.8047,0.7516,0.4638,-0.1226
-1.3795,-11.1129,-0.4982,0.1967,0.4225,-0.1797
-2.0693,-12.3775,2.6441,-0.0389,0.4699,-0.0267
-0.8430,-10.7297,2.4908,0.1736,0.3764,0.2368
-1.9543,-8.6604,1.3412,-0.0231,0.3910,0.2805
-4.9050,-12.7223,-1.3795,-0.3339,0.2283,0.2440
-7.3958,-16.7460,0.7664,-0.4310,0.0959,0.6532
-5.5181,-14.5234,-1.0730,0.0267,-0.2708,1.0757
-4.9050,-10.9979,-2.3759,0.2222,-0.3861,0.9786
1.1496,-8.5071,-3.4105,0.5791,-0.2125,0.7236
2.2609,-7.9323,-4.5984,0.4978,0.0789,0.3582
2.4908,-11.4578,-1.9927,-0.1117,0.2173,0.1663
-0.0383,-14.7533,2.2609,0.1469,0.3424,-0.1943
-1.7627,-11.7260,-0.2682,0.6156,0.3691,-0.4225
-1.4945,-7.0893,-2.4142,0.3217,0.0534,-0.7904
-2.3375,-5.2499,-3.3339,-0.1833,0.1445,-0.8948
-2.9123,-7.1659,-1.1496,-0.8718,0.3448,-0.9094
-2.6058,-9.6950,0.7664,-0.5427,0.1943,-0.7649
-1.0730,-9.5801,0.3066,0.0024,-0.0170,-0.7880
-0.3449,-8.3155,-0.3832,0.0619,-0.1202,-0.7734
0.1916,-7.7407,-0.0766,-0.0291,-0.1153,-0.7139
0.3449,-7.6641,0.4982,0.0959,-0.0741,-0.6459
0.4598,-8.8137,1.5328,0.2210,-0.0182,-0.5646
0.4982,-8.4688,0.8814,0.4687,0.1190,-0.4990
0.2299,-7.0893,0.3449,0.8681,0.1930,-0.4662
-0.2682,-6.9743,0.3066,0.3157,0.2756,-0.2756
-0.1533,-7.1276,0.6514,0.0267,0.1991,-0.0826
-0.8430,-7.9706,1.7244,-0.0996,0.1445,0.0886
-1.4945,-8.3921,2.2992,0.1408,0.0073,0.1081
-0.1150,-10.4231,1.3795,0.2963,-0.0911,0.1761
-0.9197,-11.7260,1.1113,0.2647,-0.2829,0.1226
-0.1150,-12.4158,2.6058,-0.0134,-0.2003,0.0534
1.1113,-13.3738,3.1423,-0.3011,-0.2331,-0.2829
0.4598,-11.0746,2.0310,-0.2003,-0.1906,-0.3387
-0.8814,-9.5801,2.7591,-0.4905,-0.2780,-0.1591
0.3066,-14.0636,-0.4982,-0.3448,-0.4857,-0.1214
-0.8047,-15.9413,1.4562,-0.2598,-0.0182,-0.4711
6.9743,-12.4541,-3.1806,0.2671,0.1081,-0.7503
2.9507,-9.6567,-5.8247,0.3363,0.3424,-0.6872
-2.9123,-10.3082,-3.4105,0.0085,0.0510,-0.6508
-4.6368,-12.4158,-2.2226,-0.0801,-0.0971,-0.5512
-4.5984,-11.4195,-1.6095,0.2732,-0.1773,-0.2113
-2.2609,-10.9979,-1.0730,0.0352,-0.2028,0.2744
-0.2682,-10.5381,-1.3795,-0.1639,0.0158,0.5051
1.4945,-8.8137,-1.9927,-0.0813,0.2064,0.7625
3.2189,-7.5108,-1.6095,-0.1178,0.2805,0.7394
2.4908,-8.6221,0.0383,-0.2574,0.5197,0.6751
0.3066,-7.8940,-0.5365,-0.0826,0.6690,0.5342
-0.9963,-7.8940,-0.7664,-0.0534,0.7127,0.3982
-1.3029,-7.5108,-0.4215,-0.0656,0.8220,0.3290
-1.6478,-7.2425,-0.2299,-0.0510,0.8596,0.3521
-2.2226,-8.5071,0.4215,-0.2015,0.9203,0.3958
-2.0693,-8.5071,0.5748,-0.1591,0.7880,0.2708
-1.7627,-8.3155,0.5365,0.0546,0.7273,0.1736
-1.1496,-7.5491,0.3449,-0.0389,0.6908,0.0219
-1.2263,-7.8557,1.5328,-0.0813,0.6314,-0.0911
-0.8430,-9.5418,4.5218,0.2416,0.6046,-0.1493
-1.1113,-9.6184,3.4105,0.8596,0.6751,-0.3266
-2.2992,-8.5838,0.3066,1.0733,0.6775,-0.3108
-1.1496,-10.1549,-0.9580,0.4626,0.5063,-0.3363
-2.7207,-11.1129,1.6095,0.1530,0.4662,-0.2270
-3.3339,-11.5727,2.3759,-0.1676,0.2513,0.2234
-3.2955,-10.4614,0.5365,-0.1736,0.0595,0.2149
-1.6478,-13.6804,-1.9543,-0.6071,0.0170,0.3375

