-.-.-
9.7334,-2.1459,0.3449,0.0340,-0.0486,-0.0085
9.7334,-1.9543,0.0383,0.0474,-0.0194,0.0206
9.5801,-1.4179,-0.1533,0.0619,0.0024,0.0267
9.6184,-1.7244,0.1916,0.0534,0.0279,0.0376
9.6950,-1.8777,0.4598,0.0182,0.0364,0.0522
9.6184,-2.1459,0.3066,0.0182,-0.0061,0.0449
9.5034,-2.2992,0.4598,0.0364,0.0000,0.0413
9.6184,-2.1459,0.3066,0.0583,0.0012,0.0413
9.6184,-1.9543,0.3066,0.0911,-0.0243,0.0352
9.7334,-1.8394,0.5365,0.0559,-0.0243,0.0401
9.5034,-1.8777,0.3832,-0.0085,-0.0437,0.0486
9.4268,-2.1076,0.4598,0.0085,-0.0571,0.0425
9.3502,-2.3375,0.4598,0.0461,-0.0583,0.0389
9.5418,-2.0693,0.4598,0.0850,-0.0668,0.0255
9.6567,-2.2226,0.4215,0.1044,-0.0595,0.0170
9.5034,-2.0693,0.3832,0.1202,-0.0983,0.0121
9.6184,-1.9543,0.2682,0.1408,-0.1323,0.0097
9.5034,-1.6478,0.3832,0.1153,-0.0826,0.0182
9.5034,-1.8777,0.2682,0.0971,-0.1202,0.0170
9.4651,-1.9543,0.2682,0.1068,-0.1105,0.0206
9.5801,-1.9543,0.0766,0.1166,-0.1251,0.0134
9.8866,-1.8777,0.2299,0.0959,-0.0716,0.0061
9.6567,-1.8777,0.2299,0.0704,-0.0947,-0.0049
10.0016,-1.9160,0.3066,0.0291,-0.0510,0.0170
9.5418,-2.1843,0.1533,0.0376,-0.1226,0.0328
9.2735,-1.9927,-0.1916,0.0498,-0.1372,0.0389
9.3118,-1.7627,-0.3066,-0.0146,-0.1008,0.0255
9.5418,-1.8011,-0.0383,-0.0631,-0.1081,0.0158
10.0016,-2.0693,-0.1150,-0.0316,-0.0255,0.0376
9.8483,-2.2992,-0.1916,0.0231,-0.0607,0.0486
9.6567,-2.1459,-0.3066,0.0121,-0.0704,0.0631
9.4651,-2.0310,-0.3449,-0.0668,-0.0413,0.0704
9.5801,-2.0310,-0.2299,-0.0971,-0.0182,0.0680
9.6184,-2.2992,-0.1533,-0.0607,-0.0146,0.0643
10.0782,-2.4525,-0.1533,-0.0340,0.0182,0.0923
10.1166,-2.4142,-0.4215,-0.0024,-0.0643,0.1299
9.7334,-2.2992,-0.6514,0.0474,0.0267,0.1578
9.2735,-2.5675,-0.5748,0.0158,0.2161,0.1348
9.0436,-2.8357,-0.1533,0.0134,0.2890,0.0886
9.1969,-2.6441,-0.0383,0.0619,0.3023,0.0461
9.4651,-2.6824,0.1533,0.0304,0.2513,0.0146
9.6184,-2.5291,0.2299,0.0316,0.1943,0.0061
9.6184,-2.5675,0.3066,0.0461,0.1797,0.0012
9.3885,-2.2992,0.0000,0.0486,0.2210,-0.0061
9.3118,-2.4142,0.2299,0.0559,0.2756,0.0049
9.3502,-2.5291,0.3449,0.0789,0.2902,0.0316
9.3502,-2.4525,0.9197,0.0996,0.3084,0.0376
9.3118,-2.1843,0.8047,0.1190,0.2671,0.0279
9.2735,-2.2609,0.8814,0.1190,0.2355,0.0146
9.3118,-1.9927,1.1113,0.0728,0.2198,0.0049
9.4268,-2.1843,0.9197,0.0085,0.1542,0.0206
9.4268,-2.3759,0.8430,0.0607,0.0947,0.0376
9.3118,-2.1076,1.1879,0.0923,0.1081,0.0243
9.2735,-1.8394,1.1879,0.0838,0.1263,0.0085
9.0819,-1.5711,1.0346,0.0413,0.1166,0.0036
9.2735,-1.4945,1.8011,0.0012,-0.0061,-0.0049
9.6184,-1.6095,1.5711,-0.0510,-0.1870,0.0182
9.4268,-1.9543,0.4598,-0.1056,-0.3800,0.0376
9.4651,-2.1843,0.0383,-0.1845,-0.4905,0.0000
9.7334,-2.6441,0.6514,-0.0607,-0.5828,-0.0643
9.4651,-2.3759,0.8047,-0.0097,-0.6957,-0.0996
9.1202,-1.9927,0.5748,-0.0449,-0.7977,-0.1348
9.5801,-2.4142,0.1150,-0.1906,-0.7746,-0.1178
9.5034,-2.5291,-0.2682,-0.1542,-0.8050,-0.0716
9.8866,-2.6824,-1.1113,-0.0061,-0.8875,-0.0304
10.0782,-2.4908,-1.7244,0.0704,-0.9859,-0.0073
10.0399,-2.4142,-1.6478,0.0510,-0.9179,0.1238
9.7334,-2.3375,-1.7244,-0.0340,-0.9325,0.2671
9.5801,-2.7974,-1.2263,-0.1408,-1.0660,0.4007
9.1586,-3.1039,-1.4945,-0.0449,-1.0830,0.4383
8.8520,-3.1423,-1.9160,0.1238,-1.0065,0.4517
9.4651,-2.6058,-2.1843,0.1785,-0.9045,0.4990
9.8866,-2.7207,-2.2992,0.1809,-0.8620,0.5573
9.8866,-2.8740,-2.3759,0.1676,-0.8608,0.6641
9.3118,-3.2189,-2.5675,0.1226,-0.8062,0.7698
8.8520,-3.3722,-2.7207,0.2623,-0.7795,0.8086
8.8520,-3.0656,-2.8740,0.3521,-0.7030,0.8256
8.8520,-3.1423,-2.9123,0.3023,-0.7042,0.8365
8.8520,-3.2572,-2.7207,0.2963,-0.7200,0.8438
8.5454,-4.0236,-2.9123,0.3485,-0.7078,0.8220
8.3155,-4.3302,-2.9890,0.5112,-0.7467,0.7783
8.2005,-4.5601,-3.4488,0.6581,-0.8171,0.7661
8.2772,-4.3685,-2.9123,0.7443,-0.8317,0.7649
8.1622,-4.2919,-2.8740,0.7054,-0.7321,0.7418
8.0473,-4.7134,-2.9890,0.6314,-0.6532,0.7188
7.9706,-4.8284,-3.2955,0.6216,-0.5464,0.6969
7.7790,-4.8284,-3.0273,0.6593,-0.5172,0.6775
7.4341,-4.9050,-3.3339,0.6653,-0.4699,0.6593
7.1276,-5.2116,-3.2955,0.5682,-0.3946,0.6823
7.4725,-5.7097,-3.1806,0.5536,-0.4589,0.7054
6.9360,-5.5181,-3.3339,0.6204,-0.4820,0.6957
7.1276,-5.7864,-3.5255,0.6617,-0.4201,0.6981
7.3958,-6.1313,-3.2572,0.6921,-0.3460,0.7285
7.2809,-5.9396,-3.2572,0.7042,-0.3254,0.7418
7.0126,-6.2462,-3.4105,0.7066,-0.2805,0.7661
6.7444,-6.1313,-3.5255,0.7321,-0.2355,0.7673
6.3995,-6.3229,-3.2572,0.6496,-0.2040,0.7309
6.3995,-6.8593,-3.0656,0.6095,-0.1882,0.7273
6.2462,-7.2425,-2.7974,0.6896,-0.1433,0.7467
5.9396,-7.1276,-3.0656,0.6666,-0.0546,0.7333
5.9780,-7.0893,-2.7591,0.3958,-0.0097,0.7078
6.0929,-7.0126,-2.7591,0.2040,0.0073,0.7042
5.9013,-7.1659,-2.7591,0.1761,0.0231,0.7163
5.5181,-7.3958,-2.7974,0.1809,0.0534,0.7261
5.2882,-7.3192,-3.0273,0.2477,0.0619,0.6993
5.4032,-7.1276,-2.9890,0.4043,0.1093,0.6423
5.5564,-7.1659,-2.9507,0.4893,0.1530,0.5840
5.5181,-7.2042,-2.9507,0.4942,0.1845,0.5536
5.8630,-7.3575,-2.9507,0.4966,0.2234,0.5184
5.7864,-7.1659,-2.8357,0.4322,0.2683,0.4978
5.5948,-7.4341,-2.6441,0.3132,0.3339,0.4954
5.4798,-7.4725,-2.2226,0.2732,0.3545,0.5014
5.2499,-7.5108,-2.2226,0.2635,0.3849,0.5221
5.2499,-7.5108,-2.1076,0.2635,0.4286,0.5330
4.8667,-7.7790,-1.8011,0.2671,0.4347,0.5439
4.8284,-7.9323,-1.8777,0.2647,0.4347,0.5804
4.8667,-8.0089,-1.9543,0.2550,0.4419,0.5743
4.8667,-8.2389,-1.7244,0.2513,0.4444,0.5342
4.5984,-8.2389,-1.5328,0.2829,0.4334,0.5282
4.4835,-8.1239,-1.8394,0.2708,0.4359,0.5403
4.4068,-8.1622,-1.3029,0.2295,0.4225,0.5233
4.3685,-8.2772,-1.3795,0.2392,0.3873,0.5112
4.2536,-8.2005,-1.2646,0.2100,0.3825,0.5197
4.3685,-8.3921,-0.9963,0.1724,0.3825,0.5379
4.3302,-8.3921,-1.1113,0.1639,0.3655,0.5439
4.3302,-8.2772,-1.1113,0.1299,0.3752,0.5391
4.1003,-8.5454,-0.9580,0.0656,0.3460,0.5330
3.6787,-8.6604,-0.9580,0.0656,0.3266,0.5124

