-.-.-
-1.2646,-7.3958,-3.2572,-0.0753,-0.0291,0.2161
-1.1113,-7.1659,-3.2955,-0.1408,-0.0206,0.2258
-0.9963,-7.3575,-3.2955,-0.1930,0.0692,0.2064
-0.8430,-7.6257,-3.7937,-0.2343,0.1882,0.2137
-0.6514,-8.4688,-3.2955,-0.2380,0.2380,0.1906
-0.3449,-8.5838,-2.9123,-0.2708,0.2222,0.1323
-0.6131,-8.5454,-2.6824,-0.1833,0.1991,0.0789
-0.6131,-8.9670,-2.3759,-0.0753,0.1688,0.0534
-0.6898,-9.1969,-2.0310,-0.0279,0.0801,0.0474
-0.4598,-9.1586,-1.9543,0.0716,0.0425,0.0546
0.5365,-9.1969,-1.4945,0.1202,0.2003,0.0279
0.3449,-9.5418,-1.9927,-0.0012,0.3485,0.0121
-1.3412,-9.6567,-3.2572,-0.3072,-0.0801,0.0898
-0.9580,-11.1512,-3.1039,-0.4407,0.1263,0.1615
-0.2682,-12.2242,-2.2609,-0.0559,0.3934,0.0947
-0.6131,-12.4158,-1.1879,0.1408,0.3897,0.0911
-0.3449,-12.5691,0.3066,0.3752,0.3327,0.1639
1.0730,-12.3008,0.2682,0.8001,0.5318,0.1481
-0.8047,-12.0326,-5.5948,0.2720,0.6010,0.2440
-3.3722,-13.1439,-7.1276,-1.0879,0.3217,0.5549
-3.6021,-14.1785,-6.8210,-0.4019,0.0498,0.4662
-1.3029,-10.4614,-7.2425,-0.1542,-0.4565,0.3922
2.0693,-8.3538,-5.3648,0.4905,-0.1591,0.3242
3.2189,-7.4725,-6.0163,0.9737,0.5039,0.3472
2.5675,-6.9360,-5.7480,0.8511,1.1158,0.3691
1.0346,-8.3155,-5.1349,0.2865,1.2251,0.2647
-0.6131,-9.6950,-4.6751,-0.3035,1.0223,0.0886
-1.8394,-9.2352,-4.5218,-0.5184,0.4140,-0.0546
-2.2992,-8.9286,-4.1003,-0.3982,-0.1943,-0.1603
-2.2609,-7.8173,-4.1003,-0.0437,-0.2465,-0.2234
-1.4179,-7.0509,-4.2919,0.1566,-0.1603,-0.1943
-0.4598,-6.9360,-3.9853,-0.0425,-0.1008,-0.2173
0.6898,-7.3192,-3.7937,-0.2975,0.0061,-0.1870
0.9197,-7.4725,-3.6404,-0.4687,0.0389,-0.1578
0.8814,-7.9323,-3.4871,-0.5439,-0.1141,-0.1688
1.1113,-8.6221,-3.3339,-0.4128,-0.2234,-0.2052
0.9580,-8.7370,-3.6021,-0.1785,-0.1845,-0.2295
0.6514,-8.8903,-3.4871,-0.1396,-0.0862,-0.1748
0.2682,-8.3538,-3.0273,-0.0777,-0.0097,-0.1105
0.4982,-8.1622,-2.5675,-0.1190,0.0583,-0.0668
0.4982,-8.3155,-2.0310,-0.1676,0.0389,-0.0571
-0.1533,-8.4688,-1.6095,0.0012,-0.0546,-0.0291
-0.3449,-8.8520,-1.8394,0.0559,-0.2161,0.0158
-0.4982,-9.3885,-2.2609,-0.0389,-0.3230,0.0559
-0.4215,-9.8483,-2.7207,-0.0813,-0.3727,0.0595
0.3832,-9.9633,-3.8704,-0.0267,-0.2416,0.0000
1.3412,-10.5764,-4.4068,-0.2550,-0.0376,-0.0704
1.7627,-12.3391,-2.2609,-0.1299,0.1044,-0.1299
0.3832,-13.0289,0.0383,0.4784,0.0109,-0.1918
-1.1496,-11.9943,1.3795,0.8742,-0.2295,-0.0886
-0.6514,-12.1092,-0.6131,0.7528,-0.3837,-0.0049
1.9927,-13.0289,-8.2772,-0.6945,-0.0291,-0.2550
1.9927,-14.9449,-4.8284,-1.2154,0.0607,-0.3448
0.3832,-13.2588,-5.9396,0.2465,-0.0619,-0.2805
-2.1843,-8.8903,-6.7061,0.1700,-0.0728,-0.2137
-3.1806,-7.3958,-6.2079,0.1141,-0.3861,-0.3327
-2.2226,-7.0509,-6.0546,0.2052,-0.4116,-0.3982
0.0383,-7.9706,-5.8630,-0.1566,-0.8123,-0.3472
0.6131,-9.5034,-5.7864,-0.4407,-0.7710,-0.2574
0.3832,-9.1202,-5.1349,-0.2623,-0.3412,-0.1821
0.0000,-8.9670,-4.6751,0.0996,-0.0716,-0.0923
1.1113,-8.7754,-3.8704,0.0619,0.2477,-0.0206
1.2646,-9.3502,-3.8704,-0.0340,0.3837,0.0680
0.6514,-8.8520,-4.1769,-0.1845,0.3934,0.1894
-0.1150,-8.0089,-3.9470,0.0401,0.4286,0.2963
-0.6131,-7.3192,-4.0236,0.2076,0.2610,0.2950
-0.9963,-7.0893,-3.2572,-0.0049,0.1493,0.2598
-0.9580,-7.3958,-2.5291,-0.0947,0.1833,0.2270
-1.3795,-7.5874,-2.6824,-0.1421,0.2210,0.2198
-1.6478,-7.9706,-3.3722,-0.1700,0.2283,0.2003
-1.5711,-8.1622,-3.1039,-0.3387,0.1955,0.1421
-0.8430,-8.8137,-2.6441,-0.2671,0.1336,0.0874
-0.3832,-8.5454,-2.7591,-0.1591,0.1141,0.0510
0.0766,-7.8940,-2.7974,-0.0449,0.1821,0.0510
-0.1916,-7.7024,-2.1843,-0.1469,0.2355,0.0255
0.1916,-8.5071,-1.8011,-0.2003,0.3096,-0.0036
-0.3449,-9.4651,-1.9927,-0.2258,0.3934,-0.0109
-0.6514,-10.0016,-2.7207,-0.1408,0.2574,-0.0109
-1.1113,-10.2315,-3.0273,-0.0765,0.2647,0.0291
-0.1533,-10.9979,-2.9507,0.0583,0.5282,0.0461
0.4215,-11.2279,-2.7207,0.0777,0.7576,-0.0498
0.0766,-12.4541,-0.9197,0.0607,0.5306,-0.0364
0.0766,-13.1822,-0.1150,0.4565,0.3764,0.0049
0.4982,-11.5344,-0.0766,0.7224,0.3691,-0.0498
0.1150,-11.6877,-1.9160,0.3655,0.7091,0.0170
-2.2992,-12.9523,-5.7097,-0.5051,0.8353,0.3363
-0.6898,-14.7533,-4.9433,-0.4905,0.7601,0.2586
-0.7664,-12.3391,-8.3155,0.2708,0.0801,0.1408
-1.6095,-9.4651,-6.5528,0.0947,-0.0182,0.1967
-0.0383,-8.6221,-5.0966,0.4929,-0.0049,0.3060
1.1113,-6.9743,-5.1732,0.3691,0.4990,0.3230
1.8394,-6.7827,-4.9816,0.0643,0.7734,0.2052
1.2263,-8.7754,-5.0583,-0.5245,0.5804,0.1020
0.2299,-10.5381,-4.6368,-0.4517,0.4067,0.0219
-1.1113,-9.7334,-4.5984,-0.0619,0.2574,0.0158
-1.4562,-8.5071,-4.2536,0.1141,0.0000,-0.0753
-1.3029,-7.5874,-4.1769,0.0158,-0.1566,-0.1748
-0.8430,-7.1276,-4.5984,-0.1153,-0.2841,-0.1870
-0.0383,-7.0126,-4.0620,-0.3181,-0.3400,-0.1578
0.6514,-7.0126,-3.7554,-0.5804,-0.1955,-0.1105
0.2682,-7.3958,-3.1806,-0.7758,-0.1506,-0.0656
0.1533,-7.8940,-3.1806,-0.6945,-0.2878,-0.0595
0.3449,-8.1239,-3.3722,-0.4456,-0.4383,-0.1384
0.8430,-8.1239,-3.4871,-0.1530,-0.4116,-0.1918
0.9197,-8.4305,-3.4105,-0.2270,-0.3181,-0.1639
0.6131,-8.8903,-3.1806,-0.2465,-0.2380,-0.0947
0.4598,-8.6221,-2.8357,-0.1530,-0.2076,-0.0704
0.5748,-8.4305,-2.0693,-0.0279,-0.1433,-0.0389
0.0000,-8.3155,-1.4945,0.1153,-0.1870,-0.0024
-0.2682,-8.7370,-1.9160,0.0498,-0.3047,0.0474
0.5748,-9.5034,-3.1423,-0.0971,-0.2999,0.0182
0.5748,-10.3848,-3.7171,-0.2574,-0.3618,-0.0474
-0.3066,-11.4195,-4.2919,-0.0461,-0.5221,0.0085
0.8047,-11.7643,-4.3685,-0.0716,-0.4407,0.0158
2.1459,-13.3738,-2.0310,0.1627,-0.1761,-0.2003
0.2299,-12.7607,0.0383,0.8705,-0.1263,-0.2987
-1.6095,-10.4231,1.1496,1.0709,-0.2938,-0.0874
-0.4598,-11.4961,-0.1533,0.4990,-0.6144,0.0085
1.7244,-12.8373,-8.9670,-1.0575,-0.6496,-0.1858
1.7244,-16.4011,-4.8284,-0.8839,-0.4602,-0.1542
-0.0766,-11.9943,-7.8173,0.6532,-0.4043,-0.2380
-1.9160,-8.2389,-6.4761,0.1870,-0.2817,-0.3096
-2.9123,-7.9706,-4.7900,0.4784,-0.3982,-0.4942
-2.3759,-6.8977,-5.9780,0.4808,-0.7030,-0.5901
-0.5748,-7.7790,-6.0163,0.0255,-0.8633,-0.4262
1.0346,-9.2735,-5.4798,-0.4225,-0.6799,-0.2295
1.6861,-9.8100,-4.2919,-0.2064,-0.2999,-0.1287
1.2263,-8.8137,-4.5984,0.0231,-0.0850,-0.0959

