-.-.-
3.6021,3.7171,-9.0053,0.1469,-0.3460,0.6168
4.9050,-8.5454,-13.6804,0.1348,0.3740,-0.6520
-4.5984,-22.7623,-19.9649,-1.0187,0.0291,-2.6820
-2.2609,-19.7733,-8.2772,-1.1886,0.4747,-0.7054
2.7591,-11.3811,-7.0893,0.0716,0.1469,0.1894
2.5291,-12.9906,-9.9250,0.0789,-0.2052,0.5694
1.9543,-14.2552,-9.3118,-0.2246,-0.1821,0.5451
0.4598,-14.4084,-9.7334,-0.2064,-0.5974,-0.0170
-2.1076,-11.6877,-7.1659,0.3400,-0.9580,-0.5500
-3.1806,-7.7024,-5.0966,0.7236,-1.3271,-0.5670
-2.6441,-4.9433,-4.4068,0.8414,-1.3234,-0.1226
-0.7664,-3.1039,-3.2572,0.7346,-1.1085,0.1785
1.8777,-1.4945,-1.3795,0.6350,-0.8062,0.2003
3.2955,0.1150,-0.6514,0.7710,-0.4092,-0.0012
3.4488,2.4142,-0.6131,0.8900,-0.2550,-0.3618
2.9890,2.8357,-2.3375,0.5318,0.0826,-0.6496
1.8777,1.6478,-4.4835,0.1761,0.8620,-0.6447
0.0000,2.6824,-7.5108,-0.3533,1.0199,-0.7564
-8.6987,-2.7207,-12.1859,-0.6823,0.3545,-0.7467
-0.2682,-20.4630,-14.4468,-0.2538,-1.0320,1.8807
13.1055,-19.4667,-14.4468,-1.1316,-1.7641,1.9366
10.3082,-13.7570,-7.3575,-0.6945,-0.9944,0.0619
0.9963,-9.3885,-10.1932,0.2683,0.0595,-0.6823
-1.2263,-15.1748,-10.0782,-0.4359,0.9191,-0.5621
-0.9580,-13.8336,-8.6987,-0.0753,0.9822,0.1311
1.3412,-12.2242,-8.3538,0.1226,1.0502,0.6496
3.2189,-11.0746,-6.0163,0.2149,1.2918,0.6738
3.6021,-7.7790,-5.7097,0.3485,1.3768,0.2987
3.4488,-4.7517,-3.6787,-0.0862,1.4242,0.1870
1.9927,-3.3722,-0.3449,-0.2780,1.4934,0.1663
-0.1150,-2.1459,0.5748,0.2805,1.2445,0.1238
-2.4908,0.8814,-0.6898,0.7831,0.7491,0.2598
-3.5255,3.4871,-2.1459,0.4857,0.5403,0.5536
-2.9123,3.5255,-3.4488,0.1688,0.4383,0.7953
-2.4142,1.7244,-2.9507,0.2829,-0.3387,0.7346
-1.6478,2.2992,-3.8320,0.2465,-1.1801,0.5549
4.7900,0.2299,-8.4688,0.0486,-0.9980,0.3217
3.0656,-25.5980,-13.5271,0.7091,-0.4844,-1.7374
-8.6604,-18.3938,-20.6930,1.0308,0.7273,-2.2474
-1.7627,-16.6310,-13.2971,-1.6974,0.6471,0.3958
1.6095,-12.4158,-3.9087,-0.6059,0.1724,0.7613
2.4908,-14.2935,-8.2005,0.0413,-0.6933,0.6435
0.3066,-13.1055,-9.2352,-0.0449,-0.6884,0.1287
-0.8430,-12.8756,-7.9706,-0.2671,-0.5670,-0.2258
-0.8814,-12.0709,-6.3995,-0.0643,-0.8693,-0.4201
-0.8814,-9.1969,-4.8284,0.2793,-0.9470,-0.4456
-0.8047,-6.7061,-2.7207,0.2319,-1.0223,-0.3873
-0.0766,-4.4835,-0.5365,0.2198,-1.0672,-0.3145
1.0346,-1.4179,0.0766,0.5391,-1.0539,-0.2890
2.3759,2.6441,-1.3412,0.6896,-0.4395,-0.3545
2.8740,4.7900,-2.4525,0.6641,0.2720,-0.5172
2.7207,4.9816,-2.7207,-0.0316,0.4650,-0.7261
2.6824,2.6058,-4.5984,-0.8669,0.6569,-0.6010
-1.1879,3.2955,-7.6641,-0.7503,0.5925,-0.5172
-6.7444,-7.4341,-13.4504,0.4929,-0.8778,-0.0449
9.8866,-24.2184,-16.1329,-0.0741,-1.8249,2.1029
12.4158,-16.4394,-10.9213,-0.8329,-0.5682,1.2457
3.3339,-10.9213,-7.2042,-0.4711,0.1518,-0.1178
-1.2646,-16.4777,-12.0709,-0.3375,0.5379,-0.3169
-1.0730,-15.5197,-12.3008,0.2829,0.6678,-0.1809
1.4562,-13.1439,-9.6567,0.4589,0.8147,0.2355
3.1039,-13.7570,-6.5528,0.2440,1.3428,0.3995
2.9123,-9.2352,-5.8247,0.3047,1.6877,0.1336
2.5675,-6.4378,-3.6404,-0.2040,1.7095,0.1323
1.1496,-5.2882,-1.3795,-0.3412,1.6452,0.2295
-0.7281,-3.2189,-0.3449,0.1372,1.3283,0.1020
-2.4525,0.6514,-1.5711,0.7224,0.8390,0.2015
-3.4871,3.7171,-2.3375,0.4929,0.5561,0.6180
-3.1423,4.2536,-1.9543,-0.1251,0.3776,0.9567
-2.1459,1.7627,-1.1113,-0.3958,-0.0389,0.9482
-1.9543,-0.6131,-1.3412,-0.1530,-0.5937,0.6945
1.4945,1.2263,-4.6751,-0.0692,-0.6204,0.6216
12.5691,-8.3538,-9.6567,0.6884,-0.0886,0.0510
3.1423,-17.2441,-21.9575,3.1859,0.1566,-3.4020
-11.4961,-12.4158,-18.9302,0.6399,0.1688,-2.1466
-0.3832,-14.9832,-6.0546,-3.6619,0.6204,0.8742
3.7937,-14.1785,-5.9396,-1.2858,-0.3339,0.6945
4.0236,-15.3664,-10.9979,-0.2270,-0.3557,0.6848
2.1459,-16.0562,-9.5801,-0.7771,-0.1530,0.3764
0.5365,-15.6347,-6.8977,0.0801,-0.4237,-0.2525
-2.2992,-10.4231,-4.0620,0.7977,-0.9434,-0.4674
-3.4105,-6.1313,-4.5601,1.0162,-1.1996,-0.1870
-2.0310,-4.1769,-4.1003,0.8353,-1.3076,0.1882
0.5365,-2.5675,-2.2609,0.7236,-1.1207,0.3278
4.0236,-0.7281,-0.5365,0.8645,-0.8426,0.0656
4.5218,2.0693,-0.0766,0.8499,-0.7127,-0.4869
2.4525,4.4068,-1.7627,0.7588,-0.5585,-1.0599
1.1113,4.2536,-3.4871,0.4140,0.2780,-1.2044
-0.2682,3.5255,-5.1349,-0.1506,0.8936,-1.0867
-4.6751,2.8740,-8.7754,-0.8657,1.0077,-0.9543
-8.6604,-5.9780,-14.4851,-1.1741,-0.0449,0.1384
9.8100,-27.1308,-14.4084,-2.1685,-1.1826,2.6857
12.4924,-17.3591,-7.5874,0.2550,-0.6544,1.7605
4.4452,-8.1239,-8.2005,1.1668,-0.1578,-0.1506
1.1496,-11.8027,-11.4195,-0.2780,0.2550,-0.9070
-0.7664,-16.2095,-10.4614,-0.5342,0.7030,-0.5731
1.4179,-14.6767,-10.0782,0.0680,0.7358,0.3715
3.0656,-13.2205,-7.3192,0.3582,0.8973,0.5998
3.0273,-10.0016,-5.0200,0.6095,1.1049,0.2125
3.4871,-5.9396,-3.7171,0.4808,1.1449,-0.1129
2.5291,-3.0273,-0.9197,0.2028,1.1146,-0.1032
0.0766,-1.5711,0.3449,0.2477,1.0527,-0.0061
-2.0310,0.4215,-0.2682,0.5160,0.9142,0.1979
-2.6824,2.9507,-1.0346,0.2975,0.8669,0.5804
-1.7627,3.1039,-2.8357,-0.2756,0.7601,0.9130
-0.9580,1.5328,-3.1039,-0.1178,0.1336,0.8426
-1.3029,0.4215,-4.2536,0.3982,-0.6362,0.4844
0.4215,1.2263,-6.1313,0.3254,-0.8936,0.2052
4.9050,-14.7533,-8.1239,1.3683,-0.7200,-1.2481
-2.4525,-16.5544,-17.2058,2.4125,0.0983,-2.7950
-7.6641,-19.2751,-19.9266,-1.6124,0.5112,-0.9786
3.9087,-16.2861,-2.7591,-2.6638,0.0049,0.7455
4.7134,-14.0252,-4.0236,-0.3472,-0.7649,0.3618
2.4908,-13.3355,-8.8520,0.3752,-0.7734,0.3387
-0.4215,-12.5691,-10.6914,-0.0838,-0.6896,0.0522
-1.5711,-12.7607,-9.0053,-0.3521,-0.9980,-0.3448
-1.8777,-10.1166,-6.8210,-0.0983,-1.3210,-0.5112
-1.8394,-7.3192,-3.7937,0.0486,-1.4339,-0.4286
-0.1533,-5.6714,-0.4215,0.0352,-1.3186,-0.2732
1.3795,-3.1423,0.5748,0.3072,-1.0344,-0.1141
2.9890,0.6898,0.0383,0.5621,-0.5221,-0.1311
3.7937,3.7937,-1.3029,0.8123,0.0206,-0.3485
2.9890,4.5984,-2.9507,0.4480,0.2574,-0.6714
3.1039,1.8777,-4.3685,-0.1930,0.5646,-0.7758
2.4908,1.9927,-4.5218,-0.3035,0.8475,-0.6921
-4.7134,3.1039,-8.0089,-0.7455,-0.0643,-0.5221
-6.9360,-15.5580,-17.3974,0.7771,-1.2396,0.7176
11.6494,-15.6730,-20.2331,-0.2477,-1.8928,1.8042

