-.-.-
-2.1076,-11.2662,0.6514,-0.5136,0.3570,-1.0138
-0.3449,-11.0363,1.1113,-0.0862,-0.1129,-0.3970
0.8047,-10.5764,0.6514,0.1591,-0.5670,0.0838
1.4945,-10.3465,0.7664,0.0304,-0.8681,0.2768
2.3759,-10.1932,0.9963,-0.0886,-0.9677,0.1870
3.2572,-10.0016,1.1496,-0.0777,-0.8293,-0.0862
4.1769,-9.8100,1.1113,0.0121,-0.4844,-0.3861
3.9853,-9.3885,1.2263,0.0801,-0.1178,-0.5306
3.5638,-9.3118,1.1113,0.0061,0.1190,-0.5002
2.9123,-9.4268,1.3029,-0.1068,0.2513,-0.3400
2.1843,-9.8483,1.6478,-0.2428,0.3254,-0.1591
1.2263,-10.5764,2.2226,-0.2368,0.3339,-0.0255
1.3029,-10.2698,2.1076,-0.1566,0.2865,0.0352
1.5711,-10.3465,2.1459,-0.0765,0.2465,0.0206
1.7627,-10.0782,1.9927,-0.0109,0.1821,-0.0036
2.2226,-9.6567,1.9543,-0.0158,0.1542,-0.0206
2.1843,-9.4651,2.0693,-0.0983,0.1906,0.0000
2.0693,-9.1969,2.1076,-0.1445,0.2963,0.0146
1.4179,-9.3885,2.1843,-0.1736,0.3533,0.0109
0.7281,-9.5034,1.9543,-0.2064,0.2902,0.0012
0.1533,-10.3082,1.4945,-0.3108,0.2416,-0.0498
-0.3449,-11.1512,1.3412,-0.3157,0.1979,-0.1263
-0.1916,-11.3811,1.1113,-0.1081,0.1421,-0.1506
0.0383,-11.0746,1.6478,0.1166,0.0935,-0.1044
0.5365,-10.8446,1.9543,0.2428,0.0158,0.0085
0.8814,-10.6147,2.2609,0.2975,-0.0449,0.1214
0.9580,-10.1932,2.3375,0.3363,-0.0692,0.1882
0.9580,-9.7717,2.4908,0.3557,-0.0643,0.1882
0.8430,-9.7334,2.3759,0.3703,-0.0461,0.1360
0.7281,-9.6567,2.4525,0.3910,0.0049,0.0498
0.6898,-9.6950,2.4525,0.3995,0.0704,-0.0304
0.8430,-9.8866,2.5291,0.3922,0.1178,-0.0826
0.6514,-9.8100,2.4908,0.3788,0.1445,-0.0996
0.4215,-9.7334,2.4142,0.3290,0.1554,-0.0983
0.3066,-9.6567,2.4525,0.2671,0.1348,-0.0813
0.4982,-9.5801,2.5675,0.1785,0.0971,-0.0668
0.7281,-9.5418,2.6058,0.1117,0.0668,-0.0583
0.9580,-9.7717,2.7974,0.0692,0.0668,-0.0474
0.6131,-9.8483,2.7591,0.0546,0.0911,-0.0376
0.4215,-9.9250,2.8740,0.0996,0.1153,-0.0304
0.2299,-9.8483,2.7207,0.1190,0.1372,-0.0340
0.1916,-9.7334,2.7207,0.1056,0.1287,-0.0328
0.4598,-9.6567,2.6441,0.0656,0.1360,-0.0279
0.6898,-9.6184,2.7974,-0.0012,0.1542,-0.0328
0.6898,-9.5801,2.7591,-0.0607,0.1773,-0.0474
0.8047,-9.8100,2.7974,-0.0935,0.1918,-0.0619
0.8047,-9.9633,2.6824,-0.0983,0.1991,-0.0656
0.8814,-9.9633,2.7974,-0.0741,0.2015,-0.0583
0.6898,-9.9633,2.6058,-0.0498,0.2113,-0.0461
0.5365,-9.8100,2.7591,-0.0546,0.2258,-0.0340
0.4982,-9.8100,2.6824,-0.0583,0.2355,-0.0304
0.5748,-9.8483,2.7974,-0.0401,0.2319,-0.0291
0.4982,-9.8100,2.6058,-0.0437,0.2198,-0.0267
0.4598,-9.8483,2.5675,-0.0595,0.2113,-0.0231
0.8814,-9.9250,2.7591,-0.0631,0.2088,-0.0255
0.6131,-9.9633,2.5291,-0.0716,0.2015,-0.0219
0.4982,-9.9250,2.6058,-0.0813,0.1955,-0.0146
0.5748,-10.0399,2.6058,-0.0728,0.1918,-0.0097
0.5365,-10.0016,2.4908,-0.0510,0.1736,-0.0036
0.6514,-10.0016,2.4525,-0.0328,0.1506,0.0073
0.6514,-9.8866,2.3759,-0.0085,0.1275,0.0158
0.6131,-9.8100,2.6058,-0.0134,0.1166,0.0255
0.6131,-9.8866,2.4525,-0.0255,0.1008,0.0267
0.6514,-9.8100,2.4525,-0.0425,0.0874,0.0291
0.5748,-9.7717,2.5291,-0.0692,0.0704,0.0316
0.6131,-9.7717,2.5291,-0.0947,0.0437,0.0376
0.6514,-9.7717,2.4525,-0.1360,0.0231,0.0510
0.5748,-9.9250,2.4908,-0.1542,0.0085,0.0607
0.3832,-9.9250,2.4142,-0.1493,-0.0097,0.0692
0.5365,-10.0782,2.4525,-0.1202,-0.0352,0.0813
0.5365,-10.0016,2.3759,-0.0850,-0.0656,0.0935
0.4982,-10.0399,2.3759,-0.0595,-0.0971,0.1056
0.5748,-10.0399,2.2992,-0.0437,-0.1081,0.1141
0.5748,-10.0399,2.4908,-0.0328,-0.1141,0.1129
0.4982,-9.9250,2.4142,-0.0182,-0.1202,0.1068
0.6898,-9.8866,2.3375,-0.0061,-0.1287,0.1093
0.6514,-9.8866,2.4142,-0.0024,-0.1445,0.1129
0.7281,-10.0399,2.4142,-0.0036,-0.1578,0.1178
0.7281,-9.8866,2.3759,-0.0036,-0.1554,0.1178
0.7664,-9.8866,2.3375,-0.0024,-0.1445,0.1141
0.6514,-9.9250,2.4142,-0.0109,-0.1372,0.1068
0.7281,-9.8866,2.4142,-0.0158,-0.1360,0.0983
0.6514,-9.8866,2.4142,-0.0194,-0.1384,0.0911
0.7664,-9.9633,2.3759,-0.0146,-0.1408,0.0826
0.6898,-9.9250,2.4142,0.0000,-0.1299,0.0680
0.6514,-10.0399,2.4142,0.0109,-0.1166,0.0595
0.6131,-9.9250,2.3375,0.0097,-0.1105,0.0546
0.4982,-9.8866,2.3375,-0.0061,-0.1153,0.0559
0.6514,-9.8866,2.2992,-0.0231,-0.1153,0.0595
0.6514,-10.0016,2.2226,-0.0389,-0.1129,0.0656
0.5365,-9.8483,2.3375,-0.0522,-0.1068,0.0680
0.4598,-9.9633,2.2992,-0.0595,-0.0983,0.0728
0.4598,-10.0016,2.2992,-0.0571,-0.0874,0.0704
0.4215,-9.9250,2.2609,-0.0486,-0.0741,0.0716
0.4598,-9.9250,2.3375,-0.0437,-0.0546,0.0668
0.3832,-10.0016,2.3375,-0.0425,-0.0279,0.0546
0.4598,-10.1166,2.2226,-0.0340,0.0000,0.0461
0.4215,-9.9250,2.3759,-0.0364,0.0255,0.0413
0.3832,-9.8866,2.2609,-0.0425,0.0352,0.0425
0.3066,-10.0399,2.2609,-0.0643,0.0425,0.0461
0.2299,-9.8483,2.1459,-0.0789,0.0449,0.0571
0.3832,-9.9633,2.2609,-0.0777,0.0461,0.0680
0.3066,-10.0016,2.2226,-0.0741,0.0534,0.0765
0.1533,-9.8866,2.1843,-0.0656,0.0401,0.0850
0.1533,-9.8483,1.9543,-0.0680,0.0243,0.0935
0.0383,-9.8866,2.1843,-0.0935,0.0364,0.0838
0.1150,-10.0399,2.1076,-0.1044,0.0631,0.0656
0.1533,-10.0399,2.0310,-0.1020,0.0801,0.0498
0.2682,-9.9250,1.9543,-0.1020,0.0486,0.0668
0.0766,-10.1166,2.0693,-0.1056,0.0595,0.0850
0.0383,-10.0782,1.9927,-0.0826,0.0376,0.0911
-0.1533,-9.9633,2.1459,-0.0376,0.0583,0.0704
-0.1533,-9.8100,2.1459,-0.0182,0.0692,0.0461
0.0383,-9.7334,2.1843,-0.0279,0.0765,0.0255
0.0383,-9.8100,2.2226,-0.0449,0.0777,0.0146
0.0383,-9.8866,2.1459,-0.0583,0.0862,0.0024
0.1533,-10.0782,2.1843,-0.0510,0.1068,-0.0134
0.3449,-10.1932,1.9927,-0.0170,0.1226,-0.0364
0.1916,-9.9633,2.1459,0.0121,0.1226,-0.0534
0.1533,-9.9633,2.0693,0.0219,0.1178,-0.0607
0.1533,-10.0016,2.1843,0.0170,0.1153,-0.0643
0.0766,-9.8866,2.2609,0.0158,0.1263,-0.0704
0.2682,-9.8866,2.1076,0.0206,0.1518,-0.0838
0.4215,-10.0016,2.1843,0.0231,0.1724,-0.0959
0.4982,-9.9250,1.9543,0.0279,0.1833,-0.1032
0.8047,-10.0399,2.0310,0.0243,0.1773,-0.0996
0.6514,-10.0016,1.9160,0.0219,0.1700,-0.0935
0.4598,-9.9250,2.0693,0.0255,0.1676,-0.0911

