-.-.-
-0.9963,-9.3502,0.1150,0.1639,0.2768,-0.3266
-0.9197,-8.7370,0.1150,0.3873,0.1858,-0.3096
-0.8430,-7.9323,0.1150,0.3606,0.1663,-0.2841
-0.9580,-7.4341,0.3449,0.1093,0.1615,-0.3327
-1.1879,-7.8557,0.6514,-0.0911,0.0777,-0.3825
-1.3795,-8.7754,0.0766,-0.1603,-0.1081,-0.3582
-1.4945,-9.7334,0.0383,-0.1214,-0.2113,-0.3315
-1.3795,-9.8483,0.0383,-0.0352,-0.2416,-0.3339
-0.9580,-9.5801,0.0383,0.0158,-0.2671,-0.3436
-0.9580,-9.0436,-0.0383,-0.0109,-0.2671,-0.3290
-0.8430,-8.8903,0.0000,-0.0474,-0.2902,-0.2768
-0.6898,-8.5838,-0.1916,-0.0643,-0.3776,-0.1882
-0.9963,-8.8903,-0.1533,0.0316,-0.3849,-0.1506
-0.0383,-9.6567,-1.2263,-0.0510,-0.3642,-0.0668
0.4982,-10.8446,-2.4142,-0.2295,-0.2185,0.0413
2.1076,-12.1475,-2.7207,-0.2355,-0.1833,0.1396
3.1806,-13.5654,-1.8394,0.1129,-0.3424,0.2914
4.9050,-14.7533,-2.8740,0.2331,-0.6301,0.4687
2.3759,-15.1748,-1.8394,0.0656,-0.6241,0.5609
-0.4982,-13.2205,0.6514,0.5354,-0.5099,0.4007
-2.4908,-10.1932,0.9197,0.6921,-0.6544,0.1032
-2.4908,-8.2005,0.0000,0.4189,-0.7212,-0.2525
0.0383,-7.7790,-0.8047,0.2100,-0.4444,-0.4978
2.3759,-9.0436,-0.4982,-0.2683,-0.0474,-0.5172
2.7974,-10.4614,-0.2682,-0.5524,-0.0170,-0.3606
2.2226,-11.5344,-0.2682,-0.1603,-0.2659,-0.0996
1.2646,-10.9596,-0.2682,0.5464,-0.4699,-0.0085
0.3449,-8.9670,0.0383,0.7819,-0.5549,-0.0813
0.0766,-7.4341,0.3066,0.4092,-0.5561,-0.2064
-0.3449,-7.0126,0.6514,0.0304,-0.5172,-0.2975
0.1533,-7.5108,0.6898,-0.0279,-0.5245,-0.2586
0.4215,-8.4305,0.4215,0.1348,-0.5609,-0.1129
0.6898,-9.2352,0.2299,0.2659,-0.6666,0.0522
1.1113,-9.6567,0.0383,0.3363,-0.7163,0.1870
1.2263,-9.7717,0.0766,0.4237,-0.6726,0.2805
1.1879,-9.0053,0.3449,0.6022,-0.6241,0.3011
1.2263,-7.5874,0.6131,0.7588,-0.6374,0.2574
1.1113,-6.5145,0.5365,0.7613,-0.6484,0.1906
0.8430,-6.0163,0.6898,0.6314,-0.6617,0.1323
0.7281,-6.5911,0.8047,0.4274,-0.6544,0.1178
0.8430,-7.8173,0.8430,0.2453,-0.5646,0.1530
1.1496,-9.2352,0.7281,0.2052,-0.3982,0.1797
1.3029,-9.5801,0.3832,0.2841,-0.1918,0.1930
1.4945,-9.0436,0.9963,0.4322,0.0146,0.1930
1.6861,-8.6604,1.8394,0.5330,0.0607,0.1882
1.9927,-8.5838,2.1843,0.3873,-0.0243,0.2173
2.0693,-9.0436,1.8394,0.1493,0.0049,0.2829
1.7244,-9.1202,1.8394,0.0983,0.2416,0.3424
1.6478,-8.8903,1.6095,0.1481,0.5245,0.3460
1.6095,-8.5838,1.0730,0.0571,0.6751,0.3072
1.4562,-8.2772,0.5365,-0.1372,0.7503,0.2914
0.8430,-8.2005,0.3832,-0.1372,0.8050,0.2878
-0.0766,-7.7407,-0.5748,0.2756,0.6787,0.1918
-2.3375,-7.3575,-3.0656,0.1178,0.3521,0.0097
-4.7517,-9.1586,-3.1423,-0.6751,-0.0012,-0.0061
-5.7864,-12.4541,-0.9580,-0.7989,0.0765,0.0813
-4.3685,-15.5964,-0.9580,-0.6156,0.3788,0.0279
-0.9963,-17.8189,-1.0730,-0.5512,0.8268,-0.1481
0.1533,-15.9029,0.0000,-0.1712,0.9349,-0.3108
1.9543,-12.4541,-0.1533,0.5706,0.6071,-0.0911
1.1113,-9.8866,0.0000,0.5391,0.4820,0.2865
-0.4982,-9.7334,0.2682,-0.0546,0.0813,0.4893
-1.3412,-10.6530,-0.0766,-0.3922,-0.2003,0.3266
-1.8777,-11.1512,0.1150,-0.2562,0.2234,0.0146
-1.8777,-10.7297,0.1150,0.2003,0.7248,-0.1773
-1.4179,-9.2352,0.0383,0.3885,0.7843,-0.1311
-0.9197,-7.8557,0.2299,0.1858,0.6362,0.0279
-0.9963,-7.5108,0.1533,-0.1627,0.4055,0.0850
-1.0346,-7.6257,0.3066,-0.3837,0.3205,0.0061
-0.5748,-8.5454,0.3066,-0.3047,0.4723,-0.0643
0.1150,-8.8137,0.3449,-0.0328,0.6653,-0.0656
0.3449,-8.8137,0.4215,0.2307,0.7188,-0.0668
0.0000,-8.6221,0.6131,0.4602,0.6046,-0.0971
-0.8047,-8.3538,0.8047,0.6144,0.4541,-0.1469
-1.8011,-7.9706,0.9197,0.6326,0.4225,-0.2028
-1.9927,-7.7407,0.6131,0.3885,0.4201,-0.2586
-1.9927,-7.6641,0.7664,0.0595,0.3934,-0.2793
-1.4562,-7.8173,0.8814,-0.0643,0.3606,-0.2841
-1.0346,-7.7407,0.9580,-0.0206,0.3387,-0.2975
-0.4982,-7.6257,0.5748,-0.0716,0.2635,-0.3217
-0.2682,-7.7790,0.5365,-0.2222,0.1651,-0.3594
-0.5365,-7.8557,0.8047,-0.2404,0.0668,-0.4055
-0.9580,-8.0089,0.7664,-0.0765,-0.0862,-0.4419
-1.2646,-7.9323,0.3449,-0.0061,-0.2100,-0.4444
-1.3029,-8.0856,0.3066,-0.1348,-0.2210,-0.3837
-1.5328,-9.0436,0.3832,-0.1870,-0.2210,-0.2671
-1.9543,-9.5801,0.4598,-0.0304,-0.3193,-0.1372
-1.7244,-9.2735,0.8430,0.2890,-0.4978,-0.0704
-1.3795,-8.2389,0.5365,0.6399,-0.6702,-0.0862
0.0383,-7.5874,-0.4598,0.4529,-0.7576,-0.0291
1.6478,-8.8137,-2.2609,-0.3047,-0.5743,0.0886
3.6021,-11.8410,-2.7591,-0.9167,-0.4723,0.2246
4.6368,-14.6000,-2.4525,-1.0660,-0.6872,0.4043
3.2189,-16.8993,-2.1459,-0.6921,-0.7528,0.5451
0.4215,-16.4394,-1.1879,0.1518,-0.4832,0.4881
-2.2992,-14.2552,0.0766,0.7710,-0.5063,0.1044
-3.4871,-11.0746,0.1150,0.6593,-0.4966,-0.2756
-2.8740,-9.2352,-0.9197,0.1991,-0.2987,-0.4165
-1.1113,-9.7334,-0.9580,-0.2052,-0.1008,-0.2744
1.3795,-10.7680,-0.4982,-0.3108,-0.1056,-0.0886
2.7207,-11.4578,-0.8430,-0.1918,-0.3509,0.0049
2.9507,-10.9213,-0.9963,0.0182,-0.5439,-0.1008
1.8777,-9.3118,-0.3449,0.2744,-0.3897,-0.2586
0.8047,-7.3192,0.1150,0.2513,-0.2015,-0.3290
0.1533,-6.0163,0.1533,0.1129,-0.0437,-0.2829
0.0383,-5.8247,0.2299,0.0255,0.0947,-0.1554
0.3449,-6.5528,0.3066,0.0923,0.1238,-0.0510
0.7281,-7.4341,0.3832,0.2003,0.0000,0.0425
1.0346,-8.4305,0.2299,0.1858,-0.1238,0.1323
1.0730,-9.1969,0.3449,0.0741,-0.1676,0.2100
1.1113,-9.2352,0.5748,0.1943,-0.1967,0.2902
1.1879,-8.5838,0.7281,0.5719,-0.2149,0.3339
0.8814,-7.3958,0.9197,0.7443,-0.1955,0.3023
0.2682,-7.1659,0.7664,0.4796,-0.1081,0.2513
0.1916,-7.9706,1.0730,0.2064,-0.0170,0.1688
0.0766,-8.8903,0.9197,0.1955,0.0413,0.1020
0.5748,-9.1586,1.0730,0.2489,0.0886,0.1238
1.0346,-9.1969,1.2646,0.2440,0.1457,0.1797
1.3412,-8.8903,1.3412,0.2125,0.1748,0.2198
1.6095,-8.9286,1.0730,0.2185,0.2270,0.2028
1.7627,-9.1202,0.6898,0.3084,0.3922,0.1263
1.9160,-9.0053,0.4598,0.4517,0.5476,0.0352
1.8777,-8.3155,0.1916,0.6216,0.6593,0.0036
0.7664,-7.2042,0.4598,0.7953,0.6908,0.0146
-1.1113,-6.6677,-0.6514,0.7418,0.2793,-0.0231
-3.7171,-7.9706,-3.9087,-0.1882,-0.3582,-0.0959
-5.4798,-10.9596,-3.1806,-0.7892,-0.4031,-0.1153
-4.0236,-14.4084,-1.3412,-0.6872,0.3193,-0.2975

