-.-.-
-4.7134,-10.3848,-3.1806,0.0486,-0.7151,0.2222
-4.0236,-10.8063,-3.4871,-0.0413,-1.0915,0.3897
3.1039,-14.7916,0.9963,0.0692,-0.6314,0.4152
5.6331,-9.9633,-2.2226,0.7054,-0.4832,-0.2720
3.3339,-7.7790,-2.1076,0.3205,-0.1311,-0.8463
-1.6861,-7.1276,-2.0693,-0.1518,-0.0449,-0.9070
-2.9123,-9.4651,0.2299,-0.5585,-0.1384,-0.6799
-2.3375,-8.3155,0.4598,0.0971,-0.4468,-0.7346
-1.2263,-5.6331,-0.3832,0.2064,-0.7212,-0.7406
-0.4598,-5.2499,0.1150,-0.0413,-0.8973,-0.6617
0.1150,-6.9743,0.6898,-0.0534,-1.0065,-0.4844
0.3832,-6.7444,0.0383,0.1202,-1.1073,-0.4043
0.8814,-6.4378,0.0383,-0.1032,-1.0563,-0.2950
0.8814,-7.0893,0.4598,-0.3181,-0.9689,-0.1591
0.6898,-7.5108,0.5365,-0.2841,-0.9361,-0.0219
0.4982,-7.7407,1.2646,-0.2878,-0.9300,0.1930
0.7664,-8.3538,1.6095,-0.1105,-0.9665,0.3424
1.3795,-10.5381,1.6861,0.0668,-1.0454,0.4165
1.6095,-12.1859,1.0346,0.1882,-0.9337,0.3157
1.6095,-13.1439,2.4142,0.1651,-0.4942,0.2926
2.4525,-13.7570,4.4452,0.2659,-0.4966,0.1408
4.8284,-14.1019,3.5638,0.3084,-0.5621,-0.4189
2.1459,-11.9943,-1.8777,0.1214,-0.3800,-0.6605
-1.8011,-12.5307,-3.1039,-0.3035,-0.2428,-0.5634
1.7244,-13.5654,-4.4452,-0.3108,-0.0850,-0.6229
1.6478,-11.9943,-2.6058,-0.0971,0.3023,-0.7977
1.3795,-8.8137,-4.3302,-0.0449,0.7783,-0.6083
-3.9087,-12.4158,-0.7664,-0.5889,0.8705,-0.2489
-3.8320,-12.4158,-1.0346,0.0838,0.6678,0.2076
-2.3375,-10.9979,-0.5365,0.3630,0.5597,0.5864
-0.2299,-9.7717,-0.3832,0.5609,0.5488,0.6969
0.9580,-8.2389,-0.7281,0.7394,0.6957,0.6969
0.2299,-5.9780,-0.6131,0.6447,0.8584,0.7394
0.4982,-4.6751,-0.1916,0.3934,0.9495,0.7746
-0.1916,-4.9050,0.4982,0.2015,0.9956,0.6265
-1.3412,-6.0546,0.6514,0.0668,0.9774,0.3278
-2.5291,-5.8630,0.4598,0.2683,1.0308,0.1700
-2.9123,-6.0546,0.2299,0.1032,0.9203,0.0983
-2.7207,-6.6677,0.8047,-0.1396,0.7479,0.0437
-1.9160,-7.5491,1.8394,-0.2076,0.5949,-0.0340
-1.3412,-8.4688,3.1423,-0.0801,0.4650,-0.1275
-1.1496,-10.0016,3.3722,0.1238,0.4711,-0.1554
-2.1843,-11.2279,2.9507,0.3582,0.6253,-0.0559
-0.9580,-10.6530,-0.6514,0.6265,0.4043,0.0000
-1.1496,-11.3045,3.2189,0.0753,0.4347,-0.0389
-2.8740,-13.7570,6.7444,0.2550,0.3958,0.0352
-4.7134,-14.0636,3.8320,0.3970,0.5087,0.3472
-1.6478,-13.3355,-1.3412,0.1858,0.4322,0.4626
-1.2263,-11.2279,-5.8630,-0.4662,0.3302,0.4747
-3.2955,-10.3848,-6.6294,-0.5403,-0.1093,0.5269
-5.7864,-11.6494,-2.7207,0.0364,-0.5160,0.7686
-1.9543,-13.4504,-0.8047,0.2307,-0.7261,0.8268
5.5564,-13.1055,-0.9963,0.9288,-0.5112,0.2246
4.9816,-7.9706,-3.1039,0.7297,-0.4007,-0.6071
0.3832,-6.5528,-1.5328,0.0413,-0.1821,-1.0114
-4.0236,-9.8483,-0.3066,-0.5184,-0.1736,-0.7297
-4.1769,-10.3848,0.4982,-0.2623,-0.6836,-0.4942
-2.4525,-7.6641,-0.7281,0.1809,-1.1364,-0.5221
-0.4982,-5.8247,-0.5748,-0.0813,-1.3647,-0.4080
1.1113,-6.3995,0.6898,-0.1761,-1.2809,-0.4104
1.3029,-6.9743,1.1113,0.0862,-1.1716,-0.4504
1.4945,-6.3229,0.3832,0.0449,-1.0806,-0.4480
1.4179,-5.4032,-0.4598,-0.2428,-0.9215,-0.4298
0.7664,-5.4798,-0.8047,-0.6447,-0.8620,-0.2392
-0.3066,-6.8593,0.0000,-0.7807,-0.8827,0.1153
-0.1533,-8.6221,2.5675,-0.7516,-0.8450,0.3910
0.8047,-10.4998,2.9123,-0.3679,-0.9385,0.5779
1.5328,-13.3738,1.8011,-0.0692,-1.0187,0.5791
1.4562,-12.8756,0.0766,0.3582,-0.6156,0.4055
2.3375,-13.1055,4.0620,0.4359,-0.3193,0.2914
4.1003,-14.0636,4.3685,0.4334,-0.3497,-0.3946
3.9470,-12.0326,-0.0383,0.4541,-0.3618,-0.7892
-2.2226,-11.6494,-1.5328,-0.3400,-0.0449,-0.6569
2.5675,-11.4195,-5.9396,-0.5451,0.1044,-0.5573
3.2955,-13.4121,-3.6404,-0.6095,0.6216,-0.8584
2.2609,-10.7680,-4.2536,0.0316,1.0539,-0.7552
-4.2536,-12.8756,-2.4142,-0.5354,1.4266,-0.4080
-5.7480,-13.0672,-0.8430,0.2040,0.8487,0.0134
-3.6404,-10.3848,-1.6861,0.5184,0.5743,0.5051
-0.3066,-9.4268,-0.8814,0.4929,0.4589,0.7491
1.3795,-8.8903,-0.9197,0.5889,0.6386,0.7030
0.9963,-7.3958,-0.8430,0.5257,0.8742,0.6423
0.4215,-5.1732,-0.8047,0.3521,1.0927,0.6241
-0.0383,-4.8667,-0.0383,0.0619,1.2651,0.5779
-0.5748,-5.8630,0.3066,-0.0826,1.3246,0.4055
-1.4179,-6.8593,0.3066,-0.0898,1.3999,0.3302
-2.1459,-6.8210,0.0000,0.0158,1.3186,0.3339
-1.9927,-6.6677,0.1150,-0.0279,1.1474,0.3096
-2.0693,-6.5145,0.6898,-0.1044,1.0502,0.1214
-2.0693,-7.4725,1.9927,-0.1202,0.9482,-0.0971
-1.3412,-8.8903,2.7974,0.0996,0.8803,-0.2307
-1.6861,-10.5381,2.3375,0.3157,0.7855,-0.2647
-2.6058,-11.1512,1.4179,0.7103,0.6678,-0.1821
-1.1496,-10.0399,-1.1496,0.5828,0.3800,-0.1311
-2.3375,-13.0289,5.3648,0.1081,0.3715,-0.0983
-4.5601,-14.2552,4.9816,0.4759,0.3363,0.2635
-3.7554,-14.0636,1.8777,0.3740,0.3339,0.5184
0.5365,-13.1822,-2.6058,-0.0813,0.0134,0.6265
-2.1076,-10.7297,-5.0966,-0.3606,-0.3400,0.6386
-5.2499,-10.6147,-4.3302,-0.0862,-0.4832,0.7078
-5.0583,-10.2315,-3.1423,0.2829,-0.8487,0.6301
2.2992,-13.9103,0.8430,0.1396,-0.5367,0.4747
5.9780,-10.5764,-2.5291,0.7431,-0.3254,-0.3582
3.9470,-7.4725,-2.1843,0.1141,-0.0643,-0.9592
-1.7627,-8.0856,-1.2646,-0.1518,0.0656,-1.0017
-3.9087,-10.2698,-0.1150,-0.5099,-0.1943,-0.6447
-2.9890,-9.3885,-0.4598,-0.0291,-0.6678,-0.6083
-1.5328,-6.3995,-1.0346,0.1129,-0.9179,-0.5901
-0.4598,-5.5564,-0.3832,-0.0741,-0.9434,-0.5379
0.6131,-7.4341,1.0346,-0.1068,-0.9203,-0.4699
0.7281,-7.8173,0.7664,0.1348,-0.9640,-0.4334
1.1496,-6.8593,0.0383,0.2270,-0.9337,-0.4468
0.8047,-6.6294,0.9580,-0.1323,-0.8001,-0.3096
0.3449,-6.5528,0.7281,-0.1663,-0.7443,-0.1408
0.0383,-6.8210,1.1496,-0.2732,-0.7479,0.0983
0.4598,-7.5874,2.0693,-0.2914,-0.7843,0.2963
0.6514,-9.6184,1.9543,-0.1906,-0.9361,0.3715
-0.0766,-11.6877,0.3066,-0.0316,-1.0017,0.2950
0.5365,-12.9139,1.6095,-0.0474,-0.5330,0.2829
4.3685,-15.2132,5.3648,0.0510,-0.5609,0.1008
6.8977,-14.2935,3.5255,0.3897,-0.6787,-0.5864
1.9543,-12.6074,-2.0310,-0.0121,-0.2246,-0.8341
-1.9160,-12.8756,-2.5675,-0.3897,-0.3011,-0.8135
1.0346,-12.4924,-5.4415,-0.2732,-0.1591,-0.6702
0.2299,-12.0709,-2.7591,0.0146,0.2088,-0.7588
-0.1916,-9.9250,-4.0236,-0.0243,0.6738,-0.6435
-5.4798,-13.1822,0.2682,-0.2987,0.5670,-0.3922
-5.0200,-11.8027,-1.0730,0.4772,0.2331,0.1724

