-.-.-
-1.3412,-7.4725,-0.9197,0.8147,0.6034,0.8790
1.2646,-6.0929,-0.6131,0.1882,0.7686,1.1498
3.4871,-7.0893,-0.9963,-0.6386,1.0417,1.0952
3.2955,-9.7334,1.0730,-0.8499,1.3781,0.9665
2.1076,-9.5801,1.6095,-0.4201,1.6015,0.8499
0.2682,-7.3958,1.0346,-0.0559,1.8540,0.7103
-1.1496,-6.0929,0.7281,-0.2137,1.9645,0.5585
-2.2226,-5.9780,0.7664,-0.4808,1.9317,0.4504
-2.1076,-6.6677,1.1496,-0.5876,1.7945,0.4080
-1.8011,-8.2005,1.6095,-0.8159,1.7289,0.2647
-2.0310,-9.2352,2.5291,-0.7321,1.6136,-0.0595
-2.4908,-9.6567,3.3339,-0.3035,1.4995,-0.3387
-2.5291,-11.6494,4.7134,0.1044,1.4898,-0.4395
-2.6824,-11.7260,4.1386,0.7528,1.4400,-0.4638
-2.3375,-9.3885,2.2609,0.8390,1.0138,-0.3302
-4.2152,-9.8100,1.4179,0.0413,0.5136,0.0267
-6.2462,-11.6111,3.7171,-0.0243,-0.0024,0.3472
-5.4032,-11.7260,5.0966,0.1554,-0.3108,0.6046
-3.2955,-12.0326,4.1003,0.0097,-0.4650,0.6447
-0.0766,-13.6804,1.3795,-0.1930,-0.4881,0.5961
2.2226,-15.3664,0.1533,-0.3509,-0.0085,0.6022
2.3375,-15.0599,-4.1003,-0.1833,-0.1360,0.9956
0.0766,-9.4651,-3.1806,0.5464,0.0158,1.2506
-0.8047,-8.6221,-0.9580,0.5391,-0.1044,1.3671
-1.0346,-13.2588,1.4562,-0.1530,-0.0279,1.0029
0.4598,-14.1785,0.7281,0.1797,-0.2720,0.3594
1.6861,-11.6111,0.0766,0.4262,-0.3557,-0.4043
0.9580,-10.2315,1.1113,0.5439,-0.2902,-0.9592
-1.4562,-8.8903,0.9580,0.5148,-0.6216,-1.1729
-3.9470,-8.6987,1.1879,0.0741,-0.8341,-1.1328
-4.6368,-8.0856,0.9197,-0.1020,-1.3210,-1.0952
-2.5291,-7.4725,1.8011,-0.2222,-1.7302,-1.0126
0.2299,-6.5528,1.1496,0.0243,-1.9317,-0.8730
1.4945,-5.3648,0.1916,-0.0534,-1.9268,-0.6921
1.1496,-6.2079,0.7664,-0.3242,-1.8249,-0.5294
0.8047,-7.2425,1.7627,-0.3266,-1.6500,-0.3618
1.0730,-8.1622,2.8357,-0.2878,-1.5310,-0.0959
0.9963,-8.1239,3.4488,-0.0243,-1.4703,0.1384
1.9160,-8.7370,4.7900,0.2926,-1.4400,0.3812
1.0730,-9.8483,5.5564,0.5318,-1.4606,0.5634
1.1113,-9.8866,3.1806,0.4104,-1.4048,0.6022
2.5291,-9.2352,1.2263,-0.0231,-0.9822,0.3266
6.3229,-11.3428,1.6861,-0.7467,-0.4917,-0.0498
7.3192,-14.8300,6.2845,-0.6204,-0.0911,-0.5269
4.4835,-12.2625,4.3685,0.0158,0.4674,-0.6933
1.4945,-14.4851,1.2646,-0.3849,0.5986,-0.5184
-1.0730,-17.2825,2.5291,-0.2234,0.5075,-0.6884
0.1150,-13.7953,-0.9580,0.1773,0.0850,-1.0162
1.1496,-11.3811,-4.1386,0.1518,0.2258,-1.2202
1.1496,-8.2005,-1.9543,0.8220,-0.0231,-1.2069
-0.3449,-9.8100,-0.3832,0.2161,0.2222,-0.8973
-1.5328,-13.6420,0.4215,-0.3448,0.3873,-0.1833
-2.1843,-12.4158,0.0000,0.2902,0.4298,0.4152
-1.1879,-8.2005,-0.6131,0.6617,0.4140,0.8487
1.7627,-6.9743,-0.6131,0.1421,0.5889,1.0527
3.2189,-7.4725,-0.2682,-0.5974,0.8851,0.9907
3.0656,-9.6184,1.2263,-0.7443,1.1984,0.9580
1.4179,-9.3885,1.7244,-0.3460,1.3708,0.8487
-0.0766,-7.4341,1.4945,-0.1627,1.5201,0.6763
-1.6095,-6.5911,1.4945,-0.2465,1.5577,0.5002
-2.3375,-6.2462,1.1879,-0.3873,1.4533,0.4529
-2.3375,-6.8977,1.5711,-0.5439,1.3586,0.4286
-1.8011,-8.6987,2.4525,-0.7285,1.2821,0.2805
-1.6095,-9.1586,3.0656,-0.4517,1.2178,0.0182
-2.0693,-8.5838,3.7554,-0.1688,1.1498,-0.1809
-1.4179,-9.8100,4.2919,0.0583,1.1631,-0.2635
-0.8430,-10.9213,4.1769,0.4772,1.1886,-0.3290
-0.4982,-10.0782,1.9927,0.4504,0.8827,-0.3108
-3.3722,-10.4231,1.0346,-0.1663,0.6229,0.0049
-6.1313,-12.1859,3.2572,-0.2623,0.1748,0.3521
-5.5181,-11.8410,5.2882,-0.0206,-0.1336,0.6156
-2.8357,-11.9559,4.2536,-0.0765,-0.3436,0.6471
-0.0383,-13.5654,2.0310,-0.2950,-0.3630,0.5306
1.6861,-15.3664,0.8430,-0.2865,0.0134,0.4565
1.5711,-14.5234,-3.0273,0.1773,-0.0206,0.7346
0.4982,-9.3885,-3.6404,0.6787,0.0777,1.0211
-0.9963,-8.1622,-1.4179,0.4759,0.0097,1.2651
-1.0730,-12.5307,0.5365,-0.2222,0.1384,0.9713
0.5748,-13.6804,0.1150,0.0340,-0.1081,0.3533
1.4179,-11.5344,0.0383,0.3424,-0.0983,-0.3290
1.2263,-9.9250,1.4945,0.5403,-0.1323,-0.8038
-0.7281,-9.4651,1.1113,0.5075,-0.2732,-1.1085
-3.1806,-9.0819,1.4179,0.1129,-0.3825,-1.1401
-4.2536,-8.6604,1.5328,-0.0328,-0.7965,-1.1134
-2.4525,-7.9706,1.8777,-0.1093,-1.2154,-0.9956
-0.0766,-7.0509,1.2646,0.0522,-1.4060,-0.8487
1.1496,-5.8630,0.7664,0.0121,-1.4545,-0.7054
0.9580,-6.1313,1.2646,-0.2708,-1.3526,-0.5500
0.6514,-6.6677,1.9543,-0.2586,-1.3016,-0.4602
1.0730,-7.3958,2.5675,-0.3448,-1.2627,-0.2416
0.7664,-7.8557,3.6021,-0.2125,-1.1753,0.0158
1.3029,-8.3538,4.3685,0.0813,-1.2542,0.2404
0.7281,-8.9286,4.9433,0.3691,-1.3987,0.3557
0.4215,-9.9250,2.2226,0.1299,-1.3125,0.5136
1.8394,-10.6147,0.4215,-0.2076,-0.8705,0.3278
5.5564,-12.6074,2.3375,-0.6581,-0.3958,-0.0328
6.3995,-14.4468,7.2042,-0.3812,-0.1166,-0.5087
3.8320,-12.7223,4.1003,-0.0510,0.2343,-0.7297
0.7664,-14.8683,1.6478,-0.1845,0.4055,-0.6484
0.3449,-16.3628,2.3375,-0.2064,0.3497,-0.7273
1.5711,-14.6767,-0.9580,-0.1882,0.1384,-1.0624
1.1113,-12.2242,-3.4105,0.0911,0.0874,-1.2421
2.0693,-7.9706,-1.9160,1.0296,-0.1032,-1.0187
0.2682,-9.6950,-1.3029,0.2355,0.1748,-0.6010
-1.8011,-12.5307,0.0766,-0.2999,0.2453,-0.0146
-2.7974,-11.2279,-0.1533,0.2829,0.2647,0.5160
-2.0310,-8.2005,0.0000,0.5391,0.2198,0.9106
1.7627,-7.4725,-0.2299,0.0983,0.4031,1.1279
3.5638,-8.2389,0.0383,-0.3910,0.6435,1.0272
3.6021,-9.5418,1.4179,-0.3691,1.0454,0.9689
1.9543,-8.9670,1.8777,0.0097,1.2870,0.8438
-0.0383,-7.2809,1.8394,0.1226,1.3926,0.6180
-1.8777,-6.2462,1.7627,0.0753,1.3659,0.4820
-2.4525,-6.2079,1.6861,-0.0947,1.2530,0.4310
-2.4525,-6.7827,2.4142,-0.1906,1.1304,0.4152
-1.8777,-8.3155,2.9123,-0.2902,1.0381,0.3072
-1.4179,-9.0053,3.3339,-0.1518,1.0806,0.1105
-0.5748,-8.9670,3.6021,0.2890,1.1000,-0.0923
0.3449,-9.7334,5.3648,0.8135,1.3380,-0.1736
0.6514,-10.1932,2.7207,0.7868,1.4922,-0.3290
-0.3832,-9.5034,2.1076,0.2137,1.4776,-0.3023
-4.1769,-8.8137,2.3759,-0.1591,0.9033,-0.0231
-7.3192,-11.6111,4.5218,-0.7892,0.8171,0.4140
-7.4725,-12.5691,4.9050,-0.3752,0.3922,0.6569
-4.2152,-13.6037,3.0273,-0.3509,-0.0146,0.7455
-0.3832,-15.8263,1.3029,-0.4772,-0.0959,0.7576
1.1879,-16.2478,0.0383,-0.4905,0.2343,0.8778
1.9543,-13.8720,-4.1386,0.1542,0.0182,1.0393

