-.-.-
6.9743,-27.4757,0.0383,-0.8560,2.9577,-0.5136
0.6898,-16.7077,0.6898,0.5986,2.8180,-0.2623
0.9963,-16.1712,-7.5108,-0.0304,2.3020,0.8572
-4.2536,-14.0252,2.3375,-2.2486,1.2979,0.8450
-5.5948,-23.7969,4.7134,-4.9003,1.2846,1.6197
-8.0473,-29.7749,12.3008,-4.0261,0.1748,2.2413
-5.9780,-23.4904,4.1769,0.1044,-0.2878,2.8860
4.6751,-13.3738,-4.0620,1.2056,-0.2416,3.6922
6.7827,-9.3502,-0.6898,-0.8365,-0.1542,1.8795
0.2299,1.7627,-0.1533,-0.0061,-0.8135,0.7649
-6.8210,6.5911,-6.0546,-0.9507,-0.8317,0.1056
-1.3795,-1.7244,-2.9123,-1.3805,-0.9616,-0.3120
0.0000,-10.8830,3.2572,0.2659,-0.4140,-0.6229
-3.6021,-4.9050,2.3759,3.1094,-0.7953,-0.6301
-3.9087,1.6861,-9.0819,4.2325,-1.4958,-0.3108
1.8394,6.3612,-11.7260,3.5574,-1.5808,0.0352
-1.1879,1.8777,-4.9433,1.3501,-1.5893,0.3230
-11.1129,-5.3648,-7.7407,-0.3011,-2.3057,1.2348
2.7974,-24.3334,-2.7207,-4.4389,-2.1162,2.3797
2.5675,-25.3680,4.4068,-1.0223,-1.7520,0.7528
-5.2116,-17.0525,-7.9323,-0.3630,-1.7909,-2.1272
-4.8284,-13.7187,-0.1533,-1.2481,-0.5051,-1.0879
-3.7171,-24.6783,7.5874,-3.4008,-1.0988,-1.9256
5.9396,-28.2038,7.8940,-0.9992,-1.0684,-2.7852
10.5381,-16.1712,0.6131,0.9750,-0.2368,-3.5623
4.8284,-10.4614,-2.5675,0.0255,0.4492,-3.5089
-5.3648,-2.7974,-5.0583,1.0260,0.6362,-3.2952
-5.3265,-0.5748,-2.2609,-1.0332,0.5536,-1.6889
-0.2299,0.3449,-2.2609,-1.0709,-0.2659,-0.8511
1.1113,-3.7937,-1.4562,-0.1056,-0.2513,0.3922
3.9470,-2.2226,2.6441,2.2146,0.1858,1.0369
6.3612,0.4215,1.3412,3.2272,0.9458,0.6823
6.3612,2.1076,-8.5454,2.4902,1.8601,-0.1566
-2.9123,-1.3412,-7.3192,1.0357,1.5529,-0.5063
-1.2646,-3.1039,-1.1496,1.1886,1.4133,-0.1676
1.6095,-6.2462,-0.6131,0.3096,2.3142,-0.4286
12.2242,-19.1218,-16.3628,-1.8455,1.9827,-0.1967
5.2116,-19.7733,4.9050,-1.2263,1.7775,-0.2355
-3.0656,-28.3187,-0.3449,-2.7440,1.8868,0.7054
-2.5675,-17.9722,4.7134,-0.9992,1.0745,1.7532
-1.0730,-16.6310,4.4452,-2.4149,0.8888,2.3190
-0.4982,-19.8116,4.5601,-2.5618,0.4517,3.3316
-4.1003,-18.1255,7.3575,-0.6641,0.2732,3.4409
0.5748,-13.4121,-2.1843,-0.1396,-0.1008,2.9273
0.3832,-3.5638,-0.8814,0.2659,-0.2999,1.5395
-2.7974,3.7171,-3.4871,-0.0437,-1.0102,0.4274
-2.9123,0.9963,-3.4871,-0.7892,-0.7843,-0.2890
-1.0346,-4.0236,-2.0310,-0.0437,-0.7418,-0.2914
1.9543,-6.2079,2.9123,1.7314,-0.4662,-0.2003
0.9963,-1.3029,0.5748,3.2199,-0.3120,-0.4019
-0.0383,6.0929,-7.8940,2.8848,-0.8596,0.1554
-1.1113,4.7134,-8.4305,1.2299,-0.7880,0.2161
-4.6368,-6.0929,0.1150,0.1117,-1.3598,0.5087
-15.7880,-8.3155,-7.3575,0.1688,-1.8576,0.9397
-1.6478,-30.0431,-10.4231,-3.7930,-1.6027,1.7265
-1.4945,-26.3261,3.4871,-1.0527,-1.7714,-0.4116
1.4945,-21.2678,-6.5911,-0.9215,-1.6889,-1.5468
-1.3029,-14.9066,-0.5748,-0.2125,-0.0243,-1.5347
-2.0310,-20.3864,4.4835,-2.6990,-0.8147,-2.6808
3.8320,-23.7203,4.3685,-1.4011,-0.9519,-3.4907
4.9050,-13.0289,0.1916,0.5743,-0.1712,-3.7578
3.2955,-12.6074,-0.9963,-0.7625,-0.0231,-2.4283
-3.1806,-6.4761,-1.0346,0.6860,0.1238,-2.1685
-7.0126,0.5748,-0.6514,0.7977,-0.1433,-1.3586
-1.8777,7.3192,-2.0310,0.7467,-0.3485,-0.3254
1.7627,-0.2299,3.5638,0.2173,-0.0134,0.7163
4.4835,-3.1423,3.1423,2.0944,-0.2805,0.7042
5.6331,-1.9927,-4.7900,2.6808,0.3120,0.1506
5.1349,-0.3832,-7.7024,2.1417,1.6391,-0.4055
6.8210,1.1879,-3.8320,1.9305,1.7726,-0.8645
1.9927,-0.9197,1.5711,1.1534,2.3651,-0.6593
4.0236,-6.7444,-13.9486,-1.0976,3.1458,-0.6981
9.2352,-25.1764,0.3832,-2.5376,1.8843,-0.3667
-4.9816,-32.3807,3.5255,-2.7233,1.4157,0.6411
-6.0546,-23.1071,1.4562,-0.4820,1.4327,1.1097
-0.1916,-14.2168,1.9160,-0.2610,0.7758,2.2559
-0.4982,-18.3171,3.9470,-3.3292,0.5901,2.5655
-1.7627,-21.9959,7.5491,-2.6420,0.3485,2.9297
2.6058,-16.2478,0.9197,0.6471,0.1882,3.7311
0.9963,-7.6641,-0.8047,-0.4116,0.4699,2.1466
-0.1916,-0.9580,0.3066,-0.5719,-0.3557,0.9859
-3.9087,2.6824,-3.1423,-0.7030,-0.5184,0.0850
-1.7244,-0.0766,-0.4215,-0.4165,-0.8936,-0.5840
-1.3412,-5.5181,2.9507,0.8803,-0.4674,-0.6714
-1.7627,-3.4871,2.2226,2.5958,-0.3400,-0.4893
-2.1459,-1.2263,-5.5948,3.0961,-0.8110,-0.3145
1.5711,2.7591,-9.2352,3.1543,-1.2214,0.1906
-1.2263,2.9890,-5.3265,1.8079,-0.7576,0.1238
-5.1732,-2.8740,-2.4908,0.4735,-1.5966,0.9616
-8.8137,-8.8137,-14.1402,-0.9373,-1.7909,1.3198
-2.5675,-23.9119,10.3082,-3.3061,-0.7710,2.0300
-2.6058,-22.3024,-6.9360,-1.0818,-2.2292,-0.6969
-0.8430,-19.4667,-4.1769,-1.2918,-1.7726,-1.4460
-3.5255,-20.1182,3.7171,-1.4885,-0.6751,-1.3841
1.6478,-26.0578,8.6604,-2.2789,-1.2748,-2.6031
11.1512,-24.5250,5.0966,-0.1263,-0.8280,-3.0487
8.0856,-14.6767,0.3832,1.4558,0.4165,-3.9277
0.0383,-11.1895,1.6861,0.4978,1.1984,-3.6546
-5.4415,-3.4871,-5.4798,0.8463,0.8863,-2.7767
-5.4798,2.3375,-1.7627,-0.7139,0.9580,-1.6270
-0.1533,2.5675,-1.6861,-0.6690,0.3217,-0.3764
1.9543,-6.4761,3.5255,0.2355,0.3788,0.5791
4.4452,-3.4488,3.9470,2.4198,0.5197,0.8317
7.2809,0.0000,-3.4871,3.0038,1.2712,0.5694
4.4068,1.1113,-11.3045,1.8686,1.8200,-0.2744
-0.8430,-0.4982,-4.7900,1.4060,1.6694,-0.4383
8.0473,-5.9013,-6.3995,0.6362,2.3105,-0.3363
6.6294,-24.3717,1.4945,-2.2619,2.8824,-1.0502
1.8394,-10.2315,2.3375,-0.3861,1.8079,-0.1081
1.7244,-16.0945,-8.3921,-3.3122,1.3768,1.8467
-0.9580,-19.9266,2.2609,-3.4312,0.5524,0.7176
-0.3066,-26.0578,6.2079,-4.3758,0.3047,1.8977
-3.6787,-28.2421,9.7334,-2.6310,0.1457,2.7464
-4.3302,-17.7423,4.0236,0.6520,0.0886,3.5380
3.1039,-10.0782,-3.9470,1.0733,0.0813,4.4401
6.7061,-10.0016,-1.1496,-1.1146,0.1518,1.9827
1.0346,1.5328,-2.4142,-0.3315,-0.4832,0.5099
-8.2005,5.1349,-5.0966,-0.7066,-0.4359,-0.2416
0.0383,-2.9890,-1.8777,-0.4820,-0.6702,-0.4687
-0.3066,-7.1276,4.5984,1.4813,-0.3412,-0.4857
-0.6514,-2.3375,2.1459,3.0997,-0.2404,-0.3582
-2.2226,2.1076,-8.3538,2.8205,-1.1680,-0.0219
0.4982,3.7171,-8.2005,1.8576,-1.3343,0.0061
-2.7207,-1.3412,-1.3029,0.6046,-1.4242,0.0935
-11.4195,-5.8247,3.4871,0.4456,-1.7775,0.8025
-11.8793,-15.2515,-29.1234,-3.1750,-3.3134,0.8402
1.3029,-33.4153,11.4195,-2.3724,-0.5124,1.4764
1.3412,-26.7093,-6.5528,-1.2761,-2.9091,-1.5602

