-.-.-
8.8903,-2.8740,6.0546,0.0498,-0.2890,-0.0279
7.8940,-1.2646,4.8667,0.2756,-0.4480,-0.2040
6.9743,-1.4179,5.4798,0.1396,-0.7261,-0.1481
7.7407,-1.5711,5.6331,0.3072,-1.0090,-0.0109
7.9706,-1.7244,5.2499,0.3582,-1.1510,0.0243
8.5838,-2.2992,4.6751,0.2440,-1.3113,0.0194
8.6604,-1.9543,3.4105,0.1251,-1.3246,-0.0898
7.7790,-1.8394,3.1423,0.0971,-1.4983,-0.2902
8.0856,-1.2646,2.2609,0.1032,-1.5359,-0.3254
10.0016,-1.3029,2.1076,0.0389,-1.3987,-0.2574
10.8830,-1.4562,1.1879,-0.0073,-1.2967,-0.2550
10.8063,-1.3412,1.3412,-0.0352,-1.1194,-0.3205
10.4614,-1.8011,1.5328,0.0328,-0.8487,-0.3254
10.0016,-2.1843,1.4945,0.1081,-0.6229,-0.1967
9.7717,-2.3759,1.3029,0.1663,-0.5354,-0.0328
9.6567,-2.2992,0.9580,0.2125,-0.5342,0.0838
10.0016,-2.3375,0.7664,0.2465,-0.5330,0.1214
9.7717,-2.0693,0.6514,0.2902,-0.5027,0.0728
9.7334,-1.8011,0.6514,0.3047,-0.5124,0.0073
9.6567,-1.7627,0.7664,0.2003,-0.5002,-0.0631
9.6567,-1.8011,0.8814,0.0571,-0.5136,-0.1068
9.8100,-1.6478,0.6514,-0.0546,-0.4796,-0.0947
9.9633,-1.6095,0.7664,-0.1008,-0.3752,-0.0559
10.2315,-1.6095,0.5365,-0.0874,-0.2623,-0.0243
10.1549,-1.7627,0.4215,-0.0643,-0.1639,-0.0073
10.0016,-1.9927,0.3832,-0.0352,-0.0571,0.0012
9.7717,-1.7244,0.3449,0.0134,0.0121,0.0170
9.8100,-1.7627,0.4598,0.0219,0.0291,0.0206
9.8100,-1.5328,0.4215,0.0255,0.0401,-0.0073
9.8483,-1.4179,0.5365,0.0024,0.0801,-0.0376
9.8100,-1.4179,0.6898,-0.0134,0.1336,-0.0279
9.8100,-1.6478,0.6898,-0.0243,0.1457,-0.0073
9.7334,-1.5711,0.7664,-0.0328,0.1578,0.0036
9.7334,-1.6861,0.8047,-0.0328,0.1688,0.0182
9.6567,-1.7244,0.7664,-0.0279,0.1724,0.0219
9.6950,-1.6478,0.9197,-0.0219,0.1603,0.0231
9.6950,-1.7627,0.9197,-0.0206,0.1542,0.0194
9.6950,-1.7627,0.9197,-0.0121,0.1493,0.0134
9.6567,-1.7627,0.9580,0.0279,0.1360,0.0134
9.6184,-1.7627,0.9963,0.0376,0.1153,0.0049
9.5801,-1.8777,0.9963,0.0461,0.0898,0.0012
9.4651,-1.7627,1.3412,0.0510,0.0716,-0.0024
9.6567,-1.8394,1.2646,0.0437,0.0534,-0.0158
9.5034,-1.8394,1.0730,0.0522,0.0328,-0.0194
9.6567,-1.8011,1.0346,0.0522,0.0206,-0.0121
9.5034,-1.7244,1.0346,0.0510,0.0049,-0.0109
9.6567,-1.7244,1.0346,0.0583,-0.0134,-0.0049
9.6184,-1.6861,1.0346,0.0449,-0.0304,-0.0049
9.6184,-1.7244,0.8814,0.0498,-0.0340,-0.0024
9.6184,-1.6478,0.9197,0.0534,-0.0364,-0.0061
9.8483,-1.8394,0.8430,0.0619,-0.0243,-0.0049
9.6950,-1.8394,0.9197,0.0534,-0.0206,-0.0036
9.6184,-1.8011,0.8814,0.0510,-0.0182,-0.0049
9.6567,-1.8777,0.7281,0.0643,-0.0012,0.0036
9.6950,-1.7627,0.8814,0.0680,0.0036,0.0036
9.7334,-1.7627,0.8814,0.0777,0.0036,-0.0073
9.7717,-1.6861,0.9580,0.0789,0.0073,-0.0121
9.7334,-1.7244,0.8814,0.0728,0.0109,-0.0121
9.6184,-1.6861,0.9197,0.0619,0.0219,-0.0146
9.6950,-1.7244,0.8047,0.0559,0.0304,-0.0109
9.5801,-1.7627,0.9197,0.0583,0.0328,-0.0109
9.6950,-1.7244,0.9963,0.0643,0.0304,-0.0097
9.6567,-1.8011,0.9580,0.0607,0.0255,-0.0121
9.6950,-1.6861,0.9197,0.0546,0.0267,-0.0109
9.6184,-1.7244,0.8430,0.0595,0.0267,-0.0146
9.6184,-1.7627,0.9197,0.0631,0.0279,-0.0134
9.6184,-1.7244,0.9580,0.0704,0.0328,-0.0121
9.6567,-1.8394,0.8814,0.0741,0.0376,-0.0158
9.9250,-2.1076,1.1496,0.0801,0.0389,-0.0219
9.6184,-1.8011,0.9197,0.0765,0.0316,-0.0219
9.6950,-1.7244,0.9963,0.0801,0.0243,-0.0243
9.6950,-1.8011,0.9580,0.0765,0.0194,-0.0170
9.6950,-1.6478,0.8047,0.0741,0.0158,-0.0109
9.6184,-1.6478,0.8430,0.0813,0.0134,-0.0158
9.6950,-1.6478,0.8814,0.0789,0.0194,-0.0158
9.5801,-1.7627,1.0346,0.0777,0.0194,-0.0158
9.6567,-1.6478,0.9197,0.0716,0.0085,-0.0243
9.6567,-1.7627,0.9963,0.0607,0.0024,-0.0231
9.6567,-1.6861,0.9197,0.0716,-0.0012,-0.0219
9.6950,-1.7244,0.8814,0.0716,0.0024,-0.0170
9.6950,-1.7244,0.8430,0.0789,0.0134,-0.0170
9.6184,-1.6861,0.8814,0.0789,0.0158,-0.0134
9.6184,-1.6095,1.0346,0.0668,0.0158,-0.0097
9.6567,-1.6861,0.8814,0.0546,0.0146,-0.0146
9.6950,-1.6861,0.9580,0.0534,0.0231,-0.0146
9.6567,-1.8394,0.9580,0.0595,0.0316,-0.0170
9.7334,-1.7244,0.8430,0.0643,0.0364,-0.0097
9.6184,-1.7244,0.8814,0.0607,0.0340,-0.0036
9.7717,-1.8011,1.1496,0.0656,0.0267,-0.0024
9.5801,-1.8011,0.9580,0.0643,0.0219,-0.0024
9.5801,-1.8011,1.1496,0.0595,0.0219,-0.0097
9.6567,-1.8011,0.8814,0.0510,0.0206,-0.0073
9.6184,-1.5328,0.8814,0.0474,0.0158,-0.0073
9.6950,-1.8011,0.8047,0.0583,0.0219,-0.0085
9.6184,-1.7244,0.9963,0.0680,0.0194,-0.0134
9.6567,-1.6478,0.9963,0.0668,0.0121,-0.0134
9.6950,-1.8011,0.9197,0.0546,0.0061,-0.0134
9.6184,-1.7627,1.0730,0.0559,0.0024,-0.0109
9.6567,-1.7244,0.9197,0.0571,0.0000,-0.0085
9.6950,-1.7627,0.9197,0.0583,-0.0036,-0.0158
9.5801,-1.7627,0.9963,0.0559,-0.0036,-0.0194
9.6950,-1.6478,0.9963,0.0559,0.0036,-0.0158
9.6950,-1.7627,0.9197,0.0607,0.0097,-0.0097
9.6950,-1.7244,0.8430,0.0607,0.0085,-0.0134
9.7334,-1.6478,0.8814,0.0510,0.0109,-0.0121
9.7334,-1.7244,0.9580,0.0413,0.0109,-0.0134
9.8483,-1.7627,0.9580,0.0425,0.0170,-0.0146
9.6567,-1.7244,0.6898,0.0474,0.0206,-0.0097
9.6950,-1.7627,0.8814,0.0486,0.0219,-0.0097
9.6567,-1.7244,0.9580,0.0559,0.0206,-0.0097
9.6950,-1.7627,0.8430,0.0522,0.0255,-0.0109
9.6567,-1.8011,0.9197,0.0401,0.0219,-0.0109
9.6950,-1.7627,0.9197,0.0316,0.0170,-0.0267
10.2315,-1.3412,0.7281,-0.0012,0.0461,-0.0170
10.3848,-1.5328,0.8047,-0.0486,0.0631,0.0109
10.8063,-2.3375,-0.3066,-0.0401,0.1214,0.0049
8.4688,-2.8357,-0.3449,-0.1736,0.0850,-0.0085
8.6987,-4.0620,0.2299,-0.1299,0.1032,0.1141
8.8903,-4.0236,0.3449,0.1117,0.0668,0.1639
9.5801,-3.6021,0.8047,0.2513,-0.0291,0.1469
10.1549,-2.2609,1.3029,0.2222,-0.0801,0.1979
9.8483,-0.5365,2.1459,0.0340,-0.2805,0.2270
9.3885,-0.0766,3.1423,-0.2817,-0.3655,0.4383
8.2389,1.6095,3.0273,-0.3230,-0.3072,0.6581
10.1166,1.9927,2.4908,-0.3545,-0.2015,0.7248
10.9979,1.8394,3.7171,-0.3703,-0.1930,0.7637
9.5801,1.3795,4.4452,-0.5002,-0.2878,0.7686
8.6604,0.2682,4.1003,-0.3545,-0.3958,0.8681

