-.-.-
1.3412,-9.0819,-2.6441,-0.2052,-0.6605,0.8123
1.4945,-9.6184,-2.1459,-0.5731,-0.6071,0.8123
1.5328,-10.3848,-2.1076,-0.7783,-0.5488,0.8086
0.8430,-10.6530,-1.9543,-0.6969,-0.3703,0.7443
0.7281,-9.9633,-1.6478,-0.3970,-0.1566,0.6022
0.8430,-9.1202,-1.7244,-0.1918,0.0194,0.4541
0.7664,-8.0473,-1.7627,-0.2040,0.0546,0.3958
0.3832,-7.4341,-1.5328,-0.2744,0.0279,0.4395
-0.4598,-7.2042,-1.1113,-0.3642,-0.0097,0.5573
-0.5748,-7.7790,-1.0346,-0.3132,0.0267,0.6605
-0.7664,-7.9323,-1.2263,-0.1372,0.1688,0.6556
-0.8814,-8.0856,-1.6478,-0.0376,0.3424,0.5828
-0.7281,-8.1239,-1.9160,-0.0571,0.4687,0.4541
-0.7664,-7.9706,-2.1843,-0.1153,0.5354,0.2914
-0.5748,-8.1622,-1.9927,-0.1153,0.4322,0.2380
-0.5365,-8.5071,-1.9927,0.0146,0.3582,0.2793
-1.1113,-8.7370,-2.0310,0.1396,0.3788,0.3302
-1.6478,-9.1586,-1.8011,0.2015,0.4492,0.3485
-2.0693,-9.3885,-1.3412,0.2562,0.4395,0.3934
-2.2992,-9.6184,-0.9963,0.2756,0.3460,0.4492
-2.3759,-9.8483,-0.8814,0.2647,0.2453,0.5124
-2.0693,-10.3082,-0.8430,0.3230,0.1506,0.5136
-1.8777,-10.2315,-0.7281,0.4577,0.0911,0.4674
-1.5328,-9.8483,-0.9197,0.5731,0.1554,0.3667
-1.1113,-8.9286,-0.9580,0.5512,0.2319,0.2428
-0.6131,-8.2772,-1.2646,0.3436,0.2683,0.1433
-0.4215,-8.4305,-0.9197,0.1360,0.3327,0.0935
-0.9963,-8.5454,-0.4982,0.1761,0.3982,0.0923
-1.9160,-8.7754,-0.3449,0.3460,0.4104,0.1105
-1.9543,-9.0819,-0.3449,0.4565,0.3715,0.1093
-2.3375,-9.2735,-0.1533,0.4529,0.3691,0.0680
-2.1843,-9.4651,0.3066,0.3691,0.3922,-0.0267
-2.0310,-9.2735,0.3066,0.3375,0.4747,-0.1190
-1.7627,-8.8903,0.1533,0.3047,0.4492,-0.1700
-1.4179,-8.5838,0.1916,0.1736,0.3837,-0.1663
-1.3795,-8.6987,0.1916,0.0121,0.4298,-0.1506
-2.1843,-8.5454,-0.4598,-0.1506,0.4371,-0.1408
-2.6824,-8.3921,-0.6898,-0.2137,0.3193,-0.0631
-2.8357,-9.3118,-0.3832,-0.1748,0.3266,0.0449
-2.9890,-10.1932,0.3066,-0.0607,0.3169,0.0668
-3.1039,-11.1512,0.9197,0.1845,0.2501,0.0158
-2.7591,-12.1092,0.9580,0.4092,0.1712,-0.0425
-1.9927,-12.7223,0.1916,0.4225,0.1506,-0.0996
-0.9963,-13.9486,-0.2682,0.1955,0.2380,-0.1748
-1.1496,-14.4084,-0.4215,-0.0838,0.3897,-0.1906
-1.6095,-14.2168,-0.1533,-0.2890,0.4517,-0.2052
-2.1076,-13.6420,0.1916,-0.2902,0.4990,-0.2598
-2.4142,-12.4541,-0.8430,-0.2246,0.5282,-0.3108
-2.1076,-11.4195,-1.9927,-0.4274,0.5743,-0.3618
-1.7244,-10.4614,-2.2992,-0.6726,0.6617,-0.4055
-0.6131,-9.8866,-2.0310,-0.5791,0.7200,-0.4395
0.3066,-9.3885,-1.6478,-0.2295,0.7758,-0.4990
0.7281,-8.8137,-1.6478,0.1688,0.7795,-0.5403
0.0766,-8.4305,-1.8011,0.2477,0.7649,-0.5755
-0.4598,-8.0856,-1.9543,0.0085,0.6690,-0.5852
-0.4215,-8.5454,-2.1459,-0.1761,0.6678,-0.5136
-0.4598,-9.0436,-1.6861,-0.1263,0.8353,-0.4407
-0.7664,-9.0053,-1.4179,0.0316,0.9895,-0.3509
-0.4598,-8.5838,-1.3412,0.2295,1.1194,-0.2635
0.1150,-7.8557,-1.5328,0.4165,1.2469,-0.2465
0.4598,-7.4725,-1.5711,0.5670,1.2603,-0.2938
0.3449,-7.6641,-1.6861,0.5512,1.1814,-0.3533
0.4598,-8.0089,-1.4562,0.3837,1.0891,-0.3800
0.3066,-8.5454,-0.9197,0.2865,1.2056,-0.3618
-0.0766,-8.9286,-0.3832,0.3047,1.3356,-0.2987
-0.4215,-9.0819,-0.4215,0.3472,1.3149,-0.2100
-0.6131,-9.2352,-0.4215,0.3533,1.2287,-0.1773
-0.5365,-9.1586,-0.3066,0.3327,1.1449,-0.2343
-0.1533,-9.1586,-0.3066,0.2756,1.0782,-0.3339
0.3832,-8.9670,-0.2299,0.2331,1.0223,-0.4286
0.4598,-8.5838,-0.1916,0.2015,0.9337,-0.4638
0.7664,-8.3921,-0.1533,0.1785,0.8766,-0.4456
0.8814,-8.2772,-0.2682,0.1238,0.8912,-0.3764
0.7281,-8.8903,0.3066,0.0534,0.8596,-0.2246
0.5365,-9.3502,0.7281,0.1214,0.8062,-0.0631
0.3832,-9.4268,0.4215,0.3047,0.8244,0.0559
0.2682,-9.2735,0.6514,0.4274,0.8499,0.1287
-0.1533,-8.6987,1.1879,0.4359,0.8790,0.1336
-0.0383,-9.3502,1.2646,0.3764,0.8839,0.0898
0.1150,-9.6184,1.2646,0.3922,0.8317,0.0389
-0.0383,-9.5801,1.1113,0.4954,0.7880,0.0158
-0.1916,-9.5034,1.2646,0.5403,0.7819,-0.0049
-0.1533,-9.3502,1.5711,0.5536,0.8378,-0.0461
0.0766,-9.4651,1.2263,0.5609,0.9045,-0.1408
0.2682,-9.6184,0.8047,0.4067,0.9155,-0.2574
0.3449,-9.7717,0.3066,0.1372,0.9240,-0.3922
0.2299,-9.8483,0.0383,-0.0206,0.8790,-0.5014
0.1150,-9.8100,-0.3449,-0.1117,0.7892,-0.5002
0.1150,-9.4651,-0.4598,-0.2088,0.6520,-0.3727
-0.6131,-9.5034,-0.4215,-0.3339,0.4274,-0.1591
-1.1496,-10.1166,-0.1533,-0.3910,0.3035,0.0291
-0.7664,-10.8830,-0.1533,-0.2149,0.3351,0.1396
-0.0766,-10.8446,-0.1916,0.0219,0.5014,0.1348
0.7281,-10.0016,-0.0383,0.2210,0.5852,0.0486
0.8430,-9.1202,-0.1150,0.2343,0.6386,-0.0789
0.9197,-8.6987,0.0383,0.1481,0.6666,-0.1882
0.4598,-8.1239,0.1533,0.0364,0.7540,-0.2258
-0.4215,-8.5838,0.3066,-0.1663,0.9264,-0.1712
-0.9580,-9.6950,0.8047,-0.2963,1.1959,-0.0862
-1.4179,-10.6147,1.0346,-0.1299,1.4327,-0.0376
-1.3412,-10.7680,0.8047,0.0316,1.5128,-0.0073
-0.6131,-10.3082,0.3832,0.0546,1.5140,-0.0194
-0.2299,-9.6567,0.3449,-0.0073,1.5395,-0.1032
-0.0383,-9.2352,0.2299,-0.0401,1.6403,-0.2028
0.0383,-8.3921,0.0000,-0.0012,1.7921,-0.2683
-0.3449,-8.4688,-0.0766,-0.0619,1.9244,-0.2926
-0.5748,-8.3921,0.0000,-0.0935,2.0373,-0.2671
-0.7281,-8.6604,0.1150,-0.0765,2.2085,-0.2319
-0.6898,-9.0819,-0.1150,-0.0959,2.4174,-0.2440
-0.6898,-9.4651,0.0383,-0.0874,2.5036,-0.2853
-1.1113,-9.8483,0.1533,0.0316,2.4344,-0.3485
-1.8011,-10.0782,0.2682,0.2489,2.3324,-0.4444
-2.1459,-9.5418,0.0766,0.5027,2.3299,-0.6095
-1.8011,-8.8903,0.1916,0.6690,2.4052,-0.8195
-1.2263,-8.3538,0.3449,0.5913,2.5764,-1.0053
-0.9580,-8.6604,0.4982,0.4249,2.7573,-1.0867
-0.5748,-9.5801,0.1533,0.2453,2.8047,-1.0490
-0.1533,-10.9596,-0.4215,0.0291,2.8192,-0.9871
0.4982,-12.2242,-0.5748,-0.1433,2.6505,-0.7443
-0.5365,-11.7260,0.6514,-0.0789,2.4210,-0.4869
-0.4982,-9.9633,1.3795,0.5087,2.0215,-0.3412
0.1916,-8.7370,0.9580,0.8341,1.9487,-0.4674
0.8430,-8.2005,0.0383,0.5743,2.0895,-0.6884
1.6861,-8.3921,0.3449,-0.0097,2.1842,-0.9215
1.9160,-9.1969,0.3066,-0.2380,2.2729,-1.0490
1.6861,-10.0782,0.8047,-0.1882,2.2025,-1.0053
1.0730,-10.9213,0.7664,0.0340,2.0373,-0.8256
1.0730,-10.6530,0.9197,0.3145,1.9730,-0.7370

