-.-.-
5.7864,-18.7003,4.6751,0.1566,0.3545,-0.9555
-2.0310,-11.0363,1.9160,0.3387,0.5184,-1.6197
-6.5145,-8.5838,1.9543,-0.4565,1.0065,-1.5869
-9.7717,-14.4851,5.6331,-1.2518,0.8997,-1.3683
-2.1076,-17.1675,6.0929,-0.6799,0.0886,-1.4776
6.5911,-13.9869,1.6095,-0.3812,-0.0340,-1.6488
1.9160,-9.5801,3.5255,-0.6860,0.3934,-1.9657
-2.6058,-1.6861,1.1879,-0.8463,-0.0935,-2.1685
-2.7974,-0.1533,1.1113,-0.7564,0.1578,-1.4145
1.2263,-1.3412,0.5365,-0.2926,0.1712,-0.4444
3.9087,-2.5291,1.8394,0.5974,0.3217,0.1712
4.1386,-3.1039,0.3449,0.9725,0.4942,0.5791
1.2646,-1.3029,-0.3449,1.7447,0.6107,1.0733
2.3375,-0.4982,-3.2955,2.3761,0.8693,1.3732
9.3118,-7.5874,-16.5544,0.3424,1.9147,0.7224
1.0730,-30.3114,10.1932,-1.8637,2.2607,-0.4650
3.4105,-25.2531,7.3958,-0.4869,1.0794,-1.7629
-11.0363,-16.0945,-3.6021,1.1462,1.1486,-0.9070
-8.6987,-8.4305,2.6441,1.4667,0.7006,0.2355
-3.7171,-9.5418,3.9087,-1.0782,0.7018,1.3744
0.1533,-17.8573,4.8667,-2.1976,0.1845,1.8212
2.3759,-22.4174,6.8593,-1.3926,-0.1979,1.2870
1.2646,-17.0142,6.4761,-0.1736,-0.2125,1.2494
-5.2116,-10.7297,3.3722,0.4990,-0.1117,1.5553
-5.0583,-6.8593,1.3795,-0.5561,-0.3934,1.4278
-0.0383,-3.7171,0.7281,-0.7588,-0.3910,1.2081
0.9580,-0.5748,0.2299,-0.7285,-0.1773,0.4517
-0.2299,-2.2992,1.0730,0.0765,-0.0765,-0.2173
-2.1076,-3.6021,0.6131,0.3679,-0.3315,-0.1785
-1.1879,-4.4452,-1.4945,0.8353,-0.5889,-0.2234
0.0383,-3.0273,-1.1113,1.7435,-0.5354,-0.5609
0.0000,-1.1113,-1.8777,2.2377,-0.8548,-0.4796
-6.1696,-2.9507,-8.8520,0.9580,-1.0842,0.3145
-0.1150,-19.2368,-11.3045,-3.0791,-1.1607,1.8285
-3.0656,-24.4867,13.2588,-1.0077,0.6520,2.2959
9.7717,-18.8153,2.5675,1.3853,-0.7673,1.3756
9.3885,-17.4357,3.2955,0.6192,0.7103,-0.5925
2.9507,-13.5654,2.4908,0.3825,1.0478,-1.6051
-3.3722,-14.0252,3.5255,-0.9689,1.4558,-1.7047
-9.6567,-17.3591,5.9013,-1.0053,1.6160,-1.7119
-8.0856,-19.6583,7.0893,-0.5391,0.8450,-1.6998
0.9963,-13.8720,3.3722,0.2865,0.3230,-2.0276
2.4908,-8.2389,3.7554,-0.7503,0.4080,-2.0823
0.3066,-4.7517,2.9890,-1.5055,0.1226,-2.1114
-1.7244,-2.0693,1.3412,-1.1704,0.0765,-1.6646
0.0766,-1.8777,0.9197,-0.4747,0.4492,-0.6993
2.5291,-2.0693,1.4945,0.3618,0.4905,-0.0036
3.1806,-2.3759,-0.5748,0.7200,0.5670,0.3752
0.3066,-1.4945,-1.8777,1.2348,0.6763,0.8013
0.0000,0.8814,-1.0346,2.1915,0.7649,1.1182
5.6714,-3.1806,-7.6641,1.4922,0.9155,1.0102
6.7827,-16.5544,-10.5381,-1.4521,2.1187,-0.1153
4.0236,-26.8625,13.8720,-0.6751,0.9470,-1.4242
-1.6478,-16.8226,1.7627,-0.0571,1.7751,-1.5796
-9.1586,-13.0672,-2.0310,1.1097,0.8499,-0.0328
-7.0509,-9.5418,4.8284,0.2708,0.5804,0.9519
-3.3722,-14.6767,5.0583,-1.7520,0.3509,1.7168
-0.3832,-21.8043,5.9013,-2.1090,-0.2404,1.6342
0.8047,-22.7239,6.8977,-0.9312,-0.6204,1.3173
-2.2609,-15.4814,5.9780,0.4347,-0.4007,1.3404
-4.0620,-12.1475,3.0656,0.0801,-0.6034,1.4351
-0.6514,-7.7024,2.7974,-0.3703,-0.6411,1.2251
0.8047,0.4215,-0.4982,-0.1372,-0.5112,0.6447
0.1916,2.9123,1.9543,-0.7273,-0.2137,0.0024
-2.4908,-1.8394,1.9927,-0.1882,-0.1421,-0.3230
-3.1806,-3.6787,-2.0693,0.1773,-0.4213,-0.2708
-0.4982,-4.7900,-1.6861,0.4796,-0.5658,-0.5148
2.1459,-3.9470,0.6131,1.5262,-0.6605,-0.8244
-2.2609,-3.0656,-3.0656,2.1927,-1.0490,-0.4419
-5.2499,-8.7754,-18.3938,-0.3072,-1.6136,1.0272
-2.2609,-27.7439,3.1806,-2.5521,-0.2683,2.7670
-2.9890,-16.4777,9.5418,1.5626,-1.2991,1.9985
10.1549,-15.7113,-3.4488,0.5112,-0.9628,0.7176
8.2772,-14.9066,4.2919,0.2331,0.5585,-1.0272
2.6058,-15.0216,1.8394,-0.6411,0.8511,-1.6779
-3.7171,-16.7077,3.8704,-0.7649,1.1073,-1.6864
-9.5034,-18.4321,5.5181,-0.5828,1.1704,-1.6112
-6.3229,-16.9759,5.2499,0.1056,0.3217,-1.5638
1.7244,-12.6074,1.8011,0.5039,-0.0911,-1.8212
2.4525,-8.5071,2.6058,-0.9300,0.1044,-2.0968
-0.6898,-3.2572,2.1459,-1.3016,0.1251,-2.2219
-1.9927,-1.0730,2.5291,-0.7479,0.0862,-1.8589
0.3449,0.7281,-0.8430,-0.3557,-0.0838,-0.9810
3.8704,-1.3795,0.4982,-0.2950,0.5063,-0.2999
4.5984,-4.9050,2.1843,0.3861,0.7661,0.1651
2.2992,-2.6058,-2.1843,1.5772,0.5986,0.6617
1.1879,0.0000,-2.7591,2.5084,0.8888,1.0867
7.0126,-5.1349,-9.5034,1.6415,1.5517,0.9009
6.0163,-21.8426,-4.7134,-1.3064,2.7585,-0.0146
2.8740,-26.5560,11.6111,-0.5670,0.7382,-1.7969
-7.3958,-17.7423,-0.1150,0.1845,1.4388,-1.2651
-12.4924,-10.7297,0.3449,1.8066,0.2416,0.0340
-6.3229,-8.9286,2.6441,-0.0546,-0.2137,1.1255
-2.4525,-16.1329,3.8704,-1.8358,-0.6399,1.7945
0.2299,-21.4977,6.5911,-1.4242,-1.1328,1.5031
3.8704,-20.1565,6.0546,-0.4286,-1.1631,1.3101
0.3832,-13.3738,4.2919,0.4092,-0.6119,1.4861
-1.0346,-10.5381,1.9927,0.0000,-0.5767,1.5140
-0.1533,-5.9396,1.2263,-0.2028,-0.2404,1.3441
1.1113,0.9197,-0.8430,-0.5719,-0.0498,0.8232
0.8047,-0.4982,2.1843,-0.5949,0.2914,0.1748
-1.1879,-2.2226,2.1459,0.0437,0.1542,-0.2222
-2.5675,-2.4142,-0.9963,0.1238,-0.0376,-0.1833
-1.6478,-4.4068,-0.8814,0.3764,-0.0911,-0.4067
-0.0766,-3.4871,0.1916,1.4448,-0.1943,-0.6338
-2.4908,-2.7591,-2.2992,2.0713,-0.5852,-0.3035
-7.5874,-7.7407,-16.9759,-0.0109,-1.0344,0.9871
-0.9197,-28.5870,0.4215,-2.7998,-0.4674,3.0147
-1.0730,-20.1565,9.6950,1.1279,-0.7940,2.2656
14.5234,-19.9649,-2.1459,0.4274,-0.4152,1.2311
6.7444,-17.2441,3.1423,0.7078,0.7819,-0.6921
-0.4215,-12.1859,0.5748,0.3035,0.9567,-1.6342
-7.0509,-10.8063,2.7207,-0.2270,1.1279,-1.6743
-10.8830,-15.1365,5.6714,-0.9992,1.0612,-1.5723
-3.8320,-18.7386,6.9743,-0.8183,0.2222,-1.6342
2.6441,-14.4851,3.5638,0.2695,-0.0607,-1.8042
2.2226,-9.0436,3.7171,-0.1299,-0.0376,-2.2219
-1.2263,-3.8320,2.3759,-0.1518,-0.1967,-2.4064
-3.6404,-0.2682,0.7664,-0.1530,-0.4347,-2.0045
-1.6095,1.2263,0.0383,0.0267,-0.5124,-1.2032
1.4945,0.1150,0.7664,0.2963,-0.3995,-0.5282
2.6058,-1.4562,-0.0383,0.6131,-0.2744,0.1700
0.9197,-2.4142,-0.8047,1.0478,-0.1287,0.7819
3.6787,-4.1003,-4.7134,1.6658,0.1773,1.0551
9.3502,-11.7260,-15.0599,-0.0595,1.4205,0.4723
4.0236,-26.2877,16.7077,-0.1761,1.6549,-0.9677
4.9050,-21.9959,-0.5748,-0.6775,1.0854,-1.4630
-10.6914,-16.6310,0.6898,1.1534,0.6556,-0.9495

