-.-.-
-0.5365,-9.8866,1.8777,0.0024,0.0923,-0.0012
-0.6514,-9.8483,1.7627,-0.0012,0.0959,-0.0024
-0.4982,-10.0016,1.8394,-0.0036,0.0983,-0.0085
-0.5365,-10.0399,1.9160,-0.0134,0.1081,-0.0121
-0.6131,-10.1166,1.7244,-0.0279,0.1032,-0.0109
-0.5365,-9.9633,1.8394,-0.0340,0.1032,-0.0109
-0.5365,-9.9633,1.8777,-0.0231,0.0947,-0.0146
-0.5748,-9.9633,1.8777,-0.0279,0.0923,-0.0134
-0.6131,-9.9633,1.9543,-0.0413,0.0959,-0.0097
-0.5365,-10.0016,1.9543,-0.0449,0.0850,-0.0073
-0.6898,-9.9633,1.9160,-0.0607,0.0850,-0.0109
-0.7281,-9.8866,1.7627,-0.0692,0.0813,-0.0097
-0.5365,-10.1549,1.7627,-0.0692,0.0728,-0.0036
-0.5365,-10.0782,1.8011,-0.0656,0.0741,0.0000
-0.6131,-10.0782,1.8011,-0.0680,0.0753,-0.0024
-0.4215,-10.0399,1.6861,-0.0668,0.0704,-0.0036
-0.5748,-10.1166,1.7244,-0.0716,0.0789,-0.0049
-0.5748,-10.1166,1.9160,-0.0559,0.0850,-0.0036
-0.5748,-10.0016,1.8394,-0.0328,0.0862,-0.0061
-0.6131,-9.9250,1.5328,-0.0291,0.0838,-0.0036
-0.6131,-9.9633,1.6861,-0.0279,0.0874,-0.0073
-0.6131,-10.1549,1.8011,-0.0316,0.0862,-0.0073
-0.6131,-10.0782,1.8011,-0.0231,0.0801,-0.0012
-0.5365,-10.0399,1.7627,-0.0146,0.0728,-0.0012
-0.5748,-10.0399,1.7244,-0.0291,0.0728,-0.0024
-0.4598,-10.0016,1.7244,-0.0401,0.0801,-0.0073
-0.5365,-10.0782,1.5711,-0.0449,0.0850,-0.0085
-0.6514,-9.9633,1.7627,-0.0413,0.0898,-0.0061
-0.5748,-9.9633,1.6861,-0.0389,0.0898,-0.0061
-0.5748,-10.1549,1.8394,-0.0437,0.0898,-0.0036
-0.6514,-10.0399,1.7244,-0.0437,0.0886,-0.0073
-0.5748,-10.0016,1.8011,-0.0437,0.0886,-0.0073
-0.6131,-10.0782,1.6861,-0.0461,0.0850,-0.0073
-0.5365,-10.1549,1.8011,-0.0510,0.0838,-0.0097
-0.6131,-9.9633,1.6861,-0.0231,0.0789,-0.0073
-0.5748,-9.9633,1.8394,-0.0182,0.0753,-0.0049
-0.5748,-9.9633,1.8394,-0.0146,0.0789,-0.0036
-0.5748,-10.0399,1.8011,-0.0267,0.0777,-0.0073
-0.6131,-10.0399,1.8011,-0.0413,0.0765,-0.0036
-0.6131,-9.9633,1.8011,-0.0304,0.0619,-0.0036
-0.4598,-9.9633,1.8394,-0.0267,0.0571,-0.0097
-0.4598,-9.8483,1.6861,-0.0376,0.0668,-0.0158
-0.5365,-10.1166,1.7244,-0.0947,0.0704,-0.0134
-0.4598,-10.5381,1.7627,-0.0619,0.0643,0.0000
-0.4982,-9.9633,1.8394,-0.0158,0.0522,-0.0061
-0.3066,-10.1166,1.9160,-0.0243,0.0571,-0.0267
-0.4215,-10.1932,2.2609,-0.0121,0.0583,-0.0425
-0.6898,-9.9250,2.1459,0.0279,0.0401,-0.0656
-0.8814,-9.5801,2.4908,0.0486,0.0304,-0.0583
-0.9197,-9.7717,2.7207,0.0158,-0.0182,-0.0279
-0.6131,-9.6567,2.4525,-0.0571,-0.0437,-0.0146
-0.4982,-9.6567,2.2992,-0.1323,-0.0898,-0.0036
-0.3449,-9.6184,2.1843,-0.1712,-0.1323,0.0036
-0.1533,-9.6567,1.9543,-0.2695,-0.1433,0.0170
-0.0766,-9.6567,1.7627,-0.3752,-0.1117,0.0170
0.0383,-9.8483,1.6478,-0.4310,-0.0765,0.0194
-0.0383,-9.8866,1.9160,-0.4140,-0.0522,0.0291
0.0383,-9.7334,1.9543,-0.3764,-0.0158,0.0401
0.2299,-9.7717,1.9543,-0.3533,0.0813,0.0437
0.6514,-9.8866,1.8011,-0.3266,0.1360,0.0753
0.9580,-9.8483,1.8777,-0.3120,0.2477,0.1214
0.8814,-9.6950,0.8814,-0.3825,0.2950,0.1384
0.8047,-9.8483,-1.2263,-0.4553,0.2185,0.1129
-1.3412,-8.5838,-0.6514,-0.0595,-0.0328,0.0267
-2.9507,-7.8173,2.4142,0.2076,-0.3642,-0.0765
-3.5638,-10.7297,3.2572,0.3375,-0.2173,-0.1639
-2.9890,-13.4121,1.7244,0.3205,0.1068,-0.1894
-0.9963,-11.7643,1.4945,0.9543,0.2501,0.1105
2.0310,-7.3575,3.6787,1.3416,0.2610,0.4080
1.8777,-5.5564,3.8704,0.7406,0.4249,0.4565
0.0383,-6.2845,2.8740,-0.0753,0.5706,0.3290
-3.5255,-8.4688,3.2572,-0.9519,0.8778,0.2793
-5.3265,-12.7990,5.3648,-1.9390,1.1364,0.3691
-3.3722,-17.3208,5.4032,-2.4149,1.3416,0.4626
-3.6404,-20.9995,4.7517,-2.4611,1.3331,0.5075
-2.8740,-20.8079,5.6331,-1.2409,0.9325,0.8232
-3.8320,-18.7770,5.7097,-0.3060,0.7977,1.2639
-5.8247,-15.4814,2.7591,-0.1311,0.4504,1.6100
-8.9286,-9.6184,1.5328,-0.6144,-0.0510,1.3149
-10.5381,-13.9103,2.2226,-1.0344,-0.3424,0.3594
-3.7554,-14.9449,0.0766,0.0340,-0.7127,-0.6653
0.2299,-7.5108,1.3795,1.6864,-0.9094,-1.1899
0.0383,-0.5365,-5.2116,1.7034,-1.2299,-1.4205
0.4215,1.5711,-11.3045,1.5043,-1.4788,-1.4497
-3.1806,0.1150,-4.3685,1.0709,-0.8438,-0.9992
-0.1916,-6.8210,1.4945,-0.1384,-1.5128,0.2805
5.6714,-12.2625,1.6861,-1.1571,-0.8596,1.0223
6.8593,-16.5544,-5.1349,-0.7030,-0.5209,0.4407
3.6787,-12.0709,-0.9963,-0.0692,-0.3557,-0.7904
-1.9160,-9.8866,3.9470,-1.3465,-0.0983,-1.8309
-4.2919,-21.8809,2.2226,-2.9346,0.2368,-2.2231
-4.4068,-41.1943,11.6877,-2.2304,-0.2210,-2.1417
2.4908,-27.7056,1.8394,1.6889,-0.2659,-1.8916
5.3265,-4.2919,-1.9543,2.4684,0.1068,-1.9281
5.7480,1.4179,-2.6441,0.0546,0.1506,-1.6877
2.2226,-4.4452,0.8047,-0.7321,0.7855,-0.4541
-1.6095,-6.7827,4.5218,0.2926,0.4881,0.7443
-1.4562,-3.5255,1.2646,1.6634,-0.1943,0.8851
-0.6131,4.8667,-1.8011,2.6092,-0.4602,0.9227
0.9197,9.8483,-7.3575,1.7544,-0.0304,1.1935
2.9507,1.6861,-7.5108,-0.5791,0.6581,1.2445
0.7664,-11.5344,-0.1533,-2.0385,1.1886,0.6265
-3.2572,-21.4977,2.8740,-1.9208,1.1971,-0.0170
-0.2299,-26.3644,2.0693,-0.9701,1.3198,0.5014
-2.1459,-12.0709,6.4761,2.0458,0.4492,0.7746
-3.5255,-11.7260,2.7591,-0.6071,0.5136,1.6694
-6.9743,-22.8772,3.2189,-2.1381,0.8123,2.1211
-6.7827,-28.2038,3.9087,-1.2664,-0.1870,2.0082
-2.4525,-16.4394,-2.9123,0.5148,-0.7358,0.7601
-7.0126,-8.3921,-1.1496,0.6811,-0.7795,-0.5075
-5.3648,-5.6714,-0.8814,0.9203,-1.0563,-1.1899
-0.1150,-2.8740,-2.5291,1.6476,-1.1668,-1.2311
4.5984,2.5675,-1.7627,2.5497,-1.0369,-1.6075
2.1076,5.8630,-4.5601,1.6294,-0.9155,-1.4861
1.0730,1.3029,-6.5528,-0.2149,-0.7163,-0.7686
0.9197,-3.9087,-3.0273,-0.7552,-0.2914,-0.2647
3.6787,-15.1365,1.4179,-2.1830,-0.3084,0.8390
0.1916,-25.3297,2.5291,-2.4149,0.0219,-0.0134
-2.1459,-23.1455,2.2992,0.6034,0.2841,-1.1449
0.1916,-20.5014,7.3192,-0.5500,0.5318,-1.6367
3.8320,-24.1418,6.0163,-0.8548,0.2732,-1.7593
2.6058,-15.1365,-0.0766,0.4359,1.2664,-1.6051
2.0693,-2.3375,-3.4871,0.5306,0.7989,-1.5092
3.1039,-4.1386,-0.1150,-0.4662,1.0709,-0.2780
-0.5748,-6.2079,5.7480,0.0838,1.1571,0.6265
0.2682,-3.9853,2.8357,1.6670,0.1105,0.6957
-0.8047,2.4142,-1.2646,2.5230,-0.1360,0.5403
-0.3832,6.8593,-5.6331,1.8479,0.4322,1.0090

