-.-.-
-0.3832,-9.4651,0.3832,0.2853,0.4674,-0.3120
-1.0730,-9.5801,-0.4598,0.3630,0.4152,-0.4067
-1.7627,-10.1549,-2.6058,0.2987,0.4225,-0.4674
-0.5748,-11.8793,-2.0310,-0.0983,0.5245,-0.3764
-1.5328,-11.8793,-0.7664,0.0971,0.4262,-0.2052
-0.6131,-11.0363,-3.7937,0.4262,0.1166,0.1323
1.4179,-9.8100,-4.2536,-0.2028,0.3727,0.3230
1.1879,-9.0819,-1.8777,-0.3375,0.4080,0.2853
1.1879,-8.8137,-1.8011,-0.1821,0.3642,0.1870
1.3029,-9.1202,-1.7244,-0.2234,0.5719,0.0206
1.2646,-9.8483,-1.2263,-0.1955,0.8487,-0.0911
1.0730,-9.9633,-0.4215,-0.0267,1.0199,-0.1336
1.0730,-9.6567,-0.6514,0.1372,1.0879,-0.1093
0.9963,-9.0053,-1.3795,0.1287,1.0648,-0.1020
-0.1150,-9.0436,-2.2992,-0.0668,0.9337,-0.1712
-1.9160,-10.1166,-3.1039,-0.2963,0.6957,-0.1797
-2.9507,-11.9943,-2.7207,-0.4966,0.5051,-0.0340
-1.8394,-11.9559,-1.3029,-0.2598,0.4019,0.0971
0.3832,-10.6914,-1.3795,0.0182,0.3096,0.0595
1.5328,-9.7717,-1.2646,0.1797,0.3545,-0.0522
1.3029,-9.1586,-0.9963,0.2258,0.4650,-0.1396
0.8430,-9.2735,-0.6514,0.1627,0.5500,-0.1348
0.4598,-9.5801,-0.5365,0.1032,0.5719,-0.0789
0.0766,-9.2735,-1.3412,-0.0401,0.4990,-0.0595
0.2299,-9.8483,-1.5711,-0.2695,0.4104,-0.0656
-0.0766,-10.3848,-1.4945,-0.3096,0.3472,-0.0631
-0.6131,-10.9596,-1.3795,-0.1845,0.2404,-0.0352
-0.8430,-10.5381,-1.4562,-0.0449,0.1566,0.0024
-0.6131,-10.0016,-1.7627,0.0304,0.1493,0.0085
-0.5748,-9.5034,-1.8394,0.0085,0.1481,-0.0024
-0.1150,-9.6567,-1.4945,-0.0801,0.1263,-0.0024
0.2299,-9.8866,-1.2263,-0.1238,0.1044,0.0000
0.6131,-10.1166,-1.1879,-0.1542,0.0571,0.0049
0.7281,-10.1549,-1.2263,-0.1676,0.0279,0.0024
0.3066,-9.8100,-1.2263,-0.1396,0.0231,-0.0012
-0.0383,-9.8483,-1.4945,-0.1603,0.0049,-0.0073
-0.2299,-9.9633,-1.6861,-0.1651,0.0121,-0.0061
-0.2682,-10.2315,-1.9543,-0.1493,0.0231,-0.0036
-0.1150,-10.3082,-1.7244,-0.1287,0.0146,0.0024
-0.0383,-10.1549,-1.6095,-0.1020,-0.0036,0.0085
-0.0766,-9.8866,-1.3029,-0.0996,-0.0243,0.0170
0.0000,-9.8866,-1.4179,-0.1068,-0.0340,0.0219
-0.0766,-9.9633,-1.4562,-0.0971,-0.0352,0.0243
0.1150,-9.9633,-1.4179,-0.0728,-0.0413,0.0255
0.0383,-9.8866,-1.8011,-0.0595,-0.0413,0.0194
-0.1533,-9.8483,-1.6478,-0.0680,-0.0461,0.0182
-0.3832,-9.8866,-1.6861,-0.0850,-0.0449,0.0182
-0.3449,-10.0016,-1.6478,-0.0959,-0.0461,0.0243
-0.3449,-10.0782,-1.6861,-0.0911,-0.0510,0.0279
-0.3832,-9.9633,-1.7244,-0.0862,-0.0583,0.0267
-0.3066,-10.0016,-1.7244,-0.0753,-0.0680,0.0243
-0.3832,-9.8483,-1.4945,-0.0741,-0.0753,0.0243
-0.2682,-10.0399,-1.8011,-0.0631,-0.0777,0.0206
-0.1150,-10.0016,-1.6478,-0.0619,-0.0728,0.0170
-0.1916,-10.0399,-1.8011,-0.0789,-0.0728,0.0158
-0.3066,-10.0782,-1.6861,-0.0923,-0.0607,0.0121
-0.3449,-10.0399,-1.8011,-0.0801,-0.0510,0.0097
-0.4215,-10.0016,-1.6478,-0.0886,-0.0364,0.0073
-0.3449,-9.9633,-1.7627,-0.0631,-0.0243,0.0085
-0.3066,-10.0782,-1.6861,-0.0437,-0.0182,0.0097
-0.3449,-9.9633,-1.8394,-0.0376,-0.0170,0.0073
-0.3832,-10.0782,-1.7244,-0.0425,-0.0134,0.0061
-0.3449,-9.9633,-1.7627,-0.0425,-0.0085,0.0036
-0.5365,-9.8866,-1.8394,-0.0498,-0.0049,0.0049
-0.4598,-10.0016,-1.8011,-0.0559,-0.0085,0.0073
-0.4598,-9.9633,-1.6861,-0.0607,-0.0146,0.0097
-0.4982,-9.9250,-1.8011,-0.0668,-0.0255,0.0121
-0.4982,-9.9250,-1.8394,-0.0728,-0.0401,0.0121
-0.4982,-9.9250,-1.8394,-0.0680,-0.0437,0.0121
-0.4982,-9.9633,-1.8394,-0.0595,-0.0474,0.0097
-0.5748,-9.9250,-1.8011,-0.0680,-0.0413,0.0073
-0.4598,-9.9633,-1.8394,-0.0668,-0.0364,0.0024
-0.3449,-10.0016,-1.8777,-0.0680,-0.0304,-0.0024
-0.3832,-10.0399,-1.7244,-0.0716,-0.0291,-0.0024
-0.2299,-10.0782,-1.7627,-0.0656,-0.0206,-0.0049
-0.3832,-9.9250,-1.4945,-0.0692,-0.0134,-0.0073
-0.3832,-9.9250,-1.6478,-0.0631,-0.0085,-0.0073
-0.3449,-9.9250,-1.8011,-0.0692,-0.0109,0.0000
-0.3832,-9.8483,-1.7627,-0.0789,-0.0121,0.0024
-0.3832,-9.9250,-1.7244,-0.0753,-0.0194,0.0036
-0.4215,-10.0399,-1.6095,-0.0728,-0.0279,0.0036
-0.5365,-9.8866,-1.8011,-0.0741,-0.0328,-0.0012
-0.4598,-10.0016,-1.7244,-0.0741,-0.0279,-0.0049
-0.3449,-10.0399,-1.6478,-0.0631,-0.0243,-0.0085
-0.3449,-10.0782,-1.7244,-0.0546,-0.0267,-0.0085
-0.2682,-10.0399,-1.5711,-0.0449,-0.0328,-0.0085
-0.2682,-10.0016,-1.8011,-0.0194,-0.0316,-0.0024
-0.3832,-9.8866,-1.7244,-0.0097,-0.0279,0.0024
-0.2299,-10.0399,-1.5328,-0.0219,-0.0219,0.0036
-0.3832,-9.9250,-1.6478,-0.0109,-0.0231,0.0000
-0.4215,-9.8866,-1.6095,-0.0340,-0.0121,-0.0036
-0.4598,-9.8483,-1.5711,-0.0413,-0.0146,-0.0036
-0.4598,-10.0016,-1.6478,-0.0316,-0.0255,0.0000
-0.5365,-9.9250,-1.6861,-0.0364,-0.0340,0.0012
-0.4598,-9.9633,-1.6861,-0.0352,-0.0364,0.0036
-0.3832,-9.9250,-1.6478,-0.0376,-0.0401,0.0073
-0.4982,-9.9633,-1.6095,-0.0425,-0.0437,0.0049
-0.4598,-9.9250,-1.5328,-0.0413,-0.0449,0.0061
-0.3449,-9.9633,-1.5328,-0.0413,-0.0461,0.0061
-0.4215,-10.0399,-1.5711,-0.0352,-0.0474,0.0061
-0.4598,-10.0016,-1.6861,-0.0279,-0.0486,0.0061
-0.3449,-9.8483,-1.3412,-0.0304,-0.0486,0.0061
-0.4215,-9.9250,-1.7627,-0.0328,-0.0510,0.0061
-0.4598,-9.9633,-1.6095,-0.0364,-0.0510,0.0061
-0.3832,-9.9633,-1.5711,-0.0401,-0.0461,0.0049
-0.4598,-9.8866,-1.6861,-0.0425,-0.0425,0.0049
-0.4215,-10.0016,-1.6478,-0.0449,-0.0437,0.0061
-0.3066,-10.0399,-1.5711,-0.0510,-0.0437,0.0036
-0.4598,-10.0016,-1.7244,-0.0510,-0.0413,0.0036
-0.5365,-9.9250,-1.6478,-0.0546,-0.0437,0.0049
-0.5365,-9.9250,-1.7627,-0.0571,-0.0522,0.0073
-0.5748,-9.8866,-1.6861,-0.0680,-0.0631,0.0073
-0.5365,-10.0016,-1.6861,-0.0741,-0.0728,0.0085
-0.5748,-10.0399,-1.5711,-0.0728,-0.0813,0.0073
-0.6131,-10.1166,-1.6095,-0.0656,-0.0813,0.0097
-0.4982,-9.9633,-1.6095,-0.0607,-0.0801,0.0085
-0.5748,-10.0399,-1.5328,-0.0534,-0.0716,0.0049
-0.4982,-10.0399,-1.6095,-0.0583,-0.0716,0.0000
-0.3832,-10.0782,-1.4562,-0.0595,-0.0692,0.0000
-0.4982,-9.8483,-1.5328,-0.0534,-0.0607,-0.0024
-0.3066,-10.0399,-1.6861,-0.0486,-0.0425,-0.0036
-0.4598,-9.9250,-1.6861,-0.0631,-0.0279,-0.0036
-0.5365,-9.9250,-1.4945,-0.0680,-0.0231,-0.0012
-0.5365,-9.8100,-1.4945,-0.0789,-0.0085,-0.0049
-0.5365,-9.9633,-1.4562,-0.0996,0.0121,-0.0097
-0.4982,-10.1166,-1.4562,-0.0862,0.0194,-0.0073
-0.4982,-10.0399,-1.6478,-0.0728,0.0219,-0.0085
-0.6131,-10.0016,-1.5711,-0.0704,0.0182,-0.0085

