-.-.-
0.8814,-9.5418,-1.0346,0.6253,-0.2428,0.3849
2.0693,-10.1932,-0.5748,0.4759,-0.0947,0.2440
2.6441,-11.3428,-0.7664,0.2865,0.0267,0.1603
2.7974,-12.4924,-0.8814,0.1481,0.1360,0.1238
2.1459,-13.6037,-1.5328,-0.0474,0.2246,0.2052
0.1533,-12.9139,-0.8047,0.0304,0.2404,0.2659
-1.0730,-10.1549,-0.9963,0.4589,0.1991,0.1408
-1.8394,-8.3921,-0.6898,0.2720,0.1360,-0.0546
-1.7627,-8.1622,-0.1533,0.0631,-0.0146,-0.2902
-0.6898,-9.1202,-0.4598,-0.0850,-0.1663,-0.4565
0.3066,-9.4268,-0.1916,-0.1979,-0.2198,-0.4480
1.3029,-9.3118,-0.4215,-0.1639,-0.3035,-0.3145
2.0310,-9.1969,-0.0383,-0.1833,-0.4298,-0.1129
1.8777,-9.0819,-0.0766,0.0085,-0.4820,0.0546
0.8430,-9.1586,-0.0383,0.2283,-0.3934,0.1967
0.1533,-9.6184,0.6131,0.2720,-0.3472,0.3230
0.1916,-9.4651,0.8814,0.2732,-0.3254,0.3424
0.3449,-8.4305,1.1113,0.2829,-0.2185,0.2525
0.3449,-7.5108,1.0346,0.1809,-0.0777,0.1797
0.2682,-8.4305,0.4598,-0.1870,0.0036,0.3023
0.2682,-9.6950,0.8047,-0.3764,0.0158,0.4954
0.6131,-9.3885,0.4598,-0.1870,-0.0425,0.5597
0.1533,-8.1622,0.0000,-0.1833,-0.0510,0.4747
-0.1150,-7.7790,-0.4215,-0.2841,0.0158,0.3606
-0.1916,-7.7407,-0.7281,-0.4249,0.0049,0.2720
-0.4598,-7.9706,-0.2299,-0.4262,-0.0340,0.1833
-0.8047,-7.8173,0.1916,-0.2598,-0.1093,0.1202
-0.8047,-7.5874,0.0383,-0.1833,-0.1263,0.1348
-0.6131,-8.6604,0.6514,-0.2258,-0.0522,0.2659
-0.1916,-10.1166,0.6131,-0.2623,-0.0935,0.4298
-0.4215,-10.1166,-0.0383,-0.1943,-0.1032,0.4262
0.0383,-9.3118,-0.5365,-0.2270,-0.1032,0.2793
0.0383,-9.0053,0.6131,-0.0619,-0.0765,0.1141
0.0766,-9.5034,1.4945,0.2538,-0.0461,0.0279
0.1533,-9.8866,1.3412,0.3764,-0.0898,0.0389
0.0000,-10.1932,0.8814,0.3545,-0.1141,0.0364
-0.2299,-11.1512,-0.2299,0.5148,-0.2113,-0.0559
-0.9197,-12.3775,-0.9580,0.5464,-0.2137,-0.2307
-0.9197,-14.2168,-3.0273,0.1870,-0.0765,-0.5039
-0.0383,-13.4504,-2.7974,0.0219,0.2695,-0.8256
-0.1916,-10.2698,-1.8394,0.6653,0.3266,-0.7698
-1.4179,-8.8903,-1.4945,0.7200,0.1955,-0.5828
-2.6824,-10.9213,-1.1496,0.1311,0.0838,-0.3825
-2.2609,-12.1859,-0.1916,0.0728,-0.0401,-0.1008
-0.1916,-11.1129,0.3832,0.6156,-0.1748,0.1202
0.3449,-11.4578,0.0766,0.4917,-0.2513,0.0449
-0.6131,-14.1019,-0.8047,-0.3776,-0.2088,-0.3205
-0.4982,-15.3664,-0.0383,-0.5415,0.0898,-0.3825
0.3832,-12.4541,0.1150,0.3618,0.3776,-0.0971
1.4179,-9.5034,0.3832,0.4589,0.3485,0.1287
1.4945,-7.5108,0.6514,0.2829,0.3023,0.3509
0.2299,-6.9360,0.2682,0.0194,0.3460,0.5609
-1.3029,-8.6987,0.3449,-0.5427,0.2635,0.5828
-1.8394,-9.0053,0.2682,-0.5646,0.1955,0.4140
-1.4945,-8.9286,0.0766,-0.3412,0.3460,0.2210
-1.1496,-8.7754,0.7664,-0.1348,0.4735,0.0206
-0.7281,-8.5454,1.1496,0.0158,0.4905,-0.1724
-0.5748,-8.1239,1.1496,-0.0546,0.3873,-0.3035
-0.2682,-8.6221,1.5328,-0.1833,0.3363,-0.4213
-0.3449,-8.8520,1.3412,-0.2550,0.2890,-0.4966
-0.6131,-8.4688,-0.1150,-0.3169,0.2987,-0.5306
-0.3832,-8.0856,-0.2299,-0.3351,0.3606,-0.4517
0.1150,-7.5491,0.1916,-0.2343,0.3885,-0.3509
0.7281,-7.0893,0.1150,-0.3570,0.4844,-0.2975
0.6898,-7.0509,-0.4215,-0.7382,0.4456,-0.2805
-0.0383,-8.8903,-0.7664,-0.8110,0.4480,-0.2513
-0.4598,-9.6950,-0.6514,-0.5184,0.5415,-0.2100
0.0000,-9.5801,-0.6898,-0.2902,0.6386,-0.2161
0.0383,-9.5418,0.1150,-0.1578,0.6738,-0.2756
0.0000,-9.1969,0.3449,-0.0146,0.5779,-0.2695
-0.3066,-9.5034,0.5365,0.0571,0.5124,-0.2100
-0.6131,-10.2315,0.4215,0.0134,0.5719,-0.1882
-0.8047,-10.1166,0.1150,0.0571,0.6799,-0.2307
-0.9197,-9.1586,0.7281,0.1178,0.6253,-0.1603
-1.1113,-9.9250,0.7664,0.1457,0.4274,-0.0267
-0.4215,-11.3811,0.3066,0.1627,0.3995,0.0838
0.5365,-12.6840,-1.4179,-0.0765,0.3667,0.1943
0.8814,-14.6767,-1.4562,-0.2780,0.2805,0.3351
-0.5365,-16.0562,-1.6095,-0.1906,-0.0668,0.5488
-1.0730,-13.3738,-1.8777,0.3315,-0.2574,0.5755
-0.8814,-10.1549,-2.8740,0.5027,-0.2878,0.4407
0.4215,-8.9286,-2.6824,0.0522,-0.2477,0.2756
1.5711,-9.5801,-1.8394,-0.1421,-0.1323,0.2064
2.2992,-10.3465,-0.7281,0.0049,-0.0595,0.1712
2.4142,-10.3082,-0.5365,0.2392,0.0328,0.1918
1.9927,-9.7334,-0.8814,0.2489,0.2028,0.2465
1.1496,-9.9250,-0.9963,0.0413,0.3193,0.2805
0.1150,-10.0782,-0.6514,0.0898,0.3169,0.2756
-0.3832,-10.1549,-0.4215,0.1287,0.3108,0.2125
-0.5365,-10.3082,-0.6898,0.0194,0.2100,0.1044
-0.7664,-10.3848,-0.9580,-0.1020,0.1178,-0.0413
-0.7664,-10.3082,-1.2263,-0.1918,0.0486,-0.1700
-0.1916,-10.3465,-1.0730,-0.2525,-0.0061,-0.2562
0.1916,-10.6914,-0.6898,-0.1736,-0.0656,-0.2987
0.4598,-10.0782,-0.5365,-0.0862,-0.1603,-0.2950
0.7281,-9.4651,-0.3832,0.0619,-0.2635,-0.2695
0.6131,-9.3885,-0.1916,0.1044,-0.3145,-0.2307
0.6131,-9.5034,-0.2299,0.1129,-0.2926,-0.1773
0.8047,-9.3885,-0.1533,0.0898,-0.2598,-0.1044
0.9963,-9.1202,-0.2299,0.0049,-0.1894,-0.0619
1.5711,-9.6567,0.0766,-0.0401,-0.1287,-0.0522
1.4562,-10.2315,0.4215,0.0170,-0.1372,-0.0231
0.2682,-10.5381,0.4982,0.1081,-0.2015,0.0498
-0.3066,-10.1932,0.3832,0.1979,-0.2562,0.0898
-0.5365,-9.6950,-0.1533,0.1396,-0.2404,0.0656
0.0000,-9.5418,-0.2682,0.0219,-0.2125,0.0328
0.3449,-9.5034,0.1916,-0.0061,-0.2052,0.0061
0.8814,-9.6184,0.4598,0.0838,-0.2902,-0.0012
0.9197,-9.5418,-0.3449,0.0656,-0.3618,0.0061
0.5748,-10.3082,-0.8047,-0.1554,-0.3970,0.0170
0.1150,-11.9176,-1.6478,-0.2683,-0.4225,-0.0826
-0.3449,-12.2625,-1.8394,-0.3351,-0.3825,-0.2963
0.7664,-10.4998,-1.0730,0.1967,-0.2562,-0.3764
1.4945,-9.0819,-0.4982,0.5221,-0.1748,-0.3315
1.4562,-8.5071,0.1916,0.4407,-0.2173,-0.1906
0.4598,-8.9286,0.1150,0.2513,-0.2331,0.0012
-0.4215,-9.4268,0.1150,0.1166,-0.3485,0.1190
-0.9197,-9.4651,0.1150,0.1761,-0.4286,0.1663
-1.0346,-9.2352,0.4215,0.2453,-0.4589,0.1603
-0.4598,-8.9286,0.3449,0.2137,-0.4444,0.1238
0.0383,-9.0819,0.0766,-0.0328,-0.3327,0.0607
0.7281,-8.9670,-0.2299,-0.3023,-0.2283,0.0449
1.0730,-8.7754,-0.4982,-0.3387,-0.2501,0.1129
0.6131,-8.5454,-1.1879,-0.4213,-0.3035,0.2501
0.1916,-9.7717,-1.3412,-0.5913,-0.2368,0.3509
0.1150,-11.9943,-1.3795,-0.5840,-0.1129,0.2562
-0.1150,-13.3355,-1.3029,-0.3157,-0.0437,0.0656
-0.4215,-12.6074,-0.7664,0.1979,0.0109,-0.0826

