-.-.-
9.8483,-0.0766,0.1916,-0.0134,0.0777,-0.0049
9.7334,-0.0766,0.0766,-0.0097,0.0753,-0.0073
9.8866,-0.2299,0.1150,-0.0121,0.0838,-0.0036
9.7717,-0.0383,0.1533,-0.0097,0.0850,-0.0049
9.8483,-0.2299,0.1150,-0.0097,0.0813,-0.0073
9.7717,-0.2299,0.0383,-0.0121,0.0838,-0.0049
9.7717,-0.1150,0.1150,-0.0097,0.0838,-0.0061
9.8483,-0.0766,0.0383,-0.0170,0.0874,-0.0061
9.8100,-0.1150,0.1533,-0.0206,0.0838,-0.0073
9.8866,-0.1150,0.1150,-0.0146,0.0813,-0.0085
9.8100,-0.1150,0.0383,-0.0134,0.0886,-0.0085
9.8100,-0.0383,0.1150,-0.0206,0.0874,-0.0073
9.9250,-0.1533,0.1150,-0.0170,0.0826,-0.0085
9.8866,-0.1533,0.0766,-0.0121,0.0826,-0.0073
9.9250,0.0000,0.1150,-0.0109,0.0838,-0.0097
9.9250,-0.1533,0.1533,-0.0182,0.0862,-0.0049
9.8483,-0.0766,0.0766,-0.0194,0.0826,-0.0024
9.7717,0.0000,0.1150,-0.0109,0.0801,-0.0049
9.7717,-0.0383,0.0383,-0.0097,0.0898,-0.0036
9.8100,-0.1916,0.1533,-0.0146,0.0983,-0.0012
9.8483,-0.1533,0.0383,-0.0158,0.0911,-0.0049
9.7717,-0.1533,0.1150,-0.0073,0.0838,-0.0073
9.7334,0.0000,0.1150,-0.0097,0.0862,-0.0061
9.8866,-0.1150,0.1533,-0.0158,0.0898,-0.0061
9.8100,-0.0383,0.1150,-0.0146,0.0874,-0.0097
9.7334,-0.0766,0.0383,-0.0061,0.0801,-0.0085
9.7717,-0.0383,-0.0383,0.0000,0.0850,-0.0049
9.8483,-0.1533,0.1150,0.0000,0.0911,-0.0049
9.8100,-0.1533,0.0383,-0.0061,0.0923,-0.0024
9.7717,-0.0766,0.0766,-0.0061,0.0947,0.0000
9.7717,-0.0766,0.0766,-0.0085,0.0996,-0.0012
9.9250,-0.2682,0.1533,-0.0097,0.0971,-0.0036
9.8483,-0.0383,0.0383,-0.0121,0.0862,-0.0061
9.8866,-0.1916,0.1916,-0.0146,0.0862,-0.0036
9.6950,-0.1916,0.0383,-0.0146,0.0838,-0.0036
9.8100,-0.0766,0.0383,-0.0097,0.0850,-0.0036
9.7334,-0.1916,0.0383,-0.0085,0.0862,-0.0024
9.8483,-0.1150,0.1916,-0.0109,0.0862,-0.0073
9.7334,-0.0383,0.2682,-0.0109,0.0874,-0.0073
9.7717,-0.2299,0.2299,-0.0146,0.0862,-0.0049
9.7717,-0.1150,0.0766,-0.0121,0.0838,-0.0073
9.8866,-0.0766,0.0766,-0.0194,0.0801,-0.0061
9.7334,-0.0766,0.0766,-0.0134,0.0741,-0.0109
9.8483,-0.2682,0.0766,-0.0073,0.0801,-0.0073
9.8100,-0.2682,0.0766,-0.0061,0.0911,-0.0012
9.7717,-0.1533,0.1533,-0.0085,0.0959,-0.0024
9.8866,-0.1150,0.1150,-0.0182,0.0862,-0.0049
9.8100,-0.1533,0.0383,-0.0121,0.0777,-0.0049
9.8483,-0.2682,0.0766,-0.0134,0.0826,-0.0012
9.7717,-0.0383,0.1533,-0.0146,0.0862,-0.0012
9.7717,-0.0766,0.0383,-0.0194,0.0886,0.0000
9.8866,-0.0766,0.0766,-0.0231,0.0862,-0.0024
9.9250,-0.0383,0.1150,-0.0182,0.0850,0.0012
9.8483,0.0000,0.0383,-0.0085,0.0874,0.0024
9.8866,-0.1533,0.2299,0.0170,0.0826,-0.0024
10.0016,0.0000,0.0766,0.0474,0.0753,-0.0182
9.8100,-0.0766,0.1916,0.0449,0.0692,-0.0255
9.8483,-0.1150,0.1916,0.0546,0.0498,-0.0206
9.7334,0.0000,0.2682,0.0389,0.0340,-0.0170
10.0399,0.4982,-0.0766,-0.0425,0.0109,0.0170
10.2315,0.3449,-0.6514,-0.1202,0.0134,0.0704
10.3082,0.0000,-0.4982,-0.1238,0.0595,0.1056
9.9633,-0.8047,0.4215,-0.1845,-0.0486,0.0036
9.4268,-0.7664,0.7664,-0.1117,-0.0947,-0.0996
9.3118,0.3066,0.2682,-0.0753,0.1068,-0.0328
9.8100,0.6514,-0.6514,-0.1081,0.1797,0.0219
10.3465,0.4982,-0.3066,-0.1433,0.1858,0.0340
10.4231,0.4215,-0.0383,-0.2793,0.1493,0.0886
10.1166,0.1533,0.0766,-0.2793,0.1858,0.1797
10.0399,0.0000,-0.0766,-0.1967,0.3448,0.2076
10.4231,-0.0383,-0.4215,-0.1336,0.5767,0.1833
10.0016,0.0766,0.0000,-0.1566,0.7273,0.2234
10.4998,0.0766,-0.5748,-0.0146,0.6569,0.2295
10.3465,0.0766,0.0383,-0.0352,0.5427,0.2283
10.0016,0.0000,0.7664,-0.1153,0.5330,0.2416
9.8483,-0.0766,1.4179,-0.1663,0.5354,0.3047
9.7717,-0.1150,1.4945,-0.3096,0.5269,0.2999
9.5034,-0.1150,1.2646,-0.4152,0.6435,0.2428
9.6950,-0.2299,1.2646,-0.4371,0.7066,0.1821
10.1549,-0.3066,1.4945,-0.4395,0.7018,0.1396
10.7297,-0.1533,1.2646,-0.4917,0.7540,0.1056
10.3082,0.0000,1.2646,-0.5512,0.8402,0.1056
9.3502,-1.2263,1.1879,-0.6423,0.6253,0.1930
8.8137,-1.7244,0.9963,-0.4589,0.3800,0.2865
9.1202,-1.7627,0.7281,-0.4225,0.3375,0.3157
8.8137,-2.0310,1.5711,-0.5342,0.3606,0.3157
9.9633,-2.3375,0.9963,-0.5573,0.4517,0.3788
9.3118,-2.9123,1.3412,-0.4237,0.5901,0.4140
9.3885,-2.8357,1.1879,-0.1287,0.6702,0.4869
9.8483,-3.1423,1.8011,0.1578,0.7151,0.5864
9.8483,-2.5291,1.6095,0.3132,0.7576,0.6338
10.0399,-2.2992,1.4562,0.2793,0.7661,0.6556
9.8100,-2.3759,1.8011,0.1688,0.7819,0.6107
9.5418,-2.7207,2.2992,0.1178,0.7771,0.5937
9.1202,-3.1039,2.9123,0.1481,0.7795,0.5549
9.5801,-2.9507,3.6021,0.1263,0.7151,0.5391
10.0016,-2.7974,5.4032,0.0947,0.7236,0.5864
10.2315,-2.3759,6.4761,-0.0352,0.5063,0.5755
11.2279,-2.7207,5.5948,-0.4589,-0.1141,0.4905
12.1092,-4.5218,4.2536,-0.5670,-0.1591,0.5294
12.4158,-5.2882,1.3029,0.6811,-0.0219,0.6119
11.7260,-1.7627,0.0383,1.5735,0.4237,0.5488
10.6147,-1.9927,4.1003,0.9980,1.4133,0.8390
10.4231,-3.9853,6.4378,0.9495,2.1065,1.1255
11.4578,-4.1003,4.7900,1.0090,2.5546,1.3526
10.5764,-3.7171,4.3685,0.8693,2.7427,1.5699
8.9670,-3.3722,4.7134,0.8960,2.7913,1.6524
6.9743,-3.6021,4.7900,1.0344,2.8423,1.6427
5.1732,-3.1806,5.0583,0.9907,2.7440,1.5808
3.9087,-2.6441,5.2499,0.9227,2.5169,1.4800
2.5291,-2.0693,4.9433,0.9252,2.2182,1.4145
1.8777,-0.9963,4.9433,0.6969,1.8054,1.3793
1.9543,-0.4598,5.2499,0.3897,1.2858,1.3404
2.2992,0.0766,4.9050,0.2477,0.7977,1.2372
3.4105,0.0766,4.2536,0.1748,0.4007,1.0939
4.6368,-0.2299,4.5218,0.0971,0.2052,0.8657
5.1732,-0.6898,4.9816,-0.0510,0.0826,0.6192
5.4415,-1.4945,4.8667,-0.2355,-0.0534,0.4152
5.2499,-1.9543,4.6751,-0.3800,-0.1044,0.2853
4.7517,-2.3759,4.7900,-0.5694,-0.1603,0.1894
4.6368,-2.7591,4.5984,-0.6921,-0.2173,0.1056
4.5984,-3.1806,6.2462,-0.9495,-0.1748,0.1421
6.5528,-4.5218,7.9323,-0.9968,-0.0534,0.2732
9.7334,-8.9670,13.5271,-1.0090,0.3873,0.5027
16.0562,-12.9906,11.4578,-1.0320,0.8280,0.4602
10.0016,-15.4431,9.3502,-1.8856,1.0114,0.4432
2.9890,-11.6877,5.0966,-0.3060,0.6326,0.4322
2.1459,-6.6677,3.5638,-0.0643,0.0401,0.3509

