-.-.-
-3.5638,-9.9250,2.0693,0.3642,-0.1336,0.3934
0.3832,-11.9559,-3.6404,-0.1688,0.0813,0.5464
0.6131,-15.3281,-4.0236,-0.5063,0.2283,0.4553
-0.3449,-12.1475,-6.5145,0.1930,-0.0243,0.5889
-0.4215,-8.3155,-6.6294,0.4334,0.3047,0.9288
1.8394,-9.1202,-1.6095,0.1797,0.3412,1.0466
2.2609,-10.9213,-2.2226,0.4517,0.3594,0.4832
1.1113,-11.1129,-2.2609,0.4772,0.5294,-0.0850
0.2299,-10.5381,-0.9580,0.4201,0.5439,-0.5221
-1.4562,-10.8063,-1.0346,0.1457,0.5488,-0.8025
-3.0656,-9.9633,-1.0730,0.1833,0.4201,-0.8511
-2.9507,-7.2425,-0.8430,0.0789,0.2161,-0.8329
-1.3795,-6.1313,-0.9580,-0.2113,0.0279,-0.7722
0.0000,-6.1313,-0.5365,-0.3132,-0.1226,-0.7042
1.5328,-6.6677,-0.6898,-0.3521,-0.2331,-0.6095
1.9543,-7.4725,-0.4982,-0.4820,-0.1348,-0.4589
1.8394,-7.4341,0.2682,-0.5136,-0.0012,-0.3181
1.4562,-7.2425,0.6514,-0.4954,-0.0498,-0.1761
0.6131,-8.0473,1.8011,-0.3509,-0.0352,-0.0583
0.1916,-9.5034,2.1843,0.0437,-0.0437,0.1287
-0.5748,-9.2352,1.1496,0.4007,-0.2149,0.2173
-1.4179,-7.7024,0.4982,0.2234,-0.4298,0.1894
-2.8740,-8.3921,-0.0766,-0.2963,-0.4844,0.1105
-2.3759,-13.2588,1.1879,-0.6641,-0.6605,0.1311
0.3449,-15.9413,2.3759,-0.4492,-0.8050,-0.0474
1.8777,-14.6000,2.2609,-0.0231,-0.6908,-0.2938
2.3759,-12.7223,3.3722,0.1724,-0.4905,-0.2853
1.8394,-12.6074,1.3412,0.3812,-0.3703,-0.1894
0.9963,-12.9139,-5.9780,-0.2100,-0.6010,-0.3023
0.2299,-12.8373,-5.2882,-0.1481,-0.1044,-0.5561
0.1150,-9.3502,-4.6751,0.1105,0.1918,-1.0260
1.1496,-9.0436,-3.8704,-0.0862,0.4007,-1.1959
-1.1496,-11.5727,-1.5711,-0.1955,0.1506,-0.9555
-1.4562,-13.1822,-1.4562,0.1469,0.0170,-0.3327
-2.8740,-11.4961,-1.6095,0.4699,0.1275,0.2732
-1.1113,-9.6184,-1.8011,0.4177,-0.0243,0.7091
0.8430,-7.9323,-1.8394,0.4225,-0.1178,0.8353
1.6861,-6.0929,-1.7244,0.1469,0.1068,0.6981
1.1496,-5.5564,-1.2263,-0.4213,0.4092,0.5646
0.3066,-7.0126,-0.7664,-0.6593,0.5779,0.4942
-0.7281,-7.7790,-0.7281,-0.5051,0.6071,0.4711
-1.3412,-7.7407,-0.5748,-0.3339,0.5282,0.4772
-1.6861,-7.6641,-0.2299,-0.2392,0.5087,0.4225
-1.6861,-7.8940,0.4215,-0.1591,0.5464,0.2853
-1.8394,-7.7024,0.6514,-0.1372,0.5039,0.1348
-2.0310,-8.0089,1.1496,-0.1591,0.4177,-0.0328
-1.7244,-8.6221,1.5328,0.1299,0.3861,-0.1506
-1.3412,-9.4268,0.5365,0.3958,0.3570,-0.2161
-1.4179,-9.5418,-0.7664,0.2088,0.3910,-0.2392
-0.8047,-10.1932,-0.8047,-0.4140,0.4905,-0.1238
0.9197,-12.9906,-0.0383,-0.6107,0.4237,0.0255
-0.2299,-14.6000,2.4908,-0.4298,0.5051,0.1093
-2.7974,-13.3738,2.9507,0.1287,0.3776,0.2440
-4.1769,-11.3045,2.1459,0.6301,0.1858,0.3035
-2.9890,-11.4961,-3.6787,0.5852,0.1263,0.5124
-1.9160,-13.6037,-4.8284,-0.2635,0.4359,0.6556
-1.9160,-11.8410,-6.5528,-0.0279,-0.0219,0.7649
-0.8047,-7.8557,-6.5145,0.3375,-0.0923,0.9567
0.7281,-7.2042,-2.7591,0.1299,-0.0255,0.9956
1.5328,-10.7297,-1.2263,0.1105,-0.1238,0.5852
0.4982,-12.3775,-3.0273,0.1651,-0.1020,0.0935
-0.1916,-12.9139,-2.2226,0.1688,-0.0826,-0.4359
-1.9927,-11.1895,-1.1496,0.3327,-0.0704,-0.8025
-3.1806,-8.7754,-1.3795,0.4468,-0.0801,-0.9300
-3.1423,-6.0546,-1.4945,0.2428,-0.2683,-0.8790
-1.3795,-5.8247,-1.0346,-0.1821,-0.5439,-0.7698
0.0383,-6.7444,-0.1533,-0.2987,-0.5901,-0.6763
1.1496,-7.0509,0.1150,0.0352,-0.7297,-0.5597
1.5328,-7.0893,-0.2682,0.0923,-0.7418,-0.4565
1.4945,-7.7407,0.3066,-0.0765,-0.6046,-0.2999
1.1879,-7.9706,0.3449,-0.1445,-0.4565,-0.1445
1.2263,-8.4305,1.6861,-0.0813,-0.3132,0.0085
0.6131,-9.2352,2.1459,0.1469,-0.3582,0.1044
0.4982,-10.2315,1.3795,0.4067,-0.4456,0.2113
0.6898,-9.5418,0.8047,0.5597,-0.3545,0.1894
-0.3449,-7.9323,0.3832,0.2744,-0.4529,0.0571
-2.0310,-10.2315,0.3832,-0.3509,-0.4067,-0.0073
-1.0346,-14.5234,3.1806,-0.6350,-0.3387,-0.0498
1.9543,-14.7916,3.6404,-0.2258,-0.3594,-0.3339
2.2992,-11.8793,3.2955,0.1105,-0.2440,-0.3315
1.9160,-12.0326,0.8814,0.0449,-0.3266,-0.2829
-2.5291,-14.4084,-4.3302,-0.7686,-0.5791,-0.4662
-0.2299,-15.0599,-5.2499,-0.1870,-0.1433,-0.4152
0.6898,-9.5801,-5.3265,0.4395,0.1421,-0.7965
1.0730,-6.7444,-2.8357,0.0546,0.2015,-1.1207
-1.1496,-7.9706,-1.1879,-0.0134,0.1421,-1.0357
-2.5291,-10.5764,-2.1843,0.0486,-0.1603,-0.4893
-2.3759,-11.9943,-1.4945,0.1870,-0.1336,0.1032
-2.0310,-11.4961,-1.3412,0.3545,0.0073,0.5269
1.1496,-9.6950,-1.9927,0.2950,-0.0583,0.6811
2.5291,-7.4725,-1.5328,0.0643,0.0619,0.6496
1.9543,-6.5911,-0.7664,-0.2938,0.1481,0.5670
0.0766,-6.7827,-0.9197,-0.3982,0.3230,0.5342
-1.8011,-7.4341,-0.4215,-0.3533,0.5233,0.6022
-2.6058,-7.3575,-0.2682,-0.2331,0.4444,0.6569
-2.4525,-7.1659,-0.3832,-0.2040,0.2963,0.6204
-1.6478,-7.2809,-0.4215,-0.3339,0.2902,0.4929
-0.9580,-7.8173,0.8430,-0.4043,0.3946,0.3023
-0.7281,-9.1202,1.8394,-0.2270,0.4747,0.0510
-0.7281,-9.9250,1.5711,0.0728,0.5330,-0.1930
-0.6898,-10.4231,0.9963,0.2295,0.6763,-0.3120
-0.5365,-10.7297,0.9963,0.4917,0.6969,-0.2987
-0.6514,-9.6184,0.3066,0.4650,0.7479,-0.1785
-0.8814,-9.7717,-0.9197,-0.1311,0.6641,0.0036
-1.8011,-12.6457,1.3412,-0.5342,0.6933,0.1663
-4.1769,-13.3738,3.8320,-0.2477,0.5172,0.3120
-5.4415,-11.9176,3.0273,0.1870,0.2440,0.3655
-4.8284,-11.6111,0.0000,0.2780,0.1008,0.4189
-0.4982,-14.7533,-3.2572,-0.5136,0.1178,0.6471
-1.9160,-14.1785,-5.0583,-0.2720,-0.2695,0.6738
-1.7627,-10.8446,-6.0546,0.2368,-0.4772,0.8135
-0.5365,-6.8593,-5.2499,0.3752,-0.2198,0.9822
2.2992,-7.6257,-2.3375,-0.0728,-0.1287,0.8001
3.4871,-11.1512,-1.0346,-0.1105,0.0024,0.2404
1.8011,-11.5727,-2.3375,0.2052,0.1627,-0.2732
-0.4598,-10.6530,-1.6861,0.1360,0.1615,-0.5852
-2.9123,-9.4268,-0.9197,0.0850,0.2088,-0.6678
-4.2536,-7.6257,-1.1113,0.0728,0.1700,-0.6775
-3.1039,-6.3229,-0.7281,-0.1943,-0.0559,-0.6350
-0.9197,-7.0126,-0.0766,-0.4808,-0.1676,-0.6180
0.7664,-7.6641,0.1916,-0.4152,-0.1651,-0.5876
1.9160,-7.6257,0.0383,-0.1845,-0.2586,-0.5282
2.4525,-7.6257,0.4982,-0.1445,-0.1493,-0.4954
1.8394,-7.5874,0.3832,-0.1578,-0.0328,-0.4201
0.4598,-7.9323,0.2682,-0.3533,0.0000,-0.3108
-0.0383,-8.4688,1.1879,-0.4687,-0.0134,-0.1214
-0.4982,-9.0436,1.7627,-0.2853,-0.0862,-0.0425
-0.5748,-9.5801,1.2263,0.1093,-0.1712,0.0413

