-.-.-
0.5748,-9.5418,-1.9927,-0.0194,0.0474,-0.0012
0.6131,-9.7717,-2.0693,-0.0073,0.0522,0.0000
0.7281,-9.5801,-1.9543,0.0061,0.0680,0.0049
0.6131,-9.3118,-1.9160,0.0000,0.0741,0.0036
0.5365,-9.3118,-1.9160,-0.0121,0.0923,-0.0024
0.6131,-9.4651,-1.8777,-0.0267,0.0996,0.0000
0.6514,-9.5034,-1.9927,-0.0340,0.0923,0.0024
0.5365,-9.5418,-1.8777,-0.0364,0.0862,0.0012
0.5365,-9.5418,-2.0693,-0.0474,0.0874,0.0024
0.6514,-9.5801,-2.0310,-0.0510,0.0911,0.0049
0.7281,-9.5801,-1.9927,-0.0328,0.1008,0.0061
0.5365,-9.6567,-1.9927,-0.0206,0.1032,0.0073
0.9580,-9.4268,-2.3759,-0.0316,0.1068,0.0231
0.5748,-9.8483,-1.9927,-0.0109,0.1081,0.0389
0.6898,-9.7717,-2.0693,0.0158,0.1081,0.0546
0.7664,-9.6950,-1.9543,0.0158,0.1275,0.0668
0.8814,-9.6184,-2.0310,0.0158,0.1736,0.0668
0.9963,-9.5801,-2.1843,0.0158,0.2453,0.0474
0.8047,-9.5801,-2.1076,-0.0134,0.2708,0.0413
0.6514,-9.2352,-2.5291,-0.0279,0.2708,0.0437
0.3449,-9.0819,-2.8357,-0.0680,0.2598,0.0510
0.6898,-8.6221,-2.6058,-0.0461,0.3084,0.0498
0.6131,-8.0856,-1.5328,0.0583,0.3594,0.0534
0.7664,-7.5491,-1.3029,0.1833,0.3072,0.1117
-0.1533,-7.2809,-1.5711,0.1214,0.3655,0.2003
-0.5748,-6.3612,-2.8357,-0.2610,0.3545,0.2525
-1.1879,-5.1732,-3.1423,-0.7006,0.0474,0.2659
-1.5711,-6.0546,-1.7244,-0.8098,-0.4274,0.2028
-0.0383,-7.9323,-1.1496,-0.4541,-0.4019,0.0728
0.8430,-7.5874,-2.4525,-0.2161,0.0219,0.0304
0.4982,-4.4452,-4.0236,-0.2780,-0.0401,0.1396
-0.3066,-2.0310,-4.0620,-0.5415,-0.2610,0.2440
-1.3412,-4.1386,-1.9160,-0.9288,-0.1809,0.2295
-0.9197,-6.3995,-1.9160,-1.1777,-0.2404,0.3375
0.7664,-9.3885,-1.9160,-1.2566,-0.1481,0.5706
1.7627,-12.7223,-2.3375,-0.8220,-0.1238,0.7564
2.6824,-17.5124,-2.2226,-0.3315,0.2161,0.6581
1.9927,-20.3864,-2.5291,0.2295,1.0915,0.3825
0.6898,-19.0069,-4.2152,1.1134,1.2736,0.2234
-1.1496,-17.0909,-4.2919,1.1364,0.9737,0.1700
-2.2992,-20.2331,-1.9543,0.8742,0.6896,0.1554
-1.9160,-26.2877,-2.2226,0.5573,0.4116,-0.0522
-0.8047,-33.1088,-3.1806,0.1663,0.2963,-0.2319
-1.1496,-33.6452,-3.1423,1.0005,0.1275,-0.1627
-3.6787,-29.9282,-2.7207,1.9135,-0.1360,-0.2173
-5.0583,-20.4630,-4.0236,1.5395,-0.5937,-0.1748
-3.9853,-13.8720,-3.9087,0.3849,-0.9106,-0.1518
-1.8777,-6.8977,-3.7171,0.1226,-1.1704,0.1044
4.6368,-0.7664,-2.2992,0.8548,-0.6556,0.1724
4.1386,4.2919,-4.7134,1.2518,-0.3193,-0.0279
1.1496,7.4341,-4.8667,0.1797,0.0085,0.2210
1.3412,5.4798,-6.2845,-0.3497,0.5634,0.6945
1.6095,-0.4598,-2.1843,-1.0454,0.8948,0.3327
0.7281,-6.3995,0.4982,-0.7637,1.1692,-0.0886
-1.6095,-2.6441,0.3449,0.7528,0.9264,0.0036
-1.3795,2.4908,0.4982,0.9264,0.7734,0.1506
-0.9963,3.2572,0.5365,0.0801,0.4359,0.2780
-1.3795,1.3412,-0.6514,-0.4274,0.1894,0.3120
-1.3412,0.4598,-2.2226,-0.4759,0.2100,0.2780
-0.3066,-0.4215,-2.2609,-0.2865,0.2586,0.2246
0.0383,-0.6514,-1.7627,-0.0134,0.2999,0.1153
0.1916,-0.3449,-2.2226,0.1566,0.2671,-0.0024
0.4215,0.3066,-2.9123,0.2319,0.1457,-0.0680
0.1533,0.7281,-3.7937,0.1906,-0.0522,-0.1323
-0.4982,0.9580,-3.6787,0.1748,-0.1287,-0.1688
-1.1113,0.8430,-2.6058,0.2015,-0.0158,-0.0826
0.4598,-3.1039,-1.5328,0.2744,0.0728,0.0389
-1.4562,-10.0782,1.1879,0.7831,0.3072,0.0959
1.1496,-20.1948,-1.1879,0.5112,0.4177,0.2113
-3.5638,-32.1891,-2.7591,-1.2081,0.3958,-0.4844
-11.1895,-41.2327,3.6021,0.2489,-1.2554,-0.0765
-3.1423,-27.8205,-0.3449,1.9778,-1.4570,0.1554
4.2919,-18.8536,-0.1533,1.2931,-0.8365,-0.2113
5.7480,-17.3208,1.2263,0.2015,-0.6326,-0.1615
2.8357,-16.9376,1.9543,0.0935,-0.3485,-0.1068
-1.3412,-16.3245,1.8011,0.0449,0.0316,-0.0109
-3.6021,-12.6074,0.8430,0.2149,0.0012,-0.0291
-3.1039,-7.4341,-1.1113,-0.1991,-0.3278,-0.1554
-1.2646,-6.0546,-2.1076,-0.5536,-0.3679,-0.3606
0.3066,-6.1313,-2.1076,-0.5634,-0.3084,-0.4990
1.1879,-5.6714,-2.3375,-0.4504,-0.1676,-0.4504
1.2263,-5.0200,-1.9543,-0.2853,-0.0267,-0.3436
0.6898,-4.4068,-1.3795,-0.0789,0.1056,-0.3132
-0.1916,-5.1349,-1.0730,-0.1603,0.2100,-0.3181
-0.6131,-7.0126,-0.9963,-0.3035,0.2695,-0.2598
-0.4215,-8.6221,-0.6514,-0.2052,0.2052,-0.1870
-0.7664,-8.9286,-1.7244,-0.1251,0.0838,-0.1214
-0.6514,-9.5418,-1.4179,-0.1081,0.0328,-0.0656
-0.4598,-10.3465,-0.9197,-0.1311,0.0304,-0.0158
-0.2682,-10.9979,-0.8047,-0.1797,0.0061,0.0862
0.6898,-11.8793,-0.9197,-0.2088,0.1044,0.0886
0.6898,-12.2625,-1.0730,-0.2647,0.1469,0.0304
0.1150,-12.2625,-0.8047,-0.2368,0.0911,-0.0061
-0.4598,-10.1166,-0.9580,0.0340,0.0716,-0.0449
-0.9963,-7.9323,-1.1113,0.0170,0.1032,-0.0898
-0.3832,-7.1659,-0.9963,-0.2428,0.1141,-0.1299
0.5365,-7.1659,-1.2646,-0.3897,0.1833,-0.1336
0.9197,-8.2389,-1.2263,-0.5342,0.2768,-0.0862
0.8430,-10.1166,-1.0730,-0.5561,0.3096,-0.0024
0.1916,-10.7680,-1.5328,-0.4067,0.2926,0.0206
-0.3066,-10.0782,-1.9543,-0.2975,0.2902,-0.0486
-0.8047,-9.6184,-1.4562,-0.2270,0.2137,-0.1348
-0.6131,-9.5418,-1.0730,-0.1858,0.1032,-0.1688
-0.0766,-9.5801,-1.2263,-0.1858,0.0510,-0.1845
-0.0766,-9.6184,-1.2646,-0.1809,0.0413,-0.1930
0.7281,-9.1202,-1.2263,-0.1858,0.0267,-0.1797
0.7664,-9.0819,-1.3795,-0.2295,0.0741,-0.1724
0.4982,-9.0053,-1.2646,-0.2295,0.1238,-0.1724
0.0383,-9.3885,-1.3412,-0.2525,0.1263,-0.1639
0.2682,-9.7334,-1.3795,-0.2683,0.1493,-0.1688
0.2682,-10.1549,-1.6478,-0.2829,0.2088,-0.1809
0.0000,-10.2315,-2.1076,-0.3436,0.0801,-0.1093
-0.2299,-10.5381,-1.6861,-0.2683,-0.0158,-0.0546
0.3449,-9.8483,-2.1459,-0.2343,-0.0571,-0.0036
0.6131,-9.7717,-2.0693,-0.2076,-0.0716,0.0376
0.5748,-9.6184,-2.0693,-0.1166,-0.0219,0.0474
0.6514,-9.4651,-1.8394,-0.0777,0.0668,0.0437
0.5365,-9.5418,-2.0310,-0.0595,0.1166,0.0559
0.4598,-9.5034,-1.9543,-0.0559,0.1457,0.0619
0.3832,-9.2735,-2.2609,-0.1263,0.1105,0.0668
-0.1150,-9.5034,-2.1459,-0.1797,0.0340,0.0862
0.2682,-9.4651,-2.2226,-0.2258,-0.0012,0.0607
0.2682,-9.3502,-2.2992,-0.3181,0.0364,0.0109
-0.3066,-9.8100,-1.9927,-0.3606,0.0449,-0.0109
0.0766,-9.7334,-2.0693,-0.3412,0.0546,-0.0304
0.1916,-9.7717,-2.2226,-0.2914,0.0753,-0.0498
0.3449,-9.8100,-2.1843,-0.2295,0.0425,-0.0352
0.4215,-9.8100,-2.1843,-0.1967,-0.0085,-0.0182

