-.-.-
-0.7281,-8.7754,5.2499,-0.0085,0.0838,-0.0024
-0.8047,-8.8520,5.2882,-0.0121,0.0826,-0.0049
-0.8430,-8.6987,5.3648,-0.0170,0.0838,-0.0049
-0.6898,-8.7370,5.2116,-0.0158,0.0838,-0.0024
-0.8430,-8.7754,5.3265,-0.0182,0.0813,-0.0012
-0.7664,-8.8903,5.2882,-0.0243,0.0850,-0.0036
-0.8047,-8.7754,5.2882,-0.0291,0.0801,-0.0061
-0.7664,-8.7370,5.1349,-0.0243,0.0826,-0.0049
-0.7664,-8.7754,5.2499,-0.0243,0.0813,-0.0036
-0.8047,-8.7370,5.2116,-0.0328,0.0838,-0.0049
-0.6898,-8.8903,5.2116,-0.0231,0.0838,-0.0036
-0.6514,-8.7754,5.2116,-0.0049,0.0789,-0.0012
-0.7664,-8.7754,5.2499,-0.0036,0.0789,-0.0036
-0.6898,-8.8520,5.3648,-0.0012,0.0838,-0.0049
-0.7281,-8.8520,5.4032,-0.0024,0.0862,-0.0036
-0.7664,-8.8520,5.2499,0.0012,0.0838,-0.0036
-0.7664,-8.7754,5.2882,-0.0012,0.0801,-0.0012
-0.7281,-8.8520,5.2116,-0.0036,0.0789,-0.0036
-0.6898,-8.7754,5.2116,-0.0036,0.0801,-0.0024
-0.8430,-8.8903,5.3265,-0.0012,0.0826,-0.0036
-0.8430,-8.7370,5.2499,0.0012,0.0813,-0.0049
-0.8047,-8.6987,5.3648,-0.0024,0.0813,-0.0061
-0.6898,-8.8520,5.2116,-0.0097,0.0813,-0.0061
-0.7281,-8.7370,5.2882,-0.0097,0.0838,-0.0049
-0.7664,-8.7370,5.3648,-0.0073,0.0850,-0.0036
-0.7281,-8.7754,5.2499,-0.0073,0.0838,-0.0036
-0.6898,-8.8520,5.2499,-0.0085,0.0826,-0.0073
-0.8430,-8.8137,5.1732,-0.0061,0.0838,-0.0061
-0.8047,-8.8137,5.2499,-0.0036,0.0838,-0.0049
-0.8047,-8.7754,5.1732,-0.0036,0.0801,-0.0049
-0.7281,-8.8520,5.2116,-0.0049,0.0789,-0.0024
-0.9197,-8.8903,5.1732,-0.0061,0.0789,-0.0036
-0.7664,-8.8137,5.3648,-0.0085,0.0850,-0.0049
-0.7664,-8.9670,5.3648,-0.0049,0.0850,-0.0036
-0.8047,-8.7754,5.2882,-0.0036,0.0838,-0.0024
-0.8814,-8.7754,5.3265,-0.0073,0.0826,-0.0012
-0.7664,-8.8137,5.2882,-0.0121,0.0789,-0.0036
-0.7664,-8.8520,5.3648,-0.0146,0.0801,-0.0036
-0.8047,-8.7754,5.3265,-0.0109,0.0813,-0.0024
-0.8047,-8.7370,5.2882,-0.0134,0.0801,-0.0024
-0.7281,-8.7370,5.2882,-0.0121,0.0838,-0.0061
-0.7664,-8.8520,5.4032,-0.0219,0.0850,-0.0061
-0.7664,-8.6987,5.2116,-0.0073,0.0813,-0.0049
-0.6898,-8.8520,5.2882,-0.0036,0.0801,-0.0024
-0.8047,-8.6604,5.4415,-0.0024,0.0838,-0.0024
-0.8430,-8.6987,5.4032,0.0036,0.0850,-0.0036
-0.7281,-8.6604,5.3648,0.0000,0.0838,-0.0024
-0.8047,-8.8137,5.4032,-0.0061,0.0838,-0.0049
-0.8814,-8.6604,5.2882,-0.0085,0.0813,-0.0036
-0.8047,-8.8520,5.3265,-0.0109,0.0789,-0.0036
-0.8047,-8.7754,5.2882,-0.0085,0.0813,-0.0049
-0.8430,-8.7754,5.3265,-0.0049,0.0838,-0.0061
-0.7664,-8.7370,5.2499,-0.0012,0.0838,-0.0061
-0.6898,-8.8903,5.3648,-0.0085,0.0801,-0.0049
-0.7281,-8.6987,5.4032,-0.0146,0.0826,-0.0036
-0.8047,-8.8137,5.3265,-0.0121,0.0826,-0.0024
-0.6898,-8.8520,5.3648,-0.0109,0.0826,-0.0049
-0.7664,-8.6987,5.2882,-0.0121,0.0838,-0.0036
-0.8814,-8.6987,5.2116,-0.0121,0.0850,-0.0049
-0.7281,-8.8137,5.3265,-0.0134,0.0862,-0.0036
-0.8430,-8.7754,5.4032,-0.0109,0.0850,-0.0036
-0.5365,-8.3921,5.3648,-0.0121,0.0838,-0.0061
-0.6898,-8.8903,5.2116,-0.0109,0.0826,-0.0036
-0.8047,-8.6987,5.2882,-0.0121,0.0850,-0.0036
-0.8430,-8.6987,5.3265,-0.0073,0.0850,-0.0049
-0.8814,-8.7370,5.3265,-0.0085,0.0826,-0.0036
-0.7281,-8.6987,5.2882,-0.0097,0.0813,-0.0036
-0.7664,-8.7370,5.3265,-0.0134,0.0838,-0.0036
-0.7664,-8.8903,5.2499,-0.0146,0.0826,-0.0061
-0.7664,-8.7370,5.3265,-0.0182,0.0813,-0.0036
-0.7664,-8.9286,5.3648,-0.0182,0.0874,-0.0036
-0.7281,-8.8520,5.3265,-0.0134,0.0862,-0.0012
-0.8047,-8.6987,5.3648,-0.0097,0.0826,-0.0024
-0.8047,-8.6987,5.2882,-0.0121,0.0801,-0.0036
-0.6514,-8.7754,5.4415,-0.0243,0.0850,-0.0061
-0.7664,-8.6221,5.2116,-0.0134,0.0874,-0.0036
-0.6898,-8.7754,5.2116,-0.0049,0.0826,0.0000
-0.8430,-8.6604,5.3648,-0.0012,0.0813,-0.0024
-0.8047,-8.7370,5.2499,0.0012,0.0826,-0.0036
-0.7281,-8.7370,5.2116,-0.0085,0.0838,-0.0036
-0.7281,-8.7754,5.2882,-0.0121,0.0874,-0.0024
-0.8047,-8.7370,5.3265,-0.0121,0.0850,-0.0012
-0.7664,-8.7370,5.3265,-0.0121,0.0826,-0.0024
-0.8430,-8.8520,5.4032,-0.0121,0.0813,-0.0036
-0.8814,-8.7754,5.2499,-0.0109,0.0838,-0.0012
-0.8814,-8.6987,5.4415,-0.0097,0.0801,-0.0036
-0.7664,-8.7370,5.5181,-0.0134,0.0777,-0.0049
-0.4982,-8.8520,5.4798,-0.0134,0.0826,-0.0036
-0.5365,-8.7754,5.5564,-0.0121,0.0838,-0.0024
-0.6898,-8.6987,5.2882,-0.0097,0.0850,-0.0036
-0.7281,-8.7370,5.0583,-0.0146,0.0850,-0.0073
-0.5365,-8.9286,5.5948,-0.0182,0.0838,-0.0061
-0.7664,-8.8137,5.4798,-0.0170,0.0862,-0.0049
-0.3066,-9.0053,4.9050,-0.0158,0.0813,-0.0036
-0.7281,-8.9670,5.3265,-0.0170,0.0801,-0.0049
-0.5365,-9.0819,5.4415,-0.0158,0.0813,-0.0049
-0.8814,-8.8520,5.3648,-0.0158,0.0838,-0.0049
-1.1879,-9.0819,5.4032,-0.0109,0.0850,-0.0024
-0.6898,-8.6604,4.9433,-0.0121,0.0813,-0.0024
-0.6514,-8.5071,5.1732,-0.0134,0.0813,-0.0049
-0.8814,-8.6987,5.2499,-0.0182,0.0826,-0.0036
-0.5748,-8.8137,5.4415,-0.0206,0.0838,-0.0049
-0.9197,-9.3502,5.4798,-0.0182,0.0850,-0.0036
-1.1496,-8.8137,5.5564,-0.0182,0.0813,-0.0036
-0.8430,-8.6987,5.3648,-0.0243,0.0826,-0.0036
-0.8047,-8.6604,5.5181,-0.0267,0.0838,-0.0036
-0.7664,-8.6987,5.3648,-0.0255,0.0850,-0.0036
-0.4598,-8.7370,4.8284,-0.0219,0.0826,-0.0036
-0.7664,-8.7370,5.2882,-0.0158,0.0826,-0.0036
-0.6898,-8.6987,5.4798,-0.0279,0.0838,-0.0073
-0.8047,-8.8137,5.2882,-0.0328,0.0850,-0.0061
-0.7281,-8.8137,5.2116,-0.0206,0.0862,-0.0073
-0.6898,-8.7754,5.2499,-0.0121,0.0838,-0.0049
-0.8047,-8.6987,5.3265,-0.0085,0.0826,-0.0049
-0.9197,-8.8903,5.1349,-0.0158,0.0874,-0.0049
-0.7664,-8.7370,5.2882,-0.0219,0.0862,-0.0012
-0.6898,-8.7754,5.2882,-0.0206,0.0838,-0.0049
-0.7664,-8.7754,5.3265,-0.0255,0.0813,-0.0049
-0.7281,-8.8137,5.3648,-0.0267,0.0789,-0.0073
-0.7281,-8.7370,5.2882,-0.0206,0.0826,-0.0012
-0.7664,-8.6987,5.2499,-0.0219,0.0826,-0.0036
-0.8430,-8.6987,5.4415,-0.0206,0.0850,-0.0073
-0.8814,-8.6604,5.2499,-0.0231,0.0862,-0.0061
-0.8047,-8.8520,5.2116,-0.0170,0.0862,-0.0049
-0.6898,-8.8137,5.2499,-0.0182,0.0813,-0.0036
-0.7664,-8.6987,5.2882,-0.0134,0.0838,-0.0049
-0.6514,-8.8137,5.2499,-0.0170,0.0862,-0.0061
-0.7281,-8.7370,5.1349,-0.0170,0.0862,-0.0049

