-.-.-
2.4908,-10.2315,-3.2572,-0.3145,0.1056,-0.0073
2.2992,-10.9979,-3.3722,-0.1724,0.1299,-0.0704
2.1459,-11.6111,-3.2572,-0.0741,0.1627,-0.1190
2.4908,-12.9139,-2.9890,-0.0947,0.2064,-0.1481
3.5255,-14.4084,-3.2189,-0.0085,0.2732,-0.1603
4.0236,-15.0599,-3.2955,0.1117,0.4225,-0.2246
2.9123,-14.4084,-3.9087,0.1615,0.1833,-0.0971
1.6478,-13.5654,-3.9853,-0.0304,-0.1093,0.0777
0.8047,-12.5691,-4.4835,-0.0316,-0.4067,0.1797
0.9580,-11.0363,-4.7900,-0.0036,-0.6908,0.2768
1.4945,-10.7297,-4.0620,-0.0656,-0.7443,0.2659
1.5711,-11.2279,-3.1423,0.1833,-0.6265,0.2015
1.7627,-10.5381,-2.7974,0.5512,-0.4432,0.2380
2.1076,-9.3885,-3.1806,0.7127,-0.3035,0.2404
2.2226,-8.8903,-3.1039,0.5136,-0.1858,0.2331
1.7627,-9.3118,-2.6058,0.4092,-0.1821,0.3084
1.4179,-9.4651,-2.4525,0.4165,-0.3132,0.3922
1.2646,-8.4305,-2.5675,0.4019,-0.2938,0.4043
1.1113,-7.3192,-3.2189,0.3351,-0.2295,0.4237
0.9197,-6.9743,-3.3339,0.2210,-0.2040,0.4869
0.6898,-7.4341,-3.7937,0.1311,-0.2489,0.5524
-0.2299,-7.9323,-2.6824,0.0583,-0.3691,0.6095
-0.7281,-8.1239,-2.1843,0.1117,-0.5306,0.6641
-0.8430,-8.3538,-2.4908,0.1918,-0.7285,0.6860
0.0383,-8.0473,-2.2609,0.2428,-0.7006,0.6119
1.1879,-7.8940,-2.2226,0.2319,-0.4274,0.3970
2.1459,-8.2772,-1.9543,0.2076,-0.0813,0.1833
2.1459,-8.4305,-1.8777,0.1906,0.1797,0.0716
1.3795,-8.7754,-1.9543,0.1833,0.3108,0.0643
0.2682,-9.1202,-1.9543,0.1433,0.2950,0.0850
-0.6131,-9.3118,-1.8777,0.1311,0.2246,0.1105
-1.0346,-9.6184,-1.7244,0.1408,0.0874,0.1408
-0.9963,-9.8100,-1.6861,0.1068,-0.0449,0.1481
-0.8430,-9.8100,-1.2263,0.1238,-0.0886,0.0874
-0.4598,-9.7717,-1.2646,0.2404,-0.1226,0.0607
-0.1533,-9.3118,-1.3412,0.2125,-0.1493,0.0267
0.0383,-9.6567,-0.7664,0.1214,-0.1360,-0.0097
0.3449,-10.1549,-0.3066,0.0996,-0.1081,-0.0291
0.3066,-9.8866,-0.5365,0.1093,-0.1032,-0.0571
0.2299,-9.3885,-0.4215,0.0728,-0.1020,-0.0656
0.3066,-9.4268,-0.3066,0.0121,-0.1008,-0.0304
0.3832,-9.7717,-0.6131,-0.0559,-0.0971,-0.0049
0.5365,-10.3848,-0.9580,-0.0874,-0.0862,-0.0364
0.5748,-10.7680,-0.8814,0.0668,-0.0425,-0.1056
0.1533,-10.2315,-0.6514,0.2246,0.0024,-0.1651
-0.2299,-9.5034,-0.8047,0.1627,-0.0425,-0.1724
-0.4982,-9.8100,-0.7664,0.0352,-0.1311,-0.1384
-0.5365,-10.3848,-1.1113,-0.0656,-0.2720,-0.0728
-0.2299,-10.6914,-0.8814,-0.0911,-0.2732,-0.0340
0.5365,-11.0363,-0.3449,-0.0741,-0.1615,-0.0231
0.9963,-11.2662,-0.4598,-0.0874,0.0231,-0.0340
0.9963,-12.0709,-0.3066,-0.0716,0.1032,-0.0522
0.0000,-12.2242,0.0000,-0.0425,0.0898,0.0036
-0.7281,-12.8756,-0.9580,-0.2404,0.0340,0.1105
-1.2646,-14.4084,-1.6861,-0.5172,-0.1129,0.2100
-0.2299,-15.2515,-2.0693,-0.5476,-0.0546,0.1906
0.3449,-14.7533,-3.0273,-0.7698,0.2501,0.0971
0.4215,-12.5691,-3.9087,-0.9895,0.5075,-0.0826
1.2263,-11.4961,-4.1769,-0.9810,0.6908,-0.2708
2.4142,-11.2279,-3.7937,-0.8450,0.7916,-0.3254
1.9160,-10.8446,-2.9507,-0.5282,0.7309,-0.3412
1.5328,-10.7680,-3.0656,-0.3667,0.5852,-0.3752
1.1496,-10.2698,-2.9123,-0.2817,0.5864,-0.4140
0.7281,-9.8866,-2.3759,-0.1639,0.4614,-0.3982
0.1533,-9.5418,-2.1843,0.0571,0.1748,-0.2926
0.0000,-8.9286,-2.2226,0.1190,-0.0024,-0.2307
0.0383,-8.3921,-2.3375,0.0376,-0.1153,-0.2501
0.6131,-7.5491,-2.4142,-0.0546,-0.1481,-0.2999
1.3795,-7.5108,-2.4525,-0.1870,-0.1056,-0.4043
1.9160,-7.8557,-2.5291,-0.3642,0.0595,-0.5221
2.5675,-7.5491,-2.6824,-0.3667,0.2185,-0.5779
2.4908,-7.6641,-2.6824,-0.2999,0.3509,-0.5816
2.2609,-7.7024,-2.3759,-0.1457,0.4504,-0.5549
1.7244,-7.7407,-2.1843,-0.0316,0.4602,-0.4990
1.4945,-7.4725,-2.2226,-0.0267,0.4274,-0.4626
1.4562,-7.5874,-2.4525,-0.1032,0.3509,-0.4140
1.3795,-8.0089,-2.4908,-0.2040,0.2756,-0.3533
1.6861,-8.5071,-2.3375,-0.2744,0.2210,-0.3011
2.0693,-9.1586,-2.5291,-0.2647,0.2137,-0.2780
2.3375,-9.4651,-2.4142,-0.2185,0.2598,-0.2817
2.4525,-9.5801,-2.2992,-0.1943,0.2489,-0.2404
2.1843,-9.5418,-2.4525,-0.1518,0.1930,-0.1627
2.2226,-9.3502,-2.4142,-0.1068,0.1712,-0.0971
2.1076,-9.3502,-2.0693,-0.1068,0.1117,-0.0182
2.3759,-9.1202,-1.8777,-0.1226,0.1214,0.0291
2.1459,-9.5418,-1.9543,-0.1906,0.1469,0.0741
2.1843,-9.9633,-2.3375,-0.0898,0.1663,0.1153
2.6824,-9.7717,-1.9160,-0.1251,0.1906,0.1153
2.8357,-9.1202,-1.5328,-0.1615,0.2683,0.1299
3.1039,-8.8520,-1.7244,-0.1882,0.3108,0.1894
2.8357,-9.5418,-2.1843,-0.2113,0.3327,0.2064
2.8357,-10.2315,-2.0693,-0.1785,0.3060,0.1469
2.7207,-10.3848,-2.4142,-0.2222,0.3302,0.1020
2.9123,-10.3082,-2.5291,-0.2756,0.3837,0.1238
2.7974,-10.4231,-2.4908,-0.2210,0.4954,0.1627
3.1039,-10.1166,-2.4525,-0.1020,0.5112,0.1578
2.9890,-10.4614,-2.4525,-0.1481,0.4468,0.1396
2.6824,-11.1512,-2.3375,-0.1967,0.3606,0.1056
2.7207,-11.4195,-2.2609,-0.1093,0.4055,0.0522
3.0656,-11.6111,-2.5675,0.0206,0.5682,0.0182
3.1039,-11.6494,-2.6058,0.1008,0.6799,0.0340
3.2955,-12.1859,-2.6058,0.0291,0.6532,0.0886
2.8357,-12.7223,-2.4525,-0.1348,0.5682,0.1518
2.4908,-13.5271,-2.2992,-0.2878,0.4480,0.1761
1.9927,-13.6804,-2.4525,-0.2623,0.3302,0.1700
1.3412,-12.9523,-3.1039,-0.0850,0.3060,0.2100
1.0730,-11.1895,-3.4488,0.0959,0.2683,0.3035
2.0310,-9.1969,-4.2919,0.2076,0.3120,0.3958
3.1423,-8.0473,-4.2536,0.2695,0.6034,0.4043
4.1386,-9.4268,-3.9470,0.3825,0.9725,0.3254
3.7171,-9.8100,-3.5638,0.6010,1.3307,0.2028
2.2226,-9.1969,-3.8320,0.5561,1.3526,0.3436
1.4945,-9.1969,-3.2955,0.2841,1.3016,0.4432
1.7244,-9.8866,-3.2189,0.2343,1.3319,0.3982
2.1459,-10.0782,-3.1423,0.1833,1.5177,0.3521
2.1843,-9.6567,-3.1806,0.1700,1.8103,0.3315
2.1076,-9.3885,-3.3722,0.0680,2.0531,0.3302
2.1076,-9.1202,-3.1806,-0.0813,2.1490,0.3570
1.3795,-8.9670,-3.3722,-0.1311,2.1308,0.4237
1.2263,-8.8903,-4.1003,-0.1688,2.1223,0.4565
1.8394,-9.3502,-3.6787,0.0121,2.3518,0.3327
2.8740,-9.6184,-3.0656,0.2003,2.7282,0.1068
3.3339,-9.1586,-3.5255,0.2513,3.1264,-0.0619
3.1423,-8.8903,-3.5255,0.1299,3.4676,-0.0741
2.3759,-8.8903,-3.7554,0.0073,3.6934,0.0777
1.6095,-9.7334,-3.8320,-0.0959,3.8816,0.2076
1.4562,-10.4998,-3.7171,-0.0486,4.0686,0.2695
1.6861,-10.6147,-3.6021,0.1554,4.3418,0.2793

