-.-.-
-0.1533,-8.3538,-2.3759,-0.0692,-0.2173,-0.3266
0.6898,-10.6147,-3.6787,-0.3436,-0.3460,-0.4201
2.4525,-13.6420,-2.0310,-0.2538,-0.1833,-0.4213
2.4142,-14.8300,-1.4945,-0.0413,-0.0146,-0.4857
0.0000,-14.8300,-1.3029,0.0789,-0.4419,-0.3642
-0.1916,-14.5617,0.0000,0.2550,-0.1542,-0.0595
0.8814,-13.2205,-0.6131,0.3485,-0.0874,0.1020
1.6095,-12.9139,-6.1313,-0.2477,-0.2902,0.1445
-0.2682,-14.4851,-7.3575,-0.6823,-0.4444,0.3667
-1.8777,-12.0326,-9.5034,-0.1166,-0.4165,0.4929
-0.9963,-9.5034,-6.7827,0.2307,-0.4674,0.3849
0.7281,-9.6567,-7.2809,-0.1785,-0.8317,0.5585
3.7171,-11.5727,-3.2572,0.1056,-0.4262,0.5184
3.3722,-10.3082,-6.7444,0.2076,-0.2404,0.3582
2.2609,-10.0399,-4.5984,-0.1263,0.1202,-0.0692
1.4562,-9.1586,-3.5638,0.0036,0.4371,-0.5767
0.8814,-7.1659,-3.7171,0.1141,0.7576,-0.8208
0.0000,-5.9013,-3.8320,0.0097,0.8463,-0.7163
0.0383,-5.5181,-3.3339,0.0971,0.7576,-0.5184
0.4982,-5.7097,-2.2609,0.1008,0.4529,-0.3132
0.9963,-6.2845,-1.6478,0.1542,0.1627,-0.2076
1.3412,-6.6294,-1.2646,0.2865,0.0559,-0.1190
2.1459,-8.1622,-1.2646,0.2659,0.1056,0.1141
2.8357,-8.6221,-0.5365,0.3958,0.3157,0.2695
3.4105,-7.1659,-0.5365,0.5451,0.4322,0.3254
2.5675,-7.2042,-0.8430,0.3448,0.3157,0.3436
1.4945,-9.5034,-1.9160,0.1930,0.1251,0.3740
1.3412,-11.0363,-2.4908,-0.0267,0.2355,0.2598
-0.0766,-12.6840,-0.7664,-0.3181,0.1967,0.0971
2.2226,-13.8336,-1.0346,-0.2525,0.3849,0.1542
4.4068,-16.0179,-0.4215,-0.2950,0.4128,-0.0036
3.2572,-16.2095,0.5748,0.2185,0.3242,-0.4152
-1.3029,-14.2168,-4.2152,0.3970,0.0024,-0.5063
-0.9580,-12.4158,-7.8557,-0.0534,-0.1918,-0.4152
-0.0383,-11.8410,-8.5071,-0.4007,-0.3363,-0.5148
0.2682,-10.1549,-7.8940,0.1081,-0.4444,-0.7540
0.1916,-11.3045,-5.9780,-0.2635,0.0073,-0.9458
-2.5291,-13.4121,-2.9890,0.1603,-0.3606,-0.6435
-1.4179,-10.3848,-4.8284,0.2683,-0.2950,-0.2125
0.9580,-8.9286,-3.1423,-0.2793,-0.2453,0.2610
2.4908,-7.8557,-3.4105,-0.2283,-0.5002,0.7673
2.8357,-6.9743,-3.4871,-0.2258,-0.5573,0.9822
2.5675,-6.7061,-2.9507,-0.2999,-0.4407,0.8790
1.2646,-5.5564,-2.2226,-0.2416,-0.2307,0.6107
-0.0766,-4.6751,-2.0693,-0.1530,-0.1190,0.4893
-1.1496,-4.9433,-1.8777,-0.2064,-0.0777,0.3533
-1.4562,-6.3995,-1.3029,-0.1845,-0.2380,0.2525
-1.1879,-7.4725,-0.9963,0.0692,-0.4966,0.1493
-1.3795,-8.0089,-0.6131,0.3242,-0.6617,-0.0510
-1.4179,-7.8173,-0.6514,0.4165,-0.7382,-0.2392
-0.9580,-7.7024,-0.9963,0.3375,-0.6653,-0.3035
-0.1916,-9.2352,-2.4142,0.0049,-0.7406,-0.3230
1.5328,-12.9139,-1.6861,-0.2708,-0.5694,-0.3387
4.1769,-16.3628,-0.1916,-0.2550,-0.1202,-0.4322
1.5711,-16.2861,-0.8814,0.0983,-0.2222,-0.3497
-0.3832,-14.3318,-0.0383,0.2283,-0.2100,0.0559
0.1150,-13.5654,1.0730,0.3266,0.1979,0.2343
0.0000,-14.7916,-3.7554,-0.0607,0.0741,0.2234
-2.3375,-15.9029,-7.2809,-0.5282,-0.3885,0.5184
-3.1806,-13.4504,-9.0053,0.0862,-0.3278,0.7006
-0.0766,-8.6604,-6.0929,0.3837,-0.2598,0.5099
0.8814,-7.6641,-7.0893,0.1336,-0.7443,0.6253
3.5638,-11.2662,-2.6824,-0.3169,-0.0850,0.3363
2.8740,-11.7643,-4.7517,-0.1117,0.1372,0.1153
1.0730,-11.5727,-2.8740,-0.1469,0.1943,-0.1943
0.2682,-9.9250,-2.7974,0.0510,0.4067,-0.6787
0.2682,-7.3192,-3.5638,0.2234,0.5488,-0.9300
-0.1150,-5.0583,-3.3722,0.1566,0.5804,-0.9118
0.0000,-3.9853,-2.7591,0.0923,0.3946,-0.7054
1.5328,-4.2919,-2.1843,0.0097,0.2331,-0.4140
1.9543,-5.5564,-1.7244,-0.2161,0.2938,-0.2829
2.2609,-7.2042,-1.3795,-0.1360,0.3642,-0.1918
2.5675,-7.8557,-1.4179,0.0182,0.3217,-0.0024
2.9507,-7.2042,-0.9197,-0.0765,0.3982,0.1967
2.9890,-6.5145,-0.5365,-0.1773,0.5767,0.2392
1.6478,-7.3958,-0.4215,-0.3084,0.6386,0.2295
1.3029,-10.3465,-1.4179,-0.2392,0.4492,0.2477
3.2572,-11.7643,-3.6404,-0.0728,0.6229,0.1918
1.0346,-12.2625,-2.3759,-0.1688,0.4577,0.0194
-0.3449,-12.9523,-1.9160,-0.3460,0.3727,0.2040
1.6861,-15.5197,-0.3066,-0.3788,0.4067,0.0826
2.4908,-15.5964,0.6898,-0.0134,0.2283,-0.3011
0.2299,-15.7113,-3.2189,0.0522,-0.0085,-0.5330
1.1496,-16.2095,-5.2499,-0.0765,-0.2538,-0.6386
0.8047,-14.2935,-7.6257,-0.0291,-0.4577,-0.6775
0.0000,-10.5381,-9.8483,-0.0474,-0.5816,-0.6629
-1.3029,-8.2772,-4.5984,0.3302,-0.6119,-0.7176
-2.9123,-9.5418,-4.3685,-0.0607,-0.7904,-0.6933
-1.7244,-9.3118,-3.7554,-0.1129,-0.8608,-0.2720
2.7207,-8.2005,-4.2536,-0.1627,-0.6423,0.0886
5.2882,-9.0053,-3.4871,-0.3837,-0.5767,0.5342
4.4068,-9.1586,-3.1039,-0.1554,-0.3679,0.8159
3.6787,-8.5071,-2.5675,-0.0728,-0.1081,0.8742
2.4142,-7.2042,-2.2226,0.1943,0.2173,0.7333
0.8430,-4.9816,-2.4908,0.2501,0.4395,0.6556
-0.8430,-4.5218,-2.3375,-0.0389,0.4796,0.5342
-1.3795,-5.9396,-1.5328,-0.3812,0.4310,0.3946
-1.4945,-7.3192,-1.3412,-0.3387,0.3642,0.2465
-1.9160,-8.0089,-1.1496,-0.2623,0.1676,0.0971
-1.7627,-7.5874,-1.4179,-0.1457,0.0704,-0.0267
-0.5365,-7.8173,-0.8430,-0.2878,0.0255,-0.1020
1.0730,-8.5454,-0.9963,-0.3266,0.0874,-0.2028
1.4945,-9.8483,-2.2226,-0.2732,-0.1627,-0.2914
1.1496,-12.3391,-3.1806,-0.4031,-0.2368,-0.2525
1.6861,-15.7113,-2.1076,-0.3582,0.0486,-0.2392
0.3066,-15.6730,-1.9160,0.1530,0.0206,-0.2623
-0.1533,-13.6420,-0.7664,0.2683,0.0510,-0.0935
0.8430,-12.9906,1.1113,0.2100,0.3315,0.0364
0.7281,-13.2205,-3.0656,0.0437,0.2380,-0.0073
-1.7244,-13.9486,-8.7370,-0.6811,-0.4177,0.3630
-3.8320,-12.5691,-8.8520,-0.2562,-0.3351,0.4978
-1.5328,-10.4231,-6.7827,0.0012,-0.5694,0.5099
0.0766,-11.1129,-7.5874,-0.2185,-1.1959,0.5476
3.1423,-12.3775,-4.6368,-0.0546,-0.5986,0.3667
2.5291,-11.3428,-5.4798,0.0874,-0.2975,0.0789
1.3412,-10.1166,-4.2536,0.0461,-0.0061,-0.3096
0.6898,-8.8137,-3.7937,-0.0595,0.2052,-0.8608
0.3832,-6.8210,-3.7554,-0.1141,0.2708,-1.0199
-0.3832,-5.5564,-4.0236,-0.2198,0.2623,-1.0357
-0.4215,-5.8247,-3.6021,-0.3873,-0.0073,-0.7795
1.0346,-6.0163,-2.1459,-0.5427,-0.2185,-0.6192
2.2609,-5.2499,-2.0310,-0.3205,-0.2550,-0.4796
3.4871,-6.0929,-1.9543,-0.3400,-0.1712,-0.3460
4.6368,-7.2425,-2.4908,-0.2343,-0.1506,-0.0947
4.6368,-7.7407,-2.1076,-0.1870,0.0643,0.1785
3.6787,-7.1659,-1.9927,-0.1906,0.3387,0.3351
2.5291,-7.2809,-2.1843,-0.2125,0.4116,0.3970
0.8814,-7.9706,-2.4908,0.0474,0.3995,0.3400

