-.-.-
0.3832,-9.6567,0.0766,0.0049,1.1146,-0.0437
0.3449,-9.9250,0.0383,0.0036,1.1182,0.0012
0.0766,-9.7717,0.2682,0.0789,1.0830,0.0097
0.0000,-9.6567,0.6131,0.1688,1.0417,0.0000
-0.0766,-9.0436,0.3832,0.1748,0.9798,-0.0109
-0.1533,-9.1586,0.3066,0.1238,0.9070,0.0085
-0.0766,-9.5034,0.3066,0.1153,0.8171,0.0389
0.1533,-9.8100,-0.7281,0.0813,0.7406,0.0352
0.4598,-10.6914,-0.3832,-0.0741,0.7139,-0.0073
0.6898,-10.8830,0.6514,0.0134,0.6411,-0.1809
0.8814,-10.1549,0.5365,0.0898,0.5512,-0.3509
1.2646,-10.6530,-0.8430,-0.0061,0.5682,-0.3217
1.6095,-10.1932,-0.4598,0.1882,0.7200,-0.3060
0.7281,-9.0819,0.0000,0.3776,0.7552,-0.2817
0.5748,-8.5454,-0.1533,0.3752,0.7212,-0.2659
1.1113,-8.9670,-0.4982,0.2999,0.8038,-0.2659
1.4562,-9.6950,-0.3832,0.1930,0.9883,-0.1785
1.7244,-9.7334,-0.6898,0.2355,1.1413,-0.1105
1.6478,-9.6567,-0.9197,0.3302,1.2736,-0.1421
1.1879,-9.2352,-1.3412,0.4407,1.3902,-0.2064
0.5748,-8.1622,-1.2646,0.4929,1.4861,-0.2865
0.4598,-8.3538,-1.3795,0.2999,1.5784,-0.2829
0.3832,-10.0016,-1.3412,0.1275,1.7229,-0.1918
0.0766,-10.3082,-1.1879,0.2428,1.8188,-0.1506
0.2299,-10.1166,-0.7664,0.2914,1.9317,-0.1809
0.0383,-9.6184,-0.3066,0.2100,2.0155,-0.2695
-0.4982,-9.6567,-0.1150,0.1190,2.0507,-0.2683
-0.3449,-10.2698,0.0383,0.0522,2.0677,-0.2173
-0.2299,-10.9213,0.1916,-0.0328,2.1187,-0.1481
-0.3066,-10.5381,0.0000,0.0206,2.1527,-0.1348
-0.0766,-10.0399,-0.1916,0.0389,2.1369,-0.1457
-0.0383,-9.6950,-0.2299,-0.0024,2.1430,-0.1578
-0.4215,-9.0436,-0.3832,-0.0304,2.1430,-0.1348
-0.1533,-9.1969,0.0000,-0.1384,2.2049,-0.1020
0.4215,-9.4651,0.1150,-0.2173,2.2328,-0.0826
0.8430,-9.7334,0.0383,-0.2125,2.3081,-0.0826
0.7281,-9.4268,0.0000,-0.1408,2.3906,-0.0898
0.1916,-9.2352,-0.1150,-0.0813,2.3736,-0.1311
-0.7281,-9.5034,-0.3066,-0.1518,2.2935,-0.1833
-0.4982,-10.1932,0.0766,-0.1068,2.1709,-0.1930
0.0000,-9.5418,-0.1150,0.1894,2.1527,-0.2234
0.0000,-8.8903,-0.8814,0.2003,2.1017,-0.2465
-0.3832,-9.2352,-0.9580,0.1226,2.0155,-0.2416
-1.6861,-9.7334,-0.3832,-0.0134,1.9220,-0.1688
-2.3759,-10.5381,0.5365,-0.1870,1.7763,-0.0522
-2.4525,-11.0363,0.3066,0.0085,1.6330,-0.0085
-1.8777,-9.8483,-0.5365,0.2210,1.5225,-0.0595
0.0766,-8.9286,-0.1916,0.0182,1.4023,-0.1020
1.5711,-9.2352,0.1916,-0.1105,1.4545,-0.0741
1.7627,-9.5801,0.0383,-0.1020,1.5007,-0.0692
1.9160,-9.5801,0.3449,-0.2270,1.5723,-0.0498
1.6861,-9.9250,0.4215,-0.2477,1.6792,-0.0898
0.8814,-9.1969,0.8047,-0.1615,1.6852,-0.1457
0.7664,-9.7717,1.0346,-0.3448,1.6002,-0.1845
0.6514,-10.0399,1.5711,-0.2708,1.5007,-0.1566
0.8047,-9.6567,0.9580,-0.0668,1.4205,-0.1372
1.1496,-9.3502,0.6514,-0.0304,1.3392,-0.1506
1.5328,-9.5034,0.7281,-0.0838,1.2761,-0.1906
1.5711,-9.6184,0.6131,-0.0643,1.2239,-0.2125
0.7281,-9.6184,0.8047,-0.0158,1.2129,-0.2185
0.5748,-9.5034,0.9963,0.0765,1.1498,-0.1906
0.6898,-9.1586,0.6898,0.1615,1.1182,-0.1360
1.2646,-9.3118,0.7281,0.1518,1.1231,-0.1129
1.4179,-9.3885,0.8430,0.1190,1.1449,-0.1117
1.4179,-9.2735,0.7281,0.1275,1.1789,-0.0971
1.4562,-9.4651,0.8814,0.1056,1.1474,-0.0923
1.0346,-9.3885,0.7281,0.0571,1.1243,-0.0765
0.9580,-9.4268,0.4598,0.0170,1.1425,-0.0413
0.9580,-9.5418,0.7281,-0.0085,1.1134,-0.0194
1.0346,-9.5034,1.0346,0.0000,1.0709,-0.0340
1.1113,-9.5801,0.4982,-0.0279,1.0660,-0.0546
1.2263,-9.4268,0.3832,0.0061,1.0429,-0.0643
1.0346,-9.5034,0.5748,-0.0194,1.0126,-0.0595
0.7664,-9.6184,0.6514,-0.0728,0.9689,-0.0631
0.6514,-9.4268,0.3832,-0.1008,0.8803,-0.0546
0.6131,-9.4268,0.1916,-0.1032,0.8086,-0.0364
0.6898,-9.5418,0.4215,-0.1518,0.7625,-0.0024
0.9197,-9.7717,0.6131,-0.1372,0.6969,0.0231
0.8430,-9.8483,0.7664,-0.0813,0.6471,0.0219
0.7664,-9.8100,0.9963,-0.0121,0.5658,0.0389
0.6514,-9.5034,0.8430,0.0571,0.5063,0.0534
0.7281,-9.2352,1.1496,0.0559,0.4602,0.1044
1.4179,-9.1202,0.7664,0.0668,0.4128,0.1688
1.4562,-9.5034,0.0383,0.0146,0.4116,0.2149
1.5328,-10.5764,0.4215,-0.0898,0.4334,0.1457
1.2263,-10.8830,0.3832,-0.0474,0.4577,0.0474
0.9580,-10.4614,0.0383,0.1068,0.4808,-0.0486
0.1150,-9.6184,0.1150,0.2380,0.4674,-0.1008
-0.3832,-8.9286,-0.0383,0.2064,0.3849,-0.0595
-0.1916,-8.9670,0.1533,0.1105,0.2598,0.0182
0.2299,-9.6567,-0.0383,0.1153,0.1918,0.0826
0.7281,-9.5801,0.2682,0.1530,0.1639,0.1081
0.9963,-9.6184,0.1916,0.1348,0.1700,0.0765
0.9197,-9.7717,0.1150,0.1445,0.1943,0.0643
0.4215,-9.6567,0.1533,0.2331,0.2319,0.0680
0.0383,-9.6184,0.1533,0.2550,0.2270,0.0559
-0.1150,-9.2735,-0.1533,0.2671,0.2623,0.0340
0.1916,-9.4268,-0.3066,0.1930,0.2732,0.0376
0.2682,-9.7334,-0.0766,0.1105,0.2756,0.0376
-0.0383,-9.9250,0.3066,0.1032,0.2489,0.0534
-0.4215,-10.0782,0.4982,0.0643,0.2319,0.1093
-0.5748,-10.1932,0.6514,0.0826,0.2222,0.1263
-0.6131,-9.6950,0.7281,0.1663,0.2307,0.1238
-0.3832,-9.4651,0.9963,0.1263,0.2270,0.1263
-0.3066,-9.2735,1.0730,0.0389,0.2125,0.1081
-0.1533,-9.3885,0.9580,-0.0352,0.2283,0.0923
-0.5365,-9.7334,1.1113,-0.0595,0.2149,0.0935
-0.5748,-9.8866,1.0346,-0.0583,0.2295,0.1032
-0.4598,-9.6950,0.9580,-0.0668,0.2428,0.1384
-0.5365,-9.4651,0.4598,-0.0583,0.2355,0.1663
-0.4215,-9.2735,0.6514,-0.1190,0.2477,0.1773
-0.1916,-9.6567,0.6898,-0.1676,0.2453,0.1858
-0.3066,-10.0016,0.5748,-0.0874,0.2938,0.1627
0.3066,-9.6950,0.8814,0.0000,0.3400,0.1348
0.4982,-9.1202,1.3795,0.0024,0.3946,0.1178
-0.0383,-8.9286,0.8047,-0.0097,0.3897,0.0486
-0.4215,-9.1586,0.9963,-0.0219,0.3776,-0.0291
-0.0766,-9.6950,1.5328,-0.0401,0.3436,-0.0765
-0.0766,-9.8866,1.4562,0.0983,0.3254,-0.1481
-0.1916,-9.5034,1.4945,0.2355,0.2950,-0.2368
-0.3449,-9.4268,0.8814,0.1882,0.2270,-0.2562
-0.9580,-9.5034,0.6131,0.1299,0.1506,-0.2404
-0.2299,-9.6950,0.8430,-0.0049,0.0838,-0.1858
0.0383,-10.0399,0.5365,-0.0474,0.0607,-0.0741
0.0000,-10.5764,-0.1150,-0.0437,0.0971,0.0643
0.0000,-9.4651,-0.1533,0.0498,0.1129,0.1360
0.0000,-8.3538,-0.0766,-0.0571,0.1530,0.1372
0.1533,-8.2389,-0.2682,-0.2598,0.1761,0.1105

