-.-.-
-2.9507,-12.8373,-1.2646,-0.0728,0.1056,0.4929
0.1916,-10.8830,-2.0693,0.4553,0.1578,0.7042
2.6058,-7.4341,-2.9123,0.4237,0.2501,0.6532
2.4525,-5.8247,-1.4562,-0.1469,0.3157,0.4662
0.6514,-6.6677,-0.4215,-0.3375,0.4286,0.4201
-0.8430,-7.5491,-0.4598,-0.0813,0.5658,0.5075
-1.6095,-7.5108,-0.8814,0.0716,0.6131,0.5391
-2.0693,-7.3575,-0.6898,-0.0206,0.4759,0.4869
-1.9160,-7.5108,0.1150,-0.0801,0.3557,0.4201
-1.7627,-7.4725,0.5365,-0.1809,0.3193,0.2793
-1.3029,-7.8173,0.5748,-0.3922,0.3387,0.1105
-1.1496,-8.3538,1.1496,-0.3217,0.3655,-0.0546
-0.8814,-9.1586,1.5711,0.0898,0.4407,-0.1833
-0.4982,-10.0782,0.6131,0.2489,0.5087,-0.2440
-0.5365,-10.4998,0.6131,0.2113,0.5233,-0.2185
-0.9963,-10.2698,0.1533,-0.0789,0.5184,-0.0898
-0.3832,-11.9176,0.1916,-0.3776,0.5257,0.1591
-1.2646,-13.7953,2.1843,-0.4165,0.5233,0.3327
-4.2152,-12.9139,2.4908,-0.0049,0.3254,0.4116
-4.9816,-11.5344,0.9580,0.4201,0.1445,0.4249
-3.7937,-13.4121,-3.2955,0.0146,0.1833,0.6423
-1.0730,-15.7880,-3.6021,-0.4432,-0.2550,1.0162
-1.8011,-12.4924,-6.2079,0.3157,-0.4662,1.0794
-0.2682,-7.2425,-5.8630,0.7176,-0.3740,1.0842
1.4945,-5.9013,-2.9507,0.4116,-0.0801,0.8098
2.9507,-9.1969,-1.7244,-0.0631,-0.0291,0.1797
1.1113,-11.6494,-2.1076,0.1032,0.1214,-0.2695
-0.3832,-12.0326,-1.4945,0.1445,0.1408,-0.5124
-2.6058,-11.4195,-1.4562,0.1639,0.2647,-0.5694
-3.3339,-9.3885,-1.1496,0.2416,0.1421,-0.6338
-2.1843,-7.2425,-1.4562,0.1226,-0.1008,-0.6751
-0.2682,-6.4761,-0.8430,-0.1761,-0.2149,-0.7431
0.6131,-6.6677,-0.4215,-0.2878,-0.2453,-0.8147
0.6898,-6.5911,-0.6131,-0.2538,-0.3011,-0.7989
0.5748,-6.5911,-0.4215,-0.3120,-0.2780,-0.6399
0.4982,-7.1659,-0.1916,-0.4784,-0.2440,-0.4383
0.8814,-7.7790,0.1916,-0.6399,-0.2635,-0.2489
1.1113,-8.4305,1.3412,-0.5112,-0.2149,-0.1166
1.2646,-9.3502,1.8394,-0.1724,-0.1918,0.0073
0.6514,-10.2698,1.6095,0.2283,-0.2574,0.0522
0.2299,-10.1932,0.6131,0.5330,-0.3302,0.1761
0.1916,-8.6221,0.1916,0.3497,-0.3011,0.1044
-1.4179,-9.9250,0.2682,-0.1020,-0.3266,-0.0158
-1.5328,-14.2935,1.9160,-0.4347,-0.2671,-0.0437
0.3066,-15.6730,3.7937,-0.1712,-0.2865,-0.2780
1.7244,-13.6804,3.0273,0.3047,-0.1651,-0.3618
2.0693,-13.4504,-2.5675,0.2015,-0.1445,-0.3995
0.3832,-16.7077,-4.1769,-0.5415,-0.1141,-0.5027
1.1113,-14.2935,-5.1349,0.3910,0.4772,-0.7940
1.8011,-8.0856,-5.0583,0.7006,0.5063,-1.1134
0.8814,-4.9050,-1.9160,0.4322,0.3691,-1.1425
-2.4142,-7.2809,-1.9543,-0.0559,0.1845,-0.7163
-2.7591,-11.2279,-2.1076,-0.1020,0.0182,-0.0741
-3.2189,-12.9523,-0.8047,0.0255,0.0024,0.4043
-0.6131,-11.8410,-1.6861,0.3315,-0.1457,0.6641
2.1843,-8.3921,-1.8777,0.4772,-0.1166,0.6945
2.7207,-5.9013,-1.3412,0.1639,-0.0449,0.5743
1.5328,-5.7097,-0.4598,-0.2805,0.0619,0.5294
-0.8047,-7.3192,-0.3832,-0.2975,0.1506,0.6059
-1.6478,-7.7790,-0.4598,-0.2052,0.2222,0.6678
-1.4562,-7.8557,-0.2299,-0.2489,0.1858,0.6496
-1.1879,-7.4341,-0.1150,-0.2829,0.1178,0.5439
-0.9197,-7.0893,0.1533,-0.3873,0.1663,0.3934
-0.6898,-7.3958,0.9580,-0.4492,0.2635,0.2246
-0.9580,-7.9706,1.2646,-0.3363,0.3776,0.0401
-0.6514,-9.2735,1.1496,-0.1845,0.5536,-0.1287
-0.3832,-10.3082,0.7281,0.0680,0.6908,-0.2817
-0.7664,-10.7297,0.1533,0.2368,0.6957,-0.2744
-1.6478,-10.9979,-0.1916,0.0498,0.6860,-0.0352
-0.8047,-12.5691,0.0766,-0.2574,0.6277,0.2963
-1.2646,-14.4468,2.4908,-0.3060,0.5476,0.4614
-4.2919,-13.1822,3.2189,0.1615,0.3278,0.5136
-5.7864,-10.4614,2.6824,0.5306,0.0838,0.5233
-4.4452,-10.8446,-2.4525,0.2015,0.0619,0.6605
-0.4215,-14.7150,-2.1843,-0.4808,-0.0328,0.8742
-0.9580,-13.2205,-5.7864,0.1348,-0.2137,0.8074
-0.6131,-9.1586,-6.6677,0.6131,-0.1360,0.8596
0.7664,-6.6677,-4.4835,0.4152,0.0486,0.9920
2.3759,-9.3118,-1.9160,-0.0267,0.2125,0.6447
1.6478,-11.8410,-2.3375,0.0134,0.3727,0.1530
0.9963,-12.0326,-1.3412,0.2562,0.5075,-0.2853
-0.8430,-10.9596,-1.6478,0.3788,0.4492,-0.5682
-2.6824,-9.1969,-1.6478,0.3011,0.3084,-0.7346
-3.4105,-6.9743,-1.1113,0.1773,0.1445,-0.8268
-2.5291,-5.9396,-0.9580,-0.1251,0.0121,-0.8985
-1.2646,-6.5911,-0.1533,-0.3570,-0.1214,-0.8718
0.0000,-6.9743,-0.5748,-0.1336,-0.3533,-0.7431
1.2646,-7.0893,-0.3066,-0.0631,-0.3849,-0.5719
1.6095,-7.7024,0.8047,-0.0898,-0.3181,-0.4177
1.9160,-8.2005,0.8047,-0.1226,-0.3181,-0.2708
1.5711,-7.8940,0.5365,-0.1833,-0.1323,-0.2149
0.6514,-7.5491,1.7244,-0.2355,-0.0097,-0.1481
-0.0766,-9.0436,1.7244,-0.2440,-0.1081,0.0000
-0.9197,-10.5381,0.8047,-0.0898,-0.2258,0.1688
-0.8430,-10.4231,0.4598,-0.0316,-0.2659,0.1396
-2.2226,-12.3775,0.6131,-0.2416,-0.5573,-0.0085
-2.2992,-15.8263,2.1843,-0.3873,-0.5925,-0.0935
0.3066,-14.9832,3.7937,0.1566,-0.4796,-0.3205
2.9123,-11.6494,3.2572,0.4699,-0.4322,-0.3642
4.1386,-12.1092,-1.9927,0.1433,-0.3424,-0.3630
1.5328,-16.2478,-3.9470,-0.7236,0.0413,-0.5136
1.1496,-14.5234,-5.0966,0.2793,0.6180,-0.8645
1.2263,-7.8557,-4.2536,0.7637,0.5257,-1.1170
0.7281,-5.5181,-2.9890,0.4007,0.4116,-1.1377
-2.3375,-8.6221,-1.5328,-0.1166,0.2525,-0.6678
-3.3722,-12.0326,-1.6478,0.0789,0.1481,-0.0291
-4.2536,-12.1092,-0.7664,0.3545,0.1506,0.4262
-1.4179,-10.3848,-1.6478,0.5706,-0.1408,0.6156
1.4945,-7.4725,-1.7244,0.4772,-0.1311,0.5876
2.4142,-6.4761,-1.4179,0.0571,-0.0036,0.4492
1.6861,-7.1276,-0.6898,-0.2647,0.1153,0.4019
0.1533,-7.7790,-0.4215,-0.2513,0.2295,0.5124
-0.3066,-7.6641,-0.8430,-0.2999,0.2635,0.5925
-0.6898,-7.6641,-0.1916,-0.3594,0.3424,0.6034
-1.5328,-7.0126,0.5748,-0.2028,0.5160,0.4893
-1.9543,-6.8977,0.9580,-0.2064,0.5063,0.3351
-1.9543,-6.7827,0.4982,-0.3570,0.3825,0.1894
-1.2646,-7.2042,1.6861,-0.4832,0.3982,0.0619
-0.5748,-8.6604,2.4142,-0.2598,0.4286,-0.1129
-0.0766,-10.4998,0.3832,-0.1190,0.5585,-0.2938
-1.2263,-11.3428,-0.0766,-0.0401,0.7807,-0.2975
-2.0310,-11.4961,-0.1533,-0.1238,0.7163,-0.0741
-0.1533,-13.3738,-0.1150,-0.2805,0.6301,0.1882
-0.8430,-15.2132,2.7207,-0.2538,0.6083,0.2999
-3.8704,-12.7607,3.4488,0.3606,0.4602,0.4262
-5.8247,-10.3848,1.8777,0.6156,0.2683,0.4541
-4.4452,-12.0326,-2.0310,0.0728,0.1129,0.6581
-1.2263,-14.4851,-2.8357,-0.3302,-0.1506,0.9142

