-.-.-
-9.8100,0.0000,1.5328,0.0619,0.1372,-0.0340
-9.7717,0.0383,1.5711,-0.0498,0.1603,-0.0498
-9.6950,-0.1916,1.7244,-0.0813,0.1372,-0.0546
-9.7717,-0.1150,1.8011,-0.0643,0.1129,-0.0643
-9.8100,-0.2299,1.6861,-0.0643,0.1238,-0.0838
-9.8483,-0.1150,1.6095,-0.0947,0.1700,-0.0789
-9.8866,0.0383,1.8011,-0.1700,0.2647,-0.0619
-9.8483,-0.1150,1.7244,-0.2003,0.3266,-0.0425
-9.7334,-0.2682,1.4562,-0.1821,0.2914,-0.0401
-9.8866,-0.4215,1.4945,-0.2088,0.1797,-0.0571
-10.1166,-0.3449,1.5328,-0.2295,0.0874,-0.0753
-10.1166,0.1533,1.5328,-0.2453,0.1190,-0.0704
-9.5801,-0.1150,1.5328,-0.2768,0.2173,-0.0692
-9.4651,-0.3066,1.7244,-0.3412,0.2428,-0.0971
-9.6950,-0.6514,1.7244,-0.4080,0.1566,-0.1153
-9.8866,-0.8814,1.8394,-0.3861,0.1408,-0.1299
-10.0016,-0.4982,1.9160,-0.3145,0.2137,-0.1408
-9.8483,-0.1533,1.9927,-0.3424,0.3120,-0.1226
-9.6950,0.1916,1.3795,-0.6156,0.3181,-0.0716
-9.6950,-1.3029,1.4945,-0.6957,0.3825,-0.0425
-9.5034,-1.4179,1.4562,-0.3315,0.3825,-0.0583
-9.6184,-0.9963,1.4179,-0.1445,0.4917,-0.1020
-9.5034,-0.4982,0.9963,-0.1238,0.5779,-0.1081
-9.4268,-0.5365,0.8814,-0.1506,0.6593,-0.0996
-9.6950,-0.5748,0.7664,-0.2137,0.6556,-0.0801
-10.1166,-0.7281,0.1150,-0.2040,0.4942,-0.0850
-10.1549,-0.9197,0.0766,-0.1785,0.3800,-0.1821
-9.9633,-1.1496,0.4598,-0.1882,0.4092,-0.2708
-9.6950,-1.2263,0.5365,-0.1287,0.4808,-0.2890
-9.6950,-1.3412,0.4215,-0.1396,0.4189,-0.3120
-9.9250,-1.8394,0.0383,-0.1809,0.3679,-0.3703
-10.0016,-2.2226,0.1533,-0.1190,0.4031,-0.4577
-10.3465,-2.0693,0.2682,0.0328,0.4541,-0.5488
-10.3082,-1.2263,0.2299,0.1044,0.4322,-0.5816
-10.0399,-0.6131,0.0383,-0.0219,0.3181,-0.5609
-9.5034,-1.1496,-0.3449,-0.1603,0.2343,-0.5609
-9.6567,-2.1076,-0.3832,-0.2355,0.1384,-0.6192
-9.4651,-2.4142,-0.5365,-0.1930,0.0971,-0.6556
-9.3118,-2.3759,-0.2299,-0.0656,0.2125,-0.7006
-9.0436,-1.8394,-0.2682,0.0340,0.2950,-0.7346
-9.3885,-1.9543,-0.6514,0.0850,0.3145,-0.7758
-9.8100,-2.2226,-0.3832,0.0279,0.2538,-0.8268
-10.1549,-2.2226,-0.4982,0.0728,0.2538,-0.8329
-9.7717,-2.1076,-0.5748,0.1020,0.3193,-0.8317
-9.3885,-2.4142,-0.4982,0.0801,0.3715,-0.8426
-9.2735,-3.0273,0.1533,0.0668,0.3448,-0.8863
-9.8866,-2.8740,-0.0383,0.1178,0.2574,-0.9276
-10.0399,-2.9890,-0.4598,0.0789,0.2550,-0.9446
-9.6950,-3.0656,-0.5365,-0.0449,0.2149,-0.9288
-9.5801,-3.6021,-0.6131,-0.1506,0.1190,-0.9434
-9.8100,-4.1003,-0.7664,-0.1748,0.0704,-1.0041
-9.9250,-4.2919,-0.6131,-0.1821,0.1663,-1.0806
-9.1969,-4.0236,-0.7664,-0.1518,0.2295,-1.0988
-8.4688,-3.9853,-0.9580,-0.1153,0.2185,-1.0587
-8.0473,-4.2919,-0.8047,-0.0886,0.1785,-1.0284
-8.0473,-4.6368,-0.8047,-0.0619,0.1117,-1.0029
-8.2389,-5.1349,-0.9197,-0.0401,0.0328,-0.9956
-8.6604,-5.5564,-0.6898,0.0000,0.0073,-1.0041
-8.6604,-5.4798,-0.4215,0.1008,0.0049,-0.9786
-8.2772,-4.8667,-0.5365,0.1809,-0.0389,-0.9470
-8.0089,-5.0966,-0.7281,0.1445,-0.2015,-0.9276
-7.8557,-5.7097,-0.4215,0.0874,-0.2756,-0.9082
-7.8940,-6.6677,-0.4982,0.0826,-0.2015,-0.9106
-7.4725,-6.3995,-0.1916,0.1603,-0.1299,-0.8936
-7.3192,-6.2079,-0.4598,0.2914,-0.1068,-0.9021
-7.6257,-6.1696,-0.5365,0.2938,-0.0971,-0.9567
-7.5491,-6.1696,-0.1533,0.2088,-0.0243,-0.9652
-7.2809,-6.3229,0.3449,0.1785,0.0024,-0.9373
-7.0126,-6.7444,0.6514,0.1991,0.0049,-0.8754
-7.1276,-7.0509,0.6131,0.1845,-0.0146,-0.8766
-7.0509,-7.1659,0.3449,0.1627,-0.0376,-0.8790
-6.6677,-7.2809,0.1150,0.1663,0.0012,-0.8535
-6.3229,-7.3575,0.4215,0.1833,-0.0073,-0.8341
-6.3229,-7.5108,0.3832,0.1821,-0.0304,-0.8353
-6.3612,-7.8173,0.3832,0.2222,-0.0376,-0.8414
-6.0929,-7.7024,0.5365,0.3181,-0.0231,-0.8098
-5.9396,-7.4725,0.5365,0.4128,-0.0085,-0.7479
-5.6714,-7.6257,0.6898,0.3703,0.0364,-0.6714
-5.2882,-8.0856,0.6898,0.1724,0.1408,-0.6144
-5.1349,-8.2772,0.3066,0.0813,0.2295,-0.6216
-5.1732,-8.2772,0.4598,0.0716,0.2428,-0.6884
-5.2882,-8.3921,0.8047,0.0777,0.2416,-0.7273
-5.6331,-8.2005,0.9197,0.0826,0.2538,-0.7018
-5.6331,-8.0856,0.8047,0.0777,0.1493,-0.6581
-5.4415,-8.3921,0.3832,0.0255,-0.0024,-0.6107
-4.8667,-8.6604,0.2682,-0.0376,-0.0643,-0.5949
-4.2152,-8.7754,0.3449,-0.0328,-0.0413,-0.6265
-3.8320,-8.9286,0.3449,0.0559,0.0255,-0.6641
-3.6787,-9.0436,0.3449,0.1506,0.0813,-0.6641
-3.9853,-9.1586,0.3066,0.2331,0.0935,-0.6314
-4.4835,-8.9286,0.4215,0.2440,0.0559,-0.5767
-4.7900,-8.6604,0.5365,0.1554,0.0182,-0.5427
-4.9433,-8.6221,0.6514,0.1178,-0.0947,-0.5427
-4.4068,-8.5071,0.6514,0.1287,-0.1287,-0.5634
-4.0236,-8.4688,0.4982,0.0498,-0.1068,-0.5828
-3.8320,-8.6221,0.1533,-0.1166,-0.0971,-0.5646
-4.0236,-8.9670,0.2682,-0.1845,-0.0595,-0.5379
-4.0236,-9.0436,0.5748,-0.1311,-0.0328,-0.5245
-4.0236,-8.9670,0.8430,-0.0571,-0.0692,-0.5027
-3.7171,-8.9286,0.7281,-0.0534,-0.0765,-0.4577
-3.2572,-8.8137,0.9963,-0.0413,-0.0425,-0.4492
-3.6404,-8.9670,0.6898,-0.0304,-0.0328,-0.4832
-3.4105,-9.0053,0.8047,-0.1081,-0.0073,-0.5172
-3.3722,-9.5418,0.9963,-0.1032,0.0255,-0.5379
-3.2955,-9.6567,0.7664,0.0328,0.0194,-0.5367
-3.2955,-9.4651,0.7664,0.1311,-0.0267,-0.5342
-3.3722,-9.1586,1.1496,0.1773,-0.1372,-0.5549
-3.4105,-8.9286,1.3029,0.1445,-0.1979,-0.6010
-3.1806,-8.8520,0.9580,0.0534,-0.2076,-0.6447
-2.6058,-9.0053,0.8430,-0.0619,-0.2198,-0.6581
-2.4142,-9.2735,0.9197,-0.1141,-0.2307,-0.6520
-2.1459,-9.3502,0.9963,-0.0704,-0.1858,-0.6399
-1.8011,-9.1586,0.9580,-0.0376,-0.1688,-0.6435
-2.0310,-9.3502,0.8814,-0.0085,-0.1785,-0.6617
-2.3759,-9.6184,1.0730,0.0279,-0.1554,-0.6653
-2.3375,-9.8483,0.9580,0.0085,-0.1056,-0.6386
-1.9160,-9.9250,1.2646,0.0461,-0.0971,-0.6144
-1.7244,-9.6950,1.1113,0.1651,-0.1044,-0.6180
-1.4945,-9.2735,1.1879,0.2100,-0.0996,-0.6338
-1.4945,-9.2352,0.9197,0.2100,-0.1299,-0.6374
-1.3029,-9.5418,0.9197,0.1178,-0.1578,-0.6471
-1.1496,-9.9250,1.2646,0.0219,-0.1044,-0.6605
-0.6898,-10.1549,1.4945,0.0352,-0.0364,-0.6933
-0.3832,-10.0782,1.7244,0.1311,-0.0267,-0.7297
0.0383,-9.7717,1.4945,0.2137,-0.0474,-0.7236
0.5748,-9.7334,1.4945,0.1421,-0.0146,-0.6981
0.7664,-9.6184,1.6861,0.0194,0.1336,-0.6738
0.8814,-9.4268,1.8394,-0.0643,0.2671,-0.6447

