-.-.-
0.1533,-9.2352,-2.4908,0.0291,0.0474,-0.0012
0.2299,-9.3502,-2.3375,0.0000,0.0534,-0.0024
0.0383,-9.1969,-2.5291,0.0085,0.0401,-0.0109
0.2299,-9.1969,-2.5675,0.0073,0.0279,-0.0121
0.2299,-9.3118,-2.5675,-0.0049,0.0255,-0.0085
0.1150,-9.3502,-2.5675,-0.0061,0.0304,-0.0024
0.0766,-9.1586,-2.7974,0.0134,0.0316,-0.0049
0.1916,-9.1202,-2.7207,0.0291,0.0376,-0.0049
0.1150,-9.2352,-2.6824,0.0231,0.0364,0.0000
0.3066,-9.3118,-2.6058,0.0231,0.0389,-0.0061
0.2299,-9.2352,-2.6441,0.0170,0.0364,-0.0146
0.2299,-9.1586,-2.6441,-0.0121,0.0328,-0.0170
-0.0766,-9.0436,-2.4908,-0.0316,0.0219,-0.0158
0.0000,-9.1202,-2.3375,-0.0206,0.0158,-0.0121
0.1150,-9.0436,-2.4142,-0.0328,0.0134,-0.0073
0.1916,-9.0819,-2.4908,-0.0656,0.0170,-0.0012
0.0766,-9.1586,-2.6824,-0.0668,0.0194,-0.0049
0.1150,-9.2735,-2.9507,-0.0595,0.0085,0.0024
0.0383,-9.3502,-2.7591,-0.0510,0.0134,0.0073
0.1150,-9.0819,-2.5675,-0.0073,0.0024,0.0049
0.0766,-8.8903,-2.6058,0.0364,0.0012,0.0036
0.2299,-8.7370,-2.7591,-0.0085,0.0304,0.0036
0.2299,-8.7370,-2.5291,-0.1251,0.0328,-0.0024
0.0000,-9.0819,-2.3759,-0.2173,-0.0049,-0.0097
-0.2299,-9.1202,-2.4142,-0.2198,-0.0376,-0.0085
-0.1533,-8.7754,-2.5675,-0.1821,-0.0680,-0.0036
-0.0383,-8.1622,-2.7591,-0.1906,-0.1105,0.0121
0.1150,-7.3575,-2.7974,-0.2817,-0.1663,0.0316
0.1150,-6.5145,-3.1423,-0.4092,-0.1724,0.0559
0.1150,-5.8247,-3.0656,-0.5014,-0.1845,0.0425
0.2299,-5.7480,-2.6441,-0.5670,-0.1894,-0.0206
0.2299,-6.0163,-1.9543,-0.5549,-0.1129,-0.1214
0.3449,-6.5528,-1.4945,-0.4371,-0.0947,-0.2283
0.1150,-8.0473,-1.3412,-0.1833,0.0643,-0.3047
0.6131,-9.3885,-1.1496,0.0656,0.2853,-0.3630
0.9197,-10.7680,-0.8430,0.3715,0.3885,-0.4553
0.6514,-12.5691,-0.6514,1.0162,0.2355,-0.4347
-0.1533,-13.7187,-2.1459,1.2566,0.2185,-0.2708
0.1150,-14.7150,-3.3339,1.0442,0.2052,-0.1141
0.9963,-16.4777,-4.2919,0.6678,0.1542,-0.1238
1.7627,-19.5050,-4.5601,0.2574,0.1809,-0.0741
2.3375,-22.6473,-4.1769,0.5209,0.1433,0.0947
1.5328,-24.5633,-4.5601,0.9835,0.2562,0.3715
-0.1916,-24.4484,-3.9853,1.1182,0.2113,0.5889
-0.7664,-21.4211,-3.5255,1.3441,0.0376,0.6908
-0.5748,-16.2861,-3.6021,1.4157,-0.0559,0.7965
-0.4982,-8.9670,-4.4068,1.2311,-0.1821,0.9227
1.4179,-1.3412,-2.7207,1.1146,-0.2805,0.9713
1.0730,2.6824,-2.1843,0.3351,-0.4213,0.7358
-0.7664,2.1843,-3.9853,-1.3538,-0.3764,0.2586
-0.9197,0.9580,-3.3722,-1.6634,0.3302,0.2525
-1.9543,-2.3759,-3.6404,-1.2518,-0.2428,0.4019
-2.0310,-6.3612,-1.1496,-0.1809,-0.3181,0.3533
-2.0693,-3.1423,0.7281,1.5031,-0.6775,0.2440
-0.4982,3.0273,0.6514,2.1175,-1.0260,0.0304
1.9160,5.1349,-0.8430,1.0697,-0.8159,-0.2489
2.0310,2.3759,-0.8430,-0.4456,-0.3424,-0.5221
0.6514,0.4982,-0.8430,-1.0417,0.0012,-0.6046
-0.7281,0.5365,-1.7244,-1.2494,0.0728,-0.5233
-1.5711,-0.4982,-1.3029,-1.3562,-0.1761,-0.3242
-0.9197,-1.4562,-1.2263,-0.7333,-0.3679,-0.2732
0.6514,-5.9013,-1.8011,-0.0206,-0.2125,-0.3157
3.2572,-12.7607,-4.5984,-0.6399,0.0874,-0.2453
2.4525,-21.8426,-7.1659,-0.5063,0.8378,-0.4541
-4.9433,-24.4867,-7.0126,-0.4225,0.3011,-0.4116
-1.6478,-23.6436,1.6478,1.0381,0.0656,0.0789
0.0000,-19.0835,-7.6257,0.7892,-0.0024,-0.0340
1.9160,-19.6200,-8.8903,-1.2591,0.2623,-0.2258
2.8740,-19.6966,-0.1150,-0.3096,-0.0206,-0.0036
0.6131,-13.9103,-2.4908,1.8176,0.5136,-0.0449
-1.0730,-5.8630,-4.6368,0.9422,0.7406,0.0024
-0.2299,0.8047,-2.2226,0.4177,0.5002,0.1894
1.1113,-0.0766,-2.5675,-0.3873,-0.0692,0.0898
0.6514,-7.1276,-1.4179,-1.6075,0.1117,-0.1676
0.5365,-10.3082,-2.3375,-0.9312,0.4541,-0.1833
-0.1150,-9.7717,-2.9507,0.0595,0.4662,-0.0680
-0.9197,-10.1166,-3.4871,0.0182,0.4541,0.0996
-1.3029,-11.8410,-2.2226,-0.1117,0.3861,0.1117
-0.7664,-12.5307,-1.8011,0.1530,0.2428,-0.0036
-0.1533,-10.4998,-2.1843,0.3242,0.0971,-0.1348
0.4215,-7.3192,-1.9543,0.5816,-0.0304,-0.2331
0.5748,-6.2845,-1.8777,0.3703,-0.0826,-0.2161
0.1916,-7.7407,-2.1459,-0.3764,-0.1020,-0.0486
0.0383,-9.5418,-2.1076,-0.5961,-0.1384,0.0874
0.1533,-10.1166,-2.4525,-0.3132,-0.0534,0.0595
-0.0383,-10.0782,-2.5291,-0.0692,0.0461,-0.0219
-0.1533,-10.1932,-2.0310,0.1141,0.0862,-0.0583
0.1150,-9.7334,-2.2609,0.2841,0.0619,-0.0656
0.2299,-9.0819,-2.2992,0.3060,0.0036,-0.0498
0.4215,-8.9286,-2.2992,0.2307,0.0134,-0.0279
0.1533,-9.0436,-2.1843,0.1263,0.0121,-0.0121
-0.0766,-9.3885,-2.1076,-0.0024,-0.0121,-0.0219
0.0000,-9.6184,-2.0693,-0.0328,-0.0340,-0.0571
0.4215,-9.6567,-2.5675,0.0461,-0.0073,-0.0789
0.4598,-9.5418,-2.5291,0.1421,0.0279,-0.0765
0.3832,-9.3118,-2.4525,0.2513,0.0680,-0.0595
0.3449,-9.1586,-2.6441,0.2623,0.0813,-0.0413
-0.1150,-9.0436,-2.4142,0.1797,0.0716,-0.0267
-0.1150,-9.1202,-2.3759,0.1481,0.0461,-0.0206
-0.1916,-9.2352,-2.4908,0.1785,0.0328,-0.0364
-0.1916,-9.3885,-2.5291,0.1943,0.0158,-0.0643
0.0000,-9.1969,-2.4908,0.1785,0.0036,-0.0813
0.1916,-9.2352,-2.4525,0.1542,-0.0024,-0.0753
0.1150,-9.2352,-2.3375,0.1408,0.0012,-0.0595
0.1150,-9.3118,-2.3759,0.1578,-0.0049,-0.0437
0.2299,-9.2735,-2.4908,0.2064,-0.0024,-0.0279
0.2682,-9.0436,-2.4142,0.2440,0.0255,-0.0134
0.4215,-9.0053,-2.4525,0.2453,0.0813,-0.0061
0.6514,-8.8903,-2.4908,0.1930,0.1311,-0.0024
0.7281,-9.0053,-2.4142,0.1202,0.1882,0.0182
0.7664,-9.3118,-2.1843,0.1141,0.2295,0.0389
0.4598,-9.5034,-2.0310,0.1542,0.2440,0.0534
0.2682,-9.4651,-2.1076,0.1578,0.2695,0.0498
0.1533,-9.3502,-2.0693,0.1518,0.2586,0.0449
0.0383,-9.3118,-1.9543,0.1651,0.2331,0.0461
0.2299,-9.4268,-2.1076,0.1943,0.2355,0.0449
0.3066,-9.3885,-2.1459,0.1906,0.2343,0.0243
0.3832,-9.0819,-2.2992,0.1663,0.2283,-0.0024
0.1916,-9.3118,-1.9927,0.1251,0.2064,0.0036
0.0000,-9.1969,-2.1843,0.1263,0.1591,0.0146
0.0383,-9.3118,-2.1076,0.1445,0.1311,0.0073
0.1916,-9.3118,-2.1459,0.1056,0.1214,-0.0085
0.4598,-9.4268,-1.8777,0.0971,0.1093,-0.0121
0.3066,-9.5801,-1.9543,0.1360,0.0996,-0.0121
0.0766,-9.4268,-1.8777,0.1748,0.0813,-0.0109
-0.0383,-9.3502,-1.8011,0.1918,0.0619,-0.0158
0.1533,-9.3118,-1.8011,0.1676,0.0631,-0.0158
0.3449,-9.4651,-1.9543,0.1433,0.0619,-0.0121

