-.-.-
-1.8394,-2.2226,-1.6478,-0.8135,-1.2396,-0.4662
-9.3885,-6.9743,-26.3644,-5.0788,-2.6529,0.7831
1.5328,-26.5560,-8.6987,-8.8547,-1.5080,2.3190
4.5601,-34.7948,-8.7370,-3.2600,-2.1806,1.2020
5.0966,-23.2221,-9.5418,2.7318,-0.6544,0.2538
-2.3375,-13.7953,-3.9087,3.5453,0.3509,-0.8183
-5.2116,-6.3612,-1.7244,1.3441,0.2671,-0.5294
-3.9470,-5.2499,-2.9123,-1.1886,-0.8086,-0.1178
-2.2226,-10.0782,-3.6021,-1.6524,-0.8900,-0.2064
0.1533,-12.6457,-3.1039,-1.5784,-1.1328,-0.6617
0.3066,-12.4924,-2.9123,-1.1146,-1.0976,-1.0624
0.3066,-12.8373,-2.2992,-0.8195,-0.8110,-1.2566
-0.1150,-12.9523,-0.4215,-0.3715,-0.6083,-1.0660
0.7664,-10.9596,1.1879,0.7018,-0.5561,-0.8183
3.1039,-7.3192,1.3795,1.6561,0.0777,-0.6872
4.8667,-2.6441,-0.6514,1.7459,1.0757,-0.6192
1.0730,0.9963,-3.5638,1.2748,0.8001,-0.2999
-0.4982,1.3029,-4.1003,0.7236,0.0085,0.3132
-3.7554,0.0000,-3.5255,0.6459,-0.4043,0.5536
-4.1386,-2.1459,-4.5601,1.1826,-0.3837,0.5500
-0.5365,-4.1386,-18.2021,-0.7855,1.7896,-0.0413
1.5328,-19.3518,1.7627,-4.5907,1.3975,-1.2712
-2.4142,-21.0379,-5.2499,-1.3963,0.7977,-1.4703
-3.7171,-17.5124,-9.5801,1.2664,0.4359,-0.8365
-4.4452,-15.6347,-6.4761,0.2817,-1.7059,0.0741
0.1150,-12.1092,-5.7480,0.9519,-1.6986,0.4966
3.6787,-7.3958,-3.4871,0.8463,-0.8900,-0.3424
4.2919,-10.4614,-4.3302,-0.7564,-0.9640,-0.2428
1.0730,-16.0179,-5.3648,-1.6209,-0.6484,0.6168
-0.0383,-18.0489,-3.1806,-0.5439,-0.5949,0.9082
0.0000,-14.5234,-1.0346,0.4067,-0.4116,0.3594
-1.1496,-9.2735,0.3066,0.5961,-0.6714,0.0498
-2.0693,-6.1696,-0.0383,1.0903,-1.0964,0.3667
-1.6095,-3.7171,-0.9197,1.3307,-1.1037,0.4881
-1.6861,-2.1076,0.4598,1.3708,-1.2603,0.1190
-0.6898,-1.3029,-0.1916,1.5553,-1.2931,-0.4019
-0.1916,-0.4215,-2.7207,1.3805,-0.7977,-0.7370
1.5328,0.3066,-3.8704,1.1765,-0.4201,-0.8450
2.1843,-0.3449,-0.9197,1.5541,-0.3715,-0.7758
-3.4488,0.3832,-5.7480,0.8280,-1.9924,-0.5221
-13.8720,-3.6404,-27.0158,-4.5069,-2.6128,1.0162
4.1769,-32.2657,-0.6898,-6.5976,-1.5735,1.7472
7.4725,-25.7513,-11.3811,-0.5391,-2.3397,0.6872
5.0200,-18.4704,-8.0856,2.6881,-0.4772,0.0498
0.2682,-14.2168,-1.6861,2.9394,0.3339,-0.4589
-4.4068,-6.6677,-2.4142,1.3356,0.3327,-0.6811
-4.0620,-4.4452,-2.4142,-0.2198,-0.1530,-0.0073
-2.6824,-8.4688,-2.7974,-1.1304,-0.1845,-0.0146
-0.5748,-12.3008,-2.8740,-1.8346,-0.4128,-0.5136
0.6898,-13.9103,-3.3722,-1.5492,-0.4225,-0.8572
0.9197,-15.6730,-2.3375,-1.1024,-0.1421,-0.9737
-0.1150,-15.8263,-0.8814,-0.2404,-0.0753,-0.8669
-0.5748,-12.4924,0.1916,1.2178,-0.1542,-0.7176
0.7281,-7.3575,0.3832,2.2134,0.3436,-0.5573
3.6021,-2.1843,-0.1150,2.1017,1.2688,-0.4371
2.5291,0.6131,-1.7627,1.2979,1.3938,-0.1457
1.4562,1.8777,-2.8357,0.8645,0.6435,0.4007
-1.4945,1.3412,-2.5675,0.8147,-0.1493,0.7491
-2.4908,0.8047,-4.2919,1.1316,-0.0316,0.8463
0.9197,-1.9927,-17.2441,-0.8803,1.5662,0.3157
3.1806,-14.2552,-7.4341,-4.8639,2.2656,-0.9822
-5.4415,-23.9502,0.3832,-2.7512,1.7702,-1.4254
-6.0929,-19.8882,-6.3995,1.4606,1.4983,-1.0247
-0.9580,-16.8226,-5.2882,1.3696,-0.3120,-0.4820
0.6131,-14.4468,-3.7171,0.8778,-1.2846,0.3788
2.7974,-8.2772,-2.2609,1.5092,-0.8620,0.4662
2.5675,-5.2882,-1.4562,0.8572,-0.6180,0.0898
2.1843,-9.8866,-3.5255,-1.4715,-0.5087,0.2015
-1.0730,-16.0562,-3.6787,-2.2389,-0.2902,0.6484
-1.1879,-17.0142,-3.2189,-0.8463,-0.5949,1.0818
-0.5365,-14.5234,-0.8047,0.1238,-0.8681,1.0272
-0.8430,-11.1895,0.3066,0.1627,-0.8365,0.5767
-1.3412,-8.0473,-0.7664,0.6848,-0.9616,0.3727
-0.6514,-4.7517,-0.7664,1.4582,-0.8074,0.3230
-1.2263,-1.9927,0.0383,1.8358,-1.1680,0.0813
-0.3066,-0.8047,-0.6514,1.7083,-1.1777,-0.0595
0.7281,-0.6514,-2.1076,1.2202,-0.5464,-0.2695
2.1843,-0.4598,-0.8047,1.0879,-0.0753,-0.5221
0.0766,0.9197,-4.7900,1.0818,-0.9082,-0.5354
-9.9633,2.6824,-25.0615,-2.5157,-2.5752,-0.1506
-4.5601,-25.2531,3.7554,-7.3516,-0.5512,1.4133
10.1166,-24.5250,-5.0200,-2.3093,-1.7884,0.2368
5.1732,-18.2021,-12.9523,1.8965,-0.8499,0.9992
0.1533,-17.3591,-2.8357,1.3878,0.5731,0.2258
-2.4525,-13.2971,-4.0236,1.2409,0.7771,-0.4772
-3.8704,-7.9323,-3.7554,0.7200,0.6326,-0.3096
-3.4488,-7.9323,-2.2992,-0.2137,0.5197,0.0061
-1.1879,-11.2662,-3.5255,-1.6391,0.0036,-0.2635
0.6514,-14.7533,-3.4871,-1.8637,0.0073,-0.7601
1.0346,-15.3664,-2.7974,-0.9082,0.3910,-0.9580
0.5748,-13.1055,-0.6131,-0.0838,0.7346,-0.8329
-0.2299,-9.3502,0.1533,0.9179,0.6848,-0.6581
-0.8047,-4.9050,-0.5748,1.8491,0.5998,-0.5075
1.9543,-1.2646,0.5748,2.0944,0.9543,-0.0898
2.1459,0.8430,0.7664,1.7374,1.3659,0.1433
0.1916,1.4945,-1.5711,0.9191,0.4201,0.4614
-0.8047,1.8394,-2.7207,0.6726,-0.1845,0.4735
-0.6131,1.5711,-3.9087,1.1134,0.3679,0.4844
1.3029,-1.2646,-6.6294,-0.0996,1.3744,0.2064
4.4068,-7.6257,-24.2184,-5.3932,1.7241,-0.8900
-4.7900,-32.0358,1.7244,-6.4714,1.3392,-1.0757
-3.0656,-27.2074,-8.6604,-0.0061,1.6379,-0.6678
-3.1423,-19.6966,-8.2772,2.3093,0.4820,-0.1360
1.7627,-14.4468,-2.2992,2.5023,-0.6520,0.6010
4.2919,-3.6021,-3.1423,1.6148,0.0134,-0.0049
2.4908,-2.0693,-3.9853,-0.9045,-0.3217,-0.2623
0.8047,-11.1512,-3.9087,-1.9499,-0.3047,0.3861
-2.7591,-15.4048,-4.1003,-1.9171,0.1457,0.9750
-3.3339,-17.5507,-3.0273,-1.2797,-0.3995,1.3756
-0.7664,-16.8609,-1.6095,-0.1178,-0.8402,0.9021
0.5365,-11.8410,-2.1459,0.9155,-0.7673,0.1287
1.3029,-6.7444,-1.6478,1.8504,-0.4456,0.0085
0.0000,-3.6787,1.1496,2.3457,-0.6229,0.0024
-0.6898,-0.9197,0.0383,2.2280,-0.6301,-0.1408
-0.7664,1.6095,-3.8704,1.6075,-0.3995,-0.2829
1.3795,1.2263,-3.2572,0.8463,-0.0134,-0.4395
2.6824,0.1916,0.3066,1.2870,0.1882,-0.7163
-2.5291,2.5291,-9.1202,0.4286,-1.0733,-0.8086
-9.4651,-1.6861,-24.1035,-4.8602,-2.4853,0.6277
1.3795,-31.8059,3.2572,-5.7635,-0.8730,1.5019
7.3192,-22.6856,-8.7754,-0.5731,-1.7775,0.5719
3.8704,-16.8226,-9.9250,1.7933,-0.4796,0.8329
-0.5748,-13.7953,-2.3375,1.9159,0.7248,-0.1712
-3.6404,-7.6641,-4.7517,0.9531,1.0794,-0.6496
-3.1039,-6.2845,-3.0656,-0.3995,0.5682,-0.1238
-2.2226,-11.2662,-2.5291,-1.1474,0.0097,0.0134
-0.4982,-14.2935,-4.1386,-1.5237,-0.1736,-0.4152
0.4982,-15.4048,-3.9853,-1.1741,0.1700,-0.8912

