-.-.-
1.5711,-5.7864,2.0310,-0.4116,-1.1777,0.2052
1.1496,-6.5528,2.1076,-0.6107,-1.0964,0.1918
0.8814,-9.6567,2.0310,-1.0709,-1.1704,0.1943
1.1113,-13.3355,2.1076,-0.6629,-1.3368,0.1991
2.2609,-14.5234,2.2609,0.1408,-1.3465,0.0073
5.4798,-12.8756,3.6021,0.4857,-0.6423,-0.3120
5.6714,-13.1439,4.7134,0.3533,0.1639,-0.7297
6.8210,-14.6767,-1.8011,-0.4080,-0.0631,-0.9118
1.6095,-15.9413,-7.6641,-1.0090,-0.2841,-1.1061
-0.3066,-16.0562,-6.8593,-0.6338,-0.0425,-1.6707
-2.0310,-14.4851,-5.2116,1.1571,0.6969,-1.9220
-2.1076,-11.9559,-4.1386,1.4752,1.0490,-1.6524
-0.0383,-10.3082,1.8011,0.5889,0.6690,-0.8511
2.1076,-9.4651,2.3759,0.2052,0.2295,0.0947
2.3759,-9.4268,0.1150,-0.3169,0.2683,0.7649
2.2226,-8.6221,-0.7664,-0.2149,0.4432,0.9045
1.9927,-5.7480,-1.1113,0.3655,0.5124,0.7989
0.9963,-3.2189,-2.2226,0.2732,0.4857,0.6144
0.6898,-2.6058,-1.9927,-0.5852,0.4444,0.4067
1.1879,-3.8704,-0.2682,-0.9482,0.5282,0.2173
1.2263,-5.0200,0.5748,-0.4614,0.9191,0.0534
0.8814,-5.7480,1.3029,-0.1858,1.2554,-0.1700
0.3066,-7.7024,1.9543,-0.6884,1.3683,-0.3764
0.0000,-11.7643,2.1076,-1.1996,1.3513,-0.4347
-0.8047,-14.7533,1.4945,-0.7212,1.2858,-0.3873
-2.1076,-13.9486,1.3029,0.5876,1.0806,-0.1663
-2.8357,-10.0782,1.9160,1.2518,0.4237,0.1457
-1.7627,-7.9706,4.1769,0.4820,-0.1748,0.4687
-0.4215,-11.4961,4.7517,-0.2890,-0.1372,0.6544
-1.5328,-15.3281,-2.0693,-0.0898,0.1348,0.6738
-0.9963,-16.9759,-12.3775,-0.3740,0.1845,0.9215
2.2226,-16.4011,-7.3958,-0.7771,-0.7273,1.9948
3.4871,-15.9413,-3.2955,0.3618,-1.0417,2.2947
2.9890,-14.9449,0.5748,0.7018,-0.8754,1.7726
2.3375,-11.2279,1.1496,0.9847,-0.9118,0.6338
-0.2682,-8.2005,0.0383,0.4978,-0.4881,-0.5014
-1.9160,-6.7827,-0.5365,-0.0486,-0.0911,-1.3319
-1.6095,-5.2882,-0.6898,-0.4589,-0.1930,-1.4861
-1.2646,-3.9087,-0.5748,-0.6459,-0.2720,-1.1462
-0.2299,-4.4068,-0.8814,-0.5791,-0.4213,-0.5876
0.5365,-5.2116,-0.8430,-0.4456,-0.8256,-0.1202
1.4945,-5.4798,-0.3449,-0.2744,-1.1522,0.1651
2.4908,-5.8247,0.6131,-0.2853,-1.2846,0.3363
2.9123,-6.9360,1.6478,-0.5621,-1.1765,0.3497
2.5675,-9.1586,2.6058,-0.9774,-0.9446,0.2088
2.0310,-10.9213,1.4945,-0.8888,-1.0344,0.1166
1.5711,-12.7990,0.1533,-0.5694,-0.9932,0.0316
1.8011,-13.6037,1.3795,-0.0219,-0.8560,-0.0219
3.4871,-13.5654,4.7900,0.2890,-0.4929,-0.1299
2.5291,-14.1785,6.6294,0.5840,-0.0036,-0.4237
3.6787,-13.6420,0.1150,0.4650,0.0510,-0.5233
3.5255,-14.3318,-8.6987,-0.4529,-0.2598,-0.5706
0.6514,-15.4814,-9.0819,-0.8596,-0.1263,-1.0150
0.7281,-14.4468,-4.2152,0.1894,0.5257,-1.6816
-0.4215,-12.1859,-4.0236,1.4424,1.0697,-1.7447
-1.3412,-10.1166,-0.2299,1.2481,0.9713,-1.1959
1.2646,-8.5454,2.6058,0.8560,0.3084,-0.2780
2.4525,-8.3921,0.4982,-0.1323,0.2453,0.6241
2.5675,-9.2352,0.0000,-0.7880,0.3169,1.0648
2.5291,-7.4341,-1.2263,-0.1894,0.5743,0.9519
1.9543,-4.9816,-1.8777,0.2319,0.6945,0.6945
0.8430,-3.3339,-1.9160,-0.1542,0.6484,0.4480
0.3832,-3.7554,-0.6514,-0.7273,0.5646,0.2635
0.0383,-4.8667,0.2682,-0.5536,0.7552,0.1421
0.0000,-5.5564,0.1916,-0.3533,1.0794,-0.0546
0.0383,-7.7790,0.9580,-0.6908,1.2724,-0.2780
-0.0766,-11.3811,1.9543,-0.8499,1.3999,-0.4249
-0.0383,-13.2205,2.4908,-0.0559,1.3295,-0.4893
-1.3029,-11.8410,1.9543,1.0490,1.0830,-0.3339
-2.0693,-9.7717,1.6478,0.9325,0.6459,-0.0073
-2.6441,-8.2772,3.8704,0.0304,0.0352,0.2878
-0.8430,-9.7717,4.7900,-0.1433,-0.1833,0.5694
0.1150,-12.5307,3.5638,0.3837,0.0049,0.6277
-0.4982,-12.5691,-6.2079,0.2222,0.2975,0.6423
1.1496,-17.1675,-12.9139,-1.0223,0.7321,0.9677
3.5255,-18.8536,-6.4378,-1.1971,-0.4662,1.9536
3.4488,-17.9339,-0.8814,0.2100,-0.7309,2.0665
3.5255,-14.6000,2.4908,1.2154,-1.0223,1.2579
0.1150,-9.8866,0.2299,1.3999,-0.7649,0.0983
-1.4945,-7.5874,-1.1496,0.3788,0.0461,-1.0332
-1.8394,-6.8977,-0.1916,-0.4504,0.5719,-1.5407
-0.8814,-6.0163,0.0383,-0.5257,0.2926,-1.2906
-0.1150,-5.8630,-0.8814,-0.3460,-0.1688,-0.7285
-0.0766,-5.7480,-0.7664,-0.3145,-0.6702,-0.1433
0.4215,-5.3265,-0.5748,-0.2975,-1.2239,0.2040
0.6898,-5.2116,-0.2299,-0.3861,-1.4048,0.3655
0.8814,-5.2882,1.5711,-0.5524,-1.3635,0.3788
0.8430,-7.2809,2.7207,-0.7892,-1.1814,0.2926
1.1496,-9.6184,2.4908,-0.8839,-1.1000,0.1384
1.7627,-11.5727,1.8011,-0.6738,-1.1971,-0.0061
1.7627,-11.5727,1.1113,0.3339,-1.2579,-0.1214
3.2189,-10.1549,1.7627,0.6908,-0.9519,-0.1748
3.3339,-10.6530,5.2882,0.1518,-0.3181,-0.4067
4.1769,-13.6804,4.7134,-0.0121,-0.1396,-0.5986
4.6751,-15.6347,-5.0966,-0.0680,-0.1129,-0.8487
0.6898,-15.8263,-10.3082,-0.8378,-0.1676,-1.3950
0.3449,-15.7496,-6.3995,-0.1044,0.5051,-1.9839
-0.3449,-14.1019,-4.4835,1.3222,0.9495,-1.8649
-1.3412,-11.9559,-0.1533,1.2445,0.7977,-1.0952
0.5748,-9.8100,3.1039,0.8645,0.1615,-0.1032
1.7627,-10.1932,0.0766,-0.0474,-0.2380,0.8123
1.3795,-11.8027,-1.2646,-0.8147,-0.3217,1.2044
0.9580,-10.2315,-1.1879,-0.1554,-0.1651,1.0369
0.4982,-7.1659,-1.4562,0.7236,0.0073,0.7552
0.4215,-4.1769,-1.3795,0.5682,0.1093,0.4286
0.9197,-2.7974,-0.5365,-0.1275,0.2185,0.1845
1.6095,-3.3722,0.2682,-0.5282,0.4359,0.1141
2.0693,-4.7134,0.7664,-0.7382,0.7236,0.1068
2.4525,-6.0546,1.5711,-0.8487,0.8572,0.0668
2.1843,-8.2772,2.1459,-0.8742,0.8596,-0.0304
0.9580,-10.5381,1.8394,-0.5099,0.7601,-0.1299
-0.7664,-11.3428,1.6095,0.3096,0.8596,-0.2283
-3.4871,-9.6567,1.0346,1.2032,0.9992,-0.2708
-4.2919,-8.9670,2.0693,0.6204,0.4189,-0.0085
-2.5675,-9.8483,5.0200,-0.3424,-0.1955,0.4237
-1.8394,-14.4468,3.9470,-0.3327,0.3521,0.7661
-1.6478,-18.3554,-5.3265,-0.2125,0.7066,0.9616
3.8704,-16.2478,-7.0509,-0.3691,-0.6204,1.6221
5.8247,-14.6767,-4.2152,0.4735,-0.8135,1.9997
5.1732,-14.4851,-2.2609,0.8220,-0.3181,1.5711
3.2189,-12.2625,0.8047,0.9883,-0.0073,0.7588
-0.1533,-9.4651,1.5711,0.6180,0.3169,-0.1372
-2.4525,-9.0819,-0.2299,-0.2902,0.6763,-0.8268
-2.4525,-10.4231,-0.8430,-0.9349,0.5476,-0.9847
-0.9197,-9.7717,0.4215,-0.4334,0.1421,-0.7771
0.0383,-6.9360,0.2299,0.6811,-0.1396,-0.5415
0.6131,-4.7134,-0.6131,0.8499,-0.4444,-0.3339
0.5365,-3.7171,-0.5365,-0.0061,-0.7115,-0.1360

