-.-.-
0.0766,-10.0016,1.9927,-0.0219,0.0826,-0.0036
0.1150,-9.9250,1.9543,-0.0170,0.0826,-0.0024
0.1533,-10.0016,1.9927,-0.0061,0.0838,-0.0061
0.1533,-10.0016,1.9160,-0.0036,0.0826,-0.0036
0.1150,-9.9250,1.9543,-0.0134,0.0801,-0.0012
0.1916,-9.9633,1.9927,-0.0182,0.0789,-0.0012
0.1916,-10.0016,1.9543,-0.0158,0.0801,-0.0061
0.1533,-10.0399,1.9927,-0.0121,0.0838,-0.0049
0.1916,-10.0016,1.9160,-0.0121,0.0838,0.0000
0.1150,-9.9250,1.9160,-0.0134,0.0874,-0.0024
0.1150,-10.0782,2.0310,-0.0121,0.0874,-0.0036
0.1150,-10.0016,1.8777,-0.0158,0.0813,-0.0073
0.0766,-10.0016,1.8777,-0.0158,0.0826,-0.0061
0.1150,-9.9250,1.8777,-0.0073,0.0826,-0.0036
0.1150,-9.9633,1.9160,-0.0049,0.0862,-0.0036
0.1150,-10.0016,1.9927,-0.0109,0.0850,-0.0024
0.1533,-10.1549,1.8777,-0.0170,0.0862,-0.0024
0.1150,-10.0399,1.7627,-0.0170,0.0838,-0.0073
0.2299,-9.9633,1.9160,-0.0158,0.0801,-0.0073
0.1150,-9.9250,1.8777,-0.0158,0.0789,-0.0049
0.2299,-10.0782,1.9927,-0.0134,0.0838,-0.0012
0.0383,-9.9250,1.9543,-0.0121,0.0838,-0.0024
0.1533,-10.0782,1.8777,-0.0158,0.0850,-0.0049
0.0766,-10.0399,1.8394,-0.0158,0.0838,-0.0061
0.1150,-10.0016,2.0310,-0.0170,0.0826,-0.0049
0.1150,-10.0399,2.0693,-0.0146,0.0801,-0.0049
0.1916,-10.0016,1.9160,-0.0109,0.0838,-0.0049
0.1150,-10.0399,1.9927,-0.0121,0.0838,-0.0049
0.1150,-10.0016,1.7244,-0.0170,0.0826,-0.0061
0.1533,-10.0782,2.0693,-0.0182,0.0862,-0.0061
0.1533,-10.0399,1.9160,-0.0194,0.0838,-0.0061
0.1916,-10.0399,1.7627,-0.0206,0.0874,-0.0036
0.1150,-10.0399,1.9160,-0.0134,0.0838,-0.0024
0.1150,-10.0016,1.9543,-0.0097,0.0801,-0.0049
0.0383,-10.0016,1.8777,-0.0158,0.0813,-0.0049
0.0383,-10.0399,1.9543,-0.0219,0.0838,-0.0049
0.0766,-9.9250,1.9927,-0.0170,0.0886,-0.0012
0.1533,-9.9633,2.0693,-0.0085,0.0874,-0.0024
0.1150,-9.9250,2.0310,-0.0085,0.0826,0.0000
0.1916,-10.1549,2.2992,-0.0170,0.0801,-0.0036
0.1533,-10.0399,1.9543,-0.0206,0.0813,0.0000
0.1916,-10.0016,2.0310,-0.0231,0.0801,-0.0012
0.1916,-10.0782,2.1076,-0.0255,0.0838,0.0024
0.1150,-10.0399,1.9543,-0.0255,0.0862,0.0036
0.0766,-9.9633,1.9160,-0.0243,0.0862,0.0036
0.0383,-9.9633,1.9160,-0.0304,0.0850,0.0024
0.1533,-10.0399,1.8777,-0.0316,0.0789,0.0049
0.0766,-10.0016,1.9543,-0.0279,0.0741,0.0012
0.1150,-10.0782,2.0310,-0.0231,0.0716,0.0012
0.0766,-10.0399,1.8777,-0.0182,0.0716,0.0024
0.1533,-10.0016,1.8394,-0.0219,0.0704,0.0036
0.1150,-9.9633,1.9160,-0.0243,0.0741,0.0012
0.1533,-10.0782,1.9160,-0.0304,0.0801,-0.0012
0.0766,-9.9633,1.9160,-0.0316,0.0826,-0.0049
0.1533,-10.0016,2.1076,-0.0304,0.0826,-0.0036
0.1916,-10.1166,2.0310,-0.0340,0.0850,-0.0036
0.0766,-10.0016,1.8777,-0.0352,0.0874,-0.0061
0.2299,-9.8866,1.9160,-0.0376,0.0874,-0.0073
0.2299,-10.0399,1.9927,-0.0437,0.0874,-0.0085
0.0766,-9.9633,1.9543,-0.0413,0.0826,-0.0097
0.0766,-10.0399,1.8777,-0.0352,0.0838,-0.0097
0.1533,-10.0016,1.8777,-0.0389,0.0838,-0.0073
0.1533,-10.0016,1.9543,-0.0389,0.0826,-0.0036
0.1150,-9.9250,1.8777,-0.0352,0.0850,-0.0024
0.1533,-10.1166,1.8011,-0.0376,0.0838,0.0012
0.1533,-10.0782,1.8394,-0.0364,0.0813,0.0049
0.1150,-10.3848,2.0310,-0.0364,0.0801,0.0036
0.1916,-10.0782,1.8011,-0.0279,0.0801,0.0000
0.0383,-10.0016,1.9160,-0.0182,0.0801,0.0000
0.0766,-9.9633,1.8394,-0.0134,0.0850,-0.0012
0.0766,-9.9633,1.8011,-0.0109,0.0874,0.0000
0.1150,-10.1166,1.8011,-0.0134,0.0850,0.0000
0.1150,-10.1166,1.6861,0.0000,0.0813,-0.0024
0.0766,-9.9633,1.8777,0.0085,0.0789,-0.0036
0.3832,-10.0782,1.9160,0.0073,0.0813,-0.0024
0.1916,-10.0399,1.8394,0.0049,0.0838,0.0012
0.0766,-10.0399,1.9543,0.0024,0.0850,0.0036
0.1533,-10.0782,1.8394,0.0036,0.0874,0.0024
0.1916,-10.0399,1.8394,0.0036,0.0874,0.0000
0.1533,-9.8866,1.9160,0.0000,0.0874,-0.0036
0.1150,-9.9633,1.8777,-0.0073,0.0898,-0.0036
0.1533,-10.0399,2.0310,-0.0109,0.0911,-0.0024
0.0383,-10.0399,1.8777,-0.0134,0.0886,-0.0012
0.1150,-10.0016,1.9927,-0.0097,0.0850,0.0000
0.1150,-10.0782,1.8394,-0.0073,0.0826,-0.0012
0.1150,-10.0399,1.8777,-0.0097,0.0838,-0.0036
0.1150,-10.0016,1.8777,-0.0109,0.0850,-0.0024
0.1916,-10.0399,1.6861,-0.0097,0.0862,-0.0024
0.0766,-10.1166,1.9160,-0.0121,0.0850,-0.0012
0.0383,-10.0016,1.9543,-0.0121,0.0838,-0.0049
0.1150,-10.0016,1.8011,-0.0097,0.0826,-0.0049
0.0766,-10.0016,1.8394,-0.0097,0.0838,-0.0061
0.1533,-10.0782,1.8394,-0.0109,0.0850,-0.0073
0.0383,-10.0399,1.7244,-0.0121,0.0862,-0.0049
0.1150,-10.1932,1.9160,-0.0134,0.0874,-0.0012
0.0766,-10.0399,1.9160,-0.0134,0.0862,-0.0024
0.1150,-10.0399,2.0310,-0.0097,0.0862,-0.0036
0.1150,-10.0399,1.9543,-0.0121,0.0826,-0.0024
0.0383,-10.0399,1.7244,-0.0206,0.0826,-0.0036
0.1150,-10.0399,1.7627,-0.0291,0.0935,0.0012
0.1916,-10.0016,1.6095,-0.0389,0.1141,0.0121
0.1150,-9.8866,1.8394,-0.0352,0.1129,0.0206
0.1533,-9.9633,2.1076,-0.0401,0.0971,0.0182
0.1533,-10.0016,1.9160,-0.0291,0.0850,0.0109
-0.0383,-10.2315,1.9927,-0.0206,0.0826,0.0134
0.1150,-10.0016,1.8777,-0.0376,0.0862,0.0134
0.1150,-10.0016,1.9160,-0.0656,0.0850,0.0158
0.1150,-10.0016,1.9927,-0.0862,0.0874,0.0194
0.0766,-9.9633,2.0310,-0.0898,0.0862,0.0194
0.1533,-9.9250,1.9160,-0.0935,0.0886,0.0170
0.0383,-9.8483,1.7244,-0.1166,0.0923,0.0243
0.0383,-10.0399,1.6478,-0.1566,0.1032,0.0255
0.0383,-9.9633,1.4945,-0.2295,0.1153,0.0316
-0.0383,-9.8866,1.4945,-0.3351,0.1384,0.0425
-0.0383,-9.8483,1.3795,-0.4529,0.1372,0.0534
0.0000,-9.9250,1.2646,-0.6022,0.1299,0.0583
-0.0383,-9.8483,1.6478,-0.7273,0.1166,0.0413
-0.0766,-9.8483,1.4179,-0.7892,0.0838,0.0559
0.0766,-9.8483,1.5711,-0.8013,0.0449,0.0789
-0.0766,-9.9250,1.7244,-0.7734,0.0546,0.1068
0.0000,-9.9250,1.4945,-0.7479,0.0668,0.1251
0.1150,-9.9250,1.4179,-0.7309,0.0838,0.1275
0.1916,-9.8866,1.1113,-0.7006,0.0874,0.1117
0.3066,-9.7717,0.8814,-0.6872,0.0971,0.0996
0.1150,-9.7334,0.7664,-0.6993,0.1032,0.0813
-0.0383,-9.8100,0.5748,-0.6532,0.1141,0.0813
-0.3449,-9.8100,0.2299,-0.6034,0.1238,0.0935
-0.3066,-9.6950,0.0766,-0.6653,0.1408,0.1068

