-.-.-
1.0730,-9.5801,-2.5675,-0.3995,0.1166,0.0231
1.7627,-9.5418,-2.5291,-0.3861,0.2064,0.0182
1.7244,-9.6950,-2.4908,-0.3691,0.3193,0.0158
0.5365,-9.3502,-2.6058,-0.2975,0.3096,0.0510
0.1533,-9.5034,-2.4908,-0.2283,0.3035,0.0413
0.0000,-9.5801,-2.6824,-0.2453,0.2185,0.0437
0.1916,-9.8866,-2.2992,-0.1566,0.1421,0.0534
0.6131,-9.4268,-2.7974,-0.0716,0.1190,0.0680
1.1879,-9.1969,-3.0656,-0.0959,0.1299,0.1141
0.9580,-9.2735,-3.2572,-0.2598,0.1882,0.1433
0.1533,-9.6184,-3.1039,-0.3521,0.2623,0.1178
0.3066,-10.1932,-3.3339,-0.3885,0.3339,0.0158
0.4215,-10.5764,-3.0656,-0.3266,0.3910,-0.0838
-0.0383,-10.1549,-2.9507,-0.1226,0.4614,-0.1603
0.4215,-9.3502,-3.2955,-0.0449,0.4334,-0.1663
0.5748,-8.6987,-2.3375,-0.0012,0.3242,-0.0704
0.8047,-8.4688,-2.9123,0.0316,0.2793,0.0522
0.3449,-8.6987,-2.4142,-0.0498,0.2635,0.1275
0.3832,-9.3502,-1.9927,-0.1360,0.2416,0.1457
0.4982,-9.9250,-2.5291,-0.1068,0.2598,0.1506
0.2299,-9.6184,-2.6441,0.0085,0.3145,0.1372
0.8047,-9.3885,-3.0656,0.0728,0.3861,0.1408
0.6898,-9.3118,-3.0656,0.0996,0.4359,0.1736
0.5365,-9.2352,-2.9507,0.0389,0.4844,0.1930
0.4982,-9.2352,-3.0273,-0.0449,0.5464,0.1991
0.4598,-9.5034,-3.1039,-0.0850,0.5876,0.2003
0.1916,-9.8100,-2.8740,-0.0728,0.6059,0.1870
0.0383,-9.8483,-3.0273,-0.0340,0.5767,0.1663
-0.3449,-9.8100,-3.0273,-0.0231,0.5306,0.1457
-0.7281,-9.6184,-2.7207,0.0097,0.4504,0.1166
-0.8047,-9.5034,-2.7974,0.0498,0.3424,0.0898
-0.7281,-9.3118,-2.6824,0.0340,0.2428,0.0741
-0.2682,-9.4651,-2.5291,0.0049,0.1688,0.0668
-0.0383,-9.5418,-2.5291,0.0401,0.1129,0.0643
0.0383,-9.5801,-2.6824,0.0716,0.0595,0.0643
0.0383,-9.4651,-2.6441,0.0971,0.0437,0.0583
0.1150,-9.5034,-2.6058,0.1081,0.0680,0.0352
0.0000,-9.5034,-2.6441,0.0607,0.1141,0.0061
0.0766,-9.6184,-2.7207,0.0340,0.1323,0.0012
0.0766,-9.8100,-2.5675,-0.0049,0.1190,0.0121
-0.0383,-9.6950,-2.6058,0.0765,0.0996,0.0121
-0.1533,-9.5034,-2.5675,0.1639,0.1117,0.0146
-0.2299,-9.1969,-2.5675,0.1214,0.0911,0.0109
-0.3066,-9.5034,-2.2992,0.0449,0.0437,0.0134
-0.1533,-9.7717,-2.2609,0.0777,0.0194,0.0134
-0.0383,-9.7334,-2.4142,0.1372,0.0279,0.0036
0.0383,-9.5801,-2.3375,0.1190,0.0170,-0.0012
0.0000,-9.5034,-2.5291,0.1214,0.0121,-0.0049
0.0000,-9.5801,-2.4908,0.1044,0.0097,-0.0146
-0.0766,-9.5418,-2.5291,0.0546,-0.0024,-0.0328
0.0000,-9.5418,-2.4142,0.0279,0.0012,-0.0461
-0.0383,-9.5034,-2.4908,0.0231,-0.0097,-0.0425
-0.0383,-9.4268,-2.4525,0.0146,-0.0146,-0.0279
0.1916,-9.5418,-2.3375,0.0231,-0.0012,-0.0328
0.1533,-9.4651,-2.3759,-0.0146,-0.0097,-0.0425
0.2299,-9.6950,-2.4142,-0.0279,0.0231,-0.0255
0.2299,-9.5418,-2.5291,0.0073,0.0559,-0.0206
0.1150,-9.5801,-2.2992,0.0000,0.0716,-0.0170
0.1150,-9.7334,-2.3375,-0.0328,0.0862,-0.0134
0.0383,-9.7334,-2.4525,-0.0170,0.0935,-0.0061
0.1150,-9.6184,-2.5291,0.0121,0.1008,0.0036
-0.0766,-9.5801,-2.2992,0.0170,0.0935,0.0073
0.1533,-9.6567,-2.5675,-0.0012,0.0911,0.0085
0.0383,-9.6567,-2.2609,0.0340,0.0947,0.0121
0.0383,-9.6567,-2.2226,0.0813,0.0813,0.0061
-0.0383,-9.6567,-2.1843,0.0571,0.0862,0.0061
0.0000,-9.5418,-2.4908,0.0850,0.0704,0.0049
0.0000,-9.5034,-1.9543,0.0474,0.0668,0.0000
-0.1150,-9.5801,-2.0693,0.0510,0.0595,-0.0012
-0.0766,-9.7717,-2.0310,0.0765,0.0777,0.0036
0.0383,-9.5034,-2.1459,0.0813,0.0534,-0.0012
0.0000,-9.5034,-2.2609,0.0291,0.0279,-0.0012
0.0766,-9.6950,-2.1843,0.0085,0.0461,-0.0073
0.0766,-10.0016,-2.2226,0.0194,0.0316,-0.0158
0.0000,-9.5418,-2.1843,0.0158,0.0340,-0.0049
0.0000,-9.4651,-2.1459,0.0073,0.0279,-0.0121
0.0000,-9.5034,-2.1459,-0.0425,0.0049,-0.0255
-0.0383,-9.5801,-2.0310,-0.1020,-0.0024,-0.0097
0.0383,-9.5418,-2.1459,-0.0947,-0.0024,0.0000
0.0383,-9.6184,-1.9927,-0.0753,-0.0243,-0.0061
0.0383,-9.6567,-1.9927,-0.0898,-0.0194,-0.0109
0.0383,-9.6184,-2.0310,-0.0704,-0.0121,-0.0049
0.0383,-9.6950,-2.1843,-0.0231,-0.0024,-0.0073
0.1533,-9.5801,-2.0693,-0.0340,0.0012,-0.0134
0.2682,-9.9250,-1.9927,-0.0680,0.0036,-0.0097
0.0383,-9.6950,-2.1076,-0.0486,0.0061,-0.0036
0.0000,-9.6184,-2.2609,-0.0486,0.0085,-0.0061
0.0766,-9.6184,-2.3759,-0.0898,0.0061,-0.0085
0.0000,-9.6567,-2.2992,-0.0923,0.0073,0.0012
0.0383,-9.5418,-2.2992,-0.0765,0.0170,0.0073
0.0000,-9.5801,-2.2609,-0.0983,0.0413,0.0036
0.0000,-9.5418,-2.1843,-0.1202,0.0437,0.0000
0.0000,-9.5801,-2.2609,-0.1445,0.0461,0.0049
-0.1533,-9.7334,-2.3375,-0.1506,0.0595,0.0024
-0.0766,-9.6950,-2.4908,-0.0898,0.0376,0.0121
0.0766,-9.5034,-2.5291,-0.1178,0.0340,0.0146
0.0766,-9.6950,-2.5291,-0.1299,0.0510,0.0012
0.0000,-9.5418,-2.3375,-0.1032,0.0753,-0.0036
-0.0383,-9.5801,-2.4142,-0.0789,0.0838,0.0024
0.0766,-9.5034,-2.4908,-0.0826,0.0753,-0.0012
0.0766,-9.5801,-2.5675,-0.0923,0.0777,0.0012
0.0000,-9.6567,-2.4908,-0.0826,0.1044,0.0073
-0.0766,-9.5418,-2.4525,-0.0389,0.1117,0.0109
0.0000,-9.5034,-2.5291,-0.0182,0.1129,0.0121
0.0383,-9.5034,-2.4525,-0.0461,0.1202,0.0073
0.0000,-9.6567,-2.4525,-0.0425,0.1178,0.0097
-0.1150,-9.5034,-2.4525,-0.0413,0.1190,0.0170
0.0000,-9.5034,-2.3375,-0.0692,0.1214,0.0109
0.0000,-9.5418,-2.4908,-0.0716,0.1153,0.0036
0.0000,-9.5418,-2.5675,-0.0971,0.1105,0.0073
0.0000,-9.8100,-2.3759,-0.0656,0.1068,0.0121
-0.0383,-9.6567,-2.7207,0.0109,0.0959,0.0049
-0.0383,-9.4651,-2.6441,-0.0656,0.0886,0.0000
0.0000,-9.5418,-2.4142,-0.0923,0.1008,0.0049
0.0766,-9.5034,-2.2992,-0.0607,0.1032,0.0036
-0.0766,-9.5418,-2.4908,-0.0765,0.0996,-0.0012
0.0383,-9.6184,-2.6441,-0.0923,0.0935,0.0000
0.0000,-9.6184,-2.5291,-0.0898,0.0947,0.0012
0.0000,-9.5801,-2.5291,-0.0134,0.0996,-0.0012
0.0000,-9.5034,-2.6058,0.0012,0.0923,-0.0024
0.0000,-9.5034,-2.6058,-0.0364,0.0813,-0.0024
0.0383,-9.5801,-2.6058,-0.0656,0.0959,-0.0049
-0.0383,-9.5418,-2.2992,-0.0668,0.1008,0.0012
-0.0383,-9.4651,-2.7974,-0.0304,0.0753,0.0024
-0.0383,-9.5418,-2.4525,-0.0643,0.0935,-0.0097
0.0000,-9.5801,-2.5291,-0.0279,0.0862,-0.0073
0.0000,-9.5418,-2.5291,-0.0061,0.0862,-0.0024
-0.0766,-9.4651,-2.6058,-0.0389,0.0704,-0.0049

