-.-.-
-0.8047,-4.7517,-1.4945,0.3266,-0.5075,-0.3752
-2.1076,-1.7627,-1.6861,1.7132,-0.2562,-0.4359
-2.6441,0.6514,-5.5564,1.9220,-0.1190,-0.4917
-1.3412,1.6478,-12.3775,0.3800,0.3472,-0.4480
-1.0346,-8.1239,-1.4945,0.0170,0.0668,-0.0668
5.4032,-11.3428,-3.2955,-0.2319,-1.3137,0.7467
3.4488,-18.4704,-9.5418,-1.7556,-1.4181,1.3902
2.0693,-29.5833,-4.2536,-2.3202,-0.2331,0.8183
-2.2609,-27.2457,-4.9816,-1.2591,0.9422,-0.5852
-0.6514,-18.2021,-3.8704,1.0879,0.5512,-0.9325
1.6861,-9.6567,-4.1003,1.2785,0.2100,-0.8475
2.7974,-6.4761,-3.6404,0.4808,0.2513,-0.5027
3.4871,-6.0546,-1.0730,-0.5670,0.3776,-0.4225
2.5291,-6.2079,0.2299,-1.0126,0.6229,-0.4541
1.3795,-6.2462,0.1533,-1.0332,0.9458,-0.5294
-0.2299,-4.5218,0.9197,-0.4650,1.0648,-0.5561
0.6898,-2.0693,0.2682,0.5367,0.6666,-0.1724
1.0730,0.0000,0.5748,0.9555,0.4298,0.0826
-0.2682,1.2263,0.2682,0.7843,0.1311,0.2380
0.1916,0.9197,-6.8593,0.3703,0.3400,0.2210
1.4562,-0.6898,-11.8027,-0.0631,0.9276,0.1906
-0.1533,-11.8410,-2.9123,0.8511,-0.0765,-0.2501
-4.2536,-15.5580,-10.6914,-0.1979,-0.0036,-0.4929
1.6478,-28.9318,-13.6420,-1.2056,-0.6678,-1.0065
3.7554,-28.5486,0.2299,-1.1425,0.4553,-1.0757
1.5711,-20.3481,-4.0236,0.4990,-0.1773,0.6301
0.7281,-14.4851,-6.0546,1.2785,-0.5124,1.1559
0.6131,-9.6567,-4.9433,1.2093,-0.5597,1.0077
-0.4598,-6.5145,-2.7207,0.3946,-0.1445,0.7576
-1.2263,-4.1003,0.3066,-0.1251,0.0571,0.6823
-0.8814,-4.1003,0.4215,-1.0587,0.0121,0.5646
-0.6898,-5.3265,1.1113,-1.8431,-0.0158,0.3691
-0.3066,-5.3265,0.1916,-1.4825,-0.2635,0.3035
-0.9197,-5.2882,-0.5748,-0.9713,-0.3363,0.0121
-1.1113,-4.1386,-0.6131,0.2768,-0.2562,-0.2938
-2.1076,-1.4179,-2.0693,1.8637,-0.3230,-0.3169
-1.5711,1.4179,-8.7370,1.7994,-0.1566,-0.5014
-1.1879,0.1533,-12.1092,0.0097,0.6399,-0.3351
0.8430,-8.6221,-1.6478,0.4080,-0.0073,-0.0328
3.7171,-11.7260,-6.3229,-0.0109,-1.4424,1.1911
7.0509,-21.0379,-9.6184,-1.7132,-1.4545,1.6294
-1.1879,-29.0851,-6.0929,-2.4392,-0.0631,0.4772
-2.3759,-24.9848,-6.7061,-0.6484,1.1826,-0.7601
-1.1496,-15.8646,-3.7937,0.9592,0.5136,-1.0502
1.3795,-8.8520,-3.3339,0.9592,0.1676,-1.0211
3.6404,-7.4341,-3.1423,-0.1214,-0.0206,-0.5901
3.2189,-7.5108,-0.9580,-0.8900,0.0656,-0.4492
2.4525,-6.9360,0.0383,-0.8074,0.4735,-0.2744
1.6095,-5.1349,0.4598,-0.6144,0.9106,-0.1797
1.4945,-3.3722,1.0346,-0.2914,1.0090,-0.0777
1.3412,-1.0730,0.6898,0.3946,0.8718,0.0036
1.4562,0.4215,-0.1916,0.9822,0.4492,0.2453
0.1150,1.3795,-0.7281,0.9130,0.0753,0.2647
0.0383,1.3795,-8.6987,0.5974,0.5573,0.3011
1.1496,-2.4142,-11.6494,0.1858,1.1328,0.1372
0.0766,-12.4541,-3.2189,1.1826,0.1153,-0.3120
-5.0966,-14.8683,-10.3848,0.2914,0.0376,-1.0162
0.9580,-30.2347,-10.9979,-1.5845,-0.1566,-1.5675
3.9470,-29.4300,0.5365,-1.2239,0.4104,-0.9822
0.6514,-21.4594,-5.2499,0.9956,-0.3715,0.8475
1.2646,-13.3738,-5.7480,1.9778,-0.8317,1.1729
0.6898,-7.4725,-5.1349,1.5602,-0.5512,0.8851
-0.2682,-5.1349,-2.6058,0.2198,-0.0753,0.7443
-0.9963,-2.8740,-0.1533,-0.1627,-0.1348,0.8086
-0.9963,-3.9087,-0.4598,-1.4205,-0.0741,0.5804
-1.5711,-5.5181,0.5365,-2.3664,-0.1153,0.4614
-0.4598,-6.3229,-0.0766,-1.7702,-0.4359,0.3837
-0.3832,-5.9396,-0.6131,-0.3060,-0.3521,0.0109
-1.0346,-3.4105,-1.9160,1.4643,-0.2780,-0.4298
-1.6861,-0.5748,-3.1039,2.3906,-0.2003,-0.4456
-1.6478,1.6861,-9.0436,1.3538,-0.1020,-0.6569
-2.2226,-3.4488,-8.4305,-0.0158,0.5694,-0.4116
2.1076,-9.1586,-1.9927,0.5488,-0.5099,0.2938
2.6441,-12.7990,-10.3465,-0.5694,-1.2445,1.4084
9.6184,-23.1455,-6.9743,-1.5116,-1.4120,1.7362
-0.9580,-27.7056,-4.2919,-1.9718,0.6423,0.1761
-1.7627,-22.9539,-5.9780,-0.3254,0.9361,-0.9713
1.2263,-14.6000,-3.6787,1.0636,0.3837,-0.9871
2.4142,-9.3118,-4.1386,1.0041,0.3545,-0.7479
3.7554,-7.7024,-2.4525,0.0935,0.4152,-0.3910
2.2226,-6.9743,0.0000,-0.4262,0.6726,-0.4638
2.1076,-6.5528,-0.4215,-0.8135,0.8912,-0.5391
0.4982,-5.3648,0.0000,-0.7916,1.3016,-0.5682
0.3066,-3.5255,0.5365,0.0765,1.2093,-0.4626
0.6514,-0.5365,0.4215,1.2433,0.7807,-0.1008
0.9580,1.4562,-0.3066,1.4205,0.4334,0.1323
0.2299,2.7591,-2.8357,0.7989,0.2878,0.2246
0.9963,1.3412,-8.2389,-0.2258,0.8402,0.3788
0.1916,-6.7444,-5.9396,-0.3970,0.4347,0.0146
-1.6478,-14.6000,-6.7061,0.3557,0.1117,-0.2368
-2.6441,-19.6200,-12.3008,-1.8977,-0.5039,-0.7710
3.6787,-30.1581,-2.5291,-0.8438,0.2137,-1.3258
1.7627,-24.5633,-1.5711,-0.0352,0.0607,-0.0121
0.4598,-17.4357,-5.7097,1.3489,-0.3691,1.0927
1.6861,-10.0016,-5.0583,1.9888,-0.4881,1.0199
-0.6514,-5.9780,-3.5638,0.9349,-0.0631,0.8329
-1.3795,-3.5255,-1.5711,0.0146,-0.0073,0.8268
-0.8430,-4.2536,-0.1916,-0.8402,-0.1178,0.7613
-0.9197,-6.0163,1.1496,-1.8103,-0.2028,0.6034
-0.4982,-6.1696,0.5365,-1.3368,-0.4177,0.5269
0.2682,-5.7480,-0.3449,-0.5609,-0.4626,0.2865
-0.7664,-5.0583,-1.1113,0.2380,-0.2805,-0.2416
-2.9123,-2.3375,-1.5328,1.3513,-0.2623,-0.4796
-2.8357,0.1150,-5.5181,1.8601,-0.1761,-0.4626
-1.9927,1.8011,-12.2625,0.3060,0.4456,-0.4796
-1.0346,-8.0856,-2.7207,-0.0304,0.4517,-0.1639
6.0929,-10.9213,-4.5218,-0.2926,-1.0915,0.6629
3.0273,-17.4357,-10.7680,-1.4570,-1.2141,1.5080
3.1039,-26.9775,-4.4835,-1.7969,-0.1906,1.1146
-2.2992,-26.9392,-4.4835,-1.5869,1.1316,-0.5027
-1.1113,-19.9649,-5.0583,0.5354,0.8463,-0.9883
1.3412,-12.1475,-3.7937,1.0393,0.4225,-0.8985
1.9927,-8.2772,-3.2572,0.8608,0.3181,-0.4893
3.0273,-6.0163,-0.6514,0.0000,0.4602,-0.3509
1.9160,-5.8630,-0.0383,-0.6726,0.6605,-0.4929
1.1496,-5.3648,0.3449,-0.9701,0.9543,-0.5099
0.4982,-3.2572,0.7664,-0.3655,1.1425,-0.5779
0.7664,-0.9580,1.0346,0.5476,0.8038,-0.2113
1.2263,0.7281,1.1879,0.7588,0.4249,0.0364
0.0383,1.1496,0.4215,0.5403,0.0741,0.2270
0.0766,1.1113,-6.9360,0.4201,0.2258,0.2720
2.9123,0.8814,-13.7187,0.0826,1.0648,0.3157
0.7664,-12.1092,-2.1076,0.9252,-0.1372,-0.0668
-5.2882,-17.2058,-11.6877,0.0109,-0.1020,-0.4541
0.4215,-30.1198,-15.0216,-1.7981,-0.7443,-1.1462
3.3339,-30.1964,0.7664,-1.0442,0.8208,-1.1644
1.4562,-20.8846,-2.3375,0.7588,0.0255,0.6119
0.9197,-13.4888,-5.5181,1.5711,-0.4711,1.1486

