-.-.-
1.2263,-6.8210,-8.9670,-0.9021,0.2720,-0.1530
1.6095,-6.9743,-8.8903,-0.9580,0.1845,-0.1639
1.4179,-6.5145,-9.2352,-0.9567,0.1773,-0.1421
1.5711,-6.5911,-9.2735,-0.8912,0.1311,-0.1372
1.6478,-6.2845,-9.1586,-0.7297,0.0583,-0.1081
1.5711,-5.9396,-9.5418,-0.6022,0.0219,-0.0971
1.6478,-5.3648,-9.5418,-0.4869,0.0328,-0.0704
1.4562,-5.5564,-9.4268,-0.4747,-0.0583,-0.0595
1.6861,-5.8630,-9.6184,-0.4104,-0.0874,-0.0801
1.4945,-5.7864,-9.5418,-0.2817,-0.1785,-0.0971
1.6095,-5.7864,-9.5801,-0.1542,-0.3157,-0.1008
1.6478,-5.7480,-9.5418,-0.0012,-0.3230,-0.0959
1.4179,-5.1349,-9.5034,0.1591,-0.3557,-0.0486
1.2263,-5.3648,-9.1586,0.2428,-0.3570,-0.0146
0.8430,-5.5948,-9.0819,0.3242,-0.4043,-0.0194
0.7281,-5.6714,-9.0053,0.4869,-0.3776,-0.0121
0.7664,-5.2882,-8.9286,0.5561,-0.2331,-0.0121
0.5748,-5.6331,-8.2389,0.4747,-0.1809,-0.0231
0.3066,-6.1696,-8.3155,0.4468,-0.2368,-0.0546
0.4215,-6.2845,-8.3921,0.5961,-0.2440,-0.0680
0.0766,-6.3612,-8.0473,0.6617,-0.2088,-0.0716
0.1150,-6.2462,-7.5491,0.6520,-0.2428,-0.0716
0.2299,-6.3229,-7.5491,0.6071,-0.2440,-0.0546
0.4215,-6.3995,-7.5108,0.5160,-0.2161,-0.0219
0.4598,-6.7444,-7.5491,0.4954,-0.1724,-0.0243
0.1533,-6.8210,-7.7407,0.4917,-0.0826,-0.0109
0.1916,-7.0509,-7.3575,0.4614,-0.0194,0.0036
0.1150,-7.3575,-7.3192,0.4249,-0.0170,0.0073
0.1533,-7.3958,-7.3192,0.4638,-0.0158,-0.0085
0.3449,-6.9743,-7.2425,0.5427,-0.0109,-0.0024
0.2682,-7.2425,-7.0509,0.5694,-0.0024,-0.0061
0.1533,-7.2809,-7.0509,0.5743,-0.0243,-0.0291
0.1150,-7.3575,-7.3192,0.5828,-0.0352,-0.0559
0.1533,-7.4725,-7.0509,0.6034,-0.0182,-0.0983
0.3832,-7.4725,-7.0509,0.6265,-0.0304,-0.1336
0.3066,-7.7407,-6.3995,0.6823,-0.0534,-0.1068
0.5365,-7.2425,-5.8630,0.9689,-0.0534,-0.0486
0.7281,-6.8593,-6.2462,0.9907,-0.0486,-0.0389
0.6898,-7.5491,-5.5948,0.7904,-0.0510,0.0012
0.5748,-7.5108,-5.4032,1.0332,-0.0498,0.0340
0.4598,-6.8210,-5.4415,1.2348,-0.0194,0.0158
0.2682,-6.3229,-5.0583,1.1947,0.0340,0.0304
0.4215,-6.1313,-4.9050,1.1486,0.0656,0.0340
0.5365,-6.1313,-4.7900,1.1340,0.0850,0.0498
0.6514,-6.3995,-4.7134,1.0769,0.0182,0.0255
0.3449,-6.6294,-4.6368,1.0260,-0.0182,0.0291
0.3449,-7.1659,-4.5984,1.0077,-0.0061,0.0291
0.2682,-7.3192,-4.5601,1.1219,-0.0376,0.0291
0.4215,-7.3575,-4.8667,1.1279,-0.0801,0.0631
0.4982,-6.7827,-4.9816,1.1935,-0.1384,0.0449
0.0383,-6.6677,-4.4835,1.3246,-0.1384,0.0656
0.1533,-6.5145,-4.5984,1.0952,-0.1712,0.1153
0.1916,-6.6677,-4.7900,0.7771,-0.1724,0.1518
0.0383,-7.0509,-4.7900,0.6399,-0.1821,0.1761
-0.0383,-7.9323,-4.5984,0.4092,-0.2210,0.1748
-0.0766,-8.4688,-4.7900,0.4116,-0.2295,0.1578
0.0383,-8.9286,-4.6368,0.5318,-0.1542,0.1008
0.0383,-9.0436,-4.3685,0.6071,-0.1166,0.0619
0.0766,-8.5838,-4.4068,0.6156,-0.0874,0.0522
0.2299,-8.0473,-4.0236,0.5937,-0.0364,0.0182
0.2299,-8.1622,-4.2536,0.3970,0.0134,0.0049
0.1533,-8.5838,-3.8704,0.1991,0.0983,0.0073
0.4215,-8.6604,-4.1769,0.1263,0.1930,0.0073
0.5748,-8.8520,-3.8320,0.1141,0.2793,0.0194
0.5365,-9.0053,-3.7171,0.0996,0.3557,0.0304
0.1150,-9.3118,-3.6404,0.0607,0.4225,0.0073
-0.3066,-9.5034,-3.4105,0.0801,0.4067,-0.0340
-0.7281,-9.6567,-3.4105,0.0643,0.3521,-0.0376
-0.8430,-9.6950,-3.3722,0.1275,0.2538,0.0000
-0.6514,-9.4651,-3.3339,0.1809,0.2125,0.0437
-0.2682,-9.5034,-3.4871,0.2015,0.1955,0.0595
0.0000,-9.4268,-3.1423,0.1845,0.1918,0.0498
-0.1533,-9.3502,-3.2955,0.1421,0.1603,0.0073
-0.3449,-9.0819,-3.2955,0.1530,0.1421,-0.0024
-0.4598,-8.8903,-3.2189,0.0704,0.1202,-0.0194
-0.4215,-9.0436,-3.1806,-0.0267,0.1238,-0.0328
-0.2299,-9.1586,-3.1039,-0.0364,0.1408,-0.0352
-0.1916,-9.4268,-2.9507,-0.0243,0.1117,-0.0158
-0.2682,-9.6950,-3.1423,-0.0182,0.0498,0.0012
-0.3066,-9.5418,-3.2955,0.0085,0.0401,0.0158
-0.1150,-9.6950,-3.0656,0.0437,0.0279,0.0194
-0.1150,-9.6567,-2.9507,0.0789,0.0389,0.0170
-0.1916,-9.3502,-3.2955,0.0898,0.0267,0.0194
-0.3449,-9.1969,-3.1039,0.0583,-0.0012,0.0328
-0.4598,-9.3885,-2.7207,0.0643,-0.0401,0.0389
-0.2682,-9.5418,-2.9507,0.0061,-0.0656,0.0279
-0.2299,-9.7334,-2.6824,-0.0049,-0.0595,0.0206
0.0766,-9.7334,-2.2992,0.0935,-0.0328,0.0061
-0.1150,-9.6184,-2.8740,0.0777,-0.0219,-0.0073
-0.1533,-9.5034,-2.9507,0.0595,-0.0425,-0.0061
-0.1916,-9.3118,-2.7974,0.0911,-0.0498,0.0000
-0.1916,-9.3118,-2.6824,0.0741,-0.0595,-0.0049
-0.1916,-9.3502,-2.7207,-0.0279,-0.0571,-0.0012
0.0000,-9.5034,-2.8740,-0.0607,-0.0498,-0.0012
-0.0383,-9.6184,-2.7591,-0.0121,-0.0364,-0.0085
0.0383,-9.6950,-2.7207,-0.0291,-0.0231,-0.0243
-0.1533,-9.5034,-2.9123,-0.0170,-0.0109,-0.0219
-0.0766,-9.4651,-2.8740,0.0085,-0.0109,-0.0170
-0.1916,-9.5034,-3.1423,-0.0134,-0.0073,-0.0194
-0.0766,-9.5801,-2.9507,-0.0619,0.0097,-0.0146
0.0383,-9.4651,-3.1423,-0.0328,0.0231,-0.0024
0.0383,-9.2735,-2.9890,0.0146,0.0401,-0.0024
0.0766,-9.2735,-2.9123,-0.0036,0.0595,-0.0146
-0.1150,-9.3502,-2.9890,-0.0704,0.0583,-0.0231
-0.1150,-9.4268,-2.8357,-0.0898,0.0898,-0.0158
-0.0766,-9.4651,-2.8740,-0.0510,0.1226,-0.0134
-0.1916,-9.6567,-2.8357,-0.0643,0.1226,-0.0097
-0.2682,-9.5034,-2.9123,-0.0121,0.1020,-0.0036
-0.2682,-9.6567,-2.7207,-0.0134,0.1032,-0.0073
-0.1533,-9.4268,-3.1039,-0.0534,0.1020,-0.0036
-0.2682,-9.5418,-2.9890,-0.0789,0.1020,0.0012
-0.1533,-9.5418,-2.9123,-0.0607,0.0911,0.0000
0.0000,-9.5418,-2.7591,-0.0437,0.1020,-0.0073
-0.0383,-9.5034,-3.0273,-0.0304,0.1081,-0.0085
-0.1533,-9.3885,-3.0273,-0.0668,0.0898,-0.0061
-0.1916,-9.4651,-2.8740,-0.0656,0.0850,0.0024
-0.1150,-9.5418,-2.9890,-0.0631,0.0911,-0.0085
0.0766,-9.4268,-3.1423,-0.1093,0.0983,-0.0073
-0.0383,-9.4651,-2.9507,-0.1323,0.1056,0.0061
-0.1533,-9.5801,-2.9507,-0.1251,0.1008,0.0012
-0.0766,-9.4651,-3.1039,-0.1008,0.1105,-0.0097
-0.1150,-9.5801,-3.0656,-0.0996,0.0996,-0.0134
-0.0383,-9.5034,-3.1039,-0.0728,0.1020,-0.0073
-0.1150,-9.5418,-3.2572,-0.0364,0.1153,-0.0061
-0.1533,-9.4268,-2.9890,-0.0036,0.1275,-0.0085
-0.1150,-9.3118,-2.8740,0.0073,0.1287,-0.0121
-0.2299,-9.2352,-2.9123,-0.0146,0.1238,-0.0182
-0.1150,-9.2352,-2.9507,-0.0486,0.1226,-0.0206

