-.-.-
-0.0766,-7.8940,0.3832,-0.2987,0.6921,-0.6338
-2.1843,-8.9670,-0.5365,-0.7698,0.5257,-1.0429
-2.4142,-9.3885,-0.9963,-0.6629,0.1761,-1.0988
-1.6478,-7.4341,-0.8047,0.1068,0.0255,-0.9373
-0.2682,-5.1349,-1.0730,0.7358,0.0486,-0.7078
0.9963,-4.5601,-0.4215,0.3533,0.0255,-0.4954
1.4179,-5.0583,0.9580,-0.3108,-0.1238,-0.3096
1.8394,-5.8630,1.8777,-0.4298,-0.4007,-0.1445
2.2226,-6.3229,1.5711,-0.3509,-0.5124,0.0571
2.3759,-7.3958,1.9543,-0.7163,-0.4262,0.2489
1.8777,-9.4651,2.7974,-1.0175,-0.3387,0.3181
0.6898,-12.0709,2.8357,-0.9810,-0.7916,0.3035
-0.0383,-13.9486,1.9543,-0.3679,-1.1765,0.1845
1.8394,-12.4541,2.7974,0.3958,-0.6896,-0.0862
2.6058,-10.8063,4.3685,0.4225,-0.0097,-0.3363
3.5638,-13.0289,4.3685,0.1202,0.1591,-0.5124
6.2845,-15.7496,-0.6514,-0.3023,-0.0461,-0.6362
3.7554,-16.6693,-6.3995,-0.3387,-0.2853,-0.9798
1.4562,-15.4431,-6.0929,-0.5779,0.1141,-1.6172
-0.6131,-14.0252,-4.9816,0.3120,0.8074,-1.8491
-1.1879,-12.5691,-4.6368,1.0757,1.0114,-1.4898
-0.4215,-10.6530,0.5365,0.7831,0.5342,-0.6350
1.8011,-9.4651,2.5675,0.2210,0.2100,0.1421
2.7207,-9.5418,0.4598,-0.1918,0.4383,0.6896
2.7207,-9.2352,-1.0346,-0.2708,0.5354,0.8693
1.8777,-6.4761,-0.7664,0.1020,0.4747,0.8220
0.6514,-3.9087,-1.7627,0.3642,0.2756,0.7601
-0.2682,-3.0656,-2.1843,-0.1578,0.1615,0.6508
-0.4215,-4.2536,-1.1496,-0.7649,0.1906,0.4662
-0.1150,-5.5948,0.4598,-0.4929,0.5646,0.2137
0.1916,-5.6331,0.6514,-0.0364,0.9737,-0.0862
0.5365,-6.5911,1.1113,-0.2805,1.0757,-0.3618
0.9963,-9.0819,1.8011,-0.9203,0.8815,-0.5063
1.0730,-11.8027,1.9927,-0.8997,0.6872,-0.4929
-0.0383,-12.8373,1.7244,-0.0158,0.7686,-0.3302
-1.1496,-10.9979,2.0693,0.8499,0.8754,-0.1044
-2.0693,-9.4651,2.7207,0.6204,0.5573,0.1214
-0.8047,-9.7717,5.3265,-0.2525,0.1299,0.3521
0.6131,-13.2205,6.2079,-0.3703,0.3375,0.4432
0.1150,-15.9029,-1.1113,0.0911,0.5002,0.3485
-1.5328,-16.3245,-10.5381,-0.0219,0.5609,0.4432
2.2226,-15.4431,-6.8593,-0.2938,-0.1639,1.2639
5.0583,-14.4084,-3.7554,0.3958,-0.0886,1.6549
4.1003,-14.1785,-1.1879,0.4881,-0.0024,1.5444
3.6787,-11.0363,1.4562,0.8548,-0.4177,0.8305
-0.0766,-8.6221,0.6898,0.3363,-0.1639,-0.1955
-1.6095,-8.4688,-0.2682,-0.4990,0.3181,-0.9968
-2.3759,-8.3155,-0.3066,-0.5682,0.3302,-1.2773
-2.1459,-6.6294,-0.8047,-0.0206,0.0898,-1.0891
-1.1113,-4.8284,-1.3795,0.3120,-0.0158,-0.7103
-0.1533,-4.4835,-0.8430,-0.1129,-0.1943,-0.3412
0.9197,-5.0966,0.1916,-0.5306,-0.4759,-0.0801
1.8011,-5.5948,0.3066,-0.4310,-0.8171,0.1336
2.3759,-5.4415,1.1879,-0.3618,-1.0162,0.3072
2.3375,-6.3229,2.3375,-0.6180,-0.9458,0.3594
1.6861,-8.7754,2.5291,-0.7965,-0.8426,0.2950
1.2646,-11.9943,1.4179,-0.8232,-1.0502,0.1967
0.8430,-12.8756,1.0730,-0.1858,-1.0988,0.0971
1.8777,-11.1895,1.7244,0.6107,-0.7625,0.0206
2.5291,-10.2698,4.7134,0.2829,-0.2440,-0.1178
2.3375,-13.5654,5.6331,-0.2307,-0.1785,-0.3217
5.3265,-16.4394,-1.6095,-0.1797,-0.4650,-0.4966
4.3302,-17.3208,-10.4998,-0.3570,-0.4310,-0.9373
1.5328,-16.7460,-6.9360,-0.8305,0.3691,-1.8321
0.0383,-15.2515,-3.8704,0.4723,1.0187,-2.2352
-0.8430,-12.8756,-3.2572,1.4035,1.0782,-1.8127
0.2682,-10.2315,1.5711,1.2287,0.5209,-0.7394
2.9123,-8.7754,1.6478,0.5694,0.2052,0.2999
3.4488,-9.1969,-0.4215,-0.3339,0.3485,1.1134
2.9123,-8.8520,-1.0346,-0.3764,0.4638,1.2955
1.9543,-6.1696,-0.9963,0.1202,0.5949,1.0490
0.5365,-3.9087,-2.0310,0.2040,0.5804,0.7637
-0.3449,-2.7207,-2.2226,-0.3570,0.5027,0.4881
-0.4598,-3.1806,-1.4562,-0.8013,0.5245,0.2538
-0.2299,-4.4452,-0.7281,-0.7880,0.8730,0.0643
-0.2682,-5.3265,0.3449,-0.6629,1.2603,-0.0959
0.1150,-7.1659,1.8394,-0.7819,1.3210,-0.2513
0.4598,-10.4998,2.4142,-0.9325,1.0709,-0.3424
0.4215,-13.6037,1.8777,-0.7018,0.7916,-0.3922
-0.9963,-13.8720,1.0730,0.1688,0.6508,-0.3302
-2.0693,-11.1895,1.1113,1.1886,0.4990,-0.1591
-1.4562,-8.6221,3.7171,0.8147,0.2222,0.0619
-0.6131,-9.4651,6.7061,0.1676,0.1894,0.4104
0.0000,-13.5271,4.8284,0.1542,0.4104,0.5828
-1.4179,-16.0945,-7.0126,-0.4407,0.5464,0.5719
1.0730,-19.0835,-10.1166,-1.1377,-0.2283,1.1037
4.2919,-16.2095,-4.4452,0.1845,-0.7904,1.7605
4.0620,-13.9103,-1.9927,1.1801,-0.1821,1.6270
3.6021,-11.8410,0.2682,1.1170,-0.1724,1.0247
1.3412,-8.8903,0.8047,0.6447,-0.1457,0.1226
-0.8814,-8.0473,-0.0383,-0.3740,0.2028,-0.7382
-2.1076,-8.9286,-0.3066,-0.6678,0.1918,-1.1486
-1.8011,-7.5874,-0.5365,0.0376,-0.1117,-1.1595
-1.0730,-4.6751,-1.6861,0.7006,-0.2331,-0.9106
-0.0383,-3.4488,-1.7244,0.3740,-0.3460,-0.5621
0.8047,-4.1003,-0.4215,-0.4189,-0.5609,-0.2210
1.2646,-5.6331,0.9197,-0.7418,-0.8390,0.1008
2.0693,-6.2079,1.3412,-0.4492,-1.0599,0.3812
2.4908,-6.5528,1.8777,-0.4492,-1.0175,0.5609
1.9543,-7.5491,2.2226,-0.8390,-0.9021,0.5027
1.1879,-10.2315,2.0693,-1.3404,-1.0915,0.3047
1.3795,-13.7953,1.8394,-1.0332,-1.2882,0.0874
2.2226,-14.2935,2.0310,0.2392,-1.0017,-0.1493
3.3722,-11.7260,3.4871,0.9397,-0.3825,-0.3533
2.9507,-11.4961,5.2499,0.4735,0.0255,-0.5561
5.1349,-13.9486,2.1843,-0.1967,0.0085,-0.6265
5.2882,-16.2095,-6.5911,-0.6921,-0.1226,-0.8365
1.2646,-16.3245,-8.3538,-1.0272,0.1627,-1.4776
0.1150,-15.0982,-4.8284,-0.1615,0.7176,-2.0203
-0.5365,-13.3355,-5.2499,1.2821,0.9009,-1.8807
-1.2263,-11.3045,-0.4982,1.1328,0.7443,-1.0648
1.2646,-10.2315,2.8357,0.4869,0.2768,-0.0680
2.9890,-9.6184,0.8814,-0.0777,0.3096,0.7358
3.1806,-9.1202,-0.6131,-0.2914,0.4784,1.0769
2.5675,-6.7444,-1.2646,0.0546,0.7236,0.9373
1.4179,-3.9853,-1.4562,0.1651,0.6544,0.7649
0.2299,-2.6058,-2.1459,-0.2525,0.4602,0.6411
-0.2682,-3.2189,-1.7244,-0.8353,0.3363,0.4711
0.0766,-4.5601,-1.0730,-0.8293,0.6204,0.2440
-0.0383,-5.0966,0.1533,-0.5840,1.1571,-0.0595
0.3449,-6.6294,1.1113,-0.7200,1.3890,-0.3375
0.4215,-9.3118,2.1459,-1.0187,1.3198,-0.5330
0.3449,-11.9176,2.3375,-0.9531,1.1668,-0.5779
-0.5365,-13.5654,1.8394,-0.4104,1.0369,-0.4504
-1.7244,-12.6074,2.4525,0.4954,0.8475,-0.1202
-1.8777,-9.8866,4.0236,0.8317,0.3096,0.2343
-0.5748,-9.5418,4.3302,0.3521,-0.0668,0.5791
-0.1533,-13.9869,2.3759,-0.1518,0.0000,0.7054

