-.-.-
0.3832,-8.3921,-0.6514,1.1656,0.3545,0.3302
0.0766,-5.7480,-0.3832,0.6751,0.5524,0.3157
0.1533,-4.5984,-0.5365,0.1603,0.6277,0.3169
0.3449,-5.2499,0.0000,-0.0474,0.5925,0.2477
0.0000,-6.5528,-0.3449,-0.2805,0.5160,0.2222
-0.3832,-8.0856,0.0766,-0.3363,0.5014,0.2307
-0.6514,-9.1969,0.6898,-0.2003,0.4747,0.0935
-0.9197,-9.1202,0.7664,0.0692,0.3545,-0.0850
-0.9963,-8.5454,1.2263,0.2914,0.1906,-0.2003
-0.8430,-8.2005,1.6861,0.3023,0.0971,-0.2295
-0.4598,-8.3155,1.8394,0.1773,0.0461,-0.2489
0.0383,-8.5454,1.7244,0.0449,0.0316,-0.2720
0.1150,-9.1969,1.1113,-0.2003,-0.0061,-0.2671
0.4598,-10.4998,0.3066,-0.4140,-0.0279,-0.1833
-0.4982,-10.4614,-1.1113,-0.3351,-0.0923,-0.1238
-2.1459,-10.9213,1.8394,0.0146,-0.5051,0.0534
0.2682,-11.3428,3.9470,0.3849,-0.0947,0.1141
3.0656,-11.9559,4.2536,0.5014,0.3290,0.0959
4.9050,-11.1129,-1.3795,0.2368,0.4723,0.0376
1.1496,-12.0326,-1.4945,-0.1870,0.6204,0.4201
-2.6441,-12.1092,-3.1806,-0.5451,0.4322,0.6253
-4.4452,-11.2662,-7.9706,-0.6520,0.4857,0.7758
1.1113,-11.6877,-5.5564,-0.9252,0.0279,1.1619
4.5601,-11.8410,-2.5675,0.0401,0.3837,0.8560
4.6751,-10.0399,-3.6021,-0.3157,0.3217,0.5136
0.4982,-10.8063,-2.8740,-0.8463,0.3145,0.1603
-4.1003,-11.3428,-1.5711,-0.5464,0.4650,-0.2817
-4.5984,-10.4998,-2.4142,-0.3205,0.2234,-0.4067
-2.0310,-9.1202,-2.1459,-0.1214,0.0461,-0.5330
0.2299,-8.5454,-0.7664,0.0036,0.1238,-0.5937
1.1879,-8.0856,-0.6514,-0.0194,-0.0838,-0.4577
0.9963,-7.3958,-0.6131,0.0036,-0.3630,-0.2064
0.5365,-7.0893,-0.4982,-0.0413,-0.3982,0.0219
0.5365,-7.3575,-0.1916,-0.2489,-0.2987,0.1214
1.0730,-7.7790,-0.6131,-0.4165,-0.0704,0.1639
1.0730,-8.7754,-0.7281,-0.5269,0.0777,0.2210
1.1496,-9.6184,-0.4598,-0.3485,0.0959,0.3278
1.4945,-9.5034,-0.4215,-0.0971,0.2586,0.3606
1.9927,-9.1202,0.3832,0.0813,0.5197,0.3460
2.3759,-8.5838,0.6131,0.0425,0.6229,0.3497
1.8394,-8.3538,1.0730,-0.1991,0.6156,0.3205
0.4215,-8.9670,0.3066,-0.4577,0.4881,0.3302
0.1150,-8.9670,-2.3375,-0.4104,0.5682,0.4067
0.9963,-8.6221,-4.2536,-0.5209,0.6617,0.4614
1.4945,-11.4578,1.0730,-0.3448,0.8584,0.4140
-1.0346,-14.2168,3.3722,0.1275,0.3278,0.1372
-2.1076,-13.1055,1.6861,0.7042,0.3582,-0.1348
-1.5328,-12.5691,0.9197,1.0684,0.4310,-0.3157
2.0310,-9.6184,-2.4142,0.7503,0.0704,-0.3424
1.8011,-10.3465,-4.0620,0.0595,0.0461,-0.4784
0.0383,-10.8446,-6.8210,-0.3169,0.1117,-0.7333
-2.1843,-11.3428,-4.7900,0.2987,0.0753,-1.0162
-3.9470,-10.1166,-6.2462,0.6690,0.0219,-1.1049
-4.8284,-10.0016,-4.2152,-0.0255,-0.1372,-0.8827
-2.3759,-10.8446,-2.9507,-0.3047,-0.2999,-0.4772
0.3449,-11.4578,-2.7974,-0.4978,-0.3302,-0.1032
3.7554,-12.1475,-3.1423,-0.4966,-0.0522,0.2040
3.9470,-12.2242,-2.7974,-0.2853,0.2355,0.2987
1.8394,-10.4998,-1.6861,0.3618,0.4444,0.2999
0.3832,-8.4688,-1.1113,0.5427,0.6993,0.2805
-0.0383,-7.2042,-0.7281,0.3387,0.9701,0.1930
0.0000,-7.1659,-0.2299,0.0522,1.0842,0.1287
-0.0766,-7.3958,-0.1916,-0.1056,1.0162,0.1166
-1.0346,-7.9706,-0.0766,-0.1008,0.8378,0.1688
-1.2646,-7.8940,-0.5748,0.0328,0.6301,0.1469
-1.4562,-8.2772,-0.2299,0.0158,0.4565,0.0643
-1.5328,-8.5838,0.5748,0.0947,0.2805,-0.0316
-1.8777,-8.3155,1.3412,0.3740,0.0765,-0.0971
-1.6478,-8.4688,1.4945,0.5415,-0.0449,-0.1469
-0.7281,-8.6604,1.8011,0.5949,0.0121,-0.1858
-0.0766,-8.6987,1.2646,0.6253,0.0170,-0.1979
-0.7664,-8.0473,-0.2299,0.4165,-0.2975,-0.1299
-1.0346,-9.2735,-0.9580,-0.1384,-0.2938,-0.0801
-2.2609,-10.8063,0.5748,-0.2088,-0.7151,-0.0753
0.0766,-12.4924,3.0273,0.1542,-0.5949,-0.0559
2.9123,-12.2625,3.7937,0.2695,-0.2732,-0.0425
4.6751,-13.0289,2.1076,0.6411,-0.1238,0.0206
2.2226,-11.1895,-1.2646,0.2489,0.2258,0.1311
-0.8047,-11.6111,-2.6441,0.0838,0.4019,0.4298
-3.6404,-10.5764,-5.0966,-0.2368,0.1591,0.4893
-1.6861,-10.4998,-7.0509,-0.8135,-0.4213,0.8985
1.8777,-12.6074,-2.1076,-0.0134,0.3302,0.8329
3.5255,-11.4195,-3.6404,-0.0595,0.1615,0.5282
1.7244,-11.2279,-3.2955,-0.2574,-0.0437,0.3436
-3.2955,-11.2279,-2.1459,-0.0461,0.0389,0.0777
-4.8284,-11.4195,-2.5675,-0.1991,-0.1153,0.0461
-2.4908,-10.5381,-2.6441,-0.0279,-0.2076,-0.1712
0.0000,-9.4651,-1.0730,0.2173,-0.1348,-0.4905
0.6514,-8.1239,-0.7281,0.2015,-0.3157,-0.4893
0.4215,-7.0893,-0.6131,0.2501,-0.5039,-0.3023
-0.5748,-6.4761,-0.8814,0.0097,-0.5500,-0.1238
-0.8430,-6.7827,-0.4598,-0.3290,-0.5561,-0.0219
-0.3066,-6.8977,-0.4598,-0.3837,-0.5148,0.0049
0.7281,-7.3192,-0.6898,-0.4759,-0.4201,0.0753
1.2646,-8.2005,0.0766,-0.5184,-0.3436,0.1554
1.4945,-8.6987,0.2682,-0.3084,-0.2477,0.2258
1.5711,-8.7370,0.5748,-0.0959,-0.0826,0.2598
1.8011,-8.8903,0.3832,-0.0607,0.1178,0.2841
1.8011,-9.5034,1.0346,-0.0291,0.2635,0.2865
1.7244,-9.8866,0.4215,0.0194,0.3642,0.2513
0.1533,-10.0782,-0.1533,-0.0340,0.3485,0.2489
-1.2646,-9.2735,-2.0310,-0.0571,0.2392,0.3570
1.0730,-10.2315,1.4179,-0.0012,0.5925,0.3946
-0.7281,-12.9523,4.7900,0.2865,0.2173,0.0983
-2.9507,-12.3391,3.2955,0.6301,-0.0255,-0.1166
-2.7207,-12.1092,-1.2646,0.4832,-0.0024,-0.3606
1.1879,-12.7990,-0.5365,0.2987,-0.1105,-0.6265
2.2609,-12.4924,-4.4068,0.3764,-0.1105,-0.7746
1.7627,-10.4998,-6.0546,0.1190,0.3715,-0.8997
-0.7664,-10.0399,-5.6331,0.5464,0.4080,-1.1959
-4.6368,-8.9286,-5.4032,0.0656,0.1906,-1.2591
-4.8284,-9.9633,-3.5638,-0.6981,-0.0170,-0.7892
-2.9123,-12.1092,-1.5328,-0.7127,-0.2319,-0.2465
0.3066,-12.2625,-2.5675,-0.3837,-0.3703,0.1178
2.7974,-11.5344,-2.1459,-0.1761,-0.2708,0.2574
2.4525,-10.7297,-1.3795,0.0158,-0.0316,0.3497
1.3412,-9.3885,-1.5711,0.1408,0.2550,0.4201
0.8047,-8.1239,-1.1113,0.1773,0.5209,0.2963
0.4982,-7.2809,-0.4598,0.1093,0.7734,0.1518
0.5748,-7.0126,-0.0766,0.0085,0.9045,0.0146
-0.0766,-7.0893,0.1150,-0.2185,0.8912,-0.0498
-0.9963,-7.8557,0.3066,-0.3727,0.7601,-0.0024
-1.5328,-8.4688,0.2682,-0.2343,0.6144,-0.0389
-1.7627,-8.8137,0.5365,-0.0534,0.4237,-0.1542
-1.9543,-8.8137,1.0730,0.1566,0.1894,-0.2307
-1.6095,-8.5454,1.7627,0.4055,-0.0777,-0.2234
-0.6898,-8.2005,1.8011,0.3618,-0.1615,-0.1761
0.8814,-8.3538,1.3795,0.0559,-0.0364,-0.1396

