-.-.-
9.7334,1.1496,0.8814,0.0813,0.1955,-0.0231
9.6184,1.1113,1.1879,0.0024,0.1906,-0.0279
9.5418,1.6095,0.6131,-0.0619,0.2015,-0.0255
9.6567,1.1113,0.9580,-0.0510,0.2064,-0.0194
9.6184,1.1113,0.9580,-0.0704,0.2052,-0.0170
9.7334,1.1113,0.9963,-0.1214,0.2185,-0.0170
9.6567,1.1113,1.0730,-0.1408,0.2295,-0.0231
9.5418,1.2263,1.3412,-0.1469,0.2173,-0.0146
9.5418,1.2263,1.0730,-0.1591,0.1894,-0.0085
9.6567,0.9580,1.0730,-0.1627,0.1481,-0.0012
9.8100,0.6514,1.1113,-0.1287,0.1676,-0.0085
9.6184,0.9580,1.0346,-0.0607,0.2295,-0.0206
9.6567,1.0730,1.0346,0.0243,0.2841,-0.0291
9.6184,1.1879,1.0730,0.0510,0.3472,-0.0304
9.6567,1.2263,1.1879,0.0085,0.3897,-0.0340
9.5418,0.9197,1.3029,-0.0024,0.4092,-0.0243
9.4651,1.1113,1.6095,-0.0085,0.4371,-0.0267
9.2735,1.1879,1.5328,-0.0134,0.4492,-0.0352
9.3502,0.9580,1.6478,-0.0522,0.4626,-0.0449
9.3502,1.1496,1.6478,-0.0753,0.4772,-0.0437
9.5801,1.0730,1.8394,-0.0219,0.4796,-0.0425
9.8483,0.9580,1.8011,0.0376,0.4978,-0.0474
9.4268,1.1496,1.9160,0.0304,0.5427,-0.0595
9.4651,1.1879,2.0310,-0.0109,0.5864,-0.0619
9.3885,1.3029,2.3375,-0.0328,0.6107,-0.0583
9.3502,1.3029,2.2609,-0.0243,0.6216,-0.0486
9.3118,1.2646,2.3759,-0.0036,0.6374,-0.0376
9.5034,1.0730,2.4142,0.0231,0.6726,-0.0474
9.4268,1.1496,2.4142,0.0753,0.7309,-0.0546
9.3885,1.3029,2.1076,0.0911,0.7333,-0.0437
9.4268,1.3412,2.4525,0.0376,0.7661,-0.0340
9.3118,1.2263,2.4525,-0.0170,0.8232,-0.0352
9.0436,0.9197,3.1423,-0.0376,0.8596,-0.0461
9.1969,1.1879,2.9890,-0.0352,0.8851,-0.0498
9.1969,1.2646,3.2955,-0.0996,0.9106,-0.0631
9.1969,0.9580,3.2955,-0.1348,0.9215,-0.0583
9.1202,0.5748,3.5638,-0.1117,0.9592,-0.0449
9.0436,0.7664,4.1386,-0.0085,0.9385,-0.0413
9.0053,1.1113,4.2152,0.2392,0.8232,0.0109
8.8903,1.1879,3.7171,0.3072,0.7346,0.0874
8.1622,0.4982,4.2152,0.2695,0.7054,0.0716
7.9706,0.6514,4.0236,0.3327,0.7224,-0.0036
7.8173,1.0346,4.5218,0.3145,0.7649,-0.0680
7.6257,1.7244,4.9816,0.2307,0.7698,-0.1032
7.3192,1.9543,5.5564,0.1032,0.7503,-0.0777
7.5491,1.6861,5.0200,0.1833,0.6374,0.0255
7.4725,1.4945,4.7517,0.1833,0.5719,0.0546
7.5108,1.1113,4.5984,0.1712,0.5670,0.0449
7.6257,1.3795,4.7134,0.2113,0.5791,-0.0049
7.7024,1.7244,4.9050,0.1445,0.6556,-0.0716
7.7024,1.4562,4.9050,0.1117,0.7528,-0.1299
7.8940,1.9927,4.9433,-0.0073,0.8353,-0.1627
8.0089,1.4562,5.5564,-0.0522,0.8232,-0.0996
7.6641,1.5328,5.5948,0.1020,0.7637,-0.0583
7.2042,1.6861,5.3265,0.1081,0.7843,-0.0765
6.7827,1.3412,5.5948,0.0765,0.7103,-0.0352
6.3995,1.5328,5.5181,0.1651,0.5840,0.0279
6.4761,1.8394,5.0966,0.2270,0.5585,0.0304
6.8210,1.9927,5.0200,0.0631,0.7030,-0.0498
6.7827,1.8011,5.5181,-0.0716,0.9106,-0.1797
6.6677,2.1076,5.7480,-0.1056,1.0782,-0.2052
6.4378,2.2226,6.2845,-0.1651,1.0490,-0.2015
6.5145,1.6861,6.3612,-0.2428,0.9798,-0.2185
6.3229,1.8011,5.9780,-0.1797,0.8839,-0.2161
6.1313,1.8394,6.1313,-0.1748,0.8718,-0.2113
5.7864,1.8777,6.6677,-0.1894,0.9434,-0.2088
5.5948,1.7627,6.6677,-0.1688,0.9980,-0.2161
5.2499,1.8394,6.7444,-0.2331,0.9786,-0.2064
5.2116,1.7627,7.1659,-0.2914,0.8742,-0.1943
4.7134,1.6095,7.5874,-0.2975,0.7103,-0.1603
4.0236,1.8777,8.1239,-0.2465,0.5646,-0.1578
3.9470,1.8777,8.2005,-0.3096,0.4674,-0.1384
3.6404,1.3029,7.8940,-0.1761,0.3885,-0.1008
3.5638,1.1113,7.3192,-0.1251,0.4213,-0.1481
3.7937,1.2263,7.1659,-0.1979,0.3861,-0.2028
3.6787,1.5328,7.6641,-0.2210,0.3230,-0.2319
3.7171,1.4945,7.8940,-0.2404,0.2015,-0.1979
4.3302,1.4179,7.7024,-0.2380,0.0510,-0.1360
4.6368,1.6095,7.3575,-0.2355,0.1020,-0.1408
5.0583,1.6478,7.6257,-0.2416,0.2914,-0.1493
5.5564,1.9160,7.2425,-0.1348,0.3703,-0.1445
5.9396,2.2226,6.5528,-0.2052,0.4407,-0.1493
5.8247,1.3795,7.3192,-0.2829,0.5051,-0.1202
5.4032,0.9197,7.3575,-0.1809,0.7018,-0.0996
4.9816,1.3412,7.3958,-0.0449,0.8718,-0.0947
4.3302,2.1843,7.4725,-0.0109,0.8305,-0.1032
4.7134,2.2609,7.3958,-0.1032,0.7054,-0.1506
5.2116,1.5328,7.3192,-0.2550,0.6168,-0.2198
5.2499,0.6898,7.4725,-0.3800,0.7200,-0.3072
4.7517,0.6131,7.5491,-0.3460,0.8645,-0.3254
4.6368,0.7664,7.7024,-0.1493,0.9446,-0.3011
4.3685,1.2263,7.7407,-0.1906,0.9470,-0.3618
4.1386,0.8814,7.7407,-0.3181,0.8475,-0.3655
3.3339,0.8430,7.7790,-0.2246,0.8329,-0.3363
2.6441,1.0346,7.9706,-0.0607,0.8645,-0.3035
2.1459,1.1879,8.1622,-0.0049,0.9106,-0.2963
2.2609,1.2263,8.8137,0.0073,0.9616,-0.3120
2.2992,1.6095,8.9286,0.0036,1.0272,-0.3193
1.9927,1.4562,8.7370,-0.0279,0.9652,-0.3072
1.4562,1.4179,8.4688,-0.0886,0.8232,-0.2841
0.7664,1.4179,8.2389,-0.2234,0.7625,-0.2841
0.6131,0.9963,8.6987,-0.3242,0.7297,-0.2647
0.1150,0.4982,9.0436,-0.2416,0.7042,-0.2453
0.0000,0.6898,9.1202,-0.1457,0.6641,-0.2125
0.3449,0.9197,9.0053,-0.0959,0.6399,-0.1906
0.9580,1.1879,8.6987,-0.1044,0.6738,-0.1748
0.9197,1.0346,8.2389,-0.1481,0.7309,-0.1506
0.6898,0.7281,8.1622,-0.1906,0.7200,-0.1214
0.6514,0.7664,8.0856,-0.1469,0.7176,-0.0401
0.2299,0.6898,8.3155,-0.0170,0.6993,-0.0146
-1.3029,0.8047,8.7754,0.0607,0.3266,0.0813
-1.8011,0.5365,9.7334,0.2222,-0.1360,0.1748
-0.2682,1.3412,9.2352,0.4298,-0.2222,0.1676
0.4982,2.0693,9.2735,0.3072,-0.0911,0.1166
0.8047,1.6095,9.3885,-0.0826,-0.0097,0.1153
0.5748,0.7281,9.6950,-0.2525,0.0401,0.1384
0.4215,0.4982,9.0053,0.0049,0.0753,0.1663
0.4982,0.9963,8.3155,0.1493,0.0874,0.1761
0.6131,1.1496,8.4305,0.0364,0.0753,0.1627
1.1496,0.6514,8.6604,-0.0534,0.0522,0.1202
0.9963,1.0346,8.6221,-0.0425,0.0559,0.0826
0.8814,1.1879,8.6604,-0.0206,0.0498,0.0413
1.1113,1.1496,8.5454,0.0061,0.0401,0.0073
1.4562,1.3029,8.5454,0.0219,0.0546,-0.0194
1.4562,1.1496,8.7754,-0.0255,0.0923,-0.0449
1.3795,1.1113,8.7370,-0.1032,0.1129,-0.0631
1.4945,0.9963,8.7754,-0.1044,0.1591,-0.0765
1.4179,1.1879,8.7754,-0.0376,0.2173,-0.0631

