-.-.-
-0.7281,-9.7334,-0.4598,-0.1202,0.0486,-0.0328
-0.5365,-9.7717,-0.3449,-0.1068,-0.0049,-0.0376
-0.3066,-9.6184,-0.4215,-0.1093,-0.0486,-0.0571
-0.3832,-9.5034,-0.3449,-0.0898,-0.0850,-0.0716
-0.4215,-9.4651,-0.4598,-0.0801,-0.1068,-0.0607
-0.4982,-9.3502,-0.3066,-0.0826,-0.1093,-0.0267
-0.1533,-9.4268,-0.3449,-0.0607,-0.0898,-0.0024
0.0000,-9.4268,-0.1916,-0.0595,-0.0571,0.0012
-0.0766,-9.3885,-0.4982,-0.0510,-0.0206,0.0073
0.0766,-9.6567,-0.3449,-0.0182,0.0304,0.0206
0.1533,-9.3118,-0.2299,-0.0328,0.0340,0.0316
0.0766,-9.4651,-0.5365,-0.0716,0.0643,0.0194
0.0383,-9.6184,-0.4215,-0.0813,0.1044,0.0146
-0.1533,-9.4651,-0.4598,-0.0704,0.1105,0.0121
-0.2682,-9.4651,-0.4982,-0.0692,0.1129,0.0121
-0.3066,-9.4268,-0.4598,-0.0983,0.1044,0.0170
-0.3066,-9.4651,-0.6514,-0.1202,0.0996,0.0182
-0.2299,-9.4268,-0.6131,-0.1068,0.0765,0.0194
-0.3449,-9.4651,-0.1533,-0.1166,0.0668,0.0146
-0.1533,-9.6184,-0.3832,-0.1299,0.0376,0.0061
-0.3832,-9.4651,-0.4598,-0.0935,0.0024,0.0097
-0.4598,-9.3502,-0.6131,-0.0850,-0.0255,0.0231
-0.3449,-9.3885,-0.4598,-0.1166,-0.0559,0.0291
-0.3832,-9.4651,-0.5748,-0.1275,-0.0911,0.0340
-0.2299,-9.5801,-0.5748,-0.1481,-0.1214,0.0413
-0.2299,-9.7717,-0.4982,-0.1372,-0.1166,0.0389
-0.0383,-9.6567,-0.6131,-0.0983,-0.1226,0.0291
-0.2299,-9.6184,-0.2682,-0.1153,-0.1202,0.0194
-0.1533,-9.4651,-0.6514,-0.1129,-0.1008,0.0170
-0.2682,-9.5418,-0.5365,-0.1238,-0.0996,0.0121
-0.2682,-9.5034,-0.7281,-0.1081,-0.1093,0.0158
-0.3832,-9.4651,-0.8047,-0.1081,-0.1068,0.0146
-0.3449,-9.4268,-0.6898,-0.1093,-0.1141,0.0134
-0.2682,-9.5418,-0.5748,-0.1190,-0.1093,0.0134
-0.2682,-9.5418,-0.6131,-0.1153,-0.1008,0.0170
-0.3832,-9.6950,-0.4598,-0.1141,-0.0886,0.0121
-0.3832,-9.5801,-0.6898,-0.1566,-0.0886,0.0158
-0.5365,-9.5801,-0.4982,-0.1178,-0.0765,0.0049
-0.3066,-9.5418,-0.5748,-0.0692,-0.0874,-0.0061
-0.4982,-9.6184,-0.5748,-0.0765,-0.0789,0.0000
-0.3832,-9.7334,-0.5365,-0.0741,-0.0777,0.0049
-0.4215,-9.5418,-0.6898,-0.0571,-0.0911,0.0049
-0.3832,-9.4651,-0.5365,-0.0607,-0.0898,-0.0012
-0.1533,-9.5801,-0.4598,-0.0631,-0.0777,-0.0024
-0.3449,-9.5034,-0.4598,-0.0461,-0.0777,-0.0061
-0.3449,-9.6567,-0.5365,-0.0194,-0.0813,-0.0024
-0.4215,-9.6567,-0.5748,0.0146,-0.0813,0.0049
-0.2682,-9.6184,-0.5365,0.0291,-0.0595,0.0024
-0.2299,-9.6567,-0.6898,0.0498,-0.0352,-0.0012
-0.1150,-9.5034,-0.5748,0.0534,-0.0109,-0.0061
-0.0766,-9.4651,-0.4598,0.0486,0.0121,-0.0121
-0.1533,-9.4651,-0.4598,0.0194,0.0401,-0.0194
-0.0383,-9.4651,-0.4598,0.0073,0.0510,-0.0279
-0.1150,-9.4651,-0.4598,-0.0146,0.0583,-0.0291
-0.2299,-9.4651,-0.3832,-0.0255,0.0631,-0.0231
0.0000,-9.6567,-0.4598,-0.0243,0.0813,-0.0231
-0.0383,-9.5801,-0.3066,-0.0376,0.1190,-0.0279
0.0383,-9.5034,-0.6131,-0.0559,0.1311,-0.0328
-0.3066,-9.5801,-0.5748,-0.0170,0.1384,-0.0425
-0.1533,-9.7717,-0.4982,-0.0024,0.1336,-0.0461
-0.3832,-9.5034,-0.1533,-0.0194,0.1372,-0.0461
-0.3066,-9.4651,-0.3449,-0.0146,0.1299,-0.0364
-0.2299,-9.4651,-0.2299,-0.0073,0.1214,-0.0291
-0.2682,-9.5418,-0.2682,-0.0073,0.1178,-0.0267
-0.3832,-9.4268,-0.4598,-0.0085,0.1044,-0.0267
-0.4598,-9.4268,-0.4982,-0.0109,0.0789,-0.0243
-0.4598,-9.3885,-0.4215,-0.0474,0.0765,-0.0206
-0.4215,-9.4268,-0.5365,-0.0704,0.0631,-0.0243
-0.2299,-9.3885,-0.1533,-0.0643,0.0510,-0.0243
-0.3832,-9.4268,-0.4215,-0.0753,0.0376,-0.0231
-0.4215,-9.4268,-0.4215,-0.0996,0.0255,-0.0134
-0.4982,-9.4268,-0.2299,-0.1190,0.0109,-0.0097
-0.2682,-9.5034,-0.3832,-0.1044,0.0085,-0.0109
-0.1916,-9.5801,-0.3066,-0.0838,-0.0061,-0.0085
-0.3449,-9.5034,-0.4215,-0.0728,-0.0109,-0.0073
-0.3066,-9.5801,-0.3449,-0.0546,-0.0219,-0.0036
-0.1916,-9.7334,-0.3832,-0.0486,-0.0291,-0.0049
-0.1533,-9.6184,-0.3832,-0.0498,-0.0267,-0.0049
-0.0766,-9.5034,-0.3066,-0.0801,-0.0316,0.0012
-0.1150,-9.5034,-0.4982,-0.0498,-0.0340,0.0000
-0.1916,-9.5418,-0.4215,-0.0376,-0.0316,-0.0036
-0.1916,-9.4268,-0.3832,-0.0364,-0.0255,0.0000
-0.2299,-9.4651,-0.4598,-0.0668,-0.0401,0.0012
-0.2682,-9.6567,-0.4982,-0.0656,-0.0437,0.0049
-0.3066,-9.5418,-0.4982,-0.0461,-0.0291,0.0073
-0.2299,-9.5801,-0.6131,-0.0194,-0.0304,0.0036
-0.3449,-9.4268,-0.3832,-0.0109,-0.0352,-0.0036
-0.3066,-9.3502,-0.5365,-0.0498,-0.0279,0.0024
-0.1533,-9.5034,-0.3832,-0.0704,-0.0073,0.0036
-0.1533,-9.5418,-0.3066,-0.0607,-0.0049,0.0036
-0.2299,-9.4268,-0.3449,-0.0486,-0.0097,0.0049
-0.1533,-9.5801,-0.3832,-0.0571,-0.0061,0.0061
-0.0383,-9.5034,-0.3832,-0.0510,0.0000,0.0097
-0.1916,-9.5034,-0.4598,-0.0498,0.0036,0.0073
-0.2299,-9.6184,-0.4215,-0.0437,0.0097,0.0061
-0.1150,-9.4651,-0.4598,-0.0656,0.0170,0.0024
-0.1533,-9.6184,-0.3832,-0.0607,0.0243,0.0036
-0.1916,-9.6184,-0.3066,-0.0061,0.0328,0.0049
-0.0766,-9.4268,-0.3449,0.0000,0.0474,0.0061
-0.1916,-9.3118,-0.2682,-0.0765,0.0704,0.0097
-0.1916,-9.4651,-0.4215,-0.1238,0.0716,0.0182
-0.4982,-9.5034,-0.1916,-0.1688,0.0279,0.0279
-0.7664,-9.2352,0.0766,-0.2198,-0.0061,0.0498
-0.8430,-9.3118,-0.0383,-0.3351,0.0049,0.0716
-0.5748,-9.4651,-0.4598,-0.4869,0.0121,0.0668
-0.4982,-9.5418,-0.1916,-0.5561,0.0036,0.0389
-0.4982,-9.7717,-0.3832,-0.5476,0.0206,0.0340
-0.8430,-9.4651,-0.5365,-0.5719,-0.0036,0.0425
-1.1113,-9.5418,-0.5748,-0.5719,-0.0656,0.0801
-1.0730,-9.5034,-0.7664,-0.5318,-0.1323,0.1178
-1.2646,-9.3502,-0.9963,-0.5451,-0.1894,0.1372
-1.3795,-9.3885,-1.0730,-0.5342,-0.2817,0.1421
-1.1879,-9.0053,-1.0730,-0.4662,-0.4080,0.1263
-0.9197,-8.7754,-0.4598,-0.4104,-0.4687,0.0656
-0.6898,-8.9670,0.1150,-0.3460,-0.5245,-0.0158
-0.7664,-9.3502,0.4598,-0.2404,-0.5027,-0.0680
-0.9197,-9.5418,0.7281,-0.1566,-0.4432,-0.0680
-0.6131,-9.8100,0.7664,-0.0826,-0.4007,-0.0474
-0.7664,-10.2698,0.3449,-0.0340,-0.3570,-0.0049
-0.7664,-9.9633,0.0766,-0.0109,-0.3254,0.0425
-0.8047,-9.3502,-0.3449,-0.1105,-0.3788,0.0498
-0.0766,-9.0819,-1.7627,-0.3630,-0.3825,0.0073
1.0346,-9.1586,-2.1459,-0.6010,-0.2368,-0.0631
1.9543,-7.9323,-3.3722,-0.7018,0.1639,-0.0789
3.6021,-5.5948,-4.5601,-0.7564,0.7188,0.0753
3.7554,-3.0273,-3.1806,-0.8681,1.1692,0.3315
0.4598,-3.7554,-2.2992,-0.7018,1.5456,0.6131
-1.3795,-7.2042,-1.4179,-0.5706,1.2384,0.7151

