-.-.-
1.3029,-4.7900,-0.0766,-0.4699,1.2336,0.5318
0.0766,-3.4871,0.2682,0.1323,1.2797,0.5403
-0.6131,-1.6861,-1.6861,0.5743,0.9300,0.5500
-1.6861,-0.2682,-3.0273,0.5172,0.7018,0.6848
-1.5328,1.2263,-2.7974,0.5063,0.4735,0.8317
-1.8011,0.5365,-2.6441,0.5063,-0.2902,0.7613
-0.0383,0.9963,-4.6368,0.3727,-0.7758,0.7552
5.4415,2.9507,-8.1239,-0.0777,0.1396,0.8365
5.9013,-13.3355,-15.1365,0.0923,0.6617,-0.3266
-5.1732,-20.2714,-18.4321,0.4249,0.7042,-2.0325
-5.9396,-13.6804,-9.6184,0.1761,0.6520,-0.4966
-0.8814,-8.2772,-8.0473,-0.0813,0.6253,0.5306
1.7244,-11.7260,-9.8100,-0.2258,0.7928,1.1534
2.1843,-10.0399,-9.0436,-0.1348,0.3570,0.9458
2.0310,-9.5801,-7.3575,-0.5901,0.2635,0.5974
0.9580,-10.2315,-6.4378,-0.4165,0.0170,0.2331
-0.2299,-8.6987,-6.0163,0.0692,-0.2222,0.0668
-0.7664,-7.0893,-4.7134,0.1748,0.0571,0.3108
-1.1879,-5.4032,-2.5675,0.0838,0.2295,0.5391
-0.8430,-4.3302,-1.5711,0.1712,0.3193,0.5949
-0.2682,-3.7171,-2.0310,0.2768,0.5063,0.5986
0.4215,-3.1806,-2.2992,0.3375,0.7188,0.4929
0.5748,-1.6095,-2.6058,0.4456,0.8645,0.2732
1.4562,0.0000,-4.4068,0.2453,0.9397,0.0546
2.2992,1.9160,-7.3958,-0.1105,1.1619,0.0328
1.6861,2.1459,-12.5691,-0.1384,1.2324,0.0498
0.6514,-7.8940,-12.0326,0.0971,0.2331,0.3825
7.2042,-13.8336,-9.6184,-1.7569,-0.6496,1.2894
6.0546,-14.4084,-8.2772,-1.2311,-0.1639,1.0794
-0.4215,-12.3008,-10.9213,-0.2404,0.3472,0.1530
-0.2682,-13.7570,-12.9523,0.3302,-0.3339,-0.3035
1.8777,-10.9213,-11.0746,1.1146,0.2100,0.1396
3.5638,-6.4378,-8.4305,0.4140,0.8499,0.6204
2.8357,-7.1659,-5.2499,-0.5524,1.3283,0.9118
3.0656,-8.5071,-3.6787,-0.2586,1.5019,0.7928
2.8357,-6.2079,-3.4871,0.2125,1.4618,0.4954
2.1843,-3.8320,-2.6441,0.0437,1.1170,0.3035
0.4215,-3.0273,-2.0693,-0.0170,0.8487,0.2853
-0.8430,-2.2992,-2.5675,0.3375,0.6957,0.4007
-2.7207,-1.4945,-3.0656,0.6071,0.5585,0.6253
-3.5255,-1.0346,-2.8357,0.2489,0.3691,0.9835
-2.9507,-2.6441,-2.1076,-0.2404,-0.1578,1.1583
-1.6478,-4.0236,-2.4908,-0.2416,-0.7078,1.2081
3.2572,-2.9507,-4.8667,0.0741,-0.5840,1.2214
8.6604,-3.3339,-11.2662,0.5937,0.0668,0.7285
7.4725,-14.9066,-13.7953,2.5060,0.0935,-1.2263
-2.9890,-10.8446,-14.6767,1.9281,1.1316,-1.8249
-4.9433,-14.1019,-12.8373,-0.4602,0.5439,-0.3266
-0.6898,-13.2205,-9.4268,-1.2651,0.8390,1.1109
0.1916,-12.1092,-6.8977,-0.9992,0.9956,1.6306
3.1806,-11.9943,-7.7024,-0.6301,0.6119,1.4545
3.7937,-11.0746,-8.0856,-0.3169,0.6581,1.0332
3.7171,-10.6530,-7.8557,-0.0789,0.5889,0.8147
1.8394,-8.2005,-7.3192,0.0753,0.6508,0.9482
-0.2299,-6.2462,-5.4798,-0.1882,0.8645,1.1546
-1.1496,-5.1349,-2.5675,-0.4298,0.8353,1.0830
-1.4179,-4.0620,-1.3795,-0.1360,0.6714,0.7540
-0.8047,-2.2609,-1.3795,0.2538,0.4735,0.4662
-0.2682,-1.2263,-2.3759,0.3217,0.3995,0.2125
0.5365,-0.8430,-3.5638,0.1554,0.6496,0.0656
2.4908,-0.2682,-3.9087,0.0522,1.2251,0.0789
3.8704,0.1150,-5.2116,0.0935,1.4145,0.1251
2.9507,2.4142,-8.2772,0.0061,1.2833,0.3132
0.1150,-1.2263,-8.5071,-0.4747,0.7843,0.7540
1.7244,-13.5271,-10.1932,-1.4715,-0.2938,1.4448
4.9433,-20.3481,-14.7533,-1.1061,-0.5512,1.1789
3.0656,-15.3281,-13.6804,-0.3582,0.2331,0.3946
0.5748,-12.9139,-12.9906,0.2574,0.4262,0.1578
1.1496,-12.3775,-12.7223,0.6399,0.7030,0.5197
1.4179,-9.4268,-9.7717,0.0267,1.0903,0.8135
2.4908,-9.6950,-6.6677,-0.3096,1.3234,0.9580
3.4105,-8.2389,-5.0583,0.1518,1.4363,0.8888
3.2955,-5.3648,-3.9853,0.2380,1.4375,0.7078
3.2189,-3.0656,-2.4142,-0.1384,1.3781,0.6071
2.1076,-2.4142,-1.3412,-0.1214,1.2166,0.5148
0.1533,-1.6095,-2.0310,0.2780,0.9519,0.4383
-2.3759,-1.0730,-3.1423,0.4468,0.7455,0.4929
-3.5255,-0.7281,-3.1806,0.2501,0.6641,0.7309
-2.5675,-1.3412,-1.8394,-0.0109,0.4929,0.9434
-0.6898,-1.6095,-1.8394,0.0146,0.0801,1.0065
2.9507,0.3449,-3.7937,0.0279,-0.0789,0.9895
8.2389,-0.3066,-8.5454,-0.0923,0.2453,0.6338
2.3759,-15.0982,-14.2168,0.7989,0.4334,-0.6277
-5.4415,-15.0599,-16.9759,1.3902,1.2275,-1.0842
-8.0473,-14.7916,-12.4158,-0.1518,0.8256,0.2064
-1.9543,-12.3008,-6.8210,-0.5925,0.9555,1.1024
1.9160,-14.9066,-8.5454,-0.4893,-0.0170,1.0636
3.2955,-12.2625,-9.7334,0.0838,-0.4286,0.6216
2.2992,-11.8027,-8.3921,0.0085,-0.3800,0.2720
1.1113,-11.0746,-7.4341,0.2307,-0.5913,0.0219
-0.6514,-8.8520,-5.7864,0.4165,-0.3642,0.2331
-1.3795,-6.7827,-3.0273,0.1372,-0.1930,0.5112
-0.3449,-5.2499,-1.0730,0.1299,-0.1178,0.5500
1.8011,-3.0273,-1.6478,0.5755,0.2659,0.5148
3.0273,-0.0383,-2.1076,0.5294,0.4869,0.1736
3.1039,1.4945,-1.3412,0.2076,0.4092,-0.3752
2.4525,1.7627,-2.1843,0.0983,0.4529,-0.7212
2.1843,0.6898,-4.0236,-0.0461,0.7977,-0.7066
0.3066,2.1076,-5.4798,-0.4092,0.8936,-0.4954
-7.4725,-1.6861,-9.8100,-0.2987,0.1421,0.0000
-0.3449,-15.9796,-12.0326,0.4140,-0.5451,1.6877
7.3192,-11.9176,-13.3738,-0.4541,-0.6569,1.1328
1.7627,-10.5381,-8.5454,-0.5403,-0.2404,-0.1457
-2.4525,-11.9559,-10.3082,-0.4504,-0.1469,-0.4249
-0.0383,-15.9029,-10.6914,-0.6119,0.2550,-0.2805
2.6058,-13.2971,-10.4614,0.2999,0.4626,0.1251
3.6787,-12.2242,-8.4688,0.1724,1.1474,0.4480
3.4871,-9.4268,-7.2042,0.0194,1.4205,0.3230
2.7974,-7.8557,-6.0929,-0.3958,1.2251,-0.0267
2.2992,-7.1659,-4.6751,-0.4517,1.2105,-0.0291
2.0693,-5.2882,-3.5638,-0.1906,1.2955,0.1845
0.9197,-3.4105,-2.9123,0.1943,1.3428,0.2453
-0.9963,-2.1076,-2.4525,0.3606,1.1559,0.2137
-2.4142,-0.5748,-1.5328,0.3764,0.7977,0.3752
-2.2992,0.4982,-1.5328,0.2841,0.4274,0.6168
-1.3412,1.1496,-2.1459,0.3885,0.2708,0.7746
1.1879,2.3759,-4.7517,0.3594,0.1797,0.7892
3.3722,0.6131,-9.6184,0.3946,-0.0838,0.3812
-2.4142,-9.4651,-13.2588,0.7261,-0.2489,-0.9604
-6.4378,-15.4048,-14.2168,-0.4735,0.3084,-1.8904
-4.1003,-15.0982,-9.2352,-0.8936,-0.0134,-0.5585
0.5365,-13.2588,-11.6494,-0.1870,-0.2914,0.0971
3.2572,-15.2132,-11.8410,-0.0631,-0.4966,0.3703
2.2609,-14.9066,-9.5034,0.1287,-0.4116,0.3278
0.4982,-13.4504,-8.6604,0.4844,-0.5816,0.0291
-1.7244,-10.6914,-7.3575,0.5901,-0.9312,-0.5439
-2.6824,-8.3155,-5.1732,0.2963,-1.0818,-0.6569
-1.9160,-6.5145,-3.1806,0.3521,-0.9944,-0.3242

