-.-.-
0.7664,-9.5801,-0.4598,-0.1020,-0.9057,-0.3497
0.4598,-9.5801,-0.1533,0.1336,-0.9215,-0.2635
0.9197,-9.0053,-0.3832,0.1360,-1.0114,-0.2076
0.6514,-8.9286,-0.2682,0.0704,-1.0429,-0.1251
0.0000,-9.3118,0.3449,0.0352,-1.2409,-0.0559
0.2682,-10.3848,1.3795,0.1238,-1.4278,-0.0097
1.9927,-11.1129,-1.0730,0.2963,-1.6974,0.0838
2.0693,-10.9596,-0.6131,0.2829,-1.5930,0.1615
0.6898,-11.3811,-1.1113,0.1967,-1.4752,0.2550
0.7281,-12.7223,-2.1843,0.0146,-1.4424,0.3582
2.3759,-14.9449,-1.4945,-0.2914,-1.4910,0.2270
3.2955,-13.7187,-0.0383,-0.1360,-1.2821,0.0498
0.5365,-12.6457,-1.3412,-0.2562,-1.2275,0.0789
-1.5711,-12.1859,-2.2992,-0.2440,-1.3829,0.2598
0.1533,-10.8063,-2.6058,-0.1396,-1.5383,0.3254
-0.7281,-9.5034,-2.1843,-0.2343,-1.6270,0.2841
-2.3759,-10.3082,-1.3795,-0.3205,-1.8455,0.1930
-2.7974,-10.6147,-1.5328,-0.1311,-2.1757,0.1773
-2.2226,-10.9979,-1.6095,-0.0413,-2.3251,0.2538
-1.3412,-10.6530,-1.5711,0.0316,-2.3749,0.2501
-0.6131,-9.8483,-1.1496,0.1384,-2.4416,0.2185
-0.9580,-9.5418,-0.6131,0.1748,-2.5327,0.1870
-0.8814,-9.4268,-0.0766,0.2453,-2.6007,0.1323
-1.1496,-8.9670,0.1150,0.2550,-2.6335,0.0680
-0.8047,-7.9323,0.1150,0.2465,-2.5958,0.0935
-0.4215,-7.0893,-0.3066,0.2987,-2.4817,0.1445
-0.3066,-6.4378,-0.4982,0.2720,-2.3955,0.1833
-1.1879,-6.2845,-0.3449,0.2015,-2.3214,0.1481
-1.9927,-6.4378,-0.5748,0.1226,-2.2947,0.0971
-2.6441,-7.1659,-0.1533,0.0486,-2.3020,0.0219
-3.1423,-8.0089,-0.4982,0.0182,-2.3530,-0.0109
-2.9507,-8.2772,-0.4215,0.0935,-2.3712,0.0170
-2.5675,-8.3155,-0.8047,0.1639,-2.3773,0.0389
-1.9927,-8.5838,-1.1113,0.0947,-2.3579,0.0219
-2.1459,-8.7754,-1.3029,0.0631,-2.3421,-0.0352
-2.2609,-9.3885,-0.7281,0.0777,-2.3736,-0.1081
-2.4525,-9.3885,-0.8047,0.0668,-2.3482,-0.1518
-2.3759,-9.6950,-1.3029,-0.0073,-2.3384,-0.1445
-1.7244,-10.1549,-1.0346,-0.0121,-2.3020,-0.1603
-1.3795,-10.3848,-0.4598,0.1190,-2.2437,-0.1651
-1.1879,-9.8483,-0.6131,0.2732,-2.1029,-0.1299
-0.6514,-9.7717,-1.0346,0.2428,-1.9293,-0.1396
-0.2682,-9.9250,-0.7281,0.1068,-1.7411,-0.1858
-0.1916,-10.3465,0.0383,0.1639,-1.5237,-0.2343
0.0000,-10.2698,-0.5748,0.2865,-1.3307,-0.2210
0.0383,-9.4651,-0.1150,0.4019,-1.1996,-0.1724
0.0383,-9.2735,-0.0766,0.4711,-1.1267,-0.1615
0.6131,-9.8483,0.1916,0.3035,-1.0247,-0.0983
0.1533,-9.0819,-0.3832,0.4480,-0.9021,-0.0983
-1.6095,-7.9706,-1.1496,0.3181,-0.9446,-0.1008
-2.9123,-7.9706,-1.6861,-0.1056,-1.0053,0.0000
-2.4908,-9.9633,0.5748,-0.3217,-1.0709,0.1166
-1.2263,-11.3811,2.2992,-0.0874,-1.1704,0.0959
1.8394,-12.4541,1.2646,-0.3375,-1.1498,0.2052
2.8740,-10.9213,-0.2299,-0.2465,-1.0381,0.1469
2.7207,-8.2772,-0.0766,-0.3242,-0.8305,-0.0522
0.9580,-9.3885,1.4179,-0.5864,-0.6629,-0.1299
-0.2682,-11.1895,1.8011,-0.5609,-0.7528,-0.0923
-0.0766,-10.9979,1.2263,-0.4007,-0.8875,-0.1226
-0.2682,-10.3848,0.5748,-0.4067,-1.0769,-0.1566
0.5748,-9.9250,0.3832,-0.2841,-1.1352,-0.1020
0.9197,-9.3502,0.8430,-0.1894,-1.1680,-0.0546
0.9580,-9.2735,1.0730,-0.1214,-1.1789,-0.0546
0.6898,-9.4268,1.2646,-0.1748,-1.2166,-0.0474
0.5748,-8.9286,1.1496,-0.1384,-1.2591,-0.0170
0.3066,-8.8520,0.8047,-0.1287,-1.2991,0.0413
0.2299,-9.2735,1.1113,-0.1008,-1.3064,0.1105
0.6898,-9.5034,1.2646,-0.0304,-1.2918,0.1761
1.2646,-9.3885,1.1496,-0.0109,-1.2457,0.2210
1.2263,-9.4268,1.1113,-0.0680,-1.1656,0.2671
1.4562,-9.6950,1.6478,-0.0158,-1.0867,0.3108
1.3412,-9.7717,1.1879,0.0437,-1.0514,0.3497
1.3795,-10.4998,0.8430,0.0680,-0.9847,0.3339
1.1879,-10.8446,0.8814,0.1627,-0.8863,0.2732
0.8047,-11.0746,1.1113,0.1445,-0.8754,0.1396
0.1150,-11.0746,0.7664,0.1275,-0.8365,-0.0437
0.0766,-9.7717,1.5328,0.2368,-0.8038,-0.2125
0.1533,-8.7754,0.2682,0.2574,-0.8086,-0.1226
0.3449,-9.3502,0.0766,0.1700,-0.8159,0.0146
0.4982,-10.0399,0.3832,0.1408,-0.7892,0.0376
0.2682,-10.3848,0.5748,0.1311,-0.7613,-0.0413
0.0000,-10.0016,0.2682,0.1761,-0.7321,-0.1081
-0.4598,-9.5034,0.3066,0.2270,-0.6993,-0.1263
-0.7281,-9.3502,0.1150,0.2756,-0.7042,-0.0862
-0.6514,-9.5418,0.1150,0.2805,-0.6350,-0.0389
-0.5748,-9.7717,0.2299,0.2465,-0.6034,-0.0316
0.0383,-10.0782,0.4598,0.2574,-0.5621,-0.0097
0.0383,-10.6147,0.6514,0.2270,-0.4759,0.0983
0.0000,-10.3848,0.2299,0.2635,-0.3825,0.2210
-0.5365,-9.6567,-0.2682,0.2100,-0.2708,0.3096
-1.0730,-9.0819,0.5365,0.2198,-0.2076,0.3302
-1.9927,-9.0436,0.6131,0.2003,-0.1676,0.2902
-1.7627,-8.8903,0.8430,0.1384,-0.1360,0.2283
-1.3795,-9.5034,1.4179,0.0109,-0.1032,0.1736
-0.8814,-10.0016,1.4179,-0.0231,-0.0073,0.1833
-0.4982,-10.6914,1.3795,-0.0449,0.0765,0.2210
-0.6131,-10.0782,1.3029,-0.0134,0.1591,0.2392
-0.9197,-9.7334,0.9580,-0.0425,0.2428,0.2453
-1.0730,-9.5034,0.5748,-0.0425,0.2817,0.2040
-1.5328,-9.1586,1.3412,0.0243,0.2817,0.1894
-2.1843,-8.8520,1.1113,0.0073,0.2380,0.1833
-1.7627,-9.0436,1.4945,-0.0279,0.2343,0.1676
-1.2646,-9.3118,1.3029,-0.0862,0.2744,0.1336
-1.0730,-9.5418,0.8047,-0.0425,0.3679,0.1238
-0.9963,-9.1202,0.6514,-0.0607,0.3934,0.1020
-1.0730,-9.5034,0.6514,-0.1530,0.4359,0.0425
-1.1879,-9.5801,1.6861,-0.0449,0.4929,-0.0134
-1.3412,-9.3118,1.3029,-0.0352,0.5464,-0.0267
-1.2263,-9.3118,1.3795,-0.0085,0.5403,-0.0194
-1.5711,-9.2735,1.2646,-0.0643,0.5039,-0.0728
-1.9543,-9.2352,1.1496,-0.1056,0.4929,-0.1141
-2.2609,-9.2735,1.6861,-0.0789,0.4456,-0.1068
-1.9160,-9.1202,1.4945,-0.1724,0.4019,-0.1166
-0.9197,-9.0053,1.4562,-0.3290,0.3363,-0.1481
-0.5365,-8.8903,1.4562,-0.3084,0.3278,-0.2028
-1.0730,-8.5071,1.3795,-0.2319,0.3460,-0.2489
-1.0730,-8.3155,1.2646,-0.0983,0.3315,-0.2865
-0.8814,-7.4341,0.9197,-0.1129,0.3509,-0.2902
-0.3832,-7.1276,0.3066,-0.2635,0.4322,-0.2841
-0.1916,-6.8977,0.5365,-0.2113,0.5197,-0.2756
-0.4598,-5.4032,0.7664,-0.0595,0.5063,-0.2562
-1.2646,-4.9816,0.4982,-0.2477,0.5961,-0.2198
-1.3029,-5.6331,-0.0766,-0.3436,0.6484,-0.1736
-0.4982,-7.5491,0.4598,-0.0401,0.6532,-0.1153
-1.6095,-8.4305,3.9087,0.4577,0.3521,-0.0862
-2.9507,-8.5071,3.2572,0.5136,-0.0716,-0.0996
-4.7517,-9.3885,-0.7664,0.4820,-0.1809,-0.2161
-4.3302,-10.1166,-2.4142,0.6641,-0.1882,-0.1845

