-.-.-
2.6824,-13.6037,-2.0693,-0.0522,0.1991,0.2404
1.5711,-14.9066,-1.8011,-0.0097,0.2708,0.2319
1.3795,-15.4048,-0.9963,0.2878,0.3181,0.1591
0.9197,-13.7953,-1.2646,0.9470,0.2283,0.1141
-0.2299,-10.1166,-4.6368,1.1158,0.1032,0.1870
1.4179,-8.0089,-8.5454,0.2440,0.2234,0.3679
3.8320,-9.8100,-7.5108,-0.7261,0.6496,0.2137
4.9433,-11.6494,-6.4761,-1.0939,0.8147,-0.1311
4.4835,-12.2242,-6.6677,-0.8268,0.7710,-0.2052
2.0310,-11.9943,-7.6641,-0.1105,0.8123,-0.0498
0.0000,-10.7297,-7.7790,0.2319,0.9604,0.1117
-0.4982,-10.3082,-6.2079,0.0522,0.9021,0.2125
0.3832,-10.0782,-5.0583,-0.1530,0.6678,0.2477
1.3029,-9.9250,-4.6368,-0.1906,0.6301,0.2368
1.1879,-9.3118,-4.3685,-0.1360,0.7200,0.2720
1.1879,-8.2389,-4.3685,0.0534,0.8499,0.3023
1.0730,-6.9360,-4.1386,0.1785,0.8390,0.3157
1.1496,-6.3229,-4.3685,0.1105,0.7127,0.3096
1.1113,-6.4378,-4.0236,-0.0425,0.6423,0.3120
1.1879,-7.0509,-3.9087,-0.0983,0.7528,0.2708
0.7664,-7.4341,-3.4488,-0.1238,0.9446,0.2052
0.3832,-7.7407,-3.1039,-0.1020,1.0806,0.1275
0.0000,-7.7790,-2.7591,-0.0291,1.1631,0.0158
-0.4215,-7.6257,-2.2226,0.0134,1.0976,-0.0777
-0.7281,-7.8173,-2.1843,0.0073,0.8183,-0.1153
-0.8814,-8.3155,-2.4142,0.0134,0.4942,-0.1348
-0.9963,-9.2735,-2.2609,0.0134,0.2878,-0.1530
-1.2263,-10.2315,-1.9160,-0.0146,0.2343,-0.1724
-1.3412,-12.1859,-1.7244,-0.0413,0.1991,-0.1724
-1.1879,-14.0636,-1.8011,-0.0680,-0.0304,-0.0947
0.1150,-14.2935,-1.0730,0.2392,-0.3897,0.0267
1.3795,-13.2205,0.0766,0.8013,-0.5330,0.0826
2.0310,-11.3045,-0.4598,0.9567,-0.3958,0.1226
0.9963,-9.6184,-3.6787,0.4638,-0.3472,0.1797
0.5365,-9.6567,-7.1659,-0.3060,-0.4419,0.2865
0.7664,-11.0363,-8.4688,-0.6617,-0.4347,0.2234
3.5255,-12.1859,-8.1239,-0.6131,-0.5719,0.2392
5.4032,-13.3738,-8.0856,-0.5597,-0.3970,0.2987
5.2882,-13.9486,-7.3575,-0.3776,-0.1287,0.2040
3.7937,-12.8373,-6.1696,0.2380,-0.0170,0.2392
1.5328,-9.5418,-4.9050,0.5646,0.0425,0.1214
0.2299,-7.3958,-4.1386,0.3084,0.1591,-0.2210
-0.1533,-7.0893,-4.1769,-0.1518,0.2865,-0.4419
0.6514,-7.0509,-4.1003,-0.2708,0.3011,-0.5099
1.7627,-6.7444,-3.9470,-0.1700,0.2392,-0.4796
2.2226,-6.2845,-3.5638,-0.0838,0.1603,-0.3922
2.3759,-6.0929,-3.1423,-0.0898,0.0085,-0.2453
1.8394,-6.3612,-2.5675,-0.0765,-0.1275,-0.1032
1.6861,-6.3612,-2.1843,-0.1105,-0.2501,0.0049
1.6095,-6.7444,-1.9160,-0.2125,-0.3970,0.0486
1.3795,-7.1276,-1.6478,-0.2489,-0.5403,0.0498
1.1113,-7.3192,-2.1459,-0.2295,-0.5512,0.0716
1.1113,-7.6641,-3.1806,-0.2768,-0.4055,0.1566
2.1076,-8.8903,-3.1806,-0.3412,-0.2440,0.2525
3.3722,-10.7297,-2.6441,-0.4080,-0.1578,0.3132
4.2536,-13.4121,-2.5675,-0.3764,-0.1530,0.2902
3.9470,-15.6347,-2.3759,-0.3497,-0.1761,0.1773
2.8357,-17.2825,-1.3795,0.0874,-0.0304,-0.0716
1.8777,-15.9796,-0.3832,1.0211,0.1056,-0.2865
0.8047,-12.7990,-0.3449,1.7168,0.0753,-0.3108
0.1150,-8.6221,-4.1769,1.4958,-0.0304,-0.1311
2.0310,-6.8593,-8.8520,0.0158,0.2489,0.1676
4.0620,-9.5034,-9.1202,-1.1838,0.5124,0.0935
4.0620,-11.7643,-8.3538,-1.2311,0.6581,-0.3497
3.1039,-12.2625,-8.1239,-0.8329,0.7576,-0.5974
1.0346,-12.7223,-7.7407,-0.3825,0.9118,-0.4334
-0.9580,-12.9906,-7.1276,0.1263,0.9325,-0.1020
-1.0346,-11.5344,-5.5564,0.4031,0.8669,0.1481
-0.0383,-9.3118,-3.9470,0.5124,0.6593,0.1384
0.8814,-7.7024,-3.2572,0.3642,0.4772,0.1020
1.2646,-7.0893,-3.2572,0.0668,0.3485,0.1882
1.4562,-6.5528,-3.3339,-0.1530,0.3315,0.3230
1.3029,-6.2079,-3.2572,-0.2878,0.3812,0.4165
1.0346,-6.1696,-3.3722,-0.3727,0.3485,0.4067
1.0346,-6.6677,-3.1039,-0.4990,0.3922,0.3072
0.6514,-7.4725,-3.2572,-0.5318,0.6022,0.1663
0.2682,-7.7407,-2.8357,-0.4796,0.8001,0.0680
0.2299,-8.0856,-2.8740,-0.3740,0.9045,0.0109
0.1150,-7.8940,-2.9123,-0.2525,0.8960,-0.0146
-0.3832,-7.7790,-2.9507,-0.3302,0.7431,-0.0304
-0.7664,-8.5454,-3.1423,-0.3825,0.5209,-0.0279
-0.4598,-9.9633,-3.1423,-0.2890,0.3752,-0.0522
-0.6131,-11.5344,-2.9123,-0.2015,0.3035,-0.2198
-0.1150,-13.2588,-1.9160,0.0741,0.1530,-0.3885
-0.4215,-14.9449,-0.6514,0.3691,0.0352,-0.4395
-0.9197,-15.2898,-0.8047,0.6411,-0.1773,-0.2926
-0.2299,-13.6037,-1.4179,0.9470,-0.3885,-0.0838
-0.1916,-10.6914,-3.3339,0.8730,-0.4322,0.0389
0.8047,-9.8100,-5.0583,0.1493,-0.5160,0.1554
1.7244,-10.5381,-5.9013,-0.3460,-0.5415,0.1748
1.9543,-11.9176,-6.8593,-0.4844,-0.7018,0.2695
4.3302,-12.1092,-7.1659,-0.0826,-0.6641,0.4407
5.4032,-10.3465,-7.2042,0.3764,-0.3521,0.3934
4.7517,-9.8483,-6.6294,0.0947,-0.0304,0.2841
2.5675,-9.9633,-6.0163,-0.2805,0.1639,0.1518
1.1113,-9.7717,-4.9050,-0.4104,0.2052,-0.0741
0.3066,-9.7717,-4.7134,-0.3752,0.1044,-0.2659
0.0766,-9.2352,-4.5984,-0.2598,-0.0789,-0.3448
1.1879,-7.6641,-4.3685,-0.0134,-0.2428,-0.3436
2.2609,-6.2462,-3.9853,0.0000,-0.1906,-0.3351
2.4525,-5.6714,-3.3722,-0.1870,-0.0437,-0.3108
2.2992,-6.0546,-2.9890,-0.3266,0.0061,-0.2489
1.9543,-6.4761,-2.4525,-0.3339,-0.0583,-0.1627
1.8777,-6.8210,-2.2992,-0.3108,-0.2198,-0.0680
1.7244,-7.0126,-2.4908,-0.3667,-0.4262,-0.0097
1.8777,-7.2809,-2.4142,-0.4383,-0.6314,0.0401
2.0693,-7.6257,-2.4525,-0.4310,-0.6872,0.0911
2.0310,-7.8940,-2.9507,-0.3193,-0.5646,0.1299
2.2609,-8.5838,-3.4105,-0.3035,-0.3788,0.1663
2.8740,-10.1166,-2.9507,-0.2950,-0.1627,0.2003
3.8320,-11.7260,-2.7591,-0.1724,-0.0182,0.2440
4.5601,-13.4121,-2.7974,-0.0765,0.1044,0.2647
4.0236,-15.0216,-2.4142,0.0364,0.2744,0.1773
2.8357,-16.1329,-0.9963,0.3606,0.4055,-0.0425
1.4945,-14.8683,-0.5748,0.8657,0.2768,-0.1651
-0.3832,-11.4195,-3.4871,1.1413,-0.0267,-0.2100
0.0383,-8.0856,-8.3538,0.4359,-0.1408,-0.0898
1.8011,-9.0436,-8.8903,-0.6071,0.1736,-0.0583
2.9507,-11.6111,-7.6641,-1.0976,0.4662,-0.2428
2.8740,-13.0672,-7.5108,-1.1631,0.4674,-0.2222
1.2646,-13.3355,-7.2042,-0.5367,0.5014,-0.0874
0.0000,-11.4961,-7.2425,0.3934,0.6569,0.0024
-0.4215,-8.8903,-7.0126,0.5464,0.7006,0.0231
0.4598,-8.2389,-6.1313,0.2283,0.4577,-0.0073
1.4179,-8.9670,-4.8284,-0.1238,0.2805,0.0765
1.6478,-9.2352,-4.1769,-0.1748,0.2999,0.2355
1.0346,-8.1622,-3.6787,-0.0194,0.4820,0.3011
0.4215,-6.8593,-3.6787,0.0498,0.6095,0.2720

