-.-.-
1.9543,-0.9197,-1.8777,2.0774,0.0134,0.9385
1.3412,-1.4179,-8.1622,1.7969,-0.1153,0.7989
2.6824,-2.1076,-1.9160,0.0389,-0.3035,0.3315
2.9890,-0.5748,-3.4105,0.2659,0.2173,0.0328
0.6898,-2.8357,-13.7570,0.7965,0.6471,-0.1166
-1.3795,-17.3591,-9.7717,-1.1559,-0.7588,-0.5986
-10.4231,-27.8589,-5.8630,0.5136,0.0704,-1.4873
0.8047,-14.5617,-7.5874,0.0194,0.2198,0.2938
4.2152,-19.9266,-5.2499,-1.3319,-0.3254,0.1117
3.8704,-21.1145,-1.6095,-1.2202,-0.4954,0.6738
2.5291,-15.9029,-0.3066,0.5670,-0.3290,0.6872
0.9580,-10.8063,-2.7974,0.6010,-0.2076,0.3764
-3.2955,-9.6950,-3.3339,-0.6289,0.1676,0.5791
-5.3648,-8.9286,-1.6478,-1.5371,0.1967,0.7686
-4.1769,-9.0053,2.6824,-1.5978,0.1226,0.6544
0.1533,-6.3995,1.8011,-0.3060,-0.3011,0.4031
0.3832,-2.4908,-1.1496,0.4274,-0.7953,-0.2428
0.4215,-1.9543,-1.4562,0.8608,-0.7880,-0.7673
-0.7664,-1.8394,-6.5528,1.5165,-0.6326,-1.1000
-0.4215,-1.8777,-1.1879,0.5403,-0.4456,-0.8815
-0.9197,-2.5675,-6.8593,0.9944,-0.4577,-0.4565
-0.0383,-3.9853,-11.7260,0.4371,-0.7661,-0.1226
0.4598,-11.1129,-5.9780,-0.2780,0.0643,0.0158
4.4068,-17.9722,-3.3722,0.3035,0.2331,0.1967
9.6184,-11.8793,-7.9323,1.1219,-0.0158,0.4602
2.7591,-17.1292,-10.7680,-0.9130,1.0672,0.4626
-2.7591,-25.0232,-12.1859,-3.2442,1.0757,-0.1493
-1.7627,-23.7203,-0.0383,-0.3776,0.9762,-0.4978
-1.1113,-16.1712,-2.6824,0.6945,0.9045,-0.5476
-0.0383,-9.3118,-2.1843,0.8317,0.8353,-0.2732
0.8814,-5.5564,-2.6058,0.0255,0.7855,-0.3861
1.8011,-5.4415,-2.1843,-1.0575,0.6229,-0.3570
-0.3832,-5.6714,1.4945,-1.0454,0.6556,-0.5160
-2.0310,-2.7207,1.9927,-0.3400,0.3363,-0.4480
-0.7281,0.1916,0.6131,0.4104,0.2659,-0.0546
1.1496,1.1113,-0.2682,1.0296,0.3752,0.7625
1.1496,-2.4908,-2.2992,1.2603,0.3084,1.1449
0.9580,-5.4798,-3.7937,0.6496,-0.0049,0.8378
1.9927,-2.7207,-2.3375,-0.0219,0.0801,0.1955
3.1806,-1.3412,-6.3229,1.5286,0.6593,-0.0680
-0.4982,-7.1276,-14.3318,1.0162,0.5221,-0.2635
4.2152,-17.8956,-5.1349,-2.5388,-1.3101,-0.5561
-14.4851,-18.1255,-2.7974,0.8159,0.1469,-1.0235
1.6861,-16.0945,-7.6641,0.2890,-0.1979,0.0073
6.3612,-18.3938,-4.1003,-1.2943,-1.1971,0.2890
4.6751,-17.5124,-1.1879,-0.3169,-0.7588,0.4711
1.9160,-13.2588,0.7281,0.6544,-0.9373,0.4820
-0.0766,-12.0709,-3.2572,0.2635,-0.7091,0.3910
-3.7554,-11.0363,-2.5291,-0.5791,0.0158,0.8523
-3.9470,-9.2735,0.5748,-0.9810,0.0996,0.9252
-1.1879,-7.0893,1.2646,-0.5913,-0.0498,0.8293
1.7627,-4.6368,-0.5365,-0.0486,-0.3278,0.2987
0.2682,-1.4945,-1.8777,0.2319,-0.6216,-0.2501
0.6131,-2.6824,-2.5675,0.9215,-0.3752,-0.6399
0.1916,-2.5291,-7.2425,1.0672,-0.0631,-0.7637
0.1916,-2.5291,-1.1496,1.1194,0.3327,-0.4092
0.0000,-1.1113,-3.4871,1.0466,0.2671,-0.1845
0.1916,-1.9543,-9.6567,1.0988,-0.3375,-0.0255
-1.1879,-12.2242,-6.1313,-0.0474,0.5221,0.2003
2.3759,-26.7476,23.2221,-1.6051,0.6046,0.7346
10.6530,-12.8756,-6.3229,1.0648,-0.1481,0.6144
4.2919,-17.2441,-9.0436,-0.8511,0.9883,0.2878
-3.5638,-23.7586,-2.7207,-2.0361,1.0575,-0.6204
-2.5675,-18.8919,-1.6478,-0.2307,0.5524,-0.6702
-1.9160,-14.6384,-2.5291,-0.3205,0.7940,-0.6544
-0.2682,-10.5764,-2.7207,-0.7078,0.5585,-0.6459
2.4142,-8.9286,-1.5328,-1.2396,0.5561,-0.9616
3.5638,-6.9360,-1.8777,-1.0563,0.3861,-0.9215
1.8011,-5.7480,0.2682,-1.3404,0.5354,-0.7746
-1.3795,-4.1769,1.3029,-0.8572,0.6131,-0.3217
-0.9963,-1.7244,0.6131,0.0255,0.6277,0.1421
0.3449,0.3832,-0.6514,0.8159,0.5330,0.6131
1.0346,-0.7281,-2.0693,1.8054,0.5391,1.0126
-0.3832,-4.5984,-16.4394,1.7277,0.6447,0.8535
3.8320,-4.1003,-4.7517,-0.1700,0.3278,0.3922
3.4871,-2.3759,-9.8483,0.5172,0.8803,-0.0923
-3.0273,-12.8756,-4.4068,0.1251,-0.1020,-0.5306
-5.5564,-29.1234,7.8940,-0.9737,-0.5354,-1.0684
-11.0746,-11.7260,-6.9743,1.6464,0.7176,-0.6022
1.5328,-13.8720,-8.2772,0.0182,-0.4638,-0.2040
5.2499,-18.7003,-7.7024,-2.6711,-1.0891,0.2708
3.7937,-22.2641,1.5328,-1.1134,-0.5731,0.5124
2.4525,-13.9869,-0.6131,0.9725,-0.8438,0.4298
-0.3832,-10.4614,-3.3339,0.4444,-0.7540,0.5767
-3.9087,-9.1969,-1.9543,-0.4796,-0.3266,0.7989
-4.6368,-8.5071,-0.4982,-1.0842,-0.1481,0.7224
-2.7974,-8.1622,1.7627,-0.7989,-0.3072,0.7746
1.5328,-5.3648,0.7281,0.0668,-0.8256,0.3861
0.4982,-1.6095,-1.6861,0.4966,-1.1182,-0.2052
0.3832,-1.7244,-2.6058,1.3258,-0.8074,-0.8220
-0.1150,-0.4215,-6.3612,0.5925,-0.6799,-1.0769
0.2682,-2.6058,-1.7244,0.8050,-0.4189,-0.8827
0.2682,-2.2226,-4.5218,1.0514,-0.1044,-0.4978
-0.5365,-2.5291,-13.5271,0.7601,-0.7637,-0.0753
-0.3449,-14.2168,-6.6294,0.0243,0.5415,0.2355
1.8394,-25.9812,8.0089,-0.2865,0.2768,0.6277
9.3118,-12.7990,-7.1659,0.9822,-0.4772,0.7843
1.9927,-17.9722,-8.4305,-1.1729,0.6301,0.6229
-4.2152,-26.5177,-1.6478,-2.0470,0.6981,-0.4225
-1.8777,-21.2295,-1.7244,0.2623,0.3764,-0.7528
-1.6861,-12.9523,-1.8011,0.3266,0.6216,-0.6265
0.9197,-8.4688,-1.6861,-0.2987,0.5986,-0.4929
2.6058,-7.5874,-2.6441,-0.8268,0.3557,-0.6933
3.5638,-7.0126,-1.1496,-1.3683,0.2999,-0.7734
0.7664,-5.0200,0.2682,-1.0599,0.4165,-0.8171
-1.3795,-2.4908,0.7664,-0.7491,0.3946,-0.4140
-1.2646,-0.6898,0.6514,0.1105,0.3885,0.0194
0.6131,0.4598,-0.3832,0.9252,0.3217,0.7370
1.7244,-1.4179,-2.2609,1.6804,0.3485,1.0842
1.6095,-4.2919,-3.3722,1.3768,0.1141,0.8560
2.9507,-2.8357,-2.2226,-0.2538,0.0498,0.3120
4.5984,-1.4562,-7.7790,0.8535,0.6253,0.1105
-1.3795,-7.9706,-11.5344,1.1886,0.4747,-0.4286
-0.6514,-26.5943,1.4179,-1.8018,-1.4145,-0.9276
-14.8683,-12.5691,-6.1313,1.3902,1.2056,-0.6993
1.2263,-13.3355,-8.4305,0.0704,0.2732,0.1433
6.6677,-17.4357,-7.8557,-2.1794,-1.2311,0.5330
6.7061,-21.5360,0.7281,-1.0041,-0.4857,0.6399
4.0236,-13.8720,0.1150,0.8669,-0.5828,0.5269
-0.0383,-9.9633,-3.2572,0.3120,-0.4189,0.6447
-4.2152,-9.5801,-5.2116,-0.9677,0.3727,1.0417
-6.7061,-8.4688,3.2955,-2.1940,0.2963,1.0260
-3.8704,-8.8137,4.2919,-1.2712,-0.2198,1.0247
-0.3449,-7.2425,1.2646,-0.1408,-0.5961,0.6508
-0.4982,-3.6787,-2.3375,0.2950,-1.0709,-0.2307
0.0000,-3.4488,-2.4142,0.7771,-0.9689,-0.7528
-0.3449,-2.7207,-6.4378,1.1122,-0.7771,-0.9932
-0.2682,-2.6058,-0.6898,0.7224,-0.5949,-0.8062

