-.-.-
-0.4215,-9.4268,-2.0693,-0.1481,0.1081,0.1299
-0.2682,-10.5381,-1.9160,-0.2805,-0.0109,0.1906
-0.1150,-10.9596,-2.1076,-0.1032,-0.0959,0.2355
0.0000,-10.9596,-2.3759,0.1566,-0.1712,0.1979
0.2682,-10.3082,-2.1076,0.3169,-0.2234,0.1166
0.5365,-9.7334,-1.9160,0.3363,-0.1979,0.0401
0.6131,-9.3502,-1.6478,0.2513,-0.1967,-0.0231
0.5748,-8.7754,-1.5328,0.1445,-0.2647,-0.0571
0.3832,-8.8520,-1.8777,-0.0024,-0.3011,-0.0559
0.1916,-9.1586,-1.7244,-0.1615,-0.3509,-0.0522
0.3066,-9.6567,-1.7244,-0.1809,-0.3910,-0.0486
0.7281,-9.8100,-1.8011,-0.0947,-0.3776,-0.0328
0.7664,-9.7717,-2.0310,-0.0668,-0.3290,-0.0158
0.9197,-9.8100,-1.8011,-0.0425,-0.2708,-0.0097
1.2263,-9.8100,-1.9927,-0.0024,-0.2173,-0.0097
1.0346,-9.6950,-2.0310,0.0316,-0.1336,-0.0073
0.9580,-9.6950,-2.2992,-0.0097,-0.0801,-0.0049
0.7281,-9.8483,-2.3759,-0.0643,-0.0595,-0.0206
0.7281,-10.0782,-2.1076,-0.0971,-0.0474,-0.0231
0.7281,-10.0399,-1.9927,-0.0801,-0.0376,-0.0219
0.6514,-9.9633,-1.9160,-0.0401,-0.0304,-0.0085
0.6514,-9.7717,-1.8394,-0.0170,-0.0643,0.0036
0.6131,-9.6184,-1.6861,0.0134,-0.0753,0.0097
0.6514,-9.4268,-1.7244,0.0279,-0.0449,0.0073
0.6898,-9.6184,-1.6478,0.0170,-0.0182,0.0000
0.6131,-9.5034,-1.8394,-0.0304,-0.0158,-0.0085
0.7664,-9.6950,-1.8011,-0.0571,0.0049,-0.0097
0.6514,-9.8100,-1.9160,-0.0364,0.0036,-0.0085
0.8814,-9.7334,-1.9160,-0.0024,-0.0012,-0.0073
0.9197,-9.6567,-1.8394,0.0097,0.0219,-0.0121
0.8047,-9.5801,-1.8011,-0.0073,0.0267,-0.0267
0.7281,-9.7334,-1.7244,-0.0194,0.0134,-0.0364
0.6898,-9.7717,-1.5711,-0.0121,0.0267,-0.0364
0.5748,-9.5801,-1.8394,-0.0036,0.0146,-0.0291
0.5365,-9.5801,-1.8394,-0.0255,-0.0073,-0.0267
0.7281,-9.7334,-1.7627,-0.0194,-0.0206,-0.0182
0.8047,-9.6950,-1.5328,-0.0061,-0.0219,-0.0085
0.7281,-9.6950,-1.7244,0.0061,-0.0328,-0.0036
0.7281,-9.6950,-1.6861,-0.0109,-0.0389,-0.0085
0.8047,-9.6184,-1.8011,-0.0243,-0.0352,-0.0036
0.8814,-9.5801,-1.6095,-0.0219,-0.0352,-0.0024
0.8814,-9.5418,-1.5328,-0.0194,-0.0291,-0.0049
0.8814,-9.6184,-1.6478,-0.0413,-0.0267,-0.0073
0.8814,-9.6950,-1.4945,-0.0546,-0.0291,-0.0121
0.7664,-9.5034,-1.6861,-0.0607,-0.0267,-0.0146
0.8814,-9.6184,-1.6861,-0.0801,-0.0182,-0.0158
0.9197,-9.6950,-1.8011,-0.0789,-0.0134,-0.0182
0.9197,-9.6950,-1.7244,-0.0607,-0.0073,-0.0170
0.9963,-9.7334,-1.6478,-0.0425,0.0073,-0.0134
0.9580,-9.8100,-1.6095,-0.0364,0.0146,-0.0121
0.9197,-9.7717,-1.7244,-0.0389,0.0121,-0.0073
1.0346,-9.5418,-1.6861,-0.0461,0.0255,-0.0024
0.8814,-9.6950,-1.6861,-0.0643,0.0449,0.0036
0.8430,-9.6184,-1.6095,-0.0680,0.0510,0.0036
0.8047,-9.6950,-1.7244,-0.0692,0.0595,-0.0036
0.8430,-9.6567,-1.4562,-0.0741,0.0656,-0.0049
0.7281,-9.6950,-1.4945,-0.0656,0.0741,-0.0097
0.8047,-9.5418,-1.7627,-0.0656,0.0704,-0.0170
0.8430,-9.6950,-1.5711,-0.0668,0.0656,-0.0158
0.8814,-9.5801,-1.6095,-0.0692,0.0546,-0.0170
1.1496,-9.5801,-1.8011,-0.0704,0.0437,-0.0158
0.8047,-9.6950,-1.6861,-0.0522,0.0461,-0.0170
0.8047,-9.6567,-1.6478,-0.0340,0.0425,-0.0194
0.8047,-9.6950,-1.7627,-0.0437,0.0316,-0.0219
0.6514,-9.7334,-1.6095,-0.0534,0.0352,-0.0206
0.7281,-9.7334,-1.5711,-0.0510,0.0340,-0.0219
0.8047,-9.6950,-1.6478,-0.0498,0.0316,-0.0219
0.8430,-9.6184,-1.7627,-0.0571,0.0352,-0.0206
0.8814,-9.6950,-1.7244,-0.0595,0.0474,-0.0170
0.8430,-9.7334,-1.6095,-0.0607,0.0486,-0.0134
0.9197,-9.7334,-1.4945,-0.0595,0.0425,-0.0109
0.6898,-9.5801,-1.6478,-0.0474,0.0461,-0.0049
0.9580,-9.6950,-1.6095,-0.0364,0.0461,-0.0049
0.8814,-9.7334,-1.7244,-0.0389,0.0449,-0.0073
0.8047,-9.6184,-1.4179,-0.0389,0.0486,-0.0061
0.6514,-9.5034,-1.5328,-0.0461,0.0534,-0.0146
0.8814,-9.6950,-1.5711,-0.0583,0.0510,-0.0146
0.8814,-9.7717,-1.6095,-0.0534,0.0522,-0.0194
0.9580,-9.6184,-1.6095,-0.0498,0.0510,-0.0194
0.8430,-9.6950,-1.5711,-0.0619,0.0437,-0.0231
0.8430,-9.6184,-1.4562,-0.0631,0.0413,-0.0255
0.9197,-9.6184,-1.6478,-0.0571,0.0401,-0.0255
0.8430,-9.6567,-1.7627,-0.0583,0.0255,-0.0194
0.8047,-9.6567,-1.7244,-0.0607,0.0158,-0.0121
0.8430,-9.5418,-1.6861,-0.0631,0.0109,-0.0085
0.8430,-9.6950,-1.6478,-0.0559,0.0097,-0.0049
0.8814,-9.6567,-1.6095,-0.0425,0.0097,-0.0036
0.8814,-9.7334,-1.6478,-0.0449,0.0134,-0.0061
0.8814,-9.6567,-1.6095,-0.0595,0.0134,-0.0049
0.9197,-9.6567,-1.6478,-0.0619,0.0097,-0.0049
0.9197,-9.6184,-1.5711,-0.0643,0.0036,0.0000
0.7664,-9.6950,-1.6478,-0.0668,0.0073,-0.0024
0.9197,-9.6567,-1.6095,-0.0631,0.0134,-0.0049
0.8814,-9.6950,-1.5711,-0.0631,0.0134,-0.0097
0.8047,-9.6184,-1.6095,-0.0631,0.0121,-0.0134
0.8430,-9.6950,-1.5328,-0.0595,0.0146,-0.0158
0.9197,-9.7334,-1.6095,-0.0583,0.0146,-0.0170
0.8814,-9.6567,-1.6478,-0.0741,0.0146,-0.0146
0.9197,-9.8100,-1.5328,-0.0753,0.0121,-0.0121
0.8814,-9.6567,-1.5711,-0.0656,0.0085,-0.0085
0.9197,-9.6567,-1.6861,-0.0559,0.0049,-0.0085
0.8430,-9.8100,-1.6861,-0.0668,0.0073,-0.0097
0.8430,-9.7334,-1.6478,-0.0680,0.0109,-0.0073
1.0346,-9.6950,-1.6861,-0.0571,0.0146,-0.0085
0.9197,-9.6950,-1.6861,-0.0546,0.0243,-0.0158
0.9580,-9.7334,-1.6478,-0.0704,0.0291,-0.0182
0.8814,-9.5418,-1.6095,-0.0704,0.0267,-0.0194
0.8430,-9.6184,-1.6095,-0.0583,0.0158,-0.0146
0.8430,-9.6184,-1.6861,-0.0668,0.0146,-0.0146
0.9197,-9.6950,-1.7627,-0.0838,0.0206,-0.0097
0.8430,-9.5801,-1.6861,-0.0801,0.0304,-0.0097
0.9580,-9.6567,-1.6861,-0.0789,0.0316,-0.0146
0.9580,-9.6184,-1.7244,-0.0850,0.0389,-0.0146
0.9580,-9.7334,-1.6095,-0.0813,0.0352,-0.0146
0.8430,-9.6950,-1.7244,-0.0874,0.0291,-0.0109
0.8047,-9.6567,-1.7244,-0.0850,0.0304,-0.0036
0.7664,-9.7334,-1.9160,-0.0741,0.0219,0.0000
0.7281,-9.5418,-1.5711,-0.0898,0.0146,0.0049
0.8430,-9.6950,-1.5711,-0.0911,0.0134,0.0012
0.8430,-9.6950,-1.6861,-0.0692,0.0146,0.0012
0.8430,-9.5801,-1.9927,-0.0559,0.0194,0.0000
0.9197,-9.6184,-1.8011,-0.0704,0.0158,0.0024
0.8814,-9.6567,-1.7244,-0.0741,0.0085,0.0036
0.8430,-9.6184,-1.7627,-0.0631,0.0061,-0.0012
0.8814,-9.6184,-1.6861,-0.0692,0.0170,-0.0012
0.7664,-9.6567,-1.6095,-0.0874,0.0182,-0.0036
0.8430,-9.5034,-1.8011,-0.0935,0.0036,-0.0085
0.8814,-9.5418,-1.7244,-0.0911,0.0012,-0.0206

