-.-.-
0.7281,-20.7696,-8.4305,-0.8718,0.4407,-0.4650
-0.1150,-14.3701,-4.2536,1.4898,-0.1020,-0.4116
-2.1843,-7.5491,-0.9580,1.9584,0.0449,-0.3497
-1.7244,-3.2189,-2.4908,0.2015,0.3557,-0.3521
-0.8047,-7.4341,-3.5255,-0.7904,0.4092,-0.2853
0.1916,-11.9943,-3.1806,-0.6253,0.7394,-0.2647
-0.8047,-13.3738,-3.8704,-0.0146,0.9932,-0.1821
0.0000,-9.9633,-5.2499,0.5209,0.9373,-0.0085
0.0000,-4.4452,-4.1003,0.6168,0.7321,0.2076
0.0766,0.5365,0.3066,0.3278,0.8183,0.4832
3.2572,2.3375,0.5365,-0.2028,0.9227,0.4832
2.0693,1.1496,-3.4488,-0.0716,0.9252,0.1153
1.3412,-2.6824,-9.2735,-0.0595,-0.1323,-0.0036
-3.9087,-10.4614,-8.8903,0.0801,-0.9009,0.5269
-2.7974,-15.8646,-6.2079,-0.0498,-0.9057,1.0041
-0.8814,-22.3024,-7.0893,-1.5723,-0.8013,1.0187
2.4908,-21.9192,-10.8063,-0.9057,-0.1190,1.0041
2.5675,-15.4431,-5.4032,1.1874,0.5913,0.5488
3.6404,-8.5071,-2.6441,1.6063,0.4881,0.7285
1.9543,-5.3648,-2.1843,0.1530,0.6726,0.8548
-0.3449,-5.5564,-2.7974,-0.9118,0.8135,0.5039
-3.8704,-6.7827,-1.6861,-0.5112,0.5160,-0.0231
-6.0546,-5.2499,-1.0346,0.3727,-0.0898,-0.2623
-5.5948,-3.1039,-0.6131,0.6131,-0.7940,-0.2671
-3.4871,-0.3066,0.0766,0.7236,-1.1134,-0.1943
0.1916,2.3759,0.3066,0.7176,-1.1449,-0.2028
2.2226,3.6787,-1.3412,0.5451,-1.0187,-0.2489
1.9160,3.0656,-6.8977,0.3254,-1.5687,-0.3630
2.5675,-7.5491,-10.0399,0.3230,-1.7047,-0.2744
2.1843,-15.0599,-9.2352,1.6658,0.1809,-0.9337
-6.3612,-18.3171,-8.3538,-0.2501,0.7588,-1.8504
-2.7207,-29.3534,-11.9559,-3.0475,0.7467,-0.8171
0.3066,-23.3754,-9.5801,-0.8681,0.1408,-0.5415
0.3832,-14.1785,-3.3339,2.0446,-0.5294,-0.1408
-0.3066,-3.8320,-0.4982,2.6954,-0.3958,0.0874
-0.5365,-0.9197,-0.9963,0.4383,0.0255,-0.1178
-1.2646,-6.5911,-2.9123,-0.9750,0.1056,-0.3400
-1.0346,-11.3045,-3.4871,-0.6532,0.6192,-0.3825
0.0383,-11.9176,-4.4835,-0.3169,0.7819,-0.2829
0.6898,-10.6530,-4.6751,0.1445,0.6399,-0.0316
-0.8047,-7.8557,-2.4142,0.7746,0.4092,0.0643
-0.6898,-3.8320,-0.8814,0.9920,0.2780,0.0656
0.0000,0.3449,-1.9543,0.6653,0.2659,0.0121
0.1533,0.1533,-3.5638,0.1323,0.3315,0.0680
1.4945,-4.9433,-6.0163,-0.0777,-0.0571,0.1761
-0.0766,-7.8557,-9.2735,-0.4043,-1.0466,0.5112
1.5328,-13.8336,-7.9706,-1.3307,-1.0150,0.7758
0.9197,-19.6966,-6.7061,-1.5468,-0.7649,0.8839
2.7974,-20.3098,-10.0016,-0.3387,-0.2598,0.7771
0.4598,-14.2935,-5.2882,1.2688,0.6896,0.3861
-1.3412,-8.8520,-0.9197,1.3489,0.6010,0.1578
0.8430,-5.4415,-1.7244,0.0765,0.4869,0.1384
0.9580,-6.1313,-2.4908,-0.9361,0.4844,0.1457
0.0000,-8.8137,-2.4908,-0.7455,0.1651,0.1433
-1.3795,-9.4651,-2.4142,-0.0170,-0.0996,0.0522
-2.5675,-8.6987,-1.8777,0.4772,-0.3582,-0.0765
-2.6058,-7.1276,-0.9197,0.5609,-0.6921,-0.1639
-1.3029,-5.2882,-1.3795,0.3582,-1.0150,-0.2246
0.0383,-3.8320,-2.4525,0.2574,-1.1231,-0.2720
0.3066,-1.0730,-3.5255,0.3096,-0.9312,-0.3302
-1.1113,0.0766,-4.8284,0.0243,-0.6714,-0.3946
-2.5291,-1.8011,-5.8247,0.0109,-1.3526,-0.4213
-3.0656,-8.2389,-8.3538,0.7297,-1.5796,-0.3812
-1.3029,-10.6147,-7.6257,1.3562,-0.2064,-0.6593
-1.9543,-14.6767,-8.2389,-0.2064,0.6386,-0.8001
1.3412,-20.8463,-7.8940,-1.6609,0.7673,-0.5379
-0.4982,-20.9995,-9.4268,-0.6277,0.5306,-0.1396
-1.9927,-16.7843,-6.4761,0.7261,-0.0741,0.0728
-3.6404,-10.7680,-3.7554,1.2384,-0.1663,0.1178
-4.2919,-8.0089,-2.8357,0.3363,0.0643,-0.1287
-3.5638,-9.5034,-4.1386,-0.5755,0.0728,-0.4092
-1.5711,-10.9596,-4.4452,-0.6471,0.1287,-0.3958
-0.4982,-11.1895,-5.0583,-0.1263,0.1530,-0.2562
0.2682,-9.1586,-6.7061,0.2841,0.2465,-0.1591
0.1916,-8.3155,-5.2116,0.2768,0.2028,-0.0364
1.8011,-7.4725,-5.1349,0.0728,-0.0401,0.2550
2.4142,-4.5218,-5.8630,0.0097,-0.0425,0.3545
0.6898,-3.4488,-5.1732,-0.2028,0.1991,0.1663
-1.2263,-5.3265,-4.4068,-0.3655,0.3120,0.0728
-2.6058,-7.2425,-3.8704,-0.4432,0.0898,0.0085
-1.3029,-8.0089,-4.5601,-0.3594,-0.1105,0.0498
0.5365,-9.3885,-4.8284,-0.3970,-0.1008,0.0898
1.7627,-10.1932,-5.2882,-0.2052,-0.1748,0.0194
1.7244,-10.0399,-5.7097,-0.0643,-0.1615,-0.1081
0.7281,-9.8100,-4.9433,0.0219,-0.0364,-0.1081
-0.1916,-9.1586,-4.3685,0.1166,-0.0425,-0.1081
-0.6514,-7.8557,-3.4871,0.2137,-0.1408,-0.1542
-1.3029,-6.6677,-2.8357,0.2926,-0.3217,-0.1008
-1.7244,-6.7061,-3.9470,0.1336,-0.6059,-0.0474
-1.3412,-8.4305,-4.1003,0.0923,-0.7637,-0.0243
-0.6898,-8.4688,-5.2499,0.2113,-0.4747,-0.0255
1.2263,-8.5071,-5.6714,0.0267,-0.0631,-0.1785
2.7207,-8.5454,-7.2042,-0.2113,0.3412,-0.3157
2.6441,-8.0473,-6.2462,-0.3485,0.4820,-0.2817
0.5365,-8.2389,-4.7517,-0.3157,0.1833,-0.0109
-1.3412,-8.3155,-4.4835,-0.2198,0.0401,0.2380
-2.4525,-8.2389,-4.3302,-0.0134,0.1056,0.3072
-2.2609,-7.9323,-4.3302,0.2040,0.1943,0.1761
-1.6095,-7.6257,-3.9853,0.2076,0.2173,0.0461
-1.3795,-7.6257,-3.9087,0.1348,0.1287,0.0449
-0.9963,-7.5874,-3.9087,0.1044,-0.0498,0.1105
-0.7281,-7.6641,-4.0236,0.0947,-0.1396,0.1251
-0.5365,-7.5874,-4.2152,0.1396,-0.1226,0.0619
-0.3066,-7.8940,-4.1769,0.1408,-0.0486,-0.0304
-0.2682,-8.1622,-4.4835,0.1481,0.0158,-0.1105
-0.8047,-8.0856,-4.7900,0.1530,0.0389,-0.1323
-0.8814,-8.3538,-5.2499,0.0911,0.0304,-0.1190
-0.8430,-8.8137,-5.2882,0.0316,0.0109,-0.0971
-0.9580,-8.8520,-5.0200,0.0486,-0.0121,-0.0631
-0.7664,-8.5838,-4.7900,0.1141,-0.0158,-0.0231
-0.6131,-7.8940,-4.6368,0.1688,-0.0158,-0.0146
-0.4215,-7.6641,-4.2152,0.2052,-0.0024,-0.0461
-0.6514,-7.6641,-3.9853,0.1785,0.0243,-0.0886
-0.6514,-8.0089,-3.8704,0.1056,0.0643,-0.1153
-0.9197,-8.0856,-4.0236,0.1068,0.0947,-0.1360
-0.6898,-8.0089,-3.9470,0.1530,0.0692,-0.1323
-0.7664,-7.7024,-4.1386,0.1724,0.0243,-0.1044
-0.6898,-7.6641,-4.0620,0.1700,-0.0304,-0.0886
-0.5748,-7.6641,-3.9470,0.1226,-0.0546,-0.0789
-0.5748,-7.8940,-3.9087,0.1032,-0.0716,-0.0777
-0.6131,-8.5454,-4.1769,0.0850,-0.1275,-0.1093
-0.4982,-9.3502,-4.7900,0.0522,-0.1408,-0.1979
-0.3066,-9.6567,-5.5564,-0.0389,-0.0097,-0.2780
0.1916,-9.9633,-6.0163,-0.1761,0.0983,-0.2550
0.1916,-9.6184,-5.5948,-0.1955,0.1348,-0.1493
0.1150,-9.0819,-4.9433,-0.1372,0.0886,-0.0219
-0.2682,-8.4305,-4.1003,-0.0437,0.0219,0.0461
-0.7281,-8.1622,-3.4105,0.0631,-0.0121,0.0631

