-.-.-
0.0383,-9.5801,-2.6441,0.0073,0.0838,0.0000
0.0383,-9.5034,-2.7207,0.0000,0.0813,-0.0036
-0.0766,-9.5034,-2.5675,0.0146,0.0728,-0.0012
0.0383,-9.6567,-2.6441,0.0486,0.0728,0.0024
-0.0383,-9.5034,-2.6824,0.0546,0.0765,-0.0012
0.0000,-9.4268,-2.7207,0.0498,0.0753,-0.0036
0.0383,-9.5418,-2.4908,0.0158,0.0741,-0.0073
0.0000,-9.5034,-2.7974,-0.0061,0.0680,-0.0073
0.0000,-9.5801,-2.6058,0.0024,0.0704,-0.0012
0.0383,-9.5418,-2.6058,0.0255,0.0692,0.0024
-0.0766,-9.4651,-2.6441,0.0304,0.0753,0.0000
0.0383,-9.5034,-2.4908,0.0279,0.0765,0.0000
0.0383,-9.5034,-2.5675,0.0267,0.0753,-0.0012
-0.0383,-9.5418,-2.5291,0.0206,0.0765,0.0000
-0.0383,-9.5801,-2.3759,0.0158,0.0765,-0.0012
-0.0383,-9.5418,-2.6441,0.0158,0.0765,-0.0049
-0.0383,-9.4651,-2.5675,0.0170,0.0753,-0.0036
0.0766,-9.5801,-2.7591,0.0291,0.0728,-0.0049
0.0766,-9.6184,-2.6058,0.0267,0.0753,-0.0012
-0.0766,-9.3885,-2.7207,0.0182,0.0741,-0.0024
-0.0766,-9.5418,-2.6441,0.0109,0.0741,-0.0049
0.0383,-9.5418,-2.7207,0.0012,0.0765,-0.0036
0.0383,-9.5418,-2.5675,-0.0024,0.0801,-0.0012
0.2299,-9.2735,-2.9123,-0.0061,0.0765,-0.0012
0.1150,-9.7717,-2.2992,-0.0049,0.0741,0.0024
-0.0383,-9.5034,-2.5675,-0.0073,0.0668,0.0000
-0.0766,-9.5034,-2.6058,-0.0061,0.0680,-0.0024
0.0383,-9.6950,-2.6058,0.0012,0.0753,-0.0024
0.0383,-9.6567,-2.3759,0.0073,0.0801,0.0000
0.0000,-9.5801,-2.4908,0.0134,0.0838,-0.0012
0.1150,-9.5418,-2.4908,0.0036,0.0874,-0.0024
0.0000,-9.6184,-2.4908,0.0024,0.0826,0.0012
0.0383,-9.5801,-2.4142,0.0097,0.0789,0.0036
0.1150,-9.6567,-2.4525,0.0085,0.0753,0.0036
-0.0383,-9.5801,-2.4908,-0.0073,0.0704,0.0012
0.0000,-9.5418,-2.4908,-0.0134,0.0753,-0.0012
0.0766,-9.6950,-2.6824,0.0000,0.0728,0.0000
0.0000,-9.5418,-2.5675,0.0036,0.0692,-0.0012
-0.0383,-9.6184,-2.4908,0.0000,0.0704,0.0012
0.0000,-9.5034,-2.5291,-0.0073,0.0716,-0.0012
0.0000,-9.6184,-2.5675,-0.0097,0.0668,0.0012
0.0383,-9.6567,-2.4142,0.0121,0.0680,0.0024
0.0766,-9.5801,-2.4525,0.0219,0.0741,0.0036
0.0766,-9.6184,-2.3375,0.0049,0.0777,0.0012
0.0000,-9.5418,-2.4525,-0.0085,0.0728,-0.0036
0.0766,-9.6184,-2.5291,-0.0170,0.0619,0.0000
-0.0766,-9.6184,-2.5675,-0.0146,0.0619,0.0049
0.0383,-9.6950,-2.5291,-0.0024,0.0656,0.0061
-0.1150,-9.5034,-2.5675,0.0146,0.0692,0.0061
-0.0383,-9.5801,-2.3759,0.0146,0.0704,0.0036
-0.1150,-9.6184,-2.4142,0.0085,0.0704,0.0036
0.0000,-9.6950,-2.2992,-0.0012,0.0704,0.0012
0.0000,-9.5801,-2.5291,-0.0085,0.0765,-0.0012
0.0383,-9.6567,-2.4142,-0.0061,0.0716,-0.0024
0.0000,-9.6567,-2.4142,-0.0049,0.0716,0.0000
0.0383,-9.5801,-2.4525,-0.0073,0.0716,0.0024
0.0383,-9.5418,-2.4908,-0.0073,0.0728,0.0012
0.0000,-9.6184,-2.6058,-0.0121,0.0753,0.0024
0.1150,-9.6184,-2.2992,-0.0097,0.0728,0.0000
0.0766,-9.5801,-2.4525,-0.0134,0.0741,0.0000
0.0383,-9.5418,-2.4142,-0.0231,0.0692,0.0012
0.0383,-9.6567,-2.5291,-0.0194,0.0692,0.0012
0.0383,-9.6184,-2.4525,-0.0109,0.0692,0.0012
-0.0383,-9.6184,-2.5675,-0.0170,0.0777,0.0012
0.0766,-9.5801,-2.6058,-0.0182,0.0765,-0.0012
0.0000,-9.5801,-2.4525,-0.0097,0.0753,0.0000
0.0000,-9.5801,-2.3375,-0.0085,0.0704,0.0000
0.0000,-9.5801,-2.4142,-0.0109,0.0668,0.0000
-0.0766,-9.6184,-2.2609,-0.0158,0.0716,0.0012
-0.0383,-9.5418,-2.4142,-0.0243,0.0765,-0.0024
-0.0383,-9.5418,-2.3759,-0.0194,0.0753,-0.0012
-0.0766,-9.6567,-2.4908,-0.0109,0.0716,-0.0012
0.0383,-9.6567,-2.5675,-0.0085,0.0692,-0.0012
0.0000,-9.5801,-2.4142,-0.0049,0.0668,0.0012
-0.0766,-9.5034,-2.5291,-0.0061,0.0656,0.0036
0.0383,-9.6567,-2.4908,-0.0146,0.0753,-0.0024
-0.0383,-9.5801,-2.5291,-0.0097,0.0753,-0.0049
-0.0383,-9.6184,-2.3759,-0.0024,0.0716,-0.0073
-0.1150,-9.5801,-2.5291,-0.0158,0.0716,-0.0049
0.0000,-9.6184,-2.5675,-0.0231,0.0741,-0.0024
-0.0766,-9.5801,-2.4525,-0.0012,0.0631,-0.0024
-0.0383,-9.7334,-2.4908,0.0206,0.0607,0.0024
0.0000,-9.6567,-2.4142,0.0231,0.0680,0.0024
-0.0766,-9.6184,-2.3759,0.0182,0.0728,-0.0024
-0.0383,-9.5034,-2.6824,0.0036,0.0728,-0.0049
0.0000,-9.5034,-2.6441,0.0036,0.0668,-0.0024
-0.0383,-9.5801,-2.3759,0.0170,0.0656,-0.0012
-0.1150,-9.6567,-2.4908,0.0194,0.0704,0.0000
0.0000,-9.5801,-2.3759,0.0206,0.0728,0.0012
0.0383,-9.5418,-2.3375,0.0243,0.0704,0.0012
-0.1150,-9.5801,-2.4525,0.0243,0.0692,0.0012
0.0383,-9.6567,-2.2226,0.0243,0.0716,-0.0024
-0.0766,-9.6567,-2.3759,0.0146,0.0753,-0.0061
-0.0766,-9.5034,-2.4525,0.0097,0.0777,-0.0049
-0.1150,-9.5801,-2.3759,0.0158,0.0753,-0.0024
-0.1533,-9.6567,-2.3375,0.0194,0.0728,-0.0012
-0.0383,-9.5034,-2.2992,0.0170,0.0692,0.0000
-0.0766,-9.6950,-2.3759,0.0158,0.0704,-0.0049
0.0000,-9.6184,-2.3375,0.0146,0.0692,-0.0061
0.0000,-9.5418,-2.3375,0.0109,0.0716,-0.0049
-0.0383,-9.6184,-2.2992,0.0109,0.0741,-0.0024
0.0000,-9.6184,-2.2226,0.0121,0.0741,-0.0036
0.0000,-9.5034,-2.3375,0.0085,0.0704,0.0000
-0.0766,-9.5418,-2.2226,0.0085,0.0692,0.0012
0.0383,-9.5418,-2.1459,0.0109,0.0716,-0.0024
0.0000,-9.6950,-2.2226,0.0036,0.0704,-0.0012
-0.0766,-9.7334,-2.4525,-0.0024,0.0704,-0.0012
-0.0383,-9.6184,-2.2992,-0.0061,0.0741,-0.0036
0.0000,-9.6567,-2.2226,-0.0146,0.0789,-0.0036
-0.0383,-9.6567,-2.2226,-0.0279,0.0813,0.0000
-0.0766,-9.6567,-2.2226,-0.0352,0.0826,0.0036
-0.0383,-9.4651,-2.2226,-0.0741,0.0886,0.0036
0.0000,-9.4651,-2.3375,-0.1275,0.0935,0.0085
-0.0766,-9.5801,-2.2609,-0.1712,0.0898,0.0134
-0.0766,-9.6950,-2.4142,-0.1979,0.0850,0.0194
-0.0766,-9.6184,-2.4908,-0.1421,0.0668,0.0206
-0.0766,-9.4268,-2.2992,-0.1153,0.0583,0.0085
-0.0766,-9.4268,-2.3375,-0.1493,0.0619,0.0012
0.0766,-9.4651,-2.3759,-0.1712,0.0753,0.0097
0.0000,-9.5034,-2.5291,-0.1761,0.0753,0.0158
-0.0766,-9.6567,-2.2992,-0.1700,0.0668,0.0206
-0.1150,-9.4268,-2.4525,-0.1773,0.0668,0.0231
-0.0383,-9.5034,-2.4908,-0.2392,0.0850,0.0158
0.0000,-9.3502,-2.5291,-0.2926,0.0886,0.0073
0.2299,-9.0819,-2.8357,-0.3363,0.0789,0.0012
-0.1533,-9.2352,-2.4908,-0.3655,0.0777,0.0049
0.0000,-9.2735,-2.7207,-0.4140,0.0862,0.0109
-0.1533,-9.1202,-2.7974,-0.5039,0.0959,0.0146

