-.-.-
3.9470,-11.0746,-3.7171,0.1153,-0.2185,0.3764
3.7937,-9.6567,-3.6404,0.2404,0.2270,0.4759
1.8011,-8.2389,-2.2226,0.3060,0.5075,0.5136
0.1916,-6.9743,-2.1459,0.4140,0.4687,0.5318
-0.4598,-6.3995,-1.9543,0.3157,0.4383,0.5051
-0.8430,-5.2882,-1.8011,0.3254,0.5148,0.5233
-0.3832,-5.0583,-1.7244,0.0704,0.5488,0.4929
-0.1533,-5.4415,-1.9543,-0.2999,0.5536,0.3703
-0.1533,-6.3612,-1.5711,-0.5367,0.5464,0.2234
-0.4215,-7.4725,-1.8394,-0.6156,0.4990,0.1348
-0.6898,-8.8137,-2.1843,-0.6823,0.4626,0.0753
-0.9580,-10.0782,-2.1459,-0.6192,0.3740,0.0595
-0.7281,-11.3428,-1.3412,-0.3958,0.2938,0.0874
0.0383,-11.6877,-0.9197,-0.0668,0.2975,0.1263
0.3449,-11.0746,-0.2299,0.1943,0.3897,0.1056
0.4982,-10.4614,0.6131,0.4662,0.3375,0.0971
0.8814,-9.0819,-0.8814,0.6350,0.1773,0.0607
-0.7281,-7.8173,-2.7974,0.1105,0.0243,-0.0898
-1.1496,-10.1166,-1.5711,-0.3655,0.0352,-0.0631
0.1533,-11.7260,-0.5748,-0.1481,0.4881,0.0692
2.2992,-13.1055,-3.8320,-0.4504,0.5269,0.1566
1.4945,-13.8720,-6.0929,-0.4347,0.1214,0.1845
-1.0346,-11.8793,-9.1202,-0.1141,-0.1396,0.3582
-2.3375,-10.2698,-8.6987,-0.4492,-0.0862,0.7516
-1.9927,-9.3502,-5.5181,-0.1287,0.2028,1.0332
-0.4215,-9.6184,-4.6751,0.3290,0.1870,0.9264
0.1533,-10.5381,-4.7900,0.5779,0.0996,0.5706
-1.0346,-10.6914,-4.8667,0.7686,0.1251,0.1202
-3.8704,-9.6184,-3.9470,0.8693,-0.0036,-0.3594
-5.7480,-7.5491,-3.0273,0.8803,-0.3302,-0.5646
-5.2499,-5.7480,-2.4142,0.4043,-0.6314,-0.6751
-2.6058,-6.0163,-1.5328,-0.1833,-0.7212,-0.7163
0.3449,-6.9743,-1.0346,-0.4978,-0.6593,-0.7540
2.4908,-7.6257,-1.2263,-0.6884,-0.5087,-0.7649
4.1386,-8.3538,-2.3759,-0.8171,-0.2756,-0.7248
3.9087,-9.3502,-2.2226,-0.6641,-0.0789,-0.5791
2.2226,-9.6184,-1.7627,-0.1518,-0.1676,-0.3557
0.9197,-8.7754,-1.1879,0.3582,-0.3339,-0.1481
0.0383,-7.7790,-0.8814,0.5342,-0.2853,-0.0146
-0.4215,-7.6257,-0.3066,0.3618,-0.1408,0.0692
-0.1916,-8.0473,-0.2682,0.1032,-0.1336,0.0291
-0.0383,-8.6604,-0.8814,-0.1251,-0.1396,-0.1238
-0.7664,-9.9250,0.0000,-0.0753,-0.4699,-0.2744
-0.5748,-9.7717,-1.6478,0.2064,-0.8839,-0.2853
1.8011,-9.1969,-3.5255,-0.0425,-0.4492,-0.1882
2.9507,-10.4231,-0.9963,-0.2914,0.0716,-0.1651
2.5291,-11.2279,-0.4215,0.0134,-0.2950,-0.1991
0.6898,-11.4961,-2.6058,-0.1360,-0.8195,-0.2562
-0.2682,-15.0982,-4.6368,-0.3375,-0.8803,-0.2538
0.4215,-14.1402,-10.4231,-0.0680,0.0704,-0.4674
1.2263,-13.3355,-8.3538,-0.3655,0.8463,-0.8365
-2.0310,-11.4961,-3.8320,-0.0923,0.4504,-1.0624
-4.2152,-7.3575,-3.6404,0.5864,-0.5670,-0.9215
-3.6404,-6.2845,-4.6751,0.4796,-0.9701,-0.5646
-1.0346,-7.6641,-4.0620,0.0583,-0.7601,-0.0656
1.5711,-10.8063,-3.7554,-0.3217,-0.6993,0.3120
2.9890,-11.7643,-3.4488,-0.2295,-0.5427,0.4589
3.2955,-10.3848,-4.0236,0.0680,-0.2525,0.4322
1.7244,-9.0053,-3.6021,0.0862,-0.0474,0.3594
-0.1150,-8.2005,-2.9890,0.0777,0.0777,0.3327
-1.1496,-7.3958,-2.2609,0.1591,0.1530,0.3424
-1.3795,-6.4378,-1.8777,0.2040,0.1287,0.4092
-0.5365,-6.1313,-1.9543,0.0364,0.1093,0.3727
-0.0766,-6.3229,-1.9927,-0.2283,0.1433,0.2562
0.2682,-6.6677,-1.7244,-0.3764,0.1481,0.1615
0.1150,-7.4725,-1.6095,-0.4371,0.1408,0.0692
-0.4598,-8.2389,-1.8011,-0.5063,0.0862,0.0146
-0.9963,-9.1969,-1.7244,-0.4638,0.0559,-0.0121
-1.0730,-9.6567,-1.5328,-0.2890,0.0571,-0.0109
-0.5748,-9.8483,-1.0730,-0.1226,0.0255,-0.0085
0.4598,-10.1932,-0.8814,0.0631,0.0850,-0.0146
0.9963,-10.8830,0.1916,0.3047,0.2173,-0.0911
1.2263,-10.3848,-0.7281,0.4942,0.0692,-0.2416
-0.2682,-9.8100,-3.4488,0.2295,0.2440,-0.3375
-2.2609,-10.8446,-1.9543,-0.2015,0.1870,-0.3230
-1.2646,-12.4924,-0.9580,0.0243,0.2003,-0.0801
0.3449,-13.4504,-4.7900,-0.1190,0.0996,0.1275
-0.4215,-14.4468,-5.2116,-0.2028,-0.2780,0.1773
-1.9927,-12.6074,-7.5108,0.0838,-0.7382,0.2671
-1.6861,-10.0782,-8.0856,-0.0461,-0.6872,0.4990
-0.3832,-8.2389,-6.0929,-0.0036,-0.0364,0.6556
0.9580,-7.0509,-3.6404,0.1894,0.1773,0.4917
1.0346,-7.5491,-3.0656,0.3060,-0.3509,0.1761
-0.4598,-7.8940,-4.3685,0.4747,-0.6702,-0.1008
-2.4908,-8.5838,-5.0200,0.3460,-0.4954,-0.2732
-4.1386,-9.0819,-4.0236,0.1639,-0.4674,-0.3970
-3.4488,-9.2735,-3.3339,0.0049,-0.8013,-0.4699
-1.3795,-9.0436,-2.9123,-0.1615,-0.9604,-0.5524
0.3832,-8.9286,-2.4908,-0.1676,-0.9725,-0.6314
1.4562,-8.1622,-2.4142,-0.2064,-0.8973,-0.6787
2.4525,-7.9706,-2.5291,-0.2331,-0.7843,-0.6180
2.3375,-7.9706,-2.1843,-0.2416,-0.6823,-0.5318
1.7244,-7.7407,-2.0693,-0.0826,-0.7103,-0.3873
1.1496,-7.8940,-2.1843,-0.0401,-0.7406,-0.2222
0.9197,-8.2005,-2.0693,-0.0838,-0.6253,-0.0898
1.0346,-8.4688,-1.6095,-0.1044,-0.4626,-0.0182
1.1496,-8.8520,-1.1496,-0.0874,-0.4031,-0.0085
1.3029,-9.3502,-1.3795,-0.0170,-0.4638,-0.0231
0.9197,-9.9633,-1.6478,0.0692,-0.4674,-0.0413
0.0000,-10.3848,-0.8814,0.3278,-0.6314,-0.0777
0.4982,-9.4268,-2.6824,0.5415,-0.7297,-0.0668
2.5675,-8.4688,-3.9470,0.0121,-0.1761,-0.0765
3.1039,-10.4614,-0.4215,-0.2477,0.2829,-0.1469
1.8777,-10.3848,-0.9580,0.1263,-0.1214,-0.1967
0.3449,-11.6494,-1.7627,-0.0304,-0.5221,-0.1360
-0.4215,-13.7953,-3.9470,-0.1506,-0.5391,-0.1627
-0.1533,-13.4121,-6.6294,-0.1275,-0.0194,-0.3788
0.9197,-12.3391,-6.2462,-0.2137,0.2635,-0.5852
0.4598,-11.4961,-3.9853,-0.1178,0.2368,-0.5767
-1.3412,-9.3885,-3.5255,0.3363,-0.2076,-0.5209
-3.2572,-6.6677,-3.9087,0.5536,-0.7212,-0.5257
-3.7171,-5.5181,-4.5601,0.3521,-0.8790,-0.4031
-1.7627,-7.0893,-4.1769,-0.1724,-0.7224,-0.0704
0.0383,-9.9633,-3.1423,-0.5379,-0.6544,0.1554
1.3412,-11.6494,-3.4105,-0.4820,-0.6872,0.2319
1.3412,-11.1895,-4.1386,-0.2659,-0.5306,0.2295
0.3832,-10.4231,-3.7937,-0.0850,-0.3035,0.2125
-0.6514,-9.3885,-2.7591,0.0498,-0.3655,0.2015
-1.2263,-8.3921,-2.2992,0.2270,-0.5415,0.2720
-1.1113,-7.5108,-2.4908,0.2744,-0.5670,0.2987
-0.4982,-6.7827,-2.2609,0.1129,-0.5099,0.2501
0.0000,-6.5528,-2.1459,-0.0947,-0.4711,0.1724
0.0383,-6.4378,-2.1459,-0.2987,-0.4674,0.0886
-0.1150,-7.2809,-1.9543,-0.4395,-0.4189,0.0753
-0.4598,-8.4688,-2.0310,-0.5184,-0.3545,0.0631
-0.4598,-9.5418,-2.0310,-0.5051,-0.3351,0.0304
-0.4598,-10.3465,-1.5711,-0.3254,-0.3193,-0.0134
-0.0766,-10.3848,-0.9963,-0.0583,-0.2865,-0.0874

