-.-.-
4.8284,-15.7496,1.8011,2.7840,-1.1462,0.9689
4.5218,-5.9013,0.4215,3.2503,-0.7370,0.8888
-1.4945,-12.1859,2.4525,-0.7892,-0.4626,0.8450
-8.9670,-19.4284,0.6514,-2.5218,-1.0830,0.8183
-7.1659,-14.3318,-2.6824,-1.2421,-1.4230,1.0187
-3.3722,-8.0473,-2.9507,0.6156,-1.2178,1.0563
1.8011,-2.5291,-4.5218,1.2918,-1.3635,0.5282
3.6021,2.2226,-3.4871,1.1862,-1.3186,-0.1153
2.0693,2.7591,-2.6058,0.9094,-0.8560,-0.6629
2.9123,2.8740,-3.6787,0.1542,-0.1445,-0.8001
2.3375,1.0730,-3.6404,-0.6192,0.2756,-0.5573
0.7664,-0.8430,-1.4179,-0.5694,0.2732,-0.5367
-2.1076,-1.5711,-5.4798,0.3594,0.2550,-0.6751
-5.7097,-4.9816,-8.8137,-0.1153,0.2659,-0.5294
-2.0693,-22.6090,-0.8814,-1.7690,1.1122,0.7491
7.4341,-33.1854,-10.2315,-1.7726,-1.0818,1.0587
-2.7207,-26.4793,-8.8903,-0.8560,0.1991,0.0364
-7.1659,-17.3591,0.4598,2.9079,1.2433,-1.0065
-4.8667,-8.0089,0.5365,2.4550,0.5282,-1.3659
-1.0730,-10.8830,-0.4982,-1.1777,0.5451,-1.3319
4.5984,-18.3171,2.9890,-2.7112,1.2348,-1.0709
6.5528,-14.2168,0.5748,-1.4084,1.2020,-0.8584
6.9360,-7.5874,-0.9197,0.1688,1.2688,-0.6447
1.7627,-0.8430,-3.9470,1.1923,1.6986,-0.3776
-1.2646,2.7974,-4.4835,0.8074,1.6282,0.0971
-2.5675,3.0273,-3.4488,0.4298,0.5549,0.7576
-3.1806,0.8814,-3.3339,0.1493,-0.1032,0.6836
-1.9927,-1.9927,-0.4598,-0.3509,-0.0364,0.6131
-1.3029,-1.3412,-0.9197,0.5804,0.1700,0.6107
3.8704,0.4982,-7.2425,0.7661,0.4201,0.7868
11.3045,-3.3722,-17.6657,-1.3489,0.8803,0.4310
-0.8814,-28.3570,3.3339,-3.0584,0.0595,-1.6160
-12.5307,-32.3040,-12.6074,-0.4432,0.8147,-1.5262
-7.1659,-21.4977,-11.4195,-1.4788,0.8183,-0.0777
5.1732,-15.8263,-1.2263,1.4096,-2.3057,0.4310
6.2845,-8.3921,0.2682,3.0354,-1.5140,0.5124
6.6294,-9.5034,-2.0693,0.8050,-0.7880,0.8475
-1.9927,-17.6273,1.8777,-2.4647,-0.9482,0.8123
-5.2116,-18.0489,-0.0383,-2.3761,-1.5237,0.9264
-6.7061,-13.5271,-3.1039,-0.2234,-1.3938,0.8657
-4.1769,-6.0546,-3.5255,1.7217,-1.2445,0.5549
1.8777,4.1003,-3.2572,2.0167,-1.4060,0.0923
2.4908,7.2425,-5.0966,1.3441,-0.6508,-0.4456
3.8704,5.9013,-4.0236,-0.0097,-0.4723,-0.6641
2.4142,1.1113,-3.9853,-1.3902,-0.0474,-0.5014
0.1150,-2.1459,-2.1076,-1.2445,0.3825,-0.3557
0.1150,-2.2226,-3.2189,0.0850,0.3679,-0.3363
-4.1769,-1.6861,-8.6604,0.3472,-0.1311,-0.6241
-5.9013,-12.4924,-8.3538,-0.9434,0.3533,0.5379
7.5491,-32.8405,-0.1916,-1.6974,-0.2732,1.3526
0.4982,-28.8935,-13.6037,-2.1903,-0.0935,0.2793
-2.7591,-24.7549,-4.6368,1.0514,1.1194,-0.5731
-6.7061,-13.0289,-0.0766,4.2483,1.3671,-0.8450
-4.7517,-4.7517,-2.0310,1.8819,0.4116,-1.0599
0.0000,-13.0289,1.8011,-2.1247,1.0102,-1.0502
4.7134,-18.5087,1.3795,-2.2207,1.5043,-1.0976
7.5491,-13.3738,-1.5711,-0.2550,1.3064,-0.7588
4.6368,-5.6714,-3.4871,1.6682,1.4764,-0.4213
0.0383,2.1843,-4.7517,2.1211,1.6998,-0.0522
-1.0730,4.9816,-4.1769,1.0102,1.0539,0.6265
-2.4525,4.3302,-3.4488,0.0850,0.5063,0.9288
-3.0273,0.0383,-1.6861,-0.7503,0.2890,0.5913
-2.2226,-1.8777,0.6898,-0.3132,0.4626,0.6010
-1.2646,-1.1879,-3.2955,0.6168,0.2975,0.4589
4.9816,-2.3375,-11.8410,-0.1166,0.4456,0.5609
4.8667,-18.9302,-1.8011,-2.5631,0.0024,-1.0442
-1.3412,-33.4536,3.4488,-1.4351,0.1955,-1.7399
-11.1129,-24.2184,-13.2588,-0.9276,1.4740,-0.5840
-4.0236,-19.0069,-5.5948,1.0344,-1.7326,0.6107
4.7900,-11.0746,1.8777,3.0609,-2.0543,0.8985
8.3155,-6.0929,-2.3375,2.4161,-1.1680,0.9616
2.2992,-12.5691,1.4945,-1.9196,-0.8001,0.8414
-4.7517,-19.1218,1.0346,-2.9176,-1.3428,0.7722
-6.6677,-15.9413,-3.6787,-1.1656,-1.0344,0.8960
-5.8630,-9.1586,-2.9890,0.9628,-1.4715,0.7601
-0.7664,-1.2263,-3.7554,2.4319,-2.1417,0.2695
1.5328,3.9853,-5.2882,2.4599,-1.6755,-0.1408
1.9160,5.2882,-4.7900,1.0745,-0.7528,-0.7163
3.4105,4.2536,-2.6824,-0.0219,-0.1506,-0.6471
1.9543,0.4598,-2.5291,-0.4820,0.0036,-0.4517
0.9963,-1.9543,-1.0346,-0.4565,-0.1408,-0.5257
-1.5711,-3.2189,-6.2462,0.1117,-0.2926,-0.8742
-5.9013,-9.8100,-9.8866,-1.4497,0.1032,-0.1251
3.1039,-34.3733,1.4945,-3.1155,-0.0328,1.0769
5.0583,-33.9135,-13.1822,-1.9791,-0.7710,0.4577
0.1150,-22.3407,-3.2955,2.9637,0.3594,-0.6241
-4.3685,-7.3958,0.8047,5.0253,1.2105,-1.1219
-4.5218,-2.1076,0.1150,1.2785,0.5233,-1.4254
0.3066,-13.5654,1.8777,-3.3862,0.8572,-1.1546
4.6368,-20.9612,1.9543,-3.1070,1.4606,-0.9215
6.8210,-14.4084,-0.4982,-0.5075,1.2494,-0.8256
4.1769,-6.7061,-2.6441,1.7326,1.3720,-0.4772
-0.8814,0.6131,-4.0620,2.3324,1.5930,0.0291
-1.6861,3.1423,-4.1386,1.4169,1.2251,1.0539
-1.1496,3.0656,-2.3759,0.9167,0.2137,1.6233
0.0766,4.0620,0.4982,1.2494,0.0036,0.9798
-0.0766,0.3832,0.2682,0.5451,0.7248,0.5209
0.0383,-1.7627,-3.2955,-0.6253,0.8669,0.6374
7.3192,-5.4415,-17.7806,-1.3696,1.8467,0.8414
-0.9580,-25.5213,3.0273,-5.2536,0.8997,-1.1874
-4.0620,-38.6652,-4.5984,-0.8025,-0.0437,-1.8249
-8.1622,-21.8043,-9.6567,0.4711,1.9754,-0.1785
-1.5711,-14.4084,-1.4179,2.5388,-1.7059,1.0478
5.1349,-7.4341,0.7281,3.4202,-1.8212,1.3768
6.9743,-5.0583,-1.6095,1.0636,-0.3849,1.4813
-1.3412,-12.7223,2.5675,-3.1179,-0.4165,1.0575
-7.1659,-19.4284,0.7664,-3.5210,-0.7953,0.6775
-7.8557,-15.7880,-3.4871,-0.3545,-0.5002,0.6423
-2.8357,-7.1276,-3.2189,3.0621,-1.3586,0.4043
1.3029,-0.2299,-5.3648,3.8925,-1.8649,-0.3327
1.5328,3.2572,-1.8394,1.8540,-0.9652,-1.2894
5.4415,3.1039,0.3449,1.4594,-0.2999,-2.2474
2.0693,5.2116,-0.8430,1.6197,-0.1445,-1.3732
2.1843,2.9507,-2.6441,1.2481,-0.2938,0.1202
1.3029,-0.2299,-3.7554,-0.3873,-0.3205,-0.3995
-2.3375,-1.2263,-6.5911,-1.7981,-0.4832,-0.8912
-3.4105,-16.1712,-5.4798,-4.9185,0.2586,0.7455
3.8320,-36.3277,4.0236,-4.4219,0.8256,1.2263
4.4452,-31.2311,-10.6530,-2.8763,-0.9737,0.4249
1.0730,-23.7586,-3.9087,3.5404,1.1425,-0.4942
-3.6021,-9.7717,2.3375,5.6251,1.6221,-0.9616
-5.1732,-3.2955,3.9087,1.0672,0.4638,-1.3744
0.7281,-11.9559,3.4105,-3.2442,0.6229,-1.2384
6.0929,-18.9302,2.4525,-3.3340,1.2554,-1.0199
6.5911,-15.6347,-1.1113,-0.9968,1.3028,-0.7734
3.6404,-8.2389,-3.4105,2.2389,1.2712,-0.3788
0.0000,-2.2226,-3.6021,2.9819,1.4995,0.4298
-0.3066,0.4982,-3.0656,2.1417,1.0211,1.7119

