-.-.-
-6.1313,-7.8173,-31.7675,1.5687,-3.6886,1.6148
0.4215,-26.2111,4.4452,-0.8511,0.5913,2.4635
11.8793,-34.2967,-4.8667,0.8851,-0.5427,1.7739
8.5071,-35.9828,0.7281,-1.5237,1.8419,-1.0320
-4.0236,-23.7586,1.9927,1.2457,3.8415,-1.6597
-10.9596,-15.0982,3.1039,0.9240,1.3574,-1.7617
-16.5544,-12.4924,4.6368,-0.7795,1.8066,-2.2595
-4.8284,-14.4851,5.1349,-2.5873,1.9596,-1.8370
9.5418,-10.9213,2.6441,-2.7488,0.9385,-1.5638
12.6457,-4.9816,0.3066,-1.5225,0.9847,-0.9677
3.7171,0.4598,-0.9580,0.2695,1.6670,-0.1214
-5.4798,6.4378,-4.3302,1.5590,1.5553,0.6581
-5.9396,5.7097,-1.8394,0.2720,0.5014,1.2433
-2.4525,-1.2263,0.0766,-0.3521,-0.6751,0.8183
-1.4179,-2.6824,-3.7554,0.4395,0.1785,0.6083
3.3722,0.0383,-4.8284,0.6386,0.9470,0.1736
7.7790,3.0656,-4.9816,0.9130,1.1838,-0.0886
4.4452,4.5984,-1.7244,0.5828,0.9580,-0.1044
-3.9087,0.4982,-0.2682,0.5379,1.1122,0.2028
2.8740,-8.2772,-18.6237,0.5488,2.4477,-0.7868
1.6478,-31.0011,1.5711,-0.8633,-0.8256,-2.4101
-23.3371,-51.5408,-6.9360,-2.8654,0.0061,-0.9179
-2.3759,-37.4006,-3.5255,1.6002,-2.4137,0.4286
3.5255,-17.1675,-2.7591,3.2114,-3.0779,1.1838
8.5454,-5.2116,0.3832,0.1578,-2.8751,1.5614
8.1622,-12.1859,-0.4598,-1.8176,-1.8674,1.0757
-0.1533,-19.0835,-1.6095,-1.8236,-0.1930,0.4019
-3.9087,-13.4504,-1.2646,0.2161,0.0364,0.2841
-1.5328,-1.0346,-0.0766,2.2037,-0.3812,-0.1688
0.6131,6.4761,-1.0346,2.4938,-1.0660,0.2440
2.7207,9.4651,-3.0273,0.7370,-1.5492,0.3642
1.9927,2.3375,-2.6058,-0.8900,-0.5148,-0.0826
1.4562,-1.7627,-2.2609,0.0607,-0.1323,-0.2708
0.0383,0.2682,-4.4452,1.0745,-0.8280,-0.2040
-1.9543,2.4142,-4.8284,0.6884,-1.3477,-0.0813
-3.3339,2.1459,-2.2609,0.2210,-1.6075,0.0971
-2.4525,-1.4562,2.2609,0.1081,-1.2639,0.5318
-1.9160,-3.0273,-10.1166,0.9130,-2.2644,0.9252
0.1150,-18.5470,-1.5711,-2.2401,-2.3324,1.7884
1.3412,-27.0158,0.2299,1.3963,1.2190,2.3554
14.7150,-35.6379,-4.8284,-1.4570,0.3315,0.8475
-0.0766,-34.5649,-1.4179,-0.9835,4.2021,-1.6245
-6.0546,-24.0268,0.9963,1.4193,3.2199,-1.9463
-10.9213,-14.7150,0.4982,0.0753,2.5181,-1.9232
-11.7260,-15.2132,4.2536,-1.4509,2.3591,-2.1757
0.9197,-15.8646,2.1459,-1.5492,1.1377,-0.8633
9.1586,-10.4998,-0.7281,-0.6690,0.6908,-0.5682
6.4761,-2.7591,-0.4982,0.1833,1.4643,-0.5949
-3.2189,6.8593,-4.0620,1.2372,1.7107,-0.6046
-5.2882,12.6457,-4.8284,0.1712,1.6476,-0.1481
-0.4215,2.9890,0.6514,-1.5784,0.9555,0.3108
-0.3832,-4.0236,-0.4598,-0.7261,0.4662,0.6459
-1.5328,-4.4835,-2.6441,0.6423,0.3570,0.7722
2.2226,-1.1879,-2.7974,1.2651,0.9167,0.5354
5.7864,1.9927,-0.6131,1.3744,1.2154,0.0146
2.4525,0.9197,2.7591,1.2627,0.9203,-0.1348
3.6787,-5.0583,-10.5381,1.0357,1.4970,-0.6496
-0.6898,-24.2568,1.1879,-1.7654,-0.0789,-2.5060
-6.6294,-27.7822,-3.1806,-0.0898,0.8341,-1.0842
-14.9449,-29.1618,-5.3265,0.9385,-1.5104,0.1833
-6.8977,-28.2421,-3.8320,-0.1676,-3.3923,1.9256
4.4068,-19.7733,-2.8740,0.4383,-3.0487,0.6046
14.2552,-12.3008,0.4982,-0.2404,-3.1337,0.3375
9.0819,-15.2132,0.6131,-1.6682,-1.4509,0.8365
-4.0620,-20.1182,-0.0383,-1.7957,-0.2950,1.2700
-7.8173,-14.0252,-0.6898,-0.1044,-0.8110,0.5245
-6.8977,-1.1879,-0.3066,1.7751,-1.4060,-0.0838
0.1150,9.1969,-3.0273,2.3627,-2.1527,0.3849
4.5218,8.5454,-3.4871,0.5063,-2.4890,0.1797
5.7097,1.8011,-3.4105,-1.3975,-1.7350,-0.4990
3.5255,-2.5675,-3.7554,-0.6544,-0.3958,-0.5561
2.8740,-2.0310,-4.5218,0.6738,-0.1821,-0.5646
1.5328,0.8814,-3.7554,0.8924,-0.0777,-0.5658
-0.8047,1.9160,-0.0383,0.3837,-0.0498,-0.4359
-0.5365,-0.8047,0.8430,0.3885,-0.6751,0.0911
-4.8284,-1.4179,-17.7806,0.8693,-2.7427,0.5961
-5.4798,-20.3481,5.7097,-0.1153,0.2695,2.3931
0.0000,-24.6400,-1.9543,2.6638,-0.7758,1.8795
17.6657,-37.9371,-4.9433,-1.9912,-0.6350,0.9665
-1.6095,-39.3933,1.6478,-1.9196,2.9941,-1.8552
-6.6294,-22.2641,2.8357,2.2668,2.0531,-1.7654
-8.1239,-8.6987,4.0620,0.6993,1.6694,-1.6464
-6.0163,-10.3082,2.5675,-1.3538,1.4133,-2.0823
4.8667,-13.1822,1.4945,-1.7132,0.8329,-1.4630
9.6567,-9.2352,-0.3832,-1.0175,1.1534,-1.2445
4.4068,-3.1806,-2.3759,0.1530,1.7423,-0.6993
-3.3722,4.2152,-5.4032,1.9232,1.7241,0.0692
-6.0929,8.6987,-3.7937,1.3271,1.0090,0.5658
-1.4562,2.4525,-0.6898,-0.2793,0.1761,0.8390
-1.2263,-2.2992,-1.7244,0.0631,0.4614,0.7807
0.6514,-1.5711,-4.1386,0.5682,0.7601,0.7564
3.4871,1.4179,-2.4525,0.8645,0.7989,0.4237
3.5255,2.0693,1.5328,0.9835,0.5609,0.2963
0.0000,-1.4945,2.9123,0.6447,0.7418,0.1105
9.0053,-10.9979,-9.8483,1.1510,2.7427,-0.9835
2.1459,-28.5486,2.3759,-0.8110,-2.5546,-2.8423
-19.5817,-37.2473,-5.5564,-1.5371,0.6532,-1.3404
-5.7097,-34.5266,0.2682,-0.1141,-2.4647,1.6974
1.6478,-23.3754,-3.4105,1.9523,-3.2770,2.1296
9.5418,-12.2625,3.5638,0.6593,-2.1296,1.7775
11.3045,-8.7370,3.3339,-1.2712,-1.6015,1.4060
-0.1150,-13.0289,-0.0383,-2.4307,-0.6884,0.7370
-4.9433,-9.0819,-1.4945,-1.7326,0.1166,0.5464
-5.1732,-2.4525,-0.4598,-0.0850,0.3339,0.1093
-3.6021,3.6404,-1.8394,1.0757,-0.7006,-0.0838
3.2189,5.8247,-5.1349,0.1506,-1.4533,0.0364
1.7627,-0.3449,-0.5365,-0.9750,-0.4092,-0.3047
1.0346,-1.3412,-0.9197,0.7248,-0.2416,-0.0243
-1.9927,2.7974,-5.7480,1.0114,-1.1534,0.2793
-1.7244,4.2152,-5.3265,-0.1275,-1.5395,0.1991
0.1916,2.3759,0.4982,0.0389,-1.0842,-0.0826
-0.0766,-2.7591,3.1423,1.0927,-0.6095,0.1736
-6.9743,-3.2189,-27.1691,0.0134,-3.1228,0.8511
-0.0383,-29.2767,4.8284,-1.2336,-0.5221,2.8884
14.6767,-38.5119,-5.5181,0.4444,-0.3582,1.9438
5.5181,-43.3403,-5.6714,-1.0624,2.1964,-0.5706
-7.5491,-28.9318,-0.7281,2.6189,3.5890,-1.7508
-12.3391,-10.7680,2.4525,2.1915,1.4412,-1.5201
-16.6693,-4.7900,3.3339,-0.0826,2.0543,-2.1697
-2.6441,-10.4998,4.6751,-2.1867,1.3756,-1.2396
12.6457,-12.3391,1.9543,-1.9584,-0.0425,-1.1474
11.6111,-9.2735,-1.5328,0.1190,0.4759,-0.9167
3.3722,0.4598,-5.2499,1.6549,1.5152,-0.9628
-6.2079,9.8866,-6.3229,1.6245,1.7289,-0.8305
-2.2992,2.6441,0.9580,-0.0668,1.0393,0.5354
-2.4142,-1.0730,1.5328,0.6229,0.8560,0.8353
-1.4562,1.6095,-2.7974,1.4218,0.9142,1.0247
1.8394,3.1039,-4.5984,0.5124,1.0260,0.6969

