-.-.-
0.8047,-9.4268,-2.7591,-0.0826,0.0668,0.0085
0.6898,-9.5034,-2.7974,-0.0498,0.0643,0.0012
0.8430,-9.3118,-2.6058,-0.0425,0.0643,-0.0024
0.9197,-9.4651,-2.9507,-0.0437,0.0680,-0.0012
0.8430,-9.3502,-2.7207,-0.0425,0.0559,0.0024
0.8430,-9.3502,-2.9507,-0.0668,0.0449,0.0024
0.8047,-9.2352,-3.0656,-0.0959,0.0461,0.0036
0.9197,-9.3118,-2.9123,-0.1044,0.0583,0.0024
0.9580,-9.5034,-2.9890,-0.1421,0.0486,0.0012
0.9197,-9.3885,-2.9890,-0.1433,0.0328,-0.0036
0.9580,-9.3118,-3.1039,-0.1591,0.0364,-0.0036
0.9580,-8.8520,-3.7937,-0.2999,0.0267,-0.0073
0.9580,-8.5838,-3.6021,-0.4650,0.0243,0.0073
0.9197,-8.2005,-3.9087,-0.4844,0.0510,0.0219
0.9963,-7.8557,-4.0236,-0.5039,0.0692,0.0449
0.8047,-7.8173,-3.9087,-0.5767,0.0923,0.0643
1.0346,-8.2005,-4.0236,-0.6362,0.1056,0.0668
0.9580,-8.1239,-4.2152,-0.7078,0.1056,0.0643
0.8430,-8.2772,-4.3685,-0.7018,0.0983,0.0607
0.8047,-7.9706,-4.5601,-0.5986,0.0923,0.0449
0.9580,-7.5491,-4.5218,-0.4444,0.0947,0.0474
0.5365,-7.0893,-4.1769,-0.3363,0.0716,0.0643
0.3449,-7.1276,-3.9087,-0.3727,0.0121,0.0607
0.1150,-7.1276,-3.8704,-0.6156,-0.0109,0.0024
0.1533,-7.3192,-4.2152,-0.9033,-0.0012,-0.0401
0.4215,-7.1659,-4.8667,-1.1000,0.0231,-0.0692
0.5365,-7.3958,-4.8667,-1.1619,-0.0121,-0.0486
0.7281,-6.9743,-5.1732,-1.1425,-0.1153,-0.0304
0.1150,-6.6294,-5.5181,-1.2311,-0.1979,-0.0352
0.1533,-6.4378,-5.4415,-1.3720,-0.2331,-0.0789
0.2299,-5.9013,-5.5948,-1.5007,-0.1591,-0.1263
0.6898,-5.7864,-5.6331,-1.6027,-0.0886,-0.1348
0.9197,-5.7097,-6.1696,-1.7751,-0.1226,-0.1141
0.6898,-5.7097,-6.7827,-2.1138,-0.2465,-0.0437
0.6131,-6.7061,-6.9360,-2.4501,-0.2756,0.0206
0.5365,-7.5491,-7.2809,-2.7221,-0.2270,0.0340
0.8814,-8.2005,-7.6257,-2.6140,-0.1858,-0.0340
1.2646,-8.4688,-7.7024,-2.1187,-0.1105,-0.1032
1.0730,-7.5108,-8.2005,-1.4169,-0.0121,-0.1081
0.8814,-6.4378,-8.3538,-1.1826,0.0862,-0.1129
0.9197,-5.9780,-8.0089,-1.3428,0.1518,-0.1700
0.4215,-5.2499,-8.2005,-1.5359,0.1081,-0.1676
0.8430,-5.0966,-8.4688,-1.8224,0.0158,-0.1639
0.9580,-5.1349,-8.6987,-2.0118,0.0656,-0.1263
1.3412,-5.4798,-9.1202,-1.9730,0.0886,-0.0959
1.1496,-5.3265,-9.6950,-1.7690,0.1081,-0.0923
0.8047,-5.1732,-9.8483,-1.7945,0.1712,-0.1627
0.6514,-4.3302,-10.0016,-1.8965,0.1542,-0.2258
0.6898,-3.7171,-10.6147,-1.8734,0.0704,-0.3035
0.8430,-3.3722,-10.9979,-1.6731,0.0328,-0.3509
0.3449,-2.9123,-10.6530,-1.5590,0.0862,-0.2744
0.9963,-2.6824,-10.6530,-1.2226,0.0777,-0.2562
0.8047,-2.2226,-10.8830,-1.1340,0.0631,-0.1639
0.1916,-1.7627,-10.5764,-1.0721,0.0643,-0.1251
-0.0383,-1.6478,-10.4614,-1.1437,0.0073,-0.1190
0.1533,-1.5711,-10.6530,-1.1583,-0.0534,-0.1348
0.4215,-1.0730,-10.3848,-1.1085,-0.0838,-0.1615
0.4982,-1.1113,-10.1549,-1.0490,-0.1020,-0.0826
0.5365,-1.2263,-9.8866,-1.0126,-0.1008,-0.0425
0.3832,-1.1879,-9.7334,-0.9895,-0.1068,-0.0024
0.4215,-1.0730,-9.5418,-0.9580,-0.1141,0.0279
0.4215,-0.9197,-9.4651,-0.8973,-0.1372,0.0401
0.2299,-0.6514,-9.5801,-0.8159,-0.1518,0.0328
0.5365,-0.2299,-9.6567,-0.7321,-0.1591,0.0401
0.6514,-0.1150,-9.5801,-0.7236,-0.1603,0.0510
0.8047,-0.1150,-9.3885,-0.7261,-0.1153,0.0874
0.8047,0.0383,-9.3885,-0.6326,-0.0437,0.1238
0.5365,0.0766,-9.4268,-0.5014,0.0194,0.1408
0.1916,0.0383,-9.4268,-0.3642,0.0595,0.1178
-0.1150,0.3449,-9.7334,-0.2283,0.0838,0.0437
-0.0766,0.4982,-9.9250,-0.1226,0.0401,-0.0146
0.3449,1.3412,-10.1166,-0.0947,-0.0231,-0.0012
0.4598,1.8394,-10.5764,-0.0352,-0.0352,0.0546
0.5365,1.4562,-10.6530,-0.0134,0.0437,0.0716
0.4598,1.4562,-10.8830,-0.0425,0.1202,0.0595
0.0766,1.4179,-10.8446,-0.0898,0.1068,0.0510
-0.3066,1.2263,-10.9596,-0.0886,0.1032,0.0146
-0.2299,1.3795,-10.9213,-0.1081,0.0753,-0.0231
-0.1533,1.6095,-10.7680,-0.1481,0.0340,-0.0510
0.0000,1.7244,-11.1129,-0.1930,-0.0049,-0.0680
0.1150,1.7627,-11.0746,-0.1736,0.0049,-0.0619
0.0766,1.7244,-10.9979,-0.1676,0.0316,-0.0716
0.0766,1.8394,-10.8063,-0.1651,0.0340,-0.0813
0.2299,1.9927,-10.6914,-0.1955,0.0267,-0.0583
0.0766,1.9160,-10.4998,-0.2440,0.0401,-0.0352
0.1150,1.9160,-10.3465,-0.2550,0.0474,-0.0291
-0.0383,1.8394,-10.1932,-0.2477,0.0461,-0.0376
-0.1150,1.7627,-10.3082,-0.2355,0.0449,-0.0607
0.0766,1.9160,-10.1166,-0.2258,0.0340,-0.0716
0.0383,2.1843,-10.1932,-0.2380,0.0279,-0.0753
0.1150,1.9927,-10.1549,-0.2610,0.0449,-0.0753
0.1150,2.0693,-10.1166,-0.2817,0.0680,-0.0631
-0.0383,2.0693,-9.9633,-0.2975,0.0777,-0.0510
-0.1150,2.0310,-9.8866,-0.3060,0.0741,-0.0546
-0.1150,1.9927,-9.8100,-0.2890,0.0595,-0.0571
-0.1916,2.1459,-9.8483,-0.2635,0.0571,-0.0486
-0.1150,2.1459,-9.8100,-0.2465,0.0619,-0.0364
-0.0766,2.0693,-9.5034,-0.2028,0.0619,-0.0219
-0.2299,2.0310,-9.6184,-0.1518,0.0522,-0.0170
-0.0383,2.1076,-9.6950,-0.1129,0.0401,-0.0061
0.0383,2.1459,-9.5801,-0.1178,0.0437,-0.0073
0.0000,2.2226,-9.8100,-0.1153,0.0498,-0.0049
-0.0383,2.2992,-9.9250,-0.1129,0.0486,0.0049
0.0000,2.2992,-9.7717,-0.1081,0.0474,0.0097
0.0383,2.2609,-9.8483,-0.0813,0.0510,0.0012
0.0000,2.2992,-9.8100,-0.0401,0.0522,-0.0049
-0.0766,2.3759,-9.8100,-0.0255,0.0595,-0.0036
-0.2299,2.6441,-9.8483,-0.0364,0.0668,-0.0073
-0.1150,2.6058,-9.8866,-0.0619,0.0583,-0.0024
0.0383,2.4908,-9.9633,-0.0959,0.0583,-0.0085
0.0000,2.5675,-9.9250,-0.1238,0.0559,-0.0206
0.0000,2.4142,-9.8866,-0.1421,0.0498,-0.0158
-0.0766,2.3375,-10.0016,-0.1408,0.0595,-0.0061
-0.0383,2.3375,-9.7717,-0.1226,0.0631,0.0000
0.0766,2.2992,-9.7334,-0.1044,0.0546,-0.0036
0.0383,2.2992,-9.6950,-0.0959,0.0498,-0.0097
-0.1150,2.4142,-9.5034,-0.0862,0.0546,-0.0121
-0.1150,2.2992,-9.4651,-0.0741,0.0643,-0.0085
-0.0766,2.2992,-9.5034,-0.0656,0.0607,-0.0012
-0.1533,2.2992,-9.6184,-0.0498,0.0631,-0.0061
-0.1150,2.4525,-9.6567,-0.0340,0.0643,-0.0146
0.0000,2.3375,-9.6950,-0.0134,0.0668,-0.0097
-0.0383,2.3759,-9.8483,0.0049,0.0741,-0.0012
-0.1150,2.4908,-9.6567,0.0134,0.0741,0.0061
-0.0383,2.4908,-9.8483,0.0146,0.0801,0.0085
-0.0766,2.5675,-9.8100,0.0049,0.0813,0.0121
-0.0766,2.5291,-9.9250,-0.0109,0.0838,0.0085
-0.0766,2.5675,-9.8866,-0.0316,0.0692,0.0097

