-.-.-
0.4982,-2.8357,8.5071,0.0449,0.0680,0.0352
0.6131,-2.7974,8.3921,0.0474,0.0728,0.0304
0.6131,-2.9123,8.4305,0.0425,0.0838,0.0158
0.6131,-2.7974,8.3538,0.0352,0.0959,0.0073
0.4598,-2.6441,8.3538,0.0255,0.1008,0.0036
0.5365,-2.7207,8.4688,0.0097,0.1032,0.0024
0.3832,-2.8357,8.2005,0.0061,0.1044,0.0012
0.3832,-2.9123,8.4305,0.0073,0.1044,-0.0024
0.4982,-2.7207,8.2772,0.0049,0.1068,-0.0121
0.3832,-2.7207,8.4305,0.0097,0.1044,-0.0158
0.3832,-2.7207,8.4688,0.0170,0.1044,-0.0134
0.3066,-2.6824,8.5454,0.0255,0.0996,-0.0073
0.4215,-2.5675,8.3921,0.0243,0.0983,-0.0121
0.4598,-2.4525,8.3538,0.0012,0.1056,-0.0219
0.4598,-2.6824,8.3538,-0.0231,0.1044,-0.0304
0.6131,-2.7591,8.3921,-0.0352,0.0935,-0.0437
0.6898,-2.9507,8.2772,-0.0291,0.0850,-0.0498
0.4598,-2.6058,8.3921,-0.0352,0.0801,-0.0546
0.4598,-2.8357,8.5454,-0.0461,0.0850,-0.0631
0.4598,-2.8740,8.3155,-0.0486,0.0886,-0.0607
0.3449,-2.8740,8.3538,-0.0571,0.0801,-0.0546
0.3066,-2.7974,8.0473,-0.0789,0.0838,-0.0534
0.4215,-2.8740,8.2389,-0.1008,0.1032,-0.0437
0.3832,-2.9123,8.4305,-0.0571,0.1008,-0.0243
0.4598,-2.9123,8.3921,0.0121,0.0838,-0.0049
0.5365,-2.9123,8.5071,0.0607,0.0656,-0.0036
0.3449,-2.7207,8.5071,0.0801,0.0607,-0.0182
0.3449,-2.6058,8.4688,0.0631,0.0668,-0.0206
0.3449,-2.6824,8.5071,0.0316,0.0643,0.0109
0.3066,-2.8740,8.5071,0.0170,0.0413,0.0583
0.1533,-2.8357,8.3538,0.0279,0.0206,0.0959
0.3066,-2.7207,8.1622,0.0316,0.0194,0.1129
0.4215,-2.6824,8.3538,0.0243,0.0304,0.1226
0.4598,-2.4525,8.2005,0.0121,0.0449,0.1166
0.4982,-2.4525,8.5071,-0.0267,0.0522,0.0983
0.4215,-2.6824,8.3538,-0.0425,0.0631,0.0728
0.4598,-2.6441,8.3921,-0.0316,0.0704,0.0522
0.3449,-2.8357,8.3921,-0.0085,0.0777,0.0461
0.2682,-2.7974,8.3921,0.0134,0.0886,0.0437
0.4215,-2.6441,8.3155,0.0340,0.0838,0.0340
0.4598,-2.6441,8.2005,0.0340,0.0813,0.0170
0.4982,-2.5291,8.2389,0.0061,0.0898,0.0012
0.4215,-2.5675,8.2389,-0.0146,0.0947,-0.0134
0.3449,-2.6824,8.3921,-0.0328,0.0996,-0.0194
0.4982,-2.9507,8.4305,-0.0364,0.0959,-0.0219
0.4982,-2.8740,8.3921,-0.0012,0.0850,-0.0219
0.5365,-2.6824,8.2389,-0.0049,0.0838,-0.0328
0.6131,-2.5291,8.4688,-0.0279,0.0996,-0.0474
0.5365,-2.5291,8.4305,-0.0352,0.1129,-0.0583
0.4215,-2.5675,8.4688,-0.0267,0.1129,-0.0680
0.4982,-2.6824,8.3921,-0.0073,0.1081,-0.0668
0.4215,-2.6441,8.5071,0.0000,0.1020,-0.0619
0.3066,-2.7207,8.4688,-0.0109,0.0971,-0.0546
0.3449,-2.6824,8.3155,-0.0352,0.0911,-0.0522
0.3832,-2.7207,8.5454,-0.0449,0.0850,-0.0474
0.3449,-2.6058,8.3921,-0.0352,0.0777,-0.0474
0.3449,-2.7207,8.4688,-0.0328,0.0777,-0.0401
0.4598,-2.8740,8.4688,-0.0449,0.0777,-0.0231
0.4598,-2.7207,8.3538,-0.0559,0.0813,-0.0085
0.4598,-2.7591,8.2772,-0.0474,0.0862,-0.0024
0.4598,-2.5675,8.5071,-0.0425,0.0838,0.0012
0.4598,-2.6824,8.2772,-0.0510,0.0777,0.0061
0.4215,-2.6824,8.3538,-0.0522,0.0741,0.0073
0.3449,-2.7974,8.5071,-0.0607,0.0692,0.0049
0.3066,-2.8357,8.4305,-0.0741,0.0668,0.0121
0.1916,-2.7591,8.6221,-0.0716,0.0607,0.0255
0.2682,-2.7591,8.3155,-0.0753,0.0534,0.0340
0.3449,-2.7974,8.4305,-0.0826,0.0583,0.0376
0.3832,-2.7591,8.2772,-0.0874,0.0595,0.0316
0.3066,-2.7591,8.4305,-0.0850,0.0643,0.0231
0.3832,-2.7591,8.5454,-0.0838,0.0534,0.0158
0.4598,-2.7591,8.3538,-0.0728,0.0474,0.0121
0.4598,-2.7974,8.2772,-0.0595,0.0522,0.0061
0.3832,-2.9123,8.3538,-0.0692,0.0643,0.0061
0.4215,-2.9123,8.1622,-0.0559,0.0692,0.0049
0.3832,-2.8740,8.3155,-0.0486,0.0765,-0.0097
0.4982,-2.8740,8.4305,-0.0474,0.0850,-0.0316
0.4982,-2.7591,8.3921,-0.0461,0.0971,-0.0498
0.3449,-2.9123,8.3921,-0.0206,0.1056,-0.0595
0.2682,-2.4908,8.9670,0.0097,0.1153,-0.0983
0.1916,-2.2992,9.0436,0.1663,0.1275,-0.1858
0.3449,-2.5675,8.6221,0.2052,0.2258,-0.2878
0.2682,-3.3722,8.0856,0.1445,0.3181,-0.2805
0.3832,-3.7554,7.3192,0.1311,0.2355,-0.2440
0.5748,-3.2189,7.4725,0.3023,0.0024,-0.1433
0.5748,-1.4179,7.4725,0.5148,-0.1542,-0.0219
0.3832,-0.3449,7.3192,0.1955,-0.2064,0.0279
0.3066,-1.1496,8.2389,-0.3327,-0.2489,-0.0206
0.2299,-1.6861,8.5454,-0.3472,-0.2878,-0.0680
-0.3832,-1.9543,8.3155,-0.1506,-0.3764,-0.0146
-0.4215,-1.4945,8.5454,0.1323,-0.5342,0.1348
0.0000,-0.6898,7.3575,-0.1663,-0.6156,0.2222
0.4982,-2.1076,7.2042,-0.7297,-0.6532,0.2538
1.0346,-2.7207,7.5108,-1.4011,-0.6071,0.3837
0.6898,-2.6824,8.3538,-1.9596,-0.4711,0.4929
1.4562,-2.7207,7.8557,-2.3069,-0.3545,0.6289
1.4179,-4.8667,8.2772,-2.6942,-0.3096,0.6180
0.6514,-5.2499,8.9286,-2.6335,-0.3387,0.5609
3.3339,-8.5071,8.5071,-2.3093,-0.3047,0.3375
3.2189,-8.4305,9.4268,-1.8151,-0.1603,0.0413
1.5328,-7.5874,9.9250,-1.2858,-0.0486,-0.2283
1.3412,-6.9743,9.5801,-0.9762,0.0474,-0.2028
1.6478,-6.7827,8.2389,-1.0187,0.1226,-0.1554
1.9543,-7.0126,7.6257,-1.1207,0.1773,-0.1056
1.8011,-7.0509,6.8593,-1.0769,0.2088,-0.0898
1.7244,-7.3192,6.7444,-1.1352,0.2185,-0.0631
1.6861,-7.5108,7.1276,-1.0818,0.2185,-0.1044
1.2646,-7.7024,7.4341,-0.8378,0.1433,-0.1384
1.8777,-7.6641,6.7061,-0.5379,0.1141,-0.1457
1.6095,-7.8557,6.7061,-0.2841,0.0959,-0.1287
1.9927,-8.5454,7.1276,-0.0109,0.1105,-0.1566
1.9543,-8.4305,5.7097,0.3460,0.0983,-0.1967
1.3029,-8.1239,5.2116,0.2015,0.1930,-0.2610
1.7244,-8.3155,5.1349,-0.1226,0.2295,-0.2392
1.9160,-8.2005,5.3648,-0.3800,0.2161,-0.2125
1.7627,-7.5874,5.2882,-0.7200,0.3157,-0.2283
1.7244,-7.5491,5.0200,-0.9907,0.4019,-0.2161
1.5328,-8.4305,4.6751,-1.2056,0.4322,-0.0898
1.6478,-8.6987,4.9050,-1.4035,0.4262,-0.0121
1.3412,-8.1239,5.0966,-1.3963,0.4201,-0.0012
1.4562,-8.3155,5.4032,-1.1716,0.3982,0.0668
1.4179,-8.7370,5.0583,-0.9240,0.3849,0.1202
1.3029,-8.6987,5.0966,-0.7163,0.3703,0.1068
1.1496,-8.5838,4.7517,-0.6763,0.3897,0.0826
1.4179,-8.5071,4.4452,-0.7819,0.3630,0.0486
1.3029,-8.3538,4.7900,-0.8159,0.3521,0.0546
1.2646,-8.5838,4.8284,-0.7686,0.3120,0.0134
1.1496,-8.4688,4.6751,-0.7576,0.2744,-0.0413

