-.-.-
1.3412,-0.9197,-0.2299,0.4614,-0.5087,0.5124
-0.9580,-0.2682,-5.7864,0.9543,-0.2234,0.1979
2.2609,-0.8430,-23.9502,-0.9895,0.2659,0.4614
4.7134,-22.7239,4.7517,-2.2899,1.2676,-0.6653
-6.0163,-15.0216,-10.0016,1.4509,1.6148,-1.7362
-3.0656,-12.0709,-7.4341,0.5464,0.4893,-0.6945
2.7591,-16.4777,-6.3995,0.5961,-0.3557,0.4237
1.8011,-15.7496,-6.7061,0.7807,-0.1311,0.5779
0.0000,-13.9103,-3.7554,0.5330,0.2380,0.4201
-0.8814,-13.8720,-2.8357,0.0971,0.3509,0.6107
-1.0730,-14.8683,-2.5291,-0.7613,0.2805,0.5901
-1.2646,-15.8263,-1.2646,-0.6362,0.1238,0.5998
-1.9543,-12.0709,-1.0346,0.3351,-0.1991,0.5172
-0.9580,-6.2079,-0.7281,0.8693,-0.5488,0.2890
1.9160,-0.1916,-1.6478,0.7321,-0.4492,0.2185
1.2263,2.3375,-1.5328,0.1870,0.0741,-0.2635
0.4215,3.3339,-3.5638,-0.1020,0.1141,-0.2258
-0.2682,-1.2646,-2.5675,-0.4092,0.2380,-0.0474
-1.8394,-2.5291,-1.5711,0.7904,0.0219,0.1906
-2.6824,-0.3449,-4.7517,1.3866,0.0121,0.2926
-9.2735,-2.5675,-14.6767,-0.1882,-0.9082,0.4165
-4.2536,-18.8536,-4.8667,0.7139,-0.4347,1.9499
2.6824,-12.9523,-6.7444,1.1279,-0.8280,1.6015
3.0273,-18.5087,-5.4032,-0.0134,0.0134,1.1656
-4.0620,-20.3098,-3.6404,0.4140,0.4359,-0.0024
-5.5564,-17.4741,-2.3759,0.4456,0.9410,-1.0782
-3.4488,-12.3391,-2.4525,-0.4201,1.0539,-1.2251
1.0730,-8.9670,-1.8394,-0.6156,0.9045,-0.9191
3.4105,-8.2005,-1.1879,-1.2809,1.1631,-0.7528
4.5218,-9.3885,-0.6898,-1.4278,1.6075,-0.8110
2.0693,-9.0819,0.0000,-0.8450,1.6707,-0.8730
-2.9507,-8.6221,1.6095,0.2028,1.4776,-0.6216
-0.9963,-0.7664,-0.8430,1.2360,1.1340,0.3315
0.8814,2.1076,-1.1879,1.0272,0.7516,0.9652
1.1496,0.4982,-1.1879,0.3800,-0.1457,0.8050
-0.6131,-0.6898,-0.5365,0.6763,-0.2780,0.3339
-1.2646,1.6095,-12.2242,0.0061,0.2198,0.2173
3.9087,-10.2698,-14.5234,-2.8520,1.2117,-0.2343
0.9580,-18.0105,0.8430,-0.3788,1.4266,-1.0162
-6.7827,-13.1439,-10.8446,-0.0971,0.5609,-1.2785
0.5365,-15.4814,-5.8630,-0.5986,0.6641,0.1748
2.9890,-20.3864,-7.9323,-0.2683,-0.5597,0.4371
0.0000,-17.2441,-5.4032,0.2137,-0.2404,0.1093
-1.3412,-13.4121,-3.7937,0.2295,-0.1214,0.3885
-1.7627,-12.9906,-3.3722,-0.6896,-0.1918,0.4638
-1.5711,-13.7570,-2.6058,-1.4521,-0.3193,0.3472
-2.7207,-13.2971,-1.8777,-0.8948,-0.6119,0.2161
-1.4179,-10.4614,-0.8814,0.2040,-0.9871,0.0061
0.9963,-3.7554,-0.8430,1.1012,-0.9519,-0.2440
2.4908,2.7974,-0.9963,0.1967,-0.1748,-0.6192
0.9963,5.1732,-1.9160,-0.7965,0.0097,-0.6083
0.5748,1.9543,-3.1806,-1.1753,-0.1129,-0.2368
-2.8740,-1.4945,-2.7207,-0.4881,-0.4249,-0.1433
-2.4908,-2.0693,-3.4105,0.8195,-0.7103,0.1785
-6.9360,-1.3795,-13.4121,0.6399,-1.2251,0.2538
-7.5491,-15.1748,-10.0016,0.7576,-1.4703,1.4594
1.6095,-12.6840,-4.7134,2.1515,-1.0527,1.4995
3.0656,-16.7460,-8.6221,-0.1287,-0.7273,0.9252
-2.6441,-18.6237,-5.0200,0.7540,-0.0607,-0.0801
-5.4415,-15.8263,-3.1423,1.4983,0.5415,-1.0296
-2.5675,-11.6494,-3.1039,0.2865,0.5172,-1.3611
2.1076,-10.6147,-2.1843,-0.8074,0.7030,-1.0757
4.3302,-10.2698,-1.6861,-1.2409,0.9737,-0.8657
5.0966,-10.1166,-0.7664,-1.2481,1.5420,-0.7686
0.9963,-9.0436,-0.6131,-0.2185,1.7095,-0.7431
-4.0620,-6.6677,0.8430,0.7564,1.2372,-0.4735
-1.7627,1.8011,-1.2263,1.4813,0.9361,0.4674
0.2299,3.0656,-0.9197,0.7855,0.6107,0.8353
0.3449,-0.4215,-0.2682,-0.0631,-0.2125,0.5136
-1.6861,-1.8394,-2.1076,0.5901,-0.3278,0.1603
-0.2682,0.6514,-17.3974,0.1676,0.0765,0.2805
2.8357,-14.7533,-4.1003,-2.2632,1.0126,-0.4687
0.4598,-16.8226,-4.8667,0.7491,1.2226,-1.6998
-5.1349,-11.0363,-8.3921,0.1639,0.4796,-0.9774
1.2263,-15.5580,-6.8210,0.5245,-0.4407,0.4237
1.6095,-19.6966,-7.6641,0.2829,-0.5427,0.3873
0.8430,-18.0872,-4.4452,0.3181,-0.1785,0.0886
0.6514,-15.8646,-3.4871,0.1469,-0.1943,0.3254
-0.4982,-14.6000,-3.1806,-0.4626,-0.2683,0.5245
-2.4908,-14.1402,-1.8777,-0.9155,-0.4517,0.5027
-2.9890,-11.8027,-1.4179,-0.1287,-0.8159,0.3764
-1.7627,-7.7407,-0.4982,0.6447,-1.1255,0.1651
2.4142,-2.1843,-0.9580,0.8693,-0.8790,0.0923
1.6478,3.5255,-1.5328,0.4905,-0.0959,-0.5245
1.1496,5.9396,-3.1423,-0.1773,-0.1323,-0.2793
-1.0730,0.8430,-3.8704,-0.7843,-0.2902,-0.2756
-2.1459,-3.6404,-1.8394,0.0935,-0.7734,-0.0352
-0.9580,-2.5291,-2.0693,1.5444,-0.0049,0.0959
-8.5454,-1.3795,-12.6074,0.6083,-0.8560,0.0328
-7.7407,-15.4431,-9.8100,0.0947,-1.2943,1.4606
1.7244,-11.4961,-5.5564,1.4885,-1.0757,1.3513
3.2955,-15.5197,-7.4341,0.1627,-1.0041,1.2311
-1.6861,-19.5817,-3.8320,0.4808,-0.2841,0.2113
-6.3612,-19.1985,-1.8777,0.8487,0.5002,-1.0320
-3.3722,-15.4814,-3.0656,-0.0097,0.7940,-1.5371
1.9927,-11.6111,-2.2992,-0.3011,0.7528,-1.3477
5.0200,-9.5034,-1.3029,-0.8973,1.0017,-1.0029
4.6368,-8.5454,-0.7664,-1.1546,1.5820,-1.0162
-0.2299,-7.5874,-0.8430,-0.5087,1.6512,-1.0442
-5.1732,-6.9360,1.8777,0.6702,1.2870,-0.7018
-1.2646,1.3029,-0.6898,1.6112,0.9446,0.2610
0.2682,2.5675,-1.9543,0.9337,0.4784,0.7358
0.5365,0.4215,-1.6478,0.2003,-0.3995,0.6447
-0.0383,-1.7244,0.2299,0.7248,-0.4262,0.1809
-1.8011,0.5748,-10.1549,0.5743,0.0255,0.1190
3.7937,-7.0509,-21.1911,-2.2061,0.1008,-0.3096
3.7554,-21.3444,7.7407,-0.9337,1.3210,-1.2712
-7.2042,-9.6567,-12.2242,0.8390,0.6884,-1.4108
-1.7627,-14.2168,-2.8740,0.2173,-0.2295,-0.1882
1.6478,-19.6966,-6.2462,-0.1493,-0.7892,0.7601
2.4525,-19.8116,-5.6331,-0.0279,-0.7212,0.5197
1.9927,-16.6310,-3.2189,0.3375,-0.3982,0.3970
1.0346,-13.7570,-2.9123,-0.0061,-0.2100,0.6253
-0.3449,-13.7187,-2.2992,-1.0733,-0.1433,0.4917
-3.3339,-14.0636,-0.9197,-1.1789,-0.2368,0.2938
-3.0656,-11.2279,-0.4215,-0.0656,-0.7212,0.1676
-1.0730,-5.9780,-0.4215,0.9337,-1.1170,0.0486
2.4525,1.0730,-1.2263,0.4747,-0.6374,0.0049
1.3795,4.6751,-1.6861,-0.5403,-0.0316,-0.4772
0.7664,5.3265,-2.9123,-1.1340,-0.2671,-0.4128
-2.2992,0.5748,-4.5984,-1.2202,-0.5536,-0.1032
-1.2263,-4.4452,-1.6861,-0.3145,-0.8584,0.3800
-3.8320,-4.6368,-10.4998,0.8402,-1.1340,0.5852
-11.2279,-13.6804,-9.8866,1.2664,-1.4351,1.4643
1.6095,-14.4468,-7.6257,2.3785,-1.1097,1.8722
2.1843,-14.9449,-9.3118,-0.0862,-0.9361,1.1704
-2.2992,-18.3171,-3.6787,0.0534,-0.0474,-0.0279
-5.7480,-16.8609,-3.7171,0.8572,0.2853,-0.7758

