-.-.-
0.6131,-9.5418,-2.4908,-0.0146,0.1056,-0.0121
0.4982,-9.5801,-2.2226,-0.0291,0.0983,-0.0121
0.5748,-9.5801,-2.4525,-0.0206,0.0923,-0.0109
0.4598,-9.5034,-2.4525,-0.0182,0.0826,-0.0097
0.4982,-9.4268,-2.5675,-0.0546,0.0777,-0.0121
0.4982,-9.5418,-2.5291,-0.0607,0.0716,-0.0121
0.3832,-9.5801,-2.3759,-0.0364,0.0643,-0.0073
0.3832,-9.5801,-2.4908,-0.0510,0.0534,-0.0061
0.4982,-9.6184,-2.4525,-0.0631,0.0486,-0.0097
0.4982,-9.6950,-2.4142,-0.0194,0.0534,-0.0097
0.5365,-9.5801,-2.4908,0.0182,0.0595,-0.0134
0.5748,-9.6184,-2.3759,0.0134,0.0595,-0.0194
0.6514,-9.6950,-2.3759,0.0061,0.0595,-0.0243
0.5748,-9.5418,-2.4908,0.0061,0.0595,-0.0219
0.5365,-9.4651,-2.4525,-0.0049,0.0704,-0.0182
0.4598,-9.5418,-2.2992,-0.0024,0.0704,-0.0134
0.5748,-9.5801,-2.2609,0.0061,0.0619,-0.0134
0.4598,-9.5801,-2.4525,0.0000,0.0498,-0.0134
0.4982,-9.4268,-2.2609,-0.0158,0.0413,-0.0109
0.4982,-9.5034,-2.2609,-0.0304,0.0437,-0.0061
0.4598,-9.6567,-2.3375,-0.0401,0.0510,-0.0012
0.5748,-9.5801,-2.2992,-0.0255,0.0498,0.0000
0.5365,-9.5801,-2.2226,-0.0121,0.0486,-0.0049
0.6131,-9.5801,-2.2609,-0.0109,0.0704,-0.0097
0.4982,-9.4651,-2.3375,-0.0085,0.0935,-0.0109
0.5365,-9.5034,-2.2226,-0.0219,0.0983,-0.0061
0.4215,-9.7334,-2.3375,-0.0461,0.0874,-0.0036
0.3832,-9.6567,-2.4142,-0.0534,0.0826,-0.0049
0.3449,-9.6567,-2.3375,-0.0546,0.0789,-0.0097
0.4215,-9.6567,-2.4142,-0.0668,0.0668,-0.0158
0.3066,-9.6184,-2.3375,-0.0510,0.0498,-0.0146
0.4598,-9.6184,-2.4525,-0.0328,0.0291,-0.0097
0.3449,-9.6950,-2.4525,-0.0328,0.0170,-0.0024
0.4215,-9.7717,-2.4525,-0.0316,0.0243,-0.0012
0.5365,-9.7717,-2.4908,-0.0146,0.0389,-0.0049
0.6131,-9.6567,-2.3375,0.0158,0.0474,-0.0109
0.6514,-9.6950,-2.3375,0.0425,0.0619,-0.0109
0.5748,-9.4651,-2.2609,0.0474,0.0813,-0.0073
0.5365,-9.5034,-2.3759,-0.0061,0.1008,-0.0024
0.5748,-9.5418,-2.4525,-0.0595,0.0935,-0.0036
0.4982,-9.5418,-2.4525,-0.0534,0.0911,-0.0085
0.4982,-9.5801,-2.4525,-0.0486,0.1117,-0.0085
0.4215,-9.6184,-2.2992,-0.0595,0.1323,-0.0097
0.4982,-9.5801,-2.3375,-0.0401,0.1372,-0.0121
0.5365,-9.5418,-2.5291,-0.0134,0.1238,-0.0085
0.5748,-9.6184,-2.3375,-0.0085,0.1141,-0.0049
0.4982,-9.6184,-2.4142,-0.0061,0.1093,-0.0061
0.5365,-9.6184,-2.3759,0.0012,0.1068,-0.0061
0.4598,-9.5034,-2.2226,0.0158,0.1008,-0.0036
0.5365,-9.5418,-2.3759,0.0352,0.1020,-0.0012
0.6131,-9.5034,-2.2992,0.0316,0.1068,0.0036
0.5748,-9.5418,-2.5291,-0.0024,0.1032,0.0036
0.4982,-9.5418,-2.2992,-0.0352,0.1153,0.0049
0.5365,-9.5034,-2.2992,-0.0461,0.1360,0.0000
0.6131,-9.6184,-2.3759,-0.0619,0.1336,-0.0085
0.6131,-9.6184,-2.6441,-0.1044,0.1323,-0.0158
0.5748,-9.7717,-2.6058,-0.1081,0.1433,-0.0182
0.5365,-9.6184,-2.4525,-0.0704,0.1566,-0.0194
0.4982,-9.5034,-2.5675,-0.0595,0.1639,-0.0291
0.4598,-9.5418,-2.7974,-0.1178,0.1627,-0.0461
0.6898,-9.7334,-2.9507,-0.1651,0.1676,-0.0631
0.6131,-9.7717,-2.7974,-0.1081,0.1785,-0.0777
0.6898,-9.7717,-2.9507,-0.0316,0.1906,-0.0862
0.4598,-9.5801,-3.0273,-0.0085,0.2040,-0.0911
0.4598,-9.6184,-2.7974,-0.0389,0.2003,-0.0971
0.4598,-9.3885,-2.6058,-0.0631,0.1761,-0.1105
0.3832,-9.2352,-2.6441,-0.0741,0.1384,-0.1093
0.4598,-9.1586,-2.4525,-0.1032,0.0911,-0.0898
0.7281,-9.3118,-2.4525,-0.1554,0.0741,-0.0680
0.8814,-9.3885,-2.5291,-0.1967,0.0668,-0.0571
0.8047,-9.5034,-2.5675,-0.1748,0.0874,-0.0510
0.9963,-9.7717,-2.6441,-0.0728,0.1323,-0.0413
1.0730,-9.6184,-2.6058,0.0474,0.1797,-0.0376
1.1496,-9.4651,-2.7591,0.0996,0.2076,-0.0304
0.9197,-9.5418,-2.6824,0.0461,0.2040,-0.0243
0.5748,-9.2735,-2.7974,-0.0437,0.1870,-0.0194
0.5365,-9.5801,-2.6824,-0.0656,0.1870,-0.0158
0.5365,-9.4651,-2.7974,-0.0389,0.1748,-0.0170
0.6131,-9.3502,-2.8740,-0.0316,0.1518,-0.0255
0.7664,-9.3118,-3.1806,-0.0850,0.1457,-0.0364
0.9963,-9.3885,-3.1423,-0.1882,0.1724,-0.0486
0.9963,-9.5034,-3.1039,-0.2635,0.2028,-0.0619
0.9580,-9.5418,-2.6824,-0.2258,0.2149,-0.0753
1.0730,-9.4651,-2.5675,-0.1506,0.2258,-0.0911
1.2263,-9.1202,-2.7591,-0.1396,0.2246,-0.1020
0.9963,-8.9670,-2.7974,-0.2732,0.1930,-0.0983
0.8430,-9.0819,-2.6824,-0.3873,0.1663,-0.0813
0.6131,-9.1202,-2.7207,-0.4529,0.1506,-0.0631
0.8430,-9.1969,-2.8740,-0.4844,0.1348,-0.0510
1.2263,-9.3502,-3.1806,-0.4796,0.1408,-0.0534
1.3412,-9.3502,-3.1423,-0.4529,0.1748,-0.0510
1.3795,-9.5418,-3.2189,-0.3958,0.2198,-0.0401
1.3029,-9.3502,-3.1039,-0.3132,0.2416,-0.0109
1.1879,-9.4651,-3.0656,-0.2453,0.2683,0.0279
1.1496,-9.3885,-3.2955,-0.1930,0.2902,0.0619
1.2263,-9.4651,-3.2955,-0.1384,0.3169,0.0741
1.1496,-9.3118,-3.6021,-0.1020,0.3242,0.0813
0.9963,-8.9286,-3.7554,-0.1348,0.3181,0.0850
0.8814,-8.6604,-4.1769,-0.2161,0.3023,0.0886
1.0730,-8.1622,-4.5218,-0.3363,0.3072,0.0923
1.1113,-7.7790,-4.7900,-0.5330,0.3582,0.0935
1.3029,-7.2425,-4.9050,-0.7540,0.4043,0.1068
1.3029,-6.7444,-5.0200,-0.9337,0.4189,0.1372
1.1496,-5.9013,-5.0966,-1.0903,0.3910,0.1943
0.9197,-5.0583,-4.5601,-1.2129,0.3132,0.2465
0.5748,-4.4835,-4.1769,-1.3052,0.2088,0.2805
0.0000,-4.1769,-3.3722,-1.3101,0.0996,0.2538
-0.1150,-3.7937,-3.2955,-1.2481,-0.0389,0.1724
-0.4215,-3.6021,-3.2572,-1.2603,-0.1044,0.0461
-0.4598,-3.3339,-3.1423,-1.2955,-0.1481,-0.0789
-0.6131,-3.1806,-3.2955,-1.3271,-0.2015,-0.1809
-0.1916,-2.9507,-3.2955,-1.2858,-0.2902,-0.2695
-0.0383,-3.3722,-2.9890,-1.3246,-0.3132,-0.2635
0.0766,-4.0236,-2.6441,-1.1789,-0.3096,-0.1870
0.3449,-4.2919,-2.6058,-0.7540,-0.3630,-0.1093
1.1879,-4.4068,-3.5255,-0.4019,-0.3958,-0.0134
2.0310,-5.3648,-4.6751,-0.3375,-0.3582,0.0304
2.8740,-7.0126,-5.3648,-0.2198,-0.3072,-0.0947
3.1806,-6.4378,-9.0436,-0.4359,-0.1408,-0.2319
2.3759,-6.1313,-8.7370,-1.2409,0.1506,-0.2999
2.1843,-9.9633,-8.0856,-0.9616,0.5731,-0.1493
0.9197,-14.9066,-9.0436,-0.4310,0.7346,-0.2222
-0.0766,-12.4541,-12.3008,-0.7018,0.5804,-0.6253
-0.9963,-10.9979,-10.7297,-0.7078,0.9737,-0.4092
-0.4215,-10.0399,-7.7024,0.1882,0.9045,-0.1032
1.0346,-8.2389,-6.3995,0.6763,0.5160,0.2453
1.2646,-7.1659,-7.6641,-0.2440,0.0801,0.3995
0.8047,-8.4688,-9.3118,-1.0794,-0.0389,0.2865

