-.-.-
7.1276,-13.8336,-1.4562,0.2198,-0.4942,-0.4699
6.3229,-15.0216,-0.0383,0.0898,-0.0813,-0.8535
1.8394,-14.2935,-7.2042,0.0971,0.2198,-0.8523
-0.0766,-11.6111,-19.9266,-1.4983,0.3145,-0.4310
2.1459,-16.0562,-9.8483,-1.7362,0.2246,-0.4092
3.4488,-17.1675,-6.6294,1.0357,0.7224,-1.3113
1.0730,-10.3465,-9.9633,2.5193,2.0640,-1.4545
-0.5748,-7.7407,-5.5564,0.8365,1.3489,-0.5464
-1.3029,-9.6567,-3.7937,-0.6775,0.4492,0.4796
-0.3449,-10.3082,-7.0126,-1.1814,-0.0801,1.1765
1.8394,-8.2389,-6.0546,-0.7273,0.3035,1.3611
2.7974,-5.0200,-4.1003,0.1918,0.8038,0.8718
2.3759,-1.8011,-3.4488,0.5039,1.0223,0.4274
1.0730,-0.0766,-2.6441,-0.0134,0.9349,0.3679
-0.4598,-0.3449,-2.8357,-0.4844,0.9240,0.5318
-0.5748,-3.4105,-2.9507,-0.7661,0.9822,0.6144
0.4982,-6.2079,-2.6058,-0.6957,1.0126,0.6095
1.4562,-6.8210,-2.7974,-0.2732,1.0794,0.6010
1.6478,-9.5801,-2.9123,-0.1554,1.2311,0.4043
0.4215,-13.3738,-3.9087,-0.2647,1.2906,-0.0049
-1.3795,-14.7533,-3.3722,-0.4772,1.2239,-0.0559
-4.1386,-15.3281,-2.1843,-0.0874,0.6314,0.2890
-5.3265,-15.9029,-0.7664,0.2319,0.0983,0.7091
-2.3375,-16.0179,0.6131,0.6119,0.0474,1.0041
3.9087,-13.5271,-5.6331,0.8365,0.0619,0.8365
-0.8430,-7.8173,-19.8499,-0.3205,-0.5840,0.4444
-0.8047,-10.7680,-9.6184,-1.5310,-0.8110,0.2853
-1.8011,-15.2898,-3.9853,0.4796,-0.1396,0.9458
1.4179,-13.1439,-9.6950,1.6124,-1.6597,1.3975
2.5675,-11.6494,-7.5491,0.8098,-1.2178,0.9810
2.9123,-10.0016,-3.2955,0.3740,-0.3630,-0.1226
1.9160,-7.1276,-4.8284,-0.2793,0.0789,-0.8875
-0.7664,-5.2882,-4.0620,-0.6265,0.0170,-1.4084
-2.3759,-4.2152,-3.2955,-0.3217,-0.2088,-1.3671
-1.1113,-4.2919,-3.6021,-0.1178,-0.7212,-0.9082
0.5748,-3.1423,-3.5255,-0.2477,-1.0357,-0.6107
2.0310,-2.7974,-3.3339,-0.5476,-1.1996,-0.6010
2.5291,-4.3302,-3.3339,-0.6180,-1.0806,-0.7127
2.4142,-6.5528,-2.5291,-0.4456,-0.7418,-0.6010
1.6478,-8.3538,-0.9963,0.1421,-0.6544,-0.5112
0.0000,-8.2772,-2.8740,0.4881,-0.8402,-0.3120
-1.4562,-9.2735,-5.7097,-0.6690,-1.4618,0.0583
0.9963,-15.4814,-0.6131,-1.0429,-1.4970,0.3169
5.6331,-17.4741,0.7281,0.4092,-0.7443,-0.0085
8.8137,-14.4084,-0.9963,0.5609,-0.3922,-0.7018
5.1349,-13.5654,-4.4452,0.1008,0.2234,-1.1886
1.0346,-11.1129,-18.0872,-0.9786,0.4553,-0.9300
0.0000,-14.6767,-10.3082,-2.3797,0.1506,-0.4687
1.8394,-19.8499,-5.2882,-0.1238,0.5719,-1.1595
-0.9963,-11.6494,-11.8027,2.6262,1.4412,-1.5213
0.1533,-7.3575,-9.7334,1.4096,0.8960,-0.8754
1.7244,-10.0016,-3.6787,-0.1603,0.3582,-0.0789
0.9197,-10.1166,-5.1349,-0.6908,0.0656,0.5427
1.2263,-7.4725,-5.5948,-0.8778,0.0983,1.1741
2.6824,-5.0966,-4.2152,-0.5974,0.4334,1.2724
2.7207,-3.4488,-3.4871,-0.1238,0.8584,0.9725
1.9160,-2.8357,-3.2572,0.1178,1.0065,0.6386
0.6514,-2.2992,-2.8740,-0.0801,1.0952,0.5451
-0.2682,-2.7591,-2.7591,-0.3570,1.1182,0.6399
-0.0383,-4.8667,-2.5675,-0.4468,1.0988,0.6775
0.2682,-7.6257,-1.8777,-0.3181,1.1304,0.6653
0.8047,-9.3118,-2.7974,0.3072,1.2894,0.5549
1.3412,-12.2242,-4.8667,0.4067,1.4485,0.2525
1.8777,-15.4431,-1.3029,0.1481,1.6245,0.0631
-3.2189,-14.9449,0.3832,0.8839,1.0782,0.1785
-7.9706,-12.6074,-0.2682,0.5136,0.5124,0.8390
-4.1769,-12.9906,-0.6131,0.0085,0.1384,1.3659
3.6787,-12.6840,-11.1512,-0.3448,-0.2028,1.1534
-0.4598,-11.2279,-19.4667,-1.8795,-0.6836,0.6896
1.3412,-18.8536,-3.8320,-0.8001,-0.0170,0.4784
1.4945,-17.0525,-6.5911,1.7265,0.0741,1.0612
0.3449,-10.5764,-13.1822,1.6901,-0.8195,1.2056
0.5365,-9.8483,-4.9050,0.9932,-0.1506,0.5112
0.2299,-7.6257,-4.6751,-0.0097,-0.0376,-0.2878
0.5748,-7.3958,-5.5181,-0.9701,-0.3764,-1.0769
-0.0766,-6.1696,-4.8667,-0.7989,-0.5804,-1.6488
-0.1533,-4.4068,-3.6404,-0.3290,-0.6969,-1.5055
0.2299,-3.1806,-3.3722,-0.0898,-0.9847,-1.0417
0.8430,-2.4525,-3.4871,-0.1129,-1.1850,-0.6726
1.0730,-2.6824,-3.4871,-0.4140,-1.2190,-0.5439
1.4562,-4.4452,-3.1423,-0.6484,-1.1024,-0.5221
1.6478,-6.0546,-2.2609,-0.5439,-0.9458,-0.4966
1.5328,-7.4725,-1.4179,-0.1275,-1.0308,-0.4759
1.0730,-9.5034,-1.9543,0.1299,-1.2906,-0.3217
0.2682,-11.3045,-2.2992,-0.0862,-1.6075,-0.0874
1.8777,-14.1402,-1.3412,-0.2453,-1.1984,0.1105
4.8667,-13.1055,-1.8777,0.1299,-0.7030,-0.1044
7.1276,-14.3701,0.8430,0.2963,-0.4638,-0.5621
3.4871,-14.6384,0.0766,0.5804,-0.1506,-1.0320
0.0383,-11.3045,-11.9943,0.1360,0.0498,-0.8499
0.6898,-9.2352,-22.4174,-2.1442,0.3315,-0.2538
6.6294,-20.8079,-5.1349,-1.6913,0.2890,-0.7091
5.8247,-21.1911,-7.5108,2.2316,1.5869,-1.7022
-2.4525,-8.6221,-12.9523,2.8714,1.9487,-1.4424
-3.8704,-7.9323,-4.9816,0.6993,0.4589,0.0668
-2.0693,-8.6604,-3.4488,-0.6811,-0.3934,0.7066
0.6898,-8.5454,-6.4378,-1.0636,-0.4152,1.3404
3.2955,-6.8593,-5.7097,-0.8681,0.1773,1.4764
4.4835,-4.9050,-3.7937,-0.4274,0.4905,1.0697
3.0273,-3.0656,-3.6404,0.0983,0.7904,0.6107
0.6898,-2.9890,-3.3722,0.2319,0.9786,0.4504
-0.5365,-2.9507,-2.7591,-0.1275,1.0199,0.5124
-0.5748,-4.6751,-1.7244,-0.6726,0.9312,0.5779
-0.1533,-6.3612,-1.6861,-0.6156,0.8827,0.5500
0.3832,-7.5874,-2.1076,-0.1129,1.0381,0.5731
0.5365,-9.1202,-3.6021,0.1785,1.0830,0.4699
1.3029,-12.8373,-3.2955,-0.1008,1.1292,0.0741
-0.0383,-15.1365,-0.8047,0.0826,1.2409,0.0061
-4.8284,-14.1785,-0.4215,0.9288,0.7139,0.2562
-6.2462,-12.2625,-0.6131,0.6277,0.3922,0.8074
0.3066,-13.1822,-2.4908,0.1348,0.0668,1.1037
-0.7281,-12.3008,-15.0599,-0.4759,-0.2610,0.7370
0.3832,-13.9486,-10.6914,-2.1454,-0.6301,0.5063
1.0730,-20.0415,-2.8740,0.3278,0.1348,0.8378
1.0346,-13.0672,-10.4614,2.0288,-0.5937,1.1680
0.1150,-9.8100,-8.6987,1.1109,-0.6763,0.9458
-0.2682,-9.7717,-4.5984,0.3885,-0.4347,0.2246
-0.1150,-9.1586,-4.7517,-0.5804,-0.2222,-0.6508
-0.3449,-7.9323,-6.0163,-0.9191,-0.3922,-1.3441
-0.2682,-5.9780,-4.5984,-0.6059,-0.5476,-1.5845
0.7281,-3.7937,-3.5638,0.0364,-0.7795,-1.3307
1.6095,-2.5291,-3.3339,0.1360,-0.9373,-1.0599
1.7627,-1.3029,-3.3339,-0.1676,-1.0429,-0.7843
1.1879,-2.2226,-3.4105,-0.7188,-1.0672,-0.6423
1.1496,-4.7134,-2.9507,-0.8062,-0.9082,-0.5391
1.6478,-6.9743,-2.2609,-0.3715,-0.7892,-0.5306
1.8777,-8.6987,-1.7244,0.0947,-0.8839,-0.3995
0.8047,-9.5801,-3.2955,0.0911,-1.1850,-0.1469

