-.-.-
-1.3412,-6.5911,-4.9816,-0.1311,0.0631,0.2295
-1.3029,-6.5145,-4.9433,-0.1748,0.1166,0.2428
-1.4179,-6.7444,-4.9050,-0.2392,0.1421,0.2525
-1.6478,-6.9743,-4.9816,-0.3169,0.1591,0.2465
-1.4945,-7.6641,-5.1732,-0.3800,0.2246,0.2198
-1.5711,-7.3575,-5.2116,-0.3618,0.3060,0.1724
-1.3029,-7.7407,-5.1349,-0.2185,0.3849,0.1068
-1.4562,-7.7790,-5.0200,-0.0158,0.4177,0.0486
-1.3029,-7.8173,-4.8284,0.0631,0.4359,0.0036
-1.3029,-7.6641,-5.2499,-0.0158,0.4456,-0.0134
-1.2263,-7.8940,-5.6331,-0.1481,0.4832,-0.0206
-1.9927,-8.2005,-6.4378,-0.3363,0.4043,-0.0061
-1.6861,-9.3502,-5.4798,-0.4723,0.3448,0.0182
-0.9580,-9.8100,-6.7061,-0.4165,0.3448,0.0376
-0.7281,-9.5034,-7.4341,-0.3132,0.3011,0.0461
-1.2646,-9.4651,-7.6257,-0.1809,0.2853,0.0741
-1.8777,-9.8100,-7.6641,-0.0522,0.1748,0.0789
-2.2226,-9.3118,-7.8173,0.0595,0.0328,0.0631
-1.5328,-8.7370,-8.0856,0.0935,0.0049,0.0389
-0.9580,-8.3538,-8.0473,0.1202,0.0449,-0.0243
-0.8047,-7.5874,-8.0473,0.1821,0.1554,-0.1081
-0.3832,-7.3575,-8.1239,0.2926,0.3412,-0.1761
0.0000,-7.6257,-8.0089,0.3230,0.5124,-0.2574
0.1533,-8.0089,-7.7407,0.2428,0.6386,-0.3254
0.1150,-7.8557,-7.7407,0.1761,0.6848,-0.3302
0.1150,-7.9323,-7.5108,0.1748,0.6532,-0.3157
0.1916,-7.6257,-7.3575,0.1967,0.5889,-0.3108
0.1150,-7.5491,-7.1276,0.2258,0.4990,-0.3217
-0.1150,-7.5874,-6.7827,0.2598,0.4031,-0.3460
0.0766,-7.5491,-6.5528,0.3084,0.3557,-0.3630
0.2682,-7.5491,-5.9013,0.3764,0.3047,-0.3776
0.8430,-7.0509,-6.2462,0.3521,0.2598,-0.4055
0.9580,-7.0509,-5.5181,0.2428,0.2331,-0.4456
0.7664,-7.0893,-5.5564,0.0364,0.2380,-0.4456
0.7281,-7.1659,-5.6331,-0.1214,0.2744,-0.4274
0.7664,-7.3958,-5.4798,-0.0753,0.3096,-0.4043
1.0730,-7.4725,-5.2116,0.0461,0.3254,-0.3861
1.5328,-7.3958,-5.3265,0.1153,0.3193,-0.3667
1.5711,-7.1659,-5.5564,0.0510,0.3169,-0.3594
1.3029,-7.0126,-5.5181,-0.0595,0.3630,-0.3205
1.2263,-7.2809,-5.5564,-0.1323,0.4189,-0.2538
1.2646,-7.4725,-5.4032,-0.1323,0.4419,-0.1894
1.2646,-6.8977,-6.1696,-0.1020,0.4286,-0.1493
1.6095,-7.2425,-5.6714,-0.0923,0.4249,-0.1663
1.4945,-7.2809,-5.4798,-0.1238,0.4274,-0.1736
1.5328,-7.2809,-5.7864,-0.1506,0.4092,-0.1615
1.6478,-7.3192,-5.7097,-0.2161,0.3825,-0.1166
1.8011,-7.3192,-5.9396,-0.2428,0.3472,-0.0595
1.6861,-7.3575,-5.7097,-0.2015,0.3072,-0.0085
1.6861,-7.3575,-5.6714,-0.1408,0.2416,0.0158
1.8777,-7.3192,-5.7480,-0.0971,0.1979,0.0279
1.8011,-7.3575,-5.7480,-0.0728,0.1785,0.0425
1.8394,-7.4341,-5.6714,-0.0728,0.1481,0.0437
1.8777,-7.6257,-5.6714,-0.1433,0.1166,0.0704
2.1843,-7.7790,-5.8247,-0.1603,0.0850,0.0680
2.0310,-7.9323,-5.7480,-0.1348,0.0437,0.0838
2.1076,-7.7790,-5.8630,-0.1020,0.0316,0.0996
1.9543,-7.7790,-6.0546,-0.0923,0.0109,0.1153
1.7244,-8.0473,-6.0929,-0.1093,-0.0461,0.1311
1.5711,-8.3538,-6.0929,-0.1287,-0.1141,0.1433
1.6095,-8.5838,-6.0546,-0.1542,-0.1761,0.1348
1.5328,-9.2352,-5.7864,-0.1263,-0.2623,0.0971
1.9543,-8.6987,-6.5528,-0.1299,-0.2805,0.0862
2.3375,-8.6987,-7.1276,-0.2040,-0.2149,0.0813
2.0310,-9.1969,-7.0893,-0.2817,-0.1615,0.0911
1.7627,-9.8483,-7.4341,-0.3132,-0.1372,0.0935
1.1496,-10.1549,-7.9706,-0.3727,-0.1493,0.0389
0.6514,-9.2352,-8.6987,-0.4905,-0.2149,0.0328
0.3832,-8.4305,-8.3538,-0.3630,-0.2368,0.0801
0.3832,-9.0436,-7.5108,0.0000,-0.3327,0.0874
0.5365,-7.7024,-7.3192,0.3120,-0.4165,0.0656
0.1916,-7.2425,-7.3575,0.4553,-0.4796,0.1068
-0.3832,-7.9706,-6.5528,0.3302,-0.5354,0.1202
-0.3832,-7.4725,-7.1276,0.1020,-0.5585,0.1202
-0.3066,-7.3575,-7.3192,-0.0073,-0.4735,0.0996
-0.1150,-7.4341,-7.2809,0.0073,-0.3120,0.0389
0.3066,-7.3958,-7.2809,0.1433,-0.1785,-0.0146
0.2299,-7.3192,-7.1276,0.2950,-0.1008,-0.0401
-0.2299,-7.5108,-6.7444,0.4310,-0.0801,0.0109
-0.4215,-7.5491,-6.6294,0.4881,-0.1093,0.1153
-0.5365,-7.2809,-6.4761,0.4747,-0.1445,0.2258
-0.6131,-7.4725,-6.0163,0.4626,-0.1797,0.3132
-0.4598,-7.5108,-5.5948,0.4298,-0.2137,0.3485
-0.1916,-7.4341,-5.3648,0.4140,-0.2513,0.3509
-0.4982,-7.3575,-5.2882,0.2720,-0.2695,0.3715
-0.9580,-7.4341,-5.1349,0.1166,-0.3169,0.4019
-1.2646,-7.4725,-5.4415,-0.0036,-0.3375,0.4517
-1.3795,-7.6257,-5.5564,-0.0474,-0.3521,0.4638
-1.3029,-7.6257,-5.4798,-0.0121,-0.3910,0.4407
-1.2263,-7.5491,-5.7480,-0.0109,-0.3825,0.4201
-1.3029,-7.5491,-5.8247,-0.0728,-0.3412,0.3934
-1.2263,-7.8557,-5.6714,-0.1918,-0.3339,0.3570
-1.5328,-7.3575,-5.9396,-0.2586,-0.3181,0.3387
-1.5328,-7.0509,-5.5564,-0.2744,-0.2720,0.3108
-1.3029,-6.8593,-5.2499,-0.2817,-0.2258,0.2744
-1.3795,-6.9743,-5.4415,-0.3472,-0.1663,0.2623
-1.7244,-7.1276,-5.5948,-0.4638,-0.1056,0.2525
-1.9927,-7.1276,-5.7480,-0.5197,-0.0546,0.2319
-1.9543,-7.1276,-5.7480,-0.4262,0.0024,0.1894
-2.2226,-7.0893,-5.5948,-0.2477,0.0631,0.1457
-2.2992,-7.1276,-5.4415,-0.1421,0.1020,0.1020
-2.2992,-7.2809,-5.0966,-0.1627,0.1311,0.0656
-2.1843,-7.4341,-5.2499,-0.2064,0.1506,0.0304
-1.8011,-7.5491,-5.4032,-0.2173,0.1845,-0.0134
-1.7244,-7.7024,-5.3265,-0.1991,0.2647,-0.0474
-1.8011,-7.9323,-5.8247,-0.1870,0.3521,-0.0498
-1.8394,-8.0856,-5.7864,-0.1372,0.4128,-0.0595
-2.1459,-8.0089,-5.9396,-0.0389,0.4553,-0.0777
-1.6095,-8.2389,-5.4798,0.0061,0.4990,-0.0801
-1.6861,-7.7024,-5.7097,-0.0389,0.5148,-0.0886
-2.3375,-7.7407,-7.0509,-0.2137,0.5184,-0.1020
-1.3029,-8.7370,-6.9360,-0.3873,0.4723,-0.1214
-1.1879,-9.0819,-6.9360,-0.3703,0.5112,-0.0789
-0.7281,-9.1202,-7.6641,-0.2416,0.6022,0.0036
-1.6095,-8.8137,-7.9706,-0.1141,0.6095,0.0461
-1.9160,-8.5838,-8.1239,-0.0061,0.4711,0.0486
-2.0310,-8.8137,-7.9706,0.0765,0.3254,0.0923
-1.6095,-8.4305,-7.8173,0.2246,0.2465,0.0437
-0.6514,-7.5491,-7.9706,0.2635,0.2270,0.0097
-0.5365,-7.2425,-8.2005,0.2015,0.2841,-0.0097
-0.2682,-7.3958,-7.9323,0.1506,0.3812,-0.0449
-0.1150,-7.1276,-8.4688,0.1955,0.4905,-0.1360
0.5365,-7.4341,-8.0473,0.1578,0.6046,-0.2222
0.4982,-7.4341,-8.3155,0.0304,0.6993,-0.2598
0.5365,-7.5491,-8.1622,-0.0583,0.7418,-0.2598
0.4982,-7.8173,-8.0856,-0.0073,0.7200,-0.2355
0.0766,-7.8940,-7.5491,0.1360,0.6059,-0.2173
0.0000,-7.4341,-7.8557,0.2380,0.4966,-0.2185

