-.-.-
-1.5328,-6.0929,3.0273,0.2064,-0.8875,0.9677
-3.9853,-3.1039,-0.1150,0.1542,-1.1559,0.8645
-1.8011,-4.9816,-2.9890,-0.1372,-1.2530,0.5828
-0.4215,-5.6714,-0.9580,0.5451,-0.9155,0.2222
0.2682,-2.3759,-2.0310,1.2712,-1.0369,0.0109
-0.4215,0.1533,-3.0273,1.4375,-0.9264,-0.0680
-0.8047,-1.9927,-3.1806,0.5974,-0.9045,0.0194
-3.2955,-9.0053,-4.3302,-0.8523,-0.9203,0.3132
7.8557,-16.4394,-3.7171,-2.6335,-0.3946,0.5136
-1.0730,-18.5854,-0.1150,0.4565,0.3400,0.7163
0.1533,-15.7880,-0.7664,0.0291,0.3727,0.2149
0.9197,-13.3355,-0.9580,-0.2671,0.8960,-0.4905
1.5328,-17.3208,1.1879,-0.7564,0.7928,-0.6253
1.9543,-17.4357,1.8394,-0.3703,0.6095,-0.8633
-0.1533,-14.9066,1.0730,-0.3060,0.4067,-1.4072
-2.4142,-11.2662,1.2646,-0.2015,0.2853,-1.7994
-1.4945,-9.9633,1.9160,-0.4492,0.1056,-1.7399
0.3832,-9.8866,2.2992,-0.5731,0.1627,-1.3101
1.3412,-8.8137,2.4525,-0.2513,-0.0073,-0.9652
0.5748,-3.2955,-1.1879,0.1068,0.1008,-0.7904
1.9543,-2.9890,-0.1916,0.0389,0.1894,-0.4662
3.3722,-3.4871,-0.8430,0.4347,0.2902,-0.2975
2.9890,-4.1003,-1.6478,0.7965,0.4517,-0.1202
2.7591,-5.5181,-1.8777,1.4096,0.5621,0.0437
1.9927,-8.8520,-6.2845,0.6204,0.5415,-0.0279
-6.4378,-19.0835,2.3375,-0.4820,0.0801,-0.1542
-0.3449,-16.2095,0.1150,1.3890,-0.9956,-0.3545
-2.5291,-16.1329,-1.6095,-0.6447,-1.2202,-0.1785
-2.4908,-16.5544,-2.1076,0.1506,-1.8018,0.8098
-1.9927,-18.2021,-1.1113,-0.3472,-2.0143,1.1546
1.3412,-20.0415,0.6514,-0.2270,-2.2267,1.3088
4.0620,-17.4741,0.5365,0.0983,-1.9256,1.4740
3.0273,-12.8373,1.1113,0.1967,-1.6160,1.4582
0.1533,-9.0436,1.7627,0.3436,-1.3283,1.3271
-2.7974,-4.5601,2.4525,0.4577,-1.3696,1.3028
-1.6478,-1.8011,0.4215,0.1930,-1.5626,1.1777
-0.4598,-3.0273,0.2682,-0.1068,-1.4412,0.8985
-0.8430,-3.3339,-1.2263,0.6362,-1.3647,0.4541
-0.5748,-3.0273,-3.9087,0.8803,-1.1886,0.0862
0.0383,-3.2955,-4.6368,0.9737,-0.9070,-0.1809
-1.9160,-2.5291,-3.6404,1.3902,-0.8657,-0.0474
-2.9123,-8.3921,-3.9853,-0.0947,-0.9701,0.4201
7.0126,-16.6310,-4.4452,-1.8771,-1.0114,0.7261
-0.5365,-19.4284,-0.3449,0.5597,0.7928,0.8973
3.0273,-14.2168,-6.0163,0.4007,0.0255,0.6775
1.8011,-17.4741,-0.7281,-0.3497,1.0126,-0.0741
-0.6131,-17.2058,0.3832,-0.2015,0.9786,-0.3570
-1.0730,-18.7003,2.4908,-0.1348,0.7309,-0.6034
-1.6861,-14.4468,2.2226,0.0413,0.5864,-1.1122
-1.8394,-11.3045,1.6478,-0.3242,0.2598,-1.5541
-1.1879,-9.5801,0.5365,-0.4832,0.1396,-1.5250
-0.0383,-7.8557,0.8047,-0.4759,0.1663,-1.3137
-0.2682,-5.5948,1.9160,-0.2574,-0.0219,-1.1474
-0.3832,-2.6441,1.1496,-0.0340,-0.3132,-0.9604
0.6514,-0.8047,-1.0730,0.3084,-0.3315,-0.6326
2.7207,-2.2226,-1.2646,0.2598,-0.0328,-0.0983
4.3685,-3.9087,-1.8394,0.5306,0.1469,0.2258
3.2189,-4.7134,-1.0730,1.3841,0.1578,0.4237
2.4908,-8.3538,-2.2609,1.4691,-0.1894,0.3970
-0.1533,-13.4121,-10.4231,-0.9677,0.2829,-0.2768
-7.6641,-23.9502,7.2042,1.3222,-1.0733,-0.7758
-3.6404,-13.7187,-5.7480,0.0097,-1.3720,-0.7443
-4.0620,-18.7770,-0.9197,-0.4857,-1.6986,0.4650
0.3832,-15.7113,-3.1806,-0.0364,-1.7678,1.1292
3.7171,-18.7770,1.4179,-0.4917,-1.7969,1.0502
5.3648,-16.6693,1.1113,-0.2319,-1.4278,1.2129
2.5675,-14.0252,1.3029,-0.1700,-0.9567,1.3453
-0.4215,-10.7680,2.2992,-0.0571,-0.8669,1.2117
-1.6095,-6.2462,2.5675,0.1251,-0.8378,1.1595
-3.1423,-3.5638,1.4945,-0.2453,-0.9774,1.1826
-2.7591,-3.3339,0.1150,-0.3800,-1.1777,1.0806
-0.4215,-4.0236,-0.3449,-0.0474,-1.0296,0.7224
-0.5748,-3.8320,-0.1533,0.4893,-0.8050,0.2720
0.7664,-2.2609,-4.1769,1.0587,-0.7904,0.0061
0.3449,-2.1843,-4.2536,1.0065,-0.4565,-0.1591
-2.6441,-5.6714,-2.6441,0.7018,-0.3448,-0.1105
-3.3722,-11.6494,-7.1659,-0.9555,-1.3125,0.2902
7.7790,-27.8972,4.9816,-2.0349,0.4747,1.0284
0.0766,-17.7423,-5.4798,0.9798,0.3934,1.1024
1.8011,-17.5124,-4.4452,-0.3060,1.0332,0.3570
-2.4525,-14.3318,-3.1806,0.1773,1.1911,-0.2926
-3.5255,-15.5197,-0.3832,-0.4407,0.7261,-0.5221
-2.2992,-16.3245,0.9580,-0.3230,0.6253,-0.7831
0.4215,-13.1055,1.6478,-0.1979,0.3387,-0.9932
1.8777,-9.6950,1.2263,-0.2683,0.4796,-1.2056
1.7627,-7.5874,1.7244,-0.3460,0.5524,-1.3453
1.0730,-6.4378,1.7627,-0.4735,0.5937,-1.4448
0.6898,-3.5638,1.0730,-0.2902,0.6447,-1.3987
-2.1843,-3.4105,0.9197,-0.0340,0.5500,-0.7601
-1.7627,-3.4488,0.6898,0.4468,0.0316,-0.0474
2.8357,-2.3375,-1.5328,0.9009,-0.0279,0.2040
3.2955,-1.6095,-3.3339,1.0891,0.0267,0.1930
1.7627,-4.1003,-2.6058,0.9628,0.0546,0.0607
2.8357,-10.5381,-4.2152,-0.0777,-0.0328,-0.2088
-3.9087,-22.9155,2.9123,-0.9944,-0.0461,-0.7030
-3.2955,-19.9266,-2.1076,1.1971,-0.8256,-0.8135
-7.2042,-17.4357,0.1150,0.5099,-0.5840,-0.1943
-2.1459,-14.1785,-1.6095,0.4905,-1.2542,0.5998
3.2955,-17.6273,0.9197,-0.3910,-1.2554,0.6192
5.4032,-17.7806,1.8011,-0.2695,-0.9701,0.8487
3.7937,-15.0216,1.4562,-0.2987,-0.4735,1.2566
0.6131,-12.3391,0.8430,-0.4092,-0.1930,1.4363
-1.2646,-9.2352,1.6861,-0.4092,-0.1445,1.2870
-1.1879,-7.0893,2.4908,-0.4080,-0.3630,1.1996
-0.9580,-6.7061,1.5328,-0.4820,-0.3557,1.0381
-0.9963,-5.0200,-0.8430,0.2052,-0.2392,0.8123
-0.5365,-2.8357,-2.4908,0.4468,-0.1153,0.4541
-0.1150,-3.3722,-2.3759,0.5451,0.1093,0.2161
0.5748,-1.9927,-2.7591,1.0332,0.3217,0.0437
-0.4215,-0.7664,-2.4525,1.2688,0.5901,0.0923
-1.4945,-6.0163,-2.7974,0.2999,0.6411,0.2768
0.3449,-12.6840,-4.5218,-1.2117,0.2841,0.6399
2.4908,-20.0032,2.3759,-0.0716,1.3307,1.4898
-0.3449,-16.4394,-2.5291,0.3788,0.5597,1.2579
2.0693,-17.0525,-0.5748,-0.0898,1.7107,0.0813
1.9160,-14.7533,-0.7664,-0.3315,1.7909,-0.6326
0.5748,-18.3938,0.9197,-0.5573,1.5711,-0.8985
-2.1459,-15.8263,1.5328,-0.1251,1.5274,-1.2129
-3.6021,-11.1895,0.7664,-0.3193,1.1462,-1.5930
-2.6058,-8.6987,1.1113,-0.6216,0.8293,-1.8467
0.7281,-8.8137,1.5328,-0.9422,0.4650,-1.7654
2.9123,-10.4998,2.2226,-0.9361,0.3703,-1.3853
1.9160,-9.1969,3.0273,-0.4784,0.3946,-1.1352
0.7664,-5.9396,-0.1533,-0.3436,0.5949,-0.8159
2.1076,-4.4068,-1.4179,-0.0607,0.8450,-0.4310
1.9927,-3.6021,-2.0310,0.4772,1.1109,-0.1068
1.3412,-3.6787,-1.3412,0.4978,1.1486,0.0012
0.1916,-3.6404,0.0383,0.7576,1.0077,0.0643

