-.-.-
0.0766,3.1806,8.9670,0.0461,0.6253,-0.3667
0.5365,2.1843,9.1202,-0.1457,0.5816,-0.4128
0.2682,1.8394,9.7334,-0.1906,0.5197,-0.5233
-0.5748,1.8011,9.5034,0.0437,0.2914,-0.5889
-1.2646,2.4908,9.2352,0.3533,0.1445,-0.6423
-2.0310,3.4871,8.8903,0.2538,0.0036,-0.5439
-0.2299,3.6787,8.7754,-0.0643,-0.0886,-0.3618
-0.0766,3.6021,8.8137,0.0401,0.0449,-0.3448
-0.9580,2.9890,8.5838,0.1930,-0.0401,-0.3533
-1.2646,2.9507,8.9286,0.3072,-0.0364,-0.3958
-1.8777,2.6058,8.8903,0.3278,-0.0534,-0.3035
-2.2226,2.7974,8.7370,0.4249,-0.0668,-0.2210
-1.4562,3.3339,7.8940,0.3606,-0.1348,-0.2428
-1.0730,2.6441,8.4305,0.0656,-0.0449,-0.2076
-1.4562,2.4908,8.9286,0.2307,-0.0413,-0.1736
-1.9543,2.1459,9.5034,0.2805,-0.1275,-0.1651
-1.3795,1.9160,8.9670,0.4844,-0.1615,-0.1991
-1.1496,2.9123,8.3921,0.6277,-0.1845,-0.1930
-1.1496,3.9853,8.4305,0.6338,-0.3120,-0.1020
-0.9197,3.6404,8.2005,0.5937,-0.3460,-0.0643
-0.6131,3.8320,7.8940,0.5974,-0.3400,-0.0243
-0.3066,4.0620,7.8173,0.4784,-0.3533,-0.0109
-0.3066,4.8284,8.2772,0.3958,-0.3193,-0.0316
-0.1916,4.4452,7.9323,0.3740,-0.2744,-0.0121
0.0383,5.0966,7.9323,0.4104,-0.2465,0.0340
-0.1150,4.8284,7.8557,0.2768,-0.2829,0.0813
0.2299,4.8284,7.7407,0.1554,-0.3205,0.1020
0.9963,5.0966,7.9323,-0.0874,-0.1979,0.0765
1.7627,5.7097,8.3155,-0.0971,-0.0656,0.0619
1.5328,5.0583,8.1239,0.0680,-0.0959,0.1056
1.2646,4.3685,8.2005,0.2040,-0.1336,0.1202
0.7281,4.1003,9.1586,0.3812,-0.3812,0.2052
0.3066,5.3648,8.9286,0.5658,-0.7528,0.3642
1.4179,6.5145,8.3155,0.2380,-0.8535,0.5439
2.1459,6.9360,8.6604,-0.0728,-0.8851,0.7212
1.6478,6.3612,8.3538,-0.2113,-0.9167,0.7346
-1.8011,5.4032,8.7754,-0.2003,-0.9968,0.6034
0.6131,4.4068,9.4268,-0.6156,-1.2736,0.6581
2.2609,4.9816,10.1166,-0.8863,-1.7872,0.7625
2.0693,4.7134,8.8903,-1.1243,-2.2110,0.8135
2.6058,2.9507,6.2845,-1.1243,-2.7160,0.8827
2.3759,1.7244,5.0966,-0.7358,-2.8557,0.9215
3.6404,1.7244,4.5984,-0.1809,-2.9054,0.9349
5.8630,2.1459,4.6368,-0.0206,-2.7889,0.9677
7.1659,2.5675,5.0966,-0.0571,-2.5837,1.0672
6.7827,2.6824,5.3648,-0.0680,-2.4149,1.1656
5.6714,2.5675,5.6714,0.0923,-2.3846,1.2008
5.2499,2.4525,6.5145,0.2793,-2.3251,1.1911
4.9050,2.5291,6.7061,0.3387,-2.2789,1.1207
6.5911,2.8740,6.5911,0.2744,-2.1672,1.0612
7.7407,3.2189,6.5145,0.1930,-1.9281,0.9373
7.8940,3.0273,6.4378,0.1688,-1.5735,0.7758
7.6641,2.3375,6.7061,0.1651,-1.2178,0.6884
8.2389,1.9160,6.2845,0.3849,-0.8754,0.5767
6.3995,1.6861,5.8630,0.6034,-0.4019,0.4383
5.4032,1.5711,5.5564,0.7734,-0.2440,0.3606
7.2425,2.3759,4.9816,0.8074,-0.1870,0.3436
8.5838,3.2955,5.5564,0.5549,-0.0364,0.3618
8.5838,2.9890,5.4032,0.3181,-0.1275,0.4310
9.1202,2.8740,4.5984,0.2987,-0.5439,0.6180
10.6147,2.7974,4.3685,0.1493,-0.8827,0.8232
9.6567,2.4142,4.1769,0.1445,-1.0405,0.9567
9.1202,1.8777,3.5638,0.3193,-1.2846,1.0332
9.1202,1.8394,3.1423,0.3557,-1.3028,0.9980
8.0473,1.4945,3.4488,0.2355,-1.2870,1.0114
7.4725,0.7281,3.2189,0.1761,-1.3246,1.0332
8.6604,0.4982,2.9507,0.4444,-1.2372,1.1462
9.0053,0.6898,2.5291,0.7370,-1.1741,1.2991
9.0436,0.5748,2.2226,0.6945,-1.2105,1.4303
9.5801,0.6898,1.7627,0.6751,-1.2469,1.4388
9.5034,1.0730,1.6478,0.6520,-1.2020,1.4266
9.9633,0.0383,0.8430,0.3157,-1.3829,1.4315
9.9633,-0.6131,0.4598,0.1238,-1.3999,1.4327
10.1166,-1.0730,0.4982,-0.0158,-1.4448,1.4655
9.9633,-1.3412,0.4215,-0.0134,-1.4594,1.4715
10.0399,-2.2226,-0.6898,0.0559,-1.4813,1.4133
10.1932,-2.9123,-1.5328,0.3825,-1.3623,1.2931
10.1166,-2.7974,-2.0693,0.5075,-1.2530,1.2639
10.1932,-1.9160,-2.2992,0.4165,-1.1911,1.1000
9.7717,-2.1076,-2.2226,0.3302,-1.1012,1.0344
9.0819,-1.7244,-2.7207,0.2732,-1.0891,0.9361
9.3118,-2.1843,-2.8357,-0.1153,-1.1352,0.7030
9.5034,-3.5255,-2.4908,-0.2671,-1.0709,0.4966
10.4231,-4.2919,-2.4525,-0.1141,-0.9179,0.4067
10.4231,-4.1003,-2.4142,0.0886,-0.7868,0.2999
10.6147,-3.4488,-2.6058,0.1372,-0.6362,0.1530
10.8830,-3.4871,-2.5291,-0.0741,-0.4990,-0.0085
10.5764,-3.5255,-1.7244,-0.3266,-0.3873,-0.0170
10.7680,-3.6404,-2.0310,-0.1955,-0.2841,-0.1918
10.9596,-3.5638,-2.1843,-0.0607,-0.0826,-0.2295
9.8483,-3.0273,-2.2226,0.0571,0.1469,-0.3278
9.6950,-2.2992,-2.6058,0.0401,0.2562,-0.3509
9.8100,-2.1843,-2.4142,0.0121,0.4031,-0.3108
9.6567,-2.2992,-2.6058,0.0231,0.4347,-0.2453
9.6184,-2.2609,-2.6441,-0.0583,0.4602,-0.2732
9.5034,-2.4142,-2.1459,-0.1858,0.5099,-0.3533
9.6567,-1.6095,-1.9543,-0.2708,0.5318,-0.3776
9.6950,-1.1496,-1.7627,-0.3776,0.4832,-0.3035
9.5801,-1.4945,-1.9160,-0.4917,0.5221,-0.2270
9.8866,-1.9927,-2.1076,-0.4699,0.5330,-0.1845
10.2698,-1.7244,-2.2226,-0.4917,0.5743,-0.1178
10.3465,-1.3795,-2.2992,-0.4723,0.5585,-0.0595
10.0399,-1.3029,-1.9927,-0.4747,0.5706,0.0304
9.5418,-1.5328,-1.4562,-0.4832,0.4735,0.0777
9.5418,-1.4179,-0.6514,-0.4432,0.3181,0.1166
9.3885,-1.6861,-0.3449,-0.4189,0.1700,0.1967
9.5034,-2.0693,-1.1113,-0.2428,0.1445,0.2173
10.0016,-2.2992,-1.3412,-0.3169,0.2028,0.1761
10.1166,-2.8740,-1.1113,-0.4602,0.1736,0.1323
10.3082,-3.2572,-1.3412,-0.3970,0.2222,0.0741
10.3082,-3.3722,-1.4562,-0.2647,0.3242,0.0182
10.1549,-3.1806,-1.2263,-0.1724,0.3630,-0.0656
9.8866,-2.8740,-0.9197,-0.0401,0.3800,-0.1566
10.0016,-2.6441,-1.0730,0.0716,0.3995,-0.2100
9.8100,-2.4142,-0.7664,0.1214,0.4504,-0.2501
9.9633,-2.0693,-0.8430,0.1056,0.4310,-0.2865
10.0016,-1.8777,-1.3412,0.1651,0.4043,-0.2829
10.2698,-1.5328,-1.7627,0.1627,0.4456,-0.2878
10.5381,-1.8394,-1.6861,0.0826,0.4699,-0.2683
10.0016,-2.2992,-0.9580,0.0716,0.5257,-0.3035
9.5034,-2.2226,-0.1150,0.1809,0.4711,-0.3278
9.2352,-1.8394,0.7281,0.3691,0.4080,-0.2963
9.2735,-0.9963,1.0346,0.5039,0.3157,-0.2222
8.5838,-0.6131,0.4215,0.4007,0.2525,-0.1336
10.2315,-0.7281,0.4982,0.1761,0.1748,-0.1287
9.0436,0.1150,0.3832,0.1481,-0.0291,-0.0935
9.5801,0.1916,-0.6131,-0.1056,-0.3897,0.0121
9.5418,-1.1496,-0.5365,-0.1615,-0.3254,0.1056

