-.-.-
1.1113,-10.0782,-0.4598,0.7054,0.1943,0.6326
0.8814,-9.6184,-0.4215,0.0935,0.2550,0.7686
2.0693,-10.1932,-1.2263,-0.2064,0.3400,0.8378
2.7207,-9.9633,-1.0346,-0.0813,0.6046,0.8608
1.9160,-8.6987,-1.1113,0.0838,0.8997,0.8645
0.4982,-7.2425,-0.6514,0.1530,1.0514,0.8560
-0.9197,-6.6677,-0.3449,0.0741,1.0806,0.8013
-1.3412,-6.8593,0.1916,-0.1445,1.0187,0.7151
-1.5711,-7.4341,0.7281,-0.1882,0.8948,0.5597
-1.0346,-7.7024,0.7281,-0.2744,0.7686,0.4286
-0.8814,-7.5491,1.1113,-0.2926,0.7297,0.2829
-1.3412,-8.0856,1.6478,-0.2392,0.6981,0.1226
-1.3412,-8.8903,1.6861,-0.0680,0.6751,0.0352
-0.2682,-9.6567,1.4945,0.0716,0.6823,-0.0486
-0.5365,-10.3082,2.1843,0.1093,0.7601,-0.1020
0.1150,-10.8446,2.3759,0.0364,0.6326,-0.0923
-2.7591,-11.8027,1.2646,-0.3703,0.4966,-0.1360
-2.9890,-12.7990,3.2189,-0.0947,0.2841,0.0559
-2.2992,-11.3811,4.1769,0.0510,0.2793,0.2404
-2.4908,-13.9486,2.1843,-0.3023,0.2671,0.3873
2.8357,-16.8609,-4.4835,-1.1534,0.0826,0.6884
-0.6898,-14.2168,-3.5638,0.5743,0.6326,0.9264
-0.1533,-10.4614,-5.6331,0.4541,0.5451,1.0915
1.3029,-10.5381,-3.3722,0.5961,0.5197,1.2991
-0.8047,-10.6914,-2.8740,0.5961,0.5512,1.0308
-2.1459,-12.1475,-2.1843,0.3970,0.3448,0.4189
-1.6861,-12.3775,-0.6131,0.4189,0.0947,-0.0753
-1.6861,-10.7680,-0.0383,0.4577,-0.1396,-0.3667
-1.1113,-10.5764,-0.1150,0.0947,-0.3958,-0.5706
-2.3759,-10.4614,-0.0766,-0.0498,-0.6131,-0.7698
-2.6058,-9.2735,-0.3066,-0.1214,-0.9956,-0.8390
-1.7627,-8.3155,-0.3449,-0.0182,-1.2166,-0.8353
-0.8047,-6.9743,-0.1916,0.0024,-1.2882,-0.8997
0.5365,-6.7061,-0.1916,-0.1518,-1.3744,-0.8839
1.8777,-6.7827,-0.1150,-0.3145,-1.3113,-0.7358
2.0310,-6.8593,0.1916,-0.3825,-1.1255,-0.5828
1.6861,-6.8977,0.9197,-0.4274,-0.9859,-0.4104
1.4179,-7.5108,1.6095,-0.5209,-0.9021,-0.2538
1.1496,-8.2772,1.9160,-0.3885,-0.8523,-0.0728
0.3832,-8.7754,1.3795,-0.2331,-0.7637,0.0898
0.3449,-9.5801,1.4945,-0.0643,-0.6447,0.1761
0.3449,-10.4614,1.9927,0.0789,-0.5634,0.1238
0.4598,-10.9979,1.6861,0.0328,-0.6399,0.1081
1.2263,-12.4541,2.0693,-0.3861,-0.4614,-0.0401
3.0656,-12.0326,2.8357,-0.2307,-0.0510,-0.2489
2.9890,-14.7533,3.3339,-0.3873,-0.1287,-0.4602
2.2609,-16.3245,-2.5291,-0.7649,-0.2793,-0.7904
0.4598,-15.9029,-0.9580,0.1457,0.1761,-1.0745
1.8011,-14.5234,-5.3648,0.0194,-0.0316,-1.2603
0.8430,-10.7297,-5.1349,0.7940,0.2501,-1.2639
0.8430,-9.0819,-1.9160,0.8754,0.2610,-0.9750
1.1496,-11.2279,-1.3029,0.5282,0.0607,-0.3557
0.6131,-11.2279,-0.8047,0.7248,0.1518,0.2283
0.8047,-10.1549,0.2299,0.6350,0.2683,0.5318
1.4179,-9.3502,-0.2299,0.2440,0.3618,0.6484
1.7627,-9.7334,-0.3832,-0.2015,0.3642,0.7236
1.7627,-9.4268,-0.0383,-0.0437,0.5694,0.7965
0.5748,-7.8940,-0.5748,0.1141,0.6569,0.8960
-0.4598,-7.6641,-0.1916,0.0753,0.6714,0.9446
-0.6131,-7.2042,0.3449,0.0170,0.6641,0.8596
-1.1879,-7.1276,0.7664,-0.0862,0.6144,0.7394
-0.5365,-7.4341,0.8430,-0.1202,0.4201,0.5828
-0.8430,-7.4341,1.0730,-0.1639,0.4165,0.4492
-0.6131,-7.3192,1.5711,-0.2805,0.4189,0.3485
-0.8047,-7.7407,1.8777,-0.3594,0.3946,0.2477
-0.4982,-9.0053,2.1843,-0.3035,0.4529,0.1214
0.3066,-9.9250,1.7627,-0.1141,0.5391,-0.0085
0.6514,-10.5381,2.4525,0.0182,0.7613,-0.0753
0.4215,-10.3465,3.1039,0.1068,0.8475,-0.0947
-3.8320,-10.4998,0.8047,-0.4128,0.5974,-0.0364
-4.8284,-13.9103,3.7554,-0.7370,0.3837,0.1833
-4.2536,-12.7223,4.5218,0.1773,0.2780,0.3837
-2.4525,-15.1365,0.0000,-0.5986,0.0911,0.5901
1.7244,-19.5050,-1.9160,-0.9944,-0.0546,0.9349
-1.4562,-12.9906,-4.1769,0.8985,0.4067,1.0599
1.4562,-11.3428,-4.9050,0.2610,0.3278,1.1911
1.8777,-10.3082,-2.5291,0.8171,0.5658,1.1389
-0.8047,-10.6147,-1.6095,0.6095,0.6156,0.8305
-0.5365,-11.5344,-2.6058,0.3096,0.4371,0.2902
-1.1879,-11.9559,-0.4215,0.2137,0.4480,-0.2100
-1.5328,-11.1895,0.0383,0.2805,0.2586,-0.4347
-1.4562,-10.4231,-0.6131,0.0862,-0.0680,-0.6192
-2.6824,-10.5381,0.0766,-0.0219,-0.2562,-0.8378
-2.6441,-9.0819,-0.3832,0.0777,-0.5476,-0.9227
-1.3412,-7.7024,0.0000,0.1323,-0.6921,-0.8973
-0.1150,-6.9360,0.1916,0.1578,-0.7467,-0.8730
1.0346,-6.5911,0.4982,0.0340,-0.7686,-0.8341
1.7244,-6.7827,0.7664,-0.0862,-0.6811,-0.7455
1.6478,-6.3612,0.8047,-0.2125,-0.5282,-0.6690
1.3029,-6.0163,0.6514,-0.4735,-0.3764,-0.5876
0.6898,-6.6294,1.1496,-0.6447,-0.3570,-0.4662
0.1916,-7.9706,1.7244,-0.5706,-0.4759,-0.2428
-0.8430,-9.3502,1.7244,-0.3740,-0.5986,-0.0085
0.2682,-10.2698,1.6095,-0.1991,-0.6314,0.0765
-0.1916,-11.2662,2.3375,-0.1020,-0.6083,0.0109
1.0730,-11.5344,1.3412,-0.0898,-0.7455,0.0219
3.4105,-12.6840,2.4908,-0.3557,-0.4893,-0.1566
4.0620,-12.0709,2.7591,-0.2744,-0.2210,-0.3327
3.5255,-15.4814,2.4525,-0.4031,-0.2234,-0.5197
0.6898,-18.0105,-2.4142,-0.9495,-0.1421,-0.8778
1.0730,-15.2515,-3.2189,0.1566,-0.0959,-1.0332
2.0693,-13.4504,-5.9396,0.1421,-0.0583,-1.1425
-0.0766,-9.5034,-3.5638,0.7989,0.2562,-1.1352
0.4215,-9.8866,-0.9197,0.6435,0.1141,-0.7892
0.5748,-11.2662,-1.8394,0.4213,0.0109,-0.1870
0.2299,-11.1129,-0.5365,0.5597,0.0036,0.3436
0.1150,-9.6184,-0.0383,0.4262,0.1493,0.6265
1.3029,-9.8866,-0.1916,-0.0085,0.1178,0.6981
1.8011,-9.6184,-0.3066,-0.0401,0.1918,0.7601
1.9543,-8.7370,-0.4598,0.0643,0.4092,0.7758
0.9197,-7.8173,-0.1916,0.1578,0.6277,0.7394
-0.1150,-7.0509,0.0383,0.1117,0.6738,0.7030
-0.4215,-7.0509,0.4598,0.0036,0.6738,0.6605
-1.3795,-7.1276,0.9963,-0.0643,0.5961,0.5889
-0.9197,-7.3192,1.1496,-0.1578,0.4419,0.5014
-0.9963,-7.0126,1.5711,-0.2088,0.4031,0.3885
-1.1496,-7.0126,1.4945,-0.3230,0.3363,0.2890
-0.4598,-7.5491,1.5711,-0.3521,0.3497,0.1894
0.5748,-8.2389,1.3795,-0.3703,0.4359,0.0474
0.8047,-10.2315,1.0730,-0.3655,0.5500,-0.0595
1.1879,-11.9176,2.0693,-0.2307,0.6666,-0.1469
-1.5711,-11.8410,2.4142,-0.2270,0.8220,-0.2015
-2.9123,-12.1859,2.4142,-0.5658,0.4772,0.0000
-4.2919,-12.5691,4.0236,-0.2028,0.5221,0.3023
-5.0200,-14.3701,2.7974,-0.1882,0.4067,0.5731
1.1496,-17.1292,-4.4452,-1.3683,-0.0838,0.9106
-1.8777,-15.9413,-3.7171,0.3788,0.4165,1.2117
0.3449,-11.9943,-5.9013,0.5051,0.2708,1.2676

