-.-.-
-1.6095,-6.4378,-10.1166,0.5330,-0.8718,-0.0316
1.2263,-10.0399,-9.7717,-1.0260,-0.6301,0.1481
0.7664,-11.8027,-6.8593,-0.1943,0.3230,-0.0267
-1.6478,-10.3848,-10.1549,0.2683,0.8851,-0.3825
-2.0693,-9.0819,-7.4725,-0.1153,1.0527,-0.7066
-3.1806,-9.5034,-4.1769,0.2173,0.7346,-0.6678
-2.7591,-8.5838,-3.6787,0.6544,0.4104,-0.1882
-0.3449,-8.0856,-5.0583,0.0425,0.2768,0.1433
0.9963,-10.0399,-5.3648,-0.6896,0.5124,0.2926
1.7244,-10.0016,-4.4452,-0.2453,0.7236,0.3897
1.2646,-7.6257,-2.6824,0.3181,0.5961,0.4152
0.2299,-5.8630,-2.5291,0.4674,0.2695,0.4043
-1.2263,-4.8284,-2.8357,0.3606,0.0012,0.4128
-1.9543,-4.5601,-2.9890,0.1518,-0.0461,0.4480
-2.2226,-4.9433,-2.5675,-0.1299,0.1554,0.4638
-1.6095,-5.7864,-2.1459,-0.4298,0.3703,0.4262
-1.4562,-7.1276,-1.7627,-0.6338,0.5585,0.3485
-0.9197,-8.3538,-2.1459,-0.6690,0.6690,0.2331
-0.0766,-9.2735,-2.5675,-0.6411,0.7479,0.1384
0.6514,-9.9633,-2.3375,-0.5160,0.7418,0.0765
0.1150,-10.4614,-1.5328,-0.2744,0.5524,-0.0206
-1.0730,-10.6530,-1.0346,0.0291,0.2355,-0.1506
-2.0310,-11.2662,-0.9580,0.3375,-0.0255,-0.2125
-2.2992,-11.3045,-0.4215,0.6969,-0.1153,-0.2210
-1.7627,-10.4614,-0.9580,0.8766,-0.0061,-0.1845
-2.5291,-6.7827,-6.7061,0.6811,0.0134,-0.2793
-3.0273,-9.0436,-12.2242,-1.3744,-0.3302,-0.1979
-2.8740,-15.4814,-6.3229,-0.7273,-0.2453,0.2331
1.1113,-14.0252,-11.0746,0.4468,-0.8463,0.3995
1.9160,-9.8483,-8.3921,0.5524,-0.5536,0.2963
2.4142,-6.2462,-5.4415,1.1049,-0.2817,0.1068
1.2263,-5.5948,-4.4452,0.5099,-0.0728,0.0753
-0.3832,-7.2809,-4.7134,-0.3837,-0.2234,0.0170
-1.6861,-10.9596,-5.1732,-0.5136,-0.7358,0.0291
-1.9160,-10.4998,-4.5218,0.3132,-0.6933,-0.1639
-1.9160,-7.4341,-2.3375,0.7006,-0.2040,-0.3752
-1.2646,-4.7134,-1.1113,0.4262,-0.0049,-0.5464
-0.3449,-3.5638,-1.6861,0.0279,0.0680,-0.5488
0.3449,-3.1806,-3.1423,-0.1991,0.0668,-0.5536
0.9197,-3.6787,-3.9087,-0.4092,-0.0607,-0.6241
1.0346,-5.1732,-3.9087,-0.6738,-0.2683,-0.6544
1.0730,-7.4341,-3.1423,-0.7491,-0.5367,-0.5439
0.8430,-9.3502,-2.0310,-0.4116,-0.8025,-0.3533
0.0766,-10.0399,-2.3759,-0.0413,-0.9300,-0.2161
-0.3066,-10.4998,-2.7207,0.1008,-0.8669,-0.1263
0.5748,-10.7297,-2.3759,0.2550,-0.6738,-0.0243
1.9160,-10.7680,-1.3029,0.4419,-0.4031,0.0316
2.6058,-11.1895,-0.9197,0.5949,-0.2222,0.0243
3.1806,-11.6111,-0.9580,0.8378,-0.1020,-0.0461
2.4142,-11.3811,-0.6131,1.0381,-0.0061,-0.1299
-0.1150,-9.1969,-2.5675,1.0587,-0.0109,-0.1263
-0.6131,-7.1659,-9.7717,-0.0923,-0.2513,0.0704
0.5748,-11.3428,-5.2116,-0.7613,-0.0777,-0.0158
-2.2226,-11.1512,-8.7754,-0.0109,0.3715,-0.1421
-3.4871,-10.4231,-11.5727,-0.1360,1.0017,-0.2744
-2.3375,-9.3502,-7.3958,-0.2258,0.8912,-0.5549
-2.0693,-8.4305,-5.4032,0.2380,0.5901,-0.4966
-0.7281,-7.4725,-5.3265,0.4165,0.3023,-0.1894
1.1879,-8.6987,-5.7097,-0.0996,0.2562,0.0170
1.9927,-10.3082,-4.9433,-0.3642,0.5597,0.1748
1.6478,-9.6950,-3.1039,0.0231,0.6751,0.3630
0.9197,-7.1276,-2.1843,0.4614,0.5379,0.4165
-0.2299,-5.4415,-2.7591,0.4614,0.3242,0.4067
-1.5711,-4.6751,-2.8357,0.2380,0.1275,0.3873
-2.2992,-4.4068,-2.8357,0.1275,0.1020,0.3849
-2.0693,-4.7134,-2.5675,0.0559,0.2270,0.3934
-1.2646,-5.5181,-1.7627,-0.1141,0.3606,0.3970
-0.7664,-7.1659,-1.7244,-0.2538,0.4371,0.3448
0.3066,-9.1969,-2.4908,-0.3047,0.5913,0.1821
0.8047,-10.3082,-2.5675,-0.1311,0.6993,-0.0073
0.8814,-10.9596,-1.9543,0.0983,0.6896,-0.1081
-0.3066,-10.9596,-1.0346,0.3485,0.5148,-0.1251
-1.6478,-10.3465,-0.6898,0.5524,0.1833,-0.0376
-2.6441,-10.4614,-0.4598,0.6144,0.0692,0.0486
-2.8740,-10.7297,-0.2682,0.6884,-0.0158,0.0801
-2.3759,-9.0436,-4.5218,0.5767,-0.1930,-0.0498
-1.4945,-10.4614,-9.3502,-0.5367,-0.4007,-0.1299
-0.9197,-15.0216,-3.4488,-0.5840,-0.3205,0.2647
2.2609,-14.6384,-8.8520,0.2574,-0.6799,0.4201
2.7207,-9.9633,-9.6567,0.2501,-0.3327,0.2440
2.7207,-6.9360,-6.0929,0.5112,0.0923,0.2270
1.1113,-6.1313,-5.3265,0.2404,0.2088,0.2040
0.0000,-7.0509,-4.6368,-0.1821,0.0923,0.1202
-0.8047,-9.1969,-4.5218,-0.2416,-0.2525,0.2003
-1.9160,-10.2698,-4.4068,-0.0692,-0.4517,0.1761
-2.4525,-8.9286,-2.9890,0.1542,-0.2586,-0.0813
-1.7627,-6.5528,-1.8011,0.2392,-0.0413,-0.3703
-0.2682,-4.4835,-2.1843,0.0947,0.0474,-0.5670
0.3066,-3.7171,-3.1039,-0.2222,0.1603,-0.6216
1.0730,-3.9470,-3.4488,-0.4007,0.0765,-0.6338
1.2263,-4.4452,-3.6021,-0.3800,-0.1943,-0.6386
0.9963,-5.5181,-3.1423,-0.4541,-0.5002,-0.5913
0.4598,-7.3958,-2.4908,-0.5245,-0.7467,-0.4747
0.1533,-9.3502,-2.2992,-0.4359,-0.9592,-0.3242
-0.4598,-10.9213,-2.3759,-0.2064,-1.0672,-0.1676
-0.4982,-11.6111,-2.3375,0.0801,-1.0794,-0.0376
0.6514,-11.2662,-1.4945,0.4407,-1.0041,0.0267
1.6861,-10.1932,-0.6898,0.6289,-0.8438,0.0219
2.3759,-10.4231,-0.9580,0.6362,-0.6423,-0.0109
3.3722,-11.3428,-1.1879,0.6508,-0.3885,-0.1481
2.5291,-10.5381,-2.4142,0.6496,-0.1870,-0.2817
2.9507,-8.8520,-7.9706,0.0534,-0.1056,-0.2149
1.1113,-10.4231,-5.1349,-0.7673,0.2428,-0.1858
-1.7244,-11.0746,-7.5108,-0.5901,0.3193,-0.1761
-2.9890,-12.2625,-10.5381,-0.5124,0.5014,-0.2428
-3.5255,-11.1895,-8.0856,0.2525,0.5039,-0.3740
-3.4871,-8.5838,-6.0546,0.5840,0.2853,-0.1323
-1.8394,-7.3575,-4.4835,0.3096,0.2380,0.1870
0.5365,-6.7827,-4.6751,-0.1384,0.2113,0.2525
2.2609,-8.1239,-5.1349,-0.7552,0.4881,0.2100
2.2226,-9.8866,-4.4452,-0.7807,0.7248,0.3642
1.5711,-9.0053,-3.1039,-0.0753,0.6423,0.4383
0.7281,-6.8210,-2.9507,0.3825,0.4043,0.3910
-0.6898,-4.9433,-2.5291,0.3861,0.0728,0.3363
-1.2646,-3.7937,-2.4908,0.2513,-0.2076,0.3254
-1.2263,-3.0656,-2.5675,-0.0534,-0.2222,0.3752
-1.1113,-4.1386,-2.5675,-0.5913,-0.0291,0.4687
-1.2646,-6.1313,-1.8394,-0.7698,0.3290,0.4711
-1.1496,-7.3958,-2.1843,-0.5039,0.8317,0.4080
-0.9197,-8.6987,-2.4908,-0.4359,1.1534,0.3047
-0.6131,-10.1932,-2.7591,-0.5451,1.1012,0.1433
-0.2682,-12.6840,-1.9160,-0.3594,0.7552,0.0364
-0.8814,-12.8756,-1.6095,0.2987,0.3023,-0.0643
-1.9927,-11.4961,-1.6478,0.7625,-0.0255,-0.0911
-3.3339,-10.1166,-1.5328,0.8232,-0.1081,-0.0631
-4.5601,-8.5838,-2.5291,0.7491,-0.1688,-0.0522
-4.1769,-7.5491,-12.4924,-0.3424,-0.4407,-0.2453
-3.4871,-15.0982,-5.5948,-1.2117,-0.4262,0.1979

