-.-.-
-0.0383,-8.2772,-3.2189,0.1433,0.1068,0.5075
2.3759,-6.5528,-2.1843,0.2732,0.3193,0.1712
3.4871,-7.3575,-1.1113,0.1481,0.4553,-0.0510
2.3375,-9.2352,-0.7664,-0.0959,0.5354,-0.1651
0.0383,-10.0016,-0.8430,-0.0753,0.5367,-0.2513
-1.8394,-10.3082,-1.0346,0.0959,0.5124,-0.3995
-2.1459,-9.5418,-0.6898,0.2501,0.3497,-0.5634
-0.7664,-8.8137,0.0000,0.3351,0.1348,-0.5901
0.4598,-8.5838,0.0766,0.2574,-0.1299,-0.4687
0.8430,-8.2772,-0.1916,0.1384,-0.2647,-0.3934
0.8430,-8.2772,0.0766,0.1166,-0.2574,-0.3667
0.8047,-8.3155,0.2682,0.1081,-0.2793,-0.3703
0.9580,-8.8520,0.3066,0.0777,-0.2368,-0.3618
1.0346,-8.7754,0.4982,0.1056,-0.1263,-0.3509
0.9197,-8.3155,0.9580,0.1894,-0.1384,-0.2902
1.1113,-7.8557,1.2263,0.0826,-0.1906,-0.1785
1.3412,-7.5874,0.8430,-0.0134,-0.1712,-0.1032
1.7627,-7.8557,0.6131,-0.1238,-0.0728,-0.0716
1.3029,-7.9706,1.4562,-0.1663,-0.0947,-0.0352
0.9580,-8.7370,1.7244,-0.1542,-0.2137,0.0243
0.7664,-9.4268,1.4945,-0.1251,-0.2695,0.0959
1.0730,-10.4231,1.7244,0.0109,-0.2841,0.1153
1.1113,-11.2279,1.9543,0.1591,-0.3825,0.1117
0.6514,-10.9213,1.8394,0.2185,-0.5002,0.1421
0.9197,-10.6147,1.2263,0.1469,-0.3764,0.1408
2.4142,-10.5764,1.9160,0.0801,-0.2283,0.0959
2.8740,-10.9596,4.0620,0.2319,-0.2695,0.0036
1.3029,-11.1895,2.5675,0.4419,-0.2768,-0.1748
0.3066,-13.1439,-0.7664,-0.2052,-0.1226,-0.3934
1.5711,-15.3281,-0.7664,-0.1251,0.0316,-0.5124
3.2955,-11.4961,-2.8357,0.4152,0.3375,-0.6617
3.6787,-8.4688,-2.4908,0.3521,0.6569,-0.6034
0.4215,-7.4725,-2.4908,0.1299,0.1663,-0.2610
-0.9963,-7.1659,-2.8357,-0.0449,-0.1433,0.0182
-2.2226,-7.9323,-1.6095,-0.0680,-0.0364,0.0486
-1.1496,-9.1969,-0.4982,0.0243,-0.1311,0.0838
0.5365,-9.3502,-1.2646,0.2234,-0.1615,0.2295
2.3375,-9.0436,-1.5328,0.2003,-0.0182,0.3910
2.8740,-9.4651,-1.2263,0.0510,0.3254,0.3533
2.1843,-9.7717,-0.7281,-0.0716,0.5573,0.2841
0.9963,-8.8520,-0.2682,0.1433,0.6095,0.3460
-0.4982,-8.4688,0.4598,0.1372,0.5986,0.4298
-1.3029,-8.5454,0.4598,0.0838,0.4832,0.4432
-1.2263,-9.2735,0.0000,0.0219,0.3715,0.4128
-1.0346,-9.3885,0.0383,0.1044,0.2902,0.3946
-0.1533,-8.8520,0.3066,0.1785,0.2671,0.3800
0.2299,-8.0473,0.6131,0.1566,0.2550,0.3278
0.0766,-7.4725,0.8814,0.1020,0.2525,0.2538
-0.6131,-7.7024,0.8047,-0.0510,0.2598,0.1882
-0.9963,-8.0473,0.4598,-0.1603,0.2708,0.1336
-1.0730,-8.4688,1.1879,-0.1542,0.2562,0.0559
-1.3412,-8.6604,1.8011,-0.0886,0.1797,-0.0073
-1.3412,-8.5071,1.8777,0.0279,0.0656,-0.0874
-1.1496,-8.2772,1.3795,0.0376,0.0874,-0.1736
-0.1533,-8.8903,1.4945,-0.0437,0.1542,-0.2489
-0.0383,-9.7334,1.4562,-0.0474,0.0777,-0.2659
-0.0766,-10.8830,0.5748,-0.1882,-0.0364,-0.1943
0.5365,-11.5727,0.4215,-0.3047,0.1433,-0.2319
-0.2299,-11.9559,2.2609,-0.0474,0.1348,-0.2210
-1.0346,-11.8027,3.7937,0.2914,0.0850,0.0376
-0.4598,-10.7680,3.6021,0.4893,0.1845,0.2234
-0.4982,-9.7334,1.8394,0.4419,0.2246,0.2052
-0.6898,-10.8446,-0.5365,-0.2270,0.4152,0.1481
0.0000,-13.4504,0.0383,-0.5379,0.3351,0.2088
-3.4105,-12.3775,-2.4908,-0.0947,-0.1821,0.4990
-2.3759,-10.8446,-4.3302,-0.1688,-0.4104,0.7346
-0.3066,-8.7370,-4.0620,-0.0231,-0.0170,0.5464
2.2992,-7.4341,-2.9890,0.0838,0.1178,0.1930
3.4871,-7.7407,-1.7627,0.1020,0.3460,-0.1251
2.7207,-8.7370,-0.9580,0.0692,0.4043,-0.2295
0.3449,-9.4651,-0.7664,0.1372,0.3424,-0.2732
-1.9927,-9.7334,-0.6131,0.2003,0.3169,-0.3800
-2.5291,-10.0399,-0.4215,0.1870,0.2319,-0.5767
-0.9963,-9.8100,-0.3832,0.2890,0.0000,-0.6678
0.5365,-8.6987,-0.4982,0.3533,-0.2222,-0.5998
1.0346,-7.5491,-0.6514,0.2185,-0.4310,-0.5027
0.8430,-7.7024,-0.1533,-0.0024,-0.4990,-0.4419
0.9963,-8.4305,-0.0766,-0.1955,-0.4055,-0.4274
1.1496,-9.0436,0.1533,-0.2623,-0.3375,-0.3982
1.2263,-9.3502,0.2682,-0.1238,-0.3060,-0.3412
1.1879,-8.6604,0.3066,-0.0692,-0.2550,-0.3193
1.4562,-8.3155,0.3066,-0.0522,-0.1979,-0.2780
1.7627,-7.8173,0.5365,-0.1020,-0.1299,-0.1930
1.9160,-7.4341,0.6898,-0.1311,-0.1008,-0.0996
1.6095,-7.3958,1.0730,-0.1712,-0.0874,0.0109
1.0346,-8.0473,1.5711,-0.1603,-0.0947,0.1542
0.5748,-8.6221,1.3029,-0.1044,-0.1542,0.2732
0.8047,-9.8866,1.1113,-0.0668,-0.1736,0.3217
0.9580,-11.0363,1.0730,-0.0304,-0.1566,0.2829
1.1496,-11.4195,0.9197,0.0862,-0.1943,0.2064
0.4982,-11.4578,0.4215,0.1336,-0.1493,0.1287
0.9580,-11.0746,1.9160,0.2210,-0.0425,0.1105
1.1879,-11.3045,3.9470,0.4942,-0.1858,0.0765
0.3449,-11.4961,3.2955,0.6447,-0.3606,-0.0340
0.0383,-12.3775,-1.2263,0.1918,-0.3047,-0.2525
1.4945,-15.7880,-1.0346,-0.3157,-0.4286,-0.3205
3.4105,-13.2588,-2.7974,0.3169,0.0024,-0.5889
4.2152,-9.6184,-2.7591,0.4893,0.5767,-0.7406
1.0730,-7.3192,-1.9927,0.2926,0.2841,-0.5719
-0.4598,-6.2845,-2.3759,0.0753,-0.2234,-0.2088
-2.3375,-7.2042,-2.2609,-0.0571,-0.2841,0.0194
-1.8394,-9.1202,-1.1879,0.0206,-0.3412,0.0996
0.3832,-9.8100,-1.4179,0.3011,-0.4140,0.2137
2.3375,-9.4268,-1.7627,0.3897,-0.3363,0.3691
2.9890,-9.4268,-0.8430,0.2137,0.0109,0.4359
2.2992,-9.1586,-0.7664,0.1214,0.4249,0.3727
1.3029,-8.4305,-0.9197,0.0595,0.6423,0.3703
0.2299,-7.8940,-0.7281,0.1044,0.6848,0.4128
-0.6131,-8.6604,-0.1150,0.0461,0.6447,0.3897
-0.6514,-9.1202,-0.0766,0.0801,0.5415,0.3934
-0.9580,-9.1969,0.1150,0.1202,0.4723,0.3982
-0.5748,-9.5418,0.1916,0.1566,0.4213,0.4055
-0.4598,-8.8137,0.3449,0.2161,0.3472,0.3934
-0.6514,-8.2772,0.6514,0.2210,0.2938,0.3266
-1.0346,-8.0856,0.8047,0.1518,0.2270,0.2307
-0.9197,-8.0089,0.6514,0.0182,0.1518,0.1493
-0.9197,-7.7790,0.9963,-0.1141,0.1129,0.0826
-0.5748,-8.1622,1.2646,-0.1287,0.0522,0.0036
-0.9580,-8.1622,1.0730,-0.0680,-0.0291,-0.0474
-0.8430,-8.5838,0.9197,0.0413,-0.0571,-0.0789
-0.4215,-8.8520,0.9197,0.1578,0.0170,-0.1263
-0.0383,-9.4268,1.0730,0.0983,0.0643,-0.1530
0.1533,-10.2315,1.1879,0.0619,0.1481,-0.1263
-0.0766,-11.0746,1.7627,0.0267,0.2805,-0.1263
0.0383,-11.0746,1.6478,0.1530,0.3825,-0.2283
-0.6898,-10.7297,2.0310,0.1457,0.3582,-0.3157
-2.1843,-10.6914,3.2189,0.1809,0.3145,-0.2028
-2.2609,-10.4231,3.6021,0.2198,0.3655,-0.0012

