-.-.-
-0.7664,-10.9596,-3.9087,0.7006,0.1481,0.0219
0.9197,-8.2389,-1.7244,0.8718,0.0449,-0.1020
0.8814,-7.0893,-0.9963,0.5427,0.0680,-0.1166
0.3449,-8.2772,-1.2263,-0.1918,0.0376,-0.0595
0.0000,-9.9633,-1.4179,-0.5646,-0.0109,-0.0401
0.0000,-10.1932,-1.7627,-0.2477,-0.0437,-0.0340
0.1533,-9.7717,-2.0310,0.1093,-0.0607,-0.0474
0.0383,-9.0819,-2.3759,0.1700,-0.0437,-0.0741
0.3832,-8.7370,-2.2609,0.1712,-0.0328,-0.0753
0.1533,-8.8520,-2.4908,0.1882,-0.0024,-0.0340
-0.1150,-9.3502,-2.6058,0.1093,0.0206,-0.0109
-0.1533,-9.5418,-2.6824,0.0559,0.0826,-0.0267
0.0000,-9.5801,-2.4525,0.0850,0.0692,-0.0304
0.1533,-9.4268,-2.5675,0.1578,0.0340,-0.0449
0.1916,-9.0053,-2.4908,0.2501,0.0716,-0.0692
0.4215,-8.7754,-2.3759,0.2125,0.1433,-0.0571
0.3066,-8.7754,-2.4142,0.0510,0.2088,-0.0182
0.0383,-9.3502,-2.4908,0.0085,0.2744,0.0073
-0.0766,-9.7717,-2.4908,0.1093,0.2987,0.0000
-0.1533,-9.6184,-2.6058,0.1882,0.2890,-0.0061
-0.0766,-9.0053,-2.6058,0.1761,0.2695,-0.0024
0.1916,-8.9286,-2.4908,0.0813,0.2610,-0.0073
0.3449,-9.2352,-2.4142,0.0061,0.2586,-0.0012
0.3066,-9.3118,-2.5675,0.0474,0.2683,0.0109
0.3449,-9.3502,-2.2226,0.1020,0.2744,0.0121
0.3066,-9.2735,-2.4142,0.1202,0.2780,0.0061
0.3832,-9.3502,-2.4908,0.1166,0.3035,0.0134
0.3066,-9.1202,-2.3759,0.1178,0.3060,0.0097
0.5365,-9.2735,-2.2992,0.1008,0.2987,0.0000
0.3066,-9.0436,-2.4525,0.0571,0.2914,-0.0061
0.4215,-9.2352,-2.3375,0.0486,0.2683,0.0000
0.1533,-9.3502,-2.4142,0.0073,0.2416,0.0121
0.1150,-9.5418,-2.3759,0.0401,0.1955,0.0024
0.2682,-9.3118,-2.6058,0.1372,0.1870,0.0036
0.1916,-8.9670,-2.2609,0.1445,0.1991,0.0146
0.1150,-9.5034,-2.0310,0.0486,0.1761,0.0109
0.2299,-9.5801,-2.1843,0.0753,0.1493,-0.0061
0.4598,-9.4651,-2.1459,0.1724,0.1275,-0.0134
0.1533,-9.2352,-2.1843,0.1785,0.1129,0.0000
0.0766,-9.1969,-1.9927,0.1129,0.1081,0.0012
0.1150,-9.3118,-1.9543,0.0947,0.0923,-0.0061
0.2299,-9.2352,-2.0693,0.1178,0.0668,-0.0085
0.1150,-9.3118,-2.1076,0.1129,0.0401,-0.0036
0.0383,-9.2352,-2.0310,0.0971,0.0000,-0.0024
0.0766,-9.3502,-2.0693,0.0947,-0.0304,-0.0085
0.0000,-9.0819,-1.9927,0.0898,-0.0474,-0.0134
0.1916,-9.2352,-1.8394,0.0765,-0.0680,-0.0146
0.1916,-9.4268,-2.0310,0.0765,-0.0680,-0.0146
0.3449,-9.3118,-2.0310,0.0874,-0.0704,-0.0158
0.1533,-9.4268,-2.1459,0.0911,-0.0911,-0.0170
0.2299,-9.1969,-1.9927,0.1141,-0.1008,-0.0255
0.3066,-9.1202,-1.9543,0.1008,-0.0947,-0.0267
0.2682,-9.3502,-2.1076,0.0728,-0.0741,-0.0206
0.3066,-9.4268,-2.1076,0.0826,-0.0704,-0.0158
0.1916,-9.2352,-2.4525,0.0898,-0.0692,-0.0231
0.2299,-9.2352,-2.2226,0.0959,-0.0546,-0.0231
0.2682,-9.2352,-2.1459,0.0886,-0.0389,-0.0146
0.3066,-9.4268,-2.2226,0.0692,-0.0340,-0.0097
0.3832,-9.3885,-2.1843,0.0801,-0.0352,-0.0121
0.2299,-9.2735,-2.3375,0.0704,-0.0121,-0.0158
0.3066,-9.3502,-2.1459,0.0498,0.0097,-0.0134
0.3066,-9.4651,-2.1843,0.0607,0.0231,-0.0073
0.2299,-9.2352,-2.0693,0.0801,0.0291,-0.0109
0.2682,-9.1969,-2.1076,0.0643,0.0449,-0.0134
0.1916,-9.3885,-2.0693,0.0194,0.0546,-0.0097
0.1916,-9.4268,-2.2992,0.0267,0.0474,-0.0134
0.2299,-9.1586,-2.2992,0.0291,0.0741,-0.0146
0.2299,-9.2352,-2.0310,0.0134,0.1008,-0.0085
0.1916,-9.4651,-2.1843,0.0073,0.1032,-0.0073
0.1533,-9.6950,-2.1459,0.0206,0.1008,-0.0049
0.0766,-9.3502,-2.1076,0.0680,0.0971,-0.0049
0.1533,-9.1969,-1.9927,0.0643,0.1008,-0.0061
0.3066,-9.3885,-2.4142,0.0316,0.1056,-0.0073
0.3066,-9.3118,-2.0693,0.0340,0.1008,-0.0061
0.1916,-9.3502,-2.1076,0.0389,0.0801,0.0024
0.0766,-9.2735,-2.1843,0.0376,0.0631,-0.0049
0.2682,-9.1586,-1.7627,0.0243,0.0631,-0.0085
0.3449,-9.4651,-2.1076,0.0255,0.0498,-0.0061
0.3066,-9.2352,-2.0693,0.0328,0.0279,-0.0085
0.1150,-9.2352,-2.1843,0.0097,0.0134,-0.0170
0.1533,-9.2735,-2.2992,-0.0219,0.0024,-0.0219
0.0383,-9.3118,-2.2609,-0.0340,-0.0085,-0.0121
0.2682,-9.3885,-2.1459,-0.0049,-0.0340,-0.0109
0.2299,-9.2735,-2.1459,0.0206,-0.0461,-0.0194
0.3066,-9.3502,-2.2226,0.0085,-0.0425,-0.0182
0.3066,-9.2735,-2.2226,-0.0049,-0.0376,-0.0194
0.3832,-9.3885,-2.3759,-0.0061,-0.0243,-0.0158
0.3449,-9.4651,-2.2226,0.0146,-0.0134,-0.0170
0.4215,-9.3885,-2.2992,0.0425,-0.0085,-0.0109
0.2299,-9.2352,-2.1459,0.0474,-0.0085,-0.0085
0.2682,-9.2735,-2.2609,0.0413,0.0049,-0.0121
0.3066,-9.3885,-2.1459,0.0352,0.0231,-0.0085
0.1533,-9.4268,-2.1843,0.0291,0.0316,-0.0061
0.1150,-9.1969,-2.2609,0.0425,0.0255,-0.0121
0.1150,-9.2352,-2.6058,0.0425,0.0231,-0.0109
0.3449,-9.3885,-2.3375,0.0340,0.0267,-0.0097
0.1150,-9.2735,-2.3375,0.0267,0.0134,-0.0049
0.2299,-9.0819,-2.2992,0.0255,0.0097,-0.0073
0.3066,-9.1969,-2.2609,0.0049,0.0219,-0.0134
0.2682,-9.2735,-2.2226,0.0073,0.0291,-0.0061
0.1533,-9.2735,-2.1843,0.0279,0.0304,-0.0061
0.1533,-9.3118,-2.3375,0.0243,0.0182,-0.0012
0.1150,-9.3885,-2.2609,0.0389,-0.0146,0.0012
0.0000,-9.4268,-2.3375,0.0631,-0.0291,-0.0012
0.1150,-9.3118,-2.2992,0.0595,-0.0413,0.0012
0.1916,-9.1969,-2.2992,0.0534,-0.0789,0.0049
0.1150,-9.1202,-2.4142,0.0316,-0.0741,0.0121
0.3066,-9.1586,-2.4908,-0.0024,-0.0425,0.0158
0.3832,-9.2352,-2.3759,-0.0291,-0.0328,0.0206
0.6131,-9.1202,-2.4525,0.0158,-0.0607,0.0304
0.5365,-9.1202,-2.7207,0.0850,-0.0704,0.0486
0.1916,-9.1202,-2.5291,0.0546,-0.0316,0.0474
0.2299,-9.0819,-2.6441,-0.0376,0.0036,0.0206
0.4598,-8.5071,-2.9507,-0.0692,-0.0704,0.0146
0.4598,-7.7024,-3.6787,-0.1287,-0.0595,0.0328
0.2682,-6.7061,-3.6404,-0.2368,-0.0486,0.0049
0.2682,-6.2462,-3.7554,-0.4189,0.0097,-0.0352
0.4215,-6.2845,-3.4488,-0.6059,0.0534,-0.0826
0.5365,-6.0163,-3.2189,-0.7552,0.1615,-0.0983
0.3066,-5.2499,-2.9123,-0.8535,0.1226,-0.1008
0.5365,-4.6368,-2.7591,-0.8997,0.1178,-0.1020
0.4982,-4.7517,-2.7591,-0.9592,0.1809,-0.1299
0.3449,-5.6331,-2.9890,-1.1377,0.1821,-0.1493
0.1150,-7.2425,-2.2226,-1.1947,0.2234,-0.1736
-0.0766,-9.6567,-1.4945,-0.8936,0.2623,-0.1894
0.2299,-11.4578,-2.8357,-0.4808,0.3873,-0.2100
0.4215,-12.3008,-3.9470,-0.1882,0.3315,-0.2671
0.4982,-13.5654,-4.2152,0.1020,0.1518,-0.3630

