-.-.-
0.9197,-9.4651,0.9197,-0.0583,0.0121,0.0036
0.8814,-9.3502,0.8814,-0.0777,0.0146,-0.0024
0.8430,-9.4268,1.0346,-0.0813,0.0194,-0.0049
0.8047,-9.3885,1.0730,-0.0789,0.0182,-0.0061
0.8430,-9.4651,1.0346,-0.0595,0.0219,-0.0036
0.8814,-9.5034,0.9580,-0.0510,0.0243,0.0012
0.9963,-9.3885,0.9580,-0.0474,0.0121,0.0073
0.8047,-9.3502,0.8430,-0.0607,0.0085,0.0085
0.9580,-9.4651,0.8047,-0.0947,0.0146,0.0061
0.9197,-9.5034,1.1113,-0.1141,0.0194,-0.0036
0.8430,-9.4651,1.0730,-0.0971,0.0134,0.0000
0.8047,-9.4651,1.1496,-0.0741,0.0073,0.0049
0.8047,-9.3885,0.9197,-0.0668,0.0000,0.0073
0.7664,-9.4651,0.8430,-0.0862,-0.0061,0.0109
0.9580,-9.5418,0.8814,-0.0935,-0.0073,0.0085
0.9580,-9.3885,0.8430,-0.0983,-0.0097,0.0049
0.8047,-9.3118,0.7664,-0.0850,0.0024,-0.0024
0.8430,-9.3885,0.9963,-0.0838,0.0049,-0.0073
0.8814,-9.4268,0.9580,-0.0741,0.0036,-0.0073
0.7281,-9.3502,1.0730,-0.0559,0.0000,0.0036
0.7664,-9.2735,0.9197,-0.0716,-0.0085,0.0085
0.8047,-9.2735,0.8430,-0.1226,-0.0061,0.0061
0.8047,-9.3502,0.8047,-0.1518,-0.0036,0.0012
1.0346,-9.5418,0.9197,-0.1469,0.0012,-0.0012
0.9197,-9.4651,0.9580,-0.1311,0.0012,-0.0036
0.9197,-9.3885,0.9197,-0.1251,-0.0085,-0.0036
0.8814,-9.4268,0.7281,-0.1421,-0.0061,-0.0024
0.9580,-9.4268,0.8047,-0.1651,0.0061,-0.0036
0.9197,-9.4268,0.7281,-0.1821,0.0000,-0.0036
0.8047,-9.2352,0.8047,-0.1833,-0.0073,0.0024
0.7664,-9.3118,0.6131,-0.2173,-0.0109,-0.0024
0.8430,-9.3885,0.7664,-0.2671,-0.0097,-0.0073
0.9197,-9.5418,0.6898,-0.2635,-0.0024,-0.0073
0.9197,-9.5034,0.6131,-0.2210,0.0000,0.0012
0.8814,-9.3885,0.7281,-0.2003,0.0012,0.0036
0.9963,-9.5034,1.0346,-0.2100,0.0121,0.0073
0.9197,-9.3885,1.0346,-0.1967,0.0364,0.0206
0.8430,-9.2735,0.8430,-0.2161,0.0085,0.0437
0.7664,-9.2735,0.6514,-0.3145,-0.0304,0.0474
0.9580,-9.3118,0.3832,-0.3837,-0.0304,0.0328
0.8047,-9.6184,0.4598,-0.3679,-0.0012,0.0121
0.7281,-9.5801,0.3066,-0.2890,0.0206,-0.0036
0.7281,-9.5034,0.3066,-0.2149,0.0206,-0.0121
0.7281,-9.2735,0.1533,-0.2003,0.0061,-0.0085
0.6898,-9.2352,-0.0766,-0.2598,-0.0134,0.0049
0.7664,-9.3885,-0.1150,-0.3497,-0.0255,0.0158
0.8814,-9.5801,-0.3066,-0.4055,-0.0219,0.0158
0.9580,-9.6950,-0.3066,-0.3970,0.0000,0.0049
0.8430,-9.7717,-0.3449,-0.3582,0.0024,0.0024
0.8047,-9.6567,-0.6131,-0.3448,-0.0182,0.0097
0.8047,-9.5418,-0.6898,-0.3691,-0.0328,0.0255
0.6898,-9.5034,-0.6514,-0.4128,-0.0304,0.0316
0.8047,-9.4651,-0.6131,-0.4626,-0.0583,0.0316
0.7664,-9.3885,-0.4982,-0.5354,-0.0777,0.0279
0.8047,-9.4651,-0.3832,-0.6216,-0.0559,0.0231
0.7664,-9.5418,-0.1916,-0.6896,-0.0461,0.0170
0.9580,-9.5801,-0.4215,-0.7261,-0.0231,0.0304
0.9580,-9.5034,-0.3832,-0.8074,-0.0170,0.0474
0.8814,-9.5034,0.0766,-0.9215,0.0073,0.0777
0.9580,-9.5418,-0.0766,-0.9992,0.0109,0.1032
0.8047,-9.5034,-0.1916,-1.0527,0.0146,0.1530
0.8047,-9.5034,-0.6131,-1.1656,-0.0036,0.1821
0.6514,-9.6184,-0.9963,-1.2870,-0.0401,0.1736
0.6131,-9.9250,-1.4945,-1.4254,-0.0097,0.1469
0.6514,-10.0399,-1.9927,-1.5395,0.0291,0.1190
0.2299,-10.0016,-2.6824,-1.5954,0.0146,0.0996
0.4982,-9.8483,-4.1386,-1.6743,-0.0146,0.1044
0.4215,-10.0782,-4.5218,-1.8224,-0.0304,0.0813
0.6131,-10.3848,-4.6751,-1.9062,-0.0546,0.0510
0.8814,-10.9596,-4.7900,-1.7204,-0.0049,-0.0194
0.7281,-11.0746,-4.7900,-1.2882,0.0486,-0.1178
0.4598,-10.7680,-5.0200,-0.8293,0.0716,-0.1688
0.3832,-10.2315,-4.7900,-0.4881,0.0656,-0.1518
0.5748,-9.6184,-4.6751,-0.2987,0.0935,-0.1081
0.8430,-9.4651,-4.5984,-0.2720,0.1663,-0.0716
0.8430,-9.4268,-4.4835,-0.2987,0.2076,-0.0461
0.6898,-9.4651,-4.5984,-0.2756,0.1979,-0.0328
0.5748,-9.6950,-4.4835,-0.2404,0.2088,-0.0170
0.2682,-9.3502,-4.5601,-0.1979,0.1445,-0.0049
0.3066,-9.4651,-4.7517,-0.1591,0.0474,0.0109
0.4598,-9.5418,-5.2882,-0.1226,0.0049,0.0036
0.4982,-9.5418,-5.2116,-0.1202,-0.0121,-0.0219
0.8430,-9.3885,-5.1349,-0.1481,-0.0219,-0.0461
0.6131,-9.6184,-4.8667,-0.1372,-0.0012,-0.0668
0.6131,-9.6567,-5.0966,-0.0753,-0.0012,-0.0546
0.6514,-9.4651,-5.1349,-0.0206,-0.0437,-0.0219
0.6898,-9.3118,-4.9433,-0.0571,-0.0692,0.0073
0.8430,-9.2735,-4.9433,-0.1129,-0.0947,0.0134
0.7664,-9.4268,-5.0200,-0.0498,-0.0765,0.0109
0.6898,-9.2735,-5.1732,0.0546,-0.0158,0.0158
0.6131,-9.2352,-5.0583,0.0886,-0.0012,0.0170
0.7281,-9.1586,-4.9050,0.0668,-0.0340,0.0158
0.6131,-9.3118,-4.7900,0.0692,-0.0461,0.0085
0.8047,-9.3502,-4.7517,0.1299,-0.0291,0.0036
0.6131,-9.3118,-4.7900,0.1809,-0.0182,0.0085
0.6514,-9.3502,-4.6368,0.1518,-0.0219,0.0182
0.8430,-9.3885,-4.3685,0.1056,-0.0121,0.0182
0.9580,-9.4268,-4.5601,0.1263,0.0012,0.0073
0.8814,-9.2735,-4.9816,0.1700,0.0304,-0.0206
0.7664,-9.3885,-4.9433,0.1457,0.0753,-0.0498
0.7664,-9.4268,-4.7134,0.1166,0.0911,-0.0631
0.6898,-9.5418,-4.3302,0.1251,0.0983,-0.0680
0.6514,-9.5418,-4.4068,0.1845,0.1251,-0.0716
0.6514,-9.4268,-4.5984,0.2708,0.1117,-0.0692
0.7664,-9.2352,-4.6751,0.2926,0.1081,-0.0619
0.6514,-9.0436,-4.5984,0.2562,0.1202,-0.0619
0.6514,-9.0819,-4.2536,0.2052,0.0862,-0.0619
0.7281,-9.2352,-3.9087,0.2319,0.0923,-0.0789
0.7281,-9.0436,-4.0236,0.3060,0.1323,-0.1008
0.6898,-8.8137,-4.1386,0.3509,0.1506,-0.1068
0.6131,-8.6604,-3.9853,0.3181,0.1166,-0.0935
0.6514,-8.8520,-3.9087,0.2270,0.0996,-0.0692
0.7664,-8.9286,-3.7171,0.1748,0.1275,-0.0631
0.6131,-8.9286,-3.6404,0.1906,0.1299,-0.0728
0.8430,-8.8137,-3.8320,0.2380,0.1506,-0.0813
0.5748,-8.6987,-3.7554,0.3120,0.1530,-0.0692
0.4598,-8.6221,-3.6021,0.3290,0.1056,-0.0401
0.5365,-8.4688,-3.5638,0.3193,0.1153,-0.0073
0.7281,-8.3921,-3.5638,0.2805,0.1506,-0.0036
0.8814,-8.2772,-3.5255,0.2295,0.1311,-0.0231
0.8047,-8.3921,-3.4488,0.1797,0.1323,-0.0486
0.8047,-8.5838,-3.1423,0.1020,0.1408,-0.0643
0.8430,-8.8520,-3.2572,0.0728,0.1299,-0.0146
0.8047,-9.0053,-3.6021,0.0401,0.1202,0.0146
0.8430,-9.0819,-3.3722,0.0461,0.1251,0.0352
0.8814,-9.1969,-3.1806,0.0680,0.1202,0.0219
0.7664,-9.3885,-3.3339,0.1020,0.1117,0.0267
0.9197,-9.3885,-3.4488,0.1081,0.1566,0.0376

