-.-.-
-0.8430,-10.9596,-2.8357,-0.2793,0.1712,-0.5585
-0.3832,-9.6184,-3.6787,-0.2015,0.0874,-0.5282
0.0000,-10.0782,-2.4908,-0.2307,0.2416,-0.4529
-0.0383,-10.3082,-2.2226,0.0874,0.3448,-0.5014
-0.3449,-9.7334,-2.7207,0.2064,0.3485,-0.5233
-0.9197,-9.1586,-2.8740,0.2635,0.3132,-0.5172
-0.9580,-8.5838,-2.7207,0.2732,0.2319,-0.5294
-0.0383,-8.2772,-2.2609,0.3193,0.2185,-0.5597
0.2299,-8.1622,-1.2646,0.3922,0.1906,-0.5367
0.4598,-7.7024,-1.3412,0.4699,0.1275,-0.4614
0.0000,-6.6294,-1.4562,0.4140,0.0619,-0.4067
-0.5365,-5.4798,-1.7627,0.3885,0.0595,-0.4031
-0.4982,-4.8284,-1.6095,0.4225,-0.0036,-0.4456
0.1916,-5.1349,-1.5328,0.4978,-0.1032,-0.5257
1.3029,-6.3229,-1.4179,0.5014,0.0000,-0.5476
1.8777,-7.7024,-1.3795,0.5949,0.1773,-0.5172
2.1843,-8.7370,-1.7244,0.6751,0.1773,-0.4942
1.2646,-9.0436,-1.8777,0.6411,0.1651,-0.3351
0.1916,-9.0053,-2.0693,0.5816,0.1360,-0.1287
-0.1150,-9.0436,-1.8394,0.4444,0.1299,-0.0765
-0.1150,-9.3502,-1.5328,0.4189,0.1311,-0.1845
1.0346,-9.8100,-1.5711,0.4492,0.1129,-0.2793
1.9160,-9.5801,-1.4179,0.3922,0.0668,-0.3217
2.1459,-9.1202,-1.2646,0.2987,0.1129,-0.3351
1.4945,-8.3155,-0.9963,0.2562,0.2477,-0.3570
0.8814,-8.2772,-0.6514,0.1566,0.2708,-0.3533
0.6131,-8.8137,-0.3832,0.0656,0.2125,-0.3035
1.1879,-9.2352,-0.4215,-0.0583,0.1299,-0.2125
1.5328,-9.2352,-0.6514,-0.1056,0.0898,-0.1858
1.4945,-8.6604,-0.7281,-0.1226,0.0728,-0.2076
0.9197,-8.7370,-0.4215,-0.1566,0.0753,-0.1882
0.7664,-9.5418,0.0383,-0.1044,0.0874,-0.1238
0.9963,-9.3502,-0.4215,-0.1178,0.1384,-0.0279
1.3795,-8.9670,-0.4598,-0.2562,0.0971,0.0243
1.6478,-8.8903,-0.2682,-0.2659,0.0898,-0.0376
1.1879,-9.4268,-0.2299,-0.2428,0.0474,-0.0692
0.9197,-10.6147,-0.6514,-0.2756,-0.0401,-0.0170
0.6131,-10.6914,-1.3795,-0.3011,-0.1129,0.0486
1.8011,-10.9213,-2.4525,-0.3363,-0.0425,-0.0437
2.6058,-11.6877,-2.2992,-0.5755,-0.0437,-0.2829
2.3759,-12.2625,-1.3795,-0.4589,0.1578,-0.4432
1.9543,-12.6457,-1.3795,-0.0947,0.2392,-0.3521
2.0310,-12.5691,-2.1459,-0.1044,0.1153,-0.2307
1.9543,-11.8793,-1.9543,-0.4334,0.2428,-0.1833
2.6441,-12.0709,-1.9160,-0.6131,0.3982,-0.1275
2.5675,-11.6494,-2.4525,-0.6981,0.2015,0.0291
1.6478,-10.8830,-2.2992,-0.7236,-0.0668,0.2926
0.5365,-10.2698,-2.3375,-0.5415,-0.1299,0.4031
0.6898,-9.8100,-2.2992,-0.2489,-0.0510,0.3812
1.1879,-9.3885,-2.8357,-0.2137,-0.0996,0.3582
1.2263,-9.3118,-3.1423,-0.4517,-0.2210,0.4225
0.8047,-9.6184,-3.3722,-0.4929,-0.1943,0.5099
0.8430,-9.5034,-3.2955,-0.5512,-0.0923,0.5840
0.6131,-9.2352,-2.6058,-0.5160,-0.1858,0.6726
-0.4215,-8.6221,-1.5328,-0.3570,-0.3193,0.7528
-1.4562,-7.7024,-1.6095,-0.1603,-0.4043,0.7977
-0.7281,-6.2845,-2.2226,0.0097,-0.3812,0.7637
0.0766,-5.5181,-2.4142,0.1469,-0.2015,0.7030
1.0346,-4.6751,-1.4945,0.3715,-0.1663,0.6338
1.2263,-4.4835,-1.4179,0.6508,-0.3011,0.7455
0.3449,-5.0583,-1.7627,0.4735,-0.3691,0.8657
-0.4215,-6.7061,-2.4525,0.1153,-0.2222,0.8025
-0.1916,-7.8940,-2.4525,0.2161,0.0801,0.6860
-0.0766,-9.1202,-2.1843,0.5512,0.1943,0.5391
0.1533,-9.8483,-2.4908,0.6459,0.2331,0.4419
-0.1150,-10.3848,-2.6058,0.6131,0.4189,0.3521
-0.8430,-9.8100,-2.3759,0.6921,0.5427,0.2999
-1.3029,-9.0053,-2.3759,0.7200,0.5743,0.3217
-0.7664,-8.6604,-2.3375,0.5609,0.6787,0.3825
-0.2682,-8.5454,-2.2609,0.4844,0.7965,0.4905
0.0383,-9.2352,-2.0310,0.4383,0.9725,0.5306
-0.1533,-9.6184,-1.8777,0.4140,1.0927,0.5415
-0.7664,-9.3502,-2.0693,0.4857,1.2178,0.5549
-1.7627,-9.0819,-1.7627,0.5561,1.3064,0.5913
-2.2609,-9.3118,-1.5328,0.6034,1.3950,0.6034
-1.8394,-9.1969,-1.2646,0.6010,1.4643,0.5415
-1.1496,-8.9286,-1.1113,0.6435,1.4910,0.4152
-0.7281,-8.6987,-1.0730,0.6775,1.5699,0.3460
-0.7281,-8.9670,-1.0730,0.6738,1.7034,0.2987
-1.4179,-9.1202,-1.1113,0.6848,1.8200,0.2538
-1.9927,-8.9286,-1.2646,0.6908,1.8601,0.2805
-2.2992,-8.9286,-1.5328,0.6314,1.8589,0.3011
-2.3759,-9.1969,-1.8394,0.4043,1.8686,0.2999
-1.9160,-9.5801,-1.9160,0.2173,1.9038,0.2780
-1.9927,-9.1969,-2.7974,0.1421,1.9730,0.2355
-2.3759,-9.4268,-2.4908,0.0036,2.0094,0.2125
-2.3759,-9.9250,-2.6058,-0.0389,2.0750,0.2185
-2.1459,-10.6147,-2.3759,-0.0522,2.1296,0.2210
-2.0310,-10.5381,-1.7627,0.0643,2.1551,0.1809
-2.9890,-9.9633,-1.6861,0.1117,2.1162,0.1530
-3.7937,-9.3118,-2.1076,0.0364,1.9608,0.2040
-3.7171,-9.0819,-2.4142,-0.0959,1.7083,0.2550
-2.6441,-9.1586,-2.6824,-0.1506,1.6257,0.2198
-2.4142,-10.1549,-2.3375,-0.2538,1.5954,0.2477
-1.2263,-10.9979,-1.6478,-0.2270,1.5383,0.3436
-1.4945,-11.0363,-1.2263,0.0231,1.4752,0.3970
-1.4945,-9.9633,-2.2992,0.1979,1.3744,0.3934
-1.5328,-8.8520,-3.1039,0.0279,1.6112,0.2975
-1.5328,-8.3155,-3.8704,-0.2003,1.7119,0.1081
-0.7664,-9.0053,-3.9853,-0.4152,1.6512,0.0983
0.4982,-10.0782,-3.4488,-0.3934,1.7472,0.1639
1.9160,-10.9213,-3.1806,-0.2270,2.0616,0.1615
2.4142,-10.6530,-2.9890,-0.0801,2.3688,0.0668
0.9580,-9.7334,-3.6021,0.0716,2.4113,0.0012
-0.3832,-8.6221,-3.8320,0.2040,2.4028,0.0765
-1.4179,-8.1239,-3.1039,0.2574,2.3651,0.2149
-1.0346,-7.8557,-2.5291,0.2295,2.2182,0.2853
0.0383,-8.1239,-2.6441,0.0862,2.0580,0.3351
0.4598,-8.1622,-2.4525,-0.0206,1.9183,0.3995
0.9197,-8.0089,-3.2189,0.0134,1.9159,0.4687
0.6898,-8.0089,-3.3722,0.0486,2.0082,0.5124
0.6131,-8.5071,-3.1039,0.0862,2.0847,0.5099
0.2299,-8.6604,-2.6058,0.2368,2.0458,0.4480
0.2299,-8.1622,-2.9123,0.3485,2.0956,0.4177
0.4982,-7.6641,-2.6441,0.3910,2.1855,0.3885
0.7281,-7.6257,-2.2992,0.4553,2.1430,0.4310
1.2263,-7.8173,-2.5291,0.4383,2.1442,0.4492
1.7244,-8.2772,-2.7207,0.3290,2.2255,0.3995
1.7244,-8.5838,-2.5675,0.3145,2.3421,0.3472
1.8777,-8.6604,-2.6824,0.3667,2.3421,0.3193
1.4562,-8.6221,-3.3722,0.4128,2.2874,0.3533
0.9197,-8.5454,-3.3722,0.3934,2.3712,0.4152
0.3832,-8.7754,-2.8740,0.4128,2.4319,0.4322
0.2299,-9.0053,-2.2992,0.4468,2.3542,0.4444
0.6131,-9.0819,-1.9543,0.4359,2.2510,0.4444
0.7664,-9.0436,-2.7207,0.3740,2.1272,0.4419
0.2682,-8.6604,-2.8740,0.2793,2.0155,0.3897
0.3449,-8.6987,-2.4525,0.2453,2.0106,0.3096

