-.-.-
8.3155,-26.5560,-3.7554,0.0741,1.0041,0.2453
0.6131,-18.1255,-1.6861,1.5468,2.4720,-1.3416
-5.9780,-10.9979,-1.6861,2.1235,2.5473,-1.7520
-8.6987,-12.9523,0.8814,0.2088,1.7314,-1.6136
0.8047,-8.9670,2.4525,-0.6933,2.1879,-1.1231
5.6331,-0.6131,-1.9160,-1.2263,2.0810,-1.0272
1.1496,3.3339,-6.5145,-1.7556,0.7637,-1.6087
-3.7937,-7.2425,-4.1769,-2.1648,0.2149,-0.6338
-1.4945,-8.6221,-1.4562,0.4286,0.7248,0.5282
-0.1916,-1.4179,-0.4215,1.9791,0.5949,0.6326
2.6441,2.4142,-3.4488,1.6719,0.3958,0.6569
1.9543,2.4142,-3.1423,0.7588,0.6520,0.6496
10.4231,-1.8394,-17.6657,0.2780,1.6270,1.0417
18.4321,-24.7932,2.7974,0.3533,1.9730,-0.3254
-2.7974,-25.7896,-5.1732,-1.5723,0.1238,-3.2418
-16.2861,-25.5980,-9.6950,-1.8079,0.3764,-2.7075
-5.9780,-21.1911,-1.7627,-0.1821,-0.7151,-0.7054
1.3412,-19.4284,1.1496,1.4048,-2.0155,1.1122
3.1806,-16.6310,-2.8357,1.9475,-1.9353,1.8904
2.9123,-15.6347,2.6441,0.0352,-1.7484,1.6779
0.8814,-10.8063,-0.6898,0.2137,-2.0337,1.5917
3.2955,-0.5748,-4.1769,0.2246,-1.7132,1.8285
4.5218,1.9927,-2.6441,-1.2736,-1.1340,1.4958
3.1039,-5.9780,-2.6441,-1.3853,-0.6836,0.2380
0.3066,-7.8557,-2.6824,0.5767,0.7588,-0.8463
-1.9160,1.5711,-4.9433,1.9111,0.5998,-0.8074
-4.1386,1.8394,-4.7134,1.1377,-0.0316,-0.6459
-1.7627,1.8394,-1.1496,1.2202,0.4444,-0.7066
-8.8137,-2.5291,-11.3045,0.7066,0.1275,-0.9300
-11.4578,-16.4011,-12.2625,-0.4213,0.0716,1.1923
5.0583,-26.4027,5.1732,-3.4652,0.2416,3.1883
10.6147,-33.1854,-2.2609,-1.5772,-1.4849,1.7836
5.9013,-24.5250,-2.7207,0.6981,0.6714,-0.5367
2.7591,-12.9139,-1.0346,2.2777,1.9050,-1.8479
-2.9123,-6.8977,-0.7664,1.5310,1.9973,-2.2887
-1.7627,-9.6184,3.6787,-0.3691,1.3210,-2.0762
-0.4982,-9.2735,0.5748,-1.2044,1.4023,-1.4776
-1.6861,-0.6514,-3.9470,-0.9106,1.1935,-1.1546
-2.7207,-1.9160,-4.7134,-1.5262,0.7868,-0.8086
0.6514,-10.1549,-0.1150,-1.2202,0.5694,0.1797
1.1113,-5.5564,-2.8740,1.1437,0.5646,0.4942
3.2189,0.4215,-5.4032,1.6015,0.3545,0.3278
1.8394,2.9507,-4.8284,1.1146,0.6119,0.3545
0.8814,2.5291,-1.6861,0.7916,0.7843,0.4735
7.6641,-4.5218,-11.6494,0.3375,0.8705,0.4286
10.3465,-15.9029,-6.4378,-0.2319,1.7714,-0.9385
4.0236,-29.8515,-1.8011,-2.6383,-0.1433,-3.4664
-13.1822,-29.3917,-5.8630,-1.7472,0.0668,-3.1094
-3.1039,-23.0305,-2.0693,-0.0498,-0.8341,-0.5379
0.3832,-19.2368,0.8047,0.8487,-1.7617,1.3040
8.2389,-14.8683,-1.9927,1.5250,-2.0398,2.2923
-0.3832,-12.4541,2.1076,-0.5621,-1.8394,1.9086
-3.6787,-9.3118,-0.5365,-0.5646,-2.6298,1.5007
-3.5255,-1.6861,-2.5291,-0.9057,-2.5023,1.2967
2.8740,-0.3449,-2.2226,-1.4667,-1.7994,1.6063
5.8630,-6.7061,-4.5601,-1.2481,-1.7010,0.7042
4.6368,-8.5454,-2.3759,-0.1506,-0.4310,-0.8608
1.7627,-0.9197,-3.7554,1.8710,0.0874,-1.3489
-5.6331,3.3722,-4.5984,1.5905,-0.0765,-1.3404
-5.0966,4.7900,-3.7554,0.6738,-0.3618,-1.2214
-3.1423,-2.2992,-9.0053,0.1785,-0.6799,-1.1279
-17.6657,-9.8100,-13.8336,-0.0704,-1.7872,-0.0607
-4.3685,-25.7896,2.6441,-2.0543,0.4031,2.7488
17.0909,-34.2967,-15.4814,-1.3853,-1.8637,3.0159
11.7260,-30.2730,-0.0383,-1.2967,-0.9009,1.3076
1.5328,-23.9119,-1.4945,0.6872,1.5237,-1.4521
-0.7664,-12.9906,-2.3375,2.8860,1.8516,-2.1830
-10.0016,-9.7717,0.9580,1.3441,0.8863,-2.3591
-2.7207,-9.6950,0.5365,-0.9130,0.8742,-1.5917
3.0656,-0.2682,-0.8430,-1.1680,1.3319,-1.2166
2.7974,4.8667,-1.5711,-1.7884,0.6605,-1.3416
-3.1423,-3.3339,-5.3648,-2.1903,-0.1566,-0.5257
-1.6095,-10.6914,-1.1879,-1.0697,-0.2525,0.8341
-0.5748,-7.3192,-0.2299,1.6670,0.3302,1.2299
5.5181,0.0000,-4.1769,2.3421,-0.0231,0.9240
6.5145,4.6368,-6.7444,1.3805,0.6059,0.6884
1.8394,4.9050,-2.5291,0.4881,0.8171,0.6010
7.6641,-5.0966,-12.4158,0.2598,1.0053,0.8633
12.1475,-19.3134,-4.4835,0.2234,2.6687,-0.4407
4.1003,-27.9738,-7.8557,-2.6614,0.1263,-3.1653
-15.2515,-28.0121,-7.1276,-1.5152,0.8426,-2.3639
-5.0583,-24.0268,-2.3375,-0.3217,-0.6763,-0.3120
2.7591,-20.9995,0.4598,1.1801,-1.7848,1.0466
6.1696,-16.7460,-1.6861,2.1709,-1.6840,1.7229
0.9580,-14.7150,4.0620,0.0631,-1.7204,1.3477
-2.9123,-10.4231,-0.0383,-0.3108,-2.4344,1.0539
-5.3648,1.3412,-2.0310,-0.1882,-2.5497,1.0915
2.2226,4.2536,-4.3685,-1.1559,-1.8419,1.6585
4.0236,-4.4452,-3.9853,-1.6670,-1.5189,0.3958
4.2536,-8.5071,-1.8011,-0.3812,-0.5694,-1.2931
1.9160,-3.1806,-3.1423,1.5553,0.4626,-1.5699
-4.4068,2.2609,-5.4415,1.6415,0.2975,-1.4582
-2.9507,2.2226,-4.2152,0.8584,-0.0656,-1.2773
-0.6898,-1.0730,-7.0126,0.5160,0.1093,-1.2081
-14.2168,-3.7554,-14.9066,0.1117,-1.6464,-1.0745
-5.2116,-26.6709,11.0363,-1.0041,0.8305,2.5169
12.3775,-25.8279,-14.7150,-1.1631,-1.6415,3.3498
9.1586,-27.5906,-4.0236,-1.7787,-1.8758,1.4521
-0.3449,-25.6363,0.1533,-0.1858,0.5160,-1.2396
-4.4835,-17.0142,0.5748,1.6561,0.9325,-2.0300
-9.6950,-12.0709,1.0346,1.8843,0.2331,-2.3494
-1.9543,-10.6530,1.1879,-0.3812,-0.2003,-1.9451
4.6751,-4.7900,1.4179,-1.5930,0.4869,-1.4849
6.0929,2.6058,0.8047,-1.2894,0.3509,-1.5019
-3.9853,1.6095,-10.0399,-1.3416,-0.4019,-1.2384
-1.9927,-9.7334,-4.1003,-2.1927,-0.1797,0.4407
0.3066,-10.2698,0.5748,0.5391,0.5864,1.2943
5.2882,-2.8357,-2.4525,2.5509,0.0546,0.9337
7.3958,3.8704,-6.3612,2.0774,0.4213,0.5694
2.3375,5.9013,-4.4452,0.8038,1.0648,0.3618
1.2646,-1.4562,-2.4525,0.5804,1.0211,0.5415
6.7827,-4.4835,-15.0599,0.3400,2.7003,0.3812
3.2955,-25.9045,1.3795,-1.2785,0.6860,-2.1211
-13.5654,-28.4720,-9.7717,-2.8229,-0.0061,-2.4489
-9.8866,-26.4410,-2.2992,-0.8633,-0.3776,-1.1097
-1.6478,-25.4064,-0.3832,1.1765,-1.6282,0.6156
1.5711,-17.3974,-1.4179,2.9224,-2.1235,1.6221
5.0583,-11.4578,2.5675,0.6884,-1.8540,1.7241
-1.6478,-13.2588,1.5711,-0.5233,-2.4599,1.7253
-4.2919,-4.9816,-2.3375,-0.2987,-3.1653,1.6439
-0.6898,3.9087,-4.5218,-1.4691,-2.5861,1.9220
4.2536,-4.7134,-2.9507,-1.9451,-1.9912,1.2008
4.4452,-10.1549,-2.2609,-0.7771,-0.8645,-0.4820
4.3302,-3.8704,-3.4488,1.5857,0.1615,-1.2275
-2.5291,3.2189,-5.8247,1.9026,-0.0121,-1.3817
-4.6368,4.0236,-4.0236,0.9215,-0.3800,-1.3453
-3.1039,0.5365,-8.1622,0.3897,-0.3278,-1.1510
-17.3974,-4.2919,-14.1402,-0.1979,-1.6840,-0.7734

