-.-.-
-2.7591,-9.8866,1.7627,-0.3885,0.7261,-0.1348
-2.4908,-10.0399,1.6478,-0.2028,0.7588,-0.2380
-2.2992,-10.0399,1.3795,-0.0643,0.7491,-0.3302
-2.4525,-9.8483,0.9580,0.0085,0.6617,-0.3812
-2.5291,-9.6184,0.5365,-0.0255,0.5913,-0.3922
-2.5675,-9.2352,0.4215,-0.2270,0.5804,-0.3667
-2.6824,-9.3502,0.0383,-0.4480,0.6095,-0.3242
-2.7207,-9.6567,0.0766,-0.5767,0.7006,-0.3254
-2.5291,-9.8483,-0.2682,-0.6411,0.7431,-0.3727
-2.5291,-9.8866,-0.3449,-0.6799,0.7892,-0.4189
-2.6058,-9.9633,-0.1533,-0.7491,0.8438,-0.3982
-2.5675,-10.3082,-0.4215,-0.7358,0.8293,-0.3825
-2.3759,-10.6914,-0.5365,-0.6411,0.8123,-0.3400
-2.1459,-10.7680,-0.3066,-0.4237,0.8633,-0.3679
-2.4142,-10.3465,-0.2299,-0.3120,0.8839,-0.4165
-2.4525,-10.1166,0.2682,-0.1651,0.8778,-0.3825
-2.4525,-9.8483,0.0383,0.0182,0.8596,-0.3169
-2.1076,-9.8866,-0.3832,0.1797,0.9507,-0.2647
-1.5711,-9.7717,-0.5748,0.2501,1.1146,-0.2635
-1.5711,-9.7717,-0.6514,0.1967,1.2141,-0.2659
-1.4945,-9.8100,-0.4982,0.0983,1.2396,-0.3047
-2.0310,-9.7334,-0.6898,0.0595,1.2566,-0.3108
-2.2992,-9.6567,-1.2646,0.0850,1.3234,-0.2671
-2.4142,-9.6950,-1.3795,0.0813,1.4703,-0.1845
-2.7207,-9.5418,-1.2263,0.0826,1.5590,-0.0886
-2.4142,-9.2735,-1.1496,0.0194,1.5104,0.0413
-2.1076,-9.1969,-0.8047,-0.0680,1.5116,0.1214
-1.8394,-8.4305,-0.6898,-0.1020,1.5565,0.1421
-1.2646,-8.5838,-0.9197,-0.0546,1.6561,0.1930
-0.5748,-8.4688,-0.5365,-0.0012,1.7423,0.2683
0.4598,-8.1239,0.0000,0.1202,1.7884,0.2780
0.6514,-8.5071,-0.3066,0.1930,1.8637,0.1712
0.7664,-9.0053,-0.8047,0.1566,1.8066,-0.0243
-0.4982,-9.4651,-1.8777,0.2161,1.5468,-0.0996
-2.2992,-9.8483,-2.4142,0.2210,1.2433,-0.0267
-4.5984,-10.4231,-2.3759,0.0401,0.7528,0.1603
-5.5181,-11.3428,-1.5328,-0.0097,0.4298,0.3181
-5.2882,-11.5344,-0.6898,0.3521,0.4735,0.3363
-3.5638,-10.7297,-1.3029,0.8912,0.7151,0.2780
-1.3795,-10.1166,-1.9160,0.8620,0.9312,0.0886
-0.5748,-9.6184,-1.6478,0.6993,1.0514,-0.1554
-0.3832,-9.5801,-2.3759,0.5816,0.7370,-0.1748
-1.3029,-9.6184,-2.5675,0.5197,0.3485,-0.1226
-2.6441,-9.4651,-2.4525,0.5549,0.0643,-0.0923
-4.2152,-8.9670,-2.1076,0.5852,-0.0279,-0.0801
-4.2919,-9.0436,-1.4562,0.5464,0.1263,-0.1408
-3.7937,-8.6604,-1.1113,0.5136,0.3934,-0.3047
-2.4525,-9.0436,-1.2646,0.4407,0.4322,-0.4893
-1.4562,-9.6567,-1.3029,0.4334,0.3982,-0.6908
-1.0346,-9.7334,-1.4562,0.6399,0.3145,-0.7855
-1.2646,-9.4268,-1.4179,0.8584,0.2319,-0.7285
-1.9160,-8.7754,-0.9580,0.8305,0.1445,-0.5536
-2.3375,-8.5454,-0.4982,0.6350,0.1141,-0.3655
-2.4525,-9.3885,0.2299,0.5585,0.2295,-0.2647
-2.3375,-10.3082,1.1496,0.7637,0.3703,-0.2975
-2.0310,-10.7680,1.3412,1.1219,0.4723,-0.3970
-2.0310,-10.1932,0.7281,1.3866,0.5027,-0.4832
-2.3375,-8.7754,0.0383,1.3064,0.3910,-0.5063
-2.7207,-7.7790,0.0000,0.9944,0.2865,-0.4735
-3.2572,-7.2425,0.3066,0.6556,0.1858,-0.4577
-2.7591,-7.8557,0.6131,0.3934,0.1178,-0.3193
-1.8011,-8.5838,1.0346,0.1809,0.1178,-0.2890
-0.6898,-8.9286,0.9197,0.1360,0.2185,-0.3254
-0.3449,-9.2352,0.7281,-0.0097,0.3278,-0.3849
-0.6898,-10.0399,1.3795,-0.1906,0.3242,-0.3946
-1.5711,-10.7680,2.0310,-0.1299,0.1979,-0.3533
-2.0693,-10.7297,2.1843,0.2270,0.0498,-0.3072
-2.0310,-9.5418,1.9160,0.5889,-0.0449,-0.2950
-1.3412,-8.5838,1.3029,0.6265,-0.1372,-0.3157
-1.6478,-7.6641,1.0730,0.3776,-0.2270,-0.3497
-1.4945,-8.0473,1.3795,0.0085,-0.2623,-0.3436
-1.7244,-8.6987,1.9160,-0.1068,-0.2513,-0.2793
-1.7244,-8.8520,1.5711,-0.1056,-0.2586,-0.1748
-1.4945,-9.0436,1.1879,-0.2234,-0.2963,-0.0971
-0.7281,-9.4651,1.1113,-0.2513,-0.3290,-0.0898
-0.6131,-9.4268,1.5328,-0.1166,-0.3060,-0.1518
-0.3832,-8.9286,1.3412,0.0170,-0.2890,-0.2343
-0.4598,-8.4688,1.1113,-0.0498,-0.2768,-0.3084
-1.0730,-8.4305,0.7281,-0.2404,-0.2853,-0.3193
-1.6095,-9.6567,0.8814,-0.5512,-0.2574,-0.2647
-1.8011,-10.6914,1.1113,-0.5694,-0.2392,-0.1591
-1.4945,-11.5727,1.0730,-0.3011,-0.3485,-0.0097
-0.8047,-10.8830,0.9580,0.0959,-0.4990,0.1190
0.0000,-9.5418,0.8047,0.3472,-0.5816,0.1311
0.6898,-8.0089,0.8047,0.3545,-0.6326,0.0194
1.1113,-7.5874,0.4598,0.1384,-0.6119,-0.1044
1.2263,-8.4688,0.9197,-0.1639,-0.4347,-0.1676
1.2263,-9.2352,1.2646,-0.2258,-0.1991,-0.1348
1.0730,-9.7717,1.2646,-0.1773,0.0158,-0.0352
0.9197,-10.1549,1.4179,-0.2295,0.1603,0.0583
0.3832,-10.6530,1.7627,-0.3424,0.1712,0.0680
0.0000,-11.1895,1.7244,-0.2428,0.0753,0.0643
-0.1150,-10.2315,1.7244,-0.0121,-0.0097,-0.0206
-0.2299,-9.1202,1.4179,0.0328,0.0012,-0.1190
-0.4215,-8.3921,1.5711,-0.1433,0.0461,-0.1688
-0.3066,-9.0053,2.1843,-0.3193,0.0571,-0.1639
0.0383,-10.0782,2.7207,-0.2647,-0.0170,-0.1408
0.4982,-10.5381,2.3375,-0.0449,-0.1639,-0.1530
0.8814,-10.3465,1.8011,0.0498,-0.2610,-0.2210
1.3029,-9.8100,1.6861,0.0898,-0.2853,-0.2793
1.2263,-9.5034,1.8011,0.0886,-0.2926,-0.2610
1.3412,-9.0819,1.6095,0.1457,-0.2720,-0.1979
1.3795,-8.8520,1.7627,0.1712,-0.1748,-0.1603
1.5711,-9.2735,1.3412,0.0255,-0.0291,-0.1676
1.6861,-9.8100,1.0346,-0.0036,0.1202,-0.1894
1.3412,-9.8483,1.4562,0.1166,0.1141,-0.1785
1.2263,-9.7334,1.5711,0.1518,0.1117,-0.1433
1.0730,-9.3118,1.7627,0.1627,0.1627,-0.1251
1.1879,-9.2352,1.8011,0.1761,0.1663,-0.1008
1.0730,-9.0819,1.4945,0.1251,0.1323,-0.0898
0.9963,-9.4651,1.4179,-0.0036,0.0728,-0.0971
0.9197,-9.5418,1.5711,0.0073,0.0619,-0.1263
0.5365,-9.1969,1.6095,0.0534,0.0522,-0.1360
0.0766,-9.0053,1.4179,0.0097,0.0170,-0.1056
0.0383,-8.8520,1.6095,-0.0510,-0.0206,-0.0510
0.1916,-9.0053,1.7244,-0.1093,-0.0874,0.0036
0.4982,-9.9250,1.9160,-0.0826,-0.1712,0.0340
0.9580,-9.8483,2.0693,0.0534,-0.2428,0.0316
1.3795,-9.5418,1.7244,0.1408,-0.2258,-0.0024
1.6095,-9.2352,1.3412,0.0704,-0.1226,-0.0425
1.3795,-8.9670,1.5711,-0.1068,-0.0704,-0.0437
1.1879,-9.0053,1.7627,-0.1918,-0.0401,-0.0182
0.9197,-9.0436,1.6478,-0.1918,-0.0316,-0.0024
0.8814,-9.2735,1.6478,-0.2064,-0.0219,0.0012
0.8047,-9.6950,1.6478,-0.2210,-0.0243,0.0012
0.7281,-9.7334,1.8011,-0.2355,-0.0498,0.0024
0.7281,-9.8866,1.7244,-0.2088,-0.0728,0.0097
0.5365,-9.6950,1.6095,-0.1263,-0.0559,0.0194

