-.-.-
-2.1076,-12.1092,1.0346,0.4747,0.1688,-0.2695
-0.9580,-11.9559,2.0693,0.8827,0.0595,-0.2525
0.8430,-11.1512,3.2189,1.0672,0.0983,-0.2185
1.2263,-10.1932,4.4835,0.8390,0.2671,-0.1785
0.3449,-10.3082,4.0620,0.6119,0.2732,-0.0704
0.2299,-10.9979,-0.8430,-0.3934,0.0134,0.1955
-0.0766,-13.9869,-3.9853,-1.6403,-0.3169,0.4650
0.1533,-15.0982,-6.4378,-1.8977,-0.2598,0.5949
0.1916,-14.6384,-3.9853,-0.6423,0.1542,0.7346
0.0000,-10.7297,-3.6787,1.3173,0.3618,0.7552
1.9160,-7.3192,-3.6404,2.0058,0.3230,0.6605
2.1459,-6.1313,-2.7974,0.7904,0.2987,0.3825
1.1113,-7.7790,-0.3832,-0.6738,0.4298,0.1761
-1.8777,-10.5764,0.1916,-0.8645,0.1688,-0.0777
-4.2536,-11.9943,-1.8394,-0.6690,-0.2805,-0.3958
-4.2152,-11.0746,-2.3759,-0.1214,-0.4905,-0.6411
-3.1806,-8.7370,-1.4179,0.6896,-0.7370,-0.6993
-2.1459,-6.0163,-0.6514,1.0029,-0.8414,-0.6131
-0.0383,-4.2536,-0.0766,0.5099,-0.7843,-0.4674
1.1113,-4.2152,0.2682,-0.2768,-0.8329,-0.3132
2.4525,-5.4032,0.1150,-0.8912,-1.1559,-0.1481
2.8740,-6.4378,0.1150,-0.9288,-1.2591,-0.1214
2.3375,-7.0509,0.2682,-0.5512,-1.0442,-0.1190
1.4179,-7.3192,0.1150,-0.0838,-0.7139,-0.1639
0.6514,-7.5108,-0.1150,0.2598,-0.4966,-0.2088
0.2299,-8.0856,-0.5748,0.2987,-0.4031,-0.1408
0.6898,-9.1969,-0.4982,0.1918,-0.4772,0.0546
2.2992,-10.9979,0.0383,0.1566,-0.5415,0.2198
3.0273,-12.4541,0.4598,0.3897,-0.4565,0.2950
1.3412,-12.7990,1.4562,0.6957,-0.1554,0.3339
-0.6514,-12.5691,2.6441,0.7091,-0.0243,0.2975
-1.9543,-11.6494,3.1039,0.5670,0.0328,0.1566
-1.7244,-11.3428,2.2609,0.3035,0.0486,0.0328
-0.2682,-12.4158,-0.8430,-0.4055,-0.0741,-0.1627
1.7627,-14.4084,-4.3302,-0.6229,-0.2440,-0.2902
2.6824,-13.7187,-5.4032,0.0304,-0.3691,-0.6204
0.6514,-10.7680,-4.1386,0.8839,0.0437,-0.9932
-1.5328,-7.8173,-3.9470,1.0915,-0.0826,-0.9652
-1.1113,-7.2425,-2.5675,0.4092,-0.3812,-0.5925
-0.6898,-7.6641,-1.1496,-0.3885,-0.5112,-0.1943
1.8394,-9.9633,-1.1879,-0.6496,-0.3521,0.0425
3.7937,-12.0326,-1.9543,-0.7224,0.2088,0.1712
4.6751,-12.4158,-2.4525,-0.5269,0.6836,0.3448
3.9470,-11.2662,-1.9160,0.1821,0.7516,0.4225
2.1459,-8.5838,-0.7664,0.8487,0.8548,0.4371
0.2299,-5.4415,-0.2299,0.7151,0.8669,0.4055
-1.5328,-4.1386,0.1150,-0.1506,0.8693,0.3618
-2.4908,-4.6368,0.6514,-0.6763,1.0150,0.3764
-2.0693,-5.3648,0.9197,-0.4456,0.9349,0.3521
-1.3412,-5.7864,0.5365,-0.1190,0.7273,0.2659
-0.9580,-6.5145,0.3449,-0.1287,0.5197,0.1153
-0.4215,-7.6641,0.2299,-0.2355,0.4249,-0.0328
-0.2682,-9.3118,0.2682,-0.0680,0.4322,-0.1287
-0.4215,-10.3082,0.1150,0.1918,0.4298,-0.1979
-1.4562,-10.7297,-0.3832,0.3460,0.4334,-0.2331
-2.1843,-10.8446,0.8047,0.4274,0.2647,-0.1263
-1.7244,-10.8446,1.7627,0.6702,0.0158,-0.0304
0.0766,-11.0746,2.6441,0.6702,-0.0607,-0.0109
0.5365,-11.9176,3.3339,0.4152,0.0595,-0.0935
0.0383,-12.4924,1.2263,0.2404,0.1603,-0.0680
0.4982,-13.2205,-2.2992,-0.3946,0.0182,0.1578
1.1496,-15.2132,-3.0656,-0.6860,-0.2380,0.4007
1.1113,-14.7150,-3.0273,0.0255,-0.1299,0.5901
0.6514,-11.8793,-2.3375,1.2287,0.1894,0.8268
0.7664,-7.5491,-3.6021,1.9086,0.3885,0.7928
2.2609,-4.9816,-2.9123,0.9798,0.4104,0.5172
1.7627,-7.0509,-1.4179,-0.5099,0.6993,0.2695
0.5365,-9.6184,0.0383,-0.8195,0.8341,0.1845
-1.7244,-11.1512,-0.2682,-0.2173,0.3703,0.0668
-3.0656,-11.8793,-2.1843,-0.2246,-0.2258,-0.1566
-3.1039,-10.8830,-1.3029,-0.2246,-0.2283,-0.4128
-2.5675,-7.8557,0.0383,0.1166,-0.1930,-0.5621
-1.8394,-5.2116,0.5748,0.0619,-0.3266,-0.5986
-0.6131,-4.6368,0.4982,-0.3618,-0.4942,-0.4832
0.4598,-5.0200,0.6131,-0.5027,-0.7698,-0.3788
1.2646,-5.6331,0.3066,-0.2853,-0.9470,-0.2817
1.5711,-6.2079,0.2682,-0.1141,-0.9142,-0.1918
1.7244,-6.9360,0.0000,-0.1882,-0.7273,-0.1384
1.6861,-7.6641,-0.0383,-0.3242,-0.4674,-0.1153
1.6095,-8.2772,0.2682,-0.2222,-0.3169,-0.0898
1.8011,-8.7754,0.5748,0.1724,-0.2574,-0.0097
1.6478,-8.8137,0.8430,0.4553,-0.2586,0.0607
1.0346,-9.4268,0.7281,0.4942,-0.2768,0.2210
0.5365,-10.8446,0.4982,0.0680,-0.2234,0.4092
-0.8047,-13.7187,1.8777,-0.5282,-0.2708,0.5913
-1.0346,-16.1329,2.4908,-0.5901,-0.3764,0.5063
0.0000,-15.4431,2.5675,0.3715,-0.2003,0.0716
1.1879,-12.5691,-0.0383,0.8232,-0.1493,-0.2914
1.2646,-12.9139,-2.4908,0.0194,-0.1457,-0.4602
2.0693,-13.8720,-3.9470,-0.1809,-0.0498,-0.5828
0.7281,-12.3775,-4.4835,0.3181,0.2198,-0.8305
-0.9197,-9.3118,-4.5984,0.7333,0.1894,-0.9021
-2.3375,-7.3575,-3.9087,0.6811,-0.2708,-0.7528
-2.0693,-6.5528,-2.3759,0.0522,-0.4832,-0.5051
-1.4179,-7.1659,-1.1113,-0.5536,-0.6107,-0.2853
0.6514,-8.7370,-0.8814,-0.4832,-0.3630,-0.1238
3.3339,-10.8830,-2.2992,-0.5974,0.0777,0.1166
4.1769,-12.0326,-2.5291,-0.8317,0.3497,0.3606
3.1039,-11.1512,-1.9160,-0.3740,0.3885,0.4007
1.9160,-9.1586,-1.3029,0.5233,0.4808,0.3205
0.3066,-6.4761,-0.3066,0.7807,0.4820,0.2756
-0.4982,-4.9050,-0.0383,0.3448,0.4881,0.2744
-1.3795,-4.7134,0.1916,-0.1068,0.6569,0.3230
-1.2646,-5.4415,0.6131,-0.0728,0.7965,0.3157
-0.8430,-5.8247,0.4598,0.0935,0.7273,0.2647
-0.8047,-6.3612,0.1533,0.0534,0.6119,0.1833
-0.6898,-7.2809,0.3449,-0.1299,0.5209,0.1226
-0.5365,-8.8903,0.6514,-0.0923,0.5075,0.0134
-0.4982,-10.8063,0.4598,0.1360,0.6010,-0.1578
-1.3412,-11.6494,0.1150,0.3873,0.6326,-0.3509
-1.9927,-11.5344,0.4215,0.6156,0.3910,-0.3363
-1.6861,-10.9596,1.4945,0.8135,0.0874,-0.2283
-0.4982,-10.2698,2.9123,0.7163,-0.0595,-0.1141
-0.2299,-10.7680,4.1769,0.2865,-0.0546,-0.0753
0.1916,-11.9176,2.6058,0.1141,-0.0085,-0.0073
1.2263,-13.0289,-1.3029,-0.6787,-0.0813,0.1821
0.8430,-14.2935,-4.6751,-1.3671,-0.1894,0.3242
0.4982,-13.8720,-6.3995,-1.5031,-0.1724,0.4092
0.4598,-12.3391,-5.2116,-0.2999,0.1930,0.6484
0.0383,-8.8137,-3.7937,1.3186,0.3825,0.8888
1.6478,-6.5528,-3.4488,1.9560,0.1554,0.8135
1.4562,-6.7061,-2.2226,0.7248,0.1930,0.4638
0.1916,-9.0819,-0.5365,-0.7236,0.2428,0.0352
-2.0310,-11.8410,-1.2646,-0.9288,0.1360,-0.4031
-3.0656,-12.1475,-1.8394,-0.3825,0.0304,-0.6253
-3.3339,-10.1166,-1.2646,0.3582,-0.1518,-0.5816
-3.2189,-7.6257,-0.6131,0.8633,-0.4723,-0.5039
-2.2226,-5.5181,0.2682,0.6884,-0.7649,-0.3934

