-.-.-
0.5748,-9.7334,-1.1496,-0.0121,0.0680,0.0109
0.3832,-9.7717,-1.2263,-0.0206,0.1166,0.0024
0.4598,-9.7334,-1.0346,-0.0073,0.1481,0.0109
0.3832,-9.7717,-1.0346,-0.0085,0.1481,0.0073
0.1150,-9.6950,-0.9963,-0.0316,0.1153,-0.0024
0.2682,-9.6950,-1.1879,-0.0498,0.0935,-0.0061
0.3066,-9.6950,-0.9963,-0.0704,0.0838,-0.0182
0.3066,-9.6567,-1.1496,-0.0898,0.0728,-0.0291
0.3066,-9.5801,-1.4562,-0.1275,0.0643,-0.0267
0.3449,-9.6567,-1.0346,-0.1518,0.0716,-0.0304
0.4982,-9.5801,-1.0730,-0.1554,0.0583,-0.0389
0.5365,-9.5801,-1.1496,-0.1530,0.0607,-0.0376
0.6131,-9.6950,-1.2646,-0.1761,0.0777,-0.0425
0.6514,-9.8866,-1.1879,-0.1615,0.0728,-0.0425
0.5748,-9.8483,-1.2646,-0.1530,0.0619,-0.0364
0.5748,-9.6567,-1.6095,-0.2028,0.0971,-0.0510
0.6131,-9.5418,-1.4945,-0.1906,0.1506,-0.0583
0.3832,-9.6950,-1.1879,-0.1748,0.0959,-0.0546
0.7664,-9.6567,-1.2263,-0.1481,0.0668,-0.0522
0.4215,-9.4268,-1.4562,-0.1615,0.0437,-0.0510
0.5365,-9.6567,-1.4179,-0.2368,0.0364,-0.0643
0.5365,-9.6567,-1.4562,-0.2720,0.0255,-0.0668
0.6898,-9.8100,-1.3029,-0.2708,0.0219,-0.0631
0.7281,-9.6950,-1.1496,-0.2283,-0.0085,-0.0571
0.8047,-9.1586,-1.2263,-0.2513,-0.0425,-0.0546
0.9197,-9.1202,-1.5711,-0.3217,-0.0741,-0.0546
0.7281,-8.9670,-2.1076,-0.3958,-0.0595,-0.0364
0.5748,-8.4688,-2.6058,-0.4614,-0.0498,-0.0219
0.5748,-7.4341,-3.2955,-0.5464,-0.0559,-0.0376
0.6898,-5.6714,-3.5638,-0.6253,-0.1311,-0.1105
0.7281,-3.3339,-3.1423,-0.7795,-0.2720,-0.2453
0.7664,-1.1879,-1.4179,-0.8693,-0.4347,-0.3642
0.8814,-0.1533,-0.6898,-0.8268,-0.5476,-0.3570
-0.0383,-0.8047,-1.1879,-1.0320,-0.3108,-0.2076
-0.4982,-4.3302,-2.1459,-1.3683,0.2064,-0.0267
-0.2682,-7.9706,-2.5675,-1.3003,0.1530,0.0801
2.0310,-12.1092,-3.2955,-1.0587,-0.4626,0.0571
4.4452,-17.3208,-4.8667,-0.9349,-1.0612,0.0134
2.2226,-21.6893,-7.1276,-1.1522,-0.5427,-0.2161
-0.3066,-27.2841,-6.6294,-0.7151,-0.2890,-0.1287
2.0693,-33.6069,-7.0126,0.0546,-0.3679,0.0741
4.9050,-38.0138,-6.0163,0.9082,-0.0607,0.2817
4.8284,-36.7492,-5.0200,1.3149,0.3254,0.3205
1.8011,-33.9518,-3.0273,2.2146,0.8062,0.3642
0.6898,-25.4064,-2.2992,2.2777,1.0636,0.1469
1.1113,-14.7533,-5.4032,1.5954,0.9677,-0.1700
0.4215,-5.5948,-6.5145,0.9567,0.6301,-0.3290
-2.7591,4.4452,-2.7974,2.0725,-0.0352,0.1469
-3.4488,14.4084,-12.7990,4.1815,-0.2270,0.7418
1.6861,13.7570,-15.7113,0.6010,0.6653,0.2258
2.5291,2.1459,-9.1586,-3.0572,0.0741,-0.1943
-1.5328,-11.3428,4.0236,-2.7986,0.1153,0.0510
-0.5365,-7.8940,4.3302,1.7678,0.1275,0.1578
0.5748,4.7134,1.6095,2.7100,0.2015,0.0255
1.8011,6.0163,0.0383,0.5961,0.4577,-0.0243
-0.4598,0.5365,1.3795,-0.6119,0.4031,0.0121
-1.3795,-1.0730,-0.7281,-0.3873,0.1918,0.1712
-1.2263,0.6898,-2.0693,-0.1044,0.0097,0.2185
-0.3449,2.3375,-3.0656,-0.3436,-0.0850,0.0789
0.1150,1.3412,-3.3339,-0.7722,-0.0376,-0.0316
0.1916,-0.5365,-3.0656,-0.7710,-0.0352,-0.1020
0.4598,-1.0730,-2.7974,-0.4128,-0.0813,-0.1360
0.3832,-0.5365,-2.8357,-0.0522,-0.1360,-0.1238
0.7281,-0.0383,-2.2609,0.0061,-0.1166,-0.1372
0.6514,0.9197,-1.6861,-0.1287,-0.0935,-0.1445
-0.1916,-2.4142,0.9963,-0.2538,0.0959,0.0194
-2.2609,-16.4777,0.1916,0.0425,-0.1336,0.6532
5.1349,-28.7786,-5.8247,-1.5747,-0.3825,0.2793
1.1113,-38.0521,-6.3612,-3.9338,-0.1773,-0.2975
-5.0966,-36.0594,2.8357,0.2841,0.6593,0.2343
0.8430,-26.6326,-9.0819,4.5093,-0.6751,0.7309
2.6058,-22.6090,2.4142,-0.7928,0.0631,-0.6301
2.0693,-20.3098,1.7627,0.6763,0.4917,-0.0219
1.5711,-12.4924,-0.8430,2.0422,0.2028,0.2137
-0.0766,-9.2352,0.4215,0.6046,-0.0389,-0.1761
-0.0383,-7.5491,-1.1496,0.1493,0.0522,-0.2963
-0.2299,-3.7171,-2.9123,0.4942,0.2647,-0.1554
-0.4598,-1.8011,-2.1843,0.3327,0.3242,-0.1506
-0.3832,-1.5328,-2.2992,0.1943,0.2052,-0.1457
-0.3066,-2.7591,-3.2572,0.0474,0.2999,-0.0862
-0.5748,-5.7864,-3.2572,-0.3472,0.2246,-0.0850
-0.4598,-8.7754,-2.5675,-0.4832,-0.0340,-0.0534
-0.5365,-11.3811,-1.3795,-0.4165,-0.3715,-0.0340
0.0000,-13.1822,-1.9160,-0.3970,-0.5306,-0.0437
1.9543,-13.4504,-2.1076,-0.3072,-0.3970,-0.0328
1.8011,-11.6877,-1.8011,-0.1117,-0.2052,-0.0728
1.5328,-9.4268,-1.8394,0.0231,0.0401,-0.0765
1.7244,-8.3155,-2.1459,-0.0024,0.2185,-0.0085
1.4562,-9.0819,-2.0693,-0.1141,0.3169,0.0182
1.3412,-9.9633,-1.5711,-0.0158,0.3995,0.0146
0.9963,-9.6567,-1.7244,0.1821,0.4504,0.0279
0.8047,-9.3502,-1.4562,0.2064,0.4808,0.0401
0.4982,-9.9250,-1.1496,0.1129,0.4893,0.0352
0.0000,-10.4998,-0.9197,0.1287,0.4334,0.0425
-0.2299,-10.4614,-0.9580,0.1773,0.3946,0.0255
-0.1150,-9.7334,-1.1496,0.2246,0.3108,0.0024
0.2682,-9.1586,-0.8814,0.2161,0.2125,0.0024
0.2682,-8.9286,-1.2263,0.1348,0.1214,0.0291
0.3066,-9.7717,-1.0346,0.0546,0.1238,0.0461
0.5365,-9.9633,-0.7281,0.0668,0.0862,0.0474
0.6514,-9.7334,-0.6898,0.1251,0.0704,0.0510
0.5748,-9.4651,-0.7664,0.1166,0.0486,0.0607
0.3449,-9.8100,-0.8047,0.0643,-0.0085,0.0619
0.4982,-9.9633,-0.3066,0.0813,-0.0158,0.0486
0.5748,-9.4651,-0.5748,0.1372,-0.0631,0.0486
0.4215,-9.3118,-0.6898,0.0376,-0.0109,0.0364
0.3832,-9.6950,-0.7281,-0.0801,0.0510,0.0194
0.3832,-9.8483,-0.7281,-0.0631,0.0619,0.0243
0.4215,-9.3885,-0.6898,-0.0085,0.0631,0.0449
0.3449,-9.3502,-0.8047,-0.0838,0.0971,0.0486
0.4215,-9.6184,-0.9963,-0.1700,0.1105,0.0461
0.1150,-9.7717,-0.8814,-0.1566,0.0898,0.0595
0.3449,-9.8866,-0.9197,-0.1105,0.0813,0.0813
0.3449,-9.8100,-1.0346,-0.1020,0.0862,0.0728
0.1916,-9.5418,-1.3795,-0.1287,0.0996,0.0498
0.1533,-9.6184,-1.2263,-0.1433,0.0898,0.0401
0.1150,-9.9633,-1.2263,-0.1372,0.0656,0.0376
0.3832,-9.8866,-1.2263,-0.1323,0.0571,0.0255
0.4598,-9.7334,-1.4179,-0.1202,0.0656,0.0267
0.6514,-9.9250,-1.1113,-0.1153,0.0971,0.0376
0.4982,-10.0399,-1.0730,-0.1032,0.1372,0.0510
0.4982,-9.7717,-1.2263,-0.0741,0.1724,0.0389
0.3449,-9.5034,-1.2263,-0.1202,0.1566,0.0134
0.1533,-9.8483,-1.3029,-0.1627,0.1736,0.0036
0.1150,-9.9633,-1.4562,-0.1348,0.1736,0.0073
0.2299,-9.8483,-1.5328,-0.0728,0.1554,0.0024
0.3449,-9.8483,-1.5711,-0.0389,0.1506,-0.0012
0.1150,-9.6950,-1.6095,-0.0182,0.1506,-0.0049

