-.-.-
-0.1916,-9.3885,-6.2079,0.3448,0.2100,-0.1421
-0.1533,-9.1586,-5.7097,0.4043,0.2270,-0.1615
-0.6514,-8.8903,-5.5564,0.4262,0.2610,-0.1821
-0.4598,-8.7754,-5.0200,0.4237,0.2574,-0.1821
-0.3449,-8.6221,-4.5601,0.4480,0.2258,-0.1408
-0.2299,-8.6221,-4.4068,0.4322,0.1554,-0.0777
-0.3066,-8.5454,-4.5601,0.3800,0.1166,-0.0474
-0.4598,-8.9286,-4.3685,0.3448,0.1056,-0.0340
-0.1916,-9.4268,-4.3685,0.4007,0.0862,-0.0279
-0.1916,-9.3118,-4.7134,0.5014,0.0777,-0.0328
-0.1150,-9.2735,-4.5601,0.5512,0.0983,-0.0316
-0.1150,-9.2735,-4.5984,0.5986,0.1141,-0.0413
-0.1533,-9.1586,-4.6368,0.5731,0.0996,-0.0401
-0.1150,-9.0819,-5.5564,0.4954,0.0643,-0.0376
-0.1533,-9.2735,-4.5218,0.4067,0.0413,-0.0498
-0.1533,-9.3885,-4.7134,0.3339,0.0279,-0.0680
-0.1533,-9.0819,-4.5984,0.2950,0.0073,-0.0716
-0.0766,-8.8903,-4.8667,0.2392,-0.0097,-0.0801
-0.0766,-8.8137,-4.4452,0.1372,-0.0121,-0.0704
0.0000,-8.7370,-4.3685,0.0316,-0.0316,-0.0243
-0.0766,-8.7370,-4.4068,0.0437,-0.0522,0.0024
-0.3066,-8.4305,-4.5218,0.0838,-0.0170,-0.0036
-0.1150,-8.3921,-4.4835,0.0607,0.0316,-0.0121
-0.1150,-8.1622,-4.3685,0.0012,0.0486,-0.0024
-0.1916,-8.1239,-4.1386,-0.0947,0.0340,0.0158
-0.1533,-8.0856,-3.9087,-0.1712,0.0206,0.0231
-0.3066,-8.3155,-3.9087,-0.1979,0.0182,0.0243
-0.2682,-8.3538,-3.9853,-0.2270,0.0121,0.0449
-0.2299,-8.4305,-3.7937,-0.2380,-0.0036,0.0559
-0.2299,-8.6604,-3.7937,-0.1882,-0.0146,0.0425
-0.1916,-8.7370,-4.0620,-0.0583,-0.0036,0.0219
-0.1916,-8.6221,-4.1386,0.0109,0.0146,0.0085
-0.3066,-8.4305,-4.1769,0.0364,0.0279,0.0073
-0.4215,-8.2772,-4.2919,0.0279,0.0401,0.0194
-0.2299,-8.5454,-4.2152,0.0243,0.0498,0.0231
-0.1533,-8.5838,-4.1769,0.0352,0.0498,0.0291
-0.3449,-8.6221,-4.2152,0.0850,0.0486,0.0219
-0.2682,-8.5454,-4.3302,0.0862,0.0583,0.0146
-0.3449,-8.5838,-4.1386,0.0680,0.0741,0.0073
-0.2299,-8.7370,-4.1386,0.1129,0.0753,0.0012
-0.1916,-8.5838,-4.3302,0.1554,0.0668,-0.0073
-0.2682,-8.5071,-4.3302,0.1251,0.0643,-0.0073
-0.3066,-8.4305,-4.3685,0.0911,0.0571,-0.0134
-0.3832,-8.5454,-4.2152,0.0704,0.0474,-0.0109
-0.2299,-8.5454,-4.3302,0.0704,0.0352,-0.0134
-0.2299,-8.4688,-4.2536,0.0522,0.0279,-0.0121
-0.2299,-8.4305,-4.1769,0.0413,0.0170,-0.0134
-0.2682,-8.5454,-3.9470,0.0401,0.0073,-0.0170
-0.1916,-8.5071,-4.1003,0.0316,-0.0012,-0.0134
-0.1533,-8.4305,-4.1386,0.0219,-0.0049,-0.0158
-0.2682,-8.6604,-4.1386,0.0194,0.0012,-0.0194
-0.1533,-8.6987,-4.5984,0.0170,0.0049,-0.0182
-0.2299,-8.5838,-4.0620,0.0231,0.0134,-0.0109
-0.3066,-8.3921,-3.9853,0.0267,0.0194,-0.0158
-0.2299,-8.4688,-4.1386,0.0267,0.0231,-0.0170
-0.2682,-8.5071,-4.1003,0.0243,0.0328,-0.0170
-0.2299,-8.2389,-4.0620,0.0182,0.0364,-0.0158
-0.1916,-8.5838,-4.2536,0.0121,0.0364,-0.0182
-0.1533,-8.5071,-4.1386,0.0121,0.0352,-0.0134
-0.1150,-8.5454,-4.1386,0.0121,0.0413,-0.0097
-0.1533,-8.5071,-4.1769,0.0231,0.0486,-0.0146
-0.1150,-8.6221,-4.2152,0.0267,0.0510,-0.0146
-0.1533,-8.5071,-4.2919,0.0352,0.0510,-0.0182
-0.1533,-8.5838,-4.1769,0.0474,0.0486,-0.0170
-0.1533,-8.4305,-4.3302,0.0607,0.0546,-0.0219
-0.1533,-8.4305,-4.3302,0.0704,0.0571,-0.0194
-0.1533,-8.4305,-4.2536,0.0692,0.0607,-0.0219
-0.1150,-8.5071,-4.1003,0.0571,0.0595,-0.0219
-0.1150,-8.5071,-4.2536,0.0643,0.0498,-0.0255
-0.1533,-8.3538,-4.2536,0.0643,0.0376,-0.0291
-0.1150,-8.3921,-4.1003,0.0401,0.0304,-0.0219
-0.1533,-8.4688,-4.2152,0.0474,0.0279,-0.0243
-0.1150,-8.4688,-4.2919,0.0583,0.0231,-0.0279
-0.1533,-8.4305,-4.2536,0.0559,0.0121,-0.0316
-0.1150,-8.5838,-4.2152,0.0656,0.0000,-0.0340
-0.1150,-8.5071,-4.4452,0.0753,-0.0109,-0.0401
-0.1533,-8.4688,-4.4452,0.0716,-0.0182,-0.0340
-0.1150,-8.4688,-4.4068,0.0583,-0.0267,-0.0279
-0.0766,-8.5454,-4.3302,0.0534,-0.0304,-0.0279
-0.0766,-8.6221,-4.4452,0.0643,-0.0279,-0.0291
-0.1533,-8.5838,-4.2536,0.0850,-0.0267,-0.0279
-0.1533,-8.3921,-4.1769,0.0898,-0.0316,-0.0279
-0.1150,-8.3921,-4.3302,0.0765,-0.0340,-0.0243
-0.1533,-8.4688,-4.2152,0.0643,-0.0304,-0.0255
-0.0766,-8.3538,-4.2919,0.0643,-0.0267,-0.0206
-0.1150,-8.3921,-4.3685,0.0777,-0.0194,-0.0194
-0.1533,-8.4305,-4.2919,0.0874,-0.0121,-0.0194
-0.0766,-8.4688,-4.2919,0.0826,-0.0073,-0.0194
-0.1533,-8.3155,-4.2152,0.0668,0.0000,-0.0158
-0.0766,-8.5071,-4.2152,0.0656,0.0024,-0.0109
-0.1533,-8.5071,-4.1769,0.0789,0.0134,-0.0085
-0.1533,-8.4305,-4.2152,0.0826,0.0206,-0.0085
-0.1533,-8.5454,-4.3685,0.0850,0.0352,-0.0073
-0.0766,-8.4305,-4.2536,0.0813,0.0413,-0.0073
-0.1150,-8.3921,-4.1386,0.0777,0.0461,-0.0049
-0.2299,-8.4305,-4.1386,0.0741,0.0461,-0.0012
-0.0766,-8.4688,-4.2152,0.0741,0.0461,-0.0085
-0.1533,-8.4688,-4.2919,0.0716,0.0449,-0.0097
-0.1916,-8.3921,-4.2536,0.0716,0.0376,-0.0109
-0.1533,-8.4688,-4.3685,0.0656,0.0389,-0.0109
-0.1533,-8.4688,-4.2536,0.0559,0.0389,-0.0073
-0.1916,-8.5454,-4.2536,0.0437,0.0413,0.0024
-0.1150,-8.6604,-4.2536,0.0571,0.0352,0.0073
-0.1150,-8.6221,-4.3302,0.0801,0.0194,0.0036
-0.1533,-8.3538,-4.2536,0.0996,0.0097,-0.0036
-0.0766,-8.5454,-4.2152,0.0874,0.0170,-0.0061
-0.1533,-8.5071,-4.0620,0.0886,0.0291,-0.0109
-0.1533,-8.4305,-4.0236,0.1081,0.0352,-0.0121
-0.1150,-8.5071,-4.1003,0.1044,0.0304,-0.0085
-0.1150,-8.5454,-4.3302,0.1008,0.0219,-0.0049
-0.1533,-8.5071,-4.3685,0.0971,0.0170,-0.0073
-0.1533,-8.3921,-4.2536,0.0959,0.0121,-0.0073
-0.1533,-8.3921,-4.1386,0.1105,0.0158,-0.0097
-0.1533,-8.3921,-4.2919,0.1093,0.0243,-0.0097
-0.1533,-8.3921,-4.1003,0.1008,0.0291,-0.0073
-0.1916,-8.3538,-4.1386,0.0728,0.0316,0.0049
-0.2682,-8.3921,-4.1003,0.0498,0.0304,0.0121
-0.1533,-8.4305,-4.1003,0.0267,0.0449,0.0097
-0.1533,-8.8137,-4.2919,0.0316,0.0522,0.0036
-0.1533,-8.5838,-4.2152,0.0534,0.0546,-0.0012
-0.0766,-8.9286,-4.2152,0.0801,0.0607,-0.0024
-0.1533,-8.8903,-4.3685,0.0911,0.0680,-0.0097
-0.1150,-8.8137,-4.4835,0.0850,0.0789,-0.0158
-0.1150,-9.0819,-4.4835,0.0911,0.1032,-0.0121
-0.0383,-9.2735,-4.7900,0.0813,0.1117,-0.0255
-0.0766,-9.3502,-4.9816,0.0401,0.1008,-0.0255
-0.1150,-9.1969,-5.2499,-0.0510,0.0643,-0.0243
-0.1533,-9.2352,-5.1732,-0.1421,0.0000,-0.0219

