-.-.-
-3.3339,-9.7334,-3.3339,0.6957,0.3982,0.3181
-3.1039,-8.9286,-2.9123,0.7661,0.2890,0.2222
-2.2609,-8.4305,-2.7591,0.5986,0.2161,0.1214
-2.3759,-8.6987,-2.6058,0.7346,0.4796,0.0656
-2.6058,-8.2005,-2.4525,0.5779,0.4881,-0.0546
-2.8740,-8.3155,-2.2992,0.6071,0.4662,-0.1287
-2.6058,-8.1239,-2.4142,0.5986,0.2659,-0.1809
-2.3375,-8.4305,-2.4142,0.5609,0.1190,-0.2562
-1.3795,-9.0436,-2.6441,0.6022,0.1469,-0.3679
-0.8430,-9.3885,-2.4142,0.7066,0.2878,-0.4723
-1.0346,-9.3885,-1.8777,0.8487,0.4310,-0.5500
-1.7244,-9.2352,-1.4179,1.0454,0.5791,-0.6484
-1.5711,-9.2352,-1.3029,1.0794,0.7248,-0.7686
-1.4562,-8.6604,-1.3412,1.0138,0.7431,-0.8293
-0.6898,-8.1239,-1.2646,0.8195,0.6690,-0.7953
0.0766,-9.4268,-0.7281,0.4772,0.5961,-0.6848
-0.1533,-9.8866,-0.6514,0.4432,0.6751,-0.6071
-0.3066,-10.1166,-1.3795,0.5488,0.8378,-0.5719
-0.1533,-9.0053,-2.1843,0.4674,0.8305,-0.6192
-0.0766,-7.9706,-2.0310,0.2574,0.8863,-0.6362
-0.3449,-8.4305,-1.3795,-0.0826,0.9616,-0.5476
-0.2682,-10.1932,-1.2646,-0.2574,0.9555,-0.3691
0.0383,-10.8830,-1.3412,-0.0619,0.9762,-0.3715
-0.4598,-11.0363,-1.8011,0.0510,0.9580,-0.2695
-0.6514,-10.2315,-1.8011,0.1299,1.0308,-0.3485
-0.2682,-10.0016,-2.1076,0.0231,1.1741,-0.4152
-0.6514,-9.2352,-1.6861,0.0073,1.1935,-0.4589
-1.2263,-9.7717,-1.6095,-0.0753,1.0466,-0.4541
-1.0346,-10.9979,-1.8394,-0.0643,1.0077,-0.4165
-1.0730,-11.5344,-2.4525,-0.0231,0.9920,-0.3982
-1.6095,-11.8027,-2.2992,-0.0097,0.6993,-0.0692
-1.4179,-9.1969,-2.2226,0.2671,0.3922,-0.0158
-0.6514,-8.8520,-2.1459,0.0862,0.2149,-0.0255
0.6514,-8.7754,-1.8394,0.0971,0.2720,-0.2805
1.9543,-9.8100,-1.2646,-0.0134,0.4966,-0.4177
1.5711,-10.0399,-1.3412,-0.0279,0.7479,-0.5112
1.4562,-10.2315,-1.8394,-0.0437,0.9021,-0.5209
1.5711,-9.9250,-1.6861,-0.0983,0.9264,-0.4747
1.3795,-10.0399,-0.7664,-0.1081,0.8548,-0.3910
1.4179,-10.1166,-0.4982,-0.0559,0.7771,-0.3023
1.3412,-9.7717,-0.6131,-0.0449,0.6678,-0.2137
2.0310,-10.1549,-0.6514,-0.1190,0.5743,-0.1736
1.9543,-10.2315,-0.4982,-0.1445,0.4662,-0.1457
1.7244,-10.2315,-0.5365,-0.1408,0.2963,-0.0243
1.8777,-9.5034,-0.9580,-0.0631,0.3703,-0.0194
1.7244,-9.1969,-0.7664,-0.0461,0.4262,-0.0109
1.6861,-9.8866,-1.0730,-0.0546,0.4359,0.0401
1.8777,-9.8866,-1.5711,-0.0194,0.5099,0.0777
2.1076,-10.3082,-0.9963,-0.0583,0.6071,0.0765
1.1113,-10.5764,-1.1496,-0.0049,0.5816,0.0219
0.0383,-10.6914,-1.1879,0.1141,0.5027,-0.0474
-0.8430,-10.9979,-0.8814,0.1299,0.3387,-0.1068
-1.3412,-10.7297,-0.7281,0.2088,0.1238,-0.1396
-1.1879,-10.3082,-0.7664,0.1469,-0.1068,-0.1263
-0.3832,-9.9250,-1.1879,0.1008,-0.2708,-0.0643
-0.0383,-9.8483,-0.9963,0.0546,-0.2963,0.0826
0.1150,-9.8483,-0.8430,0.0243,-0.2720,0.1493
0.1916,-9.6184,-0.7281,0.1190,-0.2708,0.1408
0.0000,-10.3848,-0.5365,0.0813,-0.3230,0.1481
0.0383,-10.5764,-0.3449,0.1979,-0.3339,0.1396
0.1150,-10.1166,-0.1916,0.2720,-0.3509,0.0935
0.1916,-9.7334,-0.5748,0.2671,-0.4225,0.0813
0.2299,-9.6184,-0.4215,0.2635,-0.4589,0.0789
0.1916,-9.3885,-0.2682,0.2392,-0.4565,0.0413
0.2682,-9.3502,-0.6514,0.1566,-0.4334,0.0389
0.3832,-9.6567,-0.4215,0.0728,-0.4128,0.0158
0.4215,-10.0782,-0.3832,0.0668,-0.3703,-0.0024
0.3832,-9.8866,-0.4215,0.0850,-0.3302,-0.0121
0.6131,-9.8866,-0.4598,0.0692,-0.3193,0.0000
0.5365,-10.0016,-0.0383,0.0595,-0.2865,0.0049
0.4982,-9.8483,0.0000,0.0728,-0.2671,0.0194
0.4598,-9.8866,0.0383,0.0728,-0.2695,0.0267
0.5365,-9.6950,-0.0766,0.0619,-0.2732,0.0304
0.4982,-9.9633,-0.2682,0.0036,-0.2683,0.0170
0.7664,-9.8866,-0.0383,0.0012,-0.2380,0.0170
0.8430,-9.7334,-0.0766,-0.0182,-0.1663,0.0304
0.7281,-9.8100,0.0766,-0.0741,-0.1445,0.0182
0.6898,-9.9250,-0.0383,-0.1226,-0.1360,0.0024
0.6131,-9.7334,0.0000,-0.1639,-0.1105,0.0085
0.4215,-9.8866,-0.1533,-0.1748,-0.1032,0.0170
0.4982,-9.7717,0.0000,-0.1651,-0.0947,0.0219
0.5748,-9.9633,0.0000,-0.1955,-0.0996,0.0206
0.4598,-9.8866,-0.0383,-0.1506,-0.0996,0.0170
0.6514,-9.8483,-0.2682,-0.1360,-0.0862,0.0109
0.6898,-9.8866,-0.0383,-0.1372,-0.0777,0.0024
0.6131,-9.8483,-0.0383,-0.1238,-0.0886,0.0121
0.6514,-10.0016,-0.2682,-0.1408,-0.0777,-0.0036
0.6898,-9.9250,-0.1916,-0.1214,-0.0571,-0.0194
0.7281,-9.8483,-0.4215,-0.1348,-0.0413,-0.0267
0.7281,-9.8100,-0.4598,-0.1651,-0.0401,-0.0255
0.8814,-9.9633,-0.3066,-0.1748,-0.0340,-0.0182
0.8814,-9.9633,-0.1150,-0.1639,-0.0328,-0.0170
0.7664,-9.8866,-0.2682,-0.1676,-0.0206,-0.0158
0.7281,-10.0399,-0.3832,-0.1578,-0.0085,-0.0255
0.6514,-10.0016,-0.5365,-0.1287,0.0061,-0.0304
0.7664,-10.0782,-0.4982,-0.1093,-0.0012,-0.0219
0.7664,-9.8866,-0.4598,-0.0959,0.0073,-0.0206
0.8814,-10.0016,-0.3449,-0.0971,0.0279,-0.0109
0.7664,-9.9633,-0.5365,-0.0838,0.0304,-0.0049
0.7281,-9.8866,-0.6514,-0.0777,0.0401,-0.0121
0.7664,-9.8866,-0.4598,-0.0716,0.0474,-0.0219
0.8047,-10.0782,-0.4598,-0.1008,0.0461,-0.0158
0.5365,-9.9250,-0.4215,-0.0789,0.0194,-0.0073
0.6514,-9.9633,-0.5365,-0.0935,0.0097,-0.0061
0.6514,-9.8483,-0.4215,-0.0959,0.0206,-0.0061
0.7281,-10.4998,-0.2299,-0.1044,0.0352,0.0049
0.5365,-9.6950,-0.5365,-0.0704,0.0291,-0.0206
0.6898,-10.2315,-0.5748,-0.1384,0.0073,0.0061
0.6514,-9.8866,-0.6131,-0.0546,0.0036,0.0024
0.6898,-10.0782,-0.5748,-0.0935,-0.0194,0.0024
0.6131,-9.9250,-0.5365,-0.0643,-0.0243,0.0085
0.5365,-9.8483,-0.7281,-0.0643,-0.0049,0.0024
0.6514,-9.9250,-0.4982,-0.0728,-0.0036,0.0085
0.7664,-10.0016,-0.6131,-0.0595,-0.0243,0.0097
0.6514,-9.9633,-0.4215,-0.0559,-0.0437,0.0061
0.5748,-9.9633,-0.7664,-0.0619,-0.0498,0.0000
0.5748,-10.0399,-0.6131,-0.0850,-0.0486,-0.0073
0.6131,-9.8100,-0.7664,-0.0874,-0.0534,-0.0073
0.6514,-9.8483,-0.6131,-0.0850,-0.0498,-0.0049
0.5748,-9.9633,-0.6898,-0.0874,-0.0425,0.0000
0.5748,-10.0782,-0.7281,-0.0923,-0.0510,0.0073
0.4982,-10.0016,-0.7281,-0.0789,-0.0595,0.0134
0.5748,-9.9250,-0.7281,-0.0838,-0.0534,0.0134
0.5365,-9.9250,-0.5748,-0.0813,-0.0498,0.0134
0.5748,-9.9633,-0.7664,-0.0874,-0.0643,0.0097
0.4982,-10.0399,-0.6131,-0.0862,-0.0643,0.0109
0.4982,-9.9250,-0.6131,-0.0813,-0.0607,0.0109
0.5748,-9.8483,-0.5365,-0.0947,-0.0680,0.0097

