-.-.-
1.7244,-0.1533,0.0000,0.9337,0.1129,0.1190
3.6787,-1.9927,-1.6861,0.7078,0.2040,0.5536
1.1879,-1.4179,-1.2646,1.2433,0.6496,0.9155
1.3412,-0.4598,-1.0346,2.0446,0.9070,1.1729
4.6368,-2.8740,-2.6441,1.7168,0.9992,0.9130
8.3538,-11.1895,-12.0326,-0.2440,1.8236,-0.2841
3.7554,-26.2111,8.1622,-1.5019,2.3251,-1.4813
-1.3412,-17.3591,11.2662,-0.1032,1.5942,-2.0604
-10.4998,-17.6657,-4.6751,0.2404,1.6100,-0.3606
-10.6147,-14.2168,5.1732,0.4942,0.9786,0.4213
-2.9890,-12.7223,5.3648,-1.2627,0.5294,1.2202
-0.6514,-16.9759,6.8977,-1.6561,0.1542,1.3489
2.7974,-18.8536,7.0509,-1.2311,-0.1748,1.2251
0.5365,-15.1365,6.1696,-0.7783,-0.0012,1.2287
-5.2499,-12.7607,3.6404,-0.8450,0.1311,1.2287
-3.5638,-9.7717,2.2992,-0.8171,-0.1275,1.0102
1.4179,-3.7554,0.9197,-0.2902,-0.1093,0.7261
2.2992,0.0383,2.1843,-0.1809,0.1906,0.1117
-0.0383,-1.4179,2.0310,0.2380,0.0449,-0.3290
-3.7171,-2.4908,0.1916,0.2331,-0.1724,-0.3132
-3.8704,-3.9853,-1.8394,0.5451,-0.4978,-0.2428
-1.3795,-3.5255,-0.9197,1.3878,-0.8038,-0.5099
-1.1879,-1.5328,-0.4215,2.3821,-0.9810,-0.4784
-7.0893,-2.9890,-9.0436,1.3356,-1.4096,0.2562
-1.7244,-23.0305,-12.1475,-3.3122,-1.5298,2.2595
-2.1076,-27.3224,16.2478,-0.4432,-0.2817,2.3761
6.9743,-14.9066,1.8011,2.0908,-1.2591,1.4873
9.3885,-16.9759,1.7627,0.1833,0.1408,-0.2173
4.5601,-13.7953,2.1459,0.2659,0.7418,-1.4339
-2.6824,-12.3775,4.0236,-0.4480,0.9920,-1.7180
-8.0856,-14.1402,5.5564,-0.6471,1.1462,-1.5857
-9.4268,-19.0452,7.2809,-0.9397,0.8499,-1.6500
-2.5675,-15.8263,4.9816,-0.0716,-0.0510,-1.9366
1.9543,-11.3045,2.9890,-0.7722,-0.3169,-2.2182
1.2263,-7.2425,3.1423,-1.7326,-0.2720,-2.3554
-0.7664,-4.7134,3.0273,-1.3101,-0.1008,-2.1090
0.0766,-3.4871,0.7281,-0.5682,-0.0097,-1.2081
4.2536,-3.3722,0.1533,-0.0291,0.2623,-0.2793
6.0546,-2.4525,-0.2299,0.4407,0.7722,-0.0401
4.6751,-1.3795,-1.3029,0.7904,0.8973,0.2380
1.5711,0.7664,-3.2955,1.4448,1.2275,0.6022
1.3412,-0.1150,-2.2226,1.6609,1.5517,0.8293
5.7480,-5.6714,-9.5034,0.5306,1.8176,0.5706
-0.5748,-15.7113,0.0766,-1.0029,1.9572,-0.2671
-4.2152,-20.6163,12.2625,-1.1765,0.4165,-1.3428
-9.8483,-16.4777,0.6898,-0.5621,0.6386,-1.0065
-7.1659,-16.1712,2.2226,0.2841,-0.0838,0.4359
-3.2189,-13.4504,4.9050,-0.8997,-0.5294,1.2773
0.8047,-17.2441,6.2462,-1.7994,-0.3861,1.6209
2.9507,-19.5817,7.8557,-1.1486,-0.7176,1.8807
2.4908,-14.9449,6.5911,-0.3096,-0.6496,2.0143
-3.1039,-10.9213,4.1769,-0.3788,-0.5306,2.1162
-5.4798,-9.0436,2.1843,-0.9422,-0.5961,1.7265
-3.2189,-6.6677,-0.3832,-1.5456,-0.1323,1.0393
-0.8047,-5.0583,-0.5365,-1.3623,-0.2137,0.1433
-1.2646,-6.3229,2.5291,0.1238,-0.5354,-0.5488
-2.4142,-4.9433,0.6898,1.0332,-0.9130,-0.3995
-2.4142,-2.7974,-2.2992,1.7374,-0.9191,-0.1214
-0.5365,0.3832,-1.5711,2.1454,-0.9155,-0.3181
-2.8357,-0.5365,-5.2882,1.6257,-1.4740,-0.0680
-1.9927,-10.2315,-15.9413,-0.8633,-2.0058,0.5998
-2.8740,-24.9465,9.8100,-1.6828,0.0340,2.3057
0.1916,-19.9266,-1.5711,-0.6581,-1.4035,2.0701
11.4195,-24.6783,-0.2682,-0.4189,-0.0474,0.0267
4.9433,-13.8336,4.9433,0.9033,0.5889,-1.8686
0.4982,-11.6494,0.0000,0.0352,0.5646,-2.0592
-4.8667,-14.6384,4.9433,-1.0563,1.3987,-1.8394
-7.4725,-21.6127,8.1239,-1.1850,1.2336,-1.5128
-0.0766,-20.5014,4.4452,0.3594,0.3679,-1.6209
1.7244,-12.3008,1.4179,1.3526,0.4504,-1.9548
-0.5748,-2.5291,0.3449,0.5451,0.4383,-2.0786
-2.4908,4.5601,-1.8011,-0.8208,0.0461,-1.8892
-1.0346,-0.3449,2.2226,-0.7661,0.1870,-0.8135
0.0383,-5.6714,2.9123,0.7358,0.0073,0.1530
4.2152,-5.2499,0.7281,1.5905,0.0097,0.3618
3.7937,-2.4142,-1.7244,1.6889,0.6374,0.5476
1.5328,0.8814,-2.5675,2.1029,0.9470,0.8426
1.0730,1.3795,-2.3375,2.3263,0.9470,1.0102
4.7517,-0.8814,-2.6058,1.7933,1.1279,0.8268
9.4651,-7.3575,-15.3664,-0.6010,1.8176,-0.0498
8.2005,-30.3880,12.6074,-3.4348,2.7865,-1.2469
-3.5255,-23.2988,8.9670,-1.8176,1.4278,-2.3093
-13.3355,-22.3024,-0.9197,0.4456,2.1150,0.2550
-8.7370,-15.7113,7.8940,0.5840,0.8718,1.4023
-4.1003,-15.6730,7.5491,-1.3598,0.4031,2.0774
-3.9470,-18.5470,7.8173,-1.5225,-0.3849,1.9948
1.5328,-16.4777,7.4725,-0.1457,-0.8888,1.5456
-2.4908,-13.4888,5.5564,0.0109,-0.6156,1.6731
-0.5365,-10.1549,1.1496,0.2647,-0.5937,1.1789
-1.0730,-1.6478,-2.4142,-0.2987,-0.5039,0.4310
-0.9963,3.2189,-0.7664,-1.1425,-0.3557,-0.2489
-1.1879,-5.0966,4.4452,-0.4092,-0.1542,-0.6144
-2.9507,-5.9780,2.3759,1.2008,-0.4419,-0.4116
-3.1039,-1.9927,-2.0310,1.4230,-0.8633,-0.2319
-0.2682,-2.3375,-2.4525,0.8705,-1.2129,-0.5706
0.9963,-1.7244,-1.7244,1.7933,-1.3441,-0.5306
-1.2263,-0.8047,-1.7627,2.0665,-1.2202,-0.2149
-9.2735,-4.5218,-9.2352,0.3812,-1.8491,0.8329
-2.4142,-23.4904,-10.4231,-3.6449,-1.5068,2.1867
-2.7591,-25.4064,17.8189,-0.7661,-0.0097,1.9329
11.1129,-22.8389,-0.0766,1.6512,-1.9123,0.7698
8.2772,-18.2405,2.9890,0.3752,-0.3667,-1.3526
-1.2646,-12.0326,6.3229,-0.4262,0.4504,-1.7994
-3.6021,-12.4158,4.0236,-1.3465,0.6326,-1.6585
-8.8137,-20.0415,8.7370,-1.6342,1.2566,-1.5626
-4.4068,-22.0342,7.9706,-0.6350,-0.0170,-1.7338
5.7480,-14.4084,1.4179,0.1845,-0.4262,-1.9244
3.5638,-4.5984,1.1113,-1.0369,0.2695,-2.0070
-2.4142,1.9160,2.7591,-1.6500,-0.0643,-2.0361
-3.4871,-0.0383,2.1076,-1.0830,-0.4905,-1.0466
0.4598,-4.4068,1.8777,-0.0121,-0.1141,-0.0291
3.9853,-4.9433,-0.7664,0.6751,0.3752,0.1506
3.7554,-4.0620,-2.0693,0.5257,0.8608,0.4055
2.1076,-0.4982,-2.5291,1.8576,0.9130,0.9276
0.4598,1.8777,-2.1843,2.5570,1.2833,1.0709
3.8704,-3.4105,-2.3759,1.5662,1.2736,0.5706
8.4688,-11.4195,-12.8373,-0.2574,2.3227,-0.5573
2.8357,-26.5943,8.3155,-1.5820,2.3943,-0.9106
0.8430,-17.4357,9.1969,0.1906,1.6694,-1.4424
-12.3008,-16.6693,-5.4415,-0.0109,1.7544,0.1736
-11.8793,-14.4468,6.9360,0.4929,0.8851,0.8463
-5.1349,-13.9486,7.0893,-1.1899,0.3157,1.2591
-1.6861,-17.9722,7.2042,-1.6075,-0.3290,1.5590
2.2992,-18.1255,7.7790,-0.8123,-0.8487,1.6670
-0.0766,-12.9523,5.0966,-0.3084,-0.6666,1.6282
-4.8284,-12.2625,3.4105,-0.6629,-0.5476,1.5675
-0.5748,-10.5381,3.1039,-0.2683,-0.7734,1.5031
2.6058,-0.3832,-1.8394,0.2756,-0.6362,1.0527

