-.-.-
2.8740,-8.0856,-0.0766,-0.4638,-0.5245,-1.3526
1.4945,-10.3082,1.2263,-0.7552,-0.1530,-1.0733
1.1113,-10.9213,2.5291,-0.5488,-0.0741,-0.6520
0.2682,-8.0473,2.4142,0.0631,-0.1044,-0.4990
-0.8814,-4.8284,0.0766,0.2902,-0.1530,-0.5233
-1.6095,-4.7134,0.6898,0.3594,-0.2829,-0.4407
1.2263,-4.4068,0.5748,0.6848,-0.1287,-0.2331
2.2992,-3.5638,-0.2682,0.7673,0.1566,-0.0510
2.9507,-5.0966,-2.1843,0.4747,0.2040,0.1032
4.7517,-7.2042,-7.8173,-0.1360,0.4019,0.0413
-0.1533,-12.4541,-0.6514,-0.5282,0.3995,-0.5828
-4.2919,-13.9869,-1.2646,-0.3315,0.5937,-0.9179
-8.1239,-13.7570,-1.5711,-0.4237,0.1408,-0.3922
-5.1349,-14.9066,-1.6861,-0.5330,-0.3958,0.1736
0.4598,-17.7806,-1.8394,-0.2113,-0.4638,0.6180
2.2226,-15.9029,-0.4598,0.0886,-0.2343,0.7176
1.0346,-12.7223,-0.5748,0.1226,0.0449,0.6799
-1.0730,-13.4504,0.6131,-0.2331,0.2161,0.8693
-1.8777,-13.2588,1.1113,-0.0923,0.2234,0.9907
-2.3375,-10.8830,2.0693,0.0328,0.1433,0.8013
-2.5291,-7.4341,1.2646,0.2222,-0.1833,0.6872
-1.1113,-5.9396,1.6478,-0.0728,-0.2562,0.5876
0.7281,-3.6787,1.4179,0.1299,-0.4080,0.3703
1.0346,-1.9160,0.7281,0.4869,-0.5415,0.1761
-1.5328,-1.9543,-0.1150,0.8438,-0.6350,-0.0850
-1.3412,-1.5711,-1.1113,1.1789,-0.3910,-0.2865
-0.1916,-1.0346,-1.5328,1.1607,-0.1591,-0.4504
-0.3832,-2.1459,-0.0383,1.0551,-0.0959,-0.3703
-3.2572,-4.2919,-6.2462,0.4978,-0.3740,0.2938
-0.3449,-24.7549,-4.9816,-1.0211,1.1146,1.6998
-2.2226,-17.7806,1.4562,0.9009,-0.1056,1.3052
3.1039,-16.8993,-1.9927,0.5124,0.3727,-0.5731
0.5748,-14.8683,-0.3449,-0.4905,0.8268,-1.2409
-5.7864,-15.2132,1.2263,-0.4334,0.9980,-1.1061
-6.3995,-11.1895,-0.2299,-0.2355,0.4589,-0.7455
-0.4215,-12.9906,0.1533,-0.7394,0.3132,-0.6071
1.5711,-14.9832,0.1533,-0.7333,0.1651,-0.7163
1.5328,-13.0289,1.1879,-0.5160,0.2525,-0.9920
1.2646,-10.6530,0.9963,-0.3436,0.3169,-0.9337
-0.6898,-7.8557,1.2263,-0.1724,0.0607,-0.6471
-2.2992,-6.5145,3.7554,-0.2125,-0.0765,-0.3193
-2.6441,-4.6751,4.4835,0.5439,-0.1384,-0.0413
2.2992,-0.9963,1.6861,1.1267,0.1676,0.0607
4.6751,-0.1150,-0.4215,0.9155,0.3521,0.1384
2.0310,-2.6058,0.7664,0.5767,0.1773,0.3327
1.4179,-3.9853,-1.6095,0.8438,0.1627,0.3047
-0.6898,-2.6441,-7.8557,0.1141,0.2671,-0.0534
-6.0929,-15.0982,-3.6787,-2.0033,0.2623,-0.8074
0.5365,-16.2095,2.3759,-0.0510,-0.4784,-1.3088
-3.4105,-12.9523,-2.2992,-0.0158,-0.1809,-0.4322
-4.1386,-14.1785,-2.0310,-0.1591,-0.8475,0.1930
1.7627,-18.7003,-0.7664,-0.2975,-0.9191,0.5876
4.3685,-15.2898,-1.3029,0.6107,-0.4116,0.5464
1.4945,-10.4231,-1.3029,0.2137,-0.0352,0.7989
-1.7627,-11.0746,-0.9580,-0.3035,0.3327,1.1231
-1.9927,-11.8793,-0.2682,-0.4080,0.5852,1.1971
-2.0310,-12.3775,1.0346,-0.4067,0.4978,0.9895
-3.2189,-11.4195,2.0693,-0.2975,0.4189,0.6216
-2.7207,-8.5454,2.5675,-0.1991,0.2817,0.4274
-1.3795,-3.9470,1.6478,-0.0874,0.0741,0.4298
0.6131,-2.6441,0.4982,-0.1882,-0.0886,0.1797
-3.4105,-2.9123,0.2682,0.2210,-0.6107,-0.0874
-3.4105,-1.9543,-0.6131,0.6678,-0.8378,-0.1821
0.0766,-2.8357,1.4179,0.7370,-0.4067,-0.4165
-0.2682,-4.1386,-0.4982,0.7018,-0.6350,-0.3776
0.4982,-7.7407,-8.7754,-0.3169,-1.0539,0.7151
-0.4215,-19.7350,-0.7664,-0.6289,0.2623,1.4691
-1.5328,-10.9213,-0.4598,0.6775,-0.0328,0.8681
1.1496,-15.2132,-3.5638,-0.1408,0.1129,-0.0024
-2.2609,-15.1748,-1.2263,-0.2283,0.1008,-0.4480
-6.7827,-15.1748,-0.2682,-0.3885,-0.0826,-0.8244
-3.2189,-11.6494,-1.4562,0.2416,-0.2963,-0.7528
1.8394,-13.6037,-0.0766,-0.3302,-0.3642,-0.5694
2.5675,-14.9449,0.3066,-0.2829,-0.1554,-0.8973
2.3759,-14.9066,0.8814,-0.3910,0.0765,-1.1729
2.2609,-12.3775,0.2682,-0.1117,0.2878,-1.2809
1.4179,-8.3538,-0.0383,-0.2695,0.4201,-1.1207
-1.1879,-4.2152,0.3832,-0.4893,0.4723,-0.7928
-2.3759,-3.5255,2.8357,-0.5512,0.4820,-0.4213
-1.3029,-3.8320,2.4525,0.1566,0.2210,-0.0267
2.2992,-2.1843,-0.8430,1.3428,-0.0085,0.1918
4.4068,-0.7664,-3.3722,1.1474,0.3302,0.3096
1.3795,-3.0656,-1.3412,0.6496,0.8888,0.2586
1.2263,-4.5984,0.1533,0.5354,0.9737,-0.1020
-0.3449,-5.0583,-7.2809,-0.4237,0.7928,-0.5658
-7.2042,-17.5507,-4.6368,-1.3441,0.1833,-0.9422
-2.5675,-19.5817,0.8814,0.1809,-0.2331,-1.0709
-3.3339,-16.5927,-1.7627,0.7746,-0.1688,0.0170
-1.1879,-12.7607,-2.7974,0.5561,-0.5427,0.7443
4.2152,-13.2588,-2.0310,0.2234,-0.5039,0.8147
5.3648,-10.4231,-1.2646,0.2695,0.2015,0.5731
0.7664,-12.0709,-0.5748,-0.2210,0.6896,0.7953
-3.4488,-13.5271,0.3066,-0.5124,0.8985,0.9920
-4.0620,-12.1475,1.7627,-0.4456,0.8390,1.0029
-4.1769,-12.4541,1.3412,-0.5864,0.4189,0.9944
-4.5218,-12.5691,2.4908,-0.3946,0.2052,0.5245
-1.4945,-7.6257,2.2226,0.2513,-0.0389,0.1226
2.4908,-2.6441,0.5365,0.3897,-0.1251,0.2538
2.7591,-1.9927,0.7664,0.4322,-0.0631,0.0935
-2.7591,-1.3029,-0.9580,0.7940,-0.4480,0.1311
-2.6824,-1.4179,-2.6058,0.6435,-0.1141,0.0219
-1.3029,-3.5255,-0.9580,0.5658,0.1238,-0.1979
-0.4598,-4.7134,-2.6441,0.7394,-0.2173,0.0631
0.8430,-11.8410,-8.9286,-0.2076,-0.5998,1.3453
-0.8047,-19.8116,3.5638,0.3242,0.4067,1.8115
-1.7244,-9.6184,-3.7171,0.6386,-0.1797,0.7042
1.3795,-13.1822,-1.3412,-0.0716,0.3630,-0.2538
-2.3759,-16.3245,-1.1879,-0.5451,0.4104,-0.6872
-7.5108,-16.4777,-0.8430,-0.1809,-0.2319,-0.7321
-2.9507,-12.0326,-1.3795,0.2125,-0.5876,-0.5901
1.7627,-12.4924,-1.6861,-0.3157,-0.5269,-0.5427
2.1076,-13.4504,-0.3832,-0.5512,-0.2125,-0.8948
2.1076,-14.9066,1.3412,-0.3460,0.0583,-1.1255
3.2572,-11.3811,0.3832,-0.0583,0.1858,-1.1583
2.4525,-7.8557,0.4982,-0.3278,0.4213,-0.9397
-0.3066,-4.9433,1.0346,-0.3448,0.5209,-0.7892
-4.2536,-5.0583,2.6058,-0.0522,0.4237,-0.6471
-2.7207,-4.2536,3.3339,0.9786,0.4832,-0.2817
4.2536,-0.7664,0.2682,1.4618,0.5379,0.0789
4.4835,-0.2299,-3.2572,0.8038,0.5828,0.3072
-0.3449,-4.2152,-0.3449,0.4298,0.6071,0.2890
-0.6131,-5.8247,0.9963,0.7795,0.5391,0.1336
1.4179,-3.5255,-4.8667,0.2999,0.1821,-0.1676
-2.6441,-16.2861,-11.4578,-2.3603,0.0522,-0.6216
-0.4982,-21.4977,6.2462,0.1979,-0.0607,-1.6100
-1.1879,-14.4851,-1.7244,0.7989,0.0765,-0.5876
-4.0236,-10.4614,-2.1076,0.3472,-0.1153,0.5209
-0.3832,-12.1475,-1.8394,-0.1323,-0.3351,0.7127

