-.-.-
-0.4982,-13.1822,-1.6095,-0.1554,0.3375,-0.9871
0.1916,-11.6494,3.1039,-0.9045,1.2931,-1.2664
-0.9197,-10.4231,5.1349,-1.1911,1.5152,-1.1255
-0.9580,-11.2279,4.8284,-0.7746,1.4145,-1.0175
0.1916,-11.1895,5.5181,-0.2768,1.1109,-1.1292
-0.2682,-9.1202,4.5984,1.0417,0.8171,-0.9944
-0.9963,-7.1276,2.0310,1.2579,0.1809,-0.9142
-1.3795,-4.4068,0.8047,0.6848,0.0607,-0.6860
-0.4215,-2.1076,0.1150,0.6083,0.4334,-0.2853
0.0000,-0.8814,0.5365,0.6399,0.4128,0.1251
0.1150,-1.1879,-1.1113,0.6374,-0.1020,0.6386
0.5748,-4.1003,-5.0966,-0.3521,-0.2744,0.9871
1.8777,-10.2315,-2.1459,-0.8171,-0.3922,0.8705
2.2992,-17.4357,-0.3832,0.4189,-0.7103,0.0631
1.2263,-17.6657,-3.8320,0.9252,0.5233,-1.2384
-3.3722,-25.3680,0.1916,-0.3752,0.8487,-2.5655
-1.6478,-12.9906,4.7900,-0.8742,-0.4298,-1.9111
2.9507,-12.1859,4.8667,-0.7370,0.1967,-0.2829
1.2646,-12.7990,4.9050,-0.4699,0.9847,0.5403
0.6898,-12.3008,3.1039,0.1396,0.0291,1.3428
-0.0766,-10.2315,2.4908,-0.0449,-1.2481,1.7787
-0.1150,-10.1166,3.6404,-0.9810,-1.2639,1.5699
-1.8394,-11.4578,4.7134,-1.5140,-0.9531,1.1377
-2.9890,-11.0746,3.5255,-0.7236,-0.5986,0.8790
-2.2226,-8.6987,0.9580,0.0279,0.0631,0.6799
0.3449,-6.0929,0.7281,1.0478,0.3837,0.7382
1.1113,-3.3722,-0.2682,1.8843,0.0595,0.4699
1.2646,-0.6131,-2.5675,1.6561,-0.0656,0.1166
0.6898,-0.3066,-2.1076,0.4735,0.1676,-0.3557
0.1916,-3.6787,-1.8777,-0.3533,0.1506,-0.7285
-2.2226,-6.5145,-5.8247,-1.0272,-0.1469,-1.0599
-5.5564,-11.8410,-2.0693,-0.9240,-0.2683,-0.7236
-2.0310,-17.8573,0.1916,0.8742,-0.2501,0.9410
1.5328,-22.7623,-5.2116,0.5197,-1.7192,2.1041
2.9890,-23.9885,2.9890,0.2246,-0.4832,2.6201
1.0346,-12.6457,8.2772,0.2440,-0.1821,0.4954
1.1113,-10.8830,2.1076,-0.1736,-0.6811,-0.5282
0.1533,-12.9523,-1.3029,0.2064,0.3618,-0.9337
0.2299,-11.4961,3.2955,-0.8948,1.6464,-1.3368
-0.6898,-10.8063,4.6751,-1.2044,1.9438,-1.0769
-1.6861,-11.3811,4.6368,-0.8633,1.8746,-1.1097
0.4598,-12.2242,5.7097,-0.2234,1.5007,-1.2979
-0.5748,-9.5034,5.5181,1.2190,0.9786,-1.2251
-1.2263,-5.7097,1.8011,1.6488,0.1943,-1.1996
-1.9160,-2.2226,-0.3449,0.7795,0.0437,-0.7965
-1.0730,-0.7664,-0.6514,-0.1251,0.4116,-0.2878
-0.2682,-1.0730,-0.0383,-0.1554,0.2113,0.1323
0.1916,-2.4525,-0.6131,0.1518,-0.2246,0.6933
0.0383,-5.1732,-2.6441,-0.1166,-0.3630,0.9458
2.1076,-7.7790,-3.1423,-0.4626,-0.6617,0.8025
2.4142,-15.5964,-4.8284,-0.2064,-1.0818,-0.0437
3.7171,-18.3938,-3.9470,-1.0065,0.1955,-1.5165
-1.4562,-21.8809,-3.5255,-1.5165,2.1260,-2.4805
-0.3066,-19.2751,5.0966,-0.9980,0.4201,-2.4429
0.6514,-13.4888,4.2152,-0.6326,-0.1093,-0.6811
0.0766,-11.2662,2.7207,-0.8681,1.0466,0.5646
0.7281,-10.1932,0.6514,0.0170,0.7588,1.1000
0.4598,-9.7334,1.3029,-0.2574,-0.2829,1.1328
1.1113,-11.8027,3.1039,-1.2457,-0.7370,0.9567
-0.1916,-12.6457,3.2189,-1.2481,-1.1644,0.7503
-0.9197,-12.1092,2.1843,-1.1207,-1.3744,0.7746
-2.1459,-10.2315,1.4562,-0.9312,-1.2858,1.0381
-0.6131,-8.8137,1.0730,-0.1578,-0.5816,1.3064
0.4215,-5.8247,0.8047,0.6326,0.1785,1.2154
1.2263,-2.4525,-0.1533,0.9361,0.2975,0.7006
2.4525,-0.9580,-1.7627,0.7795,0.4080,-0.0898
1.7244,-2.4908,-2.9507,0.6993,0.8633,-0.6872
0.1916,-5.5564,-7.4341,0.1190,0.6471,-0.9822
-2.8357,-10.4998,-4.5984,0.2671,0.0874,-0.8839
-4.5601,-17.2825,-0.1533,2.7318,-0.2635,0.0571
-2.6441,-14.7533,-4.7134,1.8285,-0.8778,1.2676
1.8011,-25.0998,0.2682,0.2003,-1.2202,2.5424
-0.1916,-19.2368,8.2772,1.1182,-0.5536,1.8916
0.9580,-8.8137,2.3759,0.6168,-0.4140,-0.2902
3.5638,-9.0436,-1.6861,-0.1991,-0.0474,-0.7297
3.1806,-13.0289,0.8814,0.7698,0.2258,-0.7176
2.4142,-12.5307,4.2919,1.1000,1.0320,-0.5719
0.3066,-12.2625,4.4835,1.0612,1.7799,-0.5925
-2.1843,-10.6914,4.9050,1.2226,1.6512,-0.8948
-2.5291,-8.0856,5.2499,1.0697,1.0697,-1.2202
-2.7207,-5.4415,4.7900,0.9458,0.5804,-1.3125
-2.0310,-4.4452,2.7591,0.1141,0.4893,-1.2481
-1.2263,-3.4105,2.9123,-0.6265,0.3436,-1.0442
-0.4598,-3.0273,2.2992,-0.1943,0.0073,-0.7018
0.1533,-3.0273,1.3795,0.3145,0.1056,-0.0109
0.8430,-3.7937,0.0766,0.3460,0.0291,0.6314
1.6861,-7.0509,-6.7444,-0.3521,-0.1129,0.8195
1.5711,-10.9213,-1.8394,-0.7940,0.0595,0.6653
2.8740,-15.5197,0.6514,0.1518,-0.3849,0.1093
3.1423,-21.0379,0.3066,-0.7758,0.5039,-1.4922
-4.0236,-18.5854,1.8777,-0.7868,-0.0886,-1.8224
0.0383,-11.4578,4.8284,-0.4687,0.1700,-1.0769
-0.5748,-10.9979,4.7900,-0.2708,0.4347,-0.1761
0.1916,-11.4578,3.0273,-0.0389,-0.0085,0.5439
0.1150,-10.7680,3.4488,-0.0559,-0.4165,0.9628
0.4982,-11.6877,3.3339,-0.1311,-1.0114,1.0381
0.6898,-13.7187,4.5601,-0.4626,-1.0660,0.9312
0.7281,-13.1822,4.0620,0.6265,-0.6107,0.9167
-0.1150,-9.6184,3.3339,1.4752,-0.1032,0.7783
-1.1879,-4.5601,2.9507,1.6549,0.1056,0.7491
-1.2646,-2.7974,2.4525,0.8973,0.0571,0.9725
-0.7664,-4.2152,2.0310,-0.5415,-0.1858,0.9191
0.1533,-6.0163,2.4142,-0.9373,-0.0692,0.5609
0.5365,-5.5181,1.3029,-0.0862,0.1688,0.0024
0.1150,-4.3685,0.0383,0.5524,0.5148,-0.5476
-0.4982,-6.6677,-5.6331,-0.0631,0.4177,-0.8147
-2.8740,-9.7334,-3.1423,-0.7188,-0.0304,-0.6678
-3.1423,-12.5307,0.8430,-0.3995,-0.5367,0.0486
0.1533,-23.0305,-0.2682,-0.9677,-0.9616,1.9693
1.8011,-17.7040,3.0273,-0.7965,-0.4893,1.9718
0.2682,-12.3391,5.0200,0.4699,-0.1676,0.9118
1.6478,-11.9176,2.9890,0.2829,-0.1688,-0.0728
0.4215,-12.9523,1.5328,-0.1299,0.0996,-0.6350
0.1533,-12.3775,1.8011,-0.6520,0.7188,-0.7880
0.2299,-11.7260,4.4068,-0.8572,1.1826,-0.8584
-1.4562,-11.8027,5.0583,-0.6787,1.2979,-0.9397
-2.7591,-10.9213,5.0966,-0.4966,1.0199,-1.0017
-1.7627,-9.6184,4.7900,-0.1688,0.7176,-1.0867
0.0000,-7.7024,4.8667,0.3630,0.5706,-1.1340
-0.3449,-5.4032,3.7171,0.3995,0.2938,-1.1134
1.1496,-4.7517,1.6478,-0.0231,-0.1020,-0.9045
0.1916,-3.6404,0.4982,-0.0255,0.0668,-0.3776
2.3375,-2.7207,1.2263,0.4067,-0.0158,0.1360
0.6898,-2.4525,0.4215,1.0599,-0.0680,0.6860
-0.5365,-3.2572,-2.5675,0.8900,-0.1603,1.1716
1.9160,-6.9743,-2.3759,-0.2052,-0.5257,1.0854
0.8814,-11.5344,-2.6441,0.0947,-0.7321,0.4031
4.2536,-19.5817,-1.4562,-0.7443,-0.8657,-0.7552

