-.-.-
-5.8247,-12.5691,-0.8430,0.5512,-0.3230,-0.7637
-2.2609,-9.4651,-1.6861,-0.5184,-0.5209,-0.7285
2.4908,-7.2042,-0.1150,-0.8742,-0.8244,-1.1352
3.7171,-5.0200,-2.4525,-1.1231,-1.0308,-1.3489
1.9927,-5.0583,-0.2682,-1.5747,-0.7953,-1.4643
-1.4945,-4.4452,1.5328,-1.0939,-0.6617,-1.1037
-1.3029,-3.2955,0.7664,-0.1105,-0.6556,-0.5585
-0.0383,-3.3722,-2.1076,0.8390,-0.7212,0.0692
1.7244,-4.3685,-3.4105,1.4035,-0.6071,0.3776
0.5365,-5.1349,-4.0236,1.4303,-0.7139,0.2793
1.8394,-2.8357,-8.2389,0.6763,-0.6811,-0.1858
1.3795,-1.4562,-14.7533,0.3132,-0.1761,-0.2003
0.5748,-14.2935,-6.4761,-0.8997,-0.6471,-0.6884
-4.4068,-24.7549,-5.5948,0.0692,-0.7443,-1.2773
-7.3192,-13.5654,-7.4725,1.6270,-1.1765,-0.4492
-0.6898,-19.5817,-10.8830,-0.3047,-1.4776,0.1433
2.8357,-22.1875,-10.4231,-1.8200,-1.7047,0.8839
2.9123,-21.7276,-0.1916,-0.4954,-1.5784,0.8718
2.2609,-14.1402,-3.5255,0.2525,-1.6391,0.2392
-0.4215,-9.4651,-3.1423,-0.2088,-1.3501,0.0085
-3.1039,-9.4651,-0.4598,-1.2664,-1.2117,-0.0425
-3.7171,-7.4341,1.8011,-0.9580,-1.3441,-0.0898
-1.1496,-3.8704,0.2299,-0.2829,-1.1753,-0.0668
-1.1113,-1.7627,-0.6898,0.0522,-0.9130,-0.4456
0.4982,-0.1150,-0.3449,0.5682,-1.0818,-0.8365
0.5748,1.4179,-0.4982,1.2336,-1.0114,-1.1255
1.3029,-0.2299,-2.1843,1.9475,-0.5852,-1.3720
0.9963,0.8814,-3.6021,1.4509,-0.5184,-1.1801
-0.2299,-0.5748,-1.9543,0.8110,-0.6629,-0.6848
-1.5328,-0.3832,-10.3848,0.8718,-1.2384,-0.2756
-2.4908,-13.2205,-17.0909,0.1809,0.0012,-0.0437
-3.6404,-19.8116,-13.6420,-0.9422,0.4687,1.2676
11.8793,-17.2441,-5.5948,-0.2817,-1.3149,1.3404
1.9160,-27.7056,-12.1859,-1.0733,-0.3157,-0.0850
-2.7591,-21.9959,-4.1386,-0.2744,-0.1056,-0.7576
-3.2572,-13.4888,-3.6404,0.8208,-0.5221,-0.8718
-3.1039,-8.7754,-2.3375,-0.2355,-0.4468,-0.6301
0.9197,-8.0089,-2.4142,-1.0490,-0.6666,-0.3679
4.0236,-7.1659,-1.7627,-1.2421,-0.6471,-0.5755
5.0966,-7.3958,-1.2263,-1.3149,-0.7443,-0.7224
2.2992,-7.7790,1.7627,-0.4893,-0.3788,-0.7394
-1.4179,-4.1003,1.2646,0.7151,-0.3132,-0.5986
-1.3795,-0.2299,0.1533,1.2056,-0.6289,0.1384
0.3449,-0.2682,-2.0310,1.5626,-0.6326,0.6981
2.1459,-0.9580,-3.0273,1.9730,-0.2040,0.8220
2.5291,-0.7281,-7.7407,0.8803,-0.3023,0.2817
2.6058,-2.1843,-2.4908,-0.2902,-0.2914,-0.2258
4.0620,-2.2992,-10.8063,0.5743,0.2125,-0.1190
-1.1879,-14.7150,-5.9013,0.2137,-0.5172,-0.4565
-2.6441,-26.0195,-0.3066,0.9130,-1.3513,-1.0065
-9.5418,-10.3465,-6.9360,2.0738,0.0085,-0.3327
2.1843,-18.3554,-13.6420,0.5937,-0.1930,0.1299
4.7134,-20.5780,-10.3848,-3.1033,-1.2579,0.5670
4.5984,-22.5323,-1.6478,-1.0077,-1.0272,0.5221
2.6058,-13.1439,-2.9507,1.5869,-1.0952,0.4942
0.0000,-9.9633,-4.2536,0.3436,-0.7673,0.4334
-3.5255,-9.4651,-1.9927,-1.0575,-0.1918,0.6192
-5.2499,-8.0856,0.4598,-1.4776,-0.2428,0.8608
-2.6824,-6.8977,1.8011,-0.9895,-0.5889,1.0138
1.3795,-4.1769,-0.3832,0.0801,-1.0648,0.4080
0.9580,-1.9927,-1.7627,0.2428,-1.0636,-0.2999
0.1150,-1.6478,-1.4945,0.7540,-0.8875,-0.8888
-0.9197,-0.1150,-3.1423,1.4363,-0.8790,-1.0187
-0.3449,-0.6898,-4.7517,0.8863,-0.4419,-0.7698
-2.0310,-1.9543,-6.5911,0.5755,-0.7406,-0.4201
-1.4179,-4.9050,-13.7953,0.1323,-0.9434,-0.0206
0.0383,-14.7916,-7.6257,-0.1433,0.2368,0.2173
7.3192,-20.8463,-3.2189,1.1049,-0.2635,0.5124
7.6257,-12.6457,-8.6987,0.8973,-0.4031,0.5051
1.9160,-22.4557,-11.6111,-1.7824,0.8888,0.5852
-3.1806,-27.2074,-3.7171,-1.9317,0.6253,-0.2088
1.1496,-19.7733,-2.7974,0.5986,0.6241,-0.4687
0.1150,-10.8446,-2.7591,0.9130,0.9835,-0.4857
2.3759,-6.3612,-3.4488,0.1457,0.7989,-0.4140
1.8777,-4.3685,-2.6058,-0.8875,0.5148,-0.4917
1.6478,-6.0163,-1.1113,-1.3076,0.5221,-0.4456
-1.8777,-5.3265,0.7281,-1.0272,0.6071,-0.4796
-2.8740,-1.7244,1.5711,0.0631,0.5245,-0.2428
-1.7627,0.3832,0.0000,1.0344,0.3946,0.2671
-0.5365,-1.0730,-2.0310,1.1583,0.2161,0.7455
0.6131,-4.2152,-3.4488,0.8353,0.3448,0.9701
3.0656,-3.7171,-2.9890,0.6435,0.2987,0.6229
6.6294,-4.1386,-3.9853,1.6889,0.6581,0.2392
4.1769,-7.7024,-15.0982,2.0179,0.3995,-0.0947
-2.2226,-19.3518,-9.9250,-1.0660,-1.1619,-0.8074
-14.9066,-15.4814,-5.9396,1.4800,0.8499,-1.1182
1.8394,-11.2279,-3.8320,0.3205,0.1336,0.1761
3.8704,-15.4431,-9.2735,-1.6707,-0.6969,0.2319
5.7864,-21.1528,17.3208,-3.7553,-0.6593,0.6010
3.6404,-17.9722,0.2682,0.1056,-0.4978,0.5027
1.6478,-13.4888,-2.7591,0.0097,-0.4844,0.6423
-2.3375,-10.7680,-4.5601,-0.4687,0.0619,0.9932
-5.5948,-7.5108,-2.1459,-1.7459,0.1906,0.9312
-3.7554,-6.3612,2.4525,-1.6609,-0.1044,0.9191
0.0000,-5.0583,3.2189,-0.6836,-0.5014,0.6799
2.9890,-2.6441,0.3832,0.3230,-0.8208,0.0571
1.7627,-1.9160,-1.9927,0.4942,-0.6702,-0.5294
-0.2682,-2.9507,-2.4142,0.7455,-0.7321,-1.1207
-1.9543,-2.2609,-3.1039,1.2943,-0.6083,-1.0612
-2.8357,-2.0693,-5.2116,1.4545,-0.4237,-0.6993
-2.1459,-2.9507,-15.7880,1.4558,-0.8123,0.0219
-2.6824,-11.1129,-7.2042,-0.3035,-0.1348,0.3205
5.4798,-22.3791,47.2106,-2.2231,-0.3205,1.0563
12.9139,-12.0326,-6.4378,1.6889,-0.3351,0.6034
6.4761,-20.3864,-11.4195,0.5087,1.1316,0.2780
-4.2152,-20.5014,-10.5381,-2.6250,1.3501,-0.3630
-2.0693,-18.3938,-1.8394,-0.6593,0.9847,-0.4043
-2.8357,-13.4504,-2.9507,-0.2574,1.0478,-0.2756
-1.6861,-10.6914,-2.6824,-0.4480,0.8171,-0.4638
1.0730,-8.0473,-0.6131,-0.5403,0.6751,-0.7030
1.4179,-7.0893,-3.1423,-0.5330,0.5294,-0.7418
0.7664,-7.6641,0.0000,-1.0636,0.4577,-0.6350
-0.9580,-4.6368,1.5711,-0.4844,0.2671,-0.5172
-1.1879,-1.4945,2.2609,0.1566,0.0886,-0.2173
-0.4598,0.5365,0.6514,0.9968,0.0036,0.4310
0.8814,-0.8047,-2.2992,1.6889,0.0680,0.8985
1.4945,-1.4562,-5.1349,2.2025,0.0923,0.8790
4.1003,-2.6058,-6.0546,0.2307,-0.0389,0.3570
5.0583,-3.4488,-10.3082,0.1287,0.7261,-0.1287
-2.1076,-13.5271,-5.3648,0.1591,0.1226,-0.5391
-1.6095,-25.2148,-1.2646,0.4954,-0.7625,-0.8960
-12.6457,-12.0709,-6.0163,2.6153,0.6508,-0.4881
0.9963,-12.4924,-8.6604,1.0296,-0.0097,0.2671
4.2536,-17.4741,-9.0053,-2.2947,-0.8414,0.6059
2.7974,-25.9429,13.0289,-3.5149,-0.8669,0.7637
0.3832,-15.5964,-0.1533,0.6192,-1.0442,0.5136
-0.3066,-12.4924,-4.3302,0.3278,-0.7406,0.5197
-4.5601,-10.6530,-3.1806,-0.6666,-0.0206,0.8038

