-.-.-
0.2682,-9.6184,-1.3412,-0.0461,0.0704,-0.0073
0.2682,-9.6184,-1.3412,-0.0389,0.0741,-0.0049
0.3449,-9.6950,-1.4179,-0.0474,0.0704,-0.0073
0.3066,-9.7717,-1.4562,-0.0619,0.0753,-0.0073
0.3066,-9.5418,-1.4562,-0.0631,0.0898,-0.0121
0.3066,-9.5801,-1.3412,-0.0801,0.1044,-0.0170
0.2682,-9.6567,-1.3029,-0.1032,0.1093,-0.0206
0.2299,-9.6567,-1.3795,-0.1008,0.0996,-0.0255
0.4215,-9.5801,-1.4945,-0.1056,0.0983,-0.0279
0.4982,-9.7334,-1.6861,-0.0947,0.0862,-0.0279
0.3449,-9.5418,-1.7244,-0.0741,0.0789,-0.0231
0.3066,-9.6567,-1.7244,-0.0656,0.0728,-0.0170
0.0383,-9.3502,-1.9160,-0.0643,0.0801,-0.0158
0.3449,-9.6567,-1.6095,-0.0571,0.0850,-0.0170
0.1150,-9.6184,-1.4945,-0.0522,0.0898,-0.0206
0.2682,-9.6567,-1.7244,-0.0413,0.0777,-0.0206
0.3832,-9.5801,-1.8394,-0.0364,0.0656,-0.0158
0.3832,-9.5034,-1.7244,-0.0522,0.0607,-0.0109
0.3449,-9.5034,-1.6861,-0.0583,0.0607,-0.0049
0.3449,-9.6184,-1.8011,-0.0631,0.0619,-0.0049
0.4598,-9.4651,-1.8394,-0.0680,0.0631,-0.0073
0.2299,-9.6567,-1.8394,-0.0716,0.0631,-0.0121
0.3832,-9.6567,-1.6095,-0.0498,0.0753,-0.0146
0.0000,-9.1969,-3.2189,-0.0692,0.0862,-0.0134
0.3449,-9.3885,-2.1076,-0.0983,0.0777,-0.0073
0.4598,-9.4651,-2.0310,-0.1226,0.0777,-0.0049
0.3449,-9.3885,-2.2226,-0.1384,0.0728,-0.0036
0.3449,-9.4651,-2.1076,-0.1554,0.0777,-0.0024
0.5748,-9.4268,-2.2609,-0.1773,0.0826,-0.0049
0.3832,-9.4651,-2.4908,-0.1870,0.1008,-0.0061
0.3449,-9.5034,-2.2992,-0.1894,0.1068,-0.0036
-0.0766,-9.3118,-2.6441,-0.1943,0.1056,0.0000
0.3066,-9.2352,-2.3759,-0.2319,0.0923,0.0036
0.2299,-9.1969,-2.4525,-0.2878,0.0813,0.0134
0.2299,-9.2735,-2.7207,-0.3472,0.0777,0.0109
0.4215,-9.1586,-2.5675,-0.4189,0.0777,0.0134
0.3449,-8.9286,-2.4525,-0.4444,0.0704,0.0146
0.3449,-8.7754,-2.7974,-0.5002,0.0595,0.0182
0.1533,-8.7370,-3.0656,-0.6459,0.0486,0.0061
-0.0766,-8.5071,-3.2189,-0.7333,-0.0146,-0.0073
-0.2299,-8.5454,-3.2189,-0.7868,-0.0935,-0.0085
-0.0766,-8.6221,-3.5255,-0.8463,-0.1287,0.0158
-0.1916,-8.8903,-2.9890,-0.8705,-0.1530,0.0474
0.4598,-8.5454,-3.2572,-0.8900,-0.1275,0.0643
0.5748,-8.4305,-3.5255,-0.9737,-0.0911,0.0631
0.6514,-9.0819,-3.1806,-1.0648,-0.0777,0.0643
0.4598,-9.0053,-3.6021,-1.0417,-0.0425,0.0813
0.3449,-8.8903,-3.7937,-0.9604,-0.0182,0.0959
0.1150,-8.5071,-4.1769,-0.9422,-0.0291,0.0826
-0.1916,-8.4688,-4.1003,-0.9543,-0.0461,0.0680
-0.1533,-8.6987,-4.1386,-0.9349,-0.0328,0.0534
0.0383,-8.6221,-4.2536,-0.9130,0.0000,0.0425
0.1533,-8.6221,-4.4068,-0.9373,-0.0328,0.0425
0.0766,-8.4305,-4.5984,-0.9555,-0.0753,0.0304
-0.2299,-8.1239,-5.0966,-0.9531,-0.1214,-0.0182
-0.3832,-7.8940,-5.1349,-0.9604,-0.1894,-0.0461
-0.3066,-8.2772,-5.0200,-0.9519,-0.1930,-0.0522
0.3066,-8.4688,-5.4798,-0.9094,-0.1651,-0.0413
0.4982,-8.3155,-5.5948,-0.9021,-0.1481,-0.0559
0.2682,-7.6641,-5.6714,-0.8293,-0.1372,-0.0595
-0.0383,-7.1659,-5.5181,-0.7321,-0.1020,-0.0826
-0.3449,-6.9360,-6.2079,-0.7977,-0.0789,-0.0874
-0.3066,-7.7407,-5.9780,-0.8851,-0.0534,-0.0376
-0.2682,-7.9323,-6.0163,-0.8888,-0.0753,-0.0158
0.1533,-8.1622,-6.3995,-0.8499,-0.0243,-0.0109
0.1916,-7.7407,-6.5145,-0.6714,-0.0121,-0.0158
0.1150,-7.3575,-6.4761,-0.6241,-0.0316,-0.0049
-0.1533,-7.2809,-6.5528,-0.6836,-0.0219,0.0146
-0.3066,-7.3958,-6.5528,-0.7455,0.0049,0.0182
-0.3449,-7.5108,-6.7444,-0.6981,0.0838,-0.0146
0.1150,-7.4725,-6.5145,-0.5876,0.1627,-0.0158
0.2682,-7.3575,-6.9743,-0.4626,0.1518,-0.0267
-0.2299,-7.3958,-6.6294,-0.4869,0.1068,-0.0643
-0.5748,-7.1659,-7.0126,-0.5257,0.0170,-0.0522
-0.6898,-7.1276,-7.2425,-0.5148,-0.0206,0.0134
-0.4215,-7.1659,-7.0126,-0.4298,0.0279,0.0486
0.0383,-6.9360,-7.2425,-0.3108,0.0631,0.0534
0.2299,-6.8210,-7.5108,-0.2902,0.0777,-0.0024
-0.1533,-6.9743,-7.3958,-0.3740,0.0643,-0.0182
-0.2682,-6.8977,-6.8210,-0.2780,0.1008,0.0012
0.1916,-6.7827,-7.0509,-0.0923,0.1518,0.0182
0.0000,-6.5145,-7.2425,-0.0158,0.1639,0.0389
0.0766,-6.4378,-7.3192,-0.0376,0.1712,0.0449
-0.1533,-6.8593,-7.3192,-0.0073,0.1955,0.0255
-0.6131,-7.0509,-7.4341,0.0206,0.1421,0.0486
-0.6131,-6.9743,-7.3575,0.1214,0.1348,0.0583
-0.4982,-6.9743,-7.4725,0.2052,0.1421,0.0801
0.0766,-7.2042,-7.8940,0.2683,0.1603,0.0546
0.0383,-7.4725,-7.9706,0.2865,0.2064,0.0085
-0.0383,-7.3192,-7.7790,0.3375,0.2088,-0.0304
-0.2682,-7.3575,-7.7790,0.4589,0.1979,-0.0304
-0.4215,-7.4341,-8.4688,0.4735,0.2149,-0.0328
0.0000,-7.8557,-8.2772,0.4080,0.2635,-0.0498
-0.6131,-8.4305,-7.8173,0.4857,0.2513,-0.0728
-0.8430,-8.0473,-7.5108,0.7564,0.1396,-0.0231
-0.9197,-7.4725,-7.6641,0.8657,0.1068,0.0340
-0.3066,-7.3575,-7.7790,0.8110,0.1020,0.0534
0.1150,-7.5491,-7.3958,0.8025,0.1226,0.0571
0.1533,-7.8557,-7.3192,0.8827,0.1639,0.0498
-0.2299,-7.8940,-7.0509,0.9677,0.1845,0.0304
-0.0766,-8.2005,-6.9360,0.9907,0.1870,0.0146
0.1150,-8.9670,-6.7827,0.9871,0.1894,-0.0049
0.3066,-9.1202,-6.5528,1.0381,0.1615,-0.0121
0.0383,-9.7334,-6.5528,1.1134,0.0959,-0.0158
0.4215,-9.9250,-6.1313,1.2202,0.0474,-0.0219
0.4215,-10.1166,-5.6714,1.3064,0.0340,-0.0498
0.4982,-10.4614,-5.3265,1.3295,0.0267,-0.0813
0.3832,-10.4998,-5.2116,1.3392,0.0146,-0.0959
0.4598,-10.4231,-4.7134,1.3295,0.0097,-0.0886
0.2682,-9.8483,-4.1769,1.3501,0.0267,-0.0765
0.3066,-9.3118,-4.0236,1.3392,0.0304,-0.0571
0.1150,-9.0819,-3.1423,1.2724,0.0316,-0.0486
-0.1150,-8.7370,-2.9890,1.2105,0.0219,-0.0461
0.1150,-8.8903,-2.4908,1.1292,-0.0134,-0.0498
0.1533,-9.0053,-2.4142,1.0587,-0.0510,-0.0668
0.2682,-9.0053,-2.7974,0.9907,-0.0291,-0.0826
0.6131,-9.4268,-2.7207,0.9252,0.0716,-0.1214
0.6131,-9.8100,-2.6824,0.9701,0.1809,-0.1105
0.5365,-9.6950,-2.6058,1.0077,0.2635,-0.1141
0.2682,-9.6567,-2.6824,0.9652,0.2513,-0.1056
-0.0766,-9.6567,-2.3759,0.8912,0.1967,-0.0741
-0.1533,-9.5801,-2.1076,0.8365,0.1639,-0.0425
0.0383,-9.5801,-1.6861,0.8013,0.1396,-0.0328
0.3832,-9.5034,-1.3795,0.7673,0.0704,-0.0425
0.5365,-9.5034,-1.1879,0.7151,0.0206,-0.0413
0.5365,-9.4651,-0.7664,0.6556,-0.0121,-0.0255
0.6898,-9.3885,-0.3832,0.6168,-0.0158,-0.0085
0.6131,-9.3885,-0.3449,0.5804,0.0012,-0.0134

