-.-.-
0.9197,-9.3502,1.0730,-0.1724,0.1639,0.0813
1.0346,-9.4268,0.8047,-0.2149,0.1457,0.0777
0.8430,-9.4268,0.8430,-0.2319,0.1166,0.0364
0.6131,-9.4268,0.7664,-0.2744,0.1105,0.0364
0.7281,-9.6950,0.9197,-0.2161,0.1044,0.0510
0.8430,-9.5801,0.8814,-0.1761,0.1056,0.0534
0.9580,-9.3502,0.6131,-0.1955,0.1214,0.0474
1.4945,-9.3502,0.9197,-0.2635,0.1408,0.1311
0.9963,-9.5418,0.3832,-0.2234,0.1056,0.0219
0.7281,-9.6950,0.4215,-0.2003,0.0862,0.0109
0.6898,-9.7717,0.4215,-0.2028,0.0789,-0.0097
0.8047,-9.5801,0.3449,-0.1955,0.0753,-0.0036
0.7664,-9.3885,0.3066,-0.1918,0.0607,-0.0012
0.8047,-9.4651,0.0766,-0.2270,0.0437,0.0109
0.9197,-9.5801,0.1533,-0.2683,0.0316,0.0012
0.8047,-9.7334,0.1916,-0.2695,0.0170,-0.0097
0.8814,-9.7717,0.0766,-0.2173,-0.0036,-0.0158
0.8814,-9.7717,0.2682,-0.1955,0.0000,-0.0194
0.8814,-9.5801,0.0383,-0.2028,0.0316,-0.0121
0.8430,-9.6950,-0.1533,-0.2270,0.0219,-0.0170
0.8047,-10.0399,-0.1916,-0.2307,-0.0036,-0.0498
0.7664,-9.9633,-0.4215,-0.1724,0.0061,-0.0085
0.7664,-9.8483,-0.2299,-0.1845,-0.0073,-0.0134
0.8814,-9.5801,-0.1533,-0.1566,0.0000,-0.0121
0.9963,-9.7717,-0.5365,-0.1918,0.0097,-0.0146
1.0730,-9.9250,-0.3449,-0.1821,0.0073,-0.0109
1.1879,-9.9250,-0.1533,-0.1469,0.0328,0.0158
0.9963,-9.6567,-0.3449,-0.1105,0.0291,-0.0219
0.8814,-9.6567,-0.5748,-0.1056,0.0243,-0.0170
1.0346,-9.8483,-0.2682,-0.1056,0.0219,-0.0024
0.8430,-9.8866,-0.4598,-0.0898,0.0449,-0.0049
0.9580,-9.8100,-0.5365,-0.0728,0.0437,0.0049
0.8430,-9.6184,-0.3832,-0.0643,0.0243,-0.0073
0.7281,-9.7334,-0.6131,-0.1093,0.0291,0.0000
0.8430,-9.7334,-0.3832,-0.1008,0.0085,-0.0061
0.8430,-9.6184,-0.4598,-0.0801,0.0291,0.0109
0.9580,-9.6184,-0.4598,-0.1251,0.0146,0.0024
0.8047,-9.7334,-0.4982,-0.1688,0.0328,0.0049
0.9197,-9.8100,-0.5748,-0.1578,0.0316,0.0073
0.8814,-9.8866,-0.4982,-0.1481,0.0243,0.0049
0.8430,-9.8100,-0.3449,-0.1542,0.0121,0.0109
0.8814,-9.6950,-0.4982,-0.1311,0.0316,0.0073
0.9580,-9.8483,-0.6898,-0.1372,0.0267,0.0121
0.9963,-10.6147,-1.8011,-0.1263,0.0316,0.0255
0.8814,-9.7334,-0.4598,-0.0813,0.0243,0.0036
0.8814,-9.7717,-0.5365,-0.0716,0.0486,-0.0073
0.9963,-9.8483,-0.4215,-0.0607,0.0595,-0.0134
0.9963,-9.8866,-0.6131,-0.0631,0.0546,-0.0194
0.9963,-9.7717,-0.5748,-0.0401,0.0704,-0.0194
0.8430,-9.6950,-0.5365,-0.0304,0.0692,-0.0194
0.8814,-9.8866,-0.5365,-0.0291,0.0801,-0.0170
0.8430,-9.8100,-0.5365,-0.0073,0.0741,-0.0206
0.8430,-9.7334,-0.6514,0.0170,0.0643,-0.0231
0.8430,-9.7334,-0.4215,0.0134,0.0680,-0.0170
0.8814,-9.6950,-0.6514,0.0109,0.0668,-0.0158
0.9197,-9.7717,-0.5748,0.0036,0.0607,-0.0194
0.8430,-9.8483,-0.4598,0.0036,0.0619,-0.0170
0.8814,-9.9250,-0.4598,-0.0036,0.0631,-0.0146
0.8430,-9.7717,-0.4982,0.0012,0.0656,-0.0134
0.8814,-9.7717,-0.5365,-0.0061,0.0607,-0.0097
0.9963,-9.6950,-0.3832,-0.0170,0.0668,-0.0146
0.9963,-9.6950,-0.4598,-0.0291,0.0789,-0.0182
0.9580,-9.8483,-0.3832,-0.0146,0.0947,-0.0146
0.9963,-9.7334,-0.3832,-0.0146,0.1081,-0.0109
1.0346,-9.6950,-0.3832,-0.0158,0.1275,-0.0121
1.0346,-9.6950,-0.5365,-0.0158,0.1457,-0.0146
0.9580,-9.6950,-0.4598,-0.0243,0.1542,-0.0134
0.8814,-9.6950,-0.4598,-0.0219,0.1724,-0.0109
0.9197,-9.6567,-0.3832,-0.0340,0.1761,-0.0109
0.9197,-9.7334,-0.4982,-0.0461,0.1761,-0.0158
0.8047,-9.8483,-0.3832,-0.0413,0.1748,-0.0158
0.8430,-9.8100,-0.3449,-0.0401,0.1773,-0.0170
0.8814,-9.7717,-0.4215,-0.0243,0.1773,-0.0121
1.0346,-9.7334,-0.4598,-0.0049,0.1688,-0.0109
0.8047,-9.7334,-0.3449,0.0036,0.1578,-0.0134
0.8814,-9.7717,-0.2299,-0.0243,0.1457,-0.0134
0.9197,-9.7717,-0.3832,-0.0170,0.1518,-0.0097
0.8814,-9.6950,-0.3832,-0.0049,0.1433,-0.0097
0.8047,-9.6567,-0.4598,-0.0049,0.1214,-0.0109
0.8814,-9.6950,-0.4598,-0.0231,0.1190,-0.0121
0.9580,-9.6184,-0.5748,-0.0219,0.1238,-0.0121
1.0730,-9.7717,-0.3832,-0.0170,0.1336,-0.0170
1.1879,-9.7717,-0.5748,-0.0182,0.1433,-0.0194
1.2263,-9.8483,-0.3832,-0.0061,0.1445,-0.0206
1.0730,-9.7334,-0.3449,0.0231,0.1518,-0.0267
1.0346,-9.7334,-0.2299,0.0255,0.1651,-0.0328
1.0346,-9.6950,-0.3449,0.0206,0.1748,-0.0328
1.0730,-9.5034,-0.3066,0.0170,0.1821,-0.0243
0.9580,-9.6184,-0.3066,-0.0097,0.1821,-0.0158
0.8814,-9.6184,-0.3066,-0.0279,0.1724,-0.0194
0.8430,-9.6950,-0.3066,-0.0352,0.1712,-0.0243
0.8430,-9.6184,-0.3832,-0.0389,0.1882,-0.0231
0.9963,-9.8483,-0.1916,-0.0522,0.1894,-0.0158
1.1113,-9.9250,-0.0766,-0.0376,0.1870,-0.0085
1.0346,-9.8483,-0.4598,-0.0073,0.1858,-0.0097
0.9580,-9.7334,-0.2682,0.0073,0.1955,-0.0170
1.0730,-9.7717,-0.2682,-0.0085,0.2137,-0.0255
1.1113,-9.7334,-0.4982,-0.0134,0.2368,-0.0255
1.1496,-9.7334,-0.3832,0.0061,0.2562,-0.0291
1.1496,-9.6950,-0.3832,-0.0061,0.2744,-0.0291
1.1113,-9.7717,-0.5748,-0.0085,0.2878,-0.0437
0.9963,-9.7334,-0.4215,-0.0061,0.3060,-0.0486
1.0346,-9.6567,-0.5748,0.0121,0.3266,-0.0498
0.9963,-9.5801,-0.4982,-0.0097,0.3436,-0.0449
0.9580,-9.6950,-0.4982,-0.0231,0.3448,-0.0425
0.9580,-9.7717,-0.5748,-0.0304,0.3400,-0.0413
0.9580,-9.7717,-0.5365,-0.0316,0.3327,-0.0352
0.8814,-9.6567,-0.4982,-0.0182,0.3387,-0.0328
0.9580,-9.6184,-0.6514,-0.0279,0.3351,-0.0376
0.8814,-9.6184,-0.5748,-0.0449,0.3157,-0.0340
0.8047,-9.7334,-0.3832,-0.0401,0.2999,-0.0291
0.8047,-9.7334,-0.4215,-0.0267,0.2865,-0.0304
0.9963,-9.7717,-0.5365,-0.0182,0.2623,-0.0291
0.9197,-9.7334,-0.2682,-0.0279,0.2404,-0.0243
0.9197,-9.7717,-0.4598,-0.0401,0.2210,-0.0158
0.9580,-9.8483,-0.2682,-0.0243,0.2015,-0.0158
1.5711,-9.8100,-0.2299,-0.0413,0.1979,0.0631
0.9580,-9.6950,-0.3449,-0.0364,0.1870,-0.0255
0.9580,-9.7334,-0.1916,-0.0206,0.1676,-0.0243
1.0730,-9.7334,-0.3066,-0.0170,0.1676,-0.0219
1.1879,-9.7334,-0.3449,-0.0304,0.1700,-0.0255
1.0346,-9.6950,-0.3066,-0.0170,0.1603,-0.0267
1.0346,-9.8100,-0.3449,-0.0194,0.1493,-0.0243
0.9963,-9.7334,-0.2299,-0.0146,0.1469,-0.0158
1.1496,-9.8100,-0.3449,-0.0109,0.1445,-0.0146
1.0730,-9.8100,-0.1916,-0.0024,0.1372,-0.0170
1.0346,-9.6950,-0.4215,-0.0049,0.1299,-0.0170
1.0346,-9.6567,-0.3066,-0.0073,0.1275,-0.0121

