-.-.-
2.3375,-9.0436,1.5711,0.0461,0.0182,-0.0158
2.4142,-9.0819,1.8011,0.0522,0.0121,-0.0219
2.4142,-9.1586,1.5328,0.0607,0.0109,-0.0267
2.4908,-9.0053,1.6095,0.0716,0.0146,-0.0243
2.3375,-8.9286,1.6861,0.0765,0.0182,-0.0170
2.3375,-9.1586,1.5711,0.0741,0.0194,-0.0158
2.4142,-8.9670,1.5711,0.0668,0.0158,-0.0170
2.3759,-8.9286,1.7244,0.0546,0.0194,-0.0170
2.4525,-9.0053,1.6478,0.0510,0.0194,-0.0170
2.3375,-8.9286,1.4945,0.0607,0.0194,-0.0170
2.3375,-9.0436,1.5328,0.0595,0.0206,-0.0158
2.4142,-8.9670,1.6861,0.0510,0.0231,-0.0134
2.4908,-9.0436,1.4562,0.0546,0.0194,-0.0109
2.4525,-9.1202,1.6478,0.0656,0.0219,-0.0121
2.3759,-9.0819,1.7244,0.0704,0.0279,-0.0146
2.4142,-9.0436,1.6095,0.0680,0.0291,-0.0194
2.3759,-9.1202,1.5328,0.0862,0.0267,-0.0255
2.2609,-8.9286,1.4179,0.0947,0.0231,-0.0219
2.4142,-8.8520,1.4945,0.0862,0.0206,-0.0134
2.4525,-8.9286,1.6478,0.0716,0.0146,-0.0109
2.2609,-9.0436,1.6861,0.0595,0.0085,-0.0121
2.2992,-8.9670,1.5711,0.0510,0.0109,-0.0085
2.4142,-8.9670,1.5711,0.0486,0.0182,-0.0146
2.4142,-9.1202,1.5711,0.0546,0.0194,-0.0158
2.2609,-8.9670,1.5711,0.0619,0.0194,-0.0170
2.4908,-9.1586,1.4945,0.0643,0.0182,-0.0182
2.3375,-8.9670,1.6095,0.0607,0.0219,-0.0158
2.4525,-9.0053,1.5328,0.0546,0.0243,-0.0146
2.4142,-9.0819,1.6095,0.0498,0.0231,-0.0134
2.4525,-9.0053,1.4179,0.0510,0.0182,-0.0170
2.3759,-9.0436,1.4562,0.0534,0.0194,-0.0170
2.6058,-9.1586,1.5711,0.0607,0.0158,-0.0158
2.4142,-8.9670,1.6095,0.0716,0.0146,-0.0146
2.2992,-8.9670,1.5711,0.0765,0.0146,-0.0146
2.4142,-9.1202,1.6478,0.0728,0.0182,-0.0134
2.4142,-8.9286,1.6861,0.0680,0.0243,-0.0146
2.2992,-8.8520,1.5711,0.0619,0.0243,-0.0097
2.4525,-9.0436,1.6478,0.0534,0.0206,-0.0061
2.4908,-8.9670,1.5328,0.0571,0.0158,-0.0085
2.4142,-8.9286,1.3795,0.0607,0.0121,-0.0061
2.3759,-8.9286,1.4945,0.0595,0.0121,-0.0073
2.5291,-9.0053,1.6095,0.0571,0.0170,-0.0109
2.4525,-9.0436,1.4179,0.0546,0.0194,-0.0121
2.2992,-8.9670,1.6478,0.0595,0.0206,-0.0158
2.4142,-9.0053,1.6095,0.0607,0.0158,-0.0146
2.4525,-9.0053,1.5328,0.0583,0.0109,-0.0170
2.3759,-9.0819,1.6478,0.0546,0.0085,-0.0134
2.4525,-9.0819,1.7244,0.0546,0.0170,-0.0097
2.3375,-9.0436,1.5328,0.0631,0.0231,-0.0061
2.4142,-9.0436,1.7244,0.0692,0.0279,-0.0085
2.4142,-9.2735,1.5328,0.0668,0.0231,-0.0085
2.3759,-9.0053,1.4562,0.0704,0.0182,-0.0170
2.4525,-8.9670,1.6478,0.0959,0.0134,-0.0206
2.3375,-8.8520,1.6095,0.0886,0.0146,-0.0182
2.4908,-8.9670,1.6095,0.0728,0.0194,-0.0158
2.2609,-8.9670,1.4945,0.0741,0.0194,-0.0097
2.4142,-9.0053,1.6861,0.0631,0.0206,-0.0121
2.4525,-8.8903,1.6478,0.0534,0.0194,-0.0085
2.3759,-9.0053,1.3795,0.0413,0.0194,-0.0073
2.4525,-9.0053,1.4945,0.0474,0.0182,-0.0049
2.4908,-9.0819,1.5328,0.0583,0.0194,-0.0109
2.4142,-9.1586,1.6478,0.0534,0.0182,-0.0158
2.3759,-8.9286,1.6478,0.0534,0.0158,-0.0170
2.2992,-8.8903,1.8011,0.0546,0.0134,-0.0170
2.3759,-8.9670,1.4945,0.0571,0.0085,-0.0194
2.4525,-8.9670,1.5711,0.0631,0.0012,-0.0194
2.3759,-8.9670,1.6095,0.0656,0.0097,-0.0194
2.4525,-8.9286,1.5328,0.0728,0.0206,-0.0170
2.3375,-8.9286,1.6478,0.0668,0.0243,-0.0097
2.5675,-9.1586,1.3029,0.0498,0.0267,-0.0085
2.4142,-9.1202,1.4945,0.0425,0.0243,-0.0109
2.3759,-8.9286,1.6095,0.0510,0.0182,-0.0121
2.3375,-9.0436,1.4945,0.0619,0.0170,-0.0097
2.3759,-9.0436,1.4945,0.0692,0.0134,-0.0061
2.2609,-9.0819,1.5711,0.0680,0.0134,-0.0073
2.2992,-8.9286,1.5711,0.0692,0.0194,-0.0085
2.5291,-9.0436,1.5711,0.0704,0.0182,-0.0121
2.3375,-8.9286,1.4945,0.0704,0.0255,-0.0121
2.3759,-8.9670,1.5328,0.0765,0.0316,-0.0109
2.5291,-8.8137,1.4562,0.0741,0.0316,-0.0061
2.3759,-8.9670,1.5711,0.0668,0.0401,-0.0049
2.4142,-9.0053,1.6095,0.1056,0.0607,-0.0049
2.3759,-9.0053,1.6478,0.2088,0.0862,0.0012
2.3375,-9.0819,1.4945,0.2890,0.0838,-0.0024
2.3759,-8.8903,1.7244,0.2793,0.0668,-0.0024
2.4142,-9.0436,2.0693,0.1748,0.0486,-0.0109
2.3375,-8.9286,1.8777,0.0923,0.0461,-0.0097
2.3759,-8.9670,1.8011,0.0801,0.0401,0.0000
2.2226,-9.0819,1.7627,0.0911,0.0413,-0.0024
2.3375,-8.9286,1.8011,0.1251,0.0461,-0.0049
2.2992,-8.8520,1.8394,0.1360,0.0425,0.0024
2.2992,-8.7754,1.8777,0.1506,0.0364,-0.0024
2.3759,-9.0053,1.9160,0.1506,0.0267,0.0121
2.3759,-8.8903,1.9543,0.1372,0.0243,0.0376
2.3759,-8.8137,1.9927,0.1129,0.0231,0.0522
2.3759,-8.8903,1.9543,0.0801,0.0231,0.0546
2.3375,-8.9286,2.0693,0.0498,0.0279,0.0619
2.3759,-8.9286,1.9927,0.0437,0.0364,0.0619
2.3759,-9.0436,1.8394,0.0401,0.0304,0.0607
2.2226,-9.0053,1.6478,0.0097,0.0121,0.0510
2.1843,-8.9286,1.8394,0.0182,0.0267,0.0595
2.2226,-8.9286,1.7627,0.0389,0.0498,0.0935
2.2992,-8.7370,1.9927,0.0219,0.0352,0.1566
2.1076,-8.9286,1.7627,-0.0340,0.0061,0.2028
2.3375,-9.1202,1.6861,-0.0862,-0.0267,0.2234
2.2992,-9.3502,1.5711,-0.1275,-0.0510,0.2198
2.2226,-9.1202,1.5711,-0.0959,-0.0619,0.2210
2.0693,-9.1202,1.8777,0.0012,-0.0643,0.2137
2.2226,-9.0436,1.8777,0.0680,-0.0777,0.2003
2.2226,-9.1586,1.9927,0.0935,-0.0983,0.2040
1.8394,-9.0436,1.6861,0.1117,-0.0886,0.2088
1.8394,-9.1969,1.7627,0.1129,-0.0874,0.2113
1.8394,-9.3118,1.4945,0.1044,-0.1032,0.2319
1.8011,-9.2352,1.4562,0.1202,-0.1251,0.2538
1.8777,-9.1969,1.5711,0.1979,-0.1081,0.2319
2.1843,-9.3118,1.8011,0.2477,-0.0607,0.1943
1.9927,-9.2352,1.6478,0.2392,-0.0049,0.1530
1.8394,-9.1586,1.8011,0.1967,0.0340,0.1311
1.9927,-9.3885,1.8777,0.1688,0.0656,0.1226
2.1076,-9.0819,2.1459,0.1481,0.0959,0.1129
1.9927,-9.0053,2.1843,0.1178,0.1178,0.1360
1.8011,-9.1202,2.1076,0.0826,0.1238,0.1627
1.6095,-9.2352,1.9543,0.0474,0.1457,0.1481
1.3412,-9.1586,1.9543,0.0449,0.2064,0.0862
1.2646,-8.8520,2.0310,0.0206,0.2477,0.0049
1.1496,-8.8137,2.1076,-0.0109,0.2610,-0.0219
1.3795,-8.4305,2.0310,-0.0073,0.2440,-0.0049
1.2263,-8.4688,2.0310,-0.0097,0.2125,0.0389

