-.-.-
2.6058,-6.8593,-3.4488,0.0134,1.7180,0.2003
3.0656,-6.5145,-3.7937,-0.1275,1.5723,0.1967
2.1843,-6.2462,-3.1806,-0.1238,1.3562,0.1979
0.1916,-6.6294,-2.1843,0.0741,1.1292,0.1967
-1.8011,-6.7827,-2.2226,0.1166,0.8353,0.0971
-3.4105,-8.0089,-1.8394,-0.2744,0.5197,0.0291
-4.9816,-9.5034,-1.3412,-0.3849,0.3412,-0.0109
-4.8284,-10.3465,-1.5711,0.0680,0.2064,-0.0243
-2.6058,-9.7334,-1.8394,0.2015,0.0231,0.0121
-0.5748,-10.0016,-1.5328,-0.2610,-0.2550,0.0874
1.8011,-12.1859,-1.5711,-0.4055,-0.3861,0.2028
4.1003,-13.8336,-1.2263,0.1724,-0.0352,0.3108
6.0163,-12.4924,-1.4179,0.9349,0.3800,0.1858
4.0620,-9.1969,-3.7554,1.2603,0.3970,-0.0158
5.7864,-4.5601,-12.9906,0.3655,0.0510,-0.0316
3.9087,-8.2389,-10.4614,-0.8244,0.3982,-0.1530
-1.9543,-7.5108,-9.8483,0.1348,0.9835,-0.2113
-4.6368,-7.5874,-9.8866,-0.3679,1.8771,-0.4674
-5.9780,-10.4231,-7.1276,-0.4517,2.3433,-0.2756
-5.0966,-10.2315,-4.6368,0.4674,1.7277,-0.0024
-2.0310,-8.2772,-4.0620,0.3946,0.7066,0.1226
0.2299,-9.6567,-4.9050,-0.5852,0.5767,0.0607
0.4215,-9.9633,-5.2882,-0.5354,1.1000,0.1360
1.7627,-8.2772,-4.5601,0.2975,1.3659,0.3545
1.6478,-6.4378,-3.5638,0.5367,1.2214,0.4857
0.5365,-6.0929,-3.0273,0.3958,0.9567,0.4905
-0.5365,-5.5948,-2.8357,0.3703,0.8633,0.5075
-1.3795,-4.7517,-2.8740,0.3327,0.9312,0.6277
-2.0310,-4.5218,-2.9123,0.0996,1.0733,0.7273
-1.9160,-5.5564,-2.8357,-0.2489,1.2785,0.7613
-1.5328,-7.5874,-2.2992,-0.3910,1.3938,0.7309
-0.9580,-10.1549,-2.4142,-0.3667,1.2481,0.6447
-0.7281,-12.3008,-1.9160,-0.0376,0.9519,0.4808
-1.7627,-12.4158,-2.1459,0.5828,0.4747,0.2950
-2.9123,-11.2279,-1.5328,0.8620,0.0243,0.2477
-3.6787,-10.2315,-1.4179,0.8426,-0.0862,0.2246
-3.4871,-9.5801,-0.4215,0.8900,-0.0838,0.1688
-3.1039,-8.8137,-1.7244,1.1474,-0.1688,0.0000
-0.6898,-6.6677,-11.4961,0.2198,-0.5743,-0.3533
-0.6131,-12.3775,-7.2809,-1.2651,-0.3084,-0.3327
1.3029,-15.0982,-7.5108,-0.0656,-0.6144,0.0206
4.7517,-10.9979,-12.4158,0.7601,-0.7273,0.0109
3.3339,-7.7790,-7.7790,1.0029,0.0607,0.1081
0.9197,-6.1313,-5.2499,1.0260,0.1761,0.3060
0.0383,-6.4378,-4.4835,0.2501,0.1081,0.2914
-0.0766,-8.9670,-3.8704,-0.1603,0.0364,0.2028
-0.9580,-9.8866,-3.4105,0.0024,0.0631,0.0328
-1.5711,-8.5454,-2.1843,0.1773,0.3315,-0.2295
-0.9963,-6.4378,-1.3795,0.3339,0.5731,-0.4480
-0.0383,-4.3302,-1.7627,0.3266,0.5974,-0.5828
0.6514,-3.1806,-2.5675,0.0911,0.4893,-0.5949
1.0346,-3.2189,-3.1423,-0.2125,0.3715,-0.5561
0.7281,-4.0620,-2.8740,-0.3922,0.2015,-0.5524
0.1150,-5.9013,-2.2609,-0.4140,-0.0595,-0.5112
-0.4598,-8.8137,-0.9197,-0.3254,-0.2950,-0.4772
-2.1459,-12.0709,-0.2682,-0.1773,-0.4480,-0.4165
-1.7244,-14.4468,-0.9963,-0.0838,-0.5585,-0.2295
1.3029,-13.3738,-1.0730,0.2076,-0.5864,-0.0024
2.9507,-11.1895,-0.8430,0.5694,-0.5658,0.0425
4.7517,-10.3465,-1.6861,0.6581,-0.5306,0.0000
5.3648,-10.2315,-1.8394,0.8863,-0.4116,-0.1809
2.4908,-7.8173,-4.2919,1.2154,-0.3205,-0.2732
2.4525,-6.8977,-12.3391,-0.0437,-0.3752,0.0291
-1.0346,-11.1129,-4.8284,-0.7394,0.2380,-0.0510
-4.5601,-9.9633,-9.3502,-0.3995,0.3084,-0.1979
-4.4068,-12.8373,-9.7334,-0.7030,1.0830,-0.4225
-4.6368,-11.5344,-6.3612,0.0559,1.2129,-0.6726
-2.8357,-8.8520,-4.4068,0.3302,0.8633,-0.4759
0.1916,-7.6257,-4.4452,0.1700,0.2623,-0.2137
1.7627,-8.2005,-4.8284,-0.1785,0.1688,0.1773
1.7627,-9.1202,-4.4068,-0.4310,0.5415,0.3800
1.3795,-8.4305,-3.1423,-0.1166,0.7819,0.4165
0.3449,-6.2462,-1.9927,0.3570,0.5804,0.4177
-0.4982,-4.8284,-1.9543,0.4419,0.1906,0.4334
-0.9963,-4.3302,-2.1459,0.2343,0.0182,0.4419
-0.8814,-4.4452,-2.7207,-0.0765,0.1299,0.4577
-0.7664,-5.2116,-2.5291,-0.4019,0.4152,0.4869
-0.6514,-7.0126,-1.6861,-0.5476,0.6884,0.4711
-0.3066,-9.1202,-1.0346,-0.4929,0.8268,0.3339
-0.1916,-10.7680,-0.9580,-0.3764,0.8633,0.0886
-1.4179,-11.4578,-1.4179,-0.0546,0.6908,-0.1202
-2.6058,-11.3811,-1.8011,0.4019,0.2113,-0.1348
-3.9853,-11.1512,-1.4945,0.6204,-0.2173,0.0231
-4.2152,-10.5764,-0.9963,0.7224,-0.4019,0.0850
-3.0273,-10.0782,-0.2682,1.0029,-0.3145,0.0607
-2.4908,-7.3192,-5.7480,1.0162,-0.2610,-0.1323
-2.4525,-7.7024,-12.9139,-1.5626,-0.5318,-0.2878
-0.4982,-15.6347,-6.6294,-1.5832,-0.2598,0.2258
2.7591,-15.3281,-10.8830,0.4055,-0.8912,0.3837
4.2152,-9.2352,-9.8483,1.3222,-0.6059,0.2817
3.4871,-5.5181,-5.1349,1.3768,-0.2550,0.1785
2.0310,-5.3265,-2.7974,0.6908,-0.2635,0.2841
-0.1533,-7.3575,-3.9853,-0.1736,-0.5354,0.1906
-1.3029,-10.5764,-4.6368,-0.7103,-0.9227,0.0352
-2.2226,-10.4231,-3.0656,-0.1591,-0.6119,-0.2938
-2.1843,-7.4341,-1.6478,0.3825,-0.1081,-0.4577
-1.6861,-5.0583,-1.2646,0.3072,0.0255,-0.4650
-0.8430,-4.2536,-1.9543,0.0741,-0.0267,-0.4165
0.1533,-3.7171,-3.2189,-0.0668,-0.1360,-0.4359
0.8814,-3.9087,-3.4105,-0.3230,-0.2550,-0.5658
0.9963,-5.0200,-2.5291,-0.6314,-0.4553,-0.6411
1.5328,-7.0509,-2.1459,-0.8438,-0.7613,-0.6314
1.0730,-9.5418,-1.5711,-0.7248,-1.0551,-0.5294
0.1150,-11.3045,-1.4179,-0.2173,-1.1559,-0.4055
-0.4215,-11.7643,-1.2646,0.2222,-0.9507,-0.2368
0.3832,-11.4961,-1.3795,0.4468,-0.5112,-0.0401
0.9197,-11.4961,-0.7281,0.4116,-0.2598,0.0728
2.5675,-12.5307,0.2682,0.5549,-0.1785,0.1093
2.7207,-12.7223,-0.3832,1.0405,-0.2198,0.0291
1.3029,-9.0819,-6.0546,1.2979,-0.4638,-0.0631
1.9543,-7.4341,-12.8373,-0.3060,-0.4602,0.1627
0.7281,-10.8446,-5.9396,-0.5524,0.2283,-0.0898
-2.1459,-9.0819,-9.6184,0.2501,0.9288,-0.3825
-3.1423,-8.4688,-9.0819,-0.0947,1.4934,-0.7261
-2.3759,-9.6567,-6.3995,-0.3873,1.3307,-0.8463
-1.4562,-11.3811,-4.5984,-0.1008,1.0247,-0.5087
1.1496,-11.3811,-4.4452,0.2975,0.4189,-0.0559
1.9543,-10.1932,-4.6368,0.2137,0.1845,0.2003
1.8777,-9.2352,-3.6404,0.0061,0.5549,0.2598
1.1496,-6.8977,-2.3759,0.1299,0.7491,0.2076
0.1533,-4.7517,-2.0310,0.2732,0.5573,0.2125
-0.7664,-3.5638,-2.3759,0.1518,0.2902,0.3169
-1.3795,-3.5255,-2.2992,-0.1408,0.1591,0.4432
-1.3795,-4.3302,-2.2609,-0.4031,0.1955,0.5573
-0.8047,-5.5564,-2.0310,-0.4905,0.4128,0.6095
-0.4215,-7.4341,-1.7244,-0.3934,0.6799,0.5755
0.3066,-9.8100,-1.3795,-0.1542,0.8402,0.3934
0.8047,-11.6111,-0.9197,0.1081,0.9057,0.1663

