-.-.-
0.1150,-4.6751,-8.0856,1.4035,0.1639,0.1093
0.0383,-4.7517,-7.9706,1.3768,0.1530,0.1238
0.1533,-4.9816,-7.8557,1.3696,0.1481,0.1433
0.2682,-5.4415,-7.4341,1.3768,0.1748,0.1627
0.4598,-5.7864,-7.5874,1.3805,0.2052,0.1615
0.1533,-6.1313,-7.4725,1.4084,0.2028,0.1384
0.0383,-6.4761,-7.6257,1.4667,0.2076,0.1117
0.1916,-6.4761,-7.1659,1.5213,0.2185,0.1020
0.4215,-6.6294,-7.0893,1.5055,0.2113,0.0959
0.3449,-6.5528,-6.8210,1.4667,0.2028,0.0874
0.1150,-6.3229,-6.8210,1.4072,0.2100,0.0801
0.0383,-6.3995,-6.4378,1.3064,0.2198,0.0801
0.0000,-6.6677,-5.8630,1.2154,0.1882,0.0728
0.1916,-7.0893,-5.7480,1.1425,0.1506,0.0437
0.0766,-6.9743,-5.8630,1.1231,0.1238,0.0279
0.0766,-7.2425,-5.7097,1.0903,0.1299,0.0316
0.2682,-7.3192,-5.7480,1.0369,0.1105,0.0449
0.3066,-7.6641,-5.5948,0.9713,0.0898,0.0425
0.3449,-7.6641,-5.4798,0.9397,0.1081,0.0437
0.3832,-7.8940,-5.2116,0.9276,0.1008,0.0340
0.4215,-7.8173,-4.9433,0.8997,0.1008,0.0267
0.2299,-7.9323,-4.7900,0.8766,0.1008,0.0170
0.2299,-8.0089,-4.7517,0.8450,0.1153,0.0073
0.2299,-8.1622,-4.6368,0.8171,0.1068,-0.0146
0.2299,-8.2772,-4.5601,0.7491,0.1348,-0.0170
0.3066,-8.6604,-4.4068,0.7066,0.1129,-0.0267
0.2299,-8.5838,-4.1769,0.6921,0.0971,-0.0376
0.1916,-8.5071,-4.0620,0.6787,0.1093,-0.0461
0.0766,-8.3538,-3.9087,0.6581,0.1263,-0.0534
0.1150,-8.5838,-3.7554,0.6241,0.1117,-0.0571
0.0383,-8.5838,-3.7171,0.6046,0.0838,-0.0571
0.0000,-8.5454,-3.8704,0.5682,0.0813,-0.0522
0.0000,-8.6221,-3.6787,0.5233,0.0607,-0.0619
0.0766,-8.6987,-3.4488,0.5136,0.0546,-0.0607
0.0000,-8.5454,-3.5638,0.4942,0.0474,-0.0571
0.1150,-8.6221,-3.6404,0.4468,0.0206,-0.0474
-0.0383,-8.6987,-3.4488,0.4419,0.0182,-0.0376
0.1150,-8.8520,-3.5638,0.4322,0.0073,-0.0255
0.1533,-9.0053,-3.2955,0.4456,-0.0073,-0.0231
0.1533,-8.8137,-3.3722,0.4541,-0.0158,-0.0243
0.0383,-8.8137,-3.3722,0.4492,-0.0352,-0.0231
0.1916,-8.9670,-3.4105,0.4395,-0.0389,-0.0231
0.1916,-8.8137,-3.2572,0.4383,-0.0376,-0.0340
0.1916,-8.6987,-3.2572,0.4237,-0.0243,-0.0376
0.3066,-8.5071,-3.1806,0.4007,-0.0316,-0.0413
0.3066,-8.6604,-3.1806,0.3764,-0.0291,-0.0401
0.2299,-8.7370,-3.2955,0.3254,-0.0121,-0.0425
0.4215,-9.0053,-2.9507,0.2829,-0.0097,-0.0498
0.2299,-8.8903,-3.1423,0.2538,-0.0109,-0.0559
0.3449,-8.9286,-3.1039,0.2368,-0.0085,-0.0607
0.2682,-9.0436,-2.9890,0.2319,-0.0158,-0.0583
0.1150,-8.9670,-3.1039,0.2246,-0.0049,-0.0474
0.3066,-9.0436,-2.9507,0.2173,-0.0036,-0.0376
0.3066,-8.9670,-2.9123,0.1979,0.0097,-0.0328
0.2299,-8.8903,-2.9890,0.1651,0.0170,-0.0267
0.2682,-8.9286,-2.9507,0.1323,0.0097,-0.0231
0.3066,-9.0436,-2.9890,0.1105,-0.0085,-0.0194
0.2682,-9.1202,-2.6824,0.0898,-0.0158,-0.0182
0.3066,-9.1586,-2.7207,0.0765,-0.0316,-0.0194
0.2299,-9.1586,-2.7591,0.0935,-0.0364,-0.0182
0.3066,-9.0053,-2.9890,0.0838,-0.0316,-0.0170
0.2299,-9.2352,-2.6824,0.0643,-0.0340,-0.0121
0.3066,-9.2352,-2.5675,0.0692,-0.0340,-0.0134
0.2682,-9.1586,-2.5291,0.0862,-0.0376,-0.0146
0.1533,-9.0819,-2.4908,0.1056,-0.0376,-0.0146
0.1533,-9.0436,-2.5291,0.1166,-0.0474,-0.0182
0.3066,-9.1969,-2.3375,0.1056,-0.0534,-0.0267
0.4215,-9.1969,-2.4908,0.0850,-0.0546,-0.0255
0.2299,-9.0436,-2.5291,0.0789,-0.0389,-0.0206
0.4982,-9.3502,-2.5291,0.0741,-0.0328,-0.0219
0.3066,-9.2352,-2.4908,0.0680,-0.0267,-0.0279
0.2299,-9.2352,-2.4908,0.0668,-0.0219,-0.0255
0.3449,-9.2735,-2.5291,0.0765,-0.0194,-0.0219
0.4598,-9.1969,-2.5291,0.0813,-0.0231,-0.0194
0.4598,-9.2352,-2.5291,0.0716,-0.0194,-0.0170
0.3832,-9.1202,-2.4908,0.0595,-0.0121,-0.0146
0.3066,-9.1586,-2.3375,0.0546,-0.0097,-0.0134
0.1916,-9.1586,-2.2226,0.0607,-0.0061,-0.0134
0.3449,-9.2352,-2.3375,0.0728,-0.0036,-0.0134
0.2299,-9.1586,-2.2226,0.0765,-0.0024,-0.0109
0.4215,-9.1969,-2.4525,0.0741,0.0049,-0.0097
0.3832,-9.2735,-2.4908,0.0656,0.0073,-0.0121
0.3449,-9.1969,-2.4525,0.0668,0.0085,-0.0109
0.5365,-9.2352,-2.7591,0.0728,0.0121,-0.0097
0.6514,-9.5418,-2.2609,0.0765,0.0206,-0.0109
0.1533,-9.0436,-2.1843,0.0704,0.0243,-0.0109
0.1916,-8.9670,-2.6824,0.0680,0.0219,-0.0134
0.2682,-9.5034,-2.6058,0.0777,0.0243,-0.0109
0.3449,-9.2352,-2.2609,0.0886,0.0231,-0.0109
0.3449,-9.1586,-2.4525,0.0898,0.0219,-0.0097
0.3832,-9.1202,-2.4908,0.0813,0.0170,-0.0097
0.2299,-9.1202,-2.4142,0.0777,0.0121,-0.0146
0.3066,-9.0819,-2.4525,0.0741,0.0097,-0.0134
0.2299,-9.1969,-2.6058,0.0716,0.0085,-0.0134
0.3066,-9.2352,-2.4525,0.0692,0.0097,-0.0121
0.2682,-9.1586,-2.4525,0.0741,0.0121,-0.0109
0.5365,-9.3118,-2.4525,0.0789,0.0206,-0.0109
0.4215,-9.1586,-2.4142,0.0850,0.0243,-0.0109
0.3449,-9.1969,-2.3759,0.0838,0.0291,-0.0121
0.3066,-9.1969,-2.3759,0.0777,0.0304,-0.0109
0.2299,-9.1586,-2.4142,0.0728,0.0328,-0.0109
0.2682,-9.1969,-2.5291,0.0680,0.0316,-0.0097
0.4215,-9.2352,-2.4525,0.0631,0.0291,-0.0109
0.3066,-9.2352,-2.3759,0.0607,0.0243,-0.0085
0.2299,-9.1202,-2.3759,0.0728,0.0206,-0.0121
0.3066,-9.0819,-2.3759,0.0668,0.0182,-0.0085
0.3066,-9.1969,-2.3375,0.0461,0.0194,-0.0097
0.3832,-9.2352,-2.4908,0.0498,0.0182,-0.0085
0.2299,-9.2352,-2.4525,0.0619,0.0158,-0.0073
0.2299,-9.0819,-2.3759,0.0656,0.0134,-0.0085
0.2682,-9.1586,-2.4142,0.0546,0.0085,-0.0061
0.2682,-9.1586,-2.4142,0.0437,0.0049,-0.0097
0.3832,-9.1586,-2.4525,0.0437,0.0049,-0.0121
0.1916,-9.2352,-2.4142,0.0510,0.0024,-0.0085
0.3832,-9.1586,-2.4908,0.0619,0.0024,-0.0097
0.2682,-9.0819,-2.3759,0.0631,0.0024,-0.0097
0.3832,-9.1969,-2.4142,0.0510,0.0012,-0.0109
0.3449,-9.2352,-2.3375,0.0486,-0.0036,-0.0121
0.3449,-9.1202,-2.4525,0.0534,-0.0061,-0.0121
0.2299,-9.2735,-2.4525,0.0522,-0.0061,-0.0134
0.4598,-9.2735,-2.3759,0.0486,-0.0085,-0.0134
0.3832,-9.1969,-2.4525,0.0546,-0.0073,-0.0134
0.3832,-9.2352,-2.4525,0.0656,-0.0049,-0.0158
0.3449,-9.1202,-2.4525,0.0813,-0.0024,-0.0146
0.3832,-9.1586,-2.4142,0.0886,0.0012,-0.0146
0.2299,-9.1969,-2.4525,0.0850,0.0024,-0.0134
0.3449,-9.2352,-2.3759,0.0801,0.0109,-0.0158
0.3832,-9.1586,-2.4525,0.0777,0.0158,-0.0121

