-.-.-
-4.1386,-7.2425,-4.2536,-0.2355,0.7273,0.4019
-4.1003,-6.9360,-4.1386,-0.3181,0.6435,0.4213
-4.0620,-6.7444,-4.4452,-0.3764,0.6872,0.5087
-3.7937,-6.9360,-4.7517,-0.3084,0.8475,0.5731
-3.6404,-6.5528,-4.8667,-0.2902,0.8244,0.5646
-4.5601,-6.7444,-4.5601,-0.2173,0.7200,0.5245
-4.9816,-6.2845,-4.6751,0.0789,0.5913,0.5585
-4.8284,-5.9396,-4.7900,0.2659,0.4650,0.6059
-5.7864,-5.6714,-4.5984,0.3084,0.2841,0.5816
-5.8247,-5.5948,-4.8667,0.4007,0.2343,0.6034
-4.9816,-5.8630,-4.9816,0.4286,0.4189,0.5694
-4.0620,-6.0929,-4.9050,0.3618,0.6484,0.4468
-3.2189,-5.9780,-4.8284,0.2064,0.7989,0.3072
-2.5675,-5.8630,-5.1732,0.0134,0.9082,0.2113
-2.5291,-5.8630,-5.1349,-0.0304,1.0199,0.1008
-3.5638,-6.1696,-4.8284,0.0389,1.0782,0.0425
-4.3685,-7.1659,-4.9433,0.2149,1.1583,0.0728
-5.7480,-8.2772,-5.5564,0.4225,1.1328,0.1372
-6.0929,-8.9286,-5.6331,0.5998,1.1304,0.2040
-6.0546,-9.6950,-4.7900,0.7783,1.2785,0.2829
-5.1349,-9.6567,-5.6331,1.0915,1.1364,0.2793
-3.7171,-9.5801,-6.5528,1.0369,1.1692,0.3181
-3.0273,-9.1202,-5.9396,0.7588,1.3319,0.2926
-3.8320,-8.5838,-5.2116,0.6957,1.1862,0.2938
-4.9433,-7.9323,-5.0200,0.8669,1.0587,0.3982
-5.2499,-7.6257,-5.0966,1.0017,1.0648,0.5233
-5.3648,-7.5108,-4.5601,0.9094,0.9871,0.4869
-5.4798,-7.4341,-4.3302,0.7406,0.7054,0.3752
-5.7480,-6.7061,-4.0620,0.5986,0.5439,0.2052
-5.5181,-6.9360,-3.7554,0.4893,0.4966,0.1506
-4.5601,-7.5491,-4.0236,0.4857,0.4589,0.1906
-4.3685,-8.0089,-4.2919,0.6046,0.3035,0.1299
-4.4452,-7.9706,-3.5638,0.7139,0.1773,-0.0194
-4.1386,-7.3575,-3.5255,0.7795,0.2222,-0.1639
-3.4488,-7.1659,-3.5638,0.7928,0.3290,-0.2732
-2.9890,-7.7407,-3.0273,0.8718,0.4383,-0.3970
-3.1423,-8.4305,-3.1423,0.7819,0.2635,-0.4517
-3.1806,-8.7754,-2.5675,0.6617,0.1166,-0.5269
-3.2189,-8.8137,-2.6058,0.8548,0.1955,-0.5634
-3.4488,-8.8137,-2.9890,0.8778,0.2538,-0.6022
-3.4488,-9.1586,-2.3759,0.7661,0.2161,-0.7346
-3.0273,-9.1586,-2.2226,0.5706,0.2768,-0.9009
-3.4871,-8.7370,-2.2226,0.2817,0.2173,-1.0563
-3.9853,-8.5838,-2.2609,0.1882,0.1603,-1.0575
-3.6787,-9.0436,-2.6058,-0.0085,0.1591,-1.0077
-2.9507,-9.4268,-2.5675,-0.2683,0.1918,-1.0199
-3.1423,-8.8137,-2.8357,-0.2938,-0.1566,-1.0211
-4.0236,-8.0089,-2.5291,-0.3157,-0.4796,-0.9446
-5.3265,-8.0473,-2.3759,-0.4929,-0.5755,-0.8803
-5.4415,-9.0053,-3.1806,-0.6216,-0.7163,-0.9312
-4.5218,-9.3885,-3.3722,-0.5476,-1.0041,-0.8875
-3.7171,-8.8903,-3.8704,-0.1700,-1.1097,-0.8875
-3.0656,-8.1622,-4.5218,-0.0328,-1.1182,-0.8548
-1.8011,-8.3921,-4.2919,-0.1578,-1.1462,-0.7831
-1.4945,-9.4268,-3.7171,-0.2149,-1.2554,-0.8135
-1.3029,-10.3082,-4.4835,-0.2720,-1.4934,-0.8256
-2.0693,-10.5764,-5.1349,-0.2161,-1.7265,-0.8013
-2.9890,-10.2315,-4.6751,0.1445,-1.9050,-0.6945
-2.3759,-9.5034,-4.2152,0.6666,-1.9960,-0.5658
-1.8011,-8.8903,-3.4105,0.9167,-1.9997,-0.4893
-0.5365,-9.0053,-3.6021,0.6993,-1.9329,-0.4589
0.0383,-9.2352,-3.8320,0.1748,-1.7751,-0.4298
0.6131,-9.0053,-4.5218,-0.1797,-1.6573,-0.4092
0.9963,-9.2352,-2.5675,-0.1421,-1.5832,-0.3363
0.9197,-10.0782,-2.2609,0.2113,-1.5383,-0.2513
1.3029,-10.2315,-3.9853,0.2732,-1.3720,-0.1955
1.4562,-9.6950,-4.1003,0.0704,-1.2615,-0.1493
1.3412,-9.7334,-2.9123,-0.0619,-1.1971,-0.1323
1.0730,-10.4231,-1.4179,0.0231,-1.2979,-0.1117
0.1533,-10.8830,-1.6861,0.1190,-1.4400,-0.1481
-0.6131,-11.1512,-1.8777,0.0097,-1.3768,-0.2963
-0.4598,-10.9979,-1.6861,0.0959,-1.2664,-0.4359
0.2682,-10.2698,-1.5711,0.3485,-1.1498,-0.4432
0.8814,-9.5801,-1.5328,0.4298,-1.0490,-0.3060
0.8814,-9.0053,-1.6861,0.3339,-1.0745,-0.2003
0.6514,-8.3538,-1.9543,0.1384,-1.1765,-0.1336
0.6514,-8.3155,-1.7627,-0.0316,-1.2566,-0.0643
0.2299,-8.6604,-1.8011,-0.1821,-1.3368,0.0401
0.4215,-9.3502,-2.3759,-0.3800,-1.3283,0.1360
0.4982,-9.9250,-2.1459,-0.4031,-1.3137,0.1882
0.8047,-10.3465,-2.6058,-0.2708,-1.3283,0.2064
0.9197,-10.5381,-2.4908,-0.1433,-1.2566,0.1821
0.7664,-10.3848,-1.8011,0.0291,-1.2190,0.1141
0.3832,-10.3082,-1.2646,0.2125,-1.1826,0.0243
0.5365,-9.7334,-2.0693,0.2853,-1.0563,-0.0340
1.0730,-8.6987,-2.2226,0.1299,-0.8341,-0.0728
1.6478,-8.5071,-2.3759,-0.1421,-0.6775,-0.0716
1.3795,-9.0436,-2.5291,-0.3642,-0.5342,-0.0328
0.9963,-9.6567,-2.8740,-0.4577,-0.4808,-0.0049
0.4598,-10.3082,-2.8357,-0.4468,-0.4784,-0.0158
-0.9197,-10.9979,-2.6824,-0.3327,-0.4893,-0.0619
-1.2646,-10.8446,-2.7591,-0.0352,-0.5609,-0.1263
-2.0310,-9.8100,-2.6824,0.2453,-0.5901,-0.1809
-2.2992,-8.8137,-1.9927,0.3193,-0.7151,-0.1785
-1.6095,-8.2389,-1.6095,0.2428,-0.9021,-0.1020
-1.1879,-8.3155,-1.7244,-0.0109,-0.9592,-0.0668
-0.5748,-9.1586,-1.6861,-0.3387,-1.0769,-0.0559
-0.6514,-9.9250,-1.7627,-0.5027,-1.1437,-0.0571
-0.9580,-10.6914,-1.5328,-0.3837,-1.2433,-0.0498
-1.4179,-10.6914,-1.3029,-0.0704,-1.2591,-0.0437
-0.7281,-10.0399,-1.0346,0.1384,-1.2044,0.0194
-0.8430,-9.2735,-1.7244,0.1882,-1.1486,0.0182
-0.8047,-9.3502,-2.0310,0.0024,-1.2967,0.0352
-0.9963,-9.8866,-1.1879,-0.1008,-1.3271,0.0607
-0.8430,-10.3848,-0.8814,0.0559,-1.2044,0.0935
-1.1113,-10.4614,-1.0730,0.2198,-1.0794,0.0923
-0.7664,-10.3465,-1.3029,0.3145,-1.0369,0.0850
-0.6514,-9.8483,-1.1496,0.4213,-0.9822,0.0643
-0.7664,-9.5034,-0.7281,0.4735,-0.8341,0.0425
-0.8047,-9.5034,-0.4215,0.4383,-0.7176,0.0522
-0.9197,-9.3118,-0.4982,0.3120,-0.6993,0.1008
-0.7664,-9.2352,-0.4982,0.1433,-0.7333,0.1615
-0.6131,-9.5418,-0.6514,0.0643,-0.6945,0.1542
-0.3449,-9.6567,-0.2682,0.0813,-0.5804,0.1044
-0.1916,-9.4651,-0.3066,0.2610,-0.4116,0.0619
-0.2682,-9.2735,-0.4982,0.2647,-0.2392,0.0243
-0.3066,-9.4651,-0.1533,0.0898,-0.1433,-0.0158
-0.5365,-9.7334,-0.1150,0.0437,-0.0826,-0.0522
-0.6514,-9.5418,-0.3832,0.1166,0.0182,-0.0959
-0.9580,-9.5034,-0.6131,0.1578,0.0413,-0.1445
-0.8430,-9.5418,-0.6898,0.1360,-0.0036,-0.1651
-0.9197,-9.5418,-0.6898,0.2185,0.0206,-0.1554
-1.0346,-9.7717,-0.5365,0.3193,-0.0158,-0.1251
-1.2646,-9.9250,-0.4598,0.3096,-0.0668,-0.0826
-1.0730,-9.8866,-0.3832,0.2926,-0.1627,-0.0255
-0.3449,-9.8483,-0.2682,0.3545,-0.0947,0.0158
0.3066,-9.6950,-0.3832,0.3351,0.0474,0.0267
0.6131,-9.5034,-0.4215,0.1530,0.0850,0.0401

