-.-.-
0.5365,-10.0399,1.0346,-0.0109,0.0838,-0.0036
0.6131,-10.1932,1.0346,-0.0146,0.0862,-0.0024
0.6514,-10.2315,1.0346,-0.0158,0.0850,-0.0024
0.4982,-10.0782,0.9963,-0.0158,0.0838,-0.0036
0.6131,-10.0782,1.1113,-0.0085,0.0789,-0.0024
0.6514,-10.0782,1.0346,-0.0109,0.0813,-0.0012
0.4598,-10.1166,0.9963,-0.0170,0.0826,-0.0036
0.6514,-10.1549,1.0346,-0.0158,0.0813,-0.0036
0.5365,-10.0399,1.0346,-0.0158,0.0826,0.0024
0.6898,-10.1932,1.1113,-0.0134,0.0813,0.0049
0.5748,-10.0399,1.0730,-0.0182,0.0777,0.0085
0.5365,-10.1166,0.9963,-0.0219,0.0765,0.0134
0.6131,-10.0782,1.1879,-0.0146,0.0813,0.0194
0.6514,-10.0782,1.0346,-0.0061,0.0850,0.0352
0.6514,-10.0782,1.2263,-0.0024,0.0947,0.0583
0.7664,-10.1549,1.1113,0.0000,0.1008,0.0996
0.8814,-10.3465,0.9963,0.0012,0.1020,0.1396
0.9580,-10.4231,0.9963,-0.0522,0.0959,0.1299
0.6514,-10.4614,1.3029,-0.1967,0.0704,0.0425
0.8047,-10.2315,0.9197,-0.2161,0.0947,0.0231
0.3449,-10.2698,0.9580,-0.5269,0.0304,-0.1506
0.4598,-9.8483,0.1150,-0.4966,-0.0874,-0.1105
0.5365,-9.9633,0.4598,-0.2161,-0.1445,-0.0328
0.4982,-9.8100,0.2682,-0.1141,-0.0619,0.1906
0.9963,-9.8483,0.4215,-0.2440,0.0546,0.2890
1.6095,-10.3848,0.4982,-0.2963,0.2902,0.2392
1.5328,-10.3465,0.9580,-0.2258,0.4711,0.0947
1.1113,-10.1932,1.0346,-0.0595,0.5925,0.0158
0.9963,-10.0016,0.7281,0.0097,0.6411,-0.0024
0.7281,-9.8866,0.8047,-0.0109,0.7006,-0.0146
0.4598,-10.0016,0.3449,-0.0753,0.7418,-0.0522
0.2299,-9.9250,0.3066,-0.1032,0.7248,-0.0376
-0.0383,-9.7717,0.1150,-0.1093,0.6799,0.0134
0.0766,-9.5418,0.3832,-0.1263,0.6908,0.0898
0.3832,-9.9250,0.7664,-0.0874,0.7248,0.1166
0.4215,-10.1166,0.6131,-0.0935,0.7406,0.1008
0.4598,-9.9250,0.8814,-0.1348,0.6993,0.0692
0.2299,-9.9633,1.0346,-0.1275,0.6544,0.0389
0.7664,-10.0399,0.9963,-0.0935,0.6666,0.0522
0.4215,-10.0399,0.9197,-0.0692,0.7540,0.0826
0.2299,-9.9250,0.9580,-0.0631,0.8390,0.1457
0.3449,-9.9633,0.6898,-0.1141,0.9142,0.2149
0.4598,-9.9250,0.7281,-0.0826,0.9652,0.3011
0.0383,-9.8100,0.7664,-0.0401,0.9215,0.3849
-0.7281,-10.1932,0.2299,-0.0243,0.8208,0.4541
-0.7281,-10.2315,0.1533,-0.1093,0.7431,0.5233
-0.3449,-10.1549,-0.1916,-0.0886,0.6738,0.5828
-0.7281,-9.9633,0.1916,-0.0049,0.5197,0.5719
-0.7664,-9.9633,0.3832,0.0036,0.4067,0.5974
-0.6131,-10.1166,0.1916,0.0352,0.3472,0.6301
-0.4982,-9.8483,0.0766,0.0024,0.2416,0.5779
-1.2646,-9.5801,0.4215,-0.0838,0.0850,0.5233
-1.0346,-9.9250,0.6514,-0.1396,0.0206,0.5549
-0.8047,-9.9250,0.7664,-0.0911,0.0607,0.5621
-1.2646,-10.3082,1.3029,-0.0352,0.1226,0.5840
-2.0310,-10.5381,1.2646,-0.0680,0.1445,0.6544
-2.1843,-10.5381,1.1879,0.0376,0.1712,0.6957
-2.0310,-10.6914,1.5328,0.3302,0.1930,0.6921
-1.5328,-10.5381,0.5365,0.3812,0.1166,0.6738
-1.8394,-10.3465,0.1916,0.2003,0.1081,0.5597
-1.8777,-10.3465,0.3832,-0.1360,0.1093,0.4456
-1.4945,-10.0016,0.2682,-0.2198,-0.0631,0.3072
-1.3412,-10.0016,-1.1879,-0.3096,-0.3582,0.3266
-1.8777,-10.7297,-0.8814,-0.2683,-0.4043,0.2902
-1.6861,-10.7680,0.0766,-0.2501,-0.3375,0.2853
-1.7244,-10.0782,0.4982,-0.1615,-0.2234,0.2671
-1.3412,-10.0782,0.4598,-0.1676,-0.1008,0.2683
-1.6478,-10.3848,0.1533,-0.2198,-0.0134,0.2950
-2.0310,-10.5381,0.4598,-0.1712,0.0012,0.3642
-2.5291,-10.1549,0.2682,-0.1008,0.0219,0.3946
-1.7627,-9.8483,0.2682,-0.0534,0.0971,0.5148
-1.9160,-9.9633,0.2682,-0.0206,0.1530,0.5828
-2.1459,-10.1549,0.6131,0.0850,0.2550,0.6083
-1.9160,-10.3465,0.5365,0.1797,0.3497,0.5755
-1.9160,-10.1166,0.4982,0.2343,0.4310,0.5172
-1.9543,-10.0016,0.6131,0.3339,0.5816,0.4468
-1.4562,-9.2735,0.1916,0.3217,0.6823,0.3752
-2.0693,-9.0819,0.0383,0.2623,0.7625,0.3557
-2.2992,-9.0819,0.1150,0.2343,0.8936,0.3242
-2.8357,-8.9286,0.2299,0.1809,0.9992,0.2890
-3.2189,-9.3502,0.1150,0.1748,1.0721,0.2708
-3.4871,-9.0436,0.0000,0.1056,1.1777,0.1918
-3.8320,-9.1202,-0.1533,-0.0328,1.2542,0.2125
-3.5638,-9.4268,-0.2299,-0.1105,1.3635,0.2392
-3.6787,-9.2735,-0.3066,-0.2428,1.4630,0.2404
-3.5638,-9.3118,-0.7281,-0.3060,1.5917,0.2040
-4.1003,-9.7717,-0.0766,-0.3582,1.6100,0.2198
-3.7937,-9.1969,-0.7664,-0.4104,1.6039,0.2125
-3.8704,-8.6604,-1.0346,-0.4784,1.5565,0.1518
-5.1349,-10.4231,-0.2299,-0.6071,1.5031,0.1748
-3.7937,-9.2735,-1.3795,-0.6095,1.4667,0.1918
-3.3722,-9.0819,-1.3795,-0.6144,1.4108,0.2416
-3.2189,-8.9286,-1.3412,-0.5634,1.3088,0.2404
-3.4871,-8.6987,-1.6861,-0.5791,1.2396,0.2720
-3.3722,-8.9286,-1.8777,-0.5682,1.1474,0.3108
-3.1806,-9.2735,-1.9927,-0.5488,1.0697,0.3278
-3.5255,-9.8866,-1.5711,-0.4857,1.0551,0.3533
-3.3339,-9.4268,-2.0310,-0.5148,0.9677,0.3278
-3.1806,-9.5034,-1.9927,-0.5221,0.9725,0.3460
-3.1039,-9.3885,-1.7627,-0.4966,1.0612,0.3812
-2.7974,-9.2352,-1.8394,-0.4602,1.1279,0.4067
-3.3722,-9.0436,-2.4908,-0.3363,1.1680,0.5124
-4.1769,-8.8137,-2.5291,-0.1991,1.1838,0.5646
-3.7937,-8.5454,-2.6058,-0.0874,1.1704,0.6083
-3.9853,-8.9286,-2.4142,-0.0656,1.1267,0.6629
-4.0236,-8.5454,-2.5675,0.0449,1.1109,0.6496
-3.6404,-8.6987,-2.5675,0.0801,1.0794,0.6083
-3.6021,-8.3538,-2.9507,0.0801,1.0794,0.4881
-3.7937,-8.1239,-2.9890,0.0692,1.1425,0.3703
-3.9087,-8.2005,-2.6441,0.0559,1.1352,0.2720
-3.5638,-7.8940,-2.4908,0.0534,1.0745,0.1493
-3.9470,-7.7407,-3.1039,-0.0376,1.0599,0.0789
-4.4835,-8.5071,-4.2919,-0.2562,1.0223,0.1518
-4.2919,-9.7717,-3.8320,-0.5039,1.0162,0.1408
-4.0236,-10.1932,-3.7554,-0.4990,1.2445,-0.0765
-3.5638,-8.5454,-5.2116,-0.4165,1.4606,-0.0728
-3.5255,-7.7024,-5.2882,-0.5755,1.4193,0.1190
-4.1003,-8.4305,-3.9087,-0.4031,1.1971,0.3946
-2.3375,-8.6987,-4.0620,0.1445,1.1340,0.6678
-2.3759,-9.6950,-3.9853,0.2392,1.1207,0.5949
-3.2189,-10.1549,-4.2536,-0.1020,0.9410,0.2999
-3.4488,-10.6914,-4.5984,-0.2950,0.8329,0.0413
-2.7591,-10.3465,-4.2919,-0.2695,0.8062,-0.0862
-2.2609,-9.8483,-4.0236,-0.0680,0.7455,-0.0947
-1.6095,-9.2735,-3.8320,0.1554,0.6569,-0.0874
-1.4179,-8.6604,-3.6404,0.3023,0.6107,-0.0291
-1.4945,-8.1622,-3.7937,0.2659,0.5828,-0.0109
-1.3412,-8.3155,-4.0236,0.0073,0.6289,0.0279

