-.-.-
-0.4598,-7.0509,-6.1696,0.4577,0.0716,-0.0109
-0.4215,-7.1276,-6.0546,0.4334,0.0413,-0.0194
-0.5365,-7.2809,-5.7480,0.4213,0.0352,-0.0206
-0.4215,-7.3575,-5.8247,0.4092,0.0376,-0.0364
-0.4598,-7.3958,-5.5948,0.3958,0.0486,-0.0425
-0.4215,-7.4341,-5.7480,0.3995,0.0401,-0.0486
-0.4598,-7.4725,-5.7097,0.3885,0.0486,-0.0522
-0.2299,-7.5108,-5.4415,0.3910,0.0352,-0.0559
-0.4215,-7.5874,-5.5181,0.3812,0.0437,-0.0498
-0.3832,-7.5491,-5.3648,0.3703,0.0474,-0.0522
-0.4598,-7.5108,-5.3648,0.3703,0.0449,-0.0522
-0.3832,-7.4341,-5.3265,0.3764,0.0425,-0.0571
-0.2299,-7.6641,-5.3648,0.3655,0.0595,-0.0546
-0.1916,-7.5874,-5.3265,0.3509,0.0607,-0.0583
-0.3449,-7.7407,-5.1732,0.3424,0.0559,-0.0546
-0.1916,-7.9323,-5.0583,0.3642,0.0449,-0.0425
-0.2299,-8.0856,-5.1349,0.3740,0.0401,-0.0352
-0.3449,-8.0856,-5.1732,0.3715,0.0328,-0.0328
-0.4598,-7.7790,-4.9050,0.3703,0.0389,-0.0304
-0.2299,-7.8173,-5.0583,0.3703,0.0449,-0.0231
-0.1916,-7.8557,-4.7900,0.3412,0.0474,-0.0243
-0.1150,-8.0473,-4.7900,0.3351,0.0316,-0.0219
-0.1916,-7.9706,-4.8284,0.3400,0.0170,-0.0219
-0.2299,-8.0856,-4.7900,0.3315,-0.0012,-0.0219
-0.3066,-7.9706,-4.9433,0.3363,-0.0097,-0.0328
-0.1916,-8.2772,-4.7134,0.3375,-0.0036,-0.0376
-0.2682,-8.4688,-4.7134,0.3715,0.0012,-0.0401
-0.1533,-8.3155,-4.6368,0.3606,0.0036,-0.0364
0.0000,-8.3155,-4.6751,0.3497,0.0279,-0.0413
0.0383,-8.2389,-4.7134,0.3485,0.0449,-0.0413
0.0000,-8.2005,-4.6751,0.3339,0.0595,-0.0291
-0.1533,-8.2005,-4.5984,0.3302,0.0631,-0.0255
-0.2299,-8.2389,-4.4452,0.3132,0.0656,-0.0291
-0.3066,-8.2005,-4.4452,0.3169,0.0607,-0.0340
-0.1533,-8.3538,-4.3302,0.3205,0.0522,-0.0401
-0.1150,-8.4305,-4.1386,0.3302,0.0401,-0.0425
-0.3066,-8.4305,-4.2152,0.3145,0.0158,-0.0413
-0.0383,-8.6987,-4.2536,0.2975,0.0097,-0.0413
-0.0766,-8.5838,-4.2152,0.3047,0.0036,-0.0376
-0.0766,-8.5454,-4.1003,0.2938,-0.0036,-0.0474
-0.1916,-8.5454,-4.0236,0.2865,-0.0170,-0.0486
-0.1533,-8.5838,-4.1003,0.2853,-0.0328,-0.0486
-0.0766,-8.6221,-3.9853,0.2708,-0.0376,-0.0474
-0.0383,-8.5071,-3.9087,0.2732,-0.0413,-0.0474
0.0000,-8.5838,-4.0236,0.2574,-0.0401,-0.0486
-0.0383,-8.5838,-4.0620,0.2355,-0.0328,-0.0449
0.0000,-8.6604,-3.8704,0.2295,-0.0231,-0.0425
-0.0383,-8.7370,-3.9470,0.2161,-0.0134,-0.0364
-0.1150,-8.7370,-3.8320,0.2052,-0.0024,-0.0304
0.0000,-8.6987,-3.7937,0.2052,0.0049,-0.0243
0.0000,-8.6221,-3.7937,0.2003,0.0097,-0.0182
0.0000,-8.6987,-3.7937,0.1858,0.0194,-0.0219
-0.0766,-8.5838,-3.6787,0.1773,0.0291,-0.0182
-0.0766,-8.6987,-3.6787,0.1761,0.0352,-0.0134
0.0383,-8.8520,-3.8320,0.1773,0.0401,-0.0146
0.0000,-8.6987,-3.6021,0.1651,0.0389,-0.0194
-0.0766,-8.6604,-3.8320,0.1712,0.0352,-0.0206
-0.0766,-8.6221,-3.6787,0.1578,0.0437,-0.0206
0.0000,-8.8903,-3.6404,0.1421,0.0413,-0.0231
0.0000,-8.8520,-3.6787,0.1372,0.0413,-0.0267
-0.1150,-8.7370,-3.6021,0.1360,0.0486,-0.0304
-0.0383,-8.6604,-3.7937,0.1214,0.0486,-0.0304
-0.1150,-8.6987,-3.7171,0.0996,0.0401,-0.0316
-0.0766,-8.6987,-3.6021,0.0886,0.0389,-0.0291
0.0000,-8.7754,-3.4871,0.0886,0.0389,-0.0267
-0.1150,-8.8137,-3.6787,0.0898,0.0449,-0.0243
-0.1533,-8.8520,-3.4488,0.1020,0.0522,-0.0206
-0.0383,-8.8903,-3.5255,0.1166,0.0559,-0.0182
-0.1533,-8.6604,-3.4871,0.1178,0.0595,-0.0182
-0.1150,-8.7370,-3.4871,0.1068,0.0559,-0.0182
-0.0766,-8.8137,-3.4871,0.0935,0.0583,-0.0170
0.0000,-8.8903,-3.4871,0.0862,0.0583,-0.0134
0.0383,-8.7370,-3.6404,0.1044,0.0559,-0.0134
-0.0383,-8.8137,-3.3339,0.1178,0.0643,-0.0134
-0.0766,-8.8903,-3.4871,0.1275,0.0704,-0.0146
-0.0766,-8.7370,-3.6021,0.1129,0.0753,-0.0134
-0.0766,-8.7370,-3.5255,0.0898,0.0716,-0.0073
-0.0766,-8.6604,-3.6404,0.0813,0.0631,-0.0073
-0.0383,-8.6987,-3.6787,0.0741,0.0643,-0.0109
-0.2299,-8.7370,-3.5255,0.0728,0.0631,-0.0085
-0.0383,-9.0053,-3.6787,0.0656,0.0546,-0.0109
-0.0766,-8.8520,-3.2955,0.0668,0.0559,-0.0109
0.0000,-8.8137,-3.3339,0.0631,0.0522,-0.0073
-0.0383,-8.8520,-3.2955,0.0583,0.0425,-0.0024
0.0000,-8.8903,-3.3722,0.0583,0.0401,-0.0049
-0.1150,-8.8903,-3.5255,0.0595,0.0389,-0.0085
-0.1533,-8.6604,-3.5638,0.0583,0.0328,-0.0085
0.0000,-8.8903,-3.4105,0.0583,0.0291,-0.0109
0.0000,-9.0053,-3.4488,0.0583,0.0219,-0.0109
-0.0766,-8.8903,-3.2189,0.0643,0.0134,-0.0134
-0.0383,-8.8137,-3.4488,0.0716,0.0085,-0.0109
0.0000,-9.0053,-3.4105,0.0571,0.0097,-0.0073
0.0000,-8.9286,-3.3339,0.0692,0.0085,-0.0049
0.0000,-8.8520,-3.3339,0.0789,0.0146,-0.0073
-0.0383,-8.9286,-3.3722,0.0789,0.0158,-0.0061
0.0766,-8.8520,-3.2955,0.0741,0.0121,-0.0036
0.0383,-8.8903,-3.2189,0.0631,0.0134,-0.0024
-0.1150,-9.0819,-3.5638,0.0704,0.0146,-0.0024
0.0000,-8.8520,-3.2955,0.0753,0.0158,-0.0036
-0.1533,-8.8903,-3.5255,0.0838,0.0170,-0.0036
-0.0766,-8.9286,-3.3722,0.0789,0.0121,-0.0073
0.0000,-8.8903,-3.3339,0.0753,0.0073,-0.0085
0.0383,-8.8520,-3.2572,0.0765,0.0036,-0.0097
0.0000,-8.8137,-3.4105,0.0753,0.0012,-0.0073
0.0000,-8.8903,-3.5255,0.0692,-0.0061,-0.0085
0.0383,-8.8903,-3.3722,0.0704,-0.0061,-0.0085
0.0000,-8.9286,-3.4871,0.0765,-0.0036,-0.0097
0.0383,-8.9670,-3.3722,0.0813,-0.0036,-0.0121
0.0000,-8.8520,-3.2955,0.0716,-0.0024,-0.0134
-0.0383,-8.7754,-3.3339,0.0656,-0.0024,-0.0121
0.0000,-8.8903,-3.4871,0.0656,-0.0012,-0.0134
0.0000,-8.8520,-3.3722,0.0777,-0.0024,-0.0121
0.0000,-9.0053,-3.2955,0.0874,-0.0024,-0.0109
-0.0766,-8.8520,-3.4105,0.0886,0.0024,-0.0097
-0.0766,-8.8903,-3.3722,0.0777,0.0085,-0.0121
0.0000,-8.8903,-3.3339,0.0619,0.0121,-0.0109
0.3832,-8.9286,-3.4105,0.0559,0.0134,-0.0097
-0.0383,-8.9286,-3.4105,0.0607,0.0134,-0.0085
-0.0383,-9.0053,-3.2189,0.0692,0.0121,-0.0121
0.0000,-8.9286,-3.4105,0.0643,0.0134,-0.0158
0.0000,-8.9286,-3.4105,0.0619,0.0170,-0.0146
0.0383,-8.8520,-3.4105,0.0619,0.0206,-0.0121
0.0000,-8.8520,-3.3722,0.0474,0.0219,-0.0121
0.0000,-8.8903,-3.4105,0.0449,0.0182,-0.0134
0.0000,-8.9286,-3.3722,0.0583,0.0219,-0.0134
0.0000,-8.9286,-3.4871,0.0546,0.0304,-0.0146
0.0383,-9.0436,-3.3339,0.0631,0.0316,-0.0121
-0.1533,-8.8520,-3.3722,0.0765,0.0352,-0.0109

