-.-.-
1.8777,-13.9103,1.2263,-0.2938,-0.4019,-0.2040
2.4142,-11.1512,0.5748,0.0461,-0.3691,-0.1615
1.9543,-9.3502,1.4179,0.0012,-0.4043,-0.3315
1.1113,-9.0053,1.1879,-0.3278,-0.4152,-0.4893
1.3412,-8.3155,1.6861,-0.4553,-0.4772,-0.3812
2.5675,-7.2425,0.4598,0.5658,-0.3812,-0.1785
2.5675,-4.9050,-1.3412,1.4558,-0.0401,-0.0267
1.3412,-2.5291,-2.4525,1.5590,0.0522,0.0643
0.8430,-2.1076,-3.3722,1.3125,-0.1858,0.1153
0.9580,-4.7900,-2.0693,1.2069,-0.3800,0.0291
0.5365,-5.3648,-6.6294,0.7091,-0.4662,-0.4128
-1.3029,-14.7533,-6.2462,-1.7605,0.3509,-1.2627
-0.7281,-17.2441,-4.0620,-4.1742,0.9883,-2.0519
1.5711,-20.5780,-1.8394,-1.7836,1.0672,-1.4096
1.7627,-17.0909,0.8047,1.3550,0.2064,-0.0437
0.6898,-10.5381,-0.1150,2.4599,-0.1918,0.8620
0.3832,-6.2462,-1.3029,0.9883,-0.4723,1.1595
0.4598,-8.1622,-1.4179,-1.0927,-0.0109,0.8305
0.1916,-12.4924,0.4215,-2.3797,0.6629,0.2829
0.2299,-14.7150,1.9160,-1.8819,0.6204,0.1676
0.0000,-13.9103,1.8011,-0.4674,0.2550,0.5197
-0.5748,-11.7260,1.4945,0.4905,0.2477,0.9045
-0.2682,-9.3885,1.9160,0.4031,0.3460,0.9215
0.0000,-8.2772,1.8777,0.0304,0.1882,0.5682
-0.0383,-7.0893,0.7664,0.6532,-0.1943,0.2270
-1.5328,-3.8320,-1.7627,1.8868,-0.6301,-0.0947
-1.3795,0.0383,-4.1769,2.0058,-0.7516,-0.3011
0.6514,-0.7281,-5.9396,0.5512,-0.1445,-0.3460
0.1916,-5.8630,-4.5601,-1.2833,1.0102,-0.5172
1.6478,-11.2662,-7.5108,-1.7532,1.0587,-0.2538
5.2882,-24.4100,-8.2389,-3.4202,-0.7588,1.4072
2.3759,-19.8882,-0.0766,0.3023,0.1845,1.4388
-0.0766,-11.8410,1.5328,3.0196,0.4334,0.4796
-1.7244,-8.2772,-1.3412,1.3781,0.0583,-0.3982
-3.0273,-8.7370,-1.8011,-1.0442,0.4334,-1.0260
-1.8777,-11.9943,-1.4945,-1.7484,0.4480,-0.9106
-0.2682,-14.2935,-0.3449,-1.2287,-0.2210,-0.4541
1.7627,-14.6384,0.6514,-0.9337,-0.7333,-0.0437
3.1039,-12.9523,1.0730,-0.3958,-0.6520,0.0219
3.3722,-10.4998,1.4562,0.2465,-0.5172,-0.2125
2.4142,-8.5454,1.5711,0.3472,-0.5549,-0.5051
0.8814,-8.3538,1.4179,-0.2477,-0.7042,-0.5500
0.0000,-7.9323,2.0693,-0.2865,-0.6204,-0.3788
0.7664,-6.4761,0.8430,0.8280,-0.3691,-0.0304
1.9927,-4.4068,-1.6095,1.6877,-0.4334,0.3825
1.6861,-2.7207,-3.9087,1.6488,-0.6423,0.5719
1.3412,-3.7937,-4.0236,1.1947,-0.6180,0.4844
1.8777,-5.4415,-5.2499,0.8038,-0.4504,0.0437
0.1916,-8.6221,-7.5874,-0.2428,-0.1882,-0.7309
1.1879,-15.0216,-4.9433,-2.1940,0.4213,-1.9208
0.7664,-18.8153,-2.1459,-2.3299,1.7787,-2.1357
2.9890,-20.1565,1.1496,-0.5451,1.2129,-0.9057
1.2646,-15.1365,0.3832,2.0021,0.4954,0.3776
-0.0383,-8.3538,-1.1496,1.9232,-0.1506,1.0891
-0.4982,-7.2425,-2.4908,0.0874,-0.3120,1.0757
-1.2646,-10.6530,-0.9197,-1.8091,0.5209,0.4687
-1.1879,-14.1785,1.4945,-2.1515,0.8305,0.1166
-0.8047,-14.3701,2.2226,-1.0466,0.3545,0.2829
-0.6131,-12.5691,1.7627,0.0364,0.0607,0.7273
0.0383,-10.5764,1.3412,0.2562,0.0352,1.0539
0.7281,-9.6184,1.1496,0.0838,0.0328,0.8766
0.6514,-7.8940,0.6514,0.6168,-0.1372,0.4565
0.0383,-4.8284,-1.1113,1.6185,-0.3740,-0.0534
-0.2682,-0.9963,-2.7207,1.9645,-0.4759,-0.4225
0.3066,1.1496,-4.6368,1.1947,-0.2623,-0.5099
0.9963,-1.8394,-5.1732,-0.1894,0.3667,-0.5682
-0.3449,-5.7097,-5.7097,-0.9191,1.2263,-0.3849
1.2263,-12.0709,-5.9013,-1.4728,1.1207,0.2489
5.1732,-21.7659,-6.4761,-2.9443,-0.2708,1.6779
2.4525,-20.6546,1.0346,-0.2501,0.2343,1.6136
0.2682,-14.7150,2.6441,2.6250,0.3023,0.3375
-1.6095,-11.2279,0.4982,1.8504,0.1518,-0.6447
-3.2572,-9.8866,-2.1843,-0.4602,0.6532,-1.2263
-1.0730,-12.9523,-0.9580,-1.5590,0.1761,-0.8973
0.3449,-15.7880,1.0730,-1.1340,-0.3946,-0.3290
2.8740,-15.4431,2.2226,-0.6216,-0.5840,0.0097
4.1769,-12.6457,2.1076,-0.1615,-0.4553,-0.0886
3.3722,-9.3502,1.6861,0.1445,-0.2987,-0.4067
1.5711,-7.3192,0.8430,-0.0389,-0.2610,-0.6690
0.0766,-7.4341,-0.0766,-0.6641,-0.3254,-0.5609
-0.1533,-7.0509,0.0383,-0.4031,-0.3715,-0.2319
0.8814,-5.6331,-0.9197,0.8584,-0.3351,0.1542
1.9543,-3.2955,-2.0310,1.6524,-0.1651,0.3497
1.6861,-1.3029,-2.7974,1.5347,-0.3181,0.3315
1.7627,-2.7974,-3.4105,0.8803,-0.5464,0.1979
1.7244,-6.4378,-2.4142,0.7601,-0.4480,-0.1833
-0.9197,-7.7790,-7.8173,-0.5597,0.0704,-0.9956
-2.0693,-19.0835,-5.1732,-3.3814,0.7625,-2.0859
0.2682,-21.7659,-3.1806,-2.8168,1.0514,-1.9390
2.5675,-20.9612,2.2992,0.7989,0.4674,-0.6860
1.9160,-12.4924,0.8047,3.5696,0.0656,0.3958
0.7281,-4.9433,-0.4982,2.4416,-0.5791,1.2178
0.3832,-5.4032,-0.8814,-0.4674,-0.9288,1.3404
-0.3832,-11.1129,0.1150,-2.7622,-0.4262,0.8511
0.1150,-14.4468,1.4562,-2.7440,0.1445,0.3752
-0.0383,-13.2588,1.7627,-0.9349,0.1384,0.5063
-0.8814,-10.7297,0.3066,0.4092,-0.1372,0.9592
-0.5748,-9.5418,0.1150,-0.0716,-0.3072,1.2202
0.0766,-10.2698,0.7664,-0.7528,-0.4092,0.9713
0.6131,-9.5034,-0.2299,0.3169,-0.2756,0.4201
0.4598,-5.5948,-2.1076,1.8467,0.0340,-0.1858
0.3832,-0.4215,-3.0273,2.2595,0.0279,-0.5961
1.3412,1.6861,-2.5291,1.1231,-0.0061,-0.6083
1.6478,-1.6095,-1.3795,-0.3691,0.2343,-0.5014
-0.5748,-5.0200,-1.9927,-0.5670,0.5682,-0.3047
1.4179,-9.2352,-6.2845,-1.3975,0.5731,0.2987
1.0346,-21.8809,-9.0436,-3.2745,0.2003,1.2688
0.6514,-23.2221,-2.6058,-2.7027,0.5476,1.3465
-0.5748,-21.6127,2.4525,1.0175,0.4723,0.1748
-0.8814,-16.7460,0.9197,2.3142,-0.0850,-0.6374
-2.1459,-9.8100,-0.9580,2.0470,0.2489,-0.9385
-0.7281,-8.1622,-1.1496,0.0012,-0.0231,-0.7977
1.4179,-11.8410,0.7281,-1.8006,-0.3946,-0.4541
2.7591,-13.8336,2.1459,-1.9851,-0.2028,-0.2829
3.4488,-12.5307,1.8394,-0.7734,-0.1651,-0.3691
2.6441,-9.4651,1.1113,0.4699,-0.2695,-0.5427
0.3832,-7.1659,0.4598,0.3424,-0.4990,-0.6156
-1.3029,-7.1659,0.0383,-0.3290,-0.4759,-0.3873
-0.8047,-6.6677,-0.3832,0.2015,-0.1930,-0.0206
0.1916,-3.9087,-1.8011,1.3671,0.0352,0.2404
1.2646,-1.1879,-3.5255,1.6707,-0.0024,0.3861
1.7244,-2.1459,-5.0200,0.8669,-0.4007,0.4553
4.1769,-6.0929,-4.5601,0.3339,-0.7091,0.2198
1.9160,-7.7790,-7.8173,-0.0546,-0.5755,-0.4893
1.8777,-16.7077,-4.9816,-2.0446,-0.0340,-1.7860
-0.7664,-20.4247,-1.4945,-2.8144,0.9689,-2.1636
2.2226,-19.8116,1.3412,-0.2926,0.7115,-0.9944
2.0693,-15.3281,0.5748,1.9414,-0.0595,0.4796

