-.-.-
0.9197,-9.7334,-0.9963,-0.0425,0.1469,0.0097
0.2299,-9.7334,-0.5748,0.0024,0.1348,-0.0036
-0.3832,-9.6184,-0.2682,0.0449,0.0692,-0.0340
-0.3066,-9.4268,0.0766,-0.0024,-0.0461,-0.0704
0.0766,-9.0819,0.1533,-0.0085,-0.1348,-0.0571
0.5365,-9.2352,0.0000,0.0061,-0.2173,-0.0206
0.6131,-9.1969,0.4215,0.0304,-0.3242,0.0061
0.8047,-9.3118,0.3449,0.0194,-0.3873,0.0255
0.9580,-9.6184,0.5748,-0.0267,-0.4444,0.0182
1.0346,-9.7334,0.4982,-0.0619,-0.4213,0.0401
1.0346,-9.9633,0.7664,-0.0607,-0.3970,0.0474
1.1496,-9.9633,0.9963,-0.0340,-0.3849,0.0279
0.8047,-9.5801,0.8814,-0.0352,-0.3776,-0.0061
0.6898,-9.8100,1.0730,-0.1214,-0.3861,0.0000
0.5748,-10.0016,1.3029,-0.1311,-0.4067,0.0049
0.4215,-9.8100,1.2646,-0.0813,-0.4407,0.0000
0.3832,-9.3885,1.2263,-0.0838,-0.4917,-0.0134
0.7281,-9.0436,1.2646,-0.0996,-0.5354,-0.0206
0.7664,-8.7370,1.1496,-0.1081,-0.5828,-0.0012
0.7281,-8.6987,1.0346,-0.1530,-0.6192,0.0231
0.8430,-8.7754,1.3029,-0.1821,-0.6350,0.0546
0.6131,-8.3921,1.4179,-0.1578,-0.6836,0.1105
0.5748,-8.5838,1.4179,-0.1688,-0.7479,0.1833
0.9197,-8.6604,1.6095,-0.1676,-0.7868,0.2416
0.9963,-8.7370,1.4179,-0.1809,-0.8208,0.2829
1.0346,-8.9670,1.2646,-0.1967,-0.8365,0.3120
1.2263,-9.3118,1.4945,-0.2161,-0.8280,0.3047
1.3029,-9.6184,1.4562,-0.1554,-0.8086,0.2671
1.4945,-9.6950,1.6478,-0.0474,-0.7795,0.2307
1.6095,-9.4268,2.0310,0.0886,-0.7406,0.2052
1.3412,-8.8903,2.3375,0.1785,-0.7212,0.2100
1.4179,-8.4305,2.9507,0.1615,-0.7467,0.2416
1.4945,-8.4305,3.1039,0.0607,-0.8062,0.2817
1.8011,-9.3502,2.7974,-0.0838,-0.8025,0.2501
1.9927,-10.3848,1.8777,-0.2076,-0.6702,0.1457
1.6478,-10.3848,1.9160,-0.2210,-0.4237,0.0352
1.3029,-10.3082,1.3029,-0.1627,-0.1979,-0.0777
1.5711,-10.2698,0.6514,-0.2185,-0.0121,-0.1906
1.4945,-10.2315,0.2299,-0.2125,0.1882,-0.2659
1.4945,-9.8866,-0.0383,-0.1518,0.3606,-0.2598
1.1496,-9.3885,-0.6131,-0.1943,0.2793,-0.2525
0.6898,-8.5838,-0.8430,-0.2610,0.1105,-0.2513
-0.0766,-7.9323,-1.3029,-0.3193,0.0121,-0.2635
-0.7664,-7.8173,-1.7244,-0.3825,-0.0668,-0.2768
-0.6898,-8.2389,-1.7244,-0.4067,-0.0534,-0.2756
0.0000,-8.8137,-1.6095,-0.3655,0.0923,-0.3424
0.7664,-9.5034,-0.9963,-0.3181,0.2574,-0.4140
1.1496,-9.6567,-0.7664,-0.1615,0.3533,-0.4723
1.4562,-9.9633,-0.6131,-0.0886,0.3982,-0.5184
1.5711,-10.6530,0.0383,-0.0862,0.3703,-0.4832
1.4945,-10.8063,0.0000,0.0364,0.3533,-0.4007
0.9963,-9.3118,0.2682,0.0668,0.3715,-0.3023
0.8047,-8.7370,0.1916,-0.1093,0.3047,-0.2052
1.2263,-8.9286,-0.1150,-0.3837,0.2234,-0.1214
1.7244,-9.5034,-0.3832,-0.4917,0.2829,-0.0206
1.8394,-9.8483,-0.1533,-0.4104,0.5512,0.0680
2.0310,-9.5801,-0.4598,-0.2380,0.7892,0.1348
2.1076,-9.2352,-0.8430,-0.1421,0.9118,0.1190
2.0310,-9.0819,-0.4598,-0.1287,1.0029,0.0983
1.6095,-8.9670,0.0383,-0.1190,1.0612,0.0850
1.3412,-8.8137,0.2682,-0.1930,1.1134,0.0607
1.0346,-8.8903,0.3832,-0.3375,1.1462,0.0449
0.7281,-9.0436,0.4215,-0.3679,1.1061,0.0279
0.4215,-9.0053,0.4598,-0.2890,1.0102,0.0255
0.2682,-9.2735,0.7281,-0.2295,0.8803,0.0036
-0.2299,-9.3118,0.8430,-0.1299,0.7528,-0.0291
0.0383,-9.3118,1.1113,-0.0352,0.6314,-0.0559
0.2682,-9.3118,1.2646,0.0813,0.5330,-0.0498
0.9580,-9.2735,1.3029,0.1603,0.4395,-0.0364
1.1496,-9.1202,1.6095,0.2003,0.4080,-0.0316
1.1496,-9.4268,1.8394,0.2865,0.3545,-0.0607
0.9197,-9.1202,2.0693,0.2768,0.3315,-0.0534
0.8047,-9.3118,2.4525,0.1445,0.2793,-0.0049
0.8430,-9.3885,2.2992,0.1578,0.1979,0.0534
0.7664,-9.3885,2.2609,0.1967,0.1323,0.0498
0.7664,-9.5418,2.3375,0.2076,0.1493,0.0510
0.7281,-9.8100,1.9543,0.1372,0.1615,0.0996
0.3066,-10.1166,1.2263,-0.0631,0.0631,0.2088
0.0000,-10.7297,0.7281,-0.2489,-0.1542,0.3327
0.0766,-10.9979,0.6514,-0.1833,-0.3691,0.4529
0.5365,-10.5764,0.6898,-0.0146,-0.4917,0.4735
1.3795,-9.6950,0.4598,0.1748,-0.4929,0.3812
1.7627,-9.0436,-0.3066,0.1712,-0.3108,0.2453
1.4562,-8.8520,-0.8430,-0.0121,-0.0789,0.1724
1.0346,-8.7754,-1.0730,-0.0947,0.0340,0.1676
0.6898,-8.5071,-1.3795,-0.1081,0.0534,0.1712
0.6514,-8.3538,-1.4945,-0.0983,0.0923,0.2258
0.4215,-8.6221,-1.7244,-0.0364,0.0996,0.2550
1.2263,-8.6221,-1.6095,-0.0097,0.0425,0.2647
1.4179,-9.1969,-1.0346,0.0206,0.0789,0.2768
1.2646,-9.8866,-0.4598,0.0522,0.1238,0.2780
0.7281,-9.6950,0.0766,0.2489,0.1445,0.2926
0.6898,-9.6950,0.4598,0.3825,0.1821,0.2647
0.5748,-9.7334,0.9580,0.4104,0.2902,0.1821
0.7281,-9.6950,0.9963,0.3752,0.4796,0.0801
0.6131,-9.6567,1.0346,0.3545,0.6010,-0.0085
0.1916,-9.6567,1.2263,0.2987,0.6144,-0.1068
-0.2682,-9.4651,1.5328,0.1445,0.6520,-0.1773
-0.3832,-9.2352,1.6095,0.0255,0.6787,-0.2793
-0.1533,-9.5418,1.4562,-0.1251,0.6569,-0.3679
0.3066,-9.5418,1.4562,-0.3302,0.6751,-0.4577
0.9963,-9.5418,0.9580,-0.5282,0.6399,-0.5257
1.1879,-9.4651,0.6514,-0.4905,0.5731,-0.5415
0.6131,-9.1586,0.6131,-0.3412,0.6046,-0.5014
0.0383,-8.8520,1.1113,-0.2805,0.5500,-0.4796
0.3066,-8.4688,1.0346,-0.3072,0.4759,-0.4747
0.6131,-8.0089,1.1113,-0.4517,0.4177,-0.4347
0.6898,-8.2772,1.0346,-0.4942,0.3703,-0.3667
0.7281,-8.4688,1.1879,-0.4371,0.3205,-0.3023
0.3066,-8.8520,1.0730,-0.3169,0.2865,-0.2368
0.4982,-9.6184,1.5328,-0.2185,0.2198,-0.1639
1.3795,-9.7334,1.1113,-0.0206,0.1785,-0.1493
1.8011,-9.3885,1.1113,0.0170,0.1117,-0.1979
1.4179,-9.4268,1.9543,0.0498,0.0571,-0.1712
0.9197,-9.4268,2.4525,0.1651,0.0449,-0.1129
0.9197,-9.8483,1.6095,0.1336,0.0194,-0.1032
1.3795,-10.7297,0.6898,-0.0692,-0.0486,-0.2015
1.9160,-11.1512,1.6478,-0.1797,0.1591,-0.3606
1.3795,-10.8063,1.9927,0.0206,0.3570,-0.4699
0.6514,-9.8483,1.3412,0.1991,0.3169,-0.4347
0.5748,-9.3885,0.8430,0.1105,0.1578,-0.3363
0.9197,-9.4268,0.5365,0.0194,-0.0049,-0.3023
0.8814,-9.3885,0.2682,0.0219,-0.1712,-0.3339
1.0730,-9.0053,-0.4598,-0.0316,-0.2708,-0.3254
1.3029,-8.4305,-1.2646,-0.2015,-0.3582,-0.2562
1.1879,-8.3538,-1.9927,-0.2720,-0.4602,-0.1676
1.1496,-8.3921,-2.1076,-0.2234,-0.4954,-0.0983
0.8430,-8.3921,-1.8394,-0.1882,-0.5415,-0.0741

