-.-.-
5.0966,-5.7480,17.9339,0.3363,0.5354,0.0510
2.1843,-2.6058,9.4268,0.0898,0.2975,-0.2185
-2.5291,0.8047,5.0583,-1.0733,0.8450,-0.1979
-1.1879,-2.2992,11.2279,-1.8674,-0.1882,-0.3448
2.7974,-5.3265,7.7407,-0.6265,-1.1219,-0.5864
3.6787,-3.4871,7.8173,0.3606,-0.5949,-0.6520
3.7937,-2.8740,9.5418,0.0692,-0.5804,-0.5427
2.3759,-2.0693,8.0089,-0.0316,-0.5840,-0.3825
1.1113,-2.9890,8.3538,-0.1287,-0.4808,-0.2805
0.8814,-3.7937,8.3538,-0.0789,-0.6374,-0.2732
2.2226,-4.1003,8.3155,-0.0109,-0.8378,-0.3363
3.1806,-3.9087,8.8137,-0.0352,-0.8062,-0.3157
2.7591,-3.6404,8.3538,-0.1263,-0.6350,-0.2137
2.6441,-3.0656,7.5874,-0.0170,-0.5998,-0.0728
3.4871,-2.4142,7.7407,0.0498,-0.5148,0.0255
4.4452,-2.5291,8.0473,0.0024,-0.3011,0.1202
4.9050,-3.1806,8.0473,0.0425,-0.1845,0.1858
4.7900,-3.2189,8.2005,0.1117,-0.1202,0.1712
4.3685,-2.7591,8.1239,0.1044,-0.1081,0.1068
4.7134,-2.2992,7.9323,0.1166,-0.2015,0.0741
4.7134,-2.2226,8.2005,0.1008,-0.2890,0.0340
4.7134,-2.5291,7.8557,0.0923,-0.3047,-0.0206
4.9050,-2.5291,8.0473,0.0850,-0.3169,-0.0765
5.0583,-2.7591,8.0473,0.0983,-0.2950,-0.1129
4.1769,-1.9160,8.1622,0.1081,-0.2914,-0.1396
5.2882,-2.6058,10.3082,0.0291,-0.3035,-0.0935
5.0200,-1.7627,8.3921,-0.0376,-0.4019,-0.1408
3.9470,-2.4142,7.8173,-0.0741,-0.2513,-0.0813
3.3722,-2.6824,7.2809,0.0267,-0.2149,-0.0935
3.1423,-2.3375,7.7790,0.1457,-0.1882,-0.1882
3.1806,-2.2226,8.4688,0.1129,-0.4249,-0.2550
3.2189,-2.6441,8.9670,0.0559,-0.4808,-0.2343
3.0656,-2.8357,8.3155,0.0134,-0.5937,-0.2113
3.1806,-2.7207,8.2389,0.0316,-0.6350,-0.2453
3.5255,-2.5291,7.9323,0.0765,-0.7200,-0.3035
3.8320,-2.7207,8.0856,0.0789,-0.7613,-0.3072
4.3685,-2.6441,7.9323,0.0546,-0.8924,-0.3011
4.4835,-2.5675,7.5108,0.0741,-1.0247,-0.2999
4.8667,-2.3759,7.2425,0.0898,-1.1389,-0.3485
4.9816,-2.1459,7.1276,0.0983,-1.2178,-0.4177
5.5948,-1.9927,6.9743,0.0765,-1.3683,-0.5014
6.0546,-1.9927,6.6677,0.0534,-1.4885,-0.5451
6.3229,-2.0310,6.4378,0.0146,-1.5638,-0.5828
6.4761,-2.2609,6.5528,0.0109,-1.6609,-0.6386
6.6294,-2.2609,6.0163,0.0279,-1.7641,-0.6751
7.0126,-1.9927,5.3265,0.0850,-1.7192,-0.6399
7.4725,-1.8011,4.4068,0.1894,-1.8953,-0.5743
8.0089,-1.5328,4.1386,0.3181,-2.0786,-0.4796
8.3155,-0.9963,4.1386,0.3278,-1.9936,-0.3800
9.2352,-0.9197,4.1769,0.2647,-1.7265,-0.2501
10.0016,-1.0346,4.5601,0.1967,-1.5055,-0.1384
9.6184,-1.2646,4.4068,0.2368,-1.4643,-0.1081
9.5801,-1.3795,3.7554,0.2865,-1.5796,-0.1238
9.4651,-1.4562,3.4105,0.3436,-1.6367,-0.1032
9.4268,-1.4562,3.1039,0.4298,-1.6452,-0.0304
9.5034,-1.2263,3.5255,0.3655,-1.6512,0.0389
10.3848,-1.7244,3.6021,0.2635,-1.9013,0.0680
11.1129,-1.6095,2.4525,0.3327,-1.7933,0.1542
10.7297,-1.3412,1.2646,0.3812,-1.7387,0.2805
9.1586,0.0000,-1.2646,0.7042,-1.7326,0.3011
7.5491,0.9580,-1.4562,0.6617,-1.3501,0.1967
7.5108,1.3029,-0.4982,0.3703,-0.8633,0.1336
8.3538,0.4215,-0.3832,0.1117,-0.7673,0.0474
9.6567,-0.8814,0.0000,-0.0474,-0.6423,0.0291
9.8866,-0.9197,0.1150,0.0316,-0.4334,-0.0146
9.1969,0.0000,0.2682,-0.0340,-0.3096,-0.0559
9.1969,-0.3066,0.3449,-0.2525,-0.4019,-0.1554
9.4268,-0.6131,-0.2682,-0.1821,-0.3145,-0.2975
9.6567,-1.1496,-0.3066,-0.1676,-0.1821,-0.4031
10.4614,-1.8394,0.2682,-0.2076,-0.0838,-0.4262
9.9250,-2.1459,0.2299,-0.1299,-0.1311,-0.4152
9.2735,-1.8394,-0.2299,0.0219,-0.3424,-0.4359
9.3118,-0.8814,-0.4215,0.0741,-0.4395,-0.4978
10.1549,-1.0346,-0.6131,-0.0389,-0.4237,-0.5524
10.3848,-1.3795,-0.4215,-0.1166,-0.2647,-0.5099
10.1549,-1.4179,-0.1533,-0.0813,-0.1591,-0.4638
9.4268,-1.1496,-0.6131,-0.0571,-0.2732,-0.5124
9.1586,-0.4215,-0.6898,0.0085,-0.4687,-0.6034
9.8100,0.4982,-1.1496,-0.0340,-0.6059,-0.6641
11.3811,1.1113,-0.9580,-0.2744,-0.7843,-0.7989
12.1475,1.3795,-0.3449,-0.4869,-0.8620,-1.0344
11.1512,0.6898,0.5365,-0.3715,-1.0017,-1.1619
10.3082,0.9197,-0.9580,-0.0304,-1.3526,-1.1571
9.8483,1.6861,-2.9123,0.2198,-1.3453,-1.0478
9.6184,2.4908,-3.2572,0.0801,-0.9992,-0.8560
9.7717,2.1459,-3.0656,-0.2659,-0.6204,-0.6653
9.5418,1.2646,-2.6441,-0.3740,-0.3764,-0.4759
8.6604,1.1879,-2.4525,-0.2635,-0.0546,-0.2501
7.8173,0.9580,-2.1843,-0.1603,0.1591,-0.0389
7.5491,0.8047,-1.9160,-0.1821,0.3072,0.1226
7.6641,0.5365,-1.4562,-0.1506,0.4371,0.2635
7.9323,0.6131,-1.2263,-0.0947,0.6241,0.4334
8.5454,0.0000,-1.4945,-0.1639,0.7989,0.7406
13.0289,-0.4982,-1.1879,-0.1736,1.0818,1.0126
16.4394,1.7627,-2.4525,0.0886,2.0774,0.6435
12.9906,4.1386,-3.8704,0.1481,2.1466,-0.0073
8.4305,1.8394,1.0730,-0.1421,1.0636,0.0728
8.6221,-1.2646,2.4142,-0.0049,0.1360,0.1967
8.0473,-1.1879,0.9963,0.4152,0.1712,0.2477
9.1969,0.2299,-0.2682,0.4383,0.3509,0.1979
11.0363,1.0346,-0.6131,0.2562,0.7139,0.1469
10.1932,1.0346,-0.6131,0.1093,0.9567,0.1578
9.9250,0.7281,0.0766,0.2222,0.8256,0.2295
9.5034,0.3066,0.8814,0.3691,0.5536,0.2428
9.9250,0.6898,1.2263,0.3582,0.3509,0.1603
9.5801,0.3449,0.4598,0.2440,0.1724,0.0498
9.8100,0.3449,0.3449,0.1615,0.0983,0.0000
9.8100,0.2299,0.4982,0.1882,0.1396,-0.0036
9.7717,0.3066,0.1916,0.2926,0.2343,0.0121
9.8483,0.5365,0.1916,0.3934,0.3060,0.0522
9.9250,1.1496,0.0766,0.3861,0.3217,0.0886
9.8483,1.1496,0.1150,0.2331,0.3193,0.0959
9.8100,0.8814,0.4982,0.0826,0.2878,0.0862
9.5418,0.5748,0.6514,-0.0134,0.2489,0.0753
9.7334,0.4598,0.6131,-0.0668,0.2222,0.0571
9.8100,0.3832,0.3832,-0.0692,0.2234,0.0449
9.8100,0.3449,0.4598,-0.0376,0.2355,0.0364
9.8483,0.4598,0.4598,-0.0049,0.2525,0.0437
9.8866,0.4982,0.3066,-0.0049,0.2380,0.0486
9.7717,0.4598,0.4598,-0.0838,0.1930,0.0510
9.8483,0.3832,0.5365,-0.1785,0.1591,0.0425
9.6950,0.2299,0.7664,-0.1845,0.1530,0.0376
9.6950,0.0383,0.6514,-0.1044,0.1724,0.0401
9.7717,0.0766,0.6514,-0.0255,0.1906,0.0328
9.8100,0.1533,0.7281,0.0170,0.1821,0.0219
9.8100,0.3066,0.6131,0.0182,0.1627,0.0121
9.8100,0.3066,0.6514,0.0000,0.1190,-0.0012
9.8100,0.2299,0.7281,-0.0194,0.0898,-0.0061

