-.-.-
0.3832,-8.6604,0.6514,0.3655,0.0219,0.5949
-0.6131,-7.5108,1.1113,0.1153,0.0753,0.5779
-1.0730,-7.2042,1.1113,-0.2343,0.1323,0.4772
-1.1113,-7.5108,0.9963,-0.4213,0.2173,0.3764
-0.8814,-7.7790,1.1496,-0.4298,0.3096,0.3193
-0.6131,-7.9706,1.3795,-0.4092,0.3752,0.2914
-0.1533,-8.4305,1.6861,-0.3825,0.3861,0.2246
0.6514,-8.4688,1.9543,-0.3205,0.4128,0.0680
0.8430,-8.2005,2.2226,-0.2392,0.4517,-0.2028
0.4598,-8.1239,2.0310,-0.2392,0.4759,-0.4723
-0.0766,-8.6221,1.6478,-0.3035,0.3982,-0.6168
-0.6131,-9.1202,0.8814,-0.3958,0.1578,-0.5415
-1.1879,-9.6950,1.6478,-0.4019,0.1408,-0.3424
-0.7281,-10.6147,2.0693,-0.1845,0.1518,-0.1068
-0.4598,-10.5381,2.4525,0.2028,0.1469,0.1081
0.5365,-9.8100,2.8357,0.4152,0.3011,0.1700
1.1113,-8.6987,3.6787,0.3485,0.4614,0.0534
1.6478,-8.4688,4.1769,0.2283,0.5306,-0.1384
0.8814,-9.5801,3.3722,0.1141,0.4772,-0.2088
-0.0383,-11.7643,1.8394,0.0753,0.3800,-0.1542
-1.7244,-13.2205,0.4598,0.1008,0.3169,0.0279
-2.1843,-14.0252,-0.3449,0.1044,0.3132,0.2817
-1.8394,-13.5654,-0.8814,0.2878,0.2477,0.4456
-0.3832,-11.8793,-2.1076,0.6763,0.3521,0.3302
0.8047,-8.6987,-2.4525,0.5949,0.5925,0.0789
1.4945,-7.2042,-1.4179,-0.0109,0.6168,-0.0425
1.5711,-8.0856,0.4215,-0.4541,0.5136,-0.1955
0.3449,-9.6567,1.1496,-0.2125,0.2295,-0.3667
-0.4215,-10.6914,0.6131,0.1700,-0.2319,-0.5112
-0.9963,-10.9979,0.1150,0.3703,-0.4080,-0.5585
-1.0346,-10.1166,0.2299,0.4298,-0.3485,-0.4444
0.1916,-9.1969,0.3449,0.3084,-0.2817,-0.3400
0.8814,-8.1622,0.7281,0.0121,-0.2489,-0.2550
1.4945,-7.4341,0.9197,-0.2222,-0.2987,-0.1943
1.4945,-6.9743,1.0346,-0.3351,-0.4080,-0.1797
1.2646,-7.0893,0.9580,-0.4857,-0.5840,-0.1554
1.2646,-7.9323,0.6131,-0.6532,-0.6411,-0.1263
1.6095,-8.7754,0.8047,-0.7176,-0.5439,-0.1238
1.8394,-9.2735,0.8047,-0.6083,-0.4480,-0.0959
1.7244,-9.2735,1.3412,-0.3922,-0.4395,0.0012
1.3029,-9.1586,1.8394,-0.1214,-0.4857,0.1700
1.0346,-9.0436,1.8394,0.0340,-0.4893,0.3387
0.6131,-8.3155,1.7627,0.0146,-0.4589,0.4589
0.7664,-8.4305,1.8394,-0.1032,-0.3885,0.4772
1.1496,-8.7754,1.6861,-0.1955,-0.2647,0.3764
1.8777,-9.1586,1.2646,-0.2198,-0.1530,0.2015
1.9927,-9.5034,1.1496,-0.2865,-0.1445,0.0352
2.2226,-10.0016,1.5328,-0.2902,-0.1178,-0.0826
1.7244,-9.9633,2.1459,-0.0643,-0.1311,-0.1481
0.3832,-9.5034,3.2955,0.0777,-0.2428,-0.1396
0.4598,-9.1969,2.7207,0.0583,-0.3752,-0.1214
0.3449,-9.6184,2.2609,-0.1724,-0.4249,-0.1384
0.9963,-10.3082,1.8011,-0.3448,-0.3788,-0.1433
1.8394,-10.7680,0.7281,-0.2635,-0.2671,-0.1421
3.0656,-11.4961,-0.4215,-0.4213,-0.1651,-0.2015
3.6787,-12.0709,-0.9197,-0.5245,-0.1372,-0.2829
2.0310,-11.9943,-0.9197,-0.3436,-0.2258,-0.3120
0.4982,-11.2662,-1.2646,0.0146,-0.3582,-0.1785
-0.6514,-9.5418,-1.6861,0.4444,-0.4031,0.0886
-1.8394,-7.9706,-1.5711,0.5099,-0.4177,0.3181
-1.3795,-7.5108,-0.6514,0.1214,-0.4080,0.4517
-0.2299,-8.5454,-0.0383,-0.2829,-0.2768,0.4274
0.8047,-9.5418,0.1916,-0.3606,-0.0898,0.3339
1.8011,-10.1166,0.3449,-0.2319,0.0716,0.2586
1.7244,-10.4614,0.3449,-0.0510,0.1603,0.2428
0.9580,-10.5381,0.1533,0.1336,0.1263,0.3448
0.3832,-9.6184,0.0000,0.2052,0.0765,0.4978
-0.3832,-8.8137,0.1916,0.0996,0.0850,0.5779
-0.6898,-8.5071,0.3832,-0.0595,0.1323,0.5585
-0.8430,-8.2772,0.4215,-0.1493,0.1918,0.4626
-0.7664,-8.5454,0.7281,-0.1530,0.2003,0.3497
-0.7664,-8.8137,0.6514,-0.1299,0.1469,0.2963
-0.8430,-8.8903,0.6514,-0.1372,0.1275,0.2793
-0.6131,-9.1202,0.8430,-0.1651,0.1676,0.2428
-0.4215,-8.5071,1.1879,-0.1214,0.2028,0.1445
-0.0766,-8.0473,1.5328,-0.0425,0.2683,-0.0267
0.3449,-7.8940,1.5711,-0.1226,0.3472,-0.2319
0.6898,-8.1622,1.2646,-0.2683,0.3849,-0.3800
0.3449,-8.6604,0.6898,-0.3472,0.3072,-0.4249
-0.0383,-9.4651,0.4982,-0.4043,0.1943,-0.3472
-0.3066,-10.2698,1.1879,-0.3363,0.2331,-0.2538
-0.0766,-11.0363,1.6478,-0.0607,0.2926,-0.1591
0.0766,-11.1895,1.9543,0.2635,0.3497,-0.0935
0.4598,-10.1549,2.3375,0.4602,0.4881,-0.0753
0.8430,-9.1586,3.1039,0.4735,0.6204,-0.1117
0.9963,-8.7370,3.1806,0.4310,0.6095,-0.1943
0.2299,-9.5418,2.7591,0.3412,0.5039,-0.2343
-0.6131,-10.3465,1.6478,0.2453,0.3897,-0.2028
-1.4562,-11.7260,0.7281,0.1930,0.3618,-0.0862
-1.7627,-12.9523,0.0766,0.0631,0.3339,0.0631
-1.1879,-13.0672,-0.4982,0.2003,0.2440,0.1797
-0.3449,-12.0709,-1.5328,0.5512,0.3740,0.1153
0.4598,-9.7717,-2.0693,0.6083,0.5233,-0.0595
1.4179,-8.1239,-1.5711,0.2865,0.5937,-0.1263
1.6095,-7.7024,-0.0766,0.0036,0.5925,-0.2064
1.1879,-8.2772,0.4598,-0.0668,0.3861,-0.2950
0.1533,-9.3118,0.8814,-0.0838,0.0437,-0.3764
-0.5748,-9.8866,0.8430,0.0522,-0.2258,-0.4104
-0.8814,-10.3848,0.7281,0.2453,-0.2805,-0.3970
-0.0766,-9.8866,0.2682,0.2938,-0.2234,-0.3740
0.6131,-9.0053,0.3066,0.2173,-0.1251,-0.3703
1.1113,-7.7790,0.7281,0.0631,-0.0656,-0.3691
1.7244,-7.1276,0.8047,-0.1202,-0.0935,-0.3412
1.6861,-7.4341,1.3412,-0.3363,-0.1323,-0.2926
1.7627,-8.2389,1.5711,-0.3764,-0.1773,-0.2416
1.7627,-8.6987,1.4179,-0.2659,-0.1773,-0.2331
1.6095,-8.8520,0.9197,-0.2319,-0.1578,-0.2392
1.6095,-9.1969,1.5711,-0.2380,-0.1336,-0.1991
1.8394,-9.0053,2.1459,-0.1797,-0.1008,-0.1044
1.8394,-8.2389,2.2609,-0.0619,-0.0668,0.0498
1.7627,-7.4725,1.9927,-0.0401,-0.0583,0.1991
1.3795,-7.4341,1.6478,-0.2513,-0.1093,0.2963
1.1496,-8.6221,1.9927,-0.4419,-0.1275,0.3132
0.9580,-9.6567,2.5291,-0.3035,-0.1032,0.2513
1.0346,-10.1166,2.3375,0.0316,-0.0437,0.1336
1.2646,-10.1166,2.1076,0.2647,0.0146,-0.0267
1.2646,-9.4651,1.7244,0.2404,-0.0219,-0.1493
1.3412,-8.7754,2.7591,0.0850,-0.1712,-0.1627
1.1113,-8.6987,3.4871,-0.0012,-0.3788,-0.0850
1.1496,-8.6221,3.6787,-0.0182,-0.5318,0.0376
1.5328,-9.1586,3.3722,0.0243,-0.6095,0.1032
1.9927,-9.9250,2.9123,-0.0983,-0.5451,0.0182
2.7591,-11.1512,2.5675,-0.1481,-0.3934,-0.0935
3.4488,-11.5344,0.7664,-0.0474,-0.1858,-0.1469
4.1386,-12.6457,-0.4982,-0.3302,0.0461,-0.2695
3.5255,-13.0289,-0.9197,-0.4237,0.0838,-0.4140
1.6861,-12.0326,-1.2646,-0.1299,-0.0643,-0.3460
-0.3066,-9.7334,-1.5328,0.3315,-0.0947,-0.0874

