-.-.-
-5.1349,-24.0268,-0.3832,1.3841,3.1191,-0.8329
-12.7990,-16.4011,2.5675,1.3999,1.2603,-0.8657
-10.6530,-10.1549,1.9927,-0.3157,0.7552,-0.9495
-1.5711,-8.3921,0.5748,-1.0818,0.3958,-1.6039
7.5874,-12.7607,1.4945,-2.1587,0.1530,-1.4691
7.4341,-16.0179,1.3029,-1.8504,0.2683,-0.7686
4.2536,-14.2935,0.2682,-0.2100,0.8475,-0.5099
0.3066,-5.8630,0.7664,1.0490,1.4412,-0.5330
-0.9197,2.9123,1.2646,1.6512,1.6270,-0.3752
-1.6478,5.6714,-0.7281,0.9737,1.3271,-0.0061
-1.2263,2.8740,-1.1496,-0.0546,0.8305,0.3302
-1.2263,0.5748,-2.4525,0.4189,0.2975,0.4274
-0.1533,0.1533,-4.5601,0.8936,0.1117,0.5318
1.2646,-1.3795,-3.9470,0.4589,0.5974,0.4504
0.0383,-3.5255,1.1496,0.5075,0.5767,0.1481
-0.7281,-5.6714,-3.4488,1.6743,0.5342,-0.0340
1.1879,-12.4541,-1.5711,0.5427,1.1644,-1.1304
0.0000,-24.4484,6.4378,0.3934,-0.6423,-0.8815
-4.7900,-18.2788,-5.9396,0.5160,-0.1663,-0.9786
-5.8247,-20.1182,1.7244,0.5391,-0.9167,0.3266
-0.4982,-20.1565,-0.5748,-0.0206,-1.6197,1.0381
5.2882,-20.2714,1.3795,-0.5925,-1.8164,1.0952
5.8247,-16.4394,0.3449,0.0777,-1.3040,0.9434
1.9543,-13.5654,0.1533,-0.6860,-0.5318,0.9701
-2.9123,-14.9066,0.6514,-1.5468,-0.2368,0.9373
-5.0583,-15.0599,0.6898,-1.1194,-0.0522,0.3655
-2.5675,-10.4231,0.2682,-0.1056,-0.3922,-0.2161
0.1533,-3.9853,0.5748,0.8341,-0.8875,-0.0486
-0.1150,1.3029,0.2299,1.1474,-1.1801,0.1712
-0.1150,3.8704,0.2299,0.7528,-1.2748,0.0741
0.9580,3.1039,-1.4179,0.3667,-1.3088,-0.0364
0.0383,2.1843,-1.9160,-0.1991,-1.0344,-0.2015
0.0766,-0.4215,-2.1843,-0.3594,-0.8050,-0.2465
0.8047,-3.5638,-1.6478,-0.3485,-0.7200,-0.2477
1.8394,-4.9816,0.0766,0.1591,-0.7843,-0.1639
2.6824,-2.7974,1.7244,1.0794,-0.5063,0.0206
-0.1533,-0.6898,3.8320,1.8370,-0.1591,0.1639
-7.2809,-2.0310,-18.0872,0.6763,-1.6597,0.9980
-1.6095,-25.9045,6.8210,-4.7509,-0.2865,2.4465
-4.1003,-30.5030,-2.6824,1.0393,-0.0741,2.0555
12.6457,-25.1764,-4.8284,0.1761,-1.6488,0.3812
1.2646,-22.4557,2.0693,0.6423,2.2583,-0.7783
-4.1003,-21.4594,1.7244,-0.2380,0.9410,-1.2724
-6.8210,-16.2478,0.8047,-0.0012,1.3756,-1.2008
-4.5218,-8.8520,0.8814,-0.2125,0.8572,-1.5237
2.3375,-10.2698,2.0693,-1.7751,0.4881,-1.6816
5.6714,-14.6000,1.5328,-2.3518,0.4954,-0.8633
4.0620,-15.6347,0.9197,-0.8803,0.5889,-0.2015
1.4179,-9.6950,1.3412,0.7418,1.2324,-0.1991
1.5328,-0.4215,1.2646,1.2093,1.7119,-0.3072
1.1113,4.0620,-0.2682,0.7139,1.7423,-0.0911
-0.5748,4.5218,-0.7664,0.0097,1.4788,-0.0328
0.0000,2.7207,-1.8011,-0.2671,1.3271,0.1202
-0.3066,0.4215,-3.1039,-0.2793,1.1462,0.2477
-0.9963,-1.0346,-2.2226,-0.1724,0.8960,0.3387
-0.3449,-2.4908,-1.7244,0.1068,0.9531,0.2343
-1.5328,-3.7171,-2.2609,0.8159,1.0005,0.0401
4.9433,-7.0126,-11.1129,1.6694,2.0446,-0.5840
-1.3412,-20.1565,4.7134,-0.6399,-1.1911,-1.7544
-2.3759,-21.6893,-0.3066,1.3064,0.9835,-0.7892
-3.9470,-15.6730,-0.6898,1.6840,0.0401,-0.3193
-1.0346,-18.6237,1.0346,0.6350,-1.8321,0.7491
0.1916,-21.6893,-0.0383,-1.1231,-0.9397,1.1595
4.3685,-22.4940,0.6898,-0.6277,-1.3708,1.0648
4.7517,-18.1638,-0.4215,-0.1821,-0.8208,0.8912
3.2955,-13.2588,0.2682,-0.5415,-0.0935,0.6484
-1.1496,-14.3701,1.2646,-1.1911,-0.1178,0.7734
-3.6787,-14.2935,0.1150,-0.7418,0.0449,0.3752
-4.3685,-8.5071,1.1113,0.5451,-0.1530,0.0279
-2.6441,-1.0346,0.5748,1.7217,-0.8038,0.0935
-2.2992,4.3302,-1.1113,2.0130,-1.4084,0.2744
-0.9580,3.9853,-0.8814,0.9652,-1.3234,-0.0121
1.5328,2.7591,-1.6095,0.1251,-0.8705,-0.2100
3.0273,1.0346,-0.3832,-0.6168,-0.4881,-0.5488
2.5291,-1.6861,-0.9197,-0.6204,-0.7467,-0.5415
1.1113,-2.7207,-3.9853,0.3606,-0.6738,-0.3485
0.0000,-2.6058,-1.9543,0.8329,-0.4334,-0.0328
0.1533,-2.5675,1.8011,1.2117,-0.5233,0.3011
-3.3722,-2.3375,-11.4578,1.5590,-1.5262,1.0429
0.1150,-19.4284,6.6677,-2.5206,-0.6496,1.9621
-2.7591,-24.9465,-4.9050,0.3217,-0.3035,2.1078
9.5034,-27.2074,-3.0656,-0.5937,-0.7115,1.3805
2.7207,-25.4830,-0.8814,0.4468,1.1996,-0.3630
-4.9050,-23.6820,0.3066,-0.2392,1.0672,-1.1207
-7.7024,-18.0105,2.2609,-0.1615,1.1170,-1.1328
-4.7517,-11.6494,1.4562,0.1651,0.8608,-1.2858
2.0310,-9.9633,1.6478,-1.2991,0.3497,-2.0871
7.3192,-14.1019,2.6058,-2.1587,0.5524,-1.6148
4.3685,-14.1402,1.1496,-1.3489,0.7370,-0.8499
-0.6898,-8.8520,1.3795,0.1141,1.0417,-0.1773
-0.0766,-0.7281,1.9927,1.1583,1.3101,-0.0328
0.2299,4.4452,0.8814,0.9786,1.2688,0.3800
-0.7664,5.8247,-0.6514,0.0923,1.0393,0.5961
0.3449,2.1076,-2.0310,-0.4942,0.6168,0.5087
0.4215,-0.4215,-2.6824,-0.4808,0.4371,0.4723
0.1533,-1.6861,-2.8740,-0.0049,0.5451,0.3545
0.9580,-2.1843,-1.8011,0.3533,0.8936,0.2805
0.9197,-2.3759,-0.3449,0.6641,0.8147,0.0971
-2.0310,-0.9963,2.2992,1.1498,0.0656,0.0668
0.6514,-3.7171,-12.6840,1.3598,0.3873,-0.0036
1.5328,-17.0142,0.6514,-1.7374,0.9567,-1.7909
2.6824,-29.0851,2.7974,0.1809,-1.1449,-1.9402
-8.0089,-25.8279,-7.2042,-0.2865,0.4152,-0.9106
-2.1459,-24.7932,0.7281,0.7916,-0.7091,0.5743
2.9890,-22.3791,-0.4982,0.6811,-1.3173,1.9013
5.4798,-15.6730,1.6861,0.0522,-0.6229,1.0429
3.4488,-9.9250,1.0730,-0.3703,-0.4262,0.1433
-0.6514,-12.3775,0.8047,-2.1502,-0.0352,0.2465
-3.5255,-16.5544,0.1533,-1.9985,-0.0619,0.6241
-4.1003,-16.5161,0.7281,-0.3715,-0.3557,0.4747
-2.4525,-8.8903,0.8430,0.9859,-0.5731,0.2028
-0.6131,0.1533,0.8047,1.2615,-0.9822,0.2720
-0.1533,5.3648,-0.1533,0.8888,-1.1911,0.2040
1.0346,3.8704,-1.8394,0.5743,-1.2469,-0.1554
2.4142,1.7244,-2.6058,0.5136,-0.8098,-0.3800
0.6514,0.4598,-2.0310,0.6034,-0.0304,-0.2780
-0.1916,0.0000,-3.2572,0.6010,-0.2501,-0.1773
1.4945,-2.0310,-1.6095,-0.1238,-0.7006,-0.0789
-0.4598,-4.6751,3.3722,0.3570,-0.3169,0.2210
-4.1003,-9.2735,-7.3192,2.3627,-1.2433,1.4436
3.0656,-18.5470,1.5711,-0.8329,-0.0182,2.0895
1.5328,-22.9155,-1.3412,1.3246,1.3064,1.4145
15.1365,-24.0268,-7.0126,-0.3145,-0.1408,0.4711
2.7974,-22.1491,-1.3795,0.0461,2.6699,-0.7443
-8.9286,-18.8536,-1.2646,0.3594,2.6905,-0.6180
-14.4851,-18.2405,1.3795,-0.4395,1.6063,-0.9628
-6.6294,-15.9413,2.9507,-0.8633,1.0502,-1.7241
3.1806,-13.1439,2.0310,-1.2676,0.3387,-1.5335

