-.-.-
5.1732,-11.3428,1.9543,-0.6362,0.8293,-0.6083
4.1003,-7.2809,0.9580,-0.4347,1.1510,-0.5172
1.4179,-3.3722,-0.1150,0.0583,1.0490,-0.5609
0.0000,0.3449,-1.9543,0.4735,1.0175,-0.3557
0.0383,2.7207,-4.2536,0.7406,0.9446,-0.1566
0.0383,3.0273,-5.1732,0.3922,0.8705,0.0304
-1.8394,-1.0730,-2.5291,-0.0607,0.2380,0.3460
-1.6861,-3.6404,-0.5365,0.4092,-0.4104,0.5852
-0.0383,-2.7207,-1.6095,1.0891,-0.2878,0.3557
2.7974,-5.2499,-5.0966,0.8548,0.2137,-0.0874
5.0966,-10.0782,-11.0746,0.6374,-0.1008,-0.6653
3.1806,-16.2095,-6.0546,-3.6181,1.2651,-1.5444
-1.1879,-26.4410,17.6657,0.8960,0.4504,-1.5177
-4.1003,-15.2132,-7.4341,2.7937,0.5658,-1.5687
1.2646,-17.3208,2.6441,-2.3093,-0.9762,-0.0923
2.7207,-21.7659,4.2536,-1.2639,-1.3975,1.4205
6.7444,-21.4594,3.0273,-1.7119,-1.4521,1.1571
8.5454,-20.0032,3.6021,-1.5383,-1.2554,1.2154
4.4068,-14.9449,2.0310,-1.4485,-0.8317,1.3781
-1.2263,-11.0746,1.5711,-1.4691,-0.6022,1.3768
-2.4525,-8.0473,1.2646,-1.3890,-0.6775,1.0599
-1.4562,-4.4452,0.1150,-0.7880,-0.7006,0.5755
1.3412,-1.6861,-1.9927,-0.2525,-0.8329,0.1918
1.1879,0.0000,-1.2263,-0.0012,-0.9604,-0.2477
-1.6478,1.5328,-1.8011,0.3521,-1.4351,-0.4565
-0.2682,0.6514,-5.0583,0.2963,-1.2748,-0.4225
1.6478,-2.1843,-5.1732,0.1591,-0.4674,-0.7831
2.2226,-3.0656,-3.5255,0.7661,0.0546,-1.0636
1.3029,-0.8814,-0.7281,1.1000,0.0376,-0.9665
1.2646,0.3449,0.1150,0.9142,-0.0983,-0.5512
2.4142,-3.1039,0.3449,0.9422,-0.0304,-0.1651
-2.7974,-7.9323,-27.0925,-1.0660,-2.1842,-0.0134
2.2609,-30.3497,11.6494,-4.7060,0.7564,2.8035
9.3118,-34.2200,0.6898,2.9127,-0.5658,1.6877
2.7207,-19.2368,-4.9816,0.9895,1.5553,0.6666
-1.8011,-18.2021,4.5984,0.2720,2.0422,-0.6532
-1.4179,-17.1675,-0.2299,0.0498,1.6646,-0.5439
-2.7974,-18.8153,0.8047,-1.1716,1.7617,-0.3885
-0.8047,-20.0798,1.7244,-0.8620,1.2530,-0.5184
2.4525,-17.2825,2.0310,-0.4650,0.8572,-0.8329
4.0620,-12.1859,1.1496,0.0741,0.8742,-0.9604
2.7207,-7.0126,1.2646,0.1129,1.0114,-0.9555
1.5711,-3.6404,0.9963,0.4626,0.8900,-0.8815
0.3066,0.3449,-1.1496,1.5225,0.6253,-0.7042
1.1496,4.7900,-2.4908,1.4667,1.2166,-0.3570
3.0656,6.5145,-4.7134,0.0121,1.7411,-0.0425
0.8814,0.1150,-6.5145,-1.1243,0.9276,0.2368
-2.9890,-7.7790,-1.9927,-0.3023,0.2805,0.7139
-3.2189,-5.0966,0.9197,2.1041,0.4589,0.7297
-1.6478,2.1843,0.1533,2.4040,0.8851,0.2513
2.6441,-1.2263,-1.4562,1.0126,0.2052,-0.0583
3.6021,-10.3465,-24.5250,-0.9337,0.6095,-0.2258
4.0236,-25.0615,5.0200,-5.4296,1.9463,-2.0944
0.9197,-37.8221,8.1622,0.1056,-0.5949,-2.1794
-5.9013,-22.8772,-5.9780,2.4441,-0.1056,-0.7807
-2.5675,-18.7770,5.7864,-0.0777,-1.8018,1.0114
0.6898,-13.6037,-1.1879,1.0332,-2.7270,1.4533
6.6294,-12.6074,-0.1916,-0.2865,-2.8362,1.4655
9.2352,-14.9066,1.3029,-0.8475,-2.3312,1.6974
7.0509,-13.6037,0.9963,-0.6241,-1.2141,1.7144
1.8777,-9.2352,1.0346,-0.4067,-0.6666,1.3878
-0.4215,-6.3612,1.1113,-0.3169,-0.5136,0.9871
-0.6131,-4.8284,-0.7664,-0.2283,-0.4832,0.6253
0.7664,-3.4871,-0.4982,0.1773,-0.3776,0.1591
-0.3449,0.1533,-0.9580,0.6484,-1.0175,-0.0146
-2.4908,2.0693,-2.7974,0.3982,-1.4728,-0.1275
-1.2646,0.5365,-4.3302,0.2683,-1.3999,-0.2902
1.5328,-2.4142,-2.5675,0.4504,-0.7673,-0.7188
4.8667,-3.0656,0.0000,1.0563,-0.0571,-0.9689
5.3265,-1.3412,-0.8814,1.2882,-0.2113,-0.7176
2.9507,-4.5601,-6.8977,1.1243,-1.1219,-0.0219
-3.7937,-9.8483,-20.2331,-3.8355,-1.5930,1.2542
1.5328,-31.8059,17.9722,-1.5055,1.2336,1.2724
8.9670,-25.5596,-6.0929,2.5910,-1.4133,0.8584
2.6441,-19.9649,0.2299,0.4917,2.1053,0.2550
2.1843,-13.5654,2.9890,0.7552,1.9839,-1.2433
-1.6478,-16.2478,2.7974,-1.7265,1.9438,-0.7613
-2.5675,-22.3407,3.3339,-2.1017,1.5954,-0.1360
-0.3449,-21.2678,2.3759,-0.9507,1.0976,-0.1603
2.7974,-15.1365,1.9927,-0.3290,1.0005,-0.3339
3.7554,-11.0363,1.7244,-0.3011,1.1097,-0.3715
3.0656,-8.4305,1.4562,-0.1166,1.1583,-0.2732
3.2189,-5.0966,0.8047,0.0413,0.9835,-0.3521
1.5328,-1.6095,-0.6514,0.4808,0.7418,-0.3982
-0.1916,0.8047,-1.6095,0.8110,0.6471,-0.0838
2.6058,3.9470,-3.2572,0.3715,1.2591,0.0692
2.3375,3.1039,-8.0089,-0.8171,1.3210,0.0413
-1.7627,-2.0310,-7.0126,-1.1146,-0.0753,0.2865
-0.1150,-7.7024,1.6478,0.2865,-0.0522,0.5719
1.2263,-3.4871,1.1879,2.5958,0.6738,0.3849
5.8630,-2.2226,-5.0966,2.1345,0.4990,-0.1651
4.4835,-8.4688,-18.7003,-1.0187,0.5621,-0.5585
-4.7900,-23.4520,2.9890,-4.2446,-0.1785,-1.6136
-3.9853,-30.0048,3.4488,0.5209,0.3363,-1.4485
2.3375,-16.5544,-3.9470,1.3732,0.8754,-0.8535
5.3648,-14.6767,-1.6095,-0.6204,-0.0534,-0.1166
6.2079,-17.1675,0.4982,-0.3424,-0.4249,0.3655
7.2809,-19.0452,0.3832,-0.7151,-0.4589,0.7528
5.1349,-19.0069,2.4525,-0.7103,-0.1676,0.9118
1.4179,-14.2168,1.5328,-0.0340,0.2319,1.1377
-2.0693,-10.5764,0.8430,-0.1166,0.2623,1.4011
-3.3339,-6.2845,0.6131,-0.3497,-0.2708,1.5019
-0.4598,-4.8284,0.0383,-0.6071,-0.5099,1.2846
2.5675,-4.9050,-1.5711,-0.4820,-0.0534,0.8948
4.3685,-4.8284,-2.2992,0.0182,0.1955,0.4262
2.4142,-1.8777,-1.9927,0.6459,-0.1639,-0.0813
0.1150,0.6514,-3.0273,1.0029,-0.4274,-0.1238
0.1150,-0.8814,-3.3722,0.7795,-0.4565,-0.3630
1.8011,-2.0693,-3.2955,1.1959,0.0656,-0.7479
2.6824,-1.8394,-1.0346,1.3538,0.5403,-0.9070
4.4835,-6.0546,-3.7171,1.7241,0.3970,-0.6981
0.8430,-11.6111,-14.5234,-1.1292,-0.5124,-0.2732
1.8777,-28.2804,17.2825,-0.9191,0.4553,1.3756
4.8284,-24.3717,-1.7627,1.6949,0.0206,1.2396
0.3832,-20.4247,1.7244,0.0753,2.1090,0.0316
6.5145,-18.5854,2.7207,0.0134,1.9147,-1.0466
2.5675,-16.0179,1.3795,-0.1311,2.2522,-0.9458
0.1916,-14.4851,1.2646,-0.4407,2.4611,-0.7054
2.2992,-13.3355,0.3449,-0.3023,2.2025,-0.5075
3.2955,-10.9596,0.9963,-0.2501,2.1211,-0.3885
3.2572,-7.7407,1.5328,-0.0012,2.1187,-0.3630
2.7591,-4.3685,0.1150,0.4614,1.6379,-0.2501
0.9963,-1.4179,-3.1423,1.4072,1.1304,0.0340
1.3412,2.9507,-5.1349,1.3125,1.5116,0.0898
2.9890,4.7134,-6.4761,-0.3788,1.8334,0.2805
1.9543,1.5328,-7.8940,-1.2591,0.9446,0.3703
-0.3449,-3.4871,-3.9470,-1.0721,0.6046,0.5986
0.4215,-6.0163,-1.2646,0.4747,1.3028,0.6046

