-.-.-
-9.1202,-3.2572,0.4982,-0.0607,0.0498,-0.0036
-9.1202,-3.2955,0.6898,-0.0291,0.0206,-0.0012
-9.1202,-3.4488,0.7281,-0.0291,0.0097,-0.0061
-9.1202,-3.2189,0.7281,-0.0559,0.0267,-0.0061
-8.9286,-3.3722,0.5748,-0.0437,0.0255,0.0012
-8.9670,-3.3339,0.6514,-0.0255,0.0000,0.0073
-9.2735,-3.2189,0.9197,-0.0012,0.0061,0.0097
-8.9670,-3.1806,0.8047,-0.0012,0.0231,0.0134
-9.1202,-3.1039,0.7664,-0.0389,0.0291,0.0109
-9.1586,-3.0273,0.8047,-0.0826,0.0376,0.0109
-9.1202,-3.1806,0.6898,-0.0874,0.0595,0.0109
-9.0819,-3.2189,0.9197,-0.0777,0.0692,0.0085
-9.0053,-3.2572,0.8047,-0.0753,0.0777,-0.0012
-8.4688,-3.0656,1.1113,-0.0607,0.0716,-0.0024
-9.0436,-3.1806,0.7281,-0.0522,0.0559,-0.0024
-9.0819,-3.2955,0.5748,-0.0510,0.0510,-0.0024
-9.1202,-3.2189,0.8814,-0.0643,0.0680,-0.0085
-9.1586,-3.0656,0.8430,-0.0765,0.0789,-0.0049
-9.1202,-3.1039,0.6514,-0.0862,0.0668,0.0061
-9.0819,-3.2189,0.6898,-0.0959,0.0607,0.0121
-9.1202,-3.2955,0.6514,-0.1081,0.0656,0.0121
-8.9286,-3.6021,1.2646,-0.1166,0.0765,0.0097
-9.0053,-3.1039,0.7664,-0.1348,0.0886,0.0121
-9.1202,-3.2955,0.6131,-0.1506,0.0971,0.0121
-9.1202,-3.4105,0.7664,-0.1469,0.1068,0.0085
-9.2352,-3.1806,0.4982,-0.1348,0.1081,0.0061
-9.3118,-3.0273,0.4598,-0.1530,0.0947,-0.0012
-9.1586,-3.3339,0.3066,-0.1785,0.0656,-0.0024
-9.1586,-3.2189,0.4215,-0.1591,0.0389,0.0085
-9.1586,-3.1423,0.4598,-0.1457,0.0182,0.0170
-9.2352,-3.2189,0.3449,-0.1542,0.0182,0.0243
-9.3118,-3.1423,0.3066,-0.1651,-0.0134,0.0498
-9.2735,-3.2189,0.4598,-0.2137,-0.0449,0.0595
-9.2352,-3.1806,0.3449,-0.2708,-0.1068,0.0656
-9.1586,-3.1806,0.3449,-0.2647,-0.1615,0.0801
-9.1586,-3.2572,0.5748,-0.2562,-0.1639,0.0619
-9.1202,-3.2955,0.6514,-0.2331,-0.1566,0.0437
-9.0053,-3.0273,0.8047,-0.2440,-0.1943,0.0486
-8.8520,-3.4105,0.8047,-0.4165,-0.2064,0.0328
-9.0819,-3.6404,0.4598,-0.4468,-0.0996,-0.0486
-9.1969,-3.9087,0.3066,-0.3703,-0.0753,-0.1178
-9.3502,-4.0236,0.3066,-0.1979,-0.0413,-0.1821
-9.3118,-3.1806,0.6131,-0.1251,-0.0923,-0.1785
-9.6184,-2.9890,0.5748,-0.3254,-0.2076,-0.1506
-9.4268,-3.7171,0.5365,-0.2695,-0.2125,-0.1676
-9.1969,-3.6787,0.3832,-0.1336,-0.2671,-0.2088
-8.8903,-2.9123,1.1113,-0.0595,-0.2440,-0.2015
-8.9286,-2.0693,1.1496,-0.0765,-0.1639,-0.1311
-8.8520,-2.6824,1.3029,-0.2331,-0.1214,-0.1578
-9.1586,-2.7591,0.9963,-0.1190,0.0583,-0.2161
-8.9670,-2.7591,1.5711,-0.1093,0.0631,-0.2392
-8.6604,-3.2572,1.4562,-0.1056,0.0813,-0.2780
-8.4305,-3.4871,1.8011,-0.0425,0.2708,-0.3545
-8.2005,-3.6021,1.3412,0.0947,0.2768,-0.3861
-9.0053,-3.1039,0.3066,0.1542,0.2404,-0.3776
-9.6567,-3.0656,-0.6514,0.2902,0.2015,-0.3764
-8.7370,-4.0620,-0.5365,0.3740,0.2368,-0.5027
-9.9633,-3.2572,-0.6898,0.3934,0.3752,-0.5209
-10.6147,-2.6058,0.8047,0.2914,0.1845,-0.5852
-10.7680,-2.8740,0.9197,0.1639,-0.0243,-0.6399
-9.8100,-3.7171,1.1879,0.0255,-0.1336,-0.7248
-9.0053,-4.0620,0.9963,0.0595,-0.1166,-0.6848
-7.9323,-4.5601,1.4945,0.0522,-0.1445,-0.5573
-7.7024,-4.7134,1.4945,0.1736,-0.0255,-0.3837
-7.2425,-4.2536,2.6058,0.0959,0.1238,-0.3424
-7.5108,-4.9433,1.9543,0.0631,0.1020,-0.4395
-8.4688,-5.4798,1.4179,0.0959,0.1421,-0.6326
-9.2352,-4.8667,0.1916,0.0838,0.0304,-0.7236
-8.2389,-5.0583,0.9580,0.0219,-0.0413,-0.7200
-7.3192,-5.2116,0.9197,-0.0291,-0.1894,-0.6496
-6.3995,-5.2116,0.9197,-0.1153,-0.3169,-0.5828
-7.3192,-5.5948,0.4215,-0.2380,-0.2671,-0.6314
-7.6641,-5.4032,-0.0766,-0.2975,-0.2246,-0.6471
-7.5108,-5.6331,0.1533,-0.4104,-0.2732,-0.6823
-7.0893,-5.7097,0.3449,-0.5160,-0.2538,-0.7006
-6.7827,-6.0163,0.5748,-0.5925,-0.2295,-0.7018
-6.9360,-5.9013,0.3066,-0.6775,-0.2586,-0.6860
-6.9360,-6.0163,0.3449,-0.6969,-0.1700,-0.7091
-7.1659,-6.1313,0.7281,-0.7382,-0.2950,-0.7139
-7.0509,-6.4761,0.4215,-0.7698,-0.3047,-0.7273
-7.0126,-6.6677,0.7281,-0.7613,-0.2720,-0.7321
-7.3192,-6.5145,0.3832,-0.7771,-0.3436,-0.6823
-6.9743,-6.2845,0.8430,-0.8038,-0.3351,-0.6411
-6.2845,-6.7827,0.6131,-0.8317,-0.3800,-0.6034
-5.4415,-7.1276,0.6131,-0.8013,-0.3509,-0.5949
-6.1696,-7.2042,0.4598,-0.7649,-0.2574,-0.5403
-6.2079,-7.3192,0.8814,-0.7722,-0.0425,-0.5354
-6.1313,-7.2425,0.6898,-0.6848,0.0073,-0.5816
-6.4761,-7.0509,0.6514,-0.6690,-0.0971,-0.5536
-6.2845,-7.4725,0.5365,-0.6605,-0.0996,-0.5027
-5.9780,-7.6257,0.1150,-0.5706,-0.0449,-0.4383
-5.7864,-7.5491,0.1533,-0.5500,0.0692,-0.4237
-6.0929,-8.0856,0.0766,-0.5148,0.1615,-0.4213
-5.7480,-8.0856,0.0000,-0.4286,0.1845,-0.4784
-5.2116,-7.6257,0.1533,-0.4128,0.1396,-0.4832
-5.1732,-7.3958,-0.2682,-0.5099,0.1724,-0.5027
-5.5948,-8.0089,-0.4982,-0.4747,0.0971,-0.5136
-6.0929,-8.2005,-0.3066,-0.3436,0.0498,-0.5197
-5.4798,-7.9323,-0.5748,-0.2720,0.0146,-0.5621
-4.9050,-7.5108,-0.8047,-0.3740,0.0012,-0.5500
-4.9816,-7.9706,-0.6898,-0.4699,0.1178,-0.5427
-5.2116,-8.1239,-0.6898,-0.4747,0.1518,-0.5014
-4.7900,-8.2772,-1.2263,-0.5124,0.1578,-0.5427
-4.5218,-8.6221,-1.4945,-0.5197,0.2064,-0.6277
-4.4835,-8.5838,-1.3029,-0.4456,0.2793,-0.6787
-4.5984,-8.5838,-1.3795,-0.3776,0.2635,-0.6605
-4.4452,-8.5454,-1.3412,-0.3448,0.2720,-0.6678
-4.0620,-8.2772,-1.4179,-0.4055,0.2501,-0.6678
-4.1003,-8.6221,-1.3412,-0.4759,0.3084,-0.7115
-4.3685,-9.0053,-1.3412,-0.5524,0.3230,-0.7127
-4.4452,-9.4651,-1.5328,-0.4978,0.2610,-0.6775
-4.2919,-9.5034,-1.5328,-0.3387,0.2198,-0.5852
-4.0620,-9.2735,-1.6095,-0.2404,0.2185,-0.5197
-3.8320,-9.2352,-1.9160,-0.2695,0.1785,-0.4541
-3.6787,-9.1202,-1.6095,-0.1955,0.1955,-0.4444
-2.8357,-8.5454,-1.7244,-0.1323,0.1408,-0.4711
-2.6058,-8.0856,-1.7244,-0.2392,0.1178,-0.5658
-2.8357,-8.7370,-2.1076,-0.4929,0.1833,-0.6508
-2.8740,-9.9250,-2.6058,-0.4298,0.2513,-0.7212
-3.0656,-10.4231,-2.9890,-0.1044,0.3363,-0.7224
-3.2572,-10.0016,-3.1806,0.1809,0.2950,-0.6787
-3.2572,-9.5034,-2.9890,0.2938,0.2137,-0.6374
-3.1039,-9.1969,-2.5675,0.2744,0.1761,-0.5974
-2.4908,-9.0436,-2.4142,0.2258,0.1748,-0.6180
-2.1076,-8.9670,-2.2992,0.1408,0.1894,-0.6447
-2.0693,-9.0819,-2.3375,0.0947,0.1554,-0.6775
-2.1076,-9.3885,-2.2609,0.0789,0.1408,-0.7078
-2.0693,-9.6950,-2.0310,0.1202,0.1554,-0.7491

