-.-.-
9.5034,1.5711,1.6095,0.0267,0.0947,-0.0024
9.5418,1.5711,1.6095,0.0085,0.0996,-0.0024
9.5034,1.3795,1.6478,0.0085,0.0983,-0.0012
9.5034,1.4562,1.6478,0.0134,0.0911,-0.0024
9.4651,1.4945,1.5328,0.0012,0.0850,-0.0036
9.5801,1.4945,1.6095,-0.0109,0.0801,0.0012
9.4651,1.5328,1.6095,-0.0097,0.0716,0.0024
9.4651,1.5328,1.6861,-0.0061,0.0619,0.0024
9.4268,1.6095,1.5711,-0.0049,0.0643,0.0012
9.5801,1.5328,1.5328,0.0073,0.0704,-0.0012
9.5801,1.4179,1.4562,0.0437,0.0813,-0.0012
9.5801,1.4179,1.5711,0.0826,0.0935,-0.0061
9.6184,1.6095,1.5711,0.1056,0.0971,-0.0073
9.5801,1.5711,1.7244,0.0813,0.0923,-0.0073
9.5418,1.5711,1.6095,0.0243,0.0862,-0.0049
9.5418,1.5328,1.7244,-0.0219,0.0813,-0.0024
9.4268,1.5711,1.6095,-0.0291,0.0826,0.0000
9.5034,1.4179,1.6478,-0.0085,0.0850,-0.0024
9.6184,1.4179,1.6478,0.0073,0.0886,-0.0024
9.5801,1.5711,1.6861,0.0109,0.0959,-0.0024
9.4268,1.5711,1.6861,0.0073,0.0983,-0.0036
9.5801,1.4562,1.6095,-0.0121,0.0971,-0.0024
9.5034,1.6095,1.6861,-0.0364,0.0935,0.0049
9.5801,1.6095,1.7627,-0.0486,0.0911,0.0121
9.7334,1.5711,1.5711,-0.0595,0.0935,0.0194
9.6950,1.4179,1.4945,-0.0607,0.0996,0.0231
9.6950,1.5711,1.6095,-0.0425,0.1129,0.0255
9.6950,1.5328,1.6095,-0.0304,0.1336,0.0231
9.6567,1.4945,1.3795,-0.0486,0.1578,0.0206
9.7717,1.5711,1.5328,-0.0911,0.1882,0.0219
9.8100,1.4945,1.4562,-0.1153,0.2161,0.0291
9.8100,1.3412,1.3412,-0.1117,0.2538,0.0425
9.9250,1.4562,1.3412,-0.0911,0.2987,0.0559
9.8483,1.6095,1.4945,-0.0862,0.3472,0.0643
9.9633,1.6095,1.5328,-0.0886,0.3958,0.0789
10.0782,1.3412,1.6095,-0.1056,0.4432,0.0874
9.9250,1.5711,1.7627,-0.1287,0.4954,0.0862
9.8100,1.6095,1.9927,-0.1457,0.5391,0.0898
9.7334,1.6095,1.8394,-0.1773,0.5694,0.1129
9.6950,1.5711,2.1076,-0.2258,0.6131,0.1530
9.5801,1.5328,2.2609,-0.2416,0.6496,0.1870
9.6567,1.5328,2.3759,-0.2501,0.6811,0.2222
9.6567,1.5328,2.5291,-0.2720,0.7115,0.2647
9.5034,1.5328,2.4142,-0.2890,0.7346,0.2950
9.5034,1.3412,2.6058,-0.2659,0.7892,0.3351
9.3118,1.1496,2.9123,-0.2440,0.8438,0.3922
9.3118,1.0346,2.9890,-0.1870,0.8633,0.4201
9.1969,0.7664,3.1423,-0.0826,0.9082,0.4371
8.8520,0.4982,3.4105,0.1008,0.9337,0.4541
8.8520,0.7281,3.4105,0.1700,0.9592,0.4504
8.7370,0.5748,4.0620,0.1129,0.9519,0.4432
8.9286,0.6514,3.9853,-0.0583,0.7783,0.4602
9.0819,0.6131,4.3302,-0.4067,0.6872,0.4541
9.1969,0.2682,4.7134,-0.7127,0.5646,0.4480
9.2352,-0.4215,4.9433,-0.7346,0.3800,0.4359
9.1969,-0.6898,4.5218,-0.4359,0.2708,0.3752
8.5071,-0.6514,3.5255,-0.1809,0.2938,0.3072
7.8940,-0.4982,2.9890,-0.1044,0.4942,0.3072
7.7407,-0.3066,3.8320,-0.1700,0.7030,0.3485
8.6604,-0.8430,4.1386,-0.2064,0.7588,0.3642
8.8137,-0.3449,3.9470,-0.0971,0.8523,0.3315
9.0436,0.0383,4.3302,-0.1736,0.8110,0.2999
8.8137,-0.1150,5.1349,-0.1700,0.8050,0.2610
8.1239,-0.6514,5.3265,-0.1214,0.8244,0.2258
7.4341,-1.0346,5.7480,-0.1056,0.9070,0.1845
6.6677,-1.3029,5.8630,-0.1833,0.8256,0.2258
6.4378,-1.3795,6.1696,-0.3667,0.7333,0.1797
6.2079,-1.3795,6.1313,-0.5488,0.6787,0.0801
6.3612,-1.2646,6.0163,-0.6569,0.6241,0.0206
6.4761,-0.9580,5.8630,-0.6921,0.6326,-0.0619
6.2079,-0.9963,6.2079,-0.6544,0.6908,-0.1408
5.8630,-1.0730,7.0126,-0.6022,0.6653,-0.1930
5.6331,-1.4945,6.7444,-0.6726,0.5549,-0.2088
5.1732,-2.0310,6.6677,-0.6362,0.5367,-0.2501
5.0200,-2.6441,6.6294,-0.5464,0.4687,-0.3108
5.2499,-2.9890,6.3612,-0.4784,0.3339,-0.3120
5.9013,-3.0273,5.9396,-0.4092,0.1785,-0.2647
6.3995,-3.0656,5.8630,-0.1372,-0.0024,-0.2040
6.5911,-2.9123,6.0929,0.1785,-0.0765,-0.1906
6.7444,-2.6058,6.2845,0.3412,-0.1724,-0.1809
6.7827,-2.0693,6.0929,0.3096,-0.3096,-0.2149
7.1276,-2.0693,6.2462,0.3169,-0.3812,-0.2732
6.8977,-1.9160,6.6677,0.5342,-0.4067,-0.3315
6.8210,-1.9927,7.7407,0.7977,-0.5682,-0.3703
6.7061,-2.1843,8.4305,0.9907,-0.7309,-0.3800
7.6257,-2.0310,7.1276,1.1631,-1.1559,-0.3290
7.8173,-1.8394,5.3648,1.5820,-1.6646,-0.1882
8.1622,-1.1879,4.7900,1.8467,-1.7192,-0.0668
8.4688,0.0383,5.2882,1.6160,-1.4363,0.0947
10.2315,1.1113,5.3648,1.0150,-0.8900,0.1275
12.9139,1.6861,5.2499,0.3752,-0.3060,-0.0826
15.8646,1.4562,5.4032,0.2052,0.5949,-0.3715
11.8793,0.7664,5.0966,0.7928,1.5541,-0.5197
10.9596,0.4215,3.6787,1.1122,1.7933,-0.3715
10.9213,0.9963,2.6441,1.0514,2.3069,-0.2902
9.3885,1.5711,2.7591,0.9276,3.0839,-0.1688
7.5108,2.0310,2.7207,0.5051,3.6230,-0.0085
5.9013,2.1843,2.9507,-0.1506,3.8039,0.1506
4.9816,2.2609,3.7937,-0.4747,3.5417,0.3679
3.9470,2.3759,3.9853,-0.4517,3.2430,0.5646
2.6824,3.3339,4.3302,-0.3072,2.9212,0.7333
2.4525,3.7554,4.7900,-0.2780,2.5533,0.9045
2.8740,3.4105,5.0966,-0.5039,2.1685,1.0660
3.2955,2.4142,5.7097,-0.5391,1.7010,1.1680
3.2189,1.6478,6.0546,-0.2963,1.1255,1.1729
2.3759,0.4215,6.8593,-0.1275,0.5269,0.9932
4.2536,0.0766,7.8557,-0.0134,0.1178,0.6836
5.4032,0.8814,7.8940,-0.4055,0.1178,0.4480
7.2425,0.5748,9.1202,-1.3113,0.1530,0.2525
8.2772,-1.1879,11.3811,-1.7435,0.1870,0.1093
8.8520,-1.3795,11.4578,-1.9001,0.5767,-0.0801
6.5145,-3.5638,10.1932,-2.7172,0.9519,-0.0073
4.1386,-7.3575,9.2352,-2.3676,1.0187,0.2938
2.7207,-6.7061,7.3575,-0.3278,1.1462,0.4371
1.7627,-4.5601,6.2462,0.5925,1.2809,0.4735
1.5711,-3.4871,6.9360,0.4747,1.4375,0.4007
1.4179,-2.6441,7.9323,0.1918,1.5930,0.2938
0.5365,-2.6058,9.7334,-0.0437,1.6124,0.2234
-0.5748,-3.0273,10.3848,-0.0728,1.4873,0.2088
-2.1076,-3.5255,10.0016,-0.0085,1.4011,0.2744
-2.7974,-3.4871,9.4268,-0.0898,1.1947,0.2987
-2.5291,-3.4488,8.8520,-0.1153,0.8280,0.2100
-2.0693,-3.2189,8.3538,-0.0571,0.6326,0.1202
-2.0693,-2.2609,8.2005,0.1226,0.5087,0.0874
-1.4179,-1.5328,8.5838,0.0486,0.3606,0.1263
-1.1113,-1.1113,8.8903,-0.1651,0.2720,0.1991
-0.5748,-1.4179,9.2352,-0.3752,0.1785,0.2380
-0.2299,-2.0310,9.6950,-0.4031,0.1481,0.2064

