-.-.-
-1.7627,-7.1276,3.2189,0.3339,0.1141,-1.3526
-0.2299,-7.6257,3.8320,0.0668,-0.0534,-1.1425
0.3832,-6.5528,2.9507,0.0619,0.4080,-0.7795
-0.0766,-4.3302,1.9543,0.4529,0.5427,-0.4905
2.2609,-3.4488,1.5328,0.6860,-0.0376,-0.1712
3.2189,-3.4488,0.1150,0.8414,-0.5282,0.4334
2.3759,-4.9050,-5.0966,0.0012,-0.5075,0.9385
2.6824,-10.9596,-4.7134,-0.6714,-0.3812,0.6763
3.1039,-19.3901,-2.6824,0.1967,-0.5099,-0.2428
0.8430,-13.4504,-3.8704,1.4813,0.8365,-1.2032
-2.6058,-20.0032,-2.1843,0.3655,1.4266,-2.1709
0.2682,-14.8300,4.2536,-0.9397,0.6168,-2.1563
0.3066,-7.5491,2.9507,-0.4662,0.2793,-0.5816
2.2609,-9.6950,1.7244,-0.6484,0.9070,0.4869
1.8011,-10.4998,1.2263,-0.8317,1.1401,0.7297
2.7207,-11.3045,0.9963,-1.0563,0.5257,0.7540
1.8777,-11.6111,1.9927,-1.1279,0.2708,0.7261
1.7244,-12.0326,2.4142,-1.1619,0.3448,0.7491
0.6131,-11.1512,2.2226,-1.0830,0.5075,0.9422
-2.1843,-9.8483,2.1459,-1.0138,0.6046,1.1085
-3.7554,-8.8903,2.3759,-0.9495,0.3096,1.3088
-3.6021,-9.0053,2.9123,-0.6605,-0.0376,1.3246
-3.6404,-9.6184,3.8704,-0.2234,-0.3363,0.9883
-1.6095,-8.4305,2.9890,0.5488,-0.7892,0.6399
-0.7281,-6.2079,0.7281,0.8960,-0.6969,0.3363
0.8430,-4.5218,-0.6898,1.4655,0.1943,-0.1275
0.1533,-3.7554,-2.0310,1.8831,1.1061,-0.6459
-1.7244,-3.9853,-6.5911,0.6301,0.9142,-0.9276
-4.3685,-7.5491,-7.4725,-1.5031,-0.0704,-0.5051
-2.6441,-20.0798,-1.4945,-1.4837,-0.8718,0.6799
-2.2992,-14.4851,-5.4415,-0.2817,-1.7119,1.4072
-1.8777,-18.2788,-5.2116,-0.4954,-2.4963,2.0228
0.6514,-18.7770,1.1879,0.3788,-1.7981,1.5286
1.7244,-12.1859,4.9433,0.0947,-0.3412,-0.0947
1.0730,-10.2315,1.5328,-1.0769,-0.1445,-0.9725
2.2609,-10.1932,-2.9123,-0.9701,0.0061,-1.0077
2.2992,-10.7297,-1.9927,-1.0260,0.7236,-0.8025
0.0383,-10.4231,0.6514,-1.4570,1.1146,-0.4808
-1.9927,-10.3465,1.3795,-1.1692,1.0648,-0.3740
-1.5711,-8.8137,1.9927,-0.4711,0.9300,-0.5925
-1.0346,-7.7407,1.8394,0.0279,0.7989,-1.1024
-0.4982,-7.1276,1.7244,0.3642,0.5816,-1.3829
0.1916,-7.5491,1.6861,0.3205,0.3327,-1.3052
0.7281,-9.5034,2.4142,0.1554,0.4031,-0.7613
-0.5748,-8.8137,2.3375,0.3642,0.7054,-0.3570
-0.8430,-7.6257,2.3759,0.7309,0.5379,-0.1214
1.0730,-6.8210,2.2226,0.8293,0.1020,-0.0012
1.0346,-6.0929,-0.0766,0.7321,-0.3460,0.2368
3.7171,-5.5181,-8.5838,-0.6423,-0.6229,0.3375
3.2955,-15.3281,-6.9743,-1.5869,-0.3485,-0.0838
4.8284,-16.8226,-7.4341,-0.6751,0.1202,-0.8123
0.1916,-12.9523,-7.2042,0.2149,1.5286,-1.2214
-0.1150,-16.4777,-4.5984,0.3970,1.8783,-1.5626
0.2682,-15.9796,2.2992,0.1785,1.2809,-1.0794
0.1150,-11.9176,2.6058,0.3715,1.0199,0.0631
0.4215,-9.1586,0.6131,0.2258,0.9410,0.7370
1.1113,-7.5491,-1.1113,-0.2258,0.4966,0.7333
2.0310,-7.2425,-1.3795,-0.6666,0.1724,0.6156
1.4179,-8.0856,0.0383,-1.0405,0.3557,0.6678
0.7281,-7.9323,0.2682,-1.0235,0.5998,0.8147
-0.4982,-7.3575,0.3066,-0.9227,0.7625,0.9325
-2.0310,-7.4341,0.0766,-0.9118,0.5609,1.0842
-3.8704,-8.2389,0.5748,-0.6544,0.0813,1.1328
-4.0236,-10.4231,1.9543,-0.2331,-0.1797,0.9264
-3.5638,-12.7607,2.9507,0.3375,-0.2513,0.6520
-1.6861,-10.9979,1.9160,1.2056,-0.7370,0.3594
0.4598,-7.7024,-0.7664,1.3210,-0.8875,0.1943
-0.3066,-5.5948,-2.2992,0.9507,-0.1785,-0.1093
-1.8777,-6.6294,-5.2499,0.3339,0.4638,-0.3497
-3.4105,-8.4688,-5.5181,-0.1311,0.3545,-0.3412
-2.1459,-12.7607,-2.4908,0.4529,-0.2270,0.1603
-0.9197,-10.0782,-4.3685,0.6787,-1.0442,0.5621
-0.5748,-13.0289,-4.6751,0.7698,-2.0786,1.2056
-0.9580,-14.1785,-0.9580,0.5694,-1.6731,1.2202
0.5748,-12.3391,1.3412,0.4577,-0.8875,0.4371
0.4982,-13.1822,0.9580,-0.6556,-0.4929,-0.2003
1.1496,-16.8993,-0.9197,-0.8790,-0.3861,-0.5549
1.3029,-15.5964,-1.9160,-0.1129,0.2283,-0.9094
0.9197,-12.3775,0.6898,0.0146,0.7564,-0.6969
-1.0346,-10.1166,2.5291,-0.1979,0.7358,-0.5961
-1.9160,-8.9670,2.7591,-0.2914,0.5451,-0.7528
-0.9197,-8.7754,2.4525,-0.0109,0.6059,-1.1304
-1.0730,-8.7370,2.8740,0.3460,0.7127,-1.2627
0.0766,-8.4305,3.7554,0.5573,0.6095,-1.2846
1.0346,-7.8173,3.9470,0.6144,0.5852,-0.9385
0.2682,-5.6331,3.0656,0.5342,0.6010,-0.5536
0.5365,-3.1423,0.9963,0.8062,0.2222,-0.1129
1.6095,-1.8777,-0.1916,1.3902,-0.4759,0.1433
-1.1496,-1.8777,-4.4835,1.8212,-0.5828,0.8183
0.6131,-5.7097,-7.9706,0.0182,-0.4152,1.1765
1.4179,-15.0216,-5.4798,-0.8596,-0.4383,0.4043
5.5948,-21.3061,-4.1386,0.4237,-0.0874,-0.9337
1.6095,-18.5470,-4.7134,0.5451,1.4400,-1.7022
0.0000,-19.6583,3.3722,-1.0818,0.5731,-2.4416
0.1533,-9.2735,2.7591,-0.3132,-0.4553,-1.2700
0.8814,-10.1932,0.3449,0.3861,0.4395,0.2793
0.9963,-10.8063,1.5711,0.0316,0.7673,0.9920
0.7281,-10.1166,1.4179,-0.2914,0.1676,1.1364
0.1916,-10.0016,0.2682,-0.6204,-0.4529,0.9932
0.2299,-10.5764,1.3412,-1.0612,-0.3582,0.8062
-0.4982,-10.2315,2.7974,-1.1801,-0.3315,0.6872
-1.3795,-8.5838,2.7207,-0.8171,-0.3885,0.6787
-1.5711,-7.3192,1.9543,-0.5221,-0.3157,0.8572
-1.3795,-8.3538,2.1459,-0.4092,-0.3132,1.0284
-0.6514,-10.3465,3.5255,0.0425,-0.3752,1.0284
0.1533,-8.6987,2.4142,1.0539,-0.5330,0.8633
0.7664,-6.2462,0.0766,1.6185,-0.1117,0.6569
1.5711,-4.8284,-0.2682,1.3611,0.4189,0.1117
0.0766,-4.1769,-2.5291,1.0199,0.5621,-0.6666
-1.9543,-5.4032,-6.8210,-0.0886,0.4772,-0.8523
-5.3265,-11.3811,-3.8704,-1.2542,-0.1566,-0.2368
-2.5291,-16.5927,-2.6824,-0.4201,-0.6544,0.8013
-1.1113,-14.8683,-5.8630,-0.3497,-1.6634,1.4946
-1.0730,-19.3134,-2.4142,0.1202,-1.7690,2.1915
0.4982,-12.9906,2.9507,1.2129,-1.1340,1.0575
1.9543,-11.4961,2.3759,-0.2368,-0.6216,0.0000
1.4179,-13.6804,-0.0383,-1.2931,-0.4796,-0.4796
1.2646,-13.1822,-0.5748,-0.8062,0.1566,-0.7904
1.3795,-12.1859,0.4215,-0.6763,1.0527,-0.8766
0.0383,-11.2662,1.6478,-1.1364,1.2263,-0.7734
-1.8394,-10.2315,2.3759,-1.1534,0.8997,-0.5864
-1.4562,-8.8520,2.4908,-0.6957,0.6921,-0.6350
-1.2646,-7.8173,2.2226,-0.2610,0.7673,-0.9288
-1.3795,-7.5108,2.3759,-0.0996,0.6156,-1.1692
-1.0730,-8.6604,2.1459,-0.1542,0.3084,-1.0927
0.0000,-7.5108,2.7591,-0.3533,0.6156,-0.7479
0.4215,-4.8667,2.6824,0.3910,0.7564,-0.4019
3.5638,-4.0620,1.7627,0.9215,0.3740,0.0036

