-.-.-
1.1879,-9.8866,0.0000,-0.0352,0.0219,-0.0049
1.0346,-9.8866,0.0383,-0.0389,0.0182,-0.0073
1.1496,-9.9250,0.0766,-0.0437,0.0340,-0.0109
1.0730,-10.0399,0.1150,-0.0413,0.0449,-0.0134
1.1113,-9.8866,0.0000,-0.0316,0.0376,-0.0121
1.0730,-9.9250,0.0000,-0.0316,0.0352,-0.0146
1.0346,-9.8483,0.0383,-0.0352,0.0316,-0.0134
1.0730,-9.9250,0.0383,-0.0340,0.0316,-0.0134
0.9963,-9.8483,0.0766,-0.0389,0.0425,-0.0134
1.1113,-9.8483,0.0000,-0.0389,0.0401,-0.0121
1.0346,-9.8483,0.1150,-0.0413,0.0352,-0.0085
0.9963,-9.7334,0.1916,-0.0801,0.0340,-0.0085
1.0346,-9.8483,0.0383,-0.0886,0.0340,-0.0121
0.7281,-9.8866,-0.3066,-0.0546,0.0352,-0.0146
0.9580,-9.8866,0.0383,-0.0206,0.0425,-0.0194
0.9963,-9.7717,0.1150,-0.0182,0.0352,-0.0170
1.0346,-9.7717,0.1533,-0.0559,0.0243,-0.0073
0.9963,-9.6950,0.0383,-0.0728,0.0206,-0.0049
0.9580,-9.9633,0.0383,-0.0631,0.0206,-0.0024
0.9963,-9.8866,0.1533,-0.0474,0.0109,-0.0024
1.0730,-9.8866,0.1533,-0.0389,0.0012,-0.0036
1.1113,-9.8866,0.0383,-0.0449,0.0036,-0.0036
0.9963,-9.8483,0.0766,-0.0546,0.0049,-0.0036
1.2646,-10.0782,0.0383,-0.0546,0.0012,0.0000
1.0346,-9.9250,0.0766,-0.0461,0.0036,-0.0036
1.0730,-9.9633,0.1150,-0.0401,0.0049,-0.0049
1.1496,-9.8483,0.1150,-0.0413,0.0024,-0.0049
1.2263,-9.7717,0.1150,-0.0461,0.0036,-0.0085
1.1113,-9.9250,0.0000,-0.0522,0.0134,-0.0097
1.1113,-9.9250,0.0766,-0.0486,0.0146,-0.0097
1.1113,-9.7334,0.1150,-0.0413,0.0109,-0.0061
1.0730,-9.8483,0.1150,-0.0413,0.0036,-0.0049
1.1113,-9.9250,0.0383,-0.0401,-0.0036,-0.0012
1.1113,-9.8100,0.0766,-0.0449,-0.0024,-0.0012
1.1496,-9.8866,0.0383,-0.0559,0.0085,0.0024
1.1496,-10.1932,0.3066,-0.0534,0.0085,0.0024
1.1879,-9.8100,0.0766,-0.0522,0.0085,0.0036
1.1113,-9.7717,0.2299,-0.0838,0.0146,0.0012
1.1496,-9.9633,0.0766,-0.0898,0.0170,-0.0049
1.2263,-10.0399,0.1533,-0.0389,0.0036,-0.0049
1.0730,-9.8866,0.0766,-0.0352,0.0255,-0.0085
1.1879,-9.8100,0.1533,-0.0364,0.0425,-0.0109
1.1879,-9.7717,0.0766,-0.0498,0.0316,-0.0073
1.1496,-9.8483,0.0383,-0.0777,0.0291,0.0000
1.0730,-9.8483,-0.0383,-0.0886,0.0389,-0.0024
1.0346,-9.9250,0.1150,-0.0813,0.0474,-0.0012
1.0730,-9.8483,-0.0766,-0.0643,0.0498,0.0000
0.9197,-9.8100,0.0000,-0.0692,0.0522,0.0036
0.9580,-9.7717,-0.0766,-0.0838,0.0534,0.0073
0.9580,-9.8100,0.0383,-0.0838,0.0510,0.0073
1.0730,-9.8866,0.1150,-0.0765,0.0546,0.0073
0.9580,-9.8100,0.1150,-0.0716,0.0425,0.0061
0.8814,-9.8100,0.0383,-0.0765,0.0316,0.0085
0.9963,-9.8866,0.1533,-0.0850,0.0231,0.0073
1.1496,-10.1166,0.0000,-0.0777,0.0206,0.0036
0.9963,-9.9250,0.0000,-0.0643,0.0109,0.0061
1.1113,-9.8866,0.1150,-0.0571,-0.0073,0.0085
0.9963,-9.8100,0.0383,-0.0607,-0.0206,0.0109
0.9580,-9.7717,0.0383,-0.0583,-0.0255,0.0121
1.0730,-9.8483,-0.0766,-0.0607,-0.0267,0.0134
0.9963,-9.9250,-0.0383,-0.0656,-0.0279,0.0109
1.0346,-9.9250,0.0383,-0.0716,-0.0328,0.0170
0.9197,-9.7334,0.1533,-0.0692,-0.0328,0.0182
0.9197,-9.7717,0.0000,-0.1044,-0.0158,0.0097
0.9580,-9.8866,0.0000,-0.1081,-0.0267,0.0036
1.0346,-9.8866,-0.0383,-0.0486,-0.0340,-0.0012
0.9197,-9.9250,-0.0383,-0.0534,0.0000,-0.0049
1.0346,-9.8483,-0.0383,-0.0474,0.0109,-0.0061
1.1113,-9.8483,0.0383,-0.0559,-0.0049,-0.0049
1.1113,-10.0782,0.0000,-0.0874,-0.0085,-0.0036
1.1113,-9.9250,0.0383,-0.0813,0.0049,-0.0073
0.9963,-9.8866,0.0000,-0.0607,0.0219,-0.0121
0.9963,-9.8483,0.0000,-0.0474,0.0291,-0.0158
1.0730,-9.8483,0.0000,-0.0534,0.0340,-0.0170
1.0346,-9.8866,0.0000,-0.0619,0.0304,-0.0170
0.9963,-9.9250,0.0383,-0.0546,0.0401,-0.0182
1.1496,-10.0016,0.0000,-0.0474,0.0583,-0.0231
1.0346,-9.9633,-0.0383,-0.0437,0.0631,-0.0231
1.1113,-9.8866,0.0000,-0.0437,0.0571,-0.0219
0.9963,-9.7717,0.0383,-0.0510,0.0534,-0.0219
1.0346,-9.9250,0.0000,-0.0559,0.0571,-0.0206
1.1879,-9.9633,0.1533,-0.0449,0.0571,-0.0231
1.0730,-9.9633,-0.0383,-0.0401,0.0546,-0.0219
1.0730,-9.8866,0.0383,-0.0413,0.0486,-0.0182
0.9963,-9.8483,-0.0383,-0.0486,0.0461,-0.0182
1.0730,-9.8866,0.0000,-0.0474,0.0498,-0.0170
1.0346,-10.0016,0.0000,-0.0498,0.0546,-0.0170
1.1113,-9.8866,0.1150,-0.0401,0.0534,-0.0146
0.9580,-9.8483,-0.0383,-0.0316,0.0498,-0.0134
0.9963,-9.8483,0.0383,-0.0741,0.0461,-0.0158
1.1113,-9.8866,0.0000,-0.0680,0.0413,-0.0134
1.1113,-10.0016,0.0766,-0.0243,0.0389,-0.0158
1.3029,-10.1166,0.5365,-0.0121,0.0522,-0.0170
1.0730,-9.8100,0.0383,-0.0146,0.0437,-0.0121
1.1496,-9.8866,0.1150,-0.0449,0.0316,-0.0061
0.9963,-9.8866,0.0383,-0.0583,0.0267,-0.0049
0.9580,-10.0016,0.0000,-0.0486,0.0194,-0.0012
0.9197,-9.9250,0.0383,-0.0364,0.0121,-0.0024
1.0730,-9.8866,0.0000,-0.0279,0.0134,0.0000
1.0730,-9.8483,0.0000,-0.0413,0.0121,-0.0012
0.9580,-9.8100,0.0766,-0.0498,0.0036,0.0024
1.1496,-9.8483,0.0383,-0.0449,-0.0012,0.0036
1.1879,-9.9250,0.1916,-0.0364,0.0024,0.0024
0.9580,-9.8100,0.0000,-0.0352,0.0036,0.0012
1.1113,-9.8483,0.0383,-0.0461,-0.0012,0.0024
1.0730,-9.9633,0.0000,-0.0498,0.0000,-0.0012
1.0730,-9.8866,0.0766,-0.0461,0.0085,-0.0012
0.9963,-9.7717,0.0383,-0.0316,0.0109,-0.0024
1.0730,-9.8866,0.0383,-0.0291,0.0012,-0.0024
1.1113,-9.8483,0.1150,-0.0352,-0.0036,-0.0036
1.0346,-9.8483,0.1533,-0.0389,-0.0097,-0.0024
1.0346,-9.9250,0.0766,-0.0352,-0.0012,-0.0036
1.0730,-9.9250,0.0766,-0.0328,-0.0061,-0.0012
1.1113,-9.8483,0.0383,-0.0316,-0.0012,0.0012
1.0346,-9.8100,0.1150,-0.0461,0.0061,-0.0012
1.0346,-9.8483,0.0383,-0.0777,0.0085,-0.0073
1.1496,-9.9250,0.0383,-0.0486,0.0158,-0.0109
0.9963,-9.9633,-0.1150,-0.0024,0.0194,-0.0194
1.0346,-9.8483,0.0766,0.0049,0.0291,-0.0219
0.9963,-9.7717,0.1533,-0.0170,0.0182,-0.0170
1.0346,-9.8100,0.1150,-0.0522,0.0182,-0.0158
1.0346,-9.8866,0.0766,-0.0522,0.0279,-0.0194
0.9963,-9.8483,-0.0383,-0.0376,0.0340,-0.0182
1.0730,-9.8866,0.1150,-0.0231,0.0316,-0.0194
1.2646,-9.8483,0.1916,-0.0255,0.0352,-0.0194
1.1496,-9.8100,0.1150,-0.0425,0.0328,-0.0158
1.0346,-9.8100,0.0383,-0.0449,0.0316,-0.0134
0.9580,-9.8100,0.0766,-0.0437,0.0510,-0.0170

