-.-.-
-2.7207,-8.6221,3.9853,-0.3230,0.0170,0.0996
-2.6058,-8.4688,3.6404,-0.3667,-0.0049,0.1384
-2.3375,-8.6604,3.4871,-0.3217,-0.0583,0.1724
-2.5675,-8.6987,4.0236,-0.2793,-0.0607,0.1518
-2.4525,-8.6221,4.0620,-0.3084,0.0206,0.1603
-2.3759,-8.3921,3.9470,-0.2550,0.0826,0.2028
-3.0656,-8.3538,3.8704,-0.2295,0.0668,0.2185
-3.9853,-8.7370,4.5601,-0.3060,-0.0340,0.3375
-3.0273,-9.5034,4.4452,-0.0826,-0.0255,0.3448
-2.1843,-9.3502,4.3302,0.0534,0.1311,0.3145
-1.9927,-9.1969,3.6787,0.1129,0.0923,0.2841
-2.6058,-8.6604,3.3722,0.1578,0.2040,0.2793
-3.0656,-8.5071,3.6021,0.1251,0.3752,0.3047
-2.7591,-8.9670,3.5638,0.1093,0.4140,0.2805
-2.6058,-9.3502,3.5255,0.1858,0.5051,0.2465
-2.3375,-9.5801,3.8704,0.2647,0.5889,0.2355
-2.1459,-9.5801,3.6404,0.3132,0.6811,0.1894
-1.8011,-9.3118,3.6021,0.3812,0.7880,0.0741
-2.1459,-8.6221,3.4105,0.4504,0.9191,-0.0559
-2.5291,-8.3538,3.4871,0.3910,1.0296,-0.1724
-2.9123,-8.0089,4.0236,0.3885,1.1316,-0.2222
-3.2189,-8.0856,3.8320,0.4055,1.1668,-0.2562
-3.3722,-8.2005,3.7554,0.4092,1.2627,-0.2817
-3.2955,-8.2005,3.4871,0.4614,1.3441,-0.3278
-3.7554,-7.7024,3.7171,0.4990,1.4800,-0.3594
-3.7937,-7.3575,3.5638,0.4784,1.6039,-0.2987
-4.4835,-7.0893,2.9123,0.5257,1.6015,-0.2440
-4.4452,-6.4761,2.9123,0.5124,1.6063,-0.1894
-4.6751,-6.0929,2.7207,0.4395,1.4946,-0.1566
-4.8284,-4.9816,2.4142,0.1663,1.5213,-0.1688
-4.7134,-3.8704,1.5328,-0.0376,1.4667,-0.1360
-4.5218,-3.4105,1.3795,-0.2440,1.4327,-0.0923
-4.7517,-3.8320,1.2263,-0.6617,1.3732,-0.0704
-5.2116,-5.7864,0.9963,-1.0806,1.1607,-0.1530
-7.0126,-7.6257,0.8430,-1.2117,0.8548,-0.3302
-7.1659,-10.0016,1.0730,-1.2615,0.5840,-0.5852
-6.1313,-11.6111,0.3449,-1.1255,0.4990,-0.8378
-4.1769,-10.5764,1.3029,-0.7977,0.5464,-0.9470
-3.6021,-10.0399,0.9963,-0.7091,0.5731,-1.0053
-4.3302,-8.9670,0.8047,-0.8086,0.6459,-1.0344
-4.2919,-8.3538,1.1113,-1.0102,0.7855,-1.0175
-3.5638,-8.4688,1.6478,-1.2348,0.7552,-1.0065
-3.2955,-8.8137,2.0310,-1.3829,0.6411,-0.9337
-3.6404,-9.7334,1.9927,-1.4679,0.6022,-0.8985
-4.1003,-10.3082,2.1843,-1.4813,0.5099,-0.8050
-3.9853,-11.0363,1.8777,-1.4570,0.3108,-0.7783
-3.3722,-10.9596,0.0766,-1.2918,0.1263,-0.9470
-2.8740,-9.6184,-1.4562,-1.1073,0.2659,-1.0332
-2.2226,-7.8557,-2.1843,-1.1656,0.3448,-0.8875
-2.0693,-8.0473,-2.4525,-1.3866,0.3618,-0.5864
-2.1076,-9.1969,-1.5711,-1.5177,0.3169,-0.4468
-1.8777,-10.1549,-1.1879,-1.4849,0.2319,-0.5209
-1.6861,-9.8483,-0.9963,-1.3307,0.3958,-0.6119
-1.1113,-8.6221,-1.5328,-1.3113,0.6629,-0.5767
-0.9197,-8.4688,-2.1843,-1.6245,0.8790,-0.5804
-2.1076,-9.4651,-2.4525,-1.8722,0.9567,-0.5901
-2.9507,-10.4614,-3.3339,-1.8674,0.8244,-0.5451
-2.3759,-9.6950,-4.4068,-1.6864,0.7394,-0.3582
-1.7627,-10.0399,-4.7134,-1.5820,0.7855,-0.0328
-1.3795,-11.0363,-5.5564,-1.6367,0.6314,0.1506
-0.7664,-11.6494,-6.6294,-1.7678,0.3910,0.2404
-0.6131,-9.7717,-7.3192,-1.9985,0.2477,0.3400
-1.3029,-10.1932,-5.5181,-1.8212,0.5791,0.6241
0.1533,-11.4195,-5.7864,-1.2991,0.8827,0.8098
-0.9197,-10.6530,-6.2462,-1.0988,0.8754,0.6593
-0.7281,-10.0399,-6.8210,-0.8718,0.9847,0.5925
-1.1496,-9.0819,-7.5108,-0.8305,1.1753,0.4371
-1.4179,-9.0436,-7.3575,-0.6617,1.3003,0.4140
-1.3029,-8.7754,-7.6641,-0.4456,1.2178,0.4225
-0.7664,-8.0856,-7.7407,-0.3582,1.1413,0.4055
-0.4598,-8.2389,-7.6641,-0.3727,1.1789,0.3788
-0.4598,-8.3155,-7.8173,-0.4092,1.1668,0.3290
-0.4598,-8.0856,-7.5491,-0.4055,1.1777,0.3205
-0.6131,-7.6641,-7.4341,-0.3727,1.1777,0.4031
-0.8814,-7.5874,-7.5108,-0.4274,1.1704,0.5075
-0.6514,-7.6257,-7.9323,-0.4577,1.1292,0.5767
-0.2682,-7.7024,-7.9706,-0.3958,1.0854,0.5670
-0.3066,-7.4341,-7.6641,-0.2902,0.9689,0.5112
-0.2682,-7.3192,-7.0893,-0.1068,0.8280,0.5209
-0.3449,-7.1276,-7.0509,0.1081,0.6374,0.5597
-0.1916,-6.8210,-7.1659,0.2003,0.5512,0.5840
-0.0383,-6.5145,-7.3192,0.1627,0.5391,0.5779
0.0766,-6.4378,-7.0126,0.1068,0.5500,0.5646
0.1150,-6.7061,-6.7061,0.1457,0.5634,0.5585
0.4982,-6.8977,-6.5145,0.2768,0.5476,0.5282
0.6898,-6.8593,-6.6294,0.3825,0.4820,0.4662
0.6514,-6.6677,-6.4761,0.4674,0.4310,0.3910
0.5365,-6.2845,-6.3229,0.5112,0.3169,0.3084
0.4215,-6.2462,-6.3229,0.5549,0.2331,0.2440
0.0766,-6.1696,-6.4378,0.5901,0.1797,0.2076
0.0000,-6.5145,-6.3612,0.6059,0.0959,0.1615
0.0766,-6.7827,-6.4761,0.5743,0.0255,0.0996
-0.2682,-6.7061,-6.9743,0.6095,-0.0304,0.0389
-0.8047,-6.4378,-6.7061,0.6690,-0.1384,-0.0401
-1.7627,-6.3229,-5.8247,0.8098,-0.3460,-0.0449
-2.1459,-6.6294,-4.9433,1.0077,-0.4966,0.0073
-1.8777,-6.6294,-4.2536,1.1729,-0.4954,0.0121
-1.8011,-6.2079,-4.7134,1.1692,-0.4808,-0.0656
-2.0310,-5.8247,-5.7864,0.9385,-0.4857,-0.1615
-1.9543,-6.1313,-5.7480,0.5427,-0.3679,-0.2210
-1.4179,-7.1276,-4.5601,0.3533,-0.2465,-0.2890
-0.9963,-7.8173,-4.3685,0.4055,-0.2525,-0.3436
-0.3832,-8.0089,-4.9050,0.4165,-0.1384,-0.3958
-0.0383,-8.1239,-5.1732,0.4080,-0.0158,-0.4565
0.0383,-7.8173,-5.1732,0.5197,0.0486,-0.4687
0.1150,-7.3958,-4.8284,0.6763,0.1663,-0.4298
0.0383,-7.2425,-3.8704,0.8718,0.2513,-0.4067
-0.1150,-6.9743,-4.2536,1.0879,0.1967,-0.4383
-0.5748,-6.7827,-6.2079,0.9276,0.1141,-0.4772
-0.5748,-8.4688,-8.9670,0.1724,0.1530,-0.4007
-1.0730,-10.5764,-6.4761,-0.2392,0.2489,-0.2999
-0.9963,-10.5381,-4.1386,0.2040,0.0607,-0.2088
-0.3449,-8.6604,-4.7517,0.7273,0.0219,-0.0777
-0.0383,-7.1276,-4.7517,0.8305,0.1712,-0.0097
0.0766,-6.7827,-3.2189,0.8718,0.2841,-0.0146
-0.4215,-6.7827,-3.4105,0.7734,0.1724,-0.0109
-0.7281,-7.3575,-4.2919,0.2538,-0.1093,0.0134
-0.4982,-8.6604,-4.7517,-0.2768,-0.4274,-0.0012
0.0383,-10.3465,-4.7900,-0.4286,-0.4674,0.0109
0.8430,-11.1129,-4.4835,-0.2076,-0.3339,-0.0146
0.7281,-10.6147,-3.9470,0.0813,-0.3266,-0.1056
0.4982,-9.8483,-3.4105,0.3727,-0.3825,-0.1797
-0.0383,-9.1202,-3.0273,0.4080,-0.4650,-0.2064
-0.0383,-8.9670,-2.7974,0.3096,-0.5901,-0.2246
0.1533,-8.8137,-2.6824,0.1748,-0.6787,-0.2477
0.3449,-8.6604,-2.4142,0.1445,-0.7601,-0.2525
0.3066,-8.4305,-2.6058,0.2270,-0.9434,-0.2258
0.3832,-8.0856,-2.7591,0.2234,-1.2421,-0.1639

