-.-.-
0.9580,-9.0053,-1.9543,-0.3837,1.4728,0.0449
0.8814,-9.6567,-1.9160,-0.2926,1.3647,0.1129
0.4598,-10.1932,-2.0310,-0.1833,1.3356,0.1882
0.3449,-10.6147,-0.8814,-0.0061,1.3271,0.2270
0.7664,-10.2698,-1.1879,0.2125,1.3441,0.2416
0.9197,-9.9250,-0.9963,0.3448,1.4448,0.2695
0.6514,-9.3502,-0.8430,0.4589,1.4533,0.3169
0.0766,-8.9286,-0.6131,0.5415,1.4169,0.3533
-0.4215,-8.6987,-0.6514,0.5184,1.3623,0.3594
-0.4215,-9.5801,-0.5365,0.2695,1.2530,0.2999
-0.5365,-10.3465,-0.3449,0.1421,1.1389,0.1858
-0.9580,-10.4998,-0.0383,0.2198,0.9434,0.0486
-1.1496,-9.4651,-0.4598,0.1615,0.6860,-0.0328
-0.9580,-9.2735,-0.3066,-0.1153,0.4699,-0.0898
-0.1150,-9.5418,-0.3449,-0.3302,0.2659,-0.1153
1.8011,-9.8100,-0.7281,-0.3557,0.1591,-0.1275
2.6441,-10.0399,-0.7281,-0.2076,0.2865,-0.1251
3.0656,-9.9250,-1.4945,-0.0801,0.4529,-0.1105
3.3339,-9.8866,-2.2992,-0.0680,0.7309,-0.1627
2.3759,-9.1586,-2.3375,-0.0376,1.1304,-0.2319
2.2992,-9.0053,-2.1076,0.1202,1.5905,-0.2331
2.2992,-9.4268,-2.2609,0.0789,1.8589,-0.1238
2.0693,-9.8483,-3.0656,-0.0753,2.0288,0.0765
1.3795,-9.7717,-3.0273,-0.1238,2.2595,0.1845
0.3066,-9.2352,-2.8357,-0.1311,2.3979,0.1918
-0.8430,-9.3118,-2.3759,-0.2878,2.4307,0.2088
-1.3795,-9.5034,-2.4525,-0.4322,2.4696,0.2659
-1.3412,-9.6950,-2.7207,-0.5075,2.4951,0.3096
-0.6514,-9.6184,-2.8740,-0.5002,2.5266,0.3278
0.1150,-9.5418,-2.5291,-0.4456,2.5970,0.3047
-0.1150,-9.4268,-2.3375,-0.2914,2.6954,0.2853
0.1150,-9.0819,-2.6824,-0.1797,2.7476,0.2720
-0.4982,-9.0053,-2.9507,-0.2525,2.8229,0.2258
-0.3832,-9.1202,-2.9123,-0.2914,2.8654,0.1955
-0.1916,-9.2735,-2.8740,-0.3145,2.9540,0.1894
0.0383,-9.6567,-2.4908,-0.2659,2.9734,0.2088
0.2682,-9.7334,-2.4525,-0.1445,2.9831,0.2173
0.3449,-9.8483,-2.6441,-0.0923,3.0366,0.2028
0.2682,-9.6950,-2.5675,-0.0826,3.0985,0.1639
0.0383,-9.6184,-2.6824,-0.0741,3.0997,0.1287
-0.2682,-9.9250,-2.6441,-0.1323,3.0281,0.1202
-0.5748,-10.0782,-2.7974,-0.1481,2.9042,0.1506
-1.2263,-10.1932,-2.8740,-0.1323,2.7027,0.2003
-1.9543,-9.8100,-3.2955,-0.0716,2.4210,0.2550
-2.1076,-9.2352,-3.2955,-0.0947,2.2498,0.2368
-1.8777,-8.6604,-2.8740,-0.0862,2.1029,0.1688
-0.7281,-8.0856,-2.5291,-0.1020,1.9438,0.0898
0.0000,-7.9323,-3.0656,-0.1020,1.8516,-0.0510
0.9580,-8.2772,-3.5638,-0.2100,1.7217,-0.1809
1.8011,-8.8903,-4.1003,-0.3217,1.6148,-0.2392
1.6095,-9.8100,-4.0236,-0.3412,1.6063,-0.2270
1.8011,-10.1932,-3.9470,-0.3242,1.6415,-0.1384
1.1879,-9.8866,-2.8357,-0.1384,1.6282,-0.0291
-0.0383,-9.1969,-1.6478,0.1821,1.5371,0.1032
-0.5748,-9.0053,-1.0346,0.2878,1.4898,0.1930
-0.5365,-8.6987,-0.9197,0.3096,1.4934,0.2100
-0.5365,-9.1586,-1.3412,0.2283,1.5031,0.1433
-1.1113,-10.8063,-1.4179,-0.0413,1.3246,0.1141
-1.3795,-12.2242,-1.1113,-0.2125,0.8705,0.2720
-0.7281,-12.1092,-0.4215,0.1506,0.5184,0.4383
1.1113,-10.6147,-0.8430,0.4177,0.6435,0.2938
2.2992,-9.5418,-1.1496,0.4116,0.9385,0.0049
2.3759,-9.5418,-0.7281,0.3958,1.1000,-0.1821
0.9580,-9.4651,-0.2299,0.3776,1.0939,-0.2355
-0.1916,-9.0436,-0.2682,0.2853,0.9531,-0.2234
-0.2682,-8.7370,-0.4982,0.1736,0.7285,-0.1603
0.2299,-8.8903,-0.3832,0.0971,0.4565,-0.0716
1.0346,-9.3885,-0.6131,0.1153,0.2392,-0.0291
1.4562,-10.2698,-0.8430,0.1190,0.1299,-0.0352
2.1843,-9.7334,-0.9580,0.1433,0.1408,-0.0206
1.7244,-9.6567,-0.6898,0.1506,0.1651,0.0061
1.0730,-9.4268,-0.3832,0.1396,0.1493,0.0061
0.8430,-9.8100,-0.5748,0.0656,0.0801,-0.0134
1.1113,-9.8100,-1.0730,0.0486,0.0474,-0.0352
1.8394,-10.2315,-2.1076,-0.0279,0.0522,-0.1141
2.2992,-10.4998,-2.6441,-0.2331,0.0777,-0.2222
1.6095,-10.2698,-1.7244,-0.0194,0.2416,-0.2793
0.4215,-8.8520,-1.3412,0.2574,0.2319,-0.2003
-0.5365,-8.2005,-0.8047,0.3157,0.1202,-0.0291
-0.6131,-8.4305,-0.8430,0.1748,-0.1226,0.1275
-0.2299,-9.1202,-0.9580,0.0012,-0.3521,0.2125
0.6898,-9.5034,-1.5328,-0.0401,-0.4468,0.2538
1.7627,-9.7717,-2.0693,-0.0231,-0.2865,0.2149
1.7244,-9.7717,-2.3375,0.0024,-0.0680,0.1663
1.2646,-9.8100,-2.7207,0.0243,0.0449,0.1396
0.0000,-9.8483,-2.8740,-0.0631,0.0826,0.0777
-1.3412,-9.8483,-2.4142,-0.0692,-0.0206,0.0498
-1.4945,-10.1166,-0.9580,0.1129,-0.1627,0.1081
-2.1843,-10.0782,-0.6131,0.2768,-0.2465,0.1676
-0.8814,-10.5381,-0.4215,0.2647,-0.3387,0.1894
0.1916,-10.0399,-0.6131,0.3181,-0.2161,0.1712
0.4982,-9.1586,-0.7281,0.3412,-0.0874,0.1566
-0.1533,-8.7370,-0.4982,0.1214,0.0571,0.1336
-0.6131,-8.8520,-0.1150,-0.0437,0.1809,0.1153
-0.4215,-9.0436,-0.0383,-0.2113,0.2756,0.0486
-0.1150,-9.1202,0.6514,-0.2695,0.3606,-0.0486
0.4598,-9.8100,-0.1150,-0.2113,0.4128,-0.0813
-0.1533,-9.7717,-0.2682,0.0364,0.3521,-0.1615
-1.1879,-9.1586,-0.1916,0.0850,0.1554,-0.1967
-1.8394,-8.8903,0.1916,0.0631,0.1105,-0.2744
-1.3795,-9.5418,-0.3832,-0.0401,0.1275,-0.3412
0.7664,-11.1512,-1.5711,-0.3825,0.2610,-0.2853
2.6824,-12.1859,-0.9580,-0.7006,0.2234,-0.0595
1.9543,-10.6530,-1.5328,-0.2841,-0.0801,0.2234
0.3832,-8.8903,-1.6478,-0.1639,-0.0328,0.3982
-0.5365,-8.3921,-0.3832,0.0437,0.1979,0.3339
-1.1496,-7.5108,-0.5365,0.0413,0.2113,0.1833
-1.3795,-8.1239,-1.0730,-0.3958,0.0741,0.1251
-1.3412,-9.7717,-1.3412,-0.6836,-0.0316,0.1214
-0.1916,-10.3848,-1.8011,-0.6253,-0.0959,0.0801
0.6514,-10.0399,-2.1076,-0.3460,-0.0534,-0.0559
0.9963,-9.6950,-1.8394,-0.1542,-0.0716,-0.1578
0.6514,-9.6567,-1.9160,-0.0716,-0.1870,-0.1845
0.1150,-9.3885,-2.1076,-0.0546,-0.3011,-0.1178
0.1150,-9.2352,-1.6861,-0.0571,-0.2926,-0.1008
0.7664,-9.5801,-2.4908,-0.1797,-0.1627,-0.1287
1.5328,-10.7680,-2.2226,-0.2744,-0.1214,-0.1506
0.9580,-11.1129,-2.5291,-0.0923,-0.0498,-0.1299
0.8430,-9.9250,-2.2609,0.0741,0.0352,-0.1166
0.0000,-9.7717,-1.2263,0.0971,0.1093,-0.1044
0.5365,-9.2352,-1.3795,0.0983,0.1955,-0.0838
0.6898,-9.2352,-1.5711,-0.0328,0.2708,-0.0474
0.1533,-9.2352,-1.6095,-0.1457,0.3254,-0.0340
0.1533,-9.4651,-1.6478,-0.1615,0.3715,-0.0291
-0.2299,-9.4268,-1.7244,-0.1809,0.4043,-0.0376
-0.2682,-9.6950,-1.9543,-0.2088,0.4043,-0.0559
-0.3066,-9.7334,-1.9543,-0.1845,0.3290,-0.0607
-0.3449,-9.8483,-2.2609,-0.1202,0.2100,-0.0498

