-.-.-
1.2646,-9.4268,0.2299,-0.0146,0.0668,-0.0012
1.2646,-9.5418,0.3066,-0.0012,0.0668,-0.0012
1.3029,-9.5418,0.2299,-0.0073,0.0692,-0.0012
1.3029,-9.5034,0.3449,-0.0085,0.0704,-0.0024
1.1496,-9.2735,0.3449,-0.0121,0.0680,-0.0036
1.2263,-9.4651,0.1916,-0.0316,0.0546,-0.0049
1.2646,-9.4651,0.2299,-0.0437,0.0534,-0.0121
1.3029,-9.4651,0.3066,-0.0461,0.0619,-0.0194
1.3795,-9.5418,0.3449,-0.0376,0.0680,-0.0146
1.2646,-9.6950,0.3832,-0.0085,0.0643,-0.0049
1.3795,-9.6184,0.2682,0.0121,0.0595,0.0012
1.2646,-9.5801,0.3832,0.0170,0.0619,0.0061
1.3412,-9.4651,0.5748,0.0073,0.0692,0.0061
1.3412,-9.5418,0.3066,0.0049,0.0789,0.0049
1.3795,-9.4268,0.5365,-0.0012,0.0850,0.0000
1.2263,-9.5418,0.3066,-0.0158,0.0862,-0.0085
1.1879,-9.4651,0.5365,-0.0267,0.0789,-0.0134
1.1879,-9.4651,0.3832,-0.0304,0.0777,-0.0121
1.1113,-9.5418,0.4215,-0.0425,0.0741,-0.0097
1.1496,-9.5034,0.4215,-0.0449,0.0704,-0.0097
1.2646,-9.5034,0.3832,-0.0401,0.0668,-0.0061
1.3412,-9.5418,0.4982,-0.0340,0.0656,-0.0024
1.3412,-9.4651,0.4598,-0.0316,0.0607,-0.0049
1.3795,-9.6184,0.3449,-0.0291,0.0619,-0.0073
1.2646,-9.3885,0.3832,-0.0279,0.0656,-0.0097
1.3795,-9.4651,0.3066,-0.0291,0.0728,-0.0097
1.3029,-9.5034,0.3832,-0.0352,0.0765,-0.0121
1.3029,-9.4651,0.3066,-0.0364,0.0777,-0.0097
1.2263,-9.5034,0.2682,-0.0376,0.0789,-0.0085
1.2646,-9.4651,0.3832,-0.0328,0.0789,-0.0085
1.3029,-9.4651,0.4598,-0.0316,0.0789,-0.0085
1.3412,-9.5034,0.2299,-0.0316,0.0862,-0.0097
1.3029,-9.5034,0.2682,-0.0291,0.0874,-0.0121
1.3029,-9.3885,0.3066,-0.0291,0.0862,-0.0134
1.3795,-9.5801,0.4215,-0.0316,0.0801,-0.0134
1.2263,-9.5418,0.3449,-0.0352,0.0765,-0.0134
1.2263,-9.5801,0.2682,-0.0352,0.0765,-0.0134
1.4562,-9.6567,0.2682,-0.0328,0.0765,-0.0109
1.3795,-9.6184,0.1533,-0.0316,0.0789,-0.0109
1.2646,-9.5034,0.1150,-0.0291,0.0777,-0.0097
1.3029,-9.5418,0.3066,-0.0267,0.0813,-0.0134
1.3795,-9.5418,0.3832,-0.0255,0.0838,-0.0146
1.3412,-9.4268,0.3066,-0.0206,0.0813,-0.0134
1.3795,-9.5034,0.3449,-0.0182,0.0728,-0.0097
1.2646,-9.4651,0.3832,-0.0279,0.0716,-0.0109
1.3029,-9.5801,0.3449,-0.0291,0.0765,-0.0121
1.3412,-9.5418,0.2299,-0.0291,0.0862,-0.0109
1.3029,-9.5418,0.1916,-0.0279,0.0862,-0.0097
1.3029,-9.5034,0.2682,-0.0255,0.0850,-0.0109
1.2646,-9.4651,0.2682,-0.0255,0.0753,-0.0073
1.3412,-9.6184,0.1916,-0.0279,0.0692,-0.0085
1.2646,-9.4268,0.2682,-0.0267,0.0704,-0.0085
1.3795,-9.5801,0.3449,-0.0304,0.0777,-0.0109
1.2646,-9.6567,0.2682,-0.0291,0.0838,-0.0109
1.3029,-9.5801,0.2682,-0.0267,0.0789,-0.0085
1.3795,-9.6184,0.3449,-0.0328,0.0789,-0.0097
1.3412,-9.6184,0.2682,-0.0401,0.0753,-0.0097
1.3795,-9.4651,0.1533,-0.0328,0.0692,-0.0085
1.3412,-9.5034,0.3066,-0.0279,0.0777,-0.0073
1.3795,-9.5418,0.2299,-0.0279,0.0886,-0.0121
1.3029,-9.5418,0.3066,-0.0389,0.0911,-0.0158
1.2263,-9.7334,0.0766,-0.0219,0.0741,-0.0146
1.2646,-9.6567,0.0383,-0.0073,0.0753,-0.0146
1.2263,-9.5801,-0.0766,-0.0170,0.0947,-0.0182
1.2263,-9.7334,0.0766,-0.0146,0.1141,-0.0109
1.4179,-9.6950,-0.2682,0.0389,0.1105,-0.0073
1.4179,-9.6184,-0.4598,0.0801,0.1275,-0.0109
1.3029,-9.5034,-0.5748,0.0716,0.1396,-0.0182
1.4562,-9.5418,-0.5365,0.0619,0.1348,-0.0194
1.5328,-9.7334,-0.9963,0.1214,0.1493,-0.0267
1.2263,-9.4268,-1.0730,0.1360,0.1894,-0.0546
1.1496,-9.1969,-0.9197,0.0498,0.1153,-0.1032
2.1843,-9.1969,-1.3412,-0.0668,0.0559,-0.1845
1.8011,-8.8903,-1.4562,-0.0425,0.1943,-0.2890
1.6861,-8.1239,-1.2646,0.0826,0.2950,-0.2550
1.6095,-7.3575,-1.1496,0.0959,0.2137,-0.1190
1.6861,-7.0126,-1.4945,-0.0316,0.0376,-0.0085
1.6478,-6.6294,-1.9927,-0.1129,-0.0692,-0.0206
1.8011,-6.5145,-2.2226,-0.2161,-0.0801,-0.1336
1.9927,-6.7061,-2.2226,-0.3873,0.0194,-0.3217
1.8777,-7.1276,-2.0310,-0.5719,0.0874,-0.4031
1.7244,-7.5108,-1.5711,-0.6435,0.0291,-0.3387
1.4945,-8.0473,-0.9580,-0.6653,-0.1323,-0.1663
1.1113,-8.3155,-0.2299,-0.5099,-0.2999,-0.0194
0.9197,-8.1622,0.0000,-0.3217,-0.4347,-0.0012
0.9963,-8.1239,0.0383,-0.0279,-0.4359,-0.0619
1.6095,-7.3958,0.0000,0.3290,-0.4165,-0.0886
2.3375,-6.6677,-0.1150,0.5342,-0.4007,-0.0231
2.7207,-6.8977,0.3832,0.8438,-0.3181,0.0850
3.0273,-8.2772,1.1879,1.3331,-0.2052,0.0886
2.4142,-10.1166,2.7974,1.9657,-0.1287,0.0607
1.9543,-9.8100,3.6404,2.8714,-0.1190,0.0024
1.8011,-10.3082,2.4525,2.7707,-0.1506,-0.0510
1.4179,-9.6950,2.9123,2.1041,-0.2768,-0.0049
1.1879,-9.7334,4.0620,1.5723,-0.3946,0.2586
1.0730,-10.7297,4.8284,1.7010,-0.4347,0.5136
1.0346,-10.9213,4.3685,2.4768,-0.4262,0.6690
1.9160,-10.8446,4.5984,3.0645,-0.3023,0.6496
2.5675,-10.6147,4.7900,3.0609,-0.2003,0.4274
3.9087,-10.4231,5.4032,2.8739,-0.0267,0.2404
3.5638,-9.9250,6.2462,2.7391,0.1481,0.1384
2.9890,-10.2315,10.8063,2.8544,0.2550,0.1603
2.1843,-12.3391,15.9796,4.5761,0.3315,0.2513
1.2263,-12.2625,7.7024,6.5272,0.2902,0.1408
1.1113,-6.7061,-1.1496,3.4530,0.4383,-0.0474
0.9580,-7.4341,10.5764,-1.1000,0.7880,-0.1506
-0.1916,-7.3192,14.0636,-0.8900,0.7892,-0.1469
-0.1533,-3.2572,9.1202,0.2513,0.5197,-0.1336
-0.2682,-0.3832,7.0893,0.6666,0.1688,-0.2100
-0.3066,-0.3449,6.7827,0.4286,-0.1008,-0.2368
1.2263,-4.1386,5.2499,-0.1566,0.0498,-0.2234
0.8047,-3.8704,8.0856,-0.1166,0.4772,-0.0486
0.6898,-3.7171,9.0053,0.7346,0.1797,0.0777
0.4598,-2.4908,7.3192,1.2105,0.1542,0.2052
0.2682,-2.1076,7.5874,0.7855,0.1360,0.1918
0.6131,-2.9123,7.8173,0.4759,0.2295,0.0789
0.8047,-3.4488,7.8940,0.2926,0.3084,0.0073
0.8430,-3.9087,7.6641,0.1336,0.2574,-0.0049
1.1113,-3.8320,7.1659,-0.2258,0.1518,-0.0170
1.1879,-3.5638,7.3575,-0.5694,0.0631,-0.0437
1.5711,-3.5255,8.0473,-0.6993,0.0049,-0.0364
1.4179,-3.6404,9.0819,-0.6010,-0.0097,-0.0109
0.7664,-4.7134,8.7370,-0.2756,0.0012,-0.0049
0.3832,-4.5984,8.2772,0.1348,0.0024,0.0012
0.4982,-4.0236,7.2042,0.3047,0.0036,0.0328
0.8047,-3.7937,6.8210,0.1578,0.0085,0.0449
1.0346,-4.0236,7.1659,-0.0291,0.0389,0.0194
1.3412,-4.2536,7.5491,-0.0813,0.0692,-0.0109

