-.-.-
-15.8646,-12.4924,-2.3759,-0.1639,1.3781,-1.4594
-2.6058,-22.8389,-6.5911,-1.6949,0.2744,0.3230
7.4341,-28.0888,-4.4835,-2.6505,-1.0818,1.8309
0.2682,-23.2988,5.6714,-1.4788,-0.5124,1.2943
-1.8777,-10.1932,-4.6751,1.9050,-1.4048,0.7916
-4.4068,-8.4688,-3.0273,0.0024,-1.6439,0.6326
-4.7517,-13.6804,-2.5291,-1.5626,-0.9009,0.2695
-2.5675,-8.7754,0.4982,-1.3647,-1.0660,0.3035
2.0310,0.3832,-0.3449,0.0801,-1.0915,-0.2780
3.5638,3.6021,-2.5675,1.1716,-1.4363,-0.7880
6.4378,5.7864,-10.6914,0.7491,-1.0867,-0.7940
3.1423,2.3759,-7.4341,0.1251,-0.0959,-1.2651
-0.0766,-4.2152,-3.6404,0.7212,0.4334,-1.3453
-2.2609,-5.0200,-0.6514,0.6144,-0.4201,-0.8754
-0.8814,-4.4452,-0.9963,-0.2173,-1.2044,-0.5318
-8.5071,0.6898,-22.5707,4.6429,-0.8584,-0.1833
-10.1166,-23.1838,7.1659,-0.4674,0.5136,1.4667
7.2809,-8.6221,27.6673,-4.0200,-2.0847,2.1405
15.4431,-34.3350,-12.6074,-0.9312,0.1518,1.0697
-3.9470,-38.7802,-1.5328,-0.9288,1.0867,-2.1855
-0.4598,-14.5617,-5.7864,3.1786,-0.0085,-1.8127
-1.2263,-4.9050,-1.2263,0.7783,0.6678,-1.2020
-4.0236,-1.9543,-1.6478,0.3023,0.2999,-0.9737
1.6861,-7.3192,-7.2425,-1.3319,-0.1906,0.1991
0.3832,-4.1003,-1.1113,-2.5424,-0.2307,-0.1603
-1.9160,-1.3029,7.1276,-2.3858,-0.3011,-0.4116
-4.3302,1.6478,3.7171,0.1761,-0.0801,-0.0631
-1.6861,2.6058,0.4598,1.5893,-0.4577,0.0862
-1.2263,1.6861,-4.1003,3.1713,-0.8329,0.3400
-0.3449,0.3832,-16.5161,2.2765,-0.8183,0.7904
6.7444,-3.3722,-4.1386,-1.2311,-0.1845,0.3120
3.6404,-4.9433,-1.9543,-2.4186,0.3242,-0.3302
7.6641,-7.3192,-6.2462,2.1308,0.6556,-0.4347
6.2845,-3.4488,-3.1423,4.0382,-0.0036,-1.2178
-18.2788,-34.0668,98.9430,-6.5017,0.5986,-2.9807
-6.5911,-25.3297,-6.3995,-0.7637,-0.4529,-0.3946
-2.4142,-27.2841,-5.4798,0.4298,-1.7156,1.9718
3.2189,-22.9539,-0.8430,1.2518,-0.9871,1.5869
-1.2263,-7.2042,-1.1879,1.7277,-1.8212,0.5014
0.1533,-7.3958,-2.1843,-0.3727,-1.4035,0.1287
-1.9543,-8.5071,-3.2955,-1.1073,-1.2736,-0.1712
-1.4179,-5.3648,-3.1039,-1.5614,-0.3035,-0.1542
4.1386,-0.1150,0.2682,-1.3003,-0.2076,-0.0704
3.9470,1.9543,0.3449,-0.2865,0.1433,-0.4322
1.9543,2.4142,-0.5365,1.1546,0.0437,-1.0077
1.6478,0.1916,-5.1349,0.7576,0.6168,-1.4995
-1.3412,-1.8394,-1.5711,0.7503,1.1425,-1.3744
-4.5984,-4.7134,-4.7517,0.7091,0.6496,-1.2409
-2.8357,-3.2572,-0.9580,0.8766,-0.5621,-0.9009
-5.2499,-2.5675,-14.6767,2.3870,-0.9410,-0.2331
-13.2205,-8.8520,-11.1129,1.3829,0.9920,0.4395
21.0379,-29.8898,72.2721,-4.1159,-1.5225,2.0665
13.4121,-27.5906,-10.5764,-0.6981,-2.0276,1.3392
-5.5181,-31.8825,-3.1806,-0.5233,-0.0134,-1.9572
-5.7097,-20.8079,0.0000,1.4072,-0.9215,-2.0835
-7.2425,-9.1586,-0.5365,1.2530,-1.0029,-1.6719
-5.2116,-5.5948,-2.8357,-0.2319,-0.9895,-1.1097
4.4452,-7.5874,-3.5255,-1.9123,-1.5043,-0.2744
4.7900,-6.0929,-3.6787,-2.4125,-1.5735,-0.8280
3.2572,-3.0656,2.6058,-1.8625,-0.9871,-0.6884
-1.6861,0.9963,1.3412,-0.4371,-0.4067,-0.3327
1.3029,2.1843,0.0766,0.9155,-0.4541,0.3594
3.1806,2.1459,-2.3759,3.2636,-0.2161,0.5901
-1.8394,-2.8740,-6.3995,2.0883,0.1930,0.4468
2.4142,-5.6331,-5.9013,-0.7783,0.1469,0.1299
0.4215,-7.0509,-3.0273,-1.4400,0.7188,-0.3849
-0.5748,-4.1386,-1.4179,0.6702,0.4274,-0.4602
-0.1533,-13.8336,-20.5780,4.2531,-0.1275,-0.4565
-7.8557,-21.8809,-10.6914,-0.8341,-0.5476,-1.8625
0.1533,-21.2295,-10.0782,-4.4438,-1.4594,-0.8050
-1.2263,-27.2841,-2.7591,-1.8079,-1.2931,0.5027
3.6021,-27.3607,-2.2226,0.0304,-1.6148,1.0041
-2.4525,-16.6693,-1.4179,1.3319,-1.3016,0.5670
-0.1150,-10.2698,-3.7554,0.2817,-1.4570,0.2477
-2.9507,-10.1549,-1.3412,-0.6326,-1.5395,0.0061
-2.8357,-10.6914,-2.7207,-1.0697,-1.0284,0.0170
0.3449,-6.4761,0.1916,-0.8511,-0.8110,-0.0826
1.8777,-0.4215,-0.4982,-0.0789,-1.1279,-0.7346
0.4982,2.9123,0.7664,0.8620,-0.9482,-0.7989
1.9160,4.6368,-6.4378,2.4004,-0.4723,-0.9604
4.8284,3.7554,-2.2992,0.6229,-0.0170,-1.3513
1.1113,-2.6058,0.1150,0.3023,0.1238,-1.4582
-0.7281,1.8777,2.1459,0.3436,-0.6738,-1.2457
-1.1496,-0.5748,-7.3958,0.5318,-1.4473,-1.2081
-9.2735,-7.8940,-24.4867,0.4249,-0.2853,-0.3825
-11.1512,-23.4904,-11.9559,-0.4080,-0.1493,1.3623
12.2242,-14.9832,-6.5145,0.0121,-3.6424,1.3890
4.5601,-34.3733,-17.0909,-0.8620,-1.5760,-0.1202
-3.2189,-28.5486,1.9543,-1.6864,-1.2481,-2.0531
-0.4598,-17.2058,-3.9470,1.2579,-1.3198,-2.1126
3.3722,-9.8100,-2.3375,0.5269,-1.0175,-1.2494
3.6787,-7.1276,-4.1003,0.3667,-0.9470,-0.7746
5.7480,-4.9433,-3.1039,-1.0065,-0.6860,-0.9640
2.4525,-5.8247,-1.7627,-1.6731,-0.3715,-0.8875
-1.2646,-4.4452,2.0693,-1.2651,0.1117,-0.1639
-2.8357,-0.1533,0.6898,0.7673,0.3230,0.4614
-0.6131,1.6095,-0.0766,1.7836,0.1991,0.9507
1.3795,2.6058,-0.7664,2.7998,0.0559,1.0769
0.8814,2.0693,-11.4195,2.3749,-0.7467,0.9604
4.6751,-4.1769,-5.2116,-0.2695,-1.1279,0.7649
1.3412,-0.5365,-10.1549,-0.6314,0.3448,0.0704
0.3449,-11.8793,-5.9396,0.0401,-0.0024,-0.3752
-2.7207,-25.2914,14.7533,-2.5412,-0.9482,-1.2287
-10.6530,-18.7770,-11.3045,1.1886,0.0291,-1.1899
1.9160,-15.2898,-4.5984,-0.9434,-1.1462,-0.2914
4.4835,-25.4447,-6.6677,-1.6694,-1.5310,1.6367
-0.3832,-24.6783,-0.3832,0.5464,-1.5031,1.8079
-4.1769,-13.5654,-3.5638,1.6415,-1.6427,0.8208
-6.4378,-10.2698,-2.4525,-0.4407,-1.8030,0.2635
-5.9396,-8.3921,-1.8394,-1.0684,-1.8783,-0.1008
0.3066,-2.1843,-1.9543,-0.8195,-1.5711,0.0510
0.8047,1.2263,-0.8814,0.0461,-1.4655,-0.6046
1.9160,3.5255,-6.0163,0.6908,-1.5517,-0.2768
4.5218,-0.4982,1.0346,0.2465,-1.2566,-0.9859
2.6824,-2.0310,-2.1076,0.8147,-0.5099,-1.2894
-1.0346,-1.1496,-0.0766,0.6569,-0.1202,-1.0223
-1.7627,0.0766,-6.4378,0.7564,-0.6945,-0.7928
-7.1659,-1.9927,-23.1838,1.2639,-0.8487,-0.7637
-4.2919,-18.0489,-6.9743,0.3825,0.5451,0.2708
10.5764,-17.4741,22.3407,-2.2231,-1.4412,1.4764
7.0893,-11.5727,-10.6530,0.4565,-0.9179,0.8572
0.3832,-32.0741,-17.2058,-1.2833,0.5706,-0.0024
-6.5528,-51.3492,27.9738,-4.5045,0.1020,-2.0058
0.8430,-23.6436,0.0000,1.8079,0.4080,-0.7892
3.4871,-9.3118,-2.6824,1.2603,0.4043,-0.4565
5.9780,-3.0656,-2.6824,-0.3400,0.5779,-0.4480
0.5748,-0.5748,-2.7591,-0.7673,0.6180,-0.0959
-1.3029,2.6441,-2.2226,-1.9693,0.9118,0.4978

