-.-.-
0.4215,-9.5418,-2.8740,0.0024,-0.0765,0.0328
0.4982,-9.6950,-3.0656,-0.0279,-0.1044,0.0170
0.4982,-9.7717,-2.7591,-0.0376,-0.1299,0.0097
0.5365,-9.8100,-2.7974,-0.0097,-0.1457,0.0304
0.5365,-9.6184,-2.6824,0.0498,-0.1676,-0.0049
0.5365,-9.8483,-2.6058,0.0036,-0.1251,-0.0121
0.6131,-10.4231,-2.3759,-0.0364,-0.0789,0.0049
0.6131,-10.3082,-2.4142,0.0182,-0.0850,-0.0061
0.6131,-10.3848,-2.3375,0.0194,-0.0425,-0.0401
0.6898,-10.4998,-2.5291,0.0328,-0.0012,-0.0777
0.5748,-10.7680,-2.2992,-0.0134,0.0206,-0.0874
0.7664,-10.6530,-2.2609,-0.0121,0.0595,-0.0546
0.4215,-10.5381,-2.2992,-0.0194,0.0923,-0.0304
0.4215,-10.2315,-2.2226,-0.0267,0.0862,-0.0121
0.3832,-10.0399,-2.2992,-0.0559,0.0777,-0.0036
0.4215,-10.1932,-2.1843,-0.0607,0.0959,-0.0036
0.3832,-10.0399,-2.3759,-0.0279,0.1093,-0.0049
0.4598,-10.0016,-2.3759,-0.0668,0.0996,-0.0049
0.4982,-10.0782,-2.1843,-0.1056,0.0911,-0.0073
0.3832,-10.1166,-2.0310,-0.0583,0.0874,-0.0049
0.4215,-10.0782,-2.3375,-0.0328,0.0692,0.0121
0.5365,-9.9250,-2.3759,-0.0291,0.0559,0.0206
0.3066,-9.8483,-2.2992,-0.0546,0.0486,0.0206
0.4215,-9.7717,-2.3759,-0.0413,0.0401,0.0194
0.5365,-9.8100,-2.4525,-0.0449,0.0316,0.0134
0.5365,-9.6567,-2.4525,-0.0692,0.0170,0.0097
0.5365,-9.9250,-2.6058,-0.0534,0.0061,0.0085
0.4982,-9.8483,-2.4142,-0.0304,0.0036,0.0073
0.5365,-9.8866,-2.4908,-0.0194,-0.0061,0.0109
0.4598,-9.8483,-2.4525,-0.0012,-0.0182,0.0146
0.5748,-9.8100,-2.7591,0.0097,-0.0304,0.0182
0.4982,-9.8866,-2.6441,-0.0061,-0.0231,0.0121
0.4982,-9.9633,-2.4525,0.0146,-0.0206,-0.0012
0.5748,-9.9633,-2.4142,0.0231,-0.0328,-0.0049
0.4215,-9.8866,-2.3759,0.0291,-0.0668,-0.0109
0.4982,-9.9250,-2.2992,0.0304,-0.0692,-0.0194
0.3449,-9.8100,-2.4142,0.0364,-0.0680,-0.0304
0.5365,-9.9250,-2.3759,0.0170,-0.0753,-0.0304
0.3832,-9.9250,-2.4525,-0.0024,-0.0753,-0.0267
0.4598,-9.9633,-2.2992,-0.0146,-0.0765,-0.0182
0.3832,-9.9250,-2.1843,-0.0085,-0.0656,-0.0219
0.4215,-10.0782,-2.2992,0.0109,-0.0728,-0.0279
0.3449,-9.9633,-2.2609,-0.0291,-0.0765,-0.0316
0.3832,-10.0399,-2.5291,-0.0546,-0.0862,-0.0291
0.5365,-9.9250,-2.4525,-0.0559,-0.1020,-0.0364
0.4598,-9.8100,-2.5675,-0.0449,-0.0971,-0.0364
0.4598,-9.9250,-2.2992,-0.0559,-0.1081,-0.0304
0.4982,-10.1549,-2.3375,-0.0316,-0.0935,-0.0231
0.4215,-9.9633,-2.4142,0.0049,-0.0826,-0.0134
0.4598,-10.0399,-2.3375,0.0097,-0.0838,-0.0158
0.5365,-10.0782,-2.1076,0.0049,-0.0643,-0.0243
0.4215,-10.0782,-2.0310,0.0304,-0.0437,-0.0279
0.5365,-10.0399,-2.3759,0.0194,-0.0267,-0.0316
0.3449,-10.1166,-2.0693,0.0000,-0.0304,-0.0243
0.4215,-10.0782,-2.2992,-0.0097,-0.0510,-0.0085
0.5365,-10.3465,-2.2992,-0.0425,-0.0376,-0.0097
0.4598,-9.8866,-2.2992,-0.0376,-0.0097,-0.0328
0.5365,-9.8866,-2.4142,-0.0522,-0.0012,-0.0267
0.4598,-9.7334,-2.1843,-0.0559,0.0024,-0.0134
0.6514,-9.8483,-2.2609,-0.0643,0.0097,-0.0024
0.5365,-10.1549,-2.2226,-0.0716,0.0158,-0.0049
0.6131,-9.9633,-2.3759,-0.0534,0.0291,-0.0097
0.4598,-10.0016,-2.3759,-0.0886,0.0425,-0.0146
0.5748,-10.0782,-2.2992,-0.0801,0.0389,-0.0194
0.4598,-9.8866,-2.2992,-0.0692,0.0389,-0.0182
0.5365,-9.9250,-2.1843,-0.0704,0.0413,-0.0097
0.6514,-10.0016,-2.1843,-0.0559,0.0510,-0.0097
0.6131,-9.8866,-2.4142,-0.0728,0.0643,-0.0109
0.5748,-10.0016,-2.1459,-0.0813,0.0728,-0.0121
0.5365,-9.9633,-2.4525,-0.0656,0.0583,-0.0109
0.6131,-9.9633,-2.4142,-0.0728,0.0546,-0.0036
0.4982,-10.0782,-2.1459,-0.0534,0.0583,0.0012
0.4215,-9.8866,-2.3375,-0.0486,0.0619,0.0012
0.5365,-9.9250,-2.3375,-0.0813,0.0559,0.0012
0.5365,-10.0782,-2.3375,-0.0862,0.0656,0.0036
0.5365,-10.0016,-2.2992,-0.0474,0.0656,0.0061
0.6131,-9.8100,-2.5291,-0.0364,0.0534,0.0121
0.4982,-9.7717,-2.4525,-0.0777,0.0510,0.0073
0.4215,-9.8483,-2.2992,-0.0971,0.0498,0.0012
0.4982,-9.8100,-2.4908,-0.1129,0.0376,0.0012
0.4982,-9.6950,-2.4525,-0.1481,0.0401,-0.0024
0.3449,-9.8483,-2.5291,-0.1578,0.0219,-0.0134
1.0730,-9.9633,-2.8740,-0.1360,-0.0012,-0.0085
0.4598,-9.8483,-2.4908,-0.1202,0.0158,-0.0085
0.3832,-9.8100,-2.4525,-0.1275,-0.0024,-0.0134
0.2682,-9.8866,-2.3759,-0.1202,-0.0085,-0.0146
0.4215,-9.9250,-2.4142,-0.1093,-0.0304,-0.0134
0.3832,-10.0782,-2.4525,-0.0935,-0.0231,-0.0049
0.4598,-9.9250,-2.4908,-0.0983,-0.0219,-0.0121
0.6514,-9.8100,-2.4525,-0.1068,-0.0121,-0.0097
0.4215,-9.9633,-2.2609,-0.0983,-0.0085,-0.0097
0.5365,-9.8866,-2.3375,-0.0983,-0.0036,-0.0097
0.4982,-9.7717,-2.4908,-0.0996,-0.0085,-0.0036
0.4982,-9.7717,-2.7974,-0.1190,-0.0146,-0.0049
0.3832,-9.7717,-2.4525,-0.1615,-0.0291,-0.0121
0.4982,-9.8866,-2.4142,-0.1566,-0.0291,-0.0158
0.5365,-9.6950,-2.5291,-0.1433,0.0024,-0.0206
0.3449,-9.6184,-2.4908,-0.1396,0.0182,-0.0279
0.5365,-9.4651,-2.7974,-0.1882,0.0012,-0.0231
0.4598,-9.7717,-2.6058,-0.1858,-0.0024,-0.0255
0.5748,-9.6950,-2.5291,-0.1724,0.0036,-0.0291
0.4982,-9.6184,-2.6058,-0.2015,-0.0036,-0.0255
0.5748,-9.5801,-2.5291,-0.2088,0.0219,-0.0267
0.4598,-9.5418,-2.5291,-0.1773,0.0243,-0.0219
0.6131,-9.7334,-2.9123,-0.1821,0.0340,0.0012
0.3449,-9.7717,-3.1039,-0.2404,0.0061,-0.0049
0.3066,-9.8100,-2.2992,-0.2440,-0.0401,0.0219
0.4215,-9.6567,-2.7974,-0.1457,-0.0656,0.0061
0.4982,-9.6950,-3.1423,-0.2307,-0.0304,0.0182
0.5365,-9.7334,-2.8740,-0.2453,-0.0364,0.0000
0.5365,-9.6950,-2.9123,-0.2513,-0.0643,-0.0364
0.4215,-9.3885,-3.3339,-0.2598,-0.0789,-0.0425
0.1150,-9.2352,-3.1423,-0.3181,-0.0826,-0.0765
0.5365,-9.3885,-3.1039,-0.3448,-0.0510,-0.0826
0.6131,-9.2735,-3.2189,-0.3400,-0.0134,-0.0546
0.4982,-9.4651,-3.2955,-0.3448,-0.0510,-0.0376
0.1916,-9.2735,-3.5638,-0.3424,-0.1105,-0.0146
0.4598,-9.0436,-3.4871,-0.3485,-0.1008,0.0049
0.3449,-9.1586,-3.4105,-0.3412,-0.0704,-0.0170
0.6514,-8.9286,-3.3339,-0.2538,-0.0546,-0.0304
0.8047,-9.0436,-3.7554,-0.1955,0.0073,-0.0389
1.1496,-9.4268,-3.5255,-0.2380,0.0486,-0.0219
0.8430,-9.6567,-3.4871,-0.2453,0.0461,-0.0279
0.5748,-9.5034,-3.4871,-0.1918,0.0121,-0.0413
0.4598,-9.3885,-3.2955,-0.1906,-0.0146,-0.0304
0.7281,-9.5801,-3.1806,-0.2113,-0.0304,-0.0182
0.4982,-9.6950,-3.4871,-0.2270,-0.0631,-0.0304
0.4982,-9.8100,-3.3722,-0.2744,-0.1299,-0.0461

