-.-.-
0.1150,-6.1313,-7.9706,0.3047,-0.0401,-0.0656
0.2299,-6.2079,-8.0089,0.3327,-0.0498,-0.0486
0.2299,-6.2462,-7.7407,0.3752,-0.0291,-0.0291
0.4598,-6.3995,-7.6641,0.4067,-0.0012,-0.0340
0.5365,-6.5911,-7.8557,0.4128,0.0571,-0.0595
0.2682,-6.5528,-7.7790,0.4213,0.1093,-0.0741
0.0766,-6.5145,-7.5491,0.4626,0.1275,-0.0619
0.1916,-6.6677,-7.5491,0.4869,0.1299,-0.0498
0.2682,-6.6677,-7.4341,0.5051,0.1348,-0.0449
0.3449,-6.7444,-7.2809,0.5367,0.1445,-0.0376
0.2682,-6.5145,-7.2425,0.5464,0.1578,-0.0401
0.3832,-6.6294,-7.1659,0.5160,0.1785,-0.0486
0.2682,-6.8593,-6.9743,0.4905,0.2173,-0.0534
0.2299,-7.1659,-6.8593,0.4869,0.2428,-0.0559
0.2682,-7.3958,-6.8593,0.5476,0.2428,-0.0437
0.3449,-7.5491,-6.9743,0.6738,0.2489,-0.0243
0.3832,-7.4725,-6.8210,0.7892,0.2525,0.0000
0.4215,-7.4341,-6.7827,0.8159,0.2525,0.0267
0.4598,-7.4341,-6.3995,0.7904,0.2598,0.0449
0.3449,-7.5491,-6.4378,0.7576,0.2647,0.0486
0.4215,-7.5874,-6.3612,0.7455,0.2610,0.0595
0.4598,-7.6641,-6.3229,0.7516,0.2817,0.0631
0.6131,-7.7790,-6.0163,0.7564,0.2963,0.0619
0.4598,-7.8173,-5.9780,0.7528,0.3035,0.0656
0.5748,-7.7407,-5.7480,0.7236,0.3047,0.0680
0.3449,-7.8173,-5.7480,0.7273,0.2817,0.0862
0.3832,-8.0473,-5.5948,0.7601,0.2598,0.1032
0.4598,-8.3155,-5.3648,0.8086,0.2525,0.1044
0.4982,-8.0856,-5.2882,0.8280,0.2623,0.1093
0.4215,-7.9323,-5.1349,0.8013,0.2793,0.1056
0.6131,-8.0856,-5.0200,0.7443,0.2841,0.0886
0.4598,-8.2772,-4.8667,0.7236,0.2695,0.0777
0.5365,-8.2772,-4.9050,0.7236,0.2440,0.0692
0.5365,-8.0856,-4.7517,0.7358,0.2331,0.0534
0.6131,-8.0856,-4.7517,0.7115,0.2416,0.0425
0.7281,-8.3155,-4.4068,0.6678,0.2210,0.0401
0.5748,-8.4305,-4.4068,0.6350,0.1930,0.0291
0.4598,-8.4305,-4.3685,0.6034,0.1481,0.0206
0.4982,-8.7754,-4.1386,0.5828,0.1348,0.0146
0.4598,-8.9286,-3.9087,0.5998,0.1153,0.0121
0.4598,-9.0436,-3.9853,0.6447,0.0449,0.0085
0.5365,-9.0436,-3.7554,0.6896,-0.0158,0.0134
0.6514,-9.0053,-3.7554,0.6399,-0.0182,0.0000
0.7664,-8.9286,-3.5255,0.6010,-0.0194,-0.0134
0.7281,-9.0053,-3.4105,0.5561,-0.0231,-0.0146
0.8047,-9.3502,-3.3339,0.5342,-0.0206,-0.0049
0.6131,-9.2352,-3.1423,0.5719,-0.0024,0.0073
0.4982,-9.0053,-3.2572,0.5731,0.0109,0.0146
0.4982,-8.9670,-3.3339,0.5488,0.0012,0.0255
0.5748,-9.3118,-2.8740,0.5136,-0.0255,0.0461
0.4982,-9.4651,-2.7591,0.5367,-0.0206,0.0595
0.6131,-9.6567,-2.6824,0.5864,-0.0061,0.0692
0.5365,-9.3502,-2.7974,0.6071,0.0206,0.0607
0.4598,-9.4268,-2.5675,0.5791,0.0437,0.0279
0.3066,-9.4268,-2.5675,0.5549,0.0267,0.0121
0.4598,-9.4651,-2.4908,0.5561,-0.0097,0.0012
0.3832,-9.5034,-2.1843,0.5464,-0.0437,-0.0134
0.4215,-9.5034,-2.1459,0.5282,-0.0401,-0.0170
0.5365,-9.3885,-2.0310,0.4614,0.0134,-0.0340
0.6131,-9.5034,-2.1076,0.3910,0.0631,-0.0498
0.7664,-9.6950,-1.9927,0.3363,0.0874,-0.0474
0.6898,-9.7334,-1.8011,0.3375,0.0874,-0.0571
0.6898,-9.5801,-1.5711,0.3217,0.0996,-0.0656
0.6898,-9.6184,-1.6478,0.3230,0.1421,-0.0656
0.6514,-9.5034,-1.5711,0.3254,0.1566,-0.0546
0.6514,-9.4651,-1.3412,0.2659,0.1566,-0.0486
0.6514,-9.5034,-1.3412,0.2173,0.1566,-0.0498
0.6131,-9.6567,-1.4562,0.1712,0.1493,-0.0510
0.4598,-9.8100,-1.5328,0.1627,0.1299,-0.0425
0.5748,-9.8483,-1.3029,0.1991,0.1068,-0.0291
0.6131,-9.7717,-1.1496,0.2477,0.0826,-0.0304
0.6131,-9.5801,-1.1496,0.2210,0.0631,-0.0267
0.8047,-9.5418,-1.0346,0.1591,0.0741,-0.0146
0.8430,-9.6950,-0.9197,0.0923,0.0741,-0.0182
0.8430,-9.8866,-0.9963,0.0874,0.0680,-0.0194
0.8814,-9.6184,-0.9580,0.1044,0.1141,-0.0085
0.9963,-9.5801,-0.9197,0.0886,0.1251,0.0085
0.8430,-9.7334,-1.0730,0.0437,0.1214,0.0194
0.6514,-9.8483,-0.9963,0.0534,0.1457,0.0291
0.6898,-9.8866,-1.1113,0.0935,0.1493,0.0364
0.8814,-9.9633,-0.9580,0.1348,0.1676,0.0328
0.7281,-9.6184,-0.7281,0.1457,0.2064,0.0231
0.7664,-9.4268,-0.6898,0.1408,0.2331,0.0146
0.7664,-9.5034,-0.9197,0.0546,0.2440,0.0073
0.6514,-9.6950,-0.4598,-0.0316,0.2380,0.0121
0.7281,-9.5801,-0.5365,-0.0255,0.2113,0.0206
0.5365,-9.5801,-0.6898,-0.0789,0.1930,0.0243
0.4215,-9.6950,-0.8430,-0.1506,0.1785,0.0279
0.4598,-9.7334,-0.7664,-0.1348,0.1785,0.0352
0.4215,-9.8866,-0.8047,-0.1603,0.1615,0.0376
0.5365,-9.9633,-0.9580,-0.1615,0.1323,0.0352
0.4215,-9.9633,-0.8430,-0.1214,0.1141,0.0304
0.4215,-10.0016,-0.9963,-0.1372,0.0898,0.0146
0.4215,-9.9250,-0.8047,-0.0983,0.0716,-0.0024
0.2682,-9.5418,-0.7281,-0.0328,0.0352,0.0012
0.2682,-9.6567,-0.9197,-0.0619,-0.0121,0.0061
0.3066,-9.7334,-0.9197,-0.0826,-0.0510,0.0134
0.4215,-9.7717,-0.8814,-0.0680,-0.0813,0.0158
0.6131,-9.7334,-0.9963,-0.0704,-0.0789,0.0097
0.7664,-9.5418,-0.9580,-0.1056,-0.0559,0.0061
0.7281,-9.7334,-1.0730,-0.1311,-0.0328,0.0097
0.7281,-9.9250,-1.1496,-0.1081,-0.0061,0.0121
0.6514,-9.8483,-1.1496,-0.0983,0.0182,0.0146
0.4982,-9.8866,-1.2263,-0.0911,0.0255,0.0121
0.4982,-9.8100,-1.1496,-0.0826,0.0425,0.0085
0.4598,-9.7334,-1.1496,-0.0886,0.0486,0.0061
0.4982,-9.7717,-1.2263,-0.1068,0.0449,0.0036
0.4215,-9.8866,-1.2263,-0.1336,0.0461,-0.0049
0.3449,-9.8100,-1.3412,-0.1348,0.0389,-0.0085
0.3066,-9.8100,-1.2646,-0.1105,0.0219,-0.0121
0.3832,-9.8483,-1.3795,-0.0959,0.0146,-0.0134
0.4598,-9.9250,-1.3029,-0.0765,0.0061,-0.0109
0.4598,-9.6950,-1.3795,-0.0571,0.0000,-0.0085
0.3449,-9.6950,-1.5328,-0.0619,0.0049,-0.0073
0.4215,-9.8100,-1.4179,-0.0680,0.0146,-0.0061
0.4598,-9.8100,-1.4562,-0.0668,0.0170,-0.0036
0.2682,-9.6184,-1.4562,-0.0583,0.0219,-0.0012
0.3832,-9.7334,-1.4179,-0.0643,0.0255,-0.0024
0.3449,-9.7717,-1.4179,-0.0607,0.0304,-0.0049
0.4215,-9.6950,-1.4945,-0.0376,0.0328,-0.0036
0.2682,-9.6567,-1.3795,-0.0437,0.0316,-0.0036
0.4215,-9.6950,-1.2646,-0.0559,0.0413,-0.0024
0.4598,-9.7717,-1.2263,-0.0474,0.0413,0.0000
0.4598,-9.6184,-1.4562,-0.0449,0.0449,0.0000
0.2682,-9.7334,-1.2646,-0.0789,0.0595,-0.0012
0.5748,-9.9250,-1.1879,-0.0510,0.0619,-0.0036
0.2682,-9.7717,-1.4562,-0.0328,0.0680,-0.0049
0.4215,-9.8100,-1.5328,-0.0291,0.0716,-0.0073

