-.-.-
2.1843,-9.4268,-0.9580,0.4468,-0.1578,0.0983
2.2992,-9.3118,-0.7664,0.2659,-0.0595,0.0498
2.2609,-9.5801,-0.3832,0.1093,0.0364,0.0376
0.3832,-9.2352,-0.3832,0.0000,0.0389,-0.1457
2.1843,-9.7334,-0.9197,0.0219,0.0583,0.1068
2.4142,-9.5418,-1.4179,0.0449,0.0328,0.1044
2.2609,-9.5034,-1.3795,-0.0389,-0.0024,0.0595
2.0693,-9.4651,-2.1459,-0.0789,0.0716,0.0000
1.4945,-9.2735,-1.8777,-0.0911,0.0935,-0.0425
1.1879,-9.1202,-2.6824,-0.1336,0.0765,-0.1578
1.2646,-9.5801,-1.7627,-0.1967,0.0595,-0.0668
1.2646,-9.8483,-1.9543,-0.2307,0.0777,-0.0765
1.3412,-10.1549,-2.0310,-0.2440,0.0996,-0.0935
1.4562,-10.5381,-1.7627,-0.2258,0.1263,-0.1044
1.4179,-10.5381,-1.6095,-0.1651,0.1433,-0.1020
1.4562,-10.4231,-1.4945,-0.0996,0.1384,-0.0862
1.5328,-10.2315,-1.1879,-0.0510,0.0935,-0.0753
1.6478,-10.3465,-1.1879,-0.0085,0.0413,-0.0716
1.9160,-10.1549,-1.1113,0.0304,0.0073,-0.0643
1.8394,-9.9250,-1.2263,0.0461,0.0073,-0.0559
1.8777,-9.9633,-1.2646,0.0194,0.0206,-0.0498
1.8011,-9.8866,-1.4562,-0.0085,0.0279,-0.0401
1.7244,-9.9633,-1.5328,-0.0219,0.0340,-0.0255
1.7244,-10.0016,-1.6478,-0.0304,0.0352,-0.0206
1.8394,-9.9250,-1.6861,-0.0449,0.0328,-0.0146
1.8394,-10.0399,-1.6095,-0.0413,0.0182,-0.0158
1.6478,-10.0782,-1.7244,-0.0182,0.0109,-0.0134
1.5711,-10.0399,-1.6095,-0.0036,0.0085,-0.0085
1.5711,-10.0016,-1.7627,0.0024,0.0085,-0.0073
1.5328,-9.8483,-1.5328,0.0158,0.0012,-0.0097
1.7627,-10.0399,-1.3412,0.0316,-0.0073,-0.0170
1.6095,-10.1166,-1.4945,0.0425,-0.0158,-0.0364
1.8011,-9.9633,-1.3029,0.0559,-0.0206,-0.0534
1.8011,-9.8483,-1.2263,0.0704,-0.0134,-0.0583
1.7627,-9.8483,-1.2646,0.0765,0.0134,-0.0546
1.9543,-10.0016,-1.1496,0.0680,0.0364,-0.0522
1.9543,-9.9633,-1.2263,0.0425,0.0461,-0.0486
1.8011,-9.8483,-1.1879,0.0328,0.0510,-0.0389
1.8011,-9.8866,-1.2646,0.0304,0.0389,-0.0279
1.8011,-9.8483,-1.2263,0.0206,0.0170,-0.0231
1.8011,-9.8483,-1.2646,0.0061,0.0024,-0.0219
1.8394,-10.1549,-1.3029,0.0061,0.0024,-0.0158
1.7627,-10.0399,-1.3412,0.0146,0.0049,-0.0121
1.8011,-10.0016,-1.0346,0.0328,0.0049,-0.0109
1.7627,-10.0782,-0.9963,0.0449,0.0085,-0.0109
1.7627,-9.8483,-0.9197,0.0401,0.0109,-0.0146
1.6478,-9.9250,-1.0730,0.0170,0.0134,-0.0170
1.9160,-9.9633,-0.9197,-0.0012,0.0304,-0.0243
1.8394,-10.0782,-0.9580,-0.0097,0.0449,-0.0267
1.9160,-9.9633,-0.8047,-0.0243,0.0595,-0.0267
1.9543,-10.0016,-0.9963,-0.0425,0.0583,-0.0255
1.8777,-9.8866,-1.0346,-0.0559,0.0534,-0.0170
1.7627,-10.0016,-1.4179,-0.0510,0.0376,-0.0012
1.6861,-9.9250,-1.0346,-0.0389,0.0206,0.0073
1.7244,-10.0399,-1.1113,-0.0291,0.0134,0.0049
1.8011,-10.0399,-1.0346,-0.0121,0.0097,0.0024
1.9160,-10.0399,-1.0730,-0.0134,0.0194,0.0024
1.8777,-10.0016,-0.9963,-0.0182,0.0376,0.0000
1.8394,-9.9633,-1.0730,-0.0340,0.0437,0.0024
1.7244,-9.9633,-0.7664,-0.0401,0.0304,0.0036
1.7627,-9.9633,-0.9197,-0.0279,0.0243,0.0024
1.7627,-9.8866,-0.9580,-0.0231,0.0206,-0.0049
1.7627,-9.9633,-0.9963,-0.0073,0.0146,-0.0097
1.6861,-9.9633,-0.7664,0.0085,0.0085,-0.0109
1.7627,-9.8483,-1.1496,0.0012,0.0158,-0.0097
1.7244,-9.8483,-1.1113,-0.0231,0.0255,-0.0073
1.8011,-10.0016,-0.9580,-0.0352,0.0364,-0.0049
1.9543,-9.9633,-0.9580,-0.0267,0.0364,-0.0036
1.9927,-9.8866,-0.7281,-0.0231,0.0267,-0.0061
1.8011,-9.9250,-1.0346,-0.0206,0.0170,-0.0049
1.8011,-10.0782,-0.9197,-0.0243,0.0121,0.0012
2.0310,-10.0016,-0.6514,-0.0291,0.0146,0.0024
1.7627,-10.0016,-1.1113,-0.0304,0.0121,0.0012
1.8011,-9.8483,-0.9580,-0.0267,0.0121,0.0024
1.7244,-9.9633,-0.8430,-0.0352,0.0109,0.0012
1.7627,-9.9633,-0.9197,-0.0461,0.0085,-0.0036
1.7627,-10.0016,-0.8430,-0.0534,0.0036,-0.0036
1.8011,-9.8866,-0.8430,-0.0643,0.0073,-0.0073
1.8011,-9.9633,-0.9197,-0.0813,0.0182,-0.0109
1.6861,-9.9250,-0.9963,-0.0959,0.0158,-0.0121
1.8011,-9.9250,-0.9963,-0.0935,0.0182,-0.0134
1.8394,-9.8866,-1.0346,-0.0971,0.0304,-0.0085
1.8777,-10.0399,-0.8814,-0.0996,0.0449,-0.0097
1.9543,-10.0016,-0.8814,-0.0874,0.0461,-0.0109
1.8394,-10.0399,-1.0346,-0.0777,0.0534,-0.0097
1.8777,-9.9250,-0.9580,-0.0704,0.0595,-0.0134
1.8394,-10.0016,-0.9963,-0.0546,0.0583,-0.0109
1.7244,-9.8483,-0.9963,-0.0534,0.0474,-0.0036
1.7244,-9.9250,-0.8430,-0.0765,0.0401,0.0000
1.7627,-9.9250,-1.0346,-0.0923,0.0401,-0.0061
2.0310,-9.8483,-0.9580,-0.0911,0.0449,-0.0121
1.7627,-9.9633,-0.9963,-0.0862,0.0546,-0.0243
1.7244,-9.9250,-1.0346,-0.0765,0.0583,-0.0291
1.8394,-9.9633,-0.9963,-0.0777,0.0656,-0.0219
1.8777,-10.0016,-1.0730,-0.0911,0.0607,-0.0097
1.8394,-9.9633,-0.9963,-0.1226,0.0595,-0.0085
1.8777,-9.8100,-0.9197,-0.1251,0.0656,-0.0182
2.0310,-10.0782,-1.0730,-0.1093,0.0716,-0.0219
1.8777,-10.0016,-0.9197,-0.1068,0.0692,-0.0158
1.8777,-9.8866,-0.9963,-0.1141,0.0595,-0.0085
1.8011,-9.8100,-1.0346,-0.1105,0.0486,-0.0012
2.0310,-9.8866,-0.8814,-0.1166,0.0401,0.0049
1.8011,-10.0782,-1.2646,-0.1275,0.0449,0.0061
1.7627,-10.1166,-1.2646,-0.1238,0.0425,0.0000
1.7244,-9.9633,-1.1879,-0.1117,0.0413,0.0000
1.9543,-9.9633,-1.0346,-0.1153,0.0449,0.0061
1.8394,-9.9250,-1.1496,-0.1287,0.0522,0.0097
1.8777,-10.0016,-0.9963,-0.1384,0.0643,0.0146
1.8394,-10.0016,-1.0730,-0.1506,0.0631,0.0134
1.3412,-10.0399,-1.2646,-0.1591,0.0546,0.0170
1.8011,-9.9250,-1.1496,-0.1651,0.0401,0.0219
1.7244,-9.8483,-1.1879,-0.1663,0.0304,0.0304
1.7244,-9.8483,-1.3029,-0.1833,0.0267,0.0376
1.8011,-9.8483,-1.2646,-0.2173,0.0498,0.0510
1.6861,-9.8866,-1.1496,-0.2453,0.0741,0.0607
1.4562,-9.8866,-1.0346,-0.2598,0.0862,0.0692
1.2646,-9.7717,-0.9963,-0.2380,0.0437,0.0850
1.3029,-9.7717,-0.9197,-0.2671,-0.0510,0.1214
1.4179,-9.8100,-1.4179,-0.3679,-0.0413,0.1481
1.8394,-10.0782,-1.7627,-0.4201,0.0279,0.1627
1.3795,-10.1549,-1.8777,-0.4298,0.0389,0.1639
1.9160,-10.3082,-1.8011,-0.3485,-0.0121,0.1421
2.4525,-10.6147,-1.7244,-0.2003,-0.0753,0.0765
2.6058,-9.9633,-1.6478,-0.0898,-0.0947,-0.0886
2.0693,-9.6950,-1.3795,0.0109,0.0049,-0.2708
1.2646,-9.8866,-1.4179,-0.0134,0.1736,-0.3035
1.0730,-9.4651,-2.1459,-0.0716,0.2635,-0.2829
1.2646,-9.6950,-2.5291,-0.1809,0.1603,-0.1979

