-.-.-
-0.3066,3.9087,8.4688,0.0267,0.0862,-0.0097
-0.3832,3.9470,8.2772,0.0279,0.0923,-0.0085
-0.2299,3.8704,8.2772,0.0328,0.0911,-0.0049
-0.3449,3.9470,8.2005,0.0352,0.0813,0.0000
-0.3449,4.0236,8.2389,0.0376,0.0741,0.0085
-0.3449,3.8704,8.3155,0.0376,0.0680,0.0097
-0.3832,3.9470,8.3538,0.0352,0.0668,0.0085
-0.4598,3.9470,8.3155,0.0413,0.0668,0.0073
-0.3066,3.9853,8.2389,0.0389,0.0728,0.0061
-0.2299,4.0236,8.2005,0.0279,0.0826,-0.0012
-0.1916,4.0236,8.2389,0.0146,0.0947,-0.0097
-0.2299,4.0236,8.3921,0.0146,0.1008,-0.0121
-0.2299,3.9853,8.3155,0.0255,0.1020,-0.0134
-0.1916,4.0236,8.1239,0.0376,0.1105,-0.0243
-0.0766,3.9087,8.0473,0.0546,0.1311,-0.0389
-0.2682,3.9470,8.4688,0.0486,0.1372,-0.0474
-0.1533,3.8704,8.2005,0.0449,0.1068,-0.0328
-0.5365,4.1003,8.3538,0.0716,0.0583,0.0000
-0.7281,4.2152,8.1622,0.0753,0.0097,0.0291
-0.7281,4.3302,8.1622,0.0474,-0.0267,0.0534
-0.4982,4.1769,7.9706,0.0012,-0.0219,0.0631
-0.5365,4.1769,8.0089,-0.0619,0.0231,0.0461
-0.4215,3.9470,8.2005,-0.1032,0.0874,0.0194
-0.3832,4.0620,8.2772,-0.0935,0.0996,0.0146
-0.5365,3.9087,8.4305,-0.0401,0.0583,0.0401
-0.5365,3.9853,8.4688,0.0364,-0.0012,0.0741
-0.4598,4.1769,8.2389,0.0923,-0.0389,0.0947
-0.5365,4.0236,7.9706,0.0996,-0.0510,0.0911
-0.2299,4.2536,8.0856,0.0425,-0.0328,0.0741
-0.3066,4.3302,8.1622,-0.0364,-0.0036,0.0583
-0.1150,4.1386,8.1622,-0.0983,0.0194,0.0474
0.0000,3.9087,8.2389,-0.1117,0.0340,0.0474
0.0000,3.9087,8.3155,-0.0898,0.0449,0.0376
0.2299,3.8704,8.2772,-0.0546,0.0619,0.0182
0.3832,3.9087,8.1622,-0.0109,0.0935,-0.0073
0.5365,4.1003,8.1622,0.0461,0.1591,-0.0486
0.4982,4.0620,8.1239,0.0753,0.2173,-0.0789
0.3066,4.0620,8.2005,0.0741,0.2283,-0.0862
0.0766,4.2152,8.3155,0.0643,0.2064,-0.0777
-0.0383,4.1003,8.2389,0.0364,0.1639,-0.0668
-0.3832,4.1386,8.2005,-0.0012,0.0886,-0.0486
-0.6514,4.2919,8.3155,-0.0340,-0.0146,-0.0194
-0.7664,4.2152,8.3921,-0.0474,-0.0886,0.0194
-0.8047,4.3685,8.1239,-0.0534,-0.1020,0.0474
-0.8430,4.3685,8.1239,-0.0886,-0.0607,0.0656
-0.6131,4.6368,8.5454,-0.1433,0.0279,0.0631
-0.0383,4.9816,8.7370,-0.2440,0.1724,0.0097
0.1533,5.0583,8.2772,-0.4492,0.3169,-0.0850
0.2299,4.2152,8.3538,-0.7297,0.4128,-0.1566
0.0383,2.9890,8.5838,-0.7831,0.4177,-0.1724
0.1150,2.0310,9.0436,-0.4662,0.3424,-0.1712
-0.0766,1.6861,9.3885,0.2015,0.2671,-0.1396
-0.6898,2.5291,9.1586,0.8329,0.0401,-0.0728
-1.2263,3.6021,8.6221,1.0988,-0.2173,-0.0255
-1.3412,4.4068,7.9323,1.0915,-0.3254,-0.0036
-1.8394,5.6714,7.8557,0.8487,-0.3205,-0.0291
-2.1459,6.3612,7.7790,0.4905,-0.2610,-0.0789
-2.7591,6.2079,6.8210,0.2137,-0.1141,-0.1615
-3.1423,6.0546,6.9360,0.0862,-0.1141,-0.0716
-2.7974,6.6294,7.8173,0.0886,-0.3521,0.1991
-2.2609,6.7061,7.5108,0.1979,-0.6265,0.4274
-1.6095,6.6677,6.0929,0.0401,-0.7479,0.6496
0.0000,5.8247,6.0546,-0.4444,-0.7673,0.8305
1.3029,4.5984,7.4725,-0.6933,-0.6569,0.9847
2.4525,4.1386,9.0819,-0.4322,-0.5451,1.0442
3.2189,3.3722,8.2772,-0.0983,-0.5306,1.0575
2.7974,4.0236,7.9706,0.0486,-0.3727,0.9385
2.2992,4.8667,7.4341,-0.0813,-0.2538,0.8365
1.8777,5.1349,7.5874,-0.4165,-0.2246,0.8645
0.9197,4.8667,7.7790,-0.7418,-0.1020,0.8754
0.4982,3.9470,7.9706,-0.8693,-0.2513,1.0077
0.9580,2.8357,7.8173,-0.7953,-0.4177,1.1668
0.8047,1.4179,7.9706,-0.6095,-0.4565,1.1619
1.0730,0.7664,8.7754,-0.2793,-0.6192,1.1947
2.9123,0.0000,9.3502,0.0947,-0.6107,1.1692
3.8320,-0.1150,9.2352,0.5184,-0.5549,1.0235
4.2536,0.4215,8.1239,0.8851,-0.4881,0.8548
4.3302,1.8394,7.9706,0.8839,-0.5706,0.7103
4.4835,1.9927,7.8940,0.6860,-0.5464,0.6350
4.2536,2.1459,8.3155,0.5209,-0.4662,0.5039
3.9853,1.5711,7.4725,0.5682,-0.1093,0.2914
3.8704,1.8394,7.2425,0.7916,0.0850,0.1056
3.9087,3.3722,7.2042,0.8280,0.2380,-0.0012
4.7134,5.0966,7.4725,0.3764,0.3278,-0.1833
4.6368,4.8667,9.2352,0.2270,0.2987,-0.1190
4.2152,6.0163,9.6184,0.1833,0.1785,-0.2708
3.9470,5.6714,9.0819,0.0583,-0.0898,-0.3606
2.6441,4.0620,9.3502,0.0061,-0.5755,-0.3193
1.5711,2.4908,11.6877,0.3193,-1.0284,-0.1676
0.8047,0.9580,13.6037,1.5225,-1.3853,-0.0595
0.0766,1.6478,11.9559,3.0863,-1.6634,-0.1093
0.3066,4.7134,8.5454,3.7468,-2.1417,-0.0364
2.1843,7.5491,4.5601,3.4154,-2.5315,0.4055
2.7974,9.4651,0.8814,2.6116,-2.7695,0.7771
3.4105,8.3538,-3.1039,1.3295,-3.0791,1.1862
4.2919,6.4761,-2.8357,-0.3169,-3.2733,1.5128
4.5218,4.8667,-0.8814,-1.0624,-3.4907,1.7265
4.6368,4.4835,0.3449,-0.9907,-3.7019,1.9293
5.0583,3.8320,0.0766,-0.6763,-3.7371,2.1648
6.7061,4.1003,0.1533,-0.7078,-3.6546,2.3773
7.4725,3.9087,1.6478,-0.7928,-3.3814,2.4853
8.0856,2.7591,2.6058,-0.2610,-3.0669,2.6480
8.6221,1.9160,2.4142,0.6386,-2.4004,2.7743
10.3848,1.2263,1.1113,1.0393,-1.8625,2.7610
10.4998,1.9543,0.3832,0.9932,-1.1838,2.4999
10.8446,2.5675,-0.4215,0.8147,-0.7637,2.0410
11.9559,2.5291,-1.0346,0.4237,-0.4735,1.4898
14.0636,3.9087,1.4562,-0.3642,0.0886,0.7078
19.1985,4.8284,3.6021,-0.9628,0.5731,0.1421
21.0762,4.3685,1.1496,-0.5027,0.4990,-0.1821
15.3664,6.3612,-4.0620,-0.0364,-0.1190,-0.4407
10.1932,5.7864,-4.9050,-0.8256,-0.0923,-0.2683
6.3229,4.6751,-1.8011,-1.6694,0.0838,0.0959
5.4415,3.1039,1.0730,-1.7508,0.1967,0.3120
6.5528,1.2263,2.2226,-1.1267,0.1967,0.1894
7.1276,1.3029,3.1806,-0.2756,0.2319,0.0206
8.4305,1.8011,3.5255,0.4844,0.0741,0.2015
10.7297,0.4215,2.2609,1.0830,-0.1032,0.6131
11.9559,0.1150,0.1916,1.2481,-0.3096,0.7892
12.1859,1.1879,-1.6861,0.7831,-0.7054,0.6034
12.0326,1.6478,-2.4142,-0.0959,-0.9203,0.3436
11.4578,1.0346,-1.3029,-0.6799,-0.7673,0.1627
11.5344,0.4598,0.1150,-0.5925,-0.5561,0.0753
11.6494,0.0000,1.1496,-0.2307,-0.3217,0.0996
11.3428,0.0000,1.2263,0.0595,-0.2319,0.2538
11.6877,-0.3449,0.0766,-0.0061,-0.2695,0.4711
11.4578,-1.3029,-0.7664,-0.1700,-0.1299,0.5719
11.1512,-1.4562,-0.9963,-0.3169,0.0474,0.4383

