-.-.-
1.9543,-9.6950,-0.9197,0.3242,1.5043,0.2028
-0.1916,-10.5764,-0.7281,0.2501,1.1765,0.1761
-2.9123,-12.2625,0.3832,0.0656,0.8390,-0.1360
-4.1769,-12.1475,0.1150,0.1566,0.5294,-0.5027
-4.4835,-9.5801,-0.2682,0.3266,0.2125,-0.6763
-3.5638,-7.7407,-0.4598,0.2756,0.0316,-0.6702
-1.9927,-8.2389,-0.3449,0.0291,-0.1615,-0.6034
-0.1533,-8.7754,-0.0383,-0.1918,-0.3072,-0.4917
0.9197,-8.6221,-0.0383,-0.2440,-0.3764,-0.4784
0.0766,-8.4305,0.3832,-0.2319,-0.3946,-0.4808
-0.6131,-8.5071,0.3066,-0.3885,-0.3630,-0.4626
-0.3832,-8.5454,0.5365,-0.3934,-0.3630,-0.4128
-0.2299,-8.1622,0.5365,-0.3667,-0.3400,-0.3047
0.0766,-8.4305,0.8047,-0.3363,-0.2550,-0.1736
0.7664,-9.0053,0.4982,-0.2938,-0.1736,-0.0534
0.5748,-8.5838,1.4562,-0.1153,-0.0971,-0.0061
0.0766,-7.8557,1.3795,-0.0012,-0.0146,0.0668
-0.6131,-8.5838,1.7244,0.0352,0.0134,0.1190
-1.1113,-9.0053,1.7627,0.1882,-0.0012,0.1930
-0.3066,-9.5801,1.3412,0.2975,-0.0522,0.2246
0.3449,-10.8063,0.1916,0.1554,-0.0401,0.1991
-1.0730,-11.1895,1.6478,0.1518,-0.0401,0.2477
-2.4908,-11.7260,1.7627,0.0534,-0.2768,0.1481
-2.4908,-10.5764,1.6861,0.0656,-0.4249,0.0716
-2.2992,-10.0399,2.5291,-0.0668,-0.6083,0.1068
-2.2609,-9.5034,1.9543,-0.1336,-0.8013,0.1554
-2.3375,-9.3118,2.0693,-0.2817,-1.0514,0.1797
-1.5711,-9.8100,2.6441,-0.4808,-1.3101,0.1263
1.4179,-9.6184,1.0346,-0.3266,-1.3975,0.1226
1.9927,-12.9523,-2.1459,-0.6678,-1.2603,0.0643
2.7207,-15.0216,2.8357,-0.4905,-0.9094,-0.2890
0.9197,-11.2662,0.6131,0.1858,-0.8475,-0.3460
0.3449,-10.2315,-1.3795,0.2076,-0.8195,-0.1287
-0.9197,-10.3848,-3.4488,-0.0571,-0.9385,0.0194
-1.6478,-11.1895,-3.2572,-0.2331,-1.0442,-0.0874
-1.8394,-9.7334,-2.3759,0.0571,-1.0915,-0.2805
-1.1113,-9.3885,-2.1459,0.1117,-0.8730,-0.1870
0.0383,-9.7717,-1.2646,0.0801,-0.5476,0.1615
1.3412,-10.8446,0.0766,-0.0121,-0.3290,0.4747
1.3029,-10.8063,0.4215,0.1093,-0.1408,0.6617
0.5748,-9.9250,-0.7664,0.0716,-0.0134,0.6411
-0.5365,-9.0436,-0.8814,-0.0510,0.0631,0.5779
-0.9963,-8.5838,-0.9580,-0.0316,0.0971,0.4832
-0.6898,-7.7790,-0.6898,0.0401,0.1676,0.4116
-1.2646,-7.6257,-0.6514,0.0838,0.2562,0.3982
-1.1113,-7.7024,-0.7664,-0.1578,0.1870,0.4249
-1.8394,-8.9286,0.5748,-0.2950,0.2635,0.3934
-2.0693,-8.7370,0.2682,-0.2319,0.2198,0.3132
-1.2263,-9.3502,1.0730,-0.3837,0.1530,0.2853
-0.9197,-9.8866,0.2299,-0.4699,0.0959,0.2768
-1.6478,-9.0436,1.2263,-0.2963,0.0959,0.1542
-1.6095,-8.2389,0.8430,-0.2028,0.0716,0.1190
-1.1113,-8.2772,1.3412,-0.2113,0.0996,0.0728
-0.4598,-8.9286,2.3375,-0.0522,0.1506,-0.0049
-0.6514,-9.4651,2.7207,0.3302,0.2465,-0.0813
-1.2263,-9.6184,1.2263,0.5913,0.4007,-0.0971
-1.2646,-9.0053,0.8430,0.5391,0.3545,-0.1311
-2.0693,-10.7680,1.2646,0.2088,0.3424,-0.0741
-2.2226,-11.9559,2.0693,0.0109,0.2708,0.0801
-0.4982,-10.1166,1.9927,0.2161,0.2865,0.0983
-0.6131,-8.2389,1.4945,0.0923,0.3606,0.0279
-0.0383,-9.0436,2.7207,-0.1979,0.5585,0.0510
-2.2992,-12.3391,1.6095,0.0219,0.6459,-0.0983
-1.7244,-15.5580,-0.3449,0.0146,0.9167,-0.0486
-3.6787,-13.9869,1.8777,0.4395,0.7261,0.1214
-3.7554,-9.9250,-1.9927,0.6751,0.6981,0.2234
-0.8047,-7.3958,-2.4142,0.7115,0.9312,0.3460
0.4598,-8.6604,-2.5675,0.1336,1.2178,0.4347
0.6131,-10.1166,-0.8430,0.0716,1.0672,0.3691
-1.1496,-11.0746,-0.6131,0.1882,0.8426,0.1481
-2.9507,-12.8756,0.2682,0.1384,0.6216,-0.2695
-2.9507,-11.9943,0.1916,0.0219,0.2659,-0.6314
-3.6404,-8.8520,-0.6898,0.1214,0.1251,-0.7309
-2.8740,-8.7370,-0.7281,0.0231,0.0401,-0.6496
-0.6131,-8.2772,-0.3832,0.0935,-0.1323,-0.5670
0.1150,-8.4688,-0.1533,0.0340,-0.2149,-0.4747
0.2682,-8.5838,-0.3832,-0.1190,-0.2440,-0.4772
-0.1533,-8.8903,0.8047,-0.0716,-0.2732,-0.4577
-0.8814,-8.8903,0.4982,-0.0862,-0.2380,-0.4589
-0.4982,-8.6987,0.7664,-0.0328,-0.2307,-0.3885
0.0000,-8.3538,0.9197,0.0486,-0.2161,-0.3060
0.5365,-7.9706,1.2646,0.0898,-0.1396,-0.1785
0.1533,-7.2425,0.5748,0.0328,-0.0716,-0.0947
0.1916,-8.0473,1.3412,-0.1117,0.0340,0.0510
-0.2299,-8.0856,1.6095,-0.0073,0.0619,0.1287
-0.1916,-8.7754,2.3375,0.2513,0.0692,0.1894
0.1150,-10.0399,1.7244,0.3715,0.0801,0.1991
0.3449,-10.5381,0.9197,0.4711,0.1518,0.2489
0.1916,-11.2279,1.7244,0.1918,0.2270,0.1785
0.0000,-12.3008,2.6824,-0.0364,0.2015,-0.1238
-0.9580,-10.3465,1.9543,0.1311,0.1105,-0.2950
-1.4562,-8.7754,1.5328,-0.0923,0.0534,-0.2149
-1.7627,-8.8520,3.1806,-0.3812,-0.0886,-0.1032
-1.8011,-11.5344,1.8011,-0.5500,-0.4711,-0.0607
-1.0346,-13.2205,2.0693,-0.6156,-0.5500,-0.1408
2.1076,-11.5344,0.6514,-0.2307,-0.5136,-0.2100
2.4525,-11.6877,-1.5711,-0.2088,-0.4322,-0.1627
0.0000,-13.1055,0.4982,-0.1372,-0.2440,-0.2100
-1.5328,-12.9139,-0.1533,0.0219,-0.3837,-0.2756
-1.9160,-11.0363,-1.5328,0.3145,-0.4128,-0.2149
-2.1843,-8.5454,-2.3759,0.3630,-0.4019,-0.0486
-1.3795,-7.3192,-3.1423,0.1955,-0.3400,0.0680
-0.8814,-7.3575,-2.4142,-0.0789,-0.3703,0.0522
-0.0383,-7.3575,-1.4562,-0.0401,-0.3691,0.0182
0.5748,-9.3502,-0.8047,-0.3509,-0.3485,0.0376
-0.3832,-10.9596,0.6514,-0.3169,-0.2307,0.1105
-1.3412,-10.8446,0.4982,-0.1736,-0.1081,0.2865
-1.3795,-10.0782,-0.4215,-0.2198,-0.0206,0.4407
-0.9963,-9.6950,-0.3832,-0.2234,-0.0182,0.4662
-0.8047,-8.9670,-0.6514,-0.1032,-0.0340,0.4407
-0.9197,-8.7754,-0.1916,-0.1141,-0.0486,0.4395
-0.9963,-9.0436,0.2682,-0.1287,-0.0595,0.4177
-0.9197,-8.7370,0.4215,-0.1020,-0.0522,0.3897
-1.2646,-8.9286,0.4215,-0.2210,0.0073,0.3545
-1.5711,-9.4651,0.6898,-0.2950,0.0352,0.3630
-1.7244,-8.9286,0.5748,-0.1421,0.0607,0.3084
-1.3029,-8.7370,0.3449,-0.2926,0.0389,0.2380
-1.2263,-9.1969,1.0730,-0.3302,0.0534,0.1481
-1.1113,-8.8520,1.2263,-0.2028,0.1238,0.1238
-0.8430,-8.2772,1.1496,-0.1542,0.1615,-0.0024
-0.6131,-8.5838,1.6095,-0.1457,0.2064,-0.1153
-0.9197,-9.7717,2.1843,0.0073,0.2987,-0.2307
-0.9963,-10.2698,0.9580,0.2708,0.3339,-0.2744
-1.0346,-10.6147,1.1496,0.2513,0.3533,-0.2744
-1.5711,-11.6111,1.1496,0.1226,0.3375,-0.2355
-2.2226,-11.9943,1.9927,0.1105,0.2489,-0.0498
-0.8430,-9.9633,1.4945,0.2562,0.2695,0.0328
-0.4215,-8.5838,1.4179,0.0510,0.3825,0.0741

