-.-.-
-1.0730,-7.7790,-8.2389,-0.4432,0.1336,-0.3825
-0.6514,-6.6677,-7.7790,-0.2902,0.2623,-0.4614
-0.5365,-5.7480,-7.4341,-0.2489,0.3800,-0.5257
-0.5365,-5.5564,-7.0126,-0.2550,0.4492,-0.5549
-0.3066,-5.8630,-6.8210,-0.1955,0.4298,-0.5840
-0.0383,-6.2079,-7.0126,-0.0886,0.3509,-0.6168
0.0000,-6.5911,-7.3575,-0.0146,0.2841,-0.6471
-0.2299,-6.9743,-7.3192,0.0401,0.1542,-0.6362
-0.5748,-7.0893,-7.2042,0.1323,0.0049,-0.5998
-0.5748,-7.0893,-6.6677,0.2647,-0.1105,-0.5767
-0.5365,-6.7444,-6.4761,0.3958,-0.1190,-0.5779
-0.0766,-6.2845,-6.5911,0.5488,-0.0753,-0.5889
0.3449,-6.2845,-6.7061,0.5245,-0.0182,-0.5840
0.5748,-6.6294,-6.6294,0.4419,0.0498,-0.5524
0.6898,-7.0893,-6.5528,0.4662,0.0838,-0.5014
0.3832,-7.0509,-6.1696,0.5197,0.0983,-0.4517
0.0766,-6.7061,-5.8247,0.5634,0.0898,-0.4055
0.0766,-6.3612,-5.8247,0.5634,0.0971,-0.3557
0.2682,-6.2462,-5.7864,0.4905,0.1542,-0.3011
0.3832,-6.4761,-5.9780,0.3934,0.2246,-0.2708
0.5365,-6.9743,-6.0163,0.3302,0.2890,-0.2878
0.4982,-7.0893,-5.7097,0.3545,0.3060,-0.3217
0.3449,-7.0126,-5.4798,0.3642,0.2878,-0.3387
0.5365,-6.5911,-5.4032,0.2829,0.3242,-0.3145
0.8430,-6.8593,-5.2116,0.1773,0.3412,-0.2623
0.9963,-7.0509,-5.3265,0.0911,0.3667,-0.2246
1.1879,-7.2425,-5.3265,0.0813,0.3800,-0.1858
1.0730,-7.0893,-5.2882,0.0704,0.3630,-0.1360
0.9580,-6.9743,-5.2499,0.0474,0.3387,-0.0947
0.6898,-7.1659,-5.0966,-0.0146,0.3145,-0.0741
0.8047,-7.4725,-5.0583,-0.0692,0.3084,-0.0595
0.9197,-7.4341,-5.0583,-0.0571,0.3023,-0.0534
1.0730,-7.3575,-5.0583,-0.0838,0.2950,-0.0425
1.0346,-7.7790,-4.8284,-0.1578,0.2355,-0.0279
1.1496,-8.3921,-4.9050,-0.1991,0.1445,0.0049
1.2263,-8.5071,-5.1732,-0.1639,0.0947,0.0316
1.4945,-8.3538,-5.0200,-0.0886,0.0449,0.0158
1.4945,-7.7407,-5.1732,-0.0631,-0.0340,0.0036
1.1496,-7.7024,-5.5181,-0.1457,-0.1372,-0.0243
0.9963,-8.7754,-5.8247,-0.2720,-0.2258,-0.1421
1.7627,-9.8866,-6.1696,-0.3521,-0.2392,-0.3958
1.1496,-9.8483,-7.2042,-0.4808,-0.3108,-0.5330
0.9580,-10.5381,-8.4305,-0.7006,-0.3837,-0.5172
2.0693,-9.2352,-9.1202,-0.5658,-0.4650,-0.4990
2.4142,-9.3885,-7.5874,-0.3096,-0.7431,-0.5804
2.0693,-9.0819,-8.1239,-0.3339,-0.7613,-0.6629
1.6478,-7.7024,-8.8137,-0.4189,-0.6690,-0.5464
1.1879,-7.3575,-8.6221,-0.4541,-0.6690,-0.5367
0.2299,-7.0126,-8.2389,-0.4407,-0.7807,-0.5925
-0.4598,-6.5145,-7.4341,-0.3436,-0.8888,-0.5451
-0.6131,-5.9013,-7.0126,-0.2513,-0.8997,-0.4662
-0.6898,-5.6714,-6.9360,-0.2428,-0.9045,-0.4492
-0.4982,-6.0546,-7.2809,-0.2525,-0.9604,-0.4650
-0.3832,-6.6677,-7.7024,-0.2015,-1.0162,-0.4857
-0.4982,-6.9743,-7.6641,-0.0753,-1.0344,-0.5318
-0.8430,-7.0126,-7.3192,0.1202,-1.0162,-0.5949
-1.1113,-6.6677,-6.9360,0.2926,-1.0199,-0.6666
-1.3795,-6.3612,-6.3995,0.4019,-1.0818,-0.7163
-1.3795,-5.8247,-6.5911,0.4383,-1.1971,-0.7418
-1.1496,-5.7097,-6.7061,0.4067,-1.2566,-0.7467
-0.8430,-5.9013,-6.7827,0.3630,-1.2918,-0.7613
-0.8430,-6.0546,-6.5911,0.3327,-1.3088,-0.7880
-1.1113,-6.3612,-6.5528,0.3290,-1.3489,-0.8280
-0.9197,-6.3612,-6.4761,0.3533,-1.3732,-0.8669
-0.8047,-6.3229,-6.5911,0.4067,-1.3623,-0.9118
-0.8430,-6.1313,-6.5528,0.4468,-1.3210,-0.9580
-0.9580,-5.8630,-6.5528,0.4310,-1.2615,-1.0041
-0.9197,-5.8247,-6.5145,0.3715,-1.2069,-1.0369
-1.0730,-5.7097,-6.4761,0.2938,-1.2081,-1.0551
-1.2263,-5.9780,-6.4761,0.2173,-1.2615,-1.0539
-1.1879,-6.3229,-6.4378,0.1603,-1.3088,-1.0648
-0.8430,-6.3995,-6.4378,0.1773,-1.3088,-1.0927
-0.4598,-6.4761,-6.7444,0.2100,-1.2627,-1.1158
-0.1533,-6.7061,-6.5528,0.2343,-1.1886,-1.1158
0.0000,-6.8210,-6.2079,0.2598,-1.1292,-1.0782
-0.1916,-6.8593,-5.9013,0.3145,-1.1571,-1.0260
-0.8047,-6.7827,-5.6331,0.3800,-1.3173,-0.9750
-1.3795,-6.7061,-6.1313,0.2671,-1.4230,-0.9750
-1.8011,-7.3192,-6.4378,0.1287,-1.4290,-1.0077
-1.3795,-8.5454,-6.9743,0.0656,-1.3343,-1.0150
-0.6514,-8.8903,-6.9743,0.1178,-1.2263,-0.9470
-0.8814,-8.2772,-7.0126,0.2185,-1.2943,-0.8050
-1.8777,-7.2425,-7.0893,0.0983,-1.4764,-0.6896
-1.5711,-7.6641,-7.2425,-0.2100,-1.4885,-0.7018
0.0766,-8.7754,-6.4761,-0.2246,-1.3028,-0.8050
0.6898,-8.8903,-5.1732,0.0741,-1.1498,-0.8718
0.1916,-8.8137,-5.5181,0.3509,-1.0247,-0.8839
-0.7281,-8.4305,-4.8284,0.3667,-0.9762,-0.8863
-0.9197,-7.7407,-5.2116,0.2222,-1.0090,-0.9106
0.0766,-8.2389,-5.5564,-0.0170,-0.8693,-0.9567
0.9580,-8.8137,-4.9816,-0.0073,-0.7078,-0.9312
1.0730,-8.5838,-4.8284,0.2380,-0.6836,-0.8863
0.5748,-7.9706,-4.5601,0.4334,-0.6508,-0.8232
-0.0766,-7.8557,-3.9853,0.3667,-0.7273,-0.7965
-0.6131,-7.3575,-4.0236,0.1275,-0.8523,-0.7722
-0.9580,-8.1239,-4.3302,-0.0728,-0.8851,-0.7103
-1.1879,-8.5071,-3.9853,-0.0801,-0.8827,-0.6556
-0.8430,-8.6221,-4.1003,-0.0146,-0.8730,-0.6362
-0.8814,-8.6987,-4.4068,0.0316,-0.8329,-0.6556
0.0383,-8.8903,-4.3302,0.0522,-0.8050,-0.6823
0.4982,-8.6221,-3.9853,0.0741,-0.7916,-0.6811
0.3832,-9.0053,-3.9470,0.0996,-0.8001,-0.6338
0.4215,-8.6987,-4.8284,0.1372,-0.8341,-0.5791
0.4215,-8.6987,-4.2919,0.1481,-0.8608,-0.5257
0.6514,-8.8903,-5.1349,0.1275,-0.8159,-0.4759
0.7281,-9.2352,-5.0966,0.1178,-0.7358,-0.4468
0.5748,-9.1586,-4.5984,0.1226,-0.6569,-0.4298
0.9580,-9.1202,-4.5984,0.1797,-0.5791,-0.4177
1.4562,-8.8520,-4.6751,0.2647,-0.4857,-0.4043
1.8011,-8.8903,-4.5601,0.3230,-0.3570,-0.3837
2.1843,-8.6604,-5.0200,0.3193,-0.2258,-0.3642
1.6861,-8.3538,-5.2116,0.2125,-0.1554,-0.3472
0.4215,-8.8137,-4.9050,0.0146,-0.2659,-0.3120
-0.8814,-9.1202,-4.2919,-0.0352,-0.4541,-0.2659
-1.3795,-9.0053,-4.1003,0.1287,-0.5148,-0.2343
-1.2646,-8.3538,-4.0236,0.3181,-0.4808,-0.1906
-0.5748,-7.9706,-4.2152,0.2914,-0.4480,-0.1408
0.0000,-7.8557,-4.6368,0.0728,-0.4395,-0.1202
0.2299,-8.6987,-4.9050,-0.1663,-0.4383,-0.1433
0.0000,-9.1202,-5.0583,-0.1663,-0.4759,-0.1821
-0.3066,-9.2352,-4.9050,0.0109,-0.5051,-0.1845
-0.6131,-9.0053,-4.6751,0.1020,-0.4480,-0.1530
-0.5365,-8.7370,-4.3685,0.0789,-0.3436,-0.1445
-0.4215,-8.6987,-4.2152,0.0304,-0.2538,-0.1481
-0.3449,-8.7754,-4.2536,-0.0012,-0.2064,-0.1481
-0.4982,-8.6604,-4.3685,-0.0049,-0.2040,-0.1445
-0.8814,-8.6604,-4.4452,-0.0012,-0.2440,-0.1408
-1.1879,-8.3921,-4.6751,-0.0134,-0.3011,-0.1421

