-.-.-
0.8047,-9.7334,-2.1076,-0.0947,0.0352,-0.0134
0.8047,-9.6184,-2.1843,-0.0777,0.0449,-0.0097
0.7664,-9.6567,-2.2609,-0.0559,0.0461,-0.0049
0.7281,-9.7334,-2.2992,-0.0631,0.0352,-0.0024
0.6131,-9.7717,-2.3375,-0.0862,0.0243,-0.0012
0.6131,-9.6567,-2.2226,-0.0328,-0.0012,0.0012
0.7281,-9.6950,-2.1843,0.0049,-0.0036,0.0024
0.6514,-9.5034,-2.1843,-0.0389,0.0170,-0.0073
0.6131,-9.5034,-2.1076,-0.0813,0.0134,-0.0146
0.8814,-9.6184,-1.7244,-0.1372,-0.0073,-0.0097
0.6514,-9.6950,-2.0693,-0.1287,0.0134,-0.0170
0.9197,-9.7717,-2.4142,-0.0668,0.0085,-0.0243
0.5748,-9.6184,-2.3759,-0.0838,0.0012,-0.0036
0.6898,-9.6184,-2.2992,-0.1336,-0.0304,0.0194
0.6514,-9.8100,-2.4142,-0.1008,-0.0304,0.0219
0.8047,-9.6567,-2.1843,-0.0534,-0.0206,0.0243
0.6898,-9.6567,-2.2226,-0.0583,0.0012,0.0170
0.6898,-9.5034,-2.3375,-0.0631,-0.0304,0.0049
0.6898,-9.5801,-2.2609,-0.0704,-0.0182,-0.0024
0.8047,-9.5418,-2.3759,-0.0789,-0.0134,-0.0073
0.8430,-9.6567,-2.2226,-0.0898,-0.0085,0.0049
0.8047,-9.5801,-2.2992,-0.1008,-0.0109,0.0194
0.6898,-9.5801,-2.2992,-0.1506,-0.0109,0.0255
0.5748,-9.5418,-2.2992,-0.1153,-0.0389,0.0097
0.6898,-9.6567,-2.3375,-0.0643,-0.0219,-0.0036
0.4598,-9.5801,-2.2992,-0.0219,0.0170,-0.0267
0.7664,-9.5418,-2.3375,-0.0231,0.0243,-0.0474
0.8430,-9.5418,-2.1843,-0.0692,0.0328,-0.0328
0.8430,-9.7334,-2.0310,-0.1275,0.0267,0.0012
0.7281,-9.6950,-2.2992,-0.1299,-0.0012,0.0267
0.5365,-9.5801,-2.5675,-0.0862,-0.0109,0.0194
0.6131,-9.5801,-2.4142,-0.0813,0.0073,0.0097
0.5748,-9.7334,-2.4908,-0.0753,0.0219,-0.0024
0.6514,-9.7717,-2.3759,-0.0559,0.0279,-0.0061
0.6898,-9.6184,-2.3375,-0.0279,0.0194,-0.0097
0.6898,-9.5418,-2.1843,-0.0401,0.0146,-0.0073
0.6131,-9.5418,-2.2226,-0.0813,0.0170,-0.0036
0.7281,-9.6567,-2.2992,-0.0935,0.0073,-0.0097
0.5748,-9.5034,-2.1843,-0.0813,0.0012,-0.0061
0.5748,-9.5418,-2.2226,-0.0898,0.0085,0.0061
0.7281,-9.5034,-2.5291,-0.0631,0.0109,-0.0073
0.8047,-9.5801,-2.4142,-0.0522,0.0206,-0.0231
0.8430,-9.6567,-2.4142,-0.0789,0.0461,-0.0279
0.6898,-9.6567,-2.2609,-0.0838,0.0474,-0.0243
0.5748,-9.6567,-2.5291,-0.1008,0.0170,-0.0073
0.5365,-9.6567,-2.4908,-0.1141,0.0097,0.0024
0.6514,-9.7717,-2.5675,-0.0923,0.0073,0.0061
0.5748,-9.8483,-2.2609,-0.0413,0.0206,0.0061
0.6514,-9.6950,-2.2992,-0.0012,0.0279,-0.0036
0.6898,-9.5418,-2.2609,-0.0085,0.0316,-0.0121
0.5748,-9.4268,-2.0693,-0.0291,0.0328,-0.0097
0.6514,-9.5034,-2.3375,-0.0219,0.0376,-0.0134
0.7664,-9.5034,-2.2992,-0.0401,0.0461,-0.0146
0.6514,-9.5418,-2.2226,-0.0656,0.0559,-0.0097
0.6131,-9.6184,-2.3375,-0.0728,0.0510,0.0012
0.6131,-9.7334,-2.6058,-0.0631,0.0389,0.0073
0.5748,-9.5801,-2.4142,-0.0607,0.0425,0.0097
0.5365,-9.6184,-2.4525,-0.0425,0.0474,0.0012
0.5748,-9.5801,-2.3375,-0.0364,0.0498,-0.0073
0.6514,-9.6184,-2.4142,-0.0631,0.0534,-0.0109
0.5748,-9.6567,-2.3759,-0.0862,0.0474,-0.0097
0.6131,-9.7334,-2.4525,-0.0583,0.0328,-0.0061
0.5748,-9.6567,-2.5291,-0.0364,0.0194,-0.0024
0.4598,-9.5418,-2.4525,-0.0413,0.0146,0.0012
0.4215,-9.5418,-2.2992,-0.0583,0.0061,0.0024
0.5365,-9.6184,-2.3759,-0.0668,0.0109,-0.0012
0.4215,-9.6184,-2.3375,-0.0619,0.0134,-0.0036
0.5748,-9.6184,-2.4525,-0.0668,-0.0146,0.0109
0.5748,-9.5801,-2.5291,-0.0741,-0.0134,0.0231
0.4982,-9.5418,-2.2609,-0.0862,0.0036,0.0279
0.6131,-9.6567,-2.3759,-0.0886,0.0146,0.0267
0.5748,-9.6950,-2.2226,-0.0850,0.0279,0.0219
0.6514,-9.7334,-2.2609,-0.0716,0.0425,0.0073
0.6131,-9.5418,-2.3759,-0.0559,0.0583,-0.0073
0.6898,-9.5418,-2.3375,-0.0461,0.0753,-0.0194
0.5748,-9.6567,-2.3759,-0.0631,0.0741,-0.0267
0.4598,-9.6567,-2.2609,-0.0741,0.0631,-0.0304
0.3832,-9.6184,-2.3759,-0.0704,0.0498,-0.0279
0.4215,-9.7334,-2.4142,-0.0656,0.0267,-0.0194
0.4982,-9.6567,-2.4908,-0.0571,0.0061,-0.0158
0.5365,-9.6567,-2.6824,-0.0534,-0.0085,-0.0109
0.6514,-9.7717,-2.4525,-0.0437,-0.0243,-0.0109
0.5365,-9.5418,-2.4908,-0.0461,-0.0340,-0.0134
0.6131,-9.6184,-2.3375,-0.0522,-0.0352,-0.0134
0.6131,-9.5801,-2.4142,-0.0376,-0.0437,-0.0109
0.7281,-9.6567,-2.6058,-0.0449,-0.0510,-0.0085
0.6514,-9.5801,-2.3759,-0.0583,-0.0486,-0.0073
0.6131,-9.6184,-2.4908,-0.0619,-0.0413,-0.0073
0.6898,-9.6567,-2.8357,-0.0668,-0.0364,-0.0109
0.6898,-9.7334,-2.5675,-0.0595,-0.0304,-0.0158
0.6514,-9.7334,-2.5291,-0.0461,-0.0328,-0.0182
0.5365,-9.6567,-2.6058,-0.0401,-0.0376,-0.0134
0.5365,-9.6184,-2.6058,-0.0498,-0.0437,-0.0073
0.5365,-9.5801,-2.5291,-0.0741,-0.0413,-0.0049
0.7281,-9.5801,-2.4142,-0.0716,-0.0413,0.0000
0.5365,-9.7717,-2.5291,-0.0486,-0.0170,0.0073
0.2682,-9.7334,-2.5291,-0.0619,-0.0267,0.0231
0.3066,-9.5801,-2.6441,-0.1020,-0.0291,0.0449
0.2682,-9.5801,-2.5291,-0.1251,-0.0267,0.0874
0.3066,-9.8483,-2.5291,-0.1068,-0.0146,0.1445
0.2682,-9.7717,-2.6441,-0.1190,0.0376,0.1785
0.3449,-9.7334,-2.4908,-0.1554,0.0923,0.1785
0.3449,-9.8100,-2.3759,-0.1615,0.0971,0.1700
-0.1150,-9.5801,-2.2992,-0.1433,0.1020,0.1748
-0.0383,-9.3885,-2.4142,-0.1360,0.1469,0.1724
0.0766,-9.1969,-2.5675,-0.1663,0.1955,0.1457
-0.0383,-9.1969,-2.1843,-0.2307,0.2513,0.0947
0.0000,-9.3118,-2.0693,-0.2550,0.2793,0.0267
0.1533,-9.5801,-2.1076,-0.2173,0.3278,-0.0437
0.3832,-9.7334,-2.0693,-0.1433,0.3630,-0.1153
0.3066,-9.7717,-2.0310,-0.0571,0.4019,-0.1603
0.3832,-9.7334,-1.9927,0.0279,0.4565,-0.1700
0.3066,-9.8483,-2.1843,0.0304,0.4237,-0.1761
0.3066,-9.7334,-2.3375,-0.0316,0.3910,-0.1845
0.3832,-9.8866,-2.0310,-0.1093,0.4249,-0.1918
0.4982,-9.8100,-1.8011,-0.0898,0.3727,-0.2125
0.5748,-9.4268,-2.4525,-0.1081,0.3642,-0.2550
1.1879,-9.1202,-3.4871,-0.3375,0.5184,-0.3060
1.6861,-8.4305,-5.1732,-0.6981,0.7370,-0.2780
2.5675,-7.2809,-4.8667,-1.0005,0.9337,-0.1809
2.6441,-6.5528,-2.7591,-0.9337,0.8256,0.0243
2.4142,-7.0893,-2.1076,-0.3169,0.4504,0.2185
0.0766,-8.0089,-2.9890,0.2283,0.0777,0.0850
-1.4945,-8.2772,-1.3795,0.4055,-0.0996,-0.2380
-1.1496,-8.1622,0.7281,0.6848,-0.0777,-0.5561
-0.4215,-7.3192,1.5711,1.5189,0.1117,-0.6156
0.3066,-6.4761,0.4982,2.4853,0.1481,-0.4529
1.0730,-7.0126,0.2682,2.8860,-0.2210,-0.4249

