-.-.-
-1.8011,-15.3281,-0.5365,-0.5804,0.1032,-1.1134
-7.5108,-14.7533,0.8814,-0.3946,0.0146,-1.2991
-3.1806,-12.1475,0.8430,-0.2100,-0.5039,-0.9677
1.0730,-11.1129,0.4215,-0.3727,-0.5282,-1.1899
2.1459,-10.4614,0.4215,-0.5330,-0.4468,-1.3659
3.2572,-11.5727,1.6478,-0.8365,-0.2598,-1.1716
3.3339,-11.4578,2.8740,-0.5427,-0.0826,-0.8888
1.7244,-9.3118,2.7974,-0.0923,0.1627,-0.4966
0.0000,-6.6294,2.2992,0.4978,0.5282,-0.2295
1.0730,-1.6861,0.1533,1.1389,0.8232,-0.2040
2.5675,0.9197,-3.0656,0.7916,0.9835,-0.1056
-0.2682,-3.1806,-1.8777,0.6496,0.7686,0.1105
-0.7664,-3.9087,-0.3449,1.2664,0.5864,0.1166
1.4562,-1.2263,-2.4908,1.0624,0.3035,-0.2125
-1.2646,-4.5601,-9.1969,-1.3052,0.0279,-0.5852
-0.8430,-18.8536,0.8814,-1.4375,0.4954,-1.1656
3.2572,-12.6074,-1.3795,0.4747,-0.1226,-1.2117
-4.8284,-13.1439,-3.1806,-0.1858,0.2841,-0.2999
-3.2955,-16.9759,-0.3449,-0.1651,-0.3436,0.2501
1.2263,-20.0032,-0.7281,0.1845,-0.1469,0.6399
1.4179,-16.6310,0.5365,0.3315,0.0826,0.7904
-1.7627,-14.0252,1.4562,-0.1979,0.3096,0.9470
-3.0656,-14.4084,0.9580,-0.9094,0.3776,1.1644
-4.5984,-15.2898,1.9543,-0.7418,0.1930,1.2032
-4.3685,-14.2552,2.6441,-0.0898,-0.0461,0.9835
-2.0310,-11.0746,1.6861,0.6921,-0.1797,0.6763
3.5255,-4.9050,1.2263,0.7127,-0.2695,0.4225
2.9507,0.0383,0.7281,0.7103,-0.4128,0.0316
-2.9507,1.7244,-0.3066,0.5876,-0.3545,-0.1141
-4.5218,0.1916,-0.9197,0.5342,-0.3485,-0.1251
-0.5365,-1.4562,0.3449,0.7370,-0.4007,-0.3387
0.3066,-1.8011,0.3832,0.9580,-0.3132,-0.3387
0.6898,-2.5291,-1.5328,0.6593,-0.1190,-0.1251
0.1150,-7.4341,-12.0326,-0.3788,-0.4019,0.5451
-1.5711,-21.8426,-0.2299,-1.3562,0.5500,1.7156
-7.7790,-22.6856,0.6131,0.2343,-0.1530,1.5990
2.6058,-17.2441,-3.7937,-0.0461,-0.8280,-0.5913
1.9160,-16.4011,-0.9197,-1.1984,-0.6301,-1.1267
-7.3575,-12.7607,0.9580,-0.1894,-0.4747,-1.1716
-4.7517,-11.1129,-0.3066,-0.4189,-1.2044,-0.7200
-0.1916,-13.1055,0.6131,-0.4796,-1.3768,-0.8851
1.8394,-11.4578,0.8814,-0.6107,-1.3890,-1.2773
1.6095,-10.2698,1.8394,-0.6617,-1.2117,-1.1777
2.4142,-8.6987,2.4142,-0.5148,-0.9203,-0.5682
3.6787,-4.7517,1.7244,-0.1129,-0.3679,-0.1056
2.7207,-0.4215,-0.3832,0.4177,-0.1615,-0.1214
1.9543,-1.5711,-0.4598,0.4662,0.1603,0.0486
1.4945,-3.2955,0.3832,0.5403,0.5342,0.2647
0.7281,-3.6021,0.0000,1.1061,0.5148,0.3618
1.2646,-4.7900,1.0730,1.3574,0.8123,0.2380
1.2263,-2.7974,-0.1150,1.1753,0.7965,-0.2270
0.4982,-0.8814,-9.8866,0.0886,0.4128,-0.4480
-0.1916,-17.7806,-14.7916,-3.0863,1.2457,-0.8475
1.0730,-25.2914,9.3502,0.3035,0.4978,-1.3623
-6.1313,-17.5124,-1.7244,1.0357,0.7564,-0.3169
-6.5145,-11.0746,-2.1459,0.6726,0.1433,0.6459
1.5328,-12.6840,-1.5711,0.1287,-0.4468,1.0757
6.0929,-13.7570,-0.5365,0.2598,0.4201,0.6714
1.6478,-16.2095,1.3795,-0.2210,0.7940,0.5282
-3.7554,-15.0216,1.1879,-0.0498,0.8985,0.9155
-5.0200,-12.6074,2.7207,-0.6034,0.7588,1.3550
-4.1386,-12.9139,3.6021,-0.7928,0.4237,1.2664
-4.5218,-13.2971,2.6058,-0.4444,0.0243,0.7406
-1.3412,-8.4305,2.0310,0.2222,-0.0959,0.2028
2.1076,-1.9160,1.4945,0.5719,-0.0911,-0.0571
-1.6478,0.6514,0.6131,0.6496,-0.5816,-0.3982
-6.3995,2.0310,-2.1459,0.8341,-0.9677,-0.3387
-3.6787,0.1533,-3.1423,0.7066,-0.4808,-0.3825
-0.6131,-2.8357,-1.9543,0.7880,-0.1724,-0.5755
1.4562,-4.7900,-2.1843,0.3436,-0.3958,-0.0765
5.6331,-11.3811,-7.3192,-0.6241,-0.3011,1.0769
2.7974,-17.4741,1.6478,0.2076,0.2865,1.6561
-3.0656,-10.0782,-2.2992,0.7042,0.1761,0.8669
0.3449,-12.1092,-2.4142,0.1105,0.2926,-0.2708
-2.4908,-14.5617,0.8047,-0.7771,0.2732,-0.5791
-7.5491,-18.6620,1.7627,-0.6811,-0.1882,-0.6338
-2.8357,-17.2058,2.4142,-0.0619,-0.6326,-0.6957
4.2152,-14.9066,1.7244,-0.0316,-0.6071,-0.9288
3.6787,-14.1019,1.4562,-0.4517,-0.3266,-1.3878
2.2992,-15.8263,3.2955,-0.6253,0.0049,-1.4813
2.2226,-14.3701,2.9507,-0.2890,0.1700,-1.2676
1.7244,-7.2809,1.2646,-0.1226,0.3363,-0.8438
-0.8430,-2.4142,0.9963,0.0340,0.3339,-0.5816
0.4598,-1.4179,1.2263,0.4262,0.7661,-0.2125
3.9087,0.6131,-3.0273,0.7673,0.9325,0.0316
2.3759,-1.1113,-2.2992,0.4905,0.7649,0.3242
-1.4945,-3.6787,0.1916,0.8584,0.6605,0.3582
-3.3722,-3.2189,0.9580,1.0952,0.4080,0.0862
-1.3412,-2.0693,-1.6095,0.5937,-0.1530,-0.2015
1.1879,-4.8284,-20.5780,-1.7641,-0.1093,-0.3703
-0.9197,-24.6400,6.0163,-1.6561,-0.4092,-1.2008
-1.3029,-21.9192,1.4945,0.6326,-0.1748,-1.1704
-6.7061,-14.6384,-2.4142,0.7224,-0.2975,0.2368
-2.3375,-12.7223,-1.4179,0.0049,-0.9604,0.6957
7.0893,-11.1129,-2.2226,0.3047,-0.5828,0.7273
5.7864,-12.3008,-0.2682,-0.5342,0.0850,0.6702
-1.4562,-15.7880,1.2263,-0.7928,0.3157,0.9980
-5.1732,-15.0216,1.6478,-0.7843,0.4201,1.4970
-4.8667,-14.8300,2.7591,-0.6641,0.1081,1.6379
-2.6824,-13.7570,2.8357,-0.2064,-0.2477,1.1182
-0.1533,-10.0016,1.2646,0.5063,-0.3327,0.5561
2.9890,-4.5601,1.9543,0.7491,-0.3230,0.2246
1.5328,-0.5748,1.3412,0.7855,-0.5634,-0.0656
-5.6714,1.4945,-1.1113,0.8742,-1.1680,-0.0401
-3.7937,1.3412,-2.5291,0.5828,-0.6095,-0.0704
0.4982,-1.8777,-1.8394,0.2258,-0.1226,-0.6641
1.5328,-3.4105,-0.9963,0.5330,-0.3448,-0.4067
1.9543,-5.1349,-4.7900,0.4674,-0.1469,0.4043
3.5255,-12.5307,-11.8027,-0.3157,-0.0559,1.3016
-1.8777,-16.3245,5.2882,0.2028,0.5379,1.3853
-4.9816,-7.0126,0.0000,0.7783,0.3132,-0.1044
3.1423,-11.4578,-1.4179,-0.1518,0.4723,-0.5536
-0.0383,-13.0289,0.4598,-0.5634,0.5027,-0.8244
-7.6257,-18.8153,2.0310,-0.8123,0.3995,-0.7139
-4.5601,-17.8956,1.9160,-0.4687,-0.5245,-0.4869
1.9543,-17.2441,1.1496,-0.3315,-0.5840,-0.5658
2.7974,-16.9376,1.2646,-0.6326,-0.3958,-0.9325
2.9507,-18.4704,3.3339,-0.5282,-0.1238,-1.1061
2.3759,-14.3701,3.1806,0.1360,0.1323,-0.9288
0.5365,-7.0126,1.6478,0.2465,0.1360,-0.6411
-2.6058,-5.4032,2.1459,0.6083,0.1979,-0.2574
-0.0383,-3.2572,1.9160,1.1971,0.4225,-0.0182
6.2845,2.7207,-3.0656,1.0514,0.7843,0.0073
4.2152,2.8740,-4.9816,0.0401,0.6945,0.0109
-0.6514,-3.6787,-0.8814,-0.3023,0.4541,0.1153
-2.9890,-4.0236,0.1916,0.3703,0.1833,-0.0219
-3.8320,-1.9543,-6.1313,-0.3837,-0.1178,-0.4092
-2.7207,-11.1129,-8.2772,-2.3081,-0.2865,-0.7309

