-.-.-
-0.6131,-9.4268,-2.1459,-0.0449,0.1845,0.0352
-0.6898,-9.1586,-2.4142,-0.1251,0.1081,0.0085
-0.6898,-9.3118,-2.2609,-0.3096,0.0474,0.0024
-0.2682,-10.1166,-1.8777,-0.1906,0.0267,-0.0219
-0.2299,-9.5801,-2.3375,-0.0874,-0.0328,-0.0571
-0.2299,-9.3502,-2.1076,-0.1263,-0.0389,-0.0352
-0.5365,-9.4268,-2.5291,-0.1238,-0.1093,-0.0304
-0.7281,-9.3502,-2.5291,-0.2222,-0.2015,-0.0279
-0.4215,-9.4651,-2.0310,-0.2283,-0.1506,-0.0461
-0.0766,-9.6184,-2.1459,-0.1639,-0.1493,-0.0838
-0.1150,-9.5034,-2.5675,-0.1967,-0.1845,-0.0583
-0.5748,-9.4268,-2.4908,-0.1979,-0.1591,-0.0364
-0.4982,-9.8866,-2.2609,-0.1372,-0.1056,-0.0425
-0.3832,-9.7334,-2.3759,-0.1093,-0.1433,-0.0704
-0.6131,-9.4651,-2.5291,-0.0850,-0.1445,-0.0534
-0.2682,-9.1586,-2.6824,-0.1299,-0.0789,-0.0449
-0.0383,-8.8137,-2.8357,-0.2319,-0.0692,-0.0595
0.3066,-8.7754,-2.7974,-0.2610,0.0316,-0.0267
0.6131,-8.8903,-3.0273,-0.2793,0.2125,0.0000
0.4215,-8.9670,-2.7974,-0.3873,0.2404,0.0474
0.2682,-9.0436,-2.4142,-0.3594,0.3460,0.1603
0.5365,-8.5454,-3.5638,-0.4480,0.4650,0.2210
0.6131,-8.3538,-3.7554,-0.7103,0.4626,0.2246
0.6131,-9.5801,-3.6404,-0.8001,0.5549,0.1870
1.2646,-10.7680,-2.7591,-0.8329,0.6726,0.0971
0.8047,-11.5344,-1.5711,-0.5719,0.7054,0.0255
-0.2682,-10.8830,-1.9543,-0.2489,0.6265,0.0109
-0.7664,-9.9250,-2.3759,-0.1615,0.5621,-0.0170
-0.8814,-9.5418,-1.5328,-0.1724,0.4432,-0.0170
0.0000,-9.3885,-1.3029,-0.1833,0.3181,-0.0631
0.4598,-9.5801,-1.4179,-0.2295,0.3387,-0.1263
0.3832,-9.6950,-1.2646,-0.0935,0.3667,-0.1275
0.1533,-9.1586,-1.2263,0.1493,0.2744,-0.0267
0.0383,-8.5838,-0.3832,0.2793,0.1578,0.1275
-0.0383,-7.8940,-0.6898,0.3315,-0.0328,0.2015
-0.4982,-7.5874,-0.9580,0.1809,-0.1943,0.2125
-0.5365,-7.6257,-0.7664,0.1202,-0.2926,0.2258
0.1533,-7.4725,-1.1496,0.0862,-0.3922,0.2440
0.8430,-8.6987,-0.8047,0.0255,-0.3570,0.2331
1.1496,-9.8483,-2.0693,0.1275,-0.5221,0.1870
1.4562,-9.5801,-2.7591,0.1032,-0.4541,0.0413
0.7664,-7.8940,-5.2499,-0.0668,-0.5646,-0.1809
0.1150,-4.8667,-7.0509,-0.9531,-0.9033,-0.1530
0.1150,-3.9853,-2.8357,-0.8062,-0.9045,-0.0898
-0.0766,-2.9890,0.1533,0.5160,-1.1255,-0.0850
0.5748,-0.3449,1.8011,1.2967,-1.0077,-0.1615
0.3066,2.1459,1.5711,1.2202,-1.0223,-0.4832
-1.6861,2.7591,-2.2609,0.3096,-0.6265,-0.7030
-2.7207,-3.7937,-7.2425,-0.8402,1.0090,-0.1554
-1.3412,-17.3591,-5.7480,-0.5136,0.0656,0.7928
7.5108,-27.9738,-8.8520,0.9130,-0.5500,0.4286
2.3759,-31.5759,-2.4525,-2.1090,1.9293,-0.2950
-7.7407,-18.5470,-3.6787,1.3708,0.2343,-0.9422
-13.1439,-4.0236,0.9580,3.2065,0.9895,-0.2525
-9.7334,-0.8047,1.8777,1.7423,-0.0583,0.3861
0.4982,-9.1969,-0.1916,-0.6289,-0.7710,0.4529
2.6824,-18.3938,-3.8704,-1.7496,0.0206,-0.5221
3.8704,-15.8646,-7.4725,-1.1899,1.3258,-0.2210
4.5984,-8.8137,-4.1769,0.9410,1.6148,0.0170
3.2189,0.3449,-0.1916,2.5849,1.7532,0.2149
0.4215,9.6184,-0.4598,0.8620,1.7156,0.4468
-2.1459,5.4415,-2.4908,-1.1219,1.6707,0.6508
-4.7134,-2.4908,-3.9470,-1.3562,1.2797,0.6569
-5.6714,-12.4158,-2.7207,-0.8329,0.1311,0.4359
-11.6111,-24.3334,-9.0436,-3.4603,-0.7977,1.1814
-0.8047,-37.5922,1.4179,-1.4023,-1.4060,2.8812
12.9906,-20.1565,-11.1129,1.3526,-1.5602,0.8038
12.3775,-15.3664,-1.0346,2.5218,0.2805,-0.9968
2.8357,-6.5145,-1.7627,2.3469,1.5407,-1.4327
-7.5108,2.4525,-1.8394,0.6338,0.9422,-0.9410
-7.2809,-3.2572,-1.5711,-0.7054,-0.1967,-0.0267
-1.0730,-12.9523,-1.6095,-1.1000,-1.1644,-0.0692
2.0693,-9.6950,-4.6751,0.0097,-1.5966,-0.4249
2.2992,-1.7627,-5.0966,0.6811,-1.5553,-0.4080
2.4525,3.1806,-0.3832,1.0927,-0.9458,-0.1275
2.9507,3.3339,0.4598,0.7273,-0.1396,-0.3412
2.4908,-3.3339,-4.1769,-1.6852,0.5597,-0.5536
-0.2682,-14.7150,-1.0346,-2.0968,0.9349,-0.2003
3.9853,-25.9812,-2.6441,-2.5752,1.6913,-0.1481
-7.8173,-33.2237,-3.9087,0.0389,0.4966,-1.3295
-17.4741,-15.2132,-3.7171,0.5779,0.9519,-1.1777
-11.6494,-10.3082,1.2646,2.5946,-0.5937,-0.2987
1.4179,-4.2536,-1.8777,2.3676,-1.5080,0.7479
10.5381,-1.7244,-3.2572,0.0947,-0.8742,0.6471
6.8977,-4.4452,-6.0546,-1.8771,0.3727,0.1008
1.7244,-5.0966,-2.9123,-1.0733,2.2122,0.2113
-0.9580,-3.4105,0.7281,1.3999,2.3214,0.2914
0.5748,1.6095,-0.2682,1.0879,1.8589,0.3740
-1.6095,4.2152,-5.6331,-1.0575,1.0308,0.6046
-4.6368,-1.8777,-6.0163,-2.6905,0.6156,1.1510
-16.9759,-19.4667,-19.8116,-1.7775,-1.6937,1.2761
-12.0326,-52.0773,5.9396,-3.2005,-0.8924,4.6320
12.1475,-32.8788,-17.8956,-0.5876,-2.1296,0.0716
20.3098,-20.5780,-4.5601,2.6213,0.9240,-1.2724
5.7480,-5.2499,-3.2955,3.6679,2.2073,-1.4254
-8.3155,7.2809,-1.1879,1.7556,1.8151,-1.5043
-19.6966,3.4871,-4.2152,-0.2950,0.2538,-1.8637
-8.9286,-9.6950,-2.0693,-2.9941,-1.2239,-0.5646
0.5748,-9.5034,2.2226,-0.2647,-2.5631,-0.3655
5.8247,-0.9197,1.8777,2.9637,-2.6201,-0.2890
6.5145,10.3465,-0.2299,2.3372,-2.3979,-0.5755
4.5601,8.3155,-3.7171,-0.6301,-1.3295,-0.4517
2.1843,-3.0656,-7.2809,-3.0633,-0.1955,-0.4419
4.7517,-21.9575,-2.6824,-2.7646,0.9240,0.0886
5.0200,-23.4520,-24.2951,1.6488,0.7285,-0.1238
-3.1806,-34.5266,4.3302,-1.3635,1.4655,-1.1425
-16.4394,-21.3827,-10.4998,1.4363,1.2275,-1.0454
-19.7350,-12.6840,1.4179,2.1697,0.3703,0.1178
-8.0089,-5.0200,-0.5365,2.1296,-1.5917,0.8985
2.2226,0.1533,-2.1459,0.4893,-1.3319,1.0126
9.8100,-2.7974,-3.1423,-0.8693,-0.5876,-0.0656
8.7370,-6.9743,-3.0656,-1.2457,1.0199,-0.5706
2.6824,-6.4378,-0.0766,0.4893,1.7884,-0.2161
-0.9197,-0.5748,-1.0730,1.3878,1.0539,0.0595
-2.7974,3.9087,-5.0200,0.2210,0.5913,0.2185
-6.0546,-3.1039,-7.1659,-1.3950,0.2343,0.4492
-13.9869,-17.1675,-19.8116,-0.6386,-1.8054,0.7503
-5.2499,-39.4699,3.6787,-3.0973,-1.2858,3.5623
12.2625,-29.0085,-12.1092,0.0510,-2.1393,0.3047
21.6893,-19.8882,-8.2389,1.0915,0.0534,-1.4813
6.3995,-7.3192,-1.9160,1.9985,1.5577,-1.9876
-5.5948,9.9250,-0.9197,1.6767,1.2724,-1.5650
-14.1019,12.1475,0.9963,-0.3047,0.2465,-0.8123
-11.5727,-4.5601,4.3685,-1.9742,-1.3222,0.7382
-4.8284,-10.2698,3.7171,-0.3995,-2.6092,1.0721
1.3795,-1.4945,-4.0236,1.5140,-2.3372,0.1166
4.0236,3.7171,-5.8247,0.5840,-1.6537,-0.2720
6.8977,-4.8284,-2.1076,-0.8135,-0.0728,0.1287

