-.-.-
0.9197,-6.7061,-8.5071,0.9458,-0.0012,0.0728
0.8814,-6.7444,-8.5071,0.9774,-0.0437,0.0546
1.0346,-6.8593,-8.5071,1.0065,-0.0607,0.0777
1.0730,-6.9743,-8.3538,1.0624,-0.0911,0.0741
0.9580,-6.8210,-8.0089,1.1292,-0.0728,0.0777
0.9580,-6.7444,-7.5108,1.2239,-0.0765,0.0959
0.8814,-6.5911,-7.2042,1.2967,-0.1275,0.0983
0.9580,-6.8977,-6.8977,1.3125,-0.1238,0.0959
0.4982,-8.8137,-6.6294,1.3744,-0.1396,0.1081
-0.0383,-12.8373,-8.9286,1.2445,-0.2246,0.1081
1.8777,-12.3775,-7.8557,1.1364,-0.0850,0.3995
1.1496,-8.1622,-7.6257,1.8054,0.0036,0.6046
0.6131,-6.2079,-4.8284,2.1891,-0.0668,0.2538
0.8047,-6.3229,-2.4142,1.7654,0.0631,0.1372
0.2682,-7.6257,-2.4908,1.1182,0.1761,0.1493
-0.0766,-9.8866,-3.1039,0.9300,0.1044,0.1396
-0.4598,-11.1512,-4.0620,1.0514,0.0243,0.1336
-0.4215,-10.5764,-4.5218,1.3635,-0.0741,0.1372
-0.2682,-8.9286,-3.7171,1.6124,-0.1518,0.1773
-0.2299,-7.8557,-3.2189,1.4813,-0.2040,0.1578
-0.3449,-8.0856,-2.5675,1.1923,-0.2125,0.1202
0.0766,-8.8903,-2.6441,0.9191,-0.1761,0.1408
0.4215,-9.4268,-2.3759,0.7649,-0.1566,0.1299
0.1150,-9.7334,-2.6058,0.6690,-0.1214,0.1081
0.0000,-9.6184,-2.4908,0.6423,-0.0983,0.0935
-0.1150,-9.5034,-2.3759,0.6738,-0.0850,0.0959
-0.0383,-9.4651,-2.3759,0.6641,-0.0571,0.0911
-0.2299,-9.7717,-2.4525,0.6399,-0.0243,0.0765
-0.1533,-9.1969,-2.5291,0.6046,0.0036,0.0643
-0.3449,-9.6567,-2.1843,0.5609,0.0085,0.0595
-0.3066,-9.6184,-2.1459,0.5306,0.0000,0.0534
-0.4215,-9.6184,-2.0693,0.4577,0.0498,0.0437
-0.4598,-9.5034,-2.0310,0.3740,0.0813,0.0425
-0.5748,-9.4268,-1.8394,0.2768,0.0947,0.0498
-0.4982,-9.6950,-1.7627,0.2052,0.0959,0.0340
-0.4598,-9.4268,-2.0693,0.1360,0.0996,0.0109
-0.1916,-9.6567,-1.6478,0.1129,0.0898,0.0000
-0.1150,-9.7717,-1.5711,0.1566,0.0862,0.0036
0.0383,-9.6950,-1.5711,0.1809,0.0959,0.0097
-0.3066,-9.8100,-1.3029,0.1821,0.0862,0.0146
-0.2299,-9.7334,-1.3795,0.1748,0.0886,0.0158
-0.3449,-9.7717,-1.1113,0.1384,0.0789,0.0170
-0.2299,-9.8100,-1.4179,0.0838,0.0813,0.0024
-0.1916,-9.6184,-1.5711,0.0486,0.0728,-0.0061
-0.3066,-9.6950,-1.5328,0.0316,0.0583,-0.0012
-0.4215,-9.5801,-1.3795,0.0024,0.0559,-0.0073
-0.4215,-9.6950,-1.4179,-0.0486,0.0510,-0.0146
-0.3832,-9.5418,-1.3412,-0.0546,0.0401,-0.0109
-0.2682,-9.8100,-1.5711,-0.0571,0.0194,0.0049
-0.2299,-9.8100,-1.4179,-0.0097,-0.0109,0.0206
-0.2299,-9.8866,-1.4945,0.0085,-0.0352,0.0121
-0.2299,-9.7717,-1.6861,0.0049,-0.0486,0.0000
-0.2682,-9.6184,-1.4179,-0.0121,-0.0425,-0.0061
-0.1916,-9.6567,-1.5328,-0.0741,-0.0352,-0.0036
-0.1916,-9.8483,-1.5711,-0.1141,-0.0304,0.0049
-0.1150,-9.8483,-1.8777,-0.0874,-0.0316,0.0109
-0.0766,-9.8866,-1.8777,-0.0607,-0.0425,0.0134
0.0383,-9.7717,-1.8394,0.0073,-0.0255,0.0024
0.0766,-9.5801,-1.6095,-0.0061,0.0194,-0.0109
0.0383,-9.6567,-1.4562,-0.0826,0.0595,0.0049
-0.1150,-9.7717,-1.8011,-0.0923,0.0643,0.0206
-0.2682,-9.7334,-1.7244,-0.0728,0.0923,0.0158
-0.2682,-9.6184,-1.7244,-0.0607,0.1056,0.0061
-0.3449,-9.8866,-1.6095,-0.0364,0.0898,0.0061
-0.4215,-9.9250,-1.7244,-0.0255,0.0692,0.0012
-0.4215,-9.7334,-1.6478,-0.0036,0.0607,-0.0036
-0.3449,-9.5801,-1.4945,-0.0073,0.0668,0.0085
-0.1916,-9.4651,-1.4562,-0.0401,0.0898,0.0061
-0.1916,-9.6184,-1.4179,-0.0583,0.1226,-0.0109
-0.0766,-9.6184,-1.6478,-0.0996,0.1493,-0.0255
-0.3449,-9.8483,-1.6095,-0.1238,0.1469,-0.0304
-0.4215,-9.8483,-1.6095,-0.0838,0.1445,-0.0255
-0.3449,-9.6950,-1.6095,-0.0656,0.1481,-0.0255
-0.2299,-9.5801,-1.4945,-0.0607,0.1542,-0.0012
-0.1533,-9.6184,-1.5711,-0.0838,0.1663,0.0182
-0.1150,-9.6567,-1.7627,-0.1056,0.1736,0.0085
-0.3066,-9.6567,-1.8011,-0.0996,0.1688,0.0036
-0.1916,-9.8100,-1.9160,-0.0923,0.1615,0.0000
-0.3066,-9.7717,-1.9160,-0.0765,0.1481,-0.0061
-0.3832,-9.7717,-1.9160,-0.0668,0.1299,-0.0109
-0.3832,-9.6950,-1.8394,-0.0559,0.1141,-0.0061
-0.2682,-9.6567,-1.7627,-0.0425,0.1056,0.0073
-0.3066,-9.6567,-1.7244,-0.0546,0.1117,0.0036
-0.3066,-9.6567,-1.8011,-0.0631,0.1166,-0.0036
-0.2682,-9.7334,-1.8394,-0.0437,0.1032,0.0000
-0.3832,-9.6950,-1.7627,-0.0243,0.0813,0.0012
-0.3832,-9.7334,-1.9160,-0.0389,0.0741,-0.0085
-0.1916,-9.8100,-1.9160,-0.0316,0.0789,-0.0134
-0.2299,-9.6567,-1.9160,-0.0352,0.0862,-0.0036
-0.1916,-9.5801,-1.9160,-0.0401,0.0959,0.0012
-0.1150,-9.7334,-1.9160,-0.0461,0.1056,-0.0024
-0.1533,-9.6184,-1.9927,-0.0498,0.1008,-0.0012
-0.1150,-9.8100,-1.7244,-0.0716,0.0898,0.0012
-0.2682,-9.8100,-2.0310,-0.0874,0.0753,0.0061
-0.2299,-9.7334,-1.9160,-0.0765,0.0692,0.0000
-0.1533,-9.6567,-1.9160,-0.0826,0.0668,0.0036
-0.3066,-9.5801,-1.9927,-0.1008,0.0741,-0.0024
-0.1916,-9.6184,-1.9927,-0.1311,0.0850,-0.0146
-0.3066,-9.7334,-1.8394,-0.1421,0.0826,-0.0121
-0.3832,-9.7334,-1.9543,-0.1129,0.0753,0.0036
-0.4598,-9.8100,-2.1076,-0.0874,0.0631,0.0012
-0.2682,-9.7717,-1.9543,-0.0255,0.0571,-0.0073
-0.2299,-9.7334,-2.0310,-0.0134,0.0631,-0.0097
-0.1533,-9.5418,-1.9927,-0.0109,0.0656,-0.0073
-0.2299,-9.6184,-2.0310,-0.0279,0.0619,-0.0061
-0.1533,-9.7334,-1.9160,-0.0486,0.0583,0.0000
-0.3066,-9.5418,-1.9160,-0.0656,0.0534,0.0000
-0.3449,-9.5418,-2.1459,-0.1153,0.0510,-0.0073
-0.2682,-9.6567,-2.1076,-0.1651,0.0571,-0.0085
-0.1150,-9.7334,-2.1076,-0.1967,0.0571,-0.0012
-0.1916,-9.6950,-2.1459,-0.1724,0.0619,-0.0024
-0.2682,-9.6950,-2.2226,-0.1445,0.0704,0.0024
-0.3449,-9.5034,-2.1459,-0.1457,0.0789,0.0012
-0.3449,-9.5034,-2.1459,-0.1894,0.0813,-0.0085
-0.3449,-9.3118,-2.0693,-0.2392,0.0765,-0.0097
-0.2299,-9.6567,-2.0693,-0.3011,0.0741,-0.0049
-0.1533,-9.6950,-2.2609,-0.3084,0.0850,-0.0012
-0.2299,-9.6950,-2.4142,-0.2805,0.0753,0.0049
-0.2682,-9.6567,-2.2609,-0.2246,0.0668,0.0036
-0.1916,-9.4651,-2.5675,-0.2064,0.0765,0.0061
-0.1916,-9.4651,-2.7974,-0.2173,0.0838,0.0121
-0.0766,-9.6950,-2.7207,-0.2198,0.0801,0.0097
-0.1150,-9.7717,-2.9123,-0.1117,0.0668,0.0000
-0.3449,-9.5801,-2.8740,0.0170,0.0643,0.0061
-0.2682,-9.5418,-2.6058,0.0134,0.0656,0.0036
-0.3449,-9.4268,-2.5291,0.0085,0.0741,-0.0036
-0.2682,-9.5034,-2.4908,0.0170,0.0753,0.0012
-0.1916,-9.6184,-2.4525,0.0219,0.0753,0.0012

