-.-.-
6.2079,1.4945,1.4945,-0.4371,-3.4263,-0.3995
5.4032,2.3375,1.6095,-0.4844,-3.0001,-0.3715
6.3229,1.9160,3.1423,-0.6799,-2.5497,-0.2295
8.3155,0.3066,4.5601,-0.9045,-1.9135,0.0413
15.5197,-1.0730,7.7407,-0.8960,-0.5342,0.3278
20.0032,-2.1459,6.5528,-0.4990,0.8790,0.1093
15.9413,-2.1076,3.8704,-0.1093,-0.2975,-0.4347
10.0016,2.3759,2.3375,1.3720,-1.1061,-0.5476
8.3538,5.1732,2.9123,1.3234,-0.9276,-0.0498
8.3155,4.7134,4.6751,0.3570,-0.2829,0.4080
8.6604,4.1003,4.3685,-0.0546,0.2538,0.6168
9.2735,4.2536,2.6058,-0.1627,0.0801,0.7771
8.9286,2.1459,0.8814,-0.3812,-0.4080,0.8293
7.1276,-0.9963,0.9963,-1.4849,-0.8596,0.2465
7.7024,-3.3339,-0.9197,-1.3878,-1.0320,-0.1336
8.8903,-4.6368,-1.5711,-0.0631,-0.5901,-0.0121
9.8100,-3.0273,-0.4598,0.7916,-0.4104,-0.0134
10.6914,-0.9197,0.0766,0.5974,-0.4687,-0.1056
11.9943,-0.3832,-1.9543,0.2683,-0.5621,-0.2210
12.6840,-0.1150,-2.2609,-0.1323,-0.2149,-0.3060
11.8793,0.3832,-1.1879,-0.4504,0.0850,-0.3521
11.3811,0.9197,-0.4215,-0.6617,-0.0279,-0.4626
10.1549,0.3066,0.8430,-0.8256,-0.1627,-0.6059
9.2735,-0.1533,1.8777,-0.8110,-0.2258,-0.6921
9.3502,-0.0383,2.4525,-0.7115,-0.0461,-0.5901
9.4651,-0.0766,2.0693,-0.6386,0.0437,-0.3849
10.0016,0.2299,1.4179,-0.4043,-0.0425,-0.2246
10.5764,0.7281,0.3832,-0.1906,-0.1724,-0.1251
10.4998,0.7281,0.1916,-0.1008,-0.2865,-0.0789
10.3848,0.6514,0.0766,-0.0595,-0.3120,-0.0668
10.2315,0.7281,-0.0383,-0.0741,-0.3375,-0.0801
10.0782,0.7281,-0.3832,-0.0668,-0.2793,-0.0801
9.9633,0.8814,-0.4982,-0.0461,-0.1081,-0.0158
9.8866,0.9197,-0.2682,-0.0522,0.0546,0.0279
9.8100,0.8047,-0.0766,-0.1433,0.1943,0.0134
9.7717,0.9963,0.1533,-0.3157,0.1627,-0.0012
9.8483,0.6131,0.3449,-0.4723,0.0777,-0.0340
9.8100,0.3832,0.3066,-0.6216,-0.0036,-0.0923
10.0016,0.2682,0.3832,-0.7346,-0.0134,-0.1372
10.4614,0.0766,0.1533,-0.6775,0.0012,-0.1457
10.4614,0.0383,0.0000,-0.4674,-0.0328,-0.1336
10.4614,-0.0383,0.1916,-0.2501,-0.0607,-0.1093
10.0399,0.0383,0.3449,-0.0777,-0.0716,-0.1044
9.8866,0.1533,0.4598,-0.0049,-0.0971,-0.0959
9.7717,0.3449,0.3832,0.0376,-0.1396,-0.0862
9.9250,0.3832,0.3832,0.0389,-0.2040,-0.0801
10.0016,0.4215,0.2682,0.0170,-0.2610,-0.0850
9.8866,0.4982,0.0766,-0.0206,-0.2963,-0.0983
10.0016,0.4982,-0.0383,-0.0401,-0.2902,-0.1032
10.1166,0.2682,-0.6898,0.0425,-0.2319,-0.0996
10.2698,0.3449,-0.8047,0.1639,-0.1153,-0.0862
10.3465,0.4982,-0.9963,0.2671,0.0073,-0.0862
10.3465,0.8814,-0.7664,0.2817,0.0789,-0.0898
10.3465,0.9963,-0.5748,0.2343,0.0971,-0.0850
10.3082,1.1113,-0.4598,0.1809,0.0898,-0.0741
10.1932,1.2263,-0.4215,0.1384,0.0789,-0.0534
10.1166,1.2646,-0.2299,0.1190,0.0559,-0.0243
10.1166,1.1113,-0.2682,0.0813,0.0522,-0.0036
9.8866,1.2646,-0.2682,0.0206,0.0595,0.0109
10.0016,1.0346,-0.2682,-0.0364,0.0826,0.0291
10.0016,0.9963,-0.3832,-0.0619,0.1166,0.0510
10.0016,0.8814,-0.1150,-0.0728,0.1360,0.0704
9.9633,0.7664,-0.1916,-0.0765,0.1348,0.0728
10.0399,0.6514,-0.2682,-0.0534,0.1166,0.0716
9.9250,0.6131,-0.2299,-0.0097,0.1311,0.0631
9.8866,0.5365,-0.3449,0.0146,0.1542,0.0522
9.8483,0.4982,-0.0383,0.0194,0.1676,0.0376
10.0016,0.5748,-0.1533,0.0231,0.1870,0.0304
10.1166,0.5365,-0.1916,0.0243,0.1967,0.0255
9.9250,0.5365,-0.0766,0.0134,0.1943,0.0134
9.9250,0.4982,0.0766,-0.0121,0.1858,0.0000
9.9633,0.4982,0.1916,-0.0231,0.1785,-0.0049
9.8483,0.5365,0.1533,0.0012,0.1821,-0.0085
9.8866,0.5748,0.0766,0.0279,0.1724,-0.0146
9.9633,0.5748,0.1916,0.0401,0.1493,-0.0194
9.9250,0.8047,0.1150,0.0316,0.1105,-0.0206
10.0399,0.6898,0.0000,0.0316,0.0801,-0.0170
9.9250,0.7281,-0.1150,0.0291,0.0656,-0.0134
9.9250,0.8047,-0.0766,0.0267,0.0583,-0.0061
10.1166,0.6514,0.0000,0.0194,0.0728,-0.0024
10.0399,0.5365,-0.1533,0.0243,0.0971,0.0061
10.0016,0.5748,-0.0766,0.0425,0.1214,0.0073
9.9633,0.6514,0.0383,0.0413,0.1336,0.0073
9.9250,0.6514,0.1150,0.0413,0.1275,0.0049
10.0016,0.6131,0.1150,0.0413,0.1202,0.0097
10.0399,0.5365,-0.0766,0.0413,0.1008,0.0061
10.0016,0.6131,0.0766,0.0461,0.0911,0.0024
10.0016,0.6898,0.1150,0.0498,0.0935,-0.0049
9.9633,0.6898,-0.0383,0.0619,0.1020,-0.0073
9.9633,0.6514,-0.1150,0.0680,0.1263,-0.0061
10.0016,0.7281,-0.1533,0.0643,0.1700,0.0024
9.9633,0.7281,0.0000,0.0583,0.2040,0.0097
10.1166,0.7664,0.0383,0.0546,0.2258,0.0134
10.0782,0.7281,0.2299,0.0425,0.2295,0.0182
10.0399,0.6898,0.0766,0.0352,0.2307,0.0255
10.0399,0.6514,0.1150,0.0449,0.2319,0.0376
10.0016,0.6131,0.3066,0.0546,0.2246,0.0401
10.0782,0.7281,0.3066,0.0498,0.2137,0.0340
9.9633,0.6898,0.3449,0.0243,0.1991,0.0304
9.8866,0.7664,0.3066,-0.0073,0.1870,0.0328
9.9250,0.6898,0.3066,-0.0231,0.1712,0.0340
9.8483,0.5365,0.3066,-0.0340,0.1639,0.0316
9.9633,0.5365,0.3449,-0.0182,0.1651,0.0316
9.8483,0.4982,0.3066,0.0024,0.1712,0.0267
10.0399,0.4982,0.3449,0.0134,0.1773,0.0219
9.9250,0.5748,0.4982,0.0049,0.1797,0.0158
9.9633,0.5748,0.5748,-0.0206,0.1591,0.0121
9.9250,0.5365,0.5365,-0.0364,0.1263,0.0121
9.9250,0.5365,0.5748,-0.0364,0.0996,0.0109
9.9250,0.5365,0.4598,-0.0194,0.0996,0.0049
9.8866,0.4598,0.3832,0.0012,0.1068,0.0049
9.9250,0.5365,0.3449,0.0279,0.1336,0.0085
9.9250,0.4982,0.5748,0.0413,0.1408,0.0085
9.9250,0.6131,0.5748,0.0389,0.1336,0.0073
9.8866,0.6131,0.5748,0.0206,0.1226,0.0085
9.9633,0.5365,0.4982,0.0073,0.1068,0.0121
9.9250,0.6131,0.5365,-0.0036,0.1081,0.0109
9.9633,0.8430,0.5365,-0.0024,0.1081,0.0097
9.9250,0.5748,0.5365,0.0049,0.1141,0.0097
10.0782,0.4982,0.4215,0.0121,0.1214,0.0121
9.9633,0.5748,0.5365,0.0255,0.1263,0.0134
9.8100,0.6131,0.5365,0.0255,0.1311,0.0109
9.9250,0.5748,0.5748,0.0170,0.1323,0.0097
9.9633,0.5748,0.6514,-0.0024,0.1202,0.0097
10.0016,0.4598,0.3832,-0.0194,0.1178,0.0121
9.8866,0.4982,0.6131,-0.0255,0.1129,0.0146
9.9250,0.4598,0.6514,-0.0194,0.1129,0.0121
9.9250,0.4982,0.6898,-0.0109,0.1153,0.0109

