-.-.-
-0.3449,-9.6567,-2.8357,-0.0680,0.0134,-0.0073
-0.3066,-9.5801,-2.7207,-0.0571,0.0061,-0.0061
-0.3066,-9.5418,-2.7974,-0.0571,0.0024,-0.0036
-0.3449,-9.5418,-2.8357,-0.0631,-0.0049,-0.0024
-0.3449,-9.5801,-2.7591,-0.0631,-0.0085,-0.0036
-0.3449,-9.5418,-2.9123,-0.0607,-0.0061,-0.0049
-0.3066,-9.5801,-2.8740,-0.0765,-0.0109,-0.0073
-0.1916,-9.6567,-2.7207,-0.0680,-0.0170,-0.0073
-0.3066,-9.5034,-2.7974,-0.0461,-0.0061,-0.0073
-0.4215,-9.5034,-2.7207,-0.0607,0.0012,-0.0049
-0.3449,-9.5801,-2.7591,-0.0680,-0.0024,-0.0097
-0.3832,-9.5418,-2.8740,-0.0607,-0.0049,-0.0085
-0.4215,-9.5801,-2.9507,-0.1032,-0.0073,-0.0036
-0.3832,-9.5034,-2.8740,-0.1129,-0.0146,-0.0036
-0.3449,-9.6184,-2.7591,-0.0668,-0.0109,-0.0049
-0.2682,-9.5418,-2.9123,-0.0401,-0.0049,-0.0024
-0.0766,-9.6567,-2.6441,-0.0631,0.0024,-0.0024
-0.3066,-9.5801,-2.7591,-0.0741,0.0036,-0.0024
-0.4215,-9.5801,-2.8357,-0.0838,-0.0036,-0.0012
-0.3066,-9.6184,-2.9507,-0.0971,-0.0049,-0.0012
-0.3449,-9.5801,-2.9507,-0.0850,0.0049,0.0012
-0.2682,-9.5801,-3.0273,-0.0765,0.0109,0.0024
-0.3066,-9.5034,-2.8357,-0.0838,0.0134,0.0012
-0.3832,-9.6567,-2.7207,-0.0789,0.0219,0.0000
-0.1916,-9.6567,-2.9123,-0.0656,0.0231,-0.0049
-0.3449,-9.5801,-2.8357,-0.0716,0.0206,-0.0036
-0.4598,-9.5034,-2.9123,-0.0801,0.0170,-0.0024
-0.1916,-9.8100,-2.7974,-0.0656,0.0206,-0.0049
-0.4215,-9.5034,-2.7974,-0.0595,0.0194,-0.0061
-0.3449,-9.5034,-2.6824,-0.0777,0.0182,-0.0085
-0.3449,-9.5418,-2.7974,-0.0777,0.0194,-0.0073
-0.3832,-9.5418,-2.9123,-0.0741,0.0146,-0.0036
-0.3449,-9.5034,-2.9890,-0.0789,0.0146,-0.0036
-0.3066,-9.6950,-2.8740,-0.0826,0.0170,-0.0024
-0.2682,-9.5801,-2.9123,-0.0595,0.0194,-0.0024
-0.3449,-9.5801,-2.9890,-0.0607,0.0243,-0.0012
-0.3449,-9.5034,-2.9507,-0.0862,0.0219,0.0000
-0.3066,-9.5418,-2.9123,-0.0813,0.0219,-0.0024
-0.2682,-9.6567,-2.8357,-0.0510,0.0231,-0.0012
-0.3832,-9.4651,-2.8357,-0.0449,0.0206,-0.0024
-0.2299,-9.5801,-2.8740,-0.0753,0.0267,0.0000
-0.3066,-9.5034,-2.8740,-0.0862,0.0255,0.0000
-0.4598,-9.5034,-2.9123,-0.0874,0.0206,0.0000
-0.3449,-9.5418,-2.9890,-0.0923,0.0194,0.0012
-0.2682,-9.6184,-3.0273,-0.0971,0.0219,0.0036
-0.3066,-9.5801,-2.9507,-0.0947,0.0206,0.0024
-0.3066,-9.5801,-3.1039,-0.0983,0.0194,0.0012
-0.3449,-9.5418,-3.1423,-0.1032,0.0243,0.0000
-0.3832,-9.5418,-2.9507,-0.0874,0.0255,0.0012
-0.4215,-9.5034,-3.0656,-0.0898,0.0219,0.0012
-0.3832,-9.5418,-3.1039,-0.0996,0.0206,0.0012
-0.2682,-9.5418,-3.0273,-0.1068,0.0219,0.0000
-0.3066,-9.6184,-3.0273,-0.0874,0.0279,-0.0012
-0.4215,-9.5034,-3.1039,-0.0874,0.0255,-0.0012
-0.3066,-9.5418,-3.0273,-0.1141,0.0243,0.0024
-0.3449,-9.5034,-3.0656,-0.1238,0.0279,0.0012
-0.2682,-9.5801,-3.1806,-0.1202,0.0279,-0.0024
-0.3449,-9.5034,-3.1039,-0.1311,0.0304,-0.0036
-0.3449,-9.5034,-3.2572,-0.1372,0.0316,-0.0012
-0.4215,-9.5418,-3.4105,-0.1336,0.0291,0.0000
-0.3449,-9.5418,-3.3722,-0.1493,0.0291,0.0012
-0.3832,-9.5034,-3.2189,-0.1506,0.0291,0.0000
-0.4215,-9.4268,-3.3339,-0.1323,0.0291,-0.0049
-0.4215,-9.5034,-3.2572,-0.1469,0.0328,-0.0049
-0.3832,-9.4651,-3.4871,-0.1712,0.0328,-0.0036
-0.4215,-9.5418,-3.3339,-0.1736,0.0328,-0.0024
-0.4982,-9.4651,-3.4871,-0.1845,0.0255,-0.0024
-0.3449,-9.4651,-3.2572,-0.2076,0.0267,0.0000
-0.4215,-9.2735,-3.4871,-0.2210,0.0206,-0.0012
-0.2682,-9.4268,-3.4488,-0.2465,0.0219,-0.0012
-0.4598,-9.4268,-3.4871,-0.2780,0.0255,-0.0024
-0.3832,-9.4651,-3.5638,-0.2768,0.0219,-0.0012
-0.3066,-9.4651,-3.7937,-0.2732,0.0231,-0.0012
-0.4982,-9.4268,-3.7171,-0.2817,0.0243,-0.0024
-0.3449,-9.3502,-3.8320,-0.3035,0.0267,-0.0012
-0.3449,-9.3885,-3.9087,-0.3084,0.0352,-0.0024
-0.4215,-9.3885,-4.0620,-0.3193,0.0389,-0.0024
-0.3832,-9.3885,-4.1769,-0.3339,0.0425,0.0036
-0.3832,-9.3118,-4.0620,-0.3594,0.0474,0.0097
-0.3832,-9.2735,-4.1003,-0.3946,0.0486,0.0097
-0.4215,-9.0819,-4.2152,-0.4286,0.0498,0.0097
-0.3832,-9.2352,-4.4068,-0.4735,0.0583,0.0073
-0.3832,-9.1586,-4.4835,-0.5075,0.0534,0.0049
-0.3832,-9.0053,-4.4452,-0.5318,0.0437,0.0049
-0.4982,-8.8520,-4.3685,-0.5889,0.0376,0.0097
-0.6131,-8.9670,-4.4835,-0.6168,0.0182,0.0109
-0.6514,-9.0819,-4.4835,-0.6399,0.0000,0.0085
-0.4598,-8.8520,-4.4835,-0.6811,0.0134,0.0073
-0.5748,-8.9286,-4.9433,-0.7163,0.0376,0.0061
-0.3832,-9.0053,-4.9433,-0.7127,0.0534,-0.0024
-0.2682,-9.0053,-5.0200,-0.6981,0.0595,-0.0146
-0.3449,-8.9670,-5.2499,-0.6751,0.0765,-0.0194
-0.2682,-8.8903,-5.2882,-0.6581,0.0789,-0.0158
-0.2682,-8.7754,-5.3648,-0.6641,0.0862,-0.0061
-0.3449,-8.7370,-5.2499,-0.6605,0.0947,0.0036
-0.4215,-8.7370,-5.5948,-0.6605,0.0838,0.0085
-0.4982,-8.6604,-5.8630,-0.6860,0.0728,0.0109
-0.4215,-8.3538,-5.7097,-0.7443,0.0643,0.0109
-0.4598,-8.1239,-5.0583,-0.7467,0.0838,0.0012
-0.4215,-8.2005,-5.8247,-0.7710,0.0947,0.0061
-0.5365,-8.4305,-5.9013,-0.9507,0.0911,0.0121
-0.6131,-8.5071,-6.2079,-0.9786,0.0692,0.0243
-0.5748,-8.2005,-6.3995,-0.9118,0.0595,0.0413
-0.3066,-8.5454,-6.5528,-0.9155,0.0801,0.0534
-0.3832,-8.6221,-6.7444,-0.8572,0.0838,0.0559
-0.4598,-8.6221,-7.3958,-0.7661,0.0583,0.0461
-0.4598,-8.2389,-7.1276,-0.7151,0.0522,0.0328
-0.4215,-7.8940,-6.5911,-0.4711,0.0656,0.0340
-0.3449,-7.5874,-6.5911,-0.3472,0.1117,0.0607
-0.2682,-7.6641,-7.1659,-0.5063,0.1384,0.0741
-0.3449,-7.1276,-7.5108,-0.6993,0.1129,0.0874
-0.1533,-6.5911,-6.7061,-0.8851,0.1226,0.0838
-0.3449,-6.5911,-6.3612,-0.7855,0.1433,0.0898
-0.3066,-7.0126,-7.4725,-0.9155,0.1748,0.1129
-0.5365,-7.1659,-7.6641,-1.1619,0.1979,0.1251
-0.4982,-7.5874,-7.6257,-1.1874,0.1518,0.1408
-0.6131,-7.8173,-7.9706,-1.0757,0.1008,0.1457
-0.6514,-7.5108,-8.6221,-0.9264,0.1153,0.1518
-0.3449,-7.2425,-8.6604,-0.8572,0.1979,0.1785
-0.1533,-6.9743,-8.4688,-0.7734,0.1226,0.1761
-0.2682,-6.7061,-8.1622,-0.6569,0.0219,0.1615
-0.5365,-6.5145,-8.0473,-0.6253,0.0813,0.1554
-0.6131,-6.0929,-8.0856,-0.7989,0.2161,0.1591
-0.3832,-5.8247,-8.0473,-0.8863,0.2841,0.1930
-0.2299,-5.6714,-8.7754,-0.8657,0.1688,0.2173
-0.4598,-6.0546,-9.2352,-0.9422,0.1202,0.2489
-0.2299,-6.0546,-9.3885,-0.9737,0.1651,0.2647
-0.5365,-6.0929,-8.9670,-0.9215,0.1396,0.2283

