-.-.-
-0.1150,-8.6221,-1.1879,0.4869,-1.5007,0.3521
-0.0766,-8.7370,-0.9963,0.4577,-1.5128,0.3655
0.0000,-8.5071,-0.9197,0.4274,-1.4922,0.3509
0.0766,-8.4688,-0.8047,0.3812,-1.4582,0.3145
-0.1916,-8.5838,-0.6898,0.3387,-1.4460,0.3035
-0.7664,-8.5071,-0.7281,0.3072,-1.4290,0.2853
-1.0730,-8.6987,-0.5365,0.2610,-1.4582,0.2465
-1.2646,-8.8520,-0.4215,0.2453,-1.5286,0.1700
-1.4562,-8.8137,-0.4215,0.2574,-1.6172,0.0935
-1.5711,-8.8520,-0.3066,0.2331,-1.6731,0.0024
-1.3412,-8.7754,-0.3066,0.2574,-1.7204,-0.0571
-1.2263,-8.5454,-0.3832,0.2586,-1.7435,-0.1081
-1.1113,-8.7754,-0.0383,0.2015,-1.7435,-0.1785
-0.8430,-8.8520,-0.1916,0.2088,-1.7047,-0.2695
-0.9197,-8.7754,-0.3449,0.1870,-1.6452,-0.3145
-0.6514,-9.0436,0.0000,0.2003,-1.5468,-0.3460
-0.5748,-9.1586,-0.1533,0.2125,-1.4788,-0.3703
-1.1113,-9.2735,-0.1150,0.1311,-1.4485,-0.3849
-1.9927,-9.6184,-0.2299,0.1020,-1.4898,-0.3594
-1.9543,-10.2698,-0.4598,0.1020,-1.4679,-0.3145
-0.9197,-10.8063,0.3832,0.2100,-1.3793,-0.1627
0.9197,-10.6914,-0.0383,0.3472,-1.2445,-0.0486
0.9963,-10.2698,-2.4525,0.3339,-1.2809,-0.1311
-0.5365,-9.9250,-1.9543,0.3582,-1.2809,-0.2975
-1.7627,-9.2735,-0.9963,0.4711,-1.3258,-0.4031
-1.9927,-8.2772,-1.6095,0.5051,-1.5407,-0.3339
-1.0730,-8.9670,-1.1496,0.4055,-1.7204,-0.1858
-0.1916,-9.5418,-0.9963,0.3958,-1.8394,-0.0838
0.9580,-9.7334,-1.1113,0.3849,-1.9159,-0.1651
0.9197,-9.8100,-1.9927,0.2416,-1.9390,-0.2513
0.4215,-10.0016,-2.0693,0.1627,-1.9281,-0.1979
0.3832,-10.1166,-1.6861,0.2355,-1.9135,-0.1226
1.0730,-9.8483,-1.1496,0.3302,-1.8746,-0.1020
0.2682,-9.1969,-1.0730,0.2623,-1.8892,-0.2052
-0.5748,-9.6950,-0.6514,0.1785,-1.9912,-0.2270
-0.8430,-9.9633,-0.6131,0.3205,-2.1927,-0.1688
-0.9963,-9.3118,-0.7664,0.3776,-2.3967,-0.1445
-0.4982,-8.9286,-0.8814,0.2805,-2.5436,-0.1384
0.3066,-9.4651,-0.5748,0.1870,-2.6031,-0.1238
0.9963,-9.4268,-0.9580,0.1991,-2.6468,-0.1178
1.2646,-8.9670,-1.1113,0.1044,-2.5995,-0.1238
1.2263,-9.1969,-1.1879,-0.0073,-2.5788,-0.0935
0.5365,-9.6567,-1.0346,-0.0194,-2.6128,-0.0656
-0.1150,-9.8866,-1.0730,0.0874,-2.6626,-0.0437
0.5748,-9.6950,-0.9197,0.1166,-2.6201,-0.0765
2.0693,-9.3885,-1.1113,0.1141,-2.5752,-0.1166
2.7974,-9.9250,-0.7664,0.1020,-2.4307,-0.1906
2.1459,-9.7334,-0.0766,0.2950,-2.4283,-0.2210
0.9197,-8.9286,0.2682,0.4347,-2.5169,-0.1542
0.4215,-9.0053,0.4215,0.3825,-2.5339,-0.0461
1.0730,-9.1202,0.4598,0.3387,-2.4841,0.0546
2.0693,-8.8520,-0.1533,0.2902,-2.4781,0.1603
2.1076,-8.8137,-0.3832,0.2028,-2.4259,0.2234
1.6478,-9.3885,-0.3066,0.1372,-2.3457,0.2453
0.6514,-10.6530,-0.4598,-0.0085,-2.2595,0.2222
0.3449,-10.9979,-1.0730,-0.0170,-2.0956,0.1056
1.4945,-10.4614,-1.1496,0.1081,-1.8928,-0.0243
2.3759,-9.7334,-1.1113,0.1081,-1.5978,-0.1421
1.9543,-9.1969,-0.8430,0.1178,-1.4290,-0.1748
0.8814,-9.1969,-0.5365,0.0886,-1.3368,-0.1493
-0.5748,-9.1969,-0.3832,0.0935,-1.3538,-0.0486
-1.4179,-9.2352,-0.3066,0.0801,-1.4242,0.0801
-1.3795,-9.1202,-0.5748,0.0437,-1.5128,0.1408
-1.8777,-9.2735,-0.4598,-0.0898,-1.5796,0.0971
-0.9963,-9.6184,-0.4598,-0.1663,-1.5881,0.0036
-0.9580,-9.6950,-0.4982,-0.1323,-1.6002,-0.1020
-1.0346,-9.7717,-0.7664,-0.0607,-1.6707,-0.1202
-1.1496,-9.8100,-0.5365,0.0121,-1.7435,-0.0461
-1.2646,-9.9250,-0.9197,0.0619,-1.8370,0.0316
-0.9580,-9.9633,-0.8814,0.1396,-1.8309,0.0716
-0.2682,-9.6950,-0.7281,0.1906,-1.7520,0.0741
-0.2299,-9.2352,-0.5365,0.1712,-1.6585,0.0583
-0.3449,-9.4268,-0.3832,0.1372,-1.5590,0.0255
-0.2299,-9.4651,-0.5748,0.1081,-1.4327,-0.0267
0.1150,-9.5801,-0.3066,0.1008,-1.3210,-0.0716
0.4215,-9.6567,-0.1533,0.1141,-1.2287,-0.0886
0.4215,-9.6567,-0.0383,0.1445,-1.1170,-0.0911
0.3832,-9.6950,0.0000,0.1348,-1.0393,-0.0911
-0.0766,-9.9250,0.0766,0.1384,-0.9446,-0.0971
-0.1916,-9.7717,0.2299,0.1821,-0.8924,-0.0898
-0.3449,-9.7717,0.2299,0.2064,-0.8305,-0.0935
-0.4215,-9.8866,0.1533,0.2440,-0.7904,-0.0911
-0.4215,-9.9633,0.0383,0.2926,-0.7625,-0.0765
-0.1916,-10.1549,-0.3066,0.3363,-0.6933,-0.0559
0.8814,-10.1932,0.3066,0.3982,-0.5403,-0.0340
1.5711,-9.7717,-0.1150,0.4444,-0.3533,-0.0413
1.2263,-9.0819,-0.3832,0.4262,-0.1845,-0.0656
0.3449,-8.9286,-0.4982,0.2963,-0.0777,-0.0704
-0.2299,-9.4268,-0.1533,0.1663,-0.0170,-0.0498
-0.3832,-9.6950,0.1533,0.1493,0.0085,-0.0012
-0.1916,-9.7334,0.1150,0.1603,0.0036,0.0376
0.1150,-9.6184,-0.1533,0.1299,0.0012,0.0194
0.1916,-9.7334,0.3066,0.0971,0.0522,-0.0231
0.1150,-9.5801,0.1150,0.0959,0.1068,-0.0522
0.0383,-9.5418,0.1533,0.0656,0.1639,-0.0510
-0.1533,-9.8100,0.3832,0.0643,0.2015,-0.0401
-0.2682,-9.6950,0.1533,0.0801,0.2234,-0.0267
-0.1916,-9.3118,0.2682,0.0413,0.2513,-0.0255
-0.1150,-9.5801,0.3066,0.0049,0.2756,-0.0413
-0.1533,-9.6567,0.1916,0.0194,0.2890,-0.0583
-0.2682,-9.7334,0.3066,0.0328,0.2890,-0.0753
-0.3066,-9.6950,0.4215,0.0304,0.2841,-0.0850
-0.2682,-9.7717,0.3066,0.0243,0.2708,-0.0898
-0.1533,-9.6950,0.3066,0.0279,0.2501,-0.0862
-0.2682,-9.6950,0.1916,0.0316,0.2295,-0.0813
-0.2299,-9.5418,0.1150,0.0571,0.2185,-0.0886
0.0766,-9.4651,0.2299,0.0364,0.2270,-0.0971
0.1150,-9.6567,-0.4215,0.0340,0.2416,-0.1068
0.0766,-9.6950,0.0383,0.0376,0.2671,-0.1117
0.0000,-9.7334,0.0383,0.0255,0.2708,-0.1008
0.0766,-9.6567,-0.1916,0.0619,0.2708,-0.0911
0.1150,-9.2735,-0.3449,0.0728,0.2805,-0.0838
0.2682,-9.5034,0.1150,0.0449,0.2720,-0.0643
0.3066,-9.6950,0.0000,0.0619,0.2477,-0.0376
0.3832,-9.5801,0.2299,0.0947,0.2270,-0.0182
0.1533,-9.7334,0.3449,0.0959,0.1967,-0.0182
0.2682,-9.8100,0.1916,0.0996,0.1542,-0.0291
0.4982,-9.8866,-0.0383,0.1032,0.1348,-0.0474
0.7664,-9.9250,0.0383,0.1093,0.1785,-0.0704
0.9580,-9.7334,-0.0383,0.1166,0.1979,-0.1190
1.1496,-9.5418,0.3066,0.1153,0.2161,-0.1493
1.1496,-9.4268,0.3832,0.0862,0.2185,-0.1263
1.0730,-9.6567,0.4982,0.0425,0.2125,-0.1263
0.3066,-9.9250,0.9963,0.0449,0.1724,-0.1178
0.5748,-9.8866,0.3449,0.0474,0.0923,-0.1153
0.6131,-10.0016,0.5748,0.0716,0.0522,-0.1457
0.6514,-9.7334,0.4982,0.0983,0.0279,-0.1688
0.6898,-9.4651,0.3449,0.1202,0.0146,-0.1797

