-.-.-
-0.3832,-9.6184,-2.0310,-0.0389,0.0947,-0.0061
-0.3832,-9.6184,-1.9927,-0.0425,0.0898,-0.0049
-0.3449,-9.5418,-1.9927,-0.0328,0.0838,-0.0036
-0.2682,-9.7717,-2.1459,-0.0425,0.0789,-0.0049
-0.2682,-9.7334,-2.0310,-0.0461,0.0765,-0.0085
-0.2682,-9.6184,-2.0310,-0.0279,0.0777,-0.0085
-0.3449,-9.5801,-1.9543,-0.0340,0.0777,-0.0085
-0.3449,-9.6567,-2.0310,-0.0364,0.0741,-0.0085
-0.4215,-9.6184,-2.0310,-0.0328,0.0716,-0.0073
-0.5748,-9.5034,-2.2992,-0.0376,0.0728,-0.0097
-0.2682,-9.6950,-2.0310,-0.0413,0.0692,-0.0121
-0.3832,-9.5034,-1.9543,-0.0267,0.0668,-0.0097
-0.4982,-9.5034,-1.7244,-0.0219,0.0680,-0.0073
-0.3832,-9.5418,-2.0693,-0.0304,0.0656,-0.0073
-0.3066,-9.6567,-1.9927,-0.0328,0.0607,-0.0061
-0.3066,-9.6567,-2.0310,-0.0206,0.0559,-0.0061
-0.3832,-9.5418,-2.1076,-0.0194,0.0595,-0.0097
-0.3832,-9.6184,-2.0310,-0.0231,0.0607,-0.0085
-0.3449,-9.6184,-2.0310,-0.0219,0.0559,-0.0085
-0.2299,-9.7334,-1.9927,-0.0109,0.0534,-0.0121
-0.2299,-9.6567,-2.0310,0.0000,0.0559,-0.0134
-0.3066,-9.5418,-1.9927,-0.0182,0.0656,-0.0158
-0.3449,-9.5801,-2.1459,-0.0085,0.0716,-0.0121
-0.3066,-9.5418,-2.1843,0.0243,0.0777,-0.0049
-0.3449,-9.5418,-1.9543,0.0304,0.0801,0.0012
-0.3066,-9.5418,-2.1076,0.0146,0.0826,-0.0012
-0.3066,-9.6950,-2.0310,0.0121,0.0886,-0.0012
-0.3066,-9.6184,-2.1076,0.0182,0.0911,-0.0036
-0.3066,-9.5418,-1.9927,0.0231,0.0947,-0.0012
-0.2299,-9.5801,-1.9927,0.0316,0.0947,0.0000
-0.1533,-9.6950,-1.9543,0.0194,0.0935,0.0000
-0.3066,-9.6184,-2.1076,0.0109,0.0959,-0.0012
-0.2299,-9.5801,-2.2226,0.0231,0.0935,0.0012
-0.4215,-9.5418,-2.0310,0.0243,0.0959,0.0000
-0.4215,-9.6184,-1.9543,0.0061,0.0959,-0.0012
-0.3449,-9.7717,-1.8394,-0.0061,0.0935,0.0049
-0.4215,-9.6567,-2.0693,0.0146,0.0923,0.0061
-0.3066,-9.7334,-2.0693,0.0206,0.0911,0.0049
-0.3832,-9.5801,-1.9543,0.0049,0.0874,0.0061
-0.2682,-9.7717,-2.0693,-0.0036,0.0850,0.0049
-0.1916,-9.7334,-2.0310,0.0146,0.0765,0.0000
-0.3449,-9.6950,-1.8777,0.0219,0.0692,0.0000
-0.3449,-9.6184,-1.9160,0.0194,0.0631,-0.0049
-0.3832,-9.5418,-1.8011,0.0267,0.0668,-0.0085
-0.3066,-9.6184,-1.9160,0.0194,0.0753,-0.0109
-0.3832,-9.7334,-1.8777,0.0121,0.0801,-0.0085
-0.3832,-9.6567,-1.9160,0.0219,0.0826,-0.0085
-0.3832,-9.5801,-1.9160,0.0194,0.0874,-0.0085
-0.3449,-9.6950,-1.9927,0.0219,0.0838,-0.0073
-0.3066,-9.6184,-1.8394,0.0291,0.0777,-0.0109
-0.1533,-9.6567,-1.8777,0.0085,0.0777,-0.0061
-0.2682,-9.6567,-1.8011,-0.0097,0.0753,-0.0036
-0.2682,-9.7334,-1.9927,0.0000,0.0741,-0.0036
-0.3066,-9.5418,-1.8777,0.0085,0.0765,-0.0049
-0.2299,-9.6184,-1.9543,0.0061,0.0765,-0.0085
-0.2682,-9.7334,-1.9927,0.0012,0.0777,-0.0109
-0.3832,-9.7334,-1.8011,-0.0024,0.0813,-0.0049
-0.3066,-9.6567,-1.8011,0.0036,0.0838,-0.0036
-0.3449,-9.6950,-2.0693,0.0134,0.0862,-0.0036
-0.2682,-9.6567,-1.9927,0.0182,0.0862,-0.0012
-0.2682,-9.6567,-1.8777,0.0146,0.0850,-0.0036
-0.3449,-9.6184,-1.7627,0.0049,0.0850,-0.0049
-0.3066,-9.6567,-1.8011,0.0109,0.0886,-0.0061
-0.4215,-9.5801,-1.7627,0.0146,0.0874,-0.0036
-0.2682,-9.6567,-1.8777,-0.0036,0.0874,0.0000
-0.3832,-9.6184,-1.8394,-0.0097,0.0850,-0.0012
-0.3832,-9.7334,-1.8394,-0.0036,0.0838,-0.0012
-0.3449,-9.6950,-2.0310,-0.0097,0.0838,-0.0049
-0.3066,-9.5801,-1.9160,-0.0036,0.0850,-0.0061
-0.3832,-9.7334,-1.7627,-0.0049,0.0838,-0.0024
-0.4215,-9.6950,-1.8011,-0.0194,0.0862,0.0000
-0.1916,-9.8483,-1.6478,-0.0486,0.0996,0.0182
-0.4215,-9.5418,-1.5328,-0.1311,0.0813,0.0340
-0.3832,-9.5034,-1.9160,-0.2975,0.0923,0.0559
-0.1150,-9.5418,-1.9543,-0.2258,0.0862,0.0449
-0.2299,-9.5034,-1.8777,-0.2938,0.1141,0.0413
-0.1916,-9.5418,-1.5711,-0.4419,0.1712,0.0510
-0.2682,-9.4651,-1.7244,-0.4881,0.1603,0.0389
-0.3066,-9.2735,-1.8011,-0.7771,0.1639,0.0656
-0.6131,-9.3118,-1.7627,-0.9191,0.0777,0.0874
-0.5365,-9.4268,-2.1459,-0.8232,0.1068,0.1153
-0.3449,-9.2352,-2.4525,-0.8523,0.1166,0.1323
-0.4982,-9.1969,-2.1459,-0.9980,0.0838,0.1263
-0.1533,-9.2352,-2.3759,-1.1316,0.0134,0.1360
-0.3066,-8.6221,-2.7207,-1.4157,0.0449,0.1627
-0.2299,-8.6604,-3.1806,-1.6488,0.0607,0.1991
-0.7281,-8.9286,-3.3339,-1.7775,0.0765,0.2550
-0.4982,-8.5838,-3.6787,-1.8904,0.0571,0.2635
-0.6131,-8.8520,-3.3339,-2.1600,0.0947,0.2950
-0.3066,-8.7754,-3.0656,-2.3324,0.0983,0.3363
-0.3449,-9.1969,-3.8704,-2.5801,-0.0935,0.4128
-0.2682,-9.7717,-5.8247,-3.1179,0.1190,0.2623
-1.0346,-9.4651,-8.3155,-3.3389,0.3982,0.2805
-1.7244,-8.3155,-9.6950,-2.8884,0.2368,0.2355
-0.0766,-8.9286,-10.5764,-2.3287,0.0449,0.1627
0.1533,-11.1512,-9.6184,-1.8054,-0.0461,0.1469
-1.0730,-10.2315,-9.1969,-0.9215,0.1408,-0.0559
-1.9543,-10.5764,-9.0436,-0.2598,0.0692,-0.2088
-2.4525,-8.9286,-9.5034,0.1809,0.0182,-0.1700
-1.3795,-7.4341,-9.2735,0.5840,-0.0692,-0.0935
-0.6131,-7.3958,-9.5034,0.7321,0.0243,0.0000
-1.0730,-6.6677,-9.8100,0.4917,0.1578,0.1275
-1.1113,-7.0893,-9.2352,0.5804,0.2853,0.1943
-1.0346,-7.7024,-8.9670,0.7977,0.4031,0.1833
-2.0310,-7.9323,-8.6221,0.8463,0.2793,0.2137
-2.1843,-7.7407,-8.0089,0.9094,0.1845,0.2440
-2.3759,-7.6641,-8.0473,0.8657,0.2040,0.1870
-1.3795,-8.6221,-8.0473,0.9227,0.2246,0.0486
-0.4598,-8.8903,-7.5874,0.9750,0.3375,-0.0959
-1.0730,-8.5454,-7.3192,0.9482,0.3582,-0.1311
-1.3412,-8.6221,-7.0509,1.0211,0.3727,-0.1615
-1.0730,-8.5838,-7.3958,1.0709,0.3557,-0.1906
-1.1113,-9.5034,-6.9360,0.8936,0.2878,-0.1530
-1.0346,-10.2315,-6.3612,0.9507,0.2343,-0.1979
-1.1496,-10.1549,-5.5564,0.9337,0.1882,-0.1918
-1.1113,-10.0016,-5.4798,1.0551,0.1433,-0.1748
-0.7281,-9.2352,-5.0583,1.1571,0.1275,-0.1906
-0.6898,-9.0436,-4.5218,1.1182,0.0194,-0.1421
-0.6514,-9.1586,-4.4068,1.0175,-0.0085,-0.1263
-0.7281,-9.0819,-3.9470,1.0296,-0.0121,-0.1967
-0.8430,-8.6604,-4.0620,1.0636,-0.0728,-0.1724
-0.7664,-8.2389,-3.7937,1.1158,-0.1882,-0.1299
-0.5748,-7.7024,-3.3339,1.3246,-0.2234,-0.1384
-0.3832,-7.0509,-3.1806,1.3271,-0.1870,-0.1688
0.0383,-6.2845,-2.8740,1.2190,-0.1918,-0.2210
-0.4215,-5.9780,-2.8740,1.2287,-0.3217,-0.1736
-0.3449,-6.3995,-2.3759,1.1777,-0.3132,-0.0838
-0.0383,-6.7061,-1.9160,1.1874,-0.1700,-0.0607

