-.-.-
0.0000,-9.9633,2.2992,-0.0146,0.0862,-0.0061
0.0383,-10.0016,2.2992,-0.0170,0.0850,-0.0012
0.0766,-9.9633,2.3375,-0.0158,0.0826,-0.0049
0.0000,-10.0399,2.2992,-0.0158,0.0801,-0.0024
0.0383,-9.9633,2.1076,-0.0158,0.0801,-0.0024
0.0383,-9.9250,2.3759,-0.0134,0.0826,-0.0012
0.0383,-10.0399,2.2992,-0.0134,0.0813,-0.0024
0.0000,-9.9633,2.2609,-0.0134,0.0838,-0.0036
0.0383,-9.9633,2.1459,-0.0170,0.0862,-0.0061
0.0383,-10.0399,2.1843,-0.0158,0.0874,-0.0049
0.0383,-9.9250,2.2226,-0.0085,0.0886,-0.0036
0.0000,-9.9250,2.2609,-0.0036,0.0874,0.0000
-0.0383,-10.0399,2.2609,-0.0073,0.0838,0.0000
0.0000,-10.0399,2.2609,-0.0121,0.0826,-0.0049
0.0383,-10.0016,2.2609,-0.0061,0.0777,-0.0073
0.0000,-9.9633,2.2226,0.0000,0.0801,-0.0097
0.0383,-9.9633,2.1459,0.0000,0.0862,-0.0085
0.0000,-10.0016,2.3375,-0.0061,0.0886,-0.0061
0.1150,-10.0399,2.2226,-0.0121,0.0862,-0.0061
0.0383,-9.9250,2.1843,-0.0182,0.0850,-0.0061
0.0000,-9.9250,2.2609,-0.0206,0.0862,-0.0036
0.0383,-9.8866,2.2226,-0.0182,0.0838,-0.0024
0.0000,-9.9250,2.3375,-0.0146,0.0862,-0.0024
0.0766,-10.0016,2.2992,-0.0134,0.0886,-0.0036
0.0000,-10.0016,2.3375,-0.0182,0.0862,-0.0061
0.0000,-10.0016,2.2226,-0.0170,0.0886,-0.0036
0.0000,-10.0399,2.2226,-0.0097,0.0862,-0.0036
0.0000,-9.9633,2.1843,-0.0061,0.0838,-0.0024
0.0383,-9.9633,2.2992,-0.0109,0.0850,-0.0012
0.0383,-9.9633,2.3375,-0.0158,0.0813,-0.0024
-0.0383,-9.8483,2.2992,-0.0158,0.0826,-0.0024
0.0766,-10.0016,2.2609,-0.0206,0.0850,-0.0024
0.0000,-10.0016,2.2609,-0.0206,0.0813,-0.0024
0.0000,-10.0399,2.2992,-0.0134,0.0850,-0.0061
0.0000,-10.0016,2.3375,-0.0109,0.0838,-0.0049
0.0000,-9.8483,2.3375,-0.0182,0.0813,-0.0061
0.0000,-9.9250,2.3375,-0.0206,0.0801,-0.0073
0.0000,-10.1166,2.2609,-0.0194,0.0789,-0.0073
0.0383,-10.0016,2.2609,-0.0146,0.0838,-0.0073
0.0000,-9.9250,2.3375,-0.0134,0.0862,-0.0061
0.0000,-9.8866,2.2226,-0.0134,0.0874,-0.0073
0.0383,-9.8866,2.2992,-0.0121,0.0862,-0.0049
0.0383,-9.9633,2.2992,-0.0158,0.0850,-0.0061
0.0383,-9.8866,2.1843,-0.0182,0.0862,-0.0085
0.0000,-9.9250,2.3375,-0.0158,0.0850,-0.0085
0.0766,-10.0016,2.1076,-0.0097,0.0850,-0.0097
-0.2299,-9.7717,1.9160,-0.0049,0.0826,-0.0109
0.0000,-9.9633,2.2226,-0.0121,0.0838,-0.0109
0.0000,-10.0016,2.2609,-0.0206,0.0813,-0.0134
0.0383,-9.9633,2.3375,-0.0121,0.0826,-0.0146
0.0383,-9.8866,2.1843,-0.0049,0.0838,-0.0146
0.0766,-9.8866,2.2992,-0.0146,0.0862,-0.0109
0.1150,-10.0399,2.4525,-0.0279,0.0874,-0.0073
-0.0766,-10.0016,2.2992,-0.0279,0.0826,-0.0085
0.0383,-9.9633,2.1459,-0.0267,0.0765,-0.0109
0.0383,-10.1549,2.2226,-0.0255,0.0765,-0.0073
0.0000,-9.9633,2.2992,-0.0267,0.0801,-0.0036
0.0383,-9.9633,2.2992,-0.0243,0.0813,-0.0036
0.0766,-10.0399,2.2992,-0.0219,0.0838,-0.0085
0.0383,-10.0016,2.2992,-0.0206,0.0850,-0.0073
0.0000,-10.0399,2.2609,-0.0206,0.0850,-0.0061
0.0000,-9.9250,2.2992,-0.0194,0.0826,-0.0061
0.0766,-10.0782,2.2992,-0.0158,0.0838,-0.0073
0.0383,-9.9633,2.3375,-0.0182,0.0826,-0.0073
0.0000,-9.8100,2.2226,-0.0231,0.0850,-0.0073
-0.0383,-9.9250,2.1459,-0.0291,0.0838,-0.0061
0.0000,-9.9250,2.2992,-0.0291,0.0826,-0.0061
0.0383,-10.0016,2.1843,-0.0255,0.0862,-0.0036
0.0766,-9.9250,2.1843,-0.0219,0.0898,-0.0036
0.0383,-9.9633,2.2609,-0.0194,0.0947,-0.0061
0.0000,-9.8866,2.2226,-0.0206,0.0923,-0.0049
0.0383,-9.9633,2.2226,-0.0243,0.0911,-0.0012
0.0000,-9.8866,2.2992,-0.0291,0.0898,0.0012
0.0766,-10.0399,2.2226,-0.0231,0.0947,0.0012
0.0383,-10.0016,2.2609,-0.0231,0.0959,-0.0024
0.0383,-9.8483,2.2609,-0.0243,0.0935,-0.0049
0.0000,-9.8483,2.1459,-0.0279,0.0898,0.0000
0.0383,-9.9250,2.2226,-0.0291,0.0874,0.0012
0.0383,-9.9250,2.2609,-0.0401,0.0850,0.0000
0.0383,-9.8866,2.1843,-0.0449,0.0862,0.0024
0.0766,-10.0399,2.1843,-0.0425,0.0862,0.0049
0.0383,-10.0399,2.2226,-0.0340,0.0838,0.0036
0.0000,-9.9250,2.1076,-0.0340,0.0813,-0.0024
0.0766,-9.9250,2.0693,-0.0437,0.0801,-0.0024
0.0000,-9.9250,2.1843,-0.0425,0.0789,-0.0024
-0.0383,-9.9633,2.2609,-0.0267,0.0789,-0.0024
0.0383,-10.0399,2.0693,-0.0255,0.0838,-0.0012
-0.0383,-9.9250,2.3759,-0.0340,0.0850,-0.0012
0.0000,-9.9250,2.2226,-0.0461,0.0801,0.0000
0.0383,-10.0016,2.1459,-0.0474,0.0801,0.0000
0.0000,-10.0016,2.1459,-0.0461,0.0765,-0.0061
0.0000,-9.9250,2.1459,-0.0474,0.0765,-0.0097
0.0000,-10.0016,2.1076,-0.0425,0.0765,-0.0073
-0.0383,-10.0399,2.2226,-0.0401,0.0765,-0.0012
0.0000,-10.0782,2.0693,-0.0328,0.0789,-0.0012
0.0000,-9.9633,2.1076,-0.0255,0.0826,-0.0036
0.0000,-10.0016,2.0310,-0.0206,0.0826,-0.0097
0.0383,-10.0399,2.1459,-0.0206,0.0874,-0.0109
0.1150,-9.9250,2.1843,-0.0194,0.0874,-0.0085
0.0383,-9.8866,2.1843,-0.0170,0.0874,-0.0085
0.0383,-10.1166,2.1843,-0.0170,0.0850,-0.0073
0.0383,-10.0782,2.0693,-0.0194,0.0789,-0.0109
0.0383,-10.0399,2.1076,-0.0182,0.0789,-0.0085
0.0766,-9.9250,2.0693,-0.0073,0.0777,-0.0061
0.0000,-9.9250,2.0310,0.0012,0.0777,-0.0036
0.0383,-10.0782,2.0693,-0.0012,0.0826,-0.0049
0.2299,-9.9250,1.9927,-0.0036,0.0850,-0.0061
0.0766,-9.9250,2.1459,-0.0024,0.0850,-0.0049
0.0383,-10.1549,2.1459,-0.0012,0.0850,-0.0049
0.0383,-10.0782,2.2609,-0.0049,0.0838,-0.0036
0.0766,-9.9633,2.4142,-0.0061,0.0826,-0.0036
0.0383,-9.9633,2.1076,-0.0061,0.0813,0.0000
0.0766,-10.0016,2.2226,-0.0109,0.0826,-0.0024
0.0000,-10.0399,2.1076,-0.0194,0.0826,-0.0049
0.0766,-10.0399,2.0693,-0.0206,0.0850,-0.0036
0.1150,-10.0782,2.2226,-0.0170,0.0850,-0.0049
0.0383,-9.9250,2.1076,-0.0109,0.0838,-0.0012
0.0383,-10.0782,2.1459,-0.0109,0.0850,-0.0036
0.0766,-10.0782,2.0693,-0.0121,0.0838,-0.0024
0.0383,-10.1549,2.1843,-0.0073,0.0838,-0.0061
0.0383,-10.0399,2.1843,-0.0012,0.0801,-0.0049
0.0383,-9.8483,2.1459,0.0036,0.0838,-0.0049
0.0766,-9.9250,2.1843,-0.0012,0.0862,-0.0012
0.0000,-9.9250,2.1843,-0.0049,0.0838,-0.0036
0.0000,-10.0782,2.1076,-0.0085,0.0838,-0.0049
0.0766,-10.0399,2.0310,-0.0109,0.0850,-0.0036
0.0000,-10.0016,2.2226,-0.0049,0.0874,-0.0012
0.0000,-9.9633,2.1459,-0.0024,0.0862,-0.0024

