-.-.-
0.4598,-9.6567,1.1496,-0.0291,0.0194,-0.0049
0.3449,-9.7334,0.8814,-0.0219,0.0194,-0.0061
0.4215,-9.6950,0.9580,-0.0146,0.0194,-0.0061
0.2682,-9.7334,1.1879,-0.0146,0.0219,-0.0073
0.4215,-9.6950,1.1113,-0.0097,0.0146,-0.0061
0.4598,-9.0819,0.7281,-0.0134,0.0061,-0.0073
0.3832,-9.6184,1.1879,-0.0231,0.0073,-0.0085
0.3066,-9.6184,1.3029,-0.0231,0.0134,-0.0158
0.3066,-9.5801,1.1496,-0.0219,0.0121,-0.0194
0.3449,-9.5801,1.0346,-0.0267,0.0109,-0.0182
0.4598,-9.4651,1.1113,-0.0291,0.0134,-0.0146
0.4598,-9.7334,1.0730,-0.0194,0.0182,-0.0121
0.4982,-9.6567,1.0346,-0.0146,0.0097,-0.0097
0.3832,-9.6950,0.9963,-0.0158,0.0049,-0.0097
0.3449,-9.6184,1.2263,-0.0206,0.0024,-0.0073
0.4215,-9.7334,1.2646,-0.0231,0.0000,-0.0121
0.4598,-9.6950,1.1879,-0.0291,0.0061,-0.0146
0.4215,-9.6184,1.1879,-0.0267,0.0146,-0.0146
0.3066,-9.6184,1.1496,-0.0279,0.0170,-0.0146
0.4598,-9.5801,1.2263,-0.0243,0.0134,-0.0134
0.3832,-9.5418,1.1113,-0.0182,0.0134,-0.0121
0.4598,-9.7334,1.2263,-0.0121,0.0109,-0.0134
0.4598,-9.6567,1.1879,-0.0158,0.0158,-0.0146
0.4215,-9.4651,1.2646,-0.0231,0.0170,-0.0121
0.4982,-9.6567,1.1879,-0.0316,0.0158,-0.0146
0.4598,-9.6184,1.2263,-0.0291,0.0146,-0.0146
0.5365,-9.5801,1.3029,-0.0231,0.0146,-0.0109
0.4982,-9.6567,1.2646,-0.0243,0.0279,-0.0073
0.4215,-9.6184,1.2263,-0.0231,0.0340,-0.0097
0.4215,-9.6184,1.3029,-0.0352,0.0219,-0.0085
0.5748,-9.6950,1.3412,-0.0437,0.0219,-0.0036
0.4982,-9.5801,1.4945,-0.0291,0.0328,0.0024
0.3832,-9.5418,1.3029,-0.0146,0.0182,-0.0024
0.3449,-9.3885,0.9963,-0.0704,-0.0109,-0.0085
0.3832,-9.5801,1.2263,-0.1603,-0.0255,0.0000
0.2299,-9.6184,1.8011,-0.1311,-0.0680,0.0158
0.3449,-8.6987,1.1496,-0.0850,-0.1360,0.0376
0.3449,-8.3921,1.3412,-0.4674,-0.1226,0.0219
0.3449,-8.8520,1.7244,-0.8402,-0.0255,-0.0255
0.5365,-9.1969,1.5711,-0.8450,0.0012,-0.0486
0.4982,-9.0053,1.3029,-0.7710,0.0231,-0.0571
0.3832,-9.1969,1.7627,-0.7686,0.0692,-0.0316
0.4982,-9.2735,1.8777,-0.6981,0.0449,0.0036
0.5748,-9.1969,1.8011,-0.6022,0.0085,0.0121
0.6514,-8.9286,1.3029,-0.5184,0.0583,0.0073
0.6514,-8.8903,1.2646,-0.4942,0.1263,-0.0024
0.7281,-9.2352,1.4945,-0.5124,0.1688,-0.0206
0.4598,-9.6184,1.4179,-0.4274,0.2125,-0.0510
0.3066,-9.3502,1.3029,-0.5039,0.2428,-0.0874
0.4215,-9.7717,1.8394,-1.0429,0.2744,-0.1153
0.1533,-9.8866,1.2263,-1.7520,0.2841,-0.1396
0.0766,-10.5381,0.0383,-2.6541,0.2015,-0.1129
0.1916,-12.9139,-0.3066,-3.1871,0.0559,-0.0073
0.3449,-16.0562,-1.1879,-3.0487,-0.1445,0.0109
-0.1533,-17.8956,-2.9890,-2.5011,-0.2283,-0.0364
0.1916,-17.6657,-4.7134,-1.8661,-0.1700,-0.0631
0.1916,-16.4011,-5.4032,-1.3720,0.0401,0.0947
1.3795,-14.8300,-4.8667,-0.7163,0.1166,0.1129
1.1879,-12.8756,-4.2152,0.0826,0.1068,0.0085
0.7281,-11.3045,-3.7171,0.5027,-0.0631,-0.0243
0.5365,-10.8063,-3.1423,0.4298,-0.1141,0.0134
0.4215,-11.3045,-3.0656,0.1384,-0.1251,0.0765
0.3832,-12.4541,-2.7207,0.1117,-0.0194,0.1287
0.3449,-12.6074,-2.7974,0.5282,0.1093,0.1044
0.4982,-12.0326,-2.9890,0.9458,0.1433,0.0376
0.5748,-10.8063,-2.4908,1.2190,0.0959,-0.0049
0.4982,-9.6184,-1.9543,1.4133,0.0158,-0.0061
0.1533,-8.0089,-1.7627,1.4800,-0.0692,-0.0194
0.0766,-6.5911,-1.6861,1.5310,-0.1627,-0.0510
0.0383,-5.3265,-1.6095,1.5347,-0.2331,-0.0801
0.0766,-4.2919,-1.6095,1.3683,-0.2331,-0.1093
0.1916,-3.6787,-1.8394,1.0187,-0.1833,-0.1129
0.1533,-3.6787,-1.7244,0.6156,-0.1481,-0.0935
0.3832,-4.1003,-1.9543,0.2720,-0.1700,-0.0267
0.5748,-4.8667,-2.3759,0.1348,-0.1773,0.0194
0.6514,-5.9013,-2.7974,0.0704,-0.1081,0.0316
0.7664,-7.9706,-2.9507,-0.2040,0.0255,0.0352
0.8430,-10.3465,-2.5291,-0.3703,0.1263,-0.0255
0.7281,-12.9523,-2.3759,-0.1639,0.1506,-0.0898
0.6514,-14.2168,-2.1459,0.4031,0.0728,-0.1287
0.6898,-12.9906,-1.5328,1.1498,0.0559,-0.1408
0.8430,-10.5381,-1.3795,1.5954,0.0267,-0.1226
0.7664,-8.0473,-1.2263,1.5250,0.0012,-0.0983
0.9963,-6.5528,-1.0730,1.0272,0.0146,-0.0498
1.1496,-6.6677,-0.5365,0.2489,0.0619,0.0036
1.0730,-8.4305,0.0383,-0.3387,0.1457,0.0498
0.7281,-10.2698,-0.3066,-0.4869,0.2113,0.0364
0.4598,-11.2662,-0.8047,-0.2902,0.2708,0.0024
0.0766,-11.3811,-0.9963,0.0668,0.2963,-0.0255
0.0383,-10.5381,-0.8814,0.2963,0.2610,-0.0401
0.1150,-9.6950,-0.3832,0.3618,0.2222,-0.0328
0.1150,-9.0436,-0.1150,0.2756,0.1882,-0.0255
0.3832,-8.9670,-0.0383,0.0777,0.1481,-0.0219
0.4598,-9.4651,0.0383,-0.0947,0.1190,-0.0219
0.6514,-9.9250,0.0000,-0.1578,0.1299,-0.0340
0.7664,-10.0016,0.1150,-0.1518,0.1445,-0.0376
0.5748,-9.8100,0.0383,-0.1336,0.1445,-0.0340
0.8047,-9.8866,0.6898,-0.1566,0.1348,-0.0219
0.3449,-9.7334,0.3449,-0.2137,0.0971,-0.0097
0.3449,-9.8483,0.0383,-0.2610,0.0401,0.0024
0.3832,-10.0782,0.1150,-0.2513,-0.0121,0.0194
0.5365,-10.1549,0.0000,-0.1930,-0.0522,0.0376
0.7281,-10.1549,-0.0766,-0.1457,-0.0571,0.0510
0.9580,-10.1166,0.0383,-0.1044,-0.0231,0.0474
0.9963,-9.9633,0.3066,-0.0716,0.0109,0.0340
0.9963,-9.7717,0.4598,-0.0474,0.0328,0.0085
0.7664,-9.6567,0.4215,-0.0668,0.0583,-0.0170
0.5748,-9.6184,0.2299,-0.1299,0.0631,-0.0340
0.4598,-9.8866,0.0766,-0.1991,0.0437,-0.0340
0.1533,-10.0016,0.1150,-0.1979,0.0364,-0.0194
0.2682,-10.1932,0.1150,-0.1603,0.0206,0.0000
0.2299,-10.1549,0.0000,-0.1166,0.0085,0.0182
0.4215,-10.1549,0.0383,-0.0498,0.0085,0.0194
0.4982,-9.8866,0.0766,0.0158,0.0061,0.0146
0.6514,-9.8100,0.1916,0.0437,0.0206,0.0097
0.4598,-9.6950,0.1916,0.0158,0.0291,0.0012
0.3832,-9.7717,0.1916,-0.0291,0.0158,0.0012
0.1533,-9.7717,0.2682,-0.0474,-0.0012,0.0134
0.1533,-9.9250,0.0766,-0.0449,-0.0146,0.0267
0.1916,-10.1166,0.2299,-0.0134,-0.0267,0.0376
0.1150,-9.9633,0.1533,0.0316,-0.0449,0.0437
0.3449,-9.8866,0.1916,0.0522,-0.0643,0.0425
0.3832,-9.8100,0.1533,0.0559,-0.0668,0.0316
0.3832,-9.7334,0.2682,0.0559,-0.0583,0.0231
0.6898,-9.9633,0.3832,0.0267,-0.0486,0.0231
0.3832,-9.9250,0.2299,-0.0024,-0.0486,0.0255
0.4215,-9.8483,0.3066,-0.0146,-0.0559,0.0304
0.4598,-9.8866,0.1916,-0.0146,-0.0704,0.0340

