-.-.-
-0.1150,-9.7717,-0.7664,-0.0583,0.0874,-0.0085
-0.0766,-9.6950,-0.7664,-0.0753,0.1068,-0.0073
-0.0766,-9.9250,-0.7281,-0.0898,0.0813,-0.0012
-0.1150,-9.8483,-0.8430,-0.0789,0.0704,-0.0024
-0.1150,-9.8100,-0.7281,-0.0546,0.0886,-0.0134
-0.1916,-9.7717,-0.6514,-0.0692,0.0983,-0.0134
-0.3066,-9.8483,-0.7281,-0.0741,0.0813,-0.0109
-0.1150,-9.7717,-0.6131,-0.0801,0.0850,-0.0121
-0.1150,-9.8483,-0.7664,-0.0728,0.0753,-0.0194
-0.2299,-9.7334,-0.8047,-0.0692,0.0668,-0.0243
-0.2299,-9.7334,-0.7664,-0.0765,0.0838,-0.0194
-0.0383,-9.6567,-0.7664,-0.1117,0.0607,-0.0109
-0.1916,-9.8100,-0.5748,-0.1056,0.0097,-0.0194
-0.0766,-9.7717,-0.7664,-0.1469,0.0255,-0.0389
-0.0766,-9.7334,-0.8814,-0.2234,0.1044,-0.0437
-0.0383,-9.7334,-0.8430,-0.2368,0.0680,-0.0401
-0.0383,-9.8866,-0.7281,-0.2222,0.0170,-0.0134
-0.1533,-9.7334,-0.8814,-0.2343,0.0401,0.0279
-0.3066,-9.9250,-0.8430,-0.2562,0.0170,0.0607
-0.4215,-9.8483,-0.9197,-0.2368,-0.0522,0.0813
-0.3066,-9.8866,-0.9580,-0.1433,-0.0583,0.1287
-0.1150,-9.8100,-1.1113,-0.0559,-0.0947,0.1979
-0.1150,-9.5801,-1.2646,-0.0656,-0.0959,0.2805
-0.1916,-9.4268,-1.1113,-0.1457,-0.0389,0.3691
-0.4982,-9.3885,-1.0346,-0.2574,-0.0898,0.4298
-0.3832,-9.5034,-1.2646,-0.3011,-0.1032,0.4905
-0.1916,-9.6567,-1.3795,-0.2999,-0.0449,0.5986
0.0000,-9.9633,-1.3412,-0.3096,-0.0158,0.6969
0.1150,-9.7717,-1.5328,-0.2586,0.0850,0.7771
0.0000,-9.5418,-1.2646,-0.1845,0.3230,0.9082
-0.2682,-9.8100,-1.3795,-0.2780,0.3472,1.0757
-0.6898,-10.2315,-1.9160,-0.4674,0.2380,1.1899
-1.1879,-10.2315,-1.9927,-0.4553,0.2610,1.2190
-1.4945,-9.8483,-1.9543,-0.3375,0.1785,1.2360
-1.6478,-9.8866,-2.0310,-0.3582,0.0206,1.1862
-1.0346,-10.0399,-1.9160,-0.3412,0.0206,1.1498
-1.0730,-9.7717,-2.1843,-0.2938,0.1785,1.1826
-1.5711,-9.6184,-2.4908,-0.3582,0.0061,1.2906
-1.7627,-10.1166,-2.9123,-0.3800,-0.0401,1.2821
-2.4142,-10.0399,-2.5291,-0.3460,0.1093,1.2955
-3.2572,-9.5418,-2.4142,-0.3193,-0.0728,1.3441
-3.6404,-8.7754,-3.2572,-0.6702,-0.2513,1.3234
-4.1769,-9.1969,-2.6441,-0.5233,-0.3897,1.3368
-4.5984,-9.4268,-3.0273,-0.1894,-0.4298,1.3914
-4.7134,-9.6950,-2.9123,-0.1081,-0.4602,1.4740
-4.3302,-9.8483,-2.4525,0.2368,-0.6083,1.5735
-4.2919,-8.6221,-2.0310,0.5767,-0.6787,1.6634
-4.1386,-7.2042,-1.3029,0.6593,-0.7358,1.6986
-4.9816,-7.0893,-0.9963,0.7831,-0.5621,1.6864
-5.7864,-7.4341,-0.6514,0.7236,-0.3679,1.6804
-6.4378,-8.0089,-1.0730,0.7224,-0.3363,1.7144
-6.9360,-7.7407,-1.9927,0.7479,-0.3727,1.7034
-6.6677,-7.0509,-1.3029,0.7649,-0.3047,1.7144
-6.2079,-6.1696,-1.3029,0.7673,-0.3266,1.7447
-7.0509,-6.1696,-0.6898,0.6071,-0.1542,1.8285
-7.7407,-6.3229,-0.6131,0.5901,-0.0716,1.8758
-7.7024,-6.9743,-0.4215,0.4990,-0.1433,1.8734
-6.2079,-6.2845,-1.2646,0.4165,-0.2562,1.9366
-6.7061,-6.3229,-0.4215,0.7491,-0.1238,2.0653
-7.7024,-4.6368,-0.5365,0.9580,-0.1445,2.1515
-8.6987,-3.4871,-0.5748,0.5561,0.0279,2.0798
-9.8100,-2.9890,-0.5365,0.4444,0.2683,1.9329
-10.1166,-2.1843,-0.5748,0.2963,0.3606,1.7896
-10.1549,-2.4908,-0.1150,0.2185,0.3958,1.7508
-9.4651,-3.6404,-0.6131,0.1433,0.2392,1.7459
-8.2005,-3.0656,-0.7281,0.1153,0.0097,1.6561
-7.5491,-1.6861,-0.8430,0.0109,-0.0121,1.5808
-8.3921,-0.7281,0.2682,-0.0304,-0.0643,1.5650
-9.2735,-0.9963,-0.1150,-0.0498,-0.3339,1.6112
-9.6567,-2.0310,-0.8047,-0.0668,-0.6265,1.5517
-9.1586,-2.0310,-0.0383,0.0061,-0.6884,1.4169
-9.6184,-1.1879,0.6514,-0.1542,-0.6180,1.4035
-10.5764,-0.2682,-0.1150,-0.4589,-0.6666,1.4630
-11.3045,0.3066,-0.6131,-0.2368,-0.5913,1.2931
-10.9596,2.2992,-0.6898,-0.2015,-0.4650,1.1449
-10.5764,0.4215,1.0346,-0.5112,-0.2185,0.5974
-14.0636,1.0346,1.7627,0.0947,-0.0801,0.0607
-13.2205,3.9087,2.8740,0.0680,-0.2319,-0.3400
-9.6567,3.7554,2.3759,-0.3582,-0.4638,-0.4759
-5.7097,1.8011,0.1533,0.0364,-0.8098,-0.2222
-7.7790,-1.0730,0.9580,0.3302,-0.4262,0.0461
-10.7297,-0.9963,1.6861,0.0182,-0.6253,0.0680
-10.2315,0.4215,1.9543,-0.2999,-0.8730,-0.0279
-9.0053,0.4598,2.5291,-0.1712,-0.8815,-0.0510
-9.1202,0.5365,2.2609,0.0194,-0.8013,0.0680
-10.1549,0.4598,2.3759,-0.0206,-0.5184,0.1105
-10.3848,-0.3449,2.1076,0.1032,-0.4225,0.1081
-9.6184,-0.9197,2.1843,0.1214,-0.3934,0.0850
-8.9670,-0.7281,2.5291,0.0304,-0.3412,0.0182
-9.2352,-0.4215,2.7207,-0.0255,-0.1457,0.0243
-9.3118,-0.4215,3.0656,-0.0898,-0.0461,0.0121
-9.0436,-0.3449,2.9890,-0.1178,0.0474,-0.0631
-9.0053,-0.1533,2.7591,-0.0376,0.1336,-0.0692
-9.0436,-0.1150,1.9160,0.0049,0.0996,0.0364
-9.7334,-0.1533,2.2609,0.2853,0.0680,0.1044
-10.0016,0.0000,3.3339,0.2161,0.0704,-0.0243
-9.7334,0.4215,2.6441,0.1445,0.1251,-0.1518
-9.5801,0.8430,2.8357,0.2125,0.1603,-0.2040
-9.6184,0.3449,2.9890,0.3351,0.1736,-0.2380
-9.6184,0.5365,2.8740,0.3327,0.2149,-0.2890
-9.3502,0.3449,2.7207,0.3315,0.2258,-0.3047
-9.5034,0.0000,2.7207,0.2938,0.2574,-0.2987
-9.7334,-0.1533,2.5291,0.2489,0.3485,-0.3278
-9.7717,-0.1533,2.2609,0.0898,0.5172,-0.3096
-9.3885,-0.6514,1.6478,0.0364,0.3885,-0.1955
-9.2735,-0.8430,1.6095,0.1141,0.3011,-0.1736
-9.7717,-0.3449,1.5711,0.0352,0.3460,-0.2246
-9.8100,-0.4215,1.6478,0.0012,0.3169,-0.1530
-9.4268,-1.1113,1.7627,0.0291,0.3035,-0.0911
-9.1969,-0.7281,1.6861,-0.0425,0.3691,-0.1056
-9.7334,-0.4982,1.5328,-0.1627,0.3157,-0.0461
-10.0782,-1.1496,1.4945,-0.1008,0.1943,0.0765
-9.8483,-1.3029,1.4945,-0.1336,0.2015,0.0546
-9.5418,-0.7664,1.4945,-0.2283,0.2258,0.0158
-9.5801,-0.7664,1.3412,-0.2428,0.1688,0.0692
-9.6567,-1.0346,1.3412,-0.2003,0.1493,0.1068
-9.8483,-0.6131,1.3029,-0.1785,0.1785,0.0656
-10.0016,-0.7281,1.6861,-0.1566,0.1639,0.0279
-9.9633,-1.1879,1.5328,-0.0959,0.1226,-0.0267
-9.8866,-1.0730,1.4945,-0.0546,0.1311,-0.1008
-9.6950,-0.4215,1.7627,-0.0328,0.1008,-0.1105
-9.2735,-0.4598,1.6861,-0.0583,0.0728,-0.0704
-9.3502,-0.5365,1.7244,-0.1251,0.1263,0.0012
-9.6567,-0.8814,1.4945,-0.1554,0.1384,0.0741
-9.8866,-0.7664,1.6478,-0.1178,0.0971,0.0898
-9.9250,-0.7281,1.5328,-0.0668,0.0971,0.0680
-9.7717,-0.5365,1.4945,-0.0389,0.0777,0.0413
-9.5801,-0.4598,1.6861,-0.0486,0.0704,0.0182

