-.-.-
1.3795,-8.2772,-6.6677,-0.3655,0.0376,-0.1360
1.2646,-8.4305,-6.5528,-0.1943,0.0449,-0.1700
1.2646,-8.2772,-6.5528,-0.0971,0.0522,-0.1372
1.2646,-8.2389,-6.7061,-0.0376,0.0146,-0.0741
1.5328,-8.1239,-6.8977,-0.0413,0.0134,-0.1020
1.4562,-8.2389,-6.7061,-0.0486,0.0449,-0.1323
1.3795,-8.2005,-6.7827,-0.0012,0.0522,-0.1506
1.3029,-8.4688,-6.8977,-0.0109,0.0813,-0.1421
1.2263,-8.3155,-7.3958,-0.0425,0.0631,-0.1651
1.4945,-7.9323,-7.3958,-0.0486,0.0862,-0.1251
1.7244,-8.3155,-6.9743,-0.0279,0.0801,-0.1129
1.6478,-8.4305,-6.9360,-0.0049,0.0874,-0.1032
1.6478,-8.3155,-7.2425,0.0522,0.0923,-0.1178
1.6095,-8.4688,-7.3575,0.0449,0.0959,-0.1457
1.5328,-8.4688,-7.5874,0.0510,0.1493,-0.1712
1.6095,-8.8137,-7.3575,0.0595,0.1578,-0.1688
1.5328,-9.0436,-6.8977,0.2343,0.1020,-0.1202
1.4945,-8.8137,-7.0126,0.2950,0.0619,-0.1238
1.6478,-8.6604,-7.0509,0.2841,0.0728,-0.0886
1.9160,-9.0053,-6.8210,0.2137,0.0971,-0.1178
2.0310,-9.1586,-6.9360,0.2331,0.1214,-0.0935
2.0693,-9.3118,-6.9743,0.2052,0.1275,-0.0971
1.9927,-9.4268,-6.7827,0.1530,0.1445,-0.0243
1.9543,-9.1969,-6.8593,0.1408,0.1967,-0.0376
1.9543,-9.0436,-7.0893,0.0947,0.2246,-0.0498
1.9543,-9.2735,-7.1659,0.0874,0.1906,-0.0328
1.9160,-9.5418,-7.3575,0.1445,0.1226,-0.0024
2.1076,-9.4651,-7.1659,0.1639,0.1117,-0.0376
2.1076,-9.3502,-7.2809,0.3132,0.1238,-0.0364
2.0693,-9.1586,-7.2809,0.3023,0.0874,-0.0267
2.2992,-9.3885,-7.0893,0.3217,0.0595,0.0571
2.4142,-9.5801,-7.0509,0.3084,0.0643,0.0935
2.4908,-9.5418,-7.0893,0.2489,0.0959,0.1081
2.1843,-9.6184,-7.1659,0.1627,0.1287,0.1688
2.0693,-9.8100,-6.9360,0.1651,0.0959,0.1542
1.6861,-10.0782,-6.7827,0.2768,0.0680,0.1688
1.6478,-10.0016,-6.8210,0.3387,0.0522,0.1894
1.8011,-9.9250,-6.5145,0.4092,0.0401,0.1785
1.8777,-9.7334,-6.0929,0.4249,0.0134,0.1542
1.8777,-9.3118,-5.7097,0.3691,0.0219,0.1251
1.7627,-9.1586,-5.4032,0.2088,0.0170,0.0996
1.7244,-9.3885,-5.3265,0.0826,0.0474,0.0741
1.7244,-9.6950,-5.7480,0.0401,0.0704,0.0959
1.4945,-9.8100,-5.5948,0.0571,0.0643,0.1178
1.3029,-9.1586,-5.5181,0.1773,-0.0024,0.1639
1.4562,-8.8520,-5.2882,0.2088,-0.0498,0.1906
1.6095,-8.6604,-5.1732,0.1663,-0.0534,0.1785
1.4945,-8.7370,-5.0966,0.0461,-0.0170,0.1263
1.4945,-9.1586,-5.0966,-0.0401,0.0085,0.0692
1.6095,-9.5801,-5.3648,-0.0498,0.0194,0.0194
1.8011,-9.5034,-5.3265,-0.0194,0.0328,-0.0012
1.8011,-9.4651,-5.6331,0.0085,0.0376,-0.0073
1.7244,-9.3885,-5.4798,0.0304,0.0304,0.0024
1.4945,-9.5418,-5.5564,0.0231,0.0073,0.0182
1.6861,-9.5034,-5.7097,-0.0012,-0.0073,0.0328
1.6478,-9.1969,-5.5181,-0.0474,-0.0328,0.0449
1.5711,-9.5034,-5.6714,-0.0971,-0.0291,0.0352
1.4945,-9.4268,-5.7097,-0.1202,-0.0243,0.0255
1.2263,-9.3502,-5.5181,-0.1287,-0.0316,0.0158
1.4945,-9.1969,-5.6714,-0.1299,-0.0449,0.0158
1.5711,-9.1969,-5.3265,-0.1445,-0.0534,0.0194
1.5711,-9.0436,-5.5948,-0.1384,-0.0510,0.0267
1.4179,-9.0819,-5.4032,-0.1238,-0.0498,0.0328
1.4562,-9.0819,-5.5181,-0.0886,-0.0571,0.0316
1.4945,-8.9670,-5.4415,-0.0704,-0.0668,0.0304
1.3795,-9.0819,-5.2499,-0.0668,-0.0753,0.0316
1.3795,-8.9670,-5.3648,-0.0728,-0.0619,0.0304
1.3412,-8.8903,-5.2882,-0.0826,-0.0510,0.0255
1.4179,-8.9670,-5.3648,-0.0789,-0.0461,0.0279
1.3029,-9.0436,-5.5181,-0.0801,-0.0437,0.0316
1.2263,-9.1586,-5.5948,-0.0753,-0.0413,0.0328
1.2646,-9.1586,-5.7480,-0.0619,-0.0364,0.0243
1.2646,-9.1202,-5.9013,-0.0571,-0.0328,0.0109
1.2646,-9.1586,-5.7480,-0.0643,-0.0255,0.0073
1.1496,-9.1202,-5.6714,-0.0656,-0.0267,0.0024
1.2646,-9.0436,-5.7864,-0.0656,-0.0182,-0.0097
1.2646,-9.1969,-5.7097,-0.0619,-0.0182,-0.0121
1.2263,-9.1969,-5.5948,-0.0571,-0.0267,-0.0134
1.3029,-9.2352,-5.5948,-0.0461,-0.0328,-0.0121
1.1496,-9.0819,-5.4798,-0.0267,-0.0291,-0.0146
1.3412,-9.1586,-5.4798,-0.0085,-0.0267,-0.0146
1.1879,-9.1202,-5.5564,-0.0085,-0.0158,-0.0182
1.2646,-9.0436,-5.7097,-0.0097,-0.0085,-0.0219
1.3412,-9.0436,-5.6331,-0.0158,-0.0182,-0.0182
1.3029,-9.2352,-5.4415,-0.0170,-0.0121,-0.0206
1.3795,-9.1969,-5.5948,-0.0182,0.0000,-0.0182
1.3412,-9.1586,-5.5564,-0.0291,0.0097,-0.0194
1.1879,-9.2735,-5.6331,-0.0279,0.0231,-0.0194
1.2646,-9.1586,-5.7480,-0.0170,0.0255,-0.0158
1.1879,-9.3118,-5.5564,-0.0231,0.0255,-0.0036
1.3029,-9.0819,-5.7097,-0.0425,0.0340,-0.0012
1.3412,-9.2735,-5.5948,-0.0571,0.0486,-0.0036
1.2646,-9.1969,-5.7864,-0.0546,0.0546,-0.0036
1.3412,-9.2735,-5.4032,-0.0437,0.0583,-0.0073
1.4562,-9.2352,-5.4032,-0.0449,0.0571,0.0012
1.3795,-9.0819,-5.5564,-0.0595,0.0559,0.0036
1.2263,-9.1202,-5.5181,-0.0741,0.0583,0.0012
1.1879,-9.2735,-5.4415,-0.0583,0.0643,-0.0012
1.3795,-9.1969,-5.4415,-0.0389,0.0559,0.0024
1.3412,-9.1969,-5.4798,-0.0389,0.0389,0.0061
1.2646,-9.1969,-5.5564,-0.0352,0.0328,0.0012
1.2646,-9.1586,-5.4415,-0.0449,0.0364,-0.0012
1.3795,-9.2352,-5.5181,-0.0425,0.0316,0.0036
1.2263,-9.2352,-5.4415,-0.0352,0.0316,-0.0024
1.3412,-9.1202,-5.5181,-0.0340,0.0255,-0.0061
1.3412,-9.1202,-5.5181,-0.0389,0.0182,-0.0109
1.3795,-9.2352,-5.4415,-0.0461,0.0085,-0.0109
1.3412,-9.2735,-5.3648,-0.0352,0.0097,-0.0109
1.3029,-9.3502,-5.4415,-0.0389,0.0061,-0.0085
1.3412,-9.2352,-5.4032,-0.0437,0.0097,-0.0061
1.3795,-9.1969,-5.3648,-0.0401,0.0146,-0.0121
1.3795,-9.3118,-5.4798,-0.0401,0.0097,-0.0109
1.2263,-9.2352,-5.6714,-0.0316,0.0109,-0.0146
1.2646,-9.1202,-5.3265,-0.0328,0.0049,-0.0109
1.1879,-9.0436,-5.5181,-0.0364,0.0036,-0.0121
1.3795,-9.1586,-5.4798,-0.0279,0.0109,-0.0182
1.2646,-9.1202,-5.2499,-0.0255,0.0109,-0.0194
1.3412,-9.2735,-5.5181,-0.0279,0.0073,-0.0194
1.2646,-9.2352,-5.3265,-0.0206,0.0085,-0.0206
1.1496,-9.1202,-5.2882,-0.0243,0.0109,-0.0170
1.2646,-9.2352,-5.4032,-0.0376,0.0146,-0.0121
1.3795,-9.3502,-5.3265,-0.0389,0.0219,-0.0134
1.2646,-9.2352,-5.3648,-0.0389,0.0219,-0.0109
1.3029,-9.2352,-5.4415,-0.0461,0.0255,-0.0121
1.3029,-9.2735,-5.4032,-0.0510,0.0291,-0.0121
1.3795,-9.3502,-5.5181,-0.0510,0.0316,-0.0134
1.3029,-9.3502,-5.4032,-0.0474,0.0328,-0.0134
1.3412,-9.2735,-5.4032,-0.0425,0.0340,-0.0134

