-.-.-
4.4068,-6.7827,-2.1843,0.3703,-0.4990,0.3946
3.3339,-6.8210,-1.6861,-0.1190,-0.5014,0.5682
2.2609,-8.9670,-1.7627,-0.2343,-0.3812,0.7358
0.6898,-10.0399,-1.5711,0.0097,-0.1408,0.7212
-0.3066,-9.3502,-1.8777,0.2780,0.0619,0.6095
-0.4215,-8.1622,-1.5328,0.1761,0.2198,0.4966
0.0383,-7.8173,-0.6898,0.0061,0.2574,0.4504
0.3449,-8.3155,-0.4982,-0.1287,0.2793,0.4225
0.7281,-9.3118,-0.2299,-0.1542,0.3655,0.3472
0.9197,-9.5034,-0.1150,-0.1153,0.4711,0.2015
0.4598,-8.7370,0.1916,-0.0923,0.5160,0.0583
0.0383,-8.5454,0.8430,-0.1032,0.5306,-0.0255
0.1150,-8.9286,1.2646,-0.0304,0.6326,-0.0874
0.7664,-9.1969,1.4562,0.1493,0.8038,-0.0898
0.7664,-9.3502,0.4598,0.1566,0.8135,-0.1238
-0.2299,-10.0399,-1.3795,-0.0619,0.5621,-0.1287
-1.1879,-11.4195,0.1533,-0.4529,0.3436,-0.0668
-1.9543,-11.6877,2.4908,-0.1773,0.2768,0.0437
-1.2263,-10.3848,2.3375,0.1068,0.1481,0.2319
-0.6898,-9.7334,2.2992,0.0474,0.0559,0.3727
-2.1843,-12.1859,0.0766,-0.3145,-0.0680,0.5099
-0.1916,-14.9449,-3.2955,-0.9288,-0.4978,0.7904
-0.0766,-13.3738,-0.1533,-0.4152,-0.5670,1.1109
0.4215,-10.8830,-2.9890,-0.2732,-0.5755,1.1097
-0.4598,-9.8483,-6.0163,-0.2028,-0.4444,0.9713
1.1879,-8.6604,-5.3648,-0.1214,-0.1311,0.9531
2.0693,-8.9286,-2.9890,-0.2501,0.1736,0.7576
1.6095,-12.1475,-1.9160,-0.3715,0.1445,0.3934
0.1533,-13.5654,-1.4179,0.1360,0.1287,0.0801
-0.8430,-11.5727,-2.4525,0.7613,-0.0134,-0.1554
-2.2226,-9.4268,-2.6441,0.6289,-0.2331,-0.3545
-2.4908,-8.4305,-1.6095,0.0583,-0.4274,-0.4869
-2.1076,-8.3921,-1.6861,-0.0413,-0.4990,-0.5488
-1.4179,-8.5071,-1.8777,-0.0923,-0.6496,-0.6204
-0.4215,-9.0436,-1.7627,-0.0340,-0.8220,-0.6083
0.2299,-8.9286,-1.4945,0.0510,-0.9580,-0.5743
0.9580,-8.5838,-1.1113,0.0182,-0.9932,-0.5197
1.4562,-8.7370,-0.1916,-0.0291,-0.8973,-0.4990
1.9927,-8.9286,0.0766,0.0231,-0.8244,-0.4820
1.7627,-8.3538,-0.1916,0.0753,-0.7625,-0.4080
1.1113,-7.9323,-0.0766,0.0850,-0.6593,-0.3047
0.2682,-7.7407,0.6131,0.0413,-0.6144,-0.1943
-0.5748,-8.5071,0.4982,0.0741,-0.6993,-0.0401
-1.2646,-9.1586,0.5365,0.1894,-0.7734,0.1785
-0.1533,-9.7717,0.3449,0.2270,-0.7358,0.3570
0.7281,-10.9596,1.3029,0.1615,-0.7151,0.3011
2.9123,-11.3811,-0.3832,0.0401,-0.5634,0.1627
1.8777,-10.3465,1.3412,-0.0777,-0.1930,-0.1433
1.4945,-9.3118,2.8357,0.1627,-0.0097,-0.2343
-0.1150,-8.6221,1.8777,-0.0935,0.0194,-0.2610
0.8814,-12.7607,0.7664,-0.6544,-0.1251,-0.1518
0.9963,-16.9759,-2.2992,-0.7333,-0.0996,-0.3278
1.7627,-16.2478,-1.9160,-0.5949,0.1226,-0.7297
1.4179,-12.1475,-3.6021,-0.4274,0.2222,-0.9252
1.7627,-9.1586,-4.1003,-0.3302,-0.1542,-0.9361
0.8047,-6.2845,-3.8704,-0.1918,-0.4589,-0.9191
0.2299,-6.4378,-2.1076,-0.6229,-0.8074,-0.5925
0.5748,-11.7643,-1.2646,-0.6399,-0.8620,-0.0170
1.4179,-14.9066,-0.3449,0.2829,-0.7212,0.2793
1.7244,-13.3738,-2.3759,1.1474,-0.4043,0.2392
3.9470,-8.3538,-4.7517,0.8450,-0.0437,0.2550
3.3722,-6.7061,-1.9543,-0.1348,0.0194,0.3460
3.0273,-7.5874,-1.0730,-0.3655,-0.0947,0.5318
1.7627,-9.7334,-1.2646,-0.2064,0.1396,0.6726
0.4598,-9.8483,-1.5711,0.0874,0.3703,0.7066
-0.0766,-8.8137,-1.9543,0.1870,0.6144,0.6411
-0.0383,-7.8940,-1.3029,-0.0024,0.7552,0.5694
0.0000,-7.8940,-0.8430,-0.1615,0.7528,0.5124
-0.1150,-8.3921,-0.3832,-0.2513,0.7212,0.4298
-0.3449,-8.8520,-0.3832,-0.1870,0.7503,0.2999
-0.1533,-8.6604,0.4215,-0.0874,0.8208,0.1858
-0.3449,-8.5454,1.2263,0.0619,0.8657,0.0898
-0.5365,-9.0436,1.1879,0.2708,0.8329,0.0595
-0.5748,-9.3118,0.2299,0.3934,0.7540,0.0304
0.3066,-9.2352,-0.1916,0.2695,0.7431,0.0097
-0.0383,-10.0782,-1.7627,-0.0643,0.6690,-0.1238
-0.3832,-11.4961,-0.9197,-0.5549,0.3181,-0.1724
-1.1496,-11.6877,3.3339,-0.1845,0.2938,-0.0643
-1.0346,-9.2735,2.1843,0.1785,0.1190,0.0971
-1.0730,-10.1932,1.1113,-0.1299,0.0728,0.2477
-1.8394,-14.0252,-1.3029,-0.5002,-0.0158,0.4140
0.1150,-15.1365,-2.1459,-0.5512,-0.3266,0.7673
0.1533,-12.6457,-0.3832,-0.2610,-0.6010,1.0964
1.3795,-12.1859,-1.4179,-0.2525,-0.3217,1.0454
-0.1150,-10.9596,-4.9816,0.0765,-0.1044,0.7771
0.7281,-8.6221,-6.5145,0.0850,0.1943,0.6423
0.4598,-8.4688,-3.1806,-0.1773,0.6156,0.4249
1.1113,-11.3045,-1.6095,-0.1032,0.6131,0.1943
1.0730,-13.7953,-0.8047,0.3363,0.5791,-0.0595
0.2299,-12.2242,-1.7627,1.0405,0.2950,-0.2222
-1.4179,-9.2735,-2.2609,0.9665,0.0680,-0.3181
-2.2992,-7.8557,-0.9580,0.2780,-0.0291,-0.4699
-2.3759,-8.3921,-1.1496,0.2416,-0.0085,-0.5706
-1.5328,-9.1586,-1.4945,0.2428,-0.0886,-0.6131
-0.4598,-9.0436,-0.9197,0.4128,-0.2246,-0.5488
0.3066,-8.2389,-0.9580,0.5913,-0.3776,-0.4662
0.8430,-8.0473,-0.8814,0.5172,-0.4735,-0.4322
1.3412,-8.3155,-0.0383,0.4140,-0.4468,-0.4310
1.4179,-8.6221,0.4215,0.3606,-0.4007,-0.4104
0.7664,-7.8940,0.1533,0.2817,-0.4237,-0.3825
0.5365,-7.5874,0.4982,0.0826,-0.4990,-0.2902
0.1916,-7.4725,0.9580,-0.1056,-0.5634,-0.1554
-0.2682,-7.8940,1.6478,-0.2319,-0.6229,0.0012
-0.5748,-8.9670,2.2226,-0.2258,-0.6799,0.1591
-0.0383,-9.5801,1.8777,-0.1323,-0.6544,0.2355
0.2299,-9.9250,2.1076,-0.0898,-0.6362,0.1955
2.0310,-10.7297,-0.4982,-0.2914,-0.6083,0.2015
2.2609,-11.1512,0.6131,-0.6326,-0.3727,0.0243
2.2992,-10.9213,2.5675,-0.3788,-0.2307,-0.0231
2.4525,-12.0709,1.2263,-0.4857,0.0231,-0.2100
3.2189,-15.5580,-1.1879,-0.8317,0.1991,-0.5269
2.5675,-14.9832,0.0383,-0.5087,0.7443,-1.0090
1.8011,-12.4924,0.6131,-0.3570,0.9155,-1.1947
0.2299,-10.8830,0.3832,-0.1882,0.6775,-1.0150
-0.1533,-9.5034,-2.6824,-0.1238,0.0826,-0.6738
-0.3449,-6.3612,-5.3265,-0.1676,-0.2853,-0.5112
-1.3412,-6.2845,-2.2992,-0.6471,-0.3788,-0.5027
-0.3832,-13.1439,0.2682,-1.0029,-0.3266,-0.3764
0.0000,-16.0945,-0.4982,-0.1445,-0.3120,-0.2416
1.6861,-12.0326,-2.5675,0.9337,-0.1955,-0.0668
2.6441,-7.5874,-2.6441,0.6253,-0.1481,0.1396
3.2572,-7.2042,-0.5748,-0.1724,-0.1603,0.3582
2.8357,-8.5454,-0.8814,-0.1226,-0.1214,0.5913
1.5711,-9.6184,-0.6514,-0.0376,-0.0012,0.6471
0.4215,-9.0053,-1.1879,0.1773,0.2125,0.6180
0.1150,-8.1622,-1.1879,0.1736,0.4249,0.5524
0.0383,-7.7790,-0.2682,0.0401,0.5330,0.5318
0.1916,-8.4305,0.0383,-0.0461,0.5561,0.5536

