-.-.-
-4.8667,-14.9832,-11.4195,-0.2258,0.0437,-0.3266
0.9197,-26.2494,-13.1822,-1.2603,-0.5961,-0.5536
2.8740,-29.3150,0.1533,-1.1109,0.4237,-0.9106
1.8011,-22.2258,-3.6787,0.6083,-0.0668,0.5367
1.3029,-14.5617,-5.7864,1.5225,-0.5014,1.0150
1.1496,-9.0436,-4.9433,1.3331,-0.3667,0.8195
-0.4215,-6.4761,-3.2189,0.2185,-0.0158,0.7358
-1.7627,-3.9853,-0.0766,-0.2440,0.0085,0.6872
-1.6095,-4.0236,0.7664,-0.9167,0.0036,0.7030
-0.6131,-5.2882,1.5328,-1.5092,-0.0959,0.6666
0.3449,-5.5181,1.2263,-1.0320,-0.2258,0.4674
0.5748,-5.4032,-0.2299,-0.4080,-0.3108,0.0061
-0.5748,-4.0236,-0.7281,0.2270,-0.2671,-0.3910
-1.5328,-1.4945,-1.6861,1.5517,-0.2756,-0.3290
-2.1076,1.2263,-6.4761,1.6476,-0.0753,-0.4201
-2.7591,1.1879,-13.9486,0.0680,0.4347,-0.4165
-1.8394,-9.8866,-1.3029,0.4723,0.1712,0.0850
4.1003,-12.1859,-7.8940,-0.0510,-1.1595,0.8487
5.7864,-19.8116,-8.6987,-2.0604,-1.5954,1.4278
0.4598,-29.7366,-4.6368,-2.2741,-0.1469,0.6605
-1.6095,-26.7476,-6.6677,-1.1522,1.2117,-0.7030
0.1533,-17.3208,-4.2536,1.3914,0.5306,-1.0369
2.1459,-9.6184,-3.8320,1.2409,0.3570,-0.8718
3.4871,-7.0893,-3.4488,0.0971,0.4116,-0.6034
3.1806,-6.4761,-0.8814,-0.7722,0.4504,-0.4978
2.0693,-6.1313,-0.5365,-0.9750,0.6775,-0.5512
0.7281,-5.3648,0.4982,-0.8305,0.9677,-0.4383
0.5748,-3.5638,1.1496,-0.3812,0.9786,-0.3266
1.4945,-1.7244,1.2646,0.4201,0.6399,-0.1008
0.4215,0.4215,1.7627,0.9179,0.3339,0.1081
0.3449,1.3795,-0.8047,0.8450,0.0898,0.2161
0.6898,1.2263,-8.3155,0.4589,0.7868,0.2501
1.8777,-2.9890,-11.4195,0.0947,1.0684,0.1008
-0.2299,-13.5271,-4.2919,1.1559,-0.3181,-0.1955
-3.9470,-14.0636,-11.6111,-0.7722,-0.1821,-0.4529
2.0693,-29.1234,-8.8903,-1.6573,-0.1845,-1.1207
2.7207,-28.2038,0.2682,-0.6617,0.5828,-0.4371
0.9580,-19.2751,-4.8667,1.0272,-0.1348,0.7795
0.4598,-12.3391,-5.5564,1.2202,-0.5476,0.9592
0.2299,-8.2389,-4.7134,1.0636,-0.5306,0.8693
-0.6514,-5.5948,-1.9927,0.2440,-0.1554,0.7273
-1.6478,-3.7937,0.4215,-0.3060,0.0789,0.6738
-1.6478,-4.5984,0.6514,-0.9859,0.0389,0.6010
-0.4215,-4.9816,0.3832,-1.3696,-0.1068,0.3387
-0.4215,-4.8667,-0.5748,-1.2724,-0.2246,0.1493
-0.5748,-5.1349,-1.4562,-0.7297,-0.1469,-0.2623
-0.9197,-3.1806,-1.3795,0.7989,-0.1651,-0.4177
-0.1916,-1.3795,-1.5711,2.2110,-0.0874,-0.4274
-0.5365,1.2263,-5.6714,2.0349,-0.0158,-0.5124
-1.6478,2.9507,-17.5890,-0.2999,0.4832,-0.3885
0.2682,-11.4578,-2.6824,-0.0886,-0.1433,0.1457
3.9470,-12.8373,-4.5218,0.1469,-0.9118,1.1522
7.2809,-23.4137,-8.0089,-1.9973,-1.5796,1.5189
0.3832,-34.2967,-6.9743,-3.5307,-0.0036,0.3072
-1.4179,-27.1691,-7.8557,0.3400,1.3392,-0.7661
0.3449,-14.0252,-4.0236,1.9936,0.6969,-1.1680
1.8394,-6.5911,-3.7937,1.3392,0.3120,-0.9822
1.9160,-5.4798,-2.1843,-0.1141,-0.0121,-0.5549
2.7974,-6.4378,-0.1916,-0.8936,0.0146,-0.4249
1.1879,-6.2462,0.6131,-0.8025,0.4784,-0.3266
0.3832,-5.0200,0.6898,-0.8438,0.6678,-0.3217
1.0346,-3.2955,0.4982,-0.7030,0.7261,-0.1979
1.4179,-1.8777,0.4598,0.0898,0.5646,-0.0146
0.0766,0.6131,-0.8430,1.1559,0.1469,0.1360
-0.4982,2.5291,-2.7974,1.1753,-0.0206,0.2270
1.0730,1.5328,-7.8557,0.8815,0.5731,0.2999
2.1843,-2.4142,-11.8027,-0.0923,0.8948,0.1603
-1.0346,-14.4851,-3.3722,0.3011,-0.3375,-0.3448
-0.7664,-15.6347,-10.9979,-0.1506,-0.1979,-0.9276
0.8047,-30.0814,-7.3192,-1.1729,0.5148,-1.7265
3.7554,-26.4027,-1.0346,-0.3727,0.8378,-0.7091
0.8430,-18.2788,-5.7864,1.0684,-0.4626,1.1425
0.8047,-11.8027,-5.1349,1.4497,-0.6751,1.2688
-0.1533,-7.8173,-4.9433,0.8985,-0.1736,0.9130
-0.6898,-6.3229,-1.3412,-0.1554,0.0728,0.6119
-1.0730,-5.1732,0.5365,-0.5561,0.0449,0.6484
-0.4598,-5.5948,0.2299,-1.2870,0.1408,0.5500
-0.6898,-5.2116,-0.5748,-1.8139,0.0959,0.4225
-1.4945,-5.8247,-0.8814,-1.8115,-0.2331,0.1384
-1.4562,-5.6714,-0.0766,-0.6496,-0.4347,-0.2732
-1.9543,-3.1423,-0.9963,1.6622,-0.4334,-0.4407
-1.3029,-0.2299,-2.3759,2.4914,-0.2914,-0.5658
-1.6478,2.7591,-6.3229,1.8103,-0.3436,-0.6119
-1.1113,0.5748,-17.8956,-0.5160,0.4626,-0.3958
2.5291,-9.8866,0.4215,0.2853,-0.6059,0.2076
4.8667,-11.7643,-7.5491,0.0886,-1.5068,1.2214
11.4961,-25.9812,-8.6987,-2.8884,-1.4667,1.7435
-0.1150,-35.1397,-4.5984,-3.2624,0.9300,0.0728
-0.4598,-24.4100,-6.6677,0.9422,1.0842,-0.6617
0.3066,-11.9176,-3.7937,2.1830,0.6569,-0.8705
0.8430,-4.7517,-4.1386,1.4412,0.4189,-0.7540
1.5711,-4.6368,-1.3412,-0.1457,0.2671,-0.5002
2.3759,-6.3229,0.5748,-0.7394,0.3485,-0.4857
0.9580,-6.6677,0.8047,-0.7637,0.5536,-0.4759
0.7664,-5.6714,0.3832,-0.4917,0.7236,-0.4711
1.6478,-3.2572,0.3066,0.2732,0.6204,-0.2671
1.5711,-1.3029,-0.0766,0.8317,0.5099,-0.0413
-0.1533,0.1533,-0.8047,1.1534,0.2270,0.1469
0.3449,2.1843,-5.2882,0.9640,0.4165,0.2574
0.6898,1.2646,-9.8100,-0.0231,0.7783,0.3327
-0.9963,-9.6567,-4.1003,-0.2987,-0.0097,-0.0206
-3.6404,-16.3245,-8.2005,-0.5027,-0.0194,-0.2307
1.9543,-23.7969,-10.8063,-0.9835,-0.6156,-0.6253
3.6404,-28.4720,-0.4598,-0.9944,0.5658,-1.3331
1.7627,-21.3827,-4.6368,0.4128,-0.0134,0.3351
1.0346,-14.7533,-4.8667,1.3161,-0.3837,1.0357
0.6131,-9.5418,-4.2919,1.5262,-0.3108,0.9786
-0.6131,-6.0929,-2.9123,0.6229,-0.0425,0.8705
-0.9580,-3.7554,-0.8814,0.0607,-0.0546,0.8499
-1.4945,-4.2536,0.5748,-1.0721,-0.0522,0.6435
-0.6131,-4.9433,0.6898,-1.7496,-0.2708,0.5549
-0.1533,-5.7864,-0.3832,-1.7083,-0.5014,0.4541
-0.5748,-6.8593,-0.7664,-0.9786,-0.4844,0.0583
-1.4562,-4.5984,-0.4598,0.5160,-0.4080,-0.4116
-1.7244,-1.7627,-1.4562,1.9414,-0.3472,-0.4298
-3.0273,1.4562,-7.0893,1.5869,-0.2586,-0.5330
-1.9543,-1.3795,-11.7643,-0.0534,0.5719,-0.3460
0.9963,-9.8866,-2.1843,0.3084,-0.0546,0.1068
5.7097,-13.1439,-9.7717,-0.3897,-1.3902,0.9191
10.7680,-23.9885,-7.3192,-1.9244,-1.3416,1.2591
-0.5748,-30.1198,-3.2955,-2.1490,0.6216,0.0789
-0.7664,-23.9885,-5.9396,-0.0170,1.1522,-0.6981
0.8047,-14.0636,-4.1769,1.1984,0.7261,-0.8280
2.1843,-8.1239,-4.1769,1.1449,0.5294,-0.6605
3.1039,-5.5181,-1.8777,0.1129,0.4917,-0.4966
2.1459,-5.2882,-0.4215,-0.6374,0.6714,-0.5124
0.7664,-5.5948,-0.0766,-1.0381,0.8693,-0.5221
0.2682,-4.7517,0.1916,-0.8718,1.0599,-0.4942

