-.-.-
-0.3066,-18.5087,8.1239,-0.7443,-0.1214,0.6071
9.4268,-27.6673,14.5617,0.0850,0.2538,1.4400
6.6677,-25.4064,5.2882,0.5112,-0.4504,0.5245
5.1349,-19.6583,0.3066,-0.5221,-0.3472,-1.1729
4.5601,-9.5418,1.1113,-0.5585,1.2943,-1.8273
4.1003,-8.9286,2.1076,-1.8309,2.1090,-1.6949
2.4525,-10.4998,5.5948,-3.2260,1.7702,-1.7156
2.0693,-8.2005,4.5984,-1.2979,1.6318,-1.6622
0.1533,-6.5528,0.2299,0.5500,1.6318,-1.5808
-1.1113,-6.3612,-1.8011,0.1700,1.5832,-1.1061
-0.6514,-6.7444,-2.5291,-0.7224,1.3611,-0.4869
-0.8047,-5.2116,-3.9853,-0.4128,1.0976,-0.0158
-1.6095,-2.5675,-4.2536,-0.0680,0.5658,0.3230
-0.1916,-1.8011,-2.3375,0.0413,0.3849,0.4456
0.3832,-2.7974,-1.5328,0.7078,0.6641,0.3800
1.6861,-3.6787,-3.6787,1.7435,1.0138,0.4638
3.1039,-6.3995,-5.1732,2.0118,0.6775,0.2198
3.1806,-12.3391,-0.3449,1.4266,0.0583,-0.3497
0.3832,-16.3245,4.9433,-0.6751,-0.0983,-0.8705
-0.9963,-21.6893,9.2352,-1.3647,-0.7892,-0.5148
1.5711,-24.3334,3.7554,-0.8280,-0.6374,0.6896
-0.1533,-19.2751,1.6861,-0.0668,-0.6520,1.6852
-0.9963,-12.6074,2.6824,0.7649,-0.7783,2.0847
-0.9580,-8.2389,3.7171,-0.5658,-0.8232,2.0968
-1.7244,-7.5491,3.8320,-1.7326,-1.0879,2.2267
-2.3375,-6.5911,2.9890,-1.2481,-1.2287,1.9912
-1.0730,-6.1696,0.7281,-0.5197,-1.2906,1.5747
0.4598,-5.6331,-1.0730,-0.3873,-1.0369,0.9215
0.3066,-5.4415,-1.9543,-0.6301,-0.9786,0.2040
1.4562,-5.3648,-3.0273,-0.7431,-0.8851,-0.5354
1.3412,-4.0620,-2.9123,0.0413,-0.6629,-0.9628
-0.4215,-0.8430,-2.2226,1.2105,-0.4371,-0.9519
-1.3029,1.4179,-2.6058,1.7751,-0.5451,-0.7261
-3.6021,-0.8047,-6.6294,1.5444,-1.1741,-0.3995
-3.5638,-7.3958,-5.9013,0.7540,-1.3125,0.1396
-3.3722,-17.3208,3.1423,0.3266,-0.2100,0.4456
7.3192,-22.6856,10.2698,-0.1081,0.1542,1.1097
9.6950,-27.0541,7.5874,0.9033,0.5949,0.9628
4.7900,-24.4484,0.6131,-0.1153,-0.6775,-0.2708
3.2955,-16.6693,0.3066,-1.1668,-0.1918,-1.9013
3.2572,-8.6604,2.4142,-0.5184,1.3890,-1.8746
1.4179,-8.4305,3.6787,-1.8188,1.7811,-1.5650
1.6095,-9.7717,5.4415,-2.9637,1.5213,-1.6318
2.7207,-8.7754,4.7517,-1.3125,1.4120,-1.6840
1.2263,-7.0893,0.9963,0.4553,1.1741,-1.5189
-0.1533,-6.3229,-2.5291,-0.0923,0.9944,-0.8220
0.0766,-5.4798,-2.8740,-1.0405,1.0867,-0.0182
-0.1533,-3.9853,-3.0273,-0.7977,1.0029,0.5998
-0.6131,-1.0730,-2.8357,-0.2307,0.5354,1.0697
-0.3832,-0.1150,-1.9160,0.0340,0.3642,0.8438
-0.1533,-0.0383,-1.4562,0.7855,0.7042,0.5694
0.8047,-1.7627,-6.5145,1.5420,1.0442,0.3970
4.5601,-4.1003,-13.0289,1.5626,1.0539,-0.0595
1.4562,-12.2242,-2.0310,0.3752,0.4626,-0.8268
2.8740,-18.6620,7.3575,-0.9628,-0.0668,-1.4048
-1.8777,-26.5177,13.0289,0.5039,0.4456,-1.4667
-1.8011,-27.8589,4.1769,0.8754,0.0996,-0.0619
1.2646,-21.3061,1.9160,0.0583,-0.4504,1.6439
-0.0383,-9.4651,1.8011,1.0915,-0.5536,2.2571
-0.2682,-6.5145,2.6058,-0.8705,-0.6484,2.0786
-1.4179,-10.5764,5.5564,-2.7282,-1.1449,2.0422
-1.9160,-9.7334,4.7134,-1.3708,-1.2263,1.6282
-0.5365,-6.7827,0.9963,0.4249,-0.9980,1.2457
0.4598,-4.8667,-2.5675,0.5876,-0.6751,0.7042
0.6514,-4.5601,-3.9470,-0.5112,-0.7516,0.0486
1.6478,-4.4452,-3.5638,-1.2202,-0.8827,-0.5621
0.6131,-3.6404,-3.4488,-0.3230,-0.7346,-0.9094
-1.1496,-1.4945,-2.1459,1.0697,-0.4638,-0.8463
-1.1113,0.8047,-2.1459,2.0070,-0.4638,-0.6957
-2.0310,-0.9580,-5.4415,1.9997,-0.7795,-0.5148
-2.8740,-5.4032,-5.1732,1.4363,-0.9968,0.0401
-0.6514,-13.9103,2.8740,0.4929,-0.2914,0.3157
5.3265,-19.5050,9.3502,-0.5889,0.3035,0.8268
6.2845,-26.5560,10.0399,0.3254,0.5536,1.1024
3.6787,-25.4830,2.2992,-0.3873,-0.6277,0.1032
3.3722,-18.1638,0.6131,-0.7661,0.0401,-1.5116
4.4452,-11.2662,1.5328,-0.2113,1.5590,-1.6512
1.8394,-10.1549,3.4105,-1.7484,1.7994,-1.6148
2.0693,-8.3921,5.5181,-2.5096,1.4473,-1.6075
3.0656,-5.7097,4.0236,-1.1328,1.3902,-1.6027
1.7627,-4.6368,-0.0383,-0.3278,1.2809,-1.4958
0.3832,-5.9780,-2.1843,-1.1170,1.0697,-0.8912
0.1150,-7.1659,-2.1843,-1.2664,0.9992,-0.2635
-0.6514,-5.0966,-3.7171,-0.1081,0.8013,0.2028
-1.9160,-2.2226,-4.5218,0.5986,0.4844,0.5439
-1.4945,-0.3832,-2.3375,0.4067,0.3934,0.5901
0.3449,-0.4982,-0.4982,0.5840,0.5464,0.3691
0.3449,-2.9890,-4.4835,1.3756,0.8620,0.2028
4.9433,-5.6331,-10.1549,1.9026,0.9750,-0.1615
4.4452,-13.2971,-4.4068,1.0903,0.3290,-0.9142
2.3375,-17.4357,3.9853,-1.0697,-0.2003,-1.4521
-1.4179,-27.1308,12.6840,-0.8475,0.0061,-1.2360
0.6898,-27.8589,5.9780,0.1748,-0.2635,0.5330
1.3029,-20.0415,0.5365,0.8790,-0.4529,1.5699
-0.5365,-9.5034,0.5748,1.5177,-0.7103,1.8746
0.0000,-6.3995,1.9543,-0.7516,-0.7989,2.0434
-1.9543,-8.2772,5.1349,-2.6177,-1.1449,2.0288
-2.6824,-7.4341,3.9470,-1.6318,-1.3368,1.8309
-1.1496,-6.1313,1.0730,-0.1821,-1.0842,1.4703
0.6514,-4.8667,-1.7244,0.0583,-0.7261,0.9665
0.6131,-4.2152,-2.6824,-0.6544,-0.7176,0.2744
1.6478,-4.6368,-1.9927,-1.2287,-0.8074,-0.4237
1.5711,-4.5601,-2.0310,-0.6520,-0.7358,-0.8948
-0.6514,-2.6058,-1.7244,0.6969,-0.4929,-1.0247
-1.0346,0.5365,-1.2646,1.7095,-0.4165,-0.8948
-0.5748,0.9963,-4.4452,2.0070,-0.5172,-0.7819
-3.7554,-3.0656,-9.7717,1.3853,-1.1619,-0.4589
-1.9543,-10.1932,-0.9580,0.7163,-1.1292,0.2234
-3.3722,-18.5470,7.4725,-0.6119,-0.0291,0.5658
5.8630,-28.4337,13.6037,0.1627,0.1506,1.3841
5.9396,-26.9392,4.9433,0.6374,-0.4359,0.4359
4.9050,-20.1565,-0.4598,-0.4893,-0.9385,-1.2724
5.5948,-9.6950,0.8430,-0.2695,0.9482,-2.0106
4.7517,-8.0856,1.8777,-1.4035,1.7896,-1.5978
3.5638,-10.3848,6.1313,-3.2673,1.4084,-1.3307
4.2536,-9.6950,5.5948,-1.5808,1.3246,-1.2263
2.4908,-8.3921,1.1496,0.4347,1.4072,-1.2445
-0.4598,-7.5491,-1.6478,0.5209,1.3416,-0.9045
-0.9580,-6.8977,-2.0693,-0.2999,1.3586,-0.3800
-1.1879,-4.7900,-2.2992,-0.3958,1.1886,0.0425
-1.6861,-0.7664,-3.7554,-0.1336,0.7491,0.3448
-1.6478,1.7627,-3.3722,-0.2817,0.3448,0.6034
-1.4179,0.4215,-1.3412,-0.4541,0.3752,0.6216
0.8814,-2.1076,-1.9160,0.3630,0.5876,0.5597
3.3722,-5.8247,-8.8137,1.8710,1.0527,0.5209
4.9050,-9.9633,-5.4798,2.2280,0.8705,-0.1591
3.9087,-17.5124,0.6898,-0.1773,-0.3157,-1.0235
-0.6131,-24.2951,10.1932,-1.0065,-0.0801,-1.2154

