-.-.-
-3.8320,-11.6494,2.7207,-0.2793,0.3400,0.1396
-2.0693,-11.4195,2.2992,-0.3849,0.2113,0.3472
-2.1076,-9.4651,1.4562,-0.5014,0.2319,0.2270
-0.4598,-14.4468,-0.8047,-0.4832,0.0595,0.2319
-2.4525,-15.4814,4.5601,-0.1870,0.3497,0.6034
-5.3648,-11.1895,-1.8394,0.5221,0.0886,0.4942
-4.1769,-7.9323,-4.2536,0.2538,0.0753,0.3788
0.3066,-9.3118,-3.5638,0.1578,0.6046,0.5816
1.9543,-12.9906,-1.5711,-0.2489,0.5500,0.5282
2.1459,-13.8720,0.4215,0.0947,0.6799,0.1117
-0.7281,-12.7223,0.1150,0.5913,0.6969,-0.4966
-2.9123,-10.3082,-1.3412,0.2574,0.4577,-0.8426
-3.7171,-7.5491,-2.1843,-0.0765,0.2246,-0.8912
-3.9470,-7.8940,-0.3066,-0.5391,0.2732,-0.7880
-2.5291,-9.1969,0.2299,-0.1991,0.0158,-0.7151
-1.5328,-8.8520,-0.1533,0.1311,-0.1967,-0.6144
-0.1150,-7.7024,-0.5748,0.1044,-0.2732,-0.7042
0.2299,-7.1276,0.0000,0.1202,-0.3752,-0.7418
0.3449,-7.1659,0.4982,0.1105,-0.3740,-0.6423
0.4215,-7.5874,0.6131,0.1433,-0.3120,-0.5670
-0.1916,-8.1239,1.6478,0.1688,-0.2598,-0.5039
-0.2299,-7.2809,0.8814,0.3570,-0.2125,-0.4055
0.3449,-6.8210,1.1113,0.2125,-0.0923,-0.2283
0.1533,-6.5911,1.0346,0.1044,0.0000,0.0000
-0.1150,-6.9360,1.2646,-0.0449,-0.0267,0.1263
-0.4982,-8.2772,2.2609,0.0971,-0.1348,0.1578
0.3066,-10.7680,1.5711,0.2246,-0.2295,0.2793
-0.3066,-11.8410,1.3412,0.2185,-0.1882,0.3047
0.0383,-12.4158,2.4525,0.0474,-0.0024,0.2234
1.7244,-13.2971,2.9890,-0.2343,-0.0425,-0.2173
0.7664,-10.8063,2.2226,-0.1979,0.0753,-0.3594
-0.8814,-9.7717,3.2955,-0.6714,0.0231,-0.2198
-1.4945,-10.9979,4.9433,-0.7431,-0.2683,-0.1068
-2.6441,-14.0252,-2.1076,-0.4080,-0.5233,-0.0813
0.6131,-15.2898,3.0656,-0.3132,-0.2975,-0.5561
5.0966,-11.2662,-2.7974,0.2015,-0.0243,-0.5403
3.4871,-11.0746,-4.4452,0.2258,0.1372,-0.4165
-1.2646,-10.4998,-3.2572,0.1554,-0.0194,-0.5245
-3.6404,-10.1166,-2.5291,-0.1578,-0.3254,-0.5367
-3.6787,-10.4998,-2.2992,0.0316,-0.2040,-0.3181
-2.0310,-10.8830,-0.7281,-0.1044,-0.1421,0.0583
1.0346,-9.8866,-0.4215,-0.0389,0.1797,0.4735
2.6824,-8.8520,-1.3412,-0.0668,0.3472,0.6884
2.6441,-9.1202,-0.7664,-0.3035,0.5269,0.8171
1.0346,-8.9670,-0.6898,-0.1433,0.6787,0.7273
-0.6514,-7.6641,-0.7281,0.0097,0.8244,0.6945
-1.2646,-7.4725,-0.5365,0.0704,0.7977,0.5427
-1.2263,-7.0509,-0.1150,0.0413,0.8742,0.4808
-1.2263,-7.9706,0.1533,-0.1554,0.8475,0.3861
-1.4945,-9.5801,1.4179,-0.1736,0.8985,0.4262
-2.0310,-8.3538,0.9197,0.0631,0.7649,0.3800
-2.2609,-8.7370,0.5748,-0.0571,0.6981,0.3096
-1.9927,-8.5454,0.8814,-0.1141,0.6010,0.1663
-1.8011,-7.8557,0.8814,-0.0680,0.5646,0.1190
-1.2646,-7.8557,1.5328,-0.1323,0.5099,0.0085
-0.9580,-9.1969,3.7937,0.0146,0.5804,-0.1068
-0.8047,-9.6950,3.9853,0.7673,0.6265,-0.2368
-2.2609,-9.5418,1.2263,1.0150,0.7018,-0.2683
-2.3759,-9.2735,-0.3066,0.5136,0.5609,-0.2574
-2.5291,-10.3848,1.6861,0.0170,0.4383,-0.1056
-3.8704,-11.6877,2.3759,-0.3145,0.2368,0.2149
-2.3759,-9.5801,1.7627,-0.3594,0.0826,0.1785
-2.6058,-9.6184,2.0693,-0.4759,0.1008,0.0328
-1.9543,-15.2898,-0.1150,-0.6119,0.1724,0.1918
-3.0273,-15.9796,3.1423,-0.3655,0.2550,0.7163
-4.1003,-11.1512,-0.8814,0.5719,0.2368,0.6641
-2.0693,-7.3192,-3.5255,0.4577,0.3630,0.5427
1.8011,-9.1586,-3.7171,0.2440,0.7625,0.6241
2.5291,-12.4924,-1.6095,0.1943,0.7261,0.6520
0.9963,-13.0289,-0.2682,0.3606,0.7066,0.3545
-1.8394,-12.8373,0.6131,0.4990,0.5901,-0.1700
-3.8704,-9.9633,-0.6514,0.5087,0.1044,-0.6095
-4.5984,-7.0126,-2.1459,-0.0498,-0.2125,-0.8123
-3.7937,-7.7024,0.3066,-0.7382,-0.2270,-0.7953
-2.4908,-9.5801,0.8430,-0.2768,-0.5087,-0.7734
-1.1113,-9.0819,-0.6898,0.0886,-0.7625,-0.6617
0.4598,-7.3958,-0.4215,-0.1821,-0.8888,-0.6617
1.0346,-6.8977,-0.3066,-0.0971,-0.9288,-0.6775
1.1879,-6.8210,0.2682,-0.0898,-0.8693,-0.6496
0.4215,-7.4341,0.6898,-0.2416,-0.7686,-0.5634
-0.2299,-8.5454,1.3795,-0.2647,-0.6896,-0.4881
-0.3832,-8.2005,0.5748,0.0121,-0.6326,-0.3315
0.2299,-8.2005,1.2263,-0.0983,-0.5306,-0.0728
0.6131,-7.6257,1.2646,0.0449,-0.4067,0.0413
0.0383,-7.6257,1.3795,0.1554,-0.3278,0.0838
-0.2299,-8.3538,2.4142,0.1469,-0.3448,0.1542
0.9580,-10.0016,1.0346,0.1967,-0.2926,0.1785
0.1916,-11.4961,0.7664,0.2865,-0.1797,0.2161
-0.1150,-12.5307,2.9890,0.0643,-0.0437,0.2088
-0.1150,-12.7223,2.6824,-0.0243,-0.0862,-0.0789
-1.2646,-11.0746,2.4142,-0.1663,-0.1493,-0.2780
-2.0310,-9.3502,2.6824,-0.4565,-0.3703,-0.1773
-1.6861,-10.8446,3.0656,-0.7831,-0.6605,-0.0898
-2.7207,-15.7113,-1.9543,-0.5549,-0.7576,-0.0522
2.0310,-17.4357,2.8357,-0.3788,-0.5585,-0.6459
5.3648,-11.6111,-4.4452,0.2878,-0.1943,-0.6083
2.7974,-8.4305,-3.1806,0.6241,-0.1372,-0.2040
-1.9927,-8.7370,-5.0200,0.3521,-0.3193,-0.1323
-4.6751,-10.0782,-1.5328,-0.1688,-0.4504,-0.2258
-3.7937,-11.3811,-0.4598,0.0219,-0.5889,-0.1166
-0.6514,-11.1512,-0.6514,0.0474,-0.4322,0.1700
1.3029,-8.5454,-1.8777,0.0255,-0.1263,0.5731
2.6824,-7.9706,-1.9160,-0.2720,0.0243,0.7212
2.3759,-10.0016,0.1916,-0.5743,0.0898,0.7528
-0.3066,-8.9286,-0.3449,-0.0437,0.2562,0.6872
-1.1879,-7.4725,-0.6131,0.0194,0.3606,0.7018
-1.0730,-7.5491,-0.0766,0.0316,0.3582,0.5864
-1.5711,-8.0856,0.2682,0.1275,0.3861,0.5063
-2.1076,-7.7790,0.0000,-0.0571,0.4602,0.4565
-1.2646,-8.1239,1.0346,-0.1554,0.3217,0.5160
-1.6861,-8.4305,1.1496,0.0376,0.2598,0.4456
-2.4525,-8.1239,0.8047,-0.0777,0.1676,0.2683
-2.0310,-7.3575,1.1879,-0.0911,0.1348,0.1736
-1.7627,-7.2809,1.2263,-0.1554,0.1275,0.1323
-1.4179,-9.0819,3.3722,-0.0109,0.1967,0.0522
-0.4982,-9.9250,3.1423,0.7807,0.3412,-0.0291
-1.5711,-9.1586,1.7627,1.2676,0.5524,-0.1724
-0.8047,-9.3502,-0.3449,0.7176,0.4662,-0.1724
-2.0693,-11.1129,2.4525,0.0352,0.4043,-0.0522
-3.3339,-11.4961,2.6824,-0.0959,0.2623,0.2161
-3.2955,-10.2698,2.2226,-0.2574,0.1433,0.3570
-2.4142,-8.4305,2.5675,-0.5536,0.0947,0.2137
-4.0236,-12.2625,3.0273,-0.5282,0.0498,0.0668
-2.0693,-16.4777,1.8011,-0.4165,0.2355,0.3072
-2.6441,-13.6037,0.7664,0.2052,0.1615,0.5014
-4.7900,-8.2772,-4.2152,0.6799,-0.0036,0.5354
-1.7244,-7.7024,-3.2572,0.3302,0.2489,0.7443
1.9543,-11.8793,-1.6478,0.1566,0.3752,0.9349

