-.-.-
9.6184,1.1496,1.2263,-0.1858,0.1809,0.3995
9.5801,0.9963,1.2263,-0.2829,0.3424,0.3970
9.3502,0.6514,0.8430,-0.3788,0.4444,0.3460
9.4268,0.3449,0.6131,-0.4529,0.4225,0.2647
9.3502,0.3449,0.6898,-0.4589,0.4371,0.1578
9.3885,0.3832,0.5748,-0.4881,0.5063,0.1068
9.8866,0.6131,0.3449,-0.6289,0.5439,0.1166
10.0399,0.0766,0.4982,-0.7091,0.6192,0.1930
9.5801,-0.4215,0.6898,-0.4383,0.7370,0.2780
9.0436,-0.5365,1.3795,0.0000,0.7977,0.2647
9.0436,-0.0766,1.9927,0.1372,0.7078,0.1918
9.4651,0.0000,2.2992,0.0935,0.6811,0.1190
9.6567,0.1533,2.4142,0.1833,0.7030,0.0656
9.6567,0.3449,2.4525,0.1809,0.7054,0.0619
9.3118,0.8047,2.6441,0.0049,0.7248,0.1105
9.3885,0.6898,2.7591,-0.1809,0.8353,0.1676
9.5801,0.1916,2.6058,-0.3145,0.9677,0.1858
9.2352,-0.3832,2.8357,-0.3181,0.9312,0.1748
9.1969,-0.4215,2.9890,-0.2440,0.8098,0.1858
9.2352,-0.5365,3.0273,-0.1833,0.8693,0.2052
9.2735,-0.5365,3.0273,-0.1153,0.9883,0.1930
9.1969,-0.5365,3.2189,-0.0959,1.1559,0.1421
9.1969,-0.6131,3.6021,-0.1421,1.2506,0.1166
9.2735,-0.2682,4.1003,-0.1032,1.3283,0.0911
8.8520,-0.1533,3.8704,-0.1032,1.2348,0.0571
8.0089,-0.3066,4.0620,-0.2319,1.0381,0.0364
7.3575,-0.6514,5.0966,-0.2975,0.9956,0.0121
7.2042,-0.8430,5.5181,-0.2914,0.9956,-0.0304
7.2042,-0.6898,5.6331,-0.2550,0.8912,-0.0595
7.4725,-0.9197,5.8247,-0.3230,0.7855,-0.0522
7.6641,-1.2646,5.7864,-0.3715,0.7831,0.0267
7.1276,-1.3795,5.2499,-0.2780,0.6229,0.0437
7.1659,-0.9963,5.3265,-0.0437,0.5998,-0.0085
7.1276,-0.8430,5.8630,-0.0971,0.8390,-0.0619
6.3229,-1.0346,6.0929,-0.1712,0.7491,-0.1178
6.6294,-1.2646,6.5528,-0.0376,0.5731,-0.1493
7.4725,-1.3795,7.0509,0.0522,0.7236,-0.1141
7.2809,-1.4562,6.4378,0.2501,0.6022,-0.0449
7.7407,-0.9963,5.6331,0.5027,0.3740,0.0182
8.1239,-0.3832,5.8247,0.4092,0.4772,0.0474
8.2389,-0.3066,5.7097,0.3132,0.3618,0.0656
8.2389,-0.4982,5.2882,0.3861,0.1591,0.0498
7.8940,-0.5748,5.4032,0.4699,0.3181,0.0401
7.7407,-1.0346,6.0929,0.5536,0.5306,0.0364
7.8557,-1.2263,6.2462,0.7200,0.7066,0.0777
8.5071,-1.4562,7.0126,0.9033,0.8450,0.1542
9.3118,-1.6861,7.5491,1.0235,1.0927,0.1870
9.4651,-1.2646,6.3995,1.2275,1.2566,0.1712
9.2352,0.3449,5.3265,1.2239,1.6221,0.1056
8.3538,1.7627,5.4032,0.8985,2.0252,0.0595
6.8977,2.3375,6.4761,0.6083,2.4441,0.0474
6.4378,2.1843,6.9360,0.5027,2.8690,0.1299
5.3648,1.6095,6.4761,0.4286,3.2551,0.2501
4.4068,1.3412,6.5145,0.2610,3.5174,0.3327
3.8704,1.1113,6.5528,0.1493,3.6631,0.3412
3.2955,0.9963,6.7827,0.0996,3.6971,0.2647
2.6441,1.1879,6.6677,0.0595,3.6789,0.1918
1.5328,1.4562,6.5528,-0.0862,3.6376,0.1226
-0.0766,1.2646,6.6294,-0.2671,3.3486,0.0923
-2.5291,0.8814,7.6641,-0.3910,2.7440,0.0595
-4.9816,0.4215,9.0053,-0.4905,1.7484,0.0741
-5.3648,0.1916,9.5034,-0.5318,0.7855,0.0656
-4.1386,0.1150,9.1202,-0.5852,0.2040,0.0170
-0.6898,0.3066,8.0089,-0.6581,-0.0121,-0.0559
0.7664,0.2299,7.1276,-0.6216,0.1081,-0.1554
0.7664,0.1533,7.7024,-0.4759,0.0255,-0.2246
0.4982,0.1916,9.3885,-0.4116,-0.4080,-0.2404
-0.7281,-0.7664,12.5307,-0.7661,-0.8220,-0.2368
-0.1533,-2.4142,15.7496,-1.4181,-1.1231,-0.0559
-1.0346,-2.2992,15.2515,-1.7848,-0.5804,0.1639
-1.6478,-2.4142,11.5344,-1.6452,-0.3582,0.3011
-1.1113,-2.9507,7.1659,-0.5779,-0.1141,0.1663
-0.9197,-1.5711,3.7171,0.5719,0.2598,0.0911
-1.1113,-0.3832,7.0126,0.3375,-0.0061,0.0741
-0.6898,-1.4562,11.0746,-0.4128,-0.0765,0.0583
-0.3066,-2.3759,10.9213,-0.4310,-0.0049,0.0097
0.1916,-1.1496,9.1969,0.0631,0.0243,-0.0146
0.2682,-0.7664,8.0473,0.0012,-0.1068,-0.0304
0.8430,-1.6095,8.3155,-0.3290,-0.1821,-0.0680
0.8814,-2.2226,9.0436,-0.2465,-0.1833,-0.1445
0.7664,-1.6478,8.9286,0.0352,-0.2586,-0.1991
1.1113,-1.0730,9.0436,0.1214,-0.2865,-0.2064
1.5328,-0.6898,9.1202,-0.0049,-0.2659,-0.1748
1.4562,-0.8047,9.0819,-0.1323,-0.1724,-0.1166
1.0730,-1.1113,9.2735,-0.1068,-0.1627,-0.0704
1.0346,-1.5328,9.0819,-0.1299,-0.2125,-0.0510
1.5328,-1.6478,9.3885,-0.1287,-0.2015,-0.0304
1.9927,-1.3029,9.3502,-0.0631,-0.1712,0.0061
2.3375,-1.0730,8.9670,-0.0704,-0.1700,0.0534
2.5675,-0.8430,9.1969,-0.1178,-0.1141,0.0765
2.4142,-1.4179,8.8520,-0.2283,-0.1287,0.0862
2.1843,-1.9160,8.5838,-0.2780,-0.0559,0.0668
1.9543,-2.4525,8.9670,-0.2574,0.0364,0.0461
1.8777,-2.6441,9.1586,-0.1797,0.1214,0.0522
1.8394,-2.6058,8.9286,-0.1263,0.1506,0.0716
1.8394,-2.4908,8.6604,-0.1578,0.2173,0.0692
1.7627,-2.5675,8.5838,-0.1299,0.2586,0.0571
1.6861,-2.4525,8.6987,-0.0728,0.2295,0.0595
1.5711,-2.4525,8.8137,-0.0728,0.2817,0.0680
1.0346,-2.4525,8.8903,-0.0413,0.3509,0.0498
0.5748,-2.2992,8.8520,-0.0049,0.3157,0.0267
0.6131,-2.2992,8.8137,0.0073,0.2028,0.0194
0.7281,-2.1843,8.9286,0.0255,0.2562,0.0170
0.9197,-2.0310,9.1202,0.0486,0.2137,-0.0061
0.9580,-1.6861,9.0053,0.0376,0.1858,-0.0267
1.1496,-1.3795,9.1202,0.0316,0.2088,-0.0243
1.1113,-1.4179,9.2352,0.0036,0.2829,-0.0364
0.2299,-1.7627,9.0436,-0.1008,0.2453,-0.0607
-0.2299,-2.4908,9.1202,-0.1166,0.1821,-0.0389
-0.0766,-2.4908,8.9286,-0.0474,0.0898,0.0036
0.4598,-2.4908,8.8903,0.0923,-0.0036,0.0134
0.9963,-2.2609,8.5071,0.1688,-0.0340,-0.0340
0.9963,-2.0310,8.6604,0.1882,-0.0134,-0.0789
1.2646,-1.9927,8.8903,0.2088,0.0534,-0.0898
1.3795,-1.8777,8.6987,0.3011,0.1518,-0.0728
1.5328,-1.6478,9.0819,0.3752,0.2453,-0.0413
1.4945,-1.3412,9.1969,0.3606,0.3205,-0.0219
1.1496,-1.0346,9.3502,0.3132,0.3302,-0.0061
0.4982,-1.1113,9.0436,0.1797,0.3145,0.0146
0.1150,-1.6478,9.1202,0.0510,0.2635,0.0389
0.0766,-2.0693,9.1202,0.0777,0.1773,0.0486
-0.0766,-1.8394,9.0053,0.1348,0.1238,0.0316
0.1916,-1.8777,9.0819,0.1748,0.0583,0.0109
0.2299,-1.2646,9.3118,0.1554,-0.0279,0.0000
0.6131,-1.2263,9.2352,0.0923,-0.0413,0.0097
0.8047,-1.0730,9.2735,0.0376,0.0449,0.0206
0.9580,-1.2646,9.4268,-0.0073,0.1323,0.0194
0.9197,-1.4179,9.5034,-0.0364,0.1275,0.0049

