-.-.-
0.8430,-8.6221,-2.2226,-0.2671,-0.0571,0.2416
2.4525,-9.0053,-1.4562,-0.1396,-0.0328,0.2865
3.0656,-9.0819,-1.7627,-0.0461,-0.0996,0.2647
1.9927,-9.0819,-2.5291,-0.1433,-0.1591,0.2817
0.4982,-8.5838,-2.8357,-0.3800,-0.1736,0.3885
0.3066,-8.6604,-2.2609,-0.4189,-0.2028,0.4395
1.3029,-8.8137,-2.4142,-0.1748,-0.2890,0.3752
1.4945,-8.5838,-2.8357,-0.0267,-0.3873,0.2380
0.9580,-8.7754,-2.9123,-0.0935,-0.4128,0.2113
0.6514,-9.1202,-2.4908,-0.1445,-0.3995,0.2963
1.1879,-9.2735,-1.8777,-0.1020,-0.4104,0.3606
1.7627,-9.6184,-1.6478,-0.0631,-0.3849,0.3157
1.7627,-9.9250,-1.3029,-0.0206,-0.2610,0.2198
1.4562,-10.0399,-1.7627,0.0121,-0.1991,0.2343
1.0346,-9.6184,-2.2226,-0.1445,-0.1287,0.3691
1.2263,-9.8866,-1.6861,-0.2586,-0.0607,0.3946
1.8777,-10.5764,-1.4179,-0.1833,-0.1008,0.3254
1.6478,-10.9979,-1.8394,-0.0789,-0.0741,0.1991
1.5711,-10.4231,-2.2609,0.0316,0.0534,0.0631
1.4179,-9.6567,-2.0693,0.1433,0.1967,-0.0085
1.4562,-8.9670,-2.1076,0.2064,0.2234,-0.0073
1.6861,-9.4268,-2.1843,0.1639,0.1591,-0.0134
2.1459,-11.1895,-4.2152,0.0850,0.0643,-0.0813
0.4982,-12.5307,-4.9816,-0.3375,-0.0656,-0.4104
-0.9580,-13.7953,-5.0966,-0.1408,-0.1882,-0.4747
-1.4562,-13.2588,-4.8284,0.2331,0.1979,-0.3400
-0.8814,-13.1822,-3.4871,0.7212,0.3230,-0.0291
-1.2263,-13.7570,-3.8320,0.8851,0.2659,0.0109
-1.3029,-14.7150,-2.8357,0.4735,0.0413,-0.2841
-0.9197,-13.9486,-2.3759,0.3715,-0.1275,-0.4602
-0.3832,-10.8063,-3.0656,0.5524,-0.1068,-0.3812
0.2299,-7.5108,-3.1806,0.5051,-0.0983,-0.1518
1.1496,-5.3648,-3.5638,0.2720,-0.2052,0.0741
2.0310,-5.9396,-4.2152,-0.4019,-0.2003,0.2198
1.7244,-9.6567,-3.8704,-1.2506,-0.0971,0.2283
1.2646,-11.8410,-2.9507,-0.8827,0.0716,0.1396
0.2682,-10.4231,-3.1423,0.0874,0.1882,0.0194
-0.6514,-9.0053,-2.7974,0.2113,0.2210,-0.0983
-0.8430,-9.5418,-2.4142,-0.1056,0.1506,-0.0789
-0.1150,-9.9250,-2.9507,-0.2270,0.0474,-0.0583
0.3066,-10.5764,-3.3339,-0.2914,-0.0498,-0.0753
0.5748,-11.3428,-2.7591,-0.2173,-0.0643,-0.1081
0.7281,-10.8830,-2.6058,-0.0389,-0.0389,-0.1336
0.7281,-9.7717,-3.1806,0.0049,0.0012,-0.1093
0.8814,-9.0053,-3.2955,-0.1360,0.0243,-0.1105
0.9197,-9.3885,-2.6824,-0.3011,0.0656,-0.1141
0.9580,-9.9250,-2.2226,-0.2355,0.1032,-0.1372
1.0346,-9.8483,-2.3375,-0.0461,0.1166,-0.2003
0.8430,-8.8137,-2.4908,0.0461,0.1748,-0.2999
1.2263,-7.9706,-2.5675,0.0364,0.3193,-0.3667
1.3795,-7.5491,-2.5291,-0.0340,0.4419,-0.3958
1.0730,-7.5874,-2.2609,-0.1724,0.5002,-0.3922
0.7281,-7.7407,-1.9543,-0.2295,0.5415,-0.3327
0.4982,-7.8940,-2.1459,-0.1506,0.5864,-0.2392
0.1150,-8.0089,-2.2226,-0.1578,0.4796,-0.1639
0.3832,-8.3921,-2.4525,-0.2610,0.3217,-0.1530
0.7281,-9.0819,-2.1076,-0.3035,0.2404,-0.1894
1.1496,-9.5801,-1.9160,-0.2817,0.2598,-0.2610
1.4945,-9.4268,-1.9927,-0.1214,0.2878,-0.2841
1.4945,-9.3502,-0.8814,0.1384,0.4007,-0.2319
1.2263,-9.6184,-0.5748,0.2052,0.4298,-0.2210
1.4179,-9.7717,-0.6898,0.0680,0.2380,-0.2841
1.3029,-9.6567,-1.3029,0.0061,0.0898,-0.3266
0.6898,-9.6567,-1.1879,-0.0583,0.0036,-0.2914
0.5365,-9.6184,-0.6898,-0.0061,0.0231,-0.1651
1.2646,-9.3502,-1.0346,0.0583,0.0206,-0.0753
1.9543,-10.4231,-1.9543,0.0474,0.1336,-0.0486
0.3449,-12.0326,-4.5601,-0.2574,0.3618,0.1700
1.6861,-13.5654,-6.0546,-0.8730,0.1663,0.5136
2.4908,-13.9869,-6.3229,-0.4857,-0.3023,0.5245
3.2955,-12.3008,-5.3265,0.2975,-0.7127,0.2307
3.6404,-11.0363,-4.2919,0.9604,-0.3667,-0.1724
2.3759,-10.8446,-4.9816,0.6726,-0.1214,-0.2015
1.3029,-12.5307,-3.2189,-0.1348,0.0024,0.0959
1.9927,-14.7916,-1.6861,-0.3679,-0.1457,0.3570
2.8740,-14.2552,-2.4908,0.0073,-0.4662,0.2938
2.7207,-11.8793,-3.4105,0.3825,-0.4905,0.0559
1.9160,-9.6567,-3.0273,0.3521,-0.2793,-0.1457
0.8430,-8.0473,-3.3339,0.1433,-0.0279,-0.1882
0.7664,-7.7024,-4.0620,-0.1809,0.0983,-0.0777
1.1879,-8.8137,-3.6787,-0.4492,0.0231,0.0546
1.5711,-9.8100,-3.1039,-0.3618,-0.1930,0.0838
1.6095,-9.0053,-2.8357,0.0097,-0.3825,-0.0267
1.8777,-8.3921,-3.0656,0.0850,-0.4201,-0.1214
2.1076,-8.5454,-2.6824,0.0097,-0.4055,-0.1336
2.4525,-8.9670,-2.5675,-0.0753,-0.3521,-0.0692
2.4525,-8.8137,-2.9507,-0.0340,-0.2562,0.0097
2.0693,-8.8903,-2.9123,-0.0656,-0.1299,0.0316
1.3029,-9.5418,-2.4908,-0.1663,-0.0838,0.0898
0.8047,-9.9633,-2.6058,-0.2113,-0.0911,0.1918
1.1113,-9.5801,-2.8357,-0.1251,-0.1930,0.1809
1.6861,-8.5071,-3.1806,-0.0012,-0.3047,0.0826
1.7244,-8.2389,-3.1806,0.0146,-0.2963,0.0316
1.6861,-8.6221,-2.7207,-0.0728,-0.2610,0.0886
1.9927,-9.4651,-1.6095,0.0267,-0.1906,0.2064
2.3375,-9.1586,-1.6861,0.1384,-0.1457,0.2890
1.9543,-8.7370,-2.4908,0.0097,-0.0656,0.2610
0.7664,-8.7754,-2.7591,-0.1639,-0.0886,0.2100
0.0383,-9.4651,-2.5675,-0.3400,-0.1930,0.2550
0.3832,-10.3848,-1.5328,-0.2283,-0.3290,0.3132
1.3412,-10.7680,-1.6478,0.0194,-0.3655,0.3096
1.5328,-10.5764,-2.3759,0.0389,-0.3363,0.2623
0.6131,-10.1932,-2.7974,-0.0862,-0.3679,0.2562
0.9963,-10.0399,-2.2609,-0.1202,-0.3691,0.2550
1.6478,-10.2315,-1.2263,0.0789,-0.3582,0.2064
1.8394,-10.3848,-1.3795,0.1263,-0.3557,0.1809
1.3795,-10.1932,-1.5711,0.0243,-0.3145,0.1991
0.6131,-9.6567,-1.9927,-0.0534,-0.2829,0.2343
0.4598,-9.5801,-1.8011,-0.1263,-0.2793,0.2064
0.8047,-9.9633,-1.4179,-0.1020,-0.3217,0.1433
1.6478,-10.1549,-2.1843,-0.0134,-0.3120,0.1044
2.6441,-10.9596,-3.3722,-0.0437,-0.2149,0.0352
2.7974,-12.3391,-3.2572,-0.4019,-0.1845,-0.1700
1.2646,-13.6420,-2.7207,-0.2987,-0.1821,-0.2671
0.0000,-11.8027,-4.5601,0.2817,0.0862,-0.0898
-0.0383,-9.2352,-4.2919,0.5002,0.1044,0.0826
0.5365,-9.5801,-4.0236,0.3217,-0.0619,0.0741
-0.0383,-13.0672,-4.4452,-0.2695,-0.1991,-0.1396
0.7664,-15.0599,-4.1003,-0.9446,-0.0097,-0.6131
1.0730,-12.6840,-4.5601,-0.1736,0.3655,-0.6726
0.9963,-9.0819,-4.7134,0.5099,0.6787,-0.3242
0.0766,-7.3575,-3.6404,0.3655,0.5767,0.1457
-1.2263,-8.3921,-2.8357,-0.1275,0.3557,0.4007
-1.2263,-9.9633,-2.8357,-0.5075,0.0546,0.4080
-0.8814,-10.3082,-3.0273,-0.4614,-0.1153,0.1967
-0.6131,-9.9250,-2.7974,-0.1833,-0.1202,0.0000
-0.3066,-9.5034,-2.7591,0.0267,-0.2198,-0.0085
0.0766,-9.0436,-3.1423,-0.0061,-0.3217,0.0316

