-.-.-
0.4215,-9.7717,-4.0620,-0.0413,0.0291,0.0049
0.1150,-9.6567,-3.9470,-0.0401,0.0364,0.0073
0.2682,-9.7334,-4.0236,-0.0595,0.0425,0.0097
0.2299,-9.7334,-4.1003,-0.0498,0.0413,0.0121
0.2299,-9.6184,-3.9853,-0.0643,0.0498,0.0134
0.1916,-9.8866,-4.0620,-0.0789,0.0583,0.0073
0.3449,-9.8100,-4.1003,-0.0801,0.0716,0.0024
0.3449,-9.7334,-4.2536,-0.0316,0.0801,0.0036
0.3449,-9.7334,-4.1003,-0.0340,0.0911,0.0036
0.3449,-10.0016,-3.5255,-0.0607,0.1129,-0.0182
0.1533,-9.6950,-3.9470,-0.0024,0.1008,0.0000
0.3066,-9.6184,-3.9470,-0.0559,0.0801,0.0073
0.1533,-9.6950,-3.8704,-0.0801,0.0461,0.0073
0.1150,-9.7334,-4.0620,-0.0559,0.0291,0.0036
0.1533,-9.6184,-4.1386,-0.0607,0.0243,-0.0036
0.0766,-9.7334,-3.9853,-0.0813,0.0121,-0.0097
0.0383,-9.8100,-4.0236,-0.0753,-0.0036,-0.0073
0.0766,-9.7334,-3.8704,-0.0583,-0.0012,-0.0085
0.1916,-9.6950,-4.0236,-0.0534,0.0243,-0.0158
0.1533,-9.7334,-4.1769,-0.0486,0.0279,-0.0243
0.0383,-9.7717,-4.2919,-0.0510,0.0134,-0.0231
0.0000,-9.7334,-4.0236,-0.0437,-0.0085,-0.0206
0.1150,-9.5801,-3.9853,-0.0522,-0.0073,-0.0182
0.0383,-9.7717,-3.9853,-0.0668,-0.0061,-0.0146
0.0766,-9.8100,-4.0236,-0.0656,-0.0121,-0.0146
0.0000,-9.7717,-4.0236,-0.0510,-0.0219,-0.0170
0.0383,-9.6950,-4.0236,-0.0486,-0.0316,-0.0170
0.1150,-9.6184,-4.1769,-0.0389,-0.0401,-0.0121
0.1533,-9.5801,-4.1769,-0.0546,-0.0546,-0.0134
0.1916,-9.6950,-4.0236,-0.1020,-0.0668,-0.0194
0.0383,-9.7717,-3.9853,-0.1068,-0.0631,-0.0158
0.3066,-9.6567,-4.4068,-0.0461,-0.0486,-0.0121
0.2299,-9.5034,-4.4068,-0.0826,-0.0231,-0.0073
0.2682,-9.6567,-4.1003,-0.1214,0.0097,-0.0085
0.0766,-9.5418,-4.2919,-0.1190,0.0170,-0.0036
0.1533,-9.7334,-4.0620,-0.1299,0.0279,0.0049
0.1916,-9.5801,-4.0236,-0.1311,0.0328,0.0049
0.1916,-9.7334,-4.1003,-0.1481,0.0510,0.0000
0.5365,-10.0399,-4.3302,-0.1663,0.0947,-0.0097
0.3449,-9.5801,-4.2152,-0.1421,0.1336,0.0000
0.3449,-9.6950,-4.1386,-0.1688,0.1153,0.0012
0.3066,-9.8483,-4.1003,-0.1700,0.0874,0.0049
0.3832,-9.7717,-3.9853,-0.1651,0.0850,0.0109
0.3832,-9.4651,-3.9853,-0.1481,0.1032,0.0158
0.6131,-9.3502,-4.1386,-0.1845,0.1408,0.0219
0.6514,-9.4651,-4.1003,-0.2295,0.1627,0.0279
0.4598,-9.6567,-4.3302,-0.2768,0.1506,0.0376
0.3832,-9.8866,-4.3302,-0.2853,0.1408,0.0352
0.2682,-10.0016,-4.3685,-0.2902,0.1238,0.0243
0.4982,-9.8483,-4.3685,-0.2501,0.1275,0.0231
0.4598,-9.6567,-4.4068,-0.2185,0.1542,0.0461
0.5748,-9.4651,-4.3685,-0.1943,0.1785,0.0449
0.4982,-9.3885,-4.7517,-0.2125,0.2137,0.0716
0.4982,-9.8100,-4.5601,-0.3145,0.2173,0.0971
0.0000,-10.0399,-4.5218,-0.3145,0.2161,0.1105
-0.5748,-9.8866,-4.9050,-0.2331,0.1214,0.1336
-0.8047,-9.2352,-5.1732,-0.2015,0.0097,0.1688
-0.6514,-8.5838,-5.0200,-0.2416,-0.0692,0.1542
0.0000,-9.0053,-5.0966,-0.3120,-0.0389,0.1214
-0.1150,-9.5801,-5.1349,-0.3023,-0.0316,0.0498
-0.4982,-9.7334,-5.0200,-0.2185,-0.0522,-0.0194
-0.5748,-9.4651,-4.9433,-0.1481,-0.0583,-0.0838
-0.3449,-9.0053,-4.9816,-0.0898,-0.0850,-0.0996
-0.3832,-9.3502,-5.0966,-0.1105,-0.0959,-0.1093
-0.3449,-9.7334,-4.9816,-0.1093,-0.0959,-0.1068
-0.3066,-9.3502,-5.0583,-0.0728,-0.0911,-0.0886
-0.0766,-9.0436,-5.2116,-0.0656,-0.0801,-0.0716
-0.1150,-9.1202,-5.2499,-0.0850,-0.0401,-0.0474
-0.3066,-9.1202,-5.3648,-0.0911,-0.0146,-0.0231
-0.1916,-9.5418,-5.2882,-0.0801,0.0000,-0.0170
-0.0766,-9.6184,-5.0583,-0.0546,0.0146,-0.0267
0.0000,-9.2352,-5.3648,-0.0389,0.0449,-0.0328
0.0766,-9.2735,-5.2499,-0.0522,0.0911,-0.0304
0.3066,-9.3885,-5.2499,-0.0571,0.1226,-0.0170
0.3066,-9.5801,-5.1732,-0.0680,0.1445,-0.0109
0.1916,-9.8100,-5.1349,-0.0668,0.1603,-0.0073
0.0383,-9.7717,-5.0966,-0.0267,0.1615,0.0049
0.2299,-9.5418,-4.9433,0.0024,0.1323,0.0219
0.0000,-9.2352,-5.0200,-0.0049,0.1238,0.0352
0.0383,-9.4268,-4.9433,-0.0049,0.1287,0.0461
0.1533,-9.1586,-5.1732,0.0389,0.1299,0.0291
0.0000,-9.2735,-4.9816,0.0049,0.1226,-0.0024
0.0766,-9.4651,-4.9050,0.0182,0.1153,-0.0279
0.0766,-9.5801,-4.8667,0.0291,0.0862,-0.0376
0.1150,-9.5418,-4.8667,0.0049,0.0522,-0.0340
0.2299,-9.5418,-4.7900,-0.0109,0.0413,-0.0304
0.2299,-9.4268,-4.9433,-0.0267,0.0352,-0.0219
0.3449,-9.4268,-4.8667,-0.0437,0.0364,-0.0073
0.2299,-9.4651,-4.6751,-0.0486,0.0449,-0.0024
0.1533,-9.4651,-4.8284,-0.0304,0.0461,-0.0073
0.2299,-9.3502,-4.8284,-0.0255,0.0413,-0.0121
0.1916,-9.3885,-4.9050,-0.0352,0.0498,-0.0182
0.2299,-9.3885,-4.7517,-0.0376,0.0559,-0.0219
0.1916,-9.3118,-4.9050,-0.0607,0.0546,-0.0255
0.1916,-9.3885,-4.4835,-0.0935,0.0546,-0.0255
0.1916,-9.4651,-4.4068,-0.1129,0.0498,-0.0121
0.2299,-9.6184,-4.7517,-0.1336,0.0206,0.0024
0.2682,-9.6950,-4.7517,-0.1311,0.0316,0.0085
0.3449,-9.4268,-4.7517,-0.1153,0.0255,0.0000
0.3066,-9.4651,-4.5984,-0.1918,0.0158,-0.0024
0.4982,-9.6950,-4.7517,-0.1736,0.0036,0.0061
0.3832,-9.6950,-4.7134,-0.1736,-0.0231,0.0036
0.3832,-9.7717,-4.7900,-0.1918,-0.0364,0.0049
0.4598,-9.4268,-4.8284,-0.1761,-0.0182,0.0061
0.5365,-9.1586,-4.9433,-0.1275,0.0267,0.0073
0.1916,-9.1586,-4.9050,-0.1943,0.0219,-0.0036
0.3066,-9.6184,-4.6751,-0.2015,0.0134,-0.0024
0.3832,-9.2735,-4.9050,-0.1700,0.0352,0.0085
0.4982,-9.1969,-4.9816,-0.1991,0.0340,0.0061
0.2682,-9.5418,-5.2116,-0.2550,0.0097,-0.0061
0.1150,-9.7334,-5.4798,-0.3132,-0.0182,-0.0255
0.0000,-9.5418,-5.2116,-0.2525,-0.0401,0.0000
0.1533,-9.4651,-5.0583,-0.2137,-0.0765,0.0352
0.2299,-9.3118,-5.4032,-0.1979,-0.0862,0.0668
0.3066,-9.1586,-5.7480,-0.2015,-0.0534,0.0704
0.1533,-9.0436,-5.8630,-0.1833,-0.0316,0.0413
0.0000,-9.0053,-5.9013,-0.1906,-0.0049,0.0194
-0.0766,-9.1586,-5.4032,-0.1481,0.0036,0.0134
-0.1916,-9.1202,-5.4798,-0.1153,-0.0012,0.0024
-0.1533,-9.0053,-5.6331,-0.1178,0.0146,-0.0134
-0.3066,-8.8137,-5.5181,-0.1105,0.0304,-0.0413
-0.2299,-9.0436,-5.3265,-0.1008,0.0219,-0.0728
-0.3066,-9.1586,-5.4032,-0.1214,-0.0121,-0.0777
-0.0383,-9.0819,-5.8247,-0.1372,-0.0267,-0.0643
-0.0383,-8.7754,-5.9780,-0.1056,-0.0182,-0.0389
-0.1150,-8.6987,-5.9013,-0.1360,0.0097,-0.0146
0.0383,-8.8137,-5.9396,-0.1457,0.0243,0.0000
0.0000,-9.1202,-5.8630,-0.1615,0.0243,0.0073

