-.-.-
6.8210,-1.4945,-3.7554,2.2304,0.2732,0.6435
6.6294,1.4945,-10.0399,2.4404,1.3307,0.0316
3.9470,-2.2226,-6.0546,1.7022,1.8261,-0.2987
0.8430,-10.3848,-0.3832,1.8552,2.0568,-1.1304
6.8210,-8.9286,-7.9323,2.3846,1.2724,-1.7726
-6.6677,-8.4688,-10.4998,0.0097,1.4351,-1.5407
0.0000,-13.8720,11.8027,-0.9604,-0.5051,-0.8463
-10.2315,-22.5707,-3.2189,-2.4465,0.3861,-0.0255
-4.1386,-21.2678,8.7370,-1.7132,-1.1510,0.5500
2.5291,-26.8242,0.8814,-2.4125,-0.1336,2.0094
5.6714,-24.5250,4.4835,-1.4606,-0.1967,1.9463
3.3722,-17.7040,1.4562,-0.9750,0.5609,1.8394
-1.4562,-9.4268,-0.0766,-0.0983,1.1316,1.9026
-6.5145,-3.3339,-2.0693,-1.2906,1.1522,1.9876
-4.3685,0.2299,-0.4598,-1.8710,0.5099,1.7909
1.3412,4.7900,-3.2189,-1.1704,0.3995,2.1818
1.0730,-4.0620,-3.8320,-1.7119,0.1493,1.3550
0.2682,-12.8756,5.0200,-0.7868,-0.2513,-0.4638
-1.4562,-4.1003,6.3612,3.1131,-0.2598,-0.3606
-2.6058,6.8210,-0.6131,3.3559,-0.4165,-0.0340
-3.6787,6.5528,-7.8940,1.2409,-0.8062,0.2489
4.5984,-2.0310,-2.6824,0.1566,-1.0454,0.3521
-13.6804,-10.6914,-6.3612,0.5379,-1.1292,0.5160
-4.4068,-19.9266,-12.7223,-0.0449,-2.4052,1.4813
-6.6677,-15.8263,22.1108,0.6411,0.4225,1.3526
-4.1386,-21.1911,-21.1145,-1.6160,-1.0660,-0.5804
6.0163,-26.3261,8.2005,-0.9021,0.3995,-0.3958
-6.4378,-29.5066,2.4525,-1.2239,1.1377,-1.2457
-8.4305,-22.1491,0.0000,-0.4407,0.1845,-1.5529
-4.6751,-19.0069,4.9816,-1.5662,0.8147,-1.5820
-1.6861,-13.0289,1.4945,-0.4286,0.5682,-2.3846
2.3375,-7.5108,-0.0383,-0.0401,0.6386,-2.1029
2.2226,-2.4908,0.4598,-0.4249,1.0891,-2.4246
-2.9123,2.4525,-2.9123,-0.5379,1.1085,-2.3761
-3.7554,3.2572,-5.1732,-0.5925,0.4298,-1.5553
1.6095,-4.2152,0.0000,-0.2926,0.7686,-0.2088
1.8394,-6.3995,3.9087,0.9215,0.6714,0.3400
4.7134,0.7664,-3.0273,2.7233,0.6253,-0.0279
3.9853,4.8284,-9.9633,2.8387,1.5225,-0.1044
-2.6441,-0.9197,-4.7517,1.0976,1.6622,-0.1773
0.1916,-10.2698,3.3339,1.7484,1.4460,-0.6435
10.3848,-11.4961,-11.6877,1.8686,1.5760,-1.5675
0.2682,-14.3318,-4.7900,-0.3181,0.3339,-1.1352
2.7591,-14.7150,7.5874,-0.2999,-0.3132,-1.3574
-10.3082,-20.5014,-5.0200,-1.4825,0.5998,-0.2841
-4.1386,-15.2898,7.5491,-0.8766,-1.5796,0.5269
-1.3412,-26.1728,-0.1533,-2.1988,-0.7358,1.5990
4.6368,-25.3297,5.4798,-1.6731,-1.1971,1.1996
4.6368,-19.7733,-0.0383,-0.4310,-0.1457,1.6075
0.4598,-13.2205,1.7627,-0.8390,-0.0134,1.3829
-4.9816,-6.7061,0.8047,-0.6775,0.3387,1.4606
-6.2079,0.1916,-0.6514,-0.6168,0.0121,1.5626
1.1879,7.5491,-3.4871,-0.5257,-0.5330,1.9560
0.9580,4.4452,-8.3538,-0.8244,-0.3715,1.8491
-3.4871,-13.9486,5.7097,-2.8447,-1.0187,-0.1797
-3.0656,-10.0399,5.6331,2.3227,-1.2700,-0.9045
-3.0656,4.0620,-4.0236,4.4219,-1.0235,-0.3254
0.1150,8.1239,-12.0709,2.2413,-1.1959,-0.2040
3.8704,-0.8814,-0.5748,0.3472,-1.1401,-0.1129
-4.8667,-10.2698,4.5984,1.2457,-1.0867,0.1845
-3.4871,-14.2935,-21.5360,1.3635,-2.9589,1.2979
-3.8320,-26.5560,12.2625,-0.0267,0.1323,1.0867
-3.2189,-16.4777,-10.4614,-1.1996,-1.1340,0.0692
6.2462,-22.9922,2.3759,-0.5282,0.5330,-0.8329
-4.7900,-21.5743,0.5748,-0.8062,0.9847,-1.6864
-9.7334,-22.4557,2.1459,-0.7018,0.2198,-1.6731
-6.7444,-23.2988,7.4341,-1.3963,0.0012,-1.2275
-2.4908,-16.8226,3.4488,0.1469,-0.6229,-1.8188
0.0383,-9.1969,1.1879,0.4298,-0.5961,-2.1235
3.0656,-6.7061,0.6898,-0.2708,-0.6763,-2.1187
0.3449,0.6514,-3.9470,-0.3837,-0.1663,-2.2061
-1.4562,3.4105,-0.9963,-1.5930,-0.1202,-1.4424
-0.4982,2.7591,-1.7627,-0.6641,-0.1251,-1.0090
2.0693,-4.1003,0.6898,-0.6532,-0.2283,-0.2695
2.2609,-6.1696,1.1496,0.4699,-0.0316,0.3169
5.0966,0.2299,-4.8284,2.5424,0.1797,0.2659
4.0236,2.4142,-10.1549,2.2486,1.2481,-0.0874
-0.2299,-2.6058,-5.4415,1.5322,1.4837,0.0437
-0.8814,-10.1166,3.2955,1.6670,1.3781,-0.5804
-5.1732,-12.5691,-16.5161,1.4023,0.9737,-1.3149
4.9050,-22.8006,14.7533,-1.9669,0.0947,-0.8548
-7.0126,-22.8389,-11.5344,-1.4643,-0.4942,-1.0636
-9.7717,-18.5854,5.8630,-0.5112,-1.5626,-0.1323
-0.0383,-25.5980,0.9963,-1.7969,-1.5990,1.3659
3.2955,-25.1381,3.6787,-1.3805,-1.7787,1.4266
6.8210,-20.2714,2.3375,-0.4298,-1.4800,1.2639
2.0310,-14.1785,1.9543,0.0911,-0.6180,1.1389
-2.6441,-10.4614,2.4525,0.0146,-0.5014,1.2518
-3.9470,-1.3412,-0.3066,0.3217,-0.6617,1.2530
-1.8394,8.6221,-4.4068,0.1372,-0.4650,1.7763
2.2992,7.2042,-4.9816,-0.9167,-0.4092,1.4521
-1.3029,-5.6714,-0.0383,-1.9074,-0.7188,-0.0656
2.1076,-11.4195,5.7864,0.6435,-1.0393,-1.1109
-3.9853,2.6441,-0.8814,2.9407,-0.5282,-0.8948
-1.7627,8.5838,-9.1202,2.3190,-0.6957,-0.5524
2.2226,1.7627,-5.9780,0.2635,-0.7880,-0.4942
-1.9543,-9.5034,5.4798,0.1700,-0.7710,-0.1967
-4.8284,-6.2462,4.8667,1.5650,-0.5743,0.1384
-13.2205,-6.5528,-39.0101,0.5245,-2.4538,0.8803
-7.0509,-34.0284,14.9449,-1.0005,-1.1729,1.3732
-0.7664,-38.2437,-5.0200,-0.9871,-1.0090,1.4120
4.5984,-21.5360,1.3029,2.4975,-1.4703,-1.0514
-6.0163,-19.5434,0.9963,-1.3064,-0.5318,-1.7022
-8.2005,-20.1565,2.4525,-1.5347,-1.2093,-0.8718
-3.7937,-19.5817,5.0200,-1.4667,-1.2566,-0.9835
0.5365,-16.0179,0.9963,-0.6277,-1.9560,-1.5298
1.1879,-11.9559,2.8357,-0.4844,-2.4623,-1.8431
2.3759,-6.2462,-1.6095,-0.7273,-2.0106,-1.9062
-1.6861,-0.4215,-1.2646,-0.8086,-1.6816,-1.6160
-1.5711,3.3722,-1.4562,0.1081,-1.2736,-0.8038
-1.0346,2.0693,-0.5365,0.0971,-1.0102,-0.4286
2.2226,-4.1769,3.0273,0.4784,-1.0903,0.0255
4.5218,-4.0620,-0.4598,2.1830,-0.8997,-0.3242
4.9816,-0.4598,-7.0893,3.4202,-0.0486,-0.4602
-0.5365,-0.0383,-6.4761,2.2134,0.2926,-0.2744
-2.1843,-5.3648,1.4562,1.4825,-0.1105,-0.5986
3.8704,-8.8520,-2.9890,1.9208,-0.3740,-0.4711
-2.9507,-13.2588,-25.7513,-0.4480,-0.1530,-0.0401
-2.6058,-26.7093,10.4998,-2.2656,-1.3137,-0.6216
-6.5528,-24.7549,-0.9963,-0.4152,-0.4966,-0.4650
2.9890,-17.6273,4.4835,-0.4152,-1.2846,1.1498
7.0126,-26.9009,2.2226,-2.0531,-1.0587,2.3821
-0.1533,-23.5287,4.7134,-0.6034,-1.1984,1.7192
-4.1386,-14.4851,1.7244,0.0959,-1.2664,1.6743
-7.1276,-7.8940,1.6095,-0.2501,-1.2882,1.3526
-3.2955,0.0383,-1.9160,-0.4274,-1.5456,2.0470
1.1879,3.9087,-2.3375,-1.6464,-1.3635,2.1515
3.2955,-0.8430,-4.2536,-1.7350,-1.2409,2.0920

