-.-.-
-0.1150,-9.3885,-1.4179,0.0498,0.0243,-0.0109
0.0000,-9.5418,-1.4945,0.0486,0.0182,-0.0134
0.0000,-9.4651,-1.4562,0.0461,0.0146,-0.0121
-0.1150,-9.2352,-1.5328,0.0498,0.0109,-0.0109
-0.0766,-9.3502,-1.4945,0.0389,0.0036,-0.0121
0.0000,-9.5801,-1.5328,0.0328,0.0036,-0.0121
-0.0383,-9.3885,-1.4945,0.0401,0.0049,-0.0109
-0.1150,-9.4268,-1.4945,0.0328,0.0049,-0.0097
0.0000,-9.5418,-1.4562,0.0316,-0.0049,-0.0097
-0.1150,-9.3885,-1.6861,0.0364,-0.0073,-0.0036
0.0000,-9.3502,-1.4945,0.0340,-0.0049,-0.0061
-0.0766,-9.4268,-1.4945,0.0401,-0.0109,-0.0073
0.0766,-9.5034,-1.3029,0.0437,-0.0109,-0.0097
-0.0766,-9.4651,-1.4562,0.0425,-0.0097,-0.0097
-0.0766,-9.4651,-1.6861,0.0474,-0.0170,-0.0085
0.0766,-9.5034,-1.3795,0.0510,-0.0291,-0.0085
0.0383,-9.4268,-1.5328,0.0425,-0.0194,-0.0073
0.0766,-9.4268,-1.6478,0.0486,-0.0134,-0.0073
0.0000,-9.3885,-1.3412,0.0352,-0.0061,-0.0097
-0.1150,-9.3502,-1.4179,0.0291,-0.0097,-0.0073
0.3449,-9.5418,-1.6861,0.0376,-0.0109,-0.0097
0.0000,-9.5034,-1.4945,0.0498,-0.0085,-0.0061
-0.0766,-9.5418,-1.6095,0.0522,-0.0085,-0.0073
-0.1533,-9.3502,-1.6095,0.0522,-0.0085,-0.0061
-0.0766,-9.3885,-1.4562,0.0461,0.0000,-0.0073
-0.1150,-9.3502,-1.4562,0.0425,-0.0036,-0.0085
-0.0766,-9.4268,-1.6095,0.0486,0.0024,-0.0109
0.0766,-9.5034,-1.4945,0.0437,0.0012,-0.0097
0.0000,-9.5034,-1.1496,0.0425,0.0049,-0.0097
-0.0766,-9.4268,-1.3412,0.0449,0.0085,-0.0097
-0.1150,-9.3885,-1.5328,0.0389,0.0109,-0.0134
0.0000,-9.4651,-1.5711,0.0243,0.0061,-0.0073
0.0766,-9.5034,-1.5711,0.0146,0.0085,-0.0073
-0.0766,-9.5418,-1.5328,0.0316,0.0231,-0.0085
-0.0383,-9.3885,-1.5328,0.0449,0.0231,-0.0109
-0.0383,-9.4651,-1.5711,0.0425,0.0231,-0.0121
-0.0766,-9.4651,-1.3412,0.0486,0.0243,-0.0109
-0.1533,-9.5801,-1.6478,0.0498,0.0170,-0.0146
-0.0383,-9.4268,-1.6478,0.0619,0.0109,-0.0121
-0.0766,-9.3502,-1.6478,0.0474,-0.0012,-0.0085
0.0000,-9.5418,-1.5711,0.0328,0.0012,-0.0073
0.0000,-9.5034,-1.5328,0.0474,0.0036,-0.0109
-0.0383,-9.3885,-1.6861,0.0546,0.0012,-0.0134
-0.1150,-9.4268,-1.4562,0.0461,-0.0012,-0.0109
-0.1150,-9.5418,-1.4179,0.0413,-0.0121,-0.0109
-0.0766,-9.5034,-1.4945,0.0449,-0.0012,-0.0109
0.0383,-9.4268,-1.5711,0.0437,0.0036,-0.0134
-0.1533,-9.4268,-1.5328,0.0474,-0.0109,-0.0109
0.0383,-9.3885,-1.7627,0.0364,0.0012,-0.0097
-0.1533,-9.3502,-1.5711,0.0340,0.0073,-0.0146
-0.0766,-9.3502,-1.8011,0.0134,0.0061,-0.0121
-0.1150,-9.3885,-1.6861,0.0000,0.0073,-0.0085
-0.0383,-9.4268,-1.6861,-0.0134,0.0085,-0.0097
0.0383,-9.5034,-1.7244,-0.0291,0.0146,-0.0109
0.0000,-9.3502,-1.8777,-0.0109,0.0194,-0.0121
-0.1150,-9.3118,-2.1459,-0.0146,0.0061,-0.0134
0.0383,-9.4651,-1.9160,-0.0316,0.0085,-0.0073
-0.1533,-9.1969,-1.9543,-0.0546,0.0085,-0.0036
-0.1150,-8.9670,-1.9927,-0.1251,0.0000,0.0024
-0.1533,-9.0053,-2.2609,-0.2270,-0.0146,0.0036
-0.1533,-9.0819,-2.3375,-0.3181,-0.0219,0.0024
-0.1533,-9.0819,-2.4908,-0.3679,-0.0304,-0.0024
-0.1916,-8.7370,-2.7591,-0.4019,-0.0595,-0.0097
-0.1150,-8.4688,-2.9507,-0.4310,-0.0886,-0.0206
-0.1150,-8.5454,-3.0656,-0.4529,-0.0959,-0.0304
-0.1533,-8.3538,-2.8357,-0.4274,-0.0813,-0.0486
-0.1533,-7.9706,-3.0656,-0.3861,-0.0874,-0.0801
-0.1150,-7.3575,-3.1039,-0.4007,-0.0789,-0.1153
0.0383,-7.4341,-2.5675,-0.4772,-0.0583,-0.1542
0.3832,-8.2005,-2.4525,-0.5294,0.0158,-0.1445
0.8047,-8.9286,-2.4525,-0.5439,0.1566,-0.1238
0.6514,-8.7370,-2.9123,-0.5694,0.1833,-0.0838
0.1150,-8.3921,-2.8357,-0.6144,0.1566,-0.0291
0.2682,-8.3155,-2.7974,-0.7455,0.1469,0.0134
0.2682,-8.5454,-3.0656,-0.7880,0.1433,0.0000
0.1533,-8.6604,-3.1039,-0.7382,0.1263,-0.0243
-0.0766,-8.8520,-3.2955,-0.7552,0.1493,-0.0316
-0.1150,-9.0436,-3.4488,-0.7103,0.1906,-0.0352
0.3449,-9.2735,-3.3722,-0.6216,0.2137,-0.0316
0.2682,-9.0819,-3.6404,-0.5172,0.2185,-0.0279
-0.0766,-8.6604,-3.6021,-0.4650,0.1603,-0.0328
-0.3449,-8.8520,-3.8320,-0.4759,0.0971,-0.0304
-0.1533,-9.0436,-3.9087,-0.5439,0.0983,-0.0231
0.1150,-9.2352,-3.8704,-0.5609,0.0813,-0.0134
0.4215,-9.0436,-4.4068,-0.4954,0.0425,-0.0036
0.0766,-8.6221,-4.3685,-0.4699,0.0158,0.0000
-0.0383,-8.5071,-4.1769,-0.4322,0.0267,-0.0036
-0.1150,-8.6221,-4.4835,-0.3934,0.0401,-0.0012
-0.0383,-8.3538,-4.5984,-0.4019,0.0267,0.0073
0.0383,-8.2389,-4.6368,-0.3910,-0.0109,0.0061
0.1533,-8.2772,-4.6368,-0.3740,-0.0182,0.0012
0.1916,-8.1622,-4.8667,-0.3837,0.0134,-0.0182
0.0766,-8.0473,-4.6751,-0.3606,0.0304,-0.0206
0.1916,-7.8557,-4.4452,-0.3363,0.0109,-0.0036
0.1916,-7.7024,-4.7134,-0.3448,0.0170,0.0231
0.3066,-7.8940,-4.9050,-0.3424,0.0097,0.0340
0.3066,-7.9323,-5.0583,-0.3230,0.0085,0.0316
0.4215,-8.0089,-4.9433,-0.3157,0.0170,0.0182
0.1533,-8.0856,-4.9433,-0.2744,0.0474,0.0146
0.0766,-7.6641,-5.1732,-0.2453,0.0680,0.0231
0.1150,-7.4341,-5.4798,-0.2853,0.0498,0.0340
0.0766,-7.4725,-5.3648,-0.3072,0.0340,0.0291
-0.0383,-7.6641,-5.2882,-0.2878,-0.0049,0.0279
0.0766,-7.8173,-5.5181,-0.2562,0.0121,0.0486
0.3449,-7.4725,-5.6714,-0.2149,0.0255,0.0741
0.5365,-7.2042,-5.8247,-0.2125,0.0036,0.0862
0.3449,-7.0509,-5.8247,-0.2428,0.0291,0.0850
0.1150,-7.3192,-5.8630,-0.2525,0.0498,0.0898
0.0000,-7.3192,-5.9013,-0.2210,0.0680,0.1008
0.0766,-7.3958,-6.2079,-0.1797,0.0716,0.1081
0.0383,-7.3192,-5.9396,-0.1578,0.0643,0.1056
-0.1533,-7.0509,-6.0546,-0.1603,0.0194,0.0996
-0.2682,-7.2809,-5.9013,-0.1748,-0.0097,0.0983
-0.1533,-7.2042,-6.2462,-0.1469,0.0012,0.0983
0.0383,-7.3192,-6.1696,-0.1251,-0.0352,0.0971
0.2682,-7.5108,-6.1696,-0.1153,-0.0328,0.0862
-0.0766,-7.2425,-6.3229,-0.0959,-0.0498,0.0656
-0.5365,-7.0893,-6.4378,-0.0983,-0.1068,0.0607
-0.3832,-7.3958,-6.2462,-0.0971,-0.1311,0.0692
-0.1916,-7.5874,-6.1696,-0.0255,-0.1214,0.0680
0.0383,-7.4341,-6.0546,0.0097,-0.1081,0.0643
0.3449,-7.4725,-6.0929,0.0146,-0.0474,0.0765
0.2299,-7.3192,-5.9396,0.0401,0.0049,0.0522
-0.0383,-7.0126,-6.0163,0.0510,0.0206,0.0352
-0.7664,-7.3575,-6.0163,0.0073,0.0243,0.0643
-0.5365,-7.7407,-5.8630,0.0692,0.0121,0.0801
-0.1150,-7.7024,-6.1313,0.1918,0.0073,0.0935
-0.0383,-7.7407,-6.5145,0.2234,0.0401,0.1020

