-.-.-
3.2572,-9.3502,-1.9543,0.5476,-0.6969,0.3557
5.3648,-12.3008,-1.9160,0.0206,-0.3825,0.0036
3.7937,-14.1019,0.4215,-0.0182,0.1348,-0.3400
0.2682,-11.9559,0.9963,0.8572,0.0874,-0.3060
-1.3029,-11.4961,-1.2263,0.3035,-0.5415,-0.1833
-0.4598,-14.4468,-3.4105,-0.2538,-0.6872,-0.1773
2.4525,-14.3318,-6.6677,-0.2659,-0.1991,-0.6423
1.4562,-9.4651,-4.8667,-0.0304,0.3825,-0.8924
-3.8704,-4.8284,-2.1843,0.3752,0.0231,-0.6666
-5.4798,-4.5984,-1.9160,0.4419,-0.9907,-0.2307
-3.1806,-9.0436,-1.7627,0.0097,-1.5043,-0.1129
0.1533,-11.6494,-3.0656,0.2878,-1.3623,0.0121
2.6058,-10.1166,-3.3339,0.2198,-0.5621,-0.0012
3.3722,-8.2772,-2.2992,0.0425,0.1396,0.1214
2.8740,-8.8903,-1.9543,-0.3582,0.5318,0.2926
0.9963,-9.4651,-1.7244,-0.5136,0.7333,0.5561
-0.2299,-9.3885,-1.8011,-0.4723,0.8973,0.7758
-0.4215,-8.3921,-1.9927,-0.4213,1.0612,0.7855
-0.4982,-7.5491,-1.4179,-0.3910,1.1704,0.6593
-0.7664,-7.1276,-1.1496,-0.4080,1.1437,0.5682
-1.4562,-7.2425,-0.9197,-0.4529,1.0830,0.4504
-1.3795,-8.0473,-0.4598,-0.4626,0.9385,0.3145
-1.3029,-8.5838,-0.0766,-0.3691,0.8353,0.1506
-1.4179,-8.3921,0.2682,-0.2015,0.7285,0.0012
-0.7281,-8.4305,-0.6898,-0.0765,0.5391,-0.1469
-0.1533,-9.3502,-1.5711,-0.1894,0.3995,-0.3436
-1.4562,-10.9213,-3.1423,-0.1651,0.0085,-0.4541
-1.5328,-12.5691,-3.9853,-0.0765,-0.1336,-0.4225
-0.8814,-15.1365,-0.1916,0.2683,0.0352,-0.1700
1.0346,-14.1402,1.5328,0.8924,0.0024,0.1700
2.2992,-12.1859,0.8047,0.8001,0.1688,0.2380
1.4179,-13.7187,-2.8357,-0.1287,0.4419,0.1785
-1.1113,-15.9796,-2.7207,-0.6508,0.6811,0.2331
-2.9123,-11.2279,-3.7554,0.3217,0.5403,0.3606
-1.9543,-4.2152,-3.7937,0.6933,0.6459,0.3302
-0.5365,-1.1879,-4.3685,0.1202,0.6034,0.2100
0.3449,-6.5911,-4.4452,-1.0114,0.3606,0.0643
0.0000,-13.5654,-2.5675,-1.0077,0.0328,-0.0607
-0.1916,-14.5234,-3.9470,-0.0291,-0.5621,-0.1202
-0.4982,-10.0016,-3.9470,0.8463,-0.8256,-0.1469
-1.1496,-7.0126,-2.8357,0.7285,-0.7491,-0.2902
-0.4598,-6.9743,-2.1076,-0.0813,-0.5160,-0.5524
0.3066,-8.6987,-1.3412,-0.5998,-0.4237,-0.7115
1.2263,-9.5801,-1.3029,-0.4954,-0.5561,-0.6362
1.9160,-8.4305,-1.0730,-0.2234,-0.5488,-0.5184
1.9927,-7.2809,-0.4215,-0.1408,-0.4104,-0.3387
1.6861,-6.8210,-0.3449,-0.2574,-0.3315,-0.1809
1.5711,-7.1659,-0.2299,-0.3861,-0.2100,-0.0668
1.3795,-7.7407,0.4215,-0.4067,-0.0886,0.0267
0.8814,-8.6987,0.8430,-0.2113,-0.1396,0.1336
0.9197,-9.3502,0.2299,0.1323,-0.2744,0.2525
2.1459,-9.1202,-1.6095,0.4929,-0.3060,0.3120
2.2609,-8.9670,-3.7171,0.4917,-0.1906,0.2756
1.3412,-13.5654,-1.3029,-0.0728,-0.3910,0.2088
0.6131,-17.1675,1.4945,0.1736,-0.1639,-0.1542
0.7664,-13.7187,0.9580,1.0502,-0.0704,-0.4286
0.4598,-11.7643,-1.0730,0.5476,-0.3278,-0.4104
1.7627,-14.2168,-4.5601,-0.6168,-0.3703,-0.4104
3.4488,-14.2935,-6.2462,-0.5087,0.2708,-0.5512
1.0730,-9.5418,-4.9050,-0.0728,0.3618,-0.6399
-3.3722,-3.8704,-2.8740,0.5719,-0.1008,-0.4517
-3.4488,-3.7171,-2.9890,0.6229,-0.6969,-0.1688
-1.8394,-9.1202,-2.4525,0.1141,-0.9033,-0.1166
0.6898,-11.8027,-2.3375,0.4747,-0.7783,0.0413
2.8357,-10.4998,-3.5255,0.3897,0.0061,0.0219
2.2992,-8.8520,-2.6824,0.1421,0.5160,0.1093
1.1113,-7.8940,-2.2992,-0.0049,0.6581,0.3363
0.3066,-8.2772,-1.8394,-0.2720,0.7018,0.5828
0.8814,-8.7754,-1.8394,-0.4978,0.9203,0.6083
0.5365,-8.8137,-1.4945,-0.5476,1.1680,0.5039
0.1150,-7.8940,-1.1113,-0.3387,1.3064,0.4116
-0.2299,-6.8210,-0.6898,-0.3497,1.3817,0.3679
-0.6131,-6.2462,-0.8047,-0.5488,1.3258,0.3120
-0.6131,-6.7061,-0.4598,-0.7734,1.2566,0.2088
-0.4215,-7.5108,0.0000,-0.9082,1.1024,0.0935
-0.2299,-7.7790,-0.8047,-0.7928,0.8718,0.0255
-0.2682,-8.8903,-1.2263,-0.5682,0.9325,-0.0898
-2.1843,-10.1549,-3.4488,-0.4201,0.6981,-0.2355
-3.1423,-13.0672,-3.7171,-0.1979,0.5427,-0.2744
-2.3759,-15.9029,-1.4179,0.3594,0.2635,-0.0437
0.3449,-14.7916,0.8814,1.2991,0.0061,0.2793
1.8011,-11.0746,-0.9580,1.5140,0.0158,0.3035
2.2226,-12.3008,-2.1459,0.2780,0.6144,0.3642
0.0000,-14.6384,-4.2536,-0.6277,0.6957,0.5731
-2.7591,-11.5727,-5.5948,0.2756,0.3351,0.9312
-1.4562,-7.1276,-4.1386,0.5427,0.3618,0.9604
1.7244,-6.9360,-4.5218,0.0862,0.6192,0.4504
1.3029,-9.8866,-4.3302,-0.1882,0.8948,-0.0486
-0.3449,-10.8446,-3.4105,-0.0255,0.6265,-0.2003
-1.4179,-9.2352,-3.9470,0.0194,0.2501,-0.2270
-1.6478,-8.7754,-3.1806,-0.1469,-0.1457,-0.3242
-1.0346,-8.6604,-2.3759,-0.2137,-0.2963,-0.5354
-0.3066,-8.1239,-2.3375,-0.1773,-0.3497,-0.7613
0.8047,-8.0856,-2.2609,-0.2598,-0.4444,-0.8560
1.2263,-7.8940,-2.1843,-0.3145,-0.5767,-0.8305
1.6095,-7.6641,-1.6478,-0.2659,-0.5682,-0.7078
1.4945,-7.0126,-1.4945,-0.1773,-0.4990,-0.6144
1.3795,-6.7827,-1.3029,-0.2222,-0.3922,-0.4674
1.9927,-7.1276,-0.5365,-0.3230,-0.3011,-0.3108
2.1459,-7.8557,-0.0766,-0.3181,-0.2793,-0.1821
1.8011,-9.3885,0.1916,-0.1469,-0.2307,-0.0182
1.1113,-9.8866,-0.6131,0.2064,-0.2525,0.2489
1.7627,-10.3848,-0.9580,0.6071,-0.2902,0.4225
2.4142,-10.8830,-2.1459,0.8803,-0.1056,0.2768
2.0693,-12.0326,-2.0310,0.4140,0.0401,0.0061
1.3795,-14.6767,1.2263,-0.0413,0.4092,-0.3472
-0.1533,-12.1092,2.5291,0.5415,0.5367,-0.3509
-1.6095,-9.4268,2.3375,0.2550,0.1493,-0.1311
-0.4598,-12.2625,-0.4982,-0.6374,-0.1348,-0.1275
2.2226,-13.7953,-4.9433,-0.9507,-0.2841,-0.3035
3.7554,-12.0326,-7.1659,-0.1882,-0.2987,-0.4541
1.3795,-8.5454,-7.8557,-0.1408,-0.1943,-0.7722
-2.9890,-9.1586,-4.1386,0.2999,-0.0425,-0.8317
-4.5601,-9.0053,-3.8320,0.8171,-0.2270,-0.4092
-0.5748,-7.6257,-4.2152,0.7576,-0.4553,-0.0121
3.3722,-8.1239,-2.6441,0.4152,-0.3715,0.3387
5.4032,-8.9286,-2.7207,-0.0765,-0.2513,0.6241
3.8704,-9.6950,-2.2992,-0.3023,0.1238,0.7248
1.1496,-9.0053,-2.1459,-0.1943,0.6581,0.7127
-0.8814,-7.6641,-2.0693,-0.0340,0.9883,0.6605
-0.9197,-7.1276,-1.8394,-0.1918,1.0527,0.5986
-0.8047,-7.4725,-1.6478,-0.3727,0.9495,0.5694
-0.6514,-7.7024,-1.6861,-0.4067,0.8900,0.5172
-0.4215,-7.7407,-1.1496,-0.3970,0.9592,0.4043
-0.6131,-7.4725,-0.4982,-0.4589,1.0041,0.2040
-1.4562,-7.2425,0.0383,-0.5184,0.9082,-0.0073
-1.8394,-8.6221,0.1916,-0.4468,0.7297,-0.1554
-1.6478,-10.8830,0.8430,-0.0534,0.5500,-0.2793

