-.-.-
1.2646,-8.6604,-1.4945,-0.0134,0.3861,-0.0534
1.9160,-8.4688,-1.7627,-0.0474,0.6520,-0.0267
1.8777,-9.3502,-0.5748,-0.0231,0.9118,0.0813
1.1496,-9.8100,0.0766,-0.0826,0.9118,0.2307
0.2299,-10.1932,0.6898,-0.1809,0.9082,0.2829
-0.1150,-10.9979,0.9197,-0.2963,0.7892,0.2307
0.1150,-11.7643,0.6898,-0.3302,0.6532,0.0983
0.2299,-11.8027,0.3832,-0.1566,0.5731,-0.0206
0.0000,-10.6914,0.4598,-0.0316,0.5573,-0.1056
0.1533,-10.1549,0.1150,-0.0231,0.5901,-0.1178
0.8430,-10.1166,-0.5365,0.0340,0.6447,-0.0510
1.1113,-10.8830,0.0000,0.1603,0.6399,0.0219
0.5748,-10.6914,0.1150,0.4553,0.5221,0.0486
-0.1916,-8.8903,-0.7281,0.6921,0.3691,0.0850
-0.9580,-7.2042,-1.3412,0.5621,0.1299,0.1275
-2.4142,-7.9706,-2.4142,0.2198,-0.1445,0.1348
-0.8814,-9.8100,-4.2536,-0.1906,-0.2793,0.2198
0.6514,-11.1895,-3.2189,0.0643,-0.1930,0.4092
0.8814,-10.5381,-0.9963,0.3873,-0.1202,0.5852
-1.5711,-11.0363,-0.2682,0.4067,-0.0170,0.7491
-2.6441,-10.7680,-0.2299,0.2890,-0.0741,0.8718
-2.2609,-10.8063,0.0000,0.2222,-0.1481,0.8863
-0.8814,-11.5344,-0.4215,0.2525,-0.2258,0.8948
-0.3066,-10.9213,-0.1533,0.5172,-0.1469,1.0150
-1.1879,-10.1166,0.7281,0.7431,-0.1384,1.0927
-2.3759,-9.6950,0.5365,0.6884,-0.2113,1.0733
-3.2955,-9.8483,0.8814,0.6059,-0.3315,1.0393
-3.2572,-9.7717,1.0730,0.5767,-0.4699,1.0199
-1.4945,-9.8866,1.4945,0.6556,-0.5913,0.9665
-0.6131,-9.2352,0.7281,0.8414,-0.4942,0.8851
-0.4982,-9.3885,1.0346,0.9616,-0.4201,0.8657
-1.4179,-8.6221,1.3029,1.0551,-0.3047,0.8766
-2.2609,-7.1659,1.5328,1.0187,-0.3145,0.8560
-3.2572,-6.6294,2.0310,0.5585,-0.3023,0.8098
-3.2955,-6.7061,1.6861,0.1360,-0.4140,0.7139
-2.8740,-8.0089,1.8394,-0.0983,-0.5184,0.6496
-2.5675,-7.9323,1.6478,0.0656,-0.4638,0.4990
-2.1843,-9.0436,2.2226,-0.0012,-0.3703,0.3825
-2.2992,-8.1622,2.1459,0.1894,-0.1166,0.3011
-2.4142,-7.7790,1.8777,0.1773,0.1238,0.2428
-2.1459,-7.5108,2.4908,-0.0024,0.4347,0.1967
-3.3339,-7.5874,1.5711,-0.1493,0.6763,0.1129
-4.8667,-9.9633,2.6824,-0.0898,0.8463,0.0097
-5.6331,-9.8483,3.4871,0.2064,0.9215,-0.0036
-6.2462,-7.3575,2.3375,0.2926,0.8135,0.0643
-4.8284,-8.3538,2.8740,0.2853,0.7953,0.1408
-3.3722,-8.2772,2.6824,0.4359,0.9240,-0.0109
-2.5291,-8.0089,0.6898,0.2744,1.1862,-0.2853
-3.6021,-9.5418,0.0000,-0.0231,1.4995,-0.4735
-5.2499,-12.1092,1.2263,0.2392,1.7484,-0.5415
-5.7480,-12.2625,2.0693,0.8025,1.8746,-0.6059
-4.8667,-9.6950,0.9963,0.8159,1.8589,-0.5828
-3.1039,-9.0436,0.2682,0.4055,1.7496,-0.6144
-2.6058,-9.7717,0.6131,0.1785,1.7994,-0.7771
-3.3339,-10.4998,0.3832,0.0498,1.8649,-0.9555
-4.9816,-13.0289,1.8011,0.1797,1.7362,-0.9980
-6.4761,-12.0709,2.0310,0.7576,1.2579,-1.0005
-3.3722,-11.3428,1.7627,0.9021,0.5998,-1.0988
2.3759,-11.1129,1.1879,1.0672,0.2878,-1.3708
3.9087,-11.6494,1.3029,1.0029,-0.0134,-1.7338
2.7207,-12.1475,2.4908,1.0041,-0.5330,-2.1284
2.4908,-12.3008,2.1459,1.0175,-0.8803,-2.3821
3.5255,-11.4578,1.4562,1.1134,-1.1073,-2.6335
3.9853,-11.0746,1.7627,1.1947,-1.2299,-2.6735
2.7974,-9.8866,1.5328,1.1219,-1.2360,-2.4611
3.1039,-9.0819,2.4525,0.9968,-1.1704,-2.1417
3.0273,-8.6987,3.1039,1.0915,-0.9118,-1.7884
3.2572,-7.7024,4.2919,1.0745,-0.8013,-1.4485
3.9853,-7.3192,4.1386,0.5087,-0.7625,-1.1971
3.4488,-8.0473,4.6751,0.2100,-0.5573,-1.0539
4.6751,-8.9670,3.8320,0.1481,-0.3315,-0.9106
3.8320,-8.9286,4.1769,0.4759,0.1469,-0.8693
3.7171,-8.8520,4.5601,0.7018,0.2453,-0.7321
3.8320,-9.6567,5.4798,0.7564,0.1991,-0.6714
4.1386,-8.8903,4.9433,0.8803,0.1688,-0.6059
4.6368,-8.3921,4.7517,0.8183,0.1445,-0.4747
4.8284,-7.8940,4.3685,0.7831,0.0146,-0.3618
4.8284,-8.3155,3.9087,0.6933,-0.0109,-0.4067
5.0966,-8.8520,4.7900,0.5597,0.0206,-0.4553
4.6368,-8.9670,4.4452,0.6641,-0.0219,-0.4650
3.5638,-8.6987,4.8667,0.7309,-0.0012,-0.4043
3.2955,-8.2389,5.1349,0.7783,-0.0971,-0.3497
2.9123,-8.0856,5.0966,0.7491,-0.2416,-0.2950
3.1423,-8.0089,5.0200,0.7649,-0.3193,-0.2914
2.9123,-7.8940,5.4415,0.8086,-0.3606,-0.3132
3.1806,-7.6641,5.7097,0.9033,-0.3800,-0.2987
4.2536,-7.0509,5.9396,0.9227,-0.3812,-0.2841
4.0620,-7.5108,6.0929,0.9142,-0.2999,-0.2708
3.7554,-7.7407,6.0546,0.9592,-0.2963,-0.1603
4.1769,-7.5874,6.5528,1.0575,-0.2744,-0.0765
4.6368,-6.9743,6.5528,1.1328,-0.1809,-0.0085
5.4032,-6.6294,6.3995,1.1959,-0.0498,0.0862
6.9360,-5.9780,6.3995,1.2603,0.0680,0.1360
6.8977,-5.5181,6.0929,1.1437,0.2428,0.1518
7.1276,-5.6714,6.4761,1.0830,0.3436,0.2465
6.8210,-5.0583,6.8210,1.1207,0.4019,0.3788
6.1696,-4.9050,7.0509,1.0684,0.4359,0.5354
6.2462,-5.0966,6.8210,0.8900,0.3679,0.6520
5.4032,-5.2499,7.2042,0.7042,0.3885,0.6204
4.5218,-4.8667,6.9743,0.5330,0.4383,0.5949
4.2919,-4.6368,6.8210,0.3715,0.5172,0.6350
3.9087,-4.4452,7.2042,0.2258,0.5427,0.7212
3.5638,-4.9816,7.1659,0.0692,0.6751,0.8535
3.1423,-5.9013,7.1276,-0.2015,0.7406,0.9337
1.6095,-7.2425,7.7407,-0.2659,0.8414,1.0344
1.8394,-7.7790,7.5491,-0.1020,0.9300,0.9907
1.3795,-7.3192,7.4341,-0.0279,1.0162,0.8681
0.9963,-7.7407,8.3538,0.0619,1.0782,0.7977
1.3412,-7.1659,8.2389,0.1833,1.0466,0.7297
1.0346,-6.9360,8.1622,0.1481,1.1850,0.6653
-0.0383,-6.2079,8.0089,0.1676,1.1935,0.5974
-0.0766,-5.0200,7.6257,0.1105,1.1729,0.5816
0.9580,-6.0929,7.8173,-0.1639,1.1146,0.5901
0.5365,-5.9396,7.4725,-0.0255,1.2044,0.5306
0.3832,-5.6331,6.8593,-0.0134,1.0842,0.4262
0.4598,-6.0929,6.7061,-0.0619,0.9531,0.2914
0.9197,-6.8593,6.9360,-0.0206,0.7115,0.0874
0.9963,-7.3575,6.6677,-0.0182,0.4140,-0.1542
1.6095,-7.4725,5.9013,-0.0182,-0.0049,-0.4201
5.5181,-8.8137,5.2499,-0.0437,-0.4310,-0.6204
2.8740,-9.8100,6.5911,0.3351,-0.2732,-0.5816
1.6478,-8.0089,7.4725,0.8620,-0.2999,-0.3557
1.4179,-6.1313,8.0473,0.8353,-0.2392,-0.1506
1.1879,-5.7864,8.3538,0.6508,-0.1421,-0.1068
0.7664,-5.2116,8.2389,0.5451,-0.0716,-0.2076
0.2682,-5.5564,8.5071,0.4444,-0.0850,-0.2756
0.4598,-5.6714,9.1586,0.3679,-0.0631,-0.2440
0.3832,-5.0583,9.4651,0.3363,-0.0255,-0.2331

