-.-.-
1.4945,-5.7864,-3.7937,0.1603,0.1336,-0.5901
2.4142,-6.5911,-3.8704,-0.0510,0.0571,-0.5743
3.0273,-7.8940,-3.5638,-0.0947,-0.0728,-0.5464
3.7937,-9.1969,-3.1806,0.2440,-0.1773,-0.5330
4.1769,-9.9250,-3.3722,0.6229,-0.2513,-0.5148
3.3339,-10.0399,-3.3339,0.6435,-0.2574,-0.4055
2.1459,-10.3848,-3.4488,0.4128,-0.3958,-0.1894
1.0346,-10.6530,-3.9470,0.0607,-0.5379,0.0219
1.1496,-12.3391,-3.7937,-0.0959,-0.7552,0.1214
2.2226,-13.9869,-5.0200,0.0522,-0.8171,-0.1542
3.7171,-11.6111,-7.8940,0.0619,-0.5913,-0.3412
2.7974,-8.5838,-8.2772,-0.2683,-0.4201,0.1506
2.0693,-8.9670,-5.6331,-0.3169,-0.5925,0.5306
1.8394,-7.4341,-5.0966,-0.0813,-0.6301,0.6216
1.8011,-5.5948,-5.0966,0.0146,-0.4140,0.7588
1.3412,-5.0200,-4.9816,-0.1081,-0.2623,0.8159
0.8430,-5.3648,-5.4798,-0.4165,-0.1906,0.7649
0.0766,-6.4378,-6.0929,-0.7078,-0.2222,0.5573
-0.3066,-7.8173,-6.4761,-0.6374,-0.1918,0.2100
0.0766,-8.8137,-6.1313,-0.1469,-0.0935,-0.0813
0.0000,-9.0436,-5.4032,0.4747,-0.1955,-0.1020
-0.0766,-8.6221,-4.3685,0.8293,-0.3472,0.0316
0.0000,-7.5491,-3.4871,0.7248,-0.4371,0.1676
0.4982,-7.3958,-3.4488,0.3254,-0.4517,0.1870
1.2646,-7.7024,-3.6404,0.0376,-0.3642,0.1348
1.6478,-7.8557,-4.7517,0.0085,-0.1845,0.1178
1.6095,-7.9323,-5.4798,0.0656,0.0279,0.1712
1.2646,-8.2005,-5.5948,0.1785,0.1591,0.2513
0.6514,-7.8557,-4.9816,0.4614,0.2538,0.3497
0.5365,-7.7407,-3.9087,0.6253,0.2404,0.5099
0.4215,-7.9323,-3.1039,0.6374,0.1627,0.6690
0.4982,-7.7407,-2.7974,0.5974,0.0850,0.6811
0.1916,-7.5874,-2.9123,0.5391,0.0692,0.6168
-0.0383,-7.0126,-2.8357,0.5099,0.0923,0.5791
0.0000,-6.7827,-2.9123,0.4286,0.0971,0.5864
-0.1533,-6.4761,-2.9890,0.2829,0.0486,0.5828
-0.4215,-6.4378,-2.9507,0.1736,-0.0546,0.5184
-0.5365,-6.6677,-2.5291,0.2003,-0.1396,0.4043
-0.9963,-6.3229,-2.4142,0.2647,-0.1700,0.2938
-1.1879,-6.4378,-2.5291,0.1918,-0.1263,0.2173
-0.9197,-7.3575,-3.0273,-0.0826,-0.0559,0.1676
-0.5748,-8.6604,-3.5638,-0.4322,0.0085,0.1372
-0.3832,-9.6950,-3.6021,-0.5901,0.1178,0.0304
-0.3832,-10.0399,-3.4488,-0.5051,0.2465,-0.0874
-0.9963,-10.6914,-3.1423,-0.3205,0.3193,-0.0874
-1.7244,-12.5307,-2.7207,0.0000,0.1773,0.1153
-2.5291,-13.4504,-4.4835,0.5318,-0.2841,0.3922
-2.1843,-10.8063,-8.5454,0.1166,-0.5864,0.3448
-1.9543,-11.1512,-7.4725,-0.7103,-0.1918,0.2829
-1.0730,-13.4121,-6.1696,-0.7722,-0.0364,0.2768
0.1150,-12.3775,-6.3229,-0.6872,-0.2975,0.0692
0.0383,-11.1512,-5.9780,-0.8875,-0.4808,-0.1603
0.0383,-10.6530,-5.4415,-1.1219,-0.3339,-0.4286
-0.1916,-9.5034,-5.2116,-1.0175,0.1481,-0.6763
-0.5365,-7.4341,-5.6331,-0.5986,0.6399,-0.7261
0.0000,-5.6714,-6.3229,-0.1845,0.8329,-0.6374
0.3066,-5.0583,-6.6677,-0.1542,0.7601,-0.4942
0.9963,-5.4032,-6.6294,-0.1323,0.6872,-0.2926
0.7664,-6.5528,-6.3612,0.0376,0.6253,-0.1032
0.0000,-7.8557,-5.2499,0.2380,0.5743,-0.0449
-0.1150,-8.9286,-4.7517,0.3412,0.5658,-0.1348
0.0383,-8.9286,-4.9816,0.3897,0.6107,-0.2562
0.0000,-7.9323,-5.0200,0.3412,0.6496,-0.3630
0.0000,-6.8210,-5.0200,0.2780,0.4808,-0.3351
0.1533,-6.7444,-4.9816,0.4128,0.2477,-0.2586
0.3832,-7.0126,-4.8284,0.6484,0.2234,-0.2574
0.2682,-7.3575,-4.4452,0.7406,0.3460,-0.3800
0.3832,-7.5108,-4.5218,0.6993,0.4529,-0.6071
0.1533,-7.2042,-4.1003,0.6107,0.4711,-0.8025
0.1150,-6.3229,-3.7937,0.5889,0.3290,-0.8523
0.3449,-6.2462,-3.3339,0.6022,0.1396,-0.7880
0.5748,-6.1313,-3.0656,0.5791,0.0097,-0.7018
0.9580,-6.0929,-2.9890,0.5184,-0.1141,-0.6301
1.1879,-5.5948,-3.1423,0.4104,-0.1930,-0.5439
1.7627,-6.0546,-3.1423,0.2210,-0.2671,-0.4699
2.1843,-6.8977,-3.2189,0.0328,-0.3533,-0.4674
2.3759,-7.8557,-3.6787,-0.0425,-0.3800,-0.4869
1.8777,-8.7370,-3.5638,-0.0461,-0.3982,-0.4419
1.4179,-9.8483,-3.0656,0.0559,-0.4237,-0.3545
1.2263,-10.0399,-2.9123,0.2064,-0.4747,-0.2501
1.2646,-10.9596,-2.6441,0.3315,-0.6423,-0.1336
2.6058,-12.0326,-3.6787,0.4395,-0.7394,-0.1676
3.4105,-12.0709,-7.1659,0.2902,-0.5014,-0.3424
2.4908,-9.3502,-10.0016,-0.4942,-0.2064,0.1676
1.0730,-9.5801,-7.7407,-0.7528,-0.3606,0.6046
1.1496,-8.7754,-6.0929,-0.1263,-0.4832,0.6678
1.1879,-6.6294,-5.3648,0.2283,-0.2210,0.5694
1.4945,-5.7864,-4.6368,0.1008,0.1178,0.5269
1.0730,-5.8247,-5.0583,-0.1918,0.2283,0.5039
1.2263,-6.4761,-6.5528,-0.6119,0.0886,0.3497
0.4215,-7.5108,-6.7061,-0.6872,-0.0935,0.1833
0.1533,-8.4305,-6.1696,-0.3582,-0.2392,0.1578
0.4982,-8.8137,-5.6331,0.1773,-0.3509,0.1530
0.3449,-8.5071,-4.6751,0.5269,-0.3351,0.1481
0.5365,-8.2772,-4.0236,0.4565,-0.2538,0.1736
0.7664,-8.3538,-3.9470,0.3339,-0.1542,0.2198
1.1879,-8.5838,-4.5218,0.2950,-0.0656,0.2598
1.5711,-8.2772,-5.2116,0.2902,0.0486,0.2623
1.6861,-8.2389,-5.4415,0.2732,0.2732,0.2513
1.1113,-8.3538,-5.0583,0.3472,0.4262,0.3217
0.6514,-8.7370,-4.4068,0.5136,0.4553,0.3922
0.4598,-8.3155,-3.8320,0.5925,0.3982,0.4468
0.3832,-7.8557,-3.5255,0.5245,0.3448,0.4966
0.6514,-7.5491,-2.9890,0.4237,0.3181,0.5536
1.1496,-7.3575,-2.9123,0.4225,0.3145,0.6010
0.9197,-6.9360,-2.8357,0.4213,0.3242,0.6532
0.7281,-6.9743,-2.8357,0.4310,0.3096,0.7212
0.1533,-7.0893,-2.6441,0.4626,0.2586,0.7552
-0.1533,-7.3575,-2.6058,0.4844,0.1833,0.7346
-0.8814,-7.3192,-2.4908,0.4165,0.0935,0.6763
-1.3412,-7.1276,-2.3759,0.3363,0.0316,0.5901
-1.4562,-6.8977,-2.3759,0.2064,-0.0134,0.4638
-1.1113,-7.0509,-2.2992,-0.0182,-0.0279,0.3582
-0.4982,-7.5491,-2.4142,-0.1845,-0.0401,0.2841
-0.1916,-8.1622,-2.4525,-0.2525,-0.0546,0.2307
-0.3066,-9.0436,-3.2572,-0.3181,-0.1020,0.1433
-0.9963,-10.0016,-3.6021,-0.4165,-0.1542,0.0838
-1.3029,-11.5344,-3.7554,-0.4334,-0.1773,0.0996
-2.0693,-12.9906,-3.6404,-0.1506,-0.1627,0.1591
-2.9890,-13.0672,-5.3265,0.2368,-0.2914,0.2683
-2.8357,-11.5727,-7.3575,0.0777,-0.4189,0.2914
-1.2646,-11.4961,-7.3575,-0.5779,-0.2331,0.2064
0.8814,-12.2625,-6.9743,-0.8001,-0.1833,0.0656
1.6478,-10.7297,-6.2079,-0.7030,-0.1797,-0.1445
0.7281,-9.3502,-5.6714,-0.7115,-0.1251,-0.2829
0.4598,-8.9286,-5.0966,-1.0320,-0.0498,-0.3278
-0.1150,-8.5071,-4.9433,-1.1061,0.1469,-0.4262
-0.8430,-7.3575,-5.7097,-0.6751,0.4541,-0.4747

