-.-.-
-1.0730,-9.6567,1.9160,0.5184,-0.4080,0.5864
-1.4562,-9.8483,2.1843,0.4322,-0.4844,0.6520
-1.7627,-10.4231,2.3759,0.4128,-0.5415,0.6921
-1.7244,-10.9979,2.2609,0.5221,-0.6083,0.6957
-1.3029,-10.9213,2.2226,0.5160,-0.6641,0.6022
-1.4945,-9.1202,1.7627,0.6216,-0.7078,0.5913
-0.8047,-8.3538,1.8011,0.5913,-0.7382,0.6241
-0.7664,-9.8483,2.1459,0.4165,-0.7236,0.6156
-1.1879,-9.9633,2.2226,0.4249,-0.5828,0.5925
-2.0310,-9.3502,2.1843,0.4954,-0.5573,0.5694
-2.5291,-8.4305,2.0310,0.4844,-0.5488,0.5524
-2.1459,-8.2772,2.0693,0.2975,-0.5864,0.5112
-1.7627,-8.4688,2.1843,0.1578,-0.5974,0.4334
-1.5711,-8.8137,2.2992,0.0279,-0.5961,0.3655
-1.5711,-8.6604,2.0310,-0.0097,-0.5536,0.3181
-1.5328,-8.8520,2.2992,-0.0352,-0.4201,0.2477
-1.4562,-9.0053,3.0656,-0.1202,-0.2926,0.1688
-1.5328,-9.2352,3.0656,-0.1967,-0.2100,0.0692
-1.9160,-9.7717,2.7974,-0.2465,-0.1542,-0.0097
-1.7244,-9.8100,3.4488,-0.1153,-0.1032,-0.0631
-2.1843,-9.1202,3.4488,-0.0304,0.0194,-0.1008
-2.4908,-9.3118,3.5255,-0.1190,0.0947,-0.1178
-2.6441,-9.1586,3.4105,-0.1044,0.1287,-0.0947
-2.7974,-9.1969,3.7937,-0.0838,0.1858,-0.0777
-2.9123,-9.3118,3.2189,-0.1299,0.1991,-0.0850
-2.5675,-9.8100,2.7974,-0.1591,0.2392,-0.1821
-3.4105,-9.3885,2.1459,-0.1930,0.3327,-0.1676
-2.2609,-10.4998,2.2226,-0.1797,0.4225,-0.1336
-1.4179,-10.9213,2.6824,0.0170,0.6386,-0.1603
-0.5748,-10.4231,2.5291,0.2307,0.9203,-0.1408
-0.9963,-9.6184,2.1843,0.2088,1.1559,-0.1238
-1.7627,-9.2352,2.1843,0.0971,1.3210,-0.1396
-2.8740,-8.7754,1.9927,-0.0304,1.4958,-0.2149
-3.2189,-8.7754,1.1113,-0.2113,1.5068,-0.2659
-3.6404,-9.2352,1.0730,-0.2501,1.4375,-0.2161
-3.9853,-8.8903,0.7664,-0.2392,1.3088,-0.1068
-3.5638,-9.3502,1.5711,-0.2428,1.1219,-0.0680
-2.8740,-9.5034,0.9963,-0.2950,1.0114,-0.1530
-2.3375,-9.8866,0.0383,-0.4177,0.8997,-0.2161
-1.9927,-10.4231,0.6514,-0.2635,0.8402,-0.1761
-1.6861,-9.3502,0.6131,-0.1372,0.8038,-0.0983
-1.1496,-9.3118,-0.1916,-0.2598,0.7528,-0.0692
-1.0730,-9.9633,-0.4982,-0.3339,0.8232,-0.1153
-1.9160,-9.9633,-0.0383,-0.2586,0.8936,-0.1603
-1.8777,-9.9250,0.1533,-0.1712,0.8718,-0.1761
-1.4562,-10.8830,0.7281,-0.0425,0.9519,-0.1773
-0.8430,-10.5764,0.4215,0.2525,1.0442,-0.1518
-1.6478,-9.8866,0.4215,0.2453,1.0903,-0.1129
-1.9927,-10.1549,1.2263,0.2355,1.1401,-0.1433
-2.4142,-10.3082,1.1113,0.2331,1.1801,-0.2113
-2.6824,-10.5764,1.3412,0.3096,1.1049,-0.2586
-1.1496,-10.6147,0.9963,0.5573,1.0320,-0.3072
0.5748,-10.4614,1.3412,0.7892,1.0478,-0.4687
0.5748,-10.0782,1.4945,0.8912,1.0272,-0.7103
0.9197,-9.6567,1.9160,0.8548,0.8803,-0.9009
1.1879,-10.6530,1.9543,0.8414,0.7236,-1.0867
1.2646,-11.0363,1.4562,0.9312,0.6265,-1.2239
1.6861,-10.3082,1.8011,1.3052,0.5840,-1.3283
1.8394,-10.2315,2.4525,1.5553,0.4772,-1.4218
2.3375,-9.9633,2.9123,1.6488,0.5087,-1.4970
2.4142,-10.0016,3.1039,1.7047,0.4055,-1.5068
2.3375,-10.9213,3.6787,1.7302,0.3594,-1.5189
2.3759,-10.9979,3.6787,1.6804,0.3205,-1.5007
2.4142,-10.6530,4.1769,1.4873,0.3727,-1.3914
3.0273,-10.4998,4.9050,1.4145,0.2513,-1.2433
3.2189,-9.6950,4.7900,1.1704,0.3521,-1.1899
3.2189,-9.4651,4.7134,0.8948,0.3970,-1.1146
1.8394,-8.5071,5.4415,0.8657,0.4687,-1.0041
0.2682,-6.8977,5.9013,0.4286,0.4614,-0.8657
-0.5748,-6.5911,6.6677,0.1093,0.5852,-0.5354
0.1916,-8.1239,7.1659,0.2125,0.5354,-0.3400
0.8430,-8.2772,7.2425,0.4747,0.4954,-0.2683
0.9197,-7.7407,7.5491,0.6350,0.4152,-0.2088
1.0346,-8.6604,7.3958,0.6192,0.4104,-0.1518
0.3449,-9.3502,6.8593,0.8803,0.2465,-0.0036
0.0766,-8.2005,6.1696,0.9373,0.0316,0.1943
1.5711,-8.6604,5.6714,0.8742,-0.1748,0.2343
1.9160,-9.4268,5.5564,1.0660,-0.2963,0.3084
1.8777,-8.2772,5.9396,1.2056,-0.3788,0.2270
1.9160,-8.0856,5.8247,1.1510,-0.3764,0.2841
1.9927,-8.3538,6.3612,1.1534,-0.4747,0.2805
1.6478,-7.2809,6.7827,1.1243,-0.6775,0.2890
1.7627,-7.3192,6.6677,0.9859,-0.7953,0.4019
3.2572,-7.7024,7.0509,1.0381,-0.8025,0.2635
3.1039,-5.8247,7.3575,1.0587,-0.6787,0.1445
3.1806,-5.9396,7.7407,0.9106,-0.6314,0.0546
2.7207,-6.6677,8.4688,0.8973,-0.5318,-0.0219
2.8740,-7.0509,8.5454,0.9531,-0.4165,-0.0716
3.2572,-6.1696,8.4305,1.1024,-0.2938,-0.1360
3.2189,-5.6331,8.7754,1.1862,-0.1894,-0.1906
2.6058,-5.5564,8.6604,1.2032,-0.1263,-0.1858
2.6824,-5.0583,8.4688,1.2069,-0.0862,-0.1068
2.4525,-5.2499,8.5838,1.1984,-0.1323,0.0243
2.8740,-5.1732,8.4305,1.2761,-0.0923,0.2234
3.3722,-4.7134,8.2772,1.1559,0.0631,0.4577
4.1003,-4.4835,7.9706,0.9227,0.1578,0.7236
4.4068,-4.9433,7.5108,0.7443,0.2113,0.9446
4.7134,-4.4835,7.6641,0.7200,0.3278,1.0478
4.3302,-3.7937,7.7790,0.5282,0.3606,1.1680
4.4452,-4.9050,8.5454,0.2380,0.3582,1.3793
3.4871,-5.8247,8.8520,0.0583,0.4152,1.6889
1.3412,-6.0163,9.3885,0.1117,0.2950,1.8151
1.8394,-5.5181,9.2352,-0.0170,0.1603,1.8200
0.9963,-5.6714,8.1239,-0.2404,0.2574,1.7119
0.8047,-5.0966,8.3538,-0.3424,0.1761,1.5128
-0.3066,-4.5984,8.6604,-0.3934,0.4067,1.3805
-0.2299,-4.4452,9.2352,-0.2246,0.4747,1.2554
-0.5365,-4.8284,9.2352,-0.0996,0.4310,1.0818
-1.5711,-4.2919,8.6987,-0.0935,0.3448,0.8183
-1.3029,-4.2919,8.7370,-0.1615,0.3217,0.5318
-0.6131,-4.9433,8.2772,-0.2003,0.3837,0.2307
-0.9963,-5.2882,7.8173,-0.2914,0.2586,0.0243
-0.1533,-5.7480,7.3192,-0.3533,0.1178,-0.1421
-0.2299,-5.7097,6.5911,-0.3825,-0.0437,-0.4043
1.3795,-7.8173,6.1313,-0.4019,-0.3715,-0.6411
0.2299,-7.5108,6.5911,-0.0923,-0.4772,-0.6811
0.0000,-7.6257,7.7790,0.2198,-0.6107,-0.6180
-0.1150,-7.3575,7.9323,0.4553,-0.7868,-0.5330
1.1113,-6.5145,7.9706,0.4881,-0.8402,-0.5403
2.0310,-6.2845,8.0473,0.4747,-0.7455,-0.6532
2.8740,-6.0546,8.4305,0.5403,-0.7285,-0.6799
2.4908,-4.7517,8.6604,0.5658,-0.5269,-0.6908
1.7244,-3.4105,7.8557,0.2513,-0.5439,-0.6702
2.6824,-4.2152,8.3538,-0.1530,-0.5354,-0.6071
3.3339,-5.7097,8.8903,-0.3072,-0.4480,-0.5549
3.0656,-5.8247,8.6987,-0.3679,-0.3472,-0.4857
2.7207,-6.0546,9.2352,-0.2683,-0.2671,-0.3958
2.3375,-6.2079,9.4268,-0.0267,-0.2173,-0.2878

