-.-.-
-0.4598,-9.5801,-2.3375,0.0267,0.0886,-0.0049
-0.6131,-9.5418,-2.2609,0.0316,0.0886,-0.0024
-0.6131,-9.5801,-2.3759,0.0231,0.0911,-0.0036
-0.5748,-9.5418,-2.2992,0.0316,0.0947,-0.0036
-0.4598,-9.4651,-2.1843,0.0304,0.0911,-0.0036
-0.6131,-9.5034,-2.2226,0.0316,0.0874,0.0000
-0.5365,-9.5418,-2.3375,0.0304,0.0874,-0.0073
-0.6131,-9.5418,-2.2992,0.0206,0.0838,-0.0073
-0.4982,-9.6184,-2.0693,0.0134,0.0826,-0.0061
-0.4982,-9.5801,-2.2609,0.0194,0.0850,-0.0049
-0.6131,-9.5418,-2.2609,0.0219,0.0850,-0.0049
-0.6131,-9.6950,-2.3759,0.0182,0.0789,-0.0036
-0.4598,-9.4268,-2.2226,0.0158,0.0728,-0.0073
-0.5748,-9.6950,-2.2992,0.0255,0.0838,-0.0036
-0.4982,-9.5801,-2.1076,0.0291,0.0874,-0.0024
-0.4215,-9.5801,-2.2609,0.0194,0.0801,-0.0024
-0.5365,-9.6184,-2.2226,0.0170,0.0826,-0.0024
-0.5365,-9.6184,-2.2226,0.0219,0.0862,-0.0036
-0.5365,-9.5801,-2.1843,0.0158,0.0838,-0.0049
-0.4598,-9.5801,-2.1076,0.0061,0.0777,-0.0012
-0.4982,-9.6184,-2.2609,0.0024,0.0728,-0.0036
-0.5748,-9.5801,-2.2226,0.0182,0.0777,-0.0049
-0.4982,-9.5801,-2.3375,0.0194,0.0826,-0.0061
-0.4982,-9.5418,-2.2609,0.0134,0.0801,0.0012
-0.4982,-9.5801,-2.3375,-0.0146,0.0898,0.0036
-0.4598,-9.4651,-2.6824,-0.0680,0.1190,0.0000
-0.3066,-9.3502,-3.2955,-0.1809,0.1554,-0.0061
-0.5748,-9.6950,-3.2955,-0.3242,0.1882,-0.0267
-0.5365,-9.7334,-3.5255,-0.3315,0.2003,-0.0328
-0.5748,-9.5034,-3.5638,-0.3266,0.1979,-0.0206
-0.8047,-9.3502,-3.6404,-0.3120,0.1506,-0.0085
-0.7664,-8.9286,-3.3722,-0.2914,0.1081,0.0036
-0.7664,-8.3921,-3.7937,-0.3096,0.0619,0.0231
-0.6898,-8.0856,-3.5638,-0.3740,0.0316,0.0364
-0.6898,-7.7024,-3.8704,-0.4954,0.0085,0.0437
-0.6514,-7.5874,-3.7171,-0.6459,0.0279,0.0376
-0.4982,-7.7024,-4.1386,-0.7540,0.0716,0.0097
-0.4982,-7.6641,-5.1732,-0.9191,0.1214,-0.0085
-0.5365,-6.8593,-6.2079,-1.1510,0.1724,0.0073
-0.7664,-6.2462,-5.7097,-1.3732,0.2258,0.0656
-0.8047,-4.6751,-4.9433,-1.5007,0.3011,0.1433
-0.4598,-2.8740,-3.4105,-1.6755,0.3800,0.2185
-0.1533,-1.4179,-1.4945,-1.9135,0.3752,0.2999
-0.3066,-0.5365,-0.3449,-2.1830,0.2780,0.3339
-0.2682,0.0000,-1.1113,-2.4404,0.0534,0.3327
-0.1150,-0.8047,-1.9543,-2.5655,0.0510,0.2234
-0.2682,-1.4179,-2.0310,-2.2862,0.0437,0.0498
0.0000,-2.1076,-1.7627,-1.8455,0.0813,0.0194
-1.1879,-3.6021,-2.5291,-1.4861,0.0206,0.1542
-1.5328,-7.4341,-3.0273,-1.1814,-0.4966,0.3120
0.2682,-10.5381,-6.7061,-0.5937,-0.3691,0.1663
-1.8011,-11.4961,-7.1659,-0.4881,0.1238,-0.2113
0.5365,-8.6987,-7.1276,-0.9361,-0.0643,-0.1129
-0.5748,-9.5801,-6.6677,-1.3550,-0.1421,0.1797
-1.7627,-9.6950,-7.8940,-1.8297,-0.1724,0.2355
-0.0766,-10.2315,-8.3155,-1.8188,0.0376,0.0206
0.1916,-8.0473,-9.5801,-1.7459,0.2513,-0.1202
-1.2263,-7.3192,-9.9250,-1.5310,0.2185,-0.0279
-2.6824,-8.5454,-10.7680,-1.2651,0.0121,0.0146
-1.9160,-8.3538,-10.5381,-0.7940,-0.1093,-0.0389
-0.1916,-8.1622,-10.5764,-0.4978,-0.1906,0.0389
-0.5365,-7.6641,-10.0016,-0.1809,-0.0789,0.1785
-1.8777,-8.0089,-10.4231,0.1153,0.0935,0.2416
-2.4142,-8.3538,-9.8100,0.5063,0.1068,0.3096
-2.0310,-8.5454,-9.2735,0.8535,0.0425,0.2440
-1.2263,-8.3538,-9.0436,1.1935,0.0656,0.2768
-1.0730,-7.5491,-9.0819,1.2979,0.1627,0.2841
-1.1879,-7.4725,-9.5418,1.2093,0.3047,0.2574
-1.7244,-7.6641,-9.5034,0.9495,0.3582,0.2562
-1.6861,-7.9706,-8.7754,0.8353,0.3120,0.2064
-1.5711,-8.7370,-8.7370,1.0478,0.2926,0.1627
-1.1879,-8.0473,-8.7754,1.0344,0.2805,0.1493
-1.6095,-8.3921,-8.4688,0.7030,0.2683,0.1676
-1.5711,-8.6221,-8.2005,0.4990,0.2793,0.1724
-1.7244,-8.6221,-8.0089,0.4735,0.2768,0.1506
-1.7244,-8.5454,-7.6641,0.5682,0.2623,0.1178
-1.8394,-8.7370,-7.3575,0.6751,0.2234,0.0959
-1.4945,-8.5454,-7.2809,0.7601,0.2003,0.0559
-1.2646,-7.8940,-6.8593,0.6666,0.1700,0.0571
-1.4562,-7.7024,-6.9360,0.6581,0.1578,0.0619
-1.3795,-7.6257,-6.6294,0.5961,0.1020,0.0486
-1.2263,-7.5491,-6.3229,0.4347,0.0692,0.0425
-1.3029,-7.2425,-6.5911,0.2295,0.0631,0.0316
-1.2263,-7.3575,-6.3229,0.1578,0.0728,0.0425
-1.2646,-7.2042,-6.2845,0.1263,0.0680,0.0255
-1.2646,-7.3958,-6.3612,0.0947,0.0631,0.0182
-1.3795,-7.4725,-6.3612,0.1056,0.0741,0.0219
-1.3029,-7.5874,-6.4761,0.0983,0.0680,0.0231
-1.3412,-7.6257,-6.2079,0.0983,0.0668,0.0219
-1.3795,-7.7790,-6.2462,0.0777,0.0765,0.0146
-1.3795,-7.9323,-6.2462,0.0631,0.0704,-0.0085
-1.4179,-8.1622,-6.2079,0.0789,0.0474,-0.0012
-1.2646,-8.0856,-6.0929,0.0789,0.0413,-0.0049
-1.3795,-7.8557,-6.5145,0.0996,0.0801,0.0231
-1.8011,-7.3192,-6.8210,0.1481,0.0510,0.0413
-1.3795,-7.1276,-6.2845,0.0838,0.0231,0.0316
-1.1496,-7.6257,-6.5528,-0.0182,0.0352,0.0328
-1.1113,-8.0473,-6.9360,0.0061,0.0425,0.0328
-1.4562,-7.7407,-7.1659,0.0486,0.0012,0.0425
-1.3412,-7.6257,-6.8977,0.0716,-0.0206,0.0219
-1.1879,-7.5108,-6.6677,0.0643,0.0085,0.0146
-1.3795,-7.4725,-6.5528,0.0364,0.0789,-0.0024
-1.4945,-7.3958,-6.8977,0.0291,0.0862,-0.0036
-1.4179,-7.1659,-6.7061,0.0219,0.0643,-0.0012
-1.2263,-7.5108,-6.4761,0.0231,0.0546,-0.0012
-1.2263,-7.0893,-6.0546,0.0255,0.0546,-0.0158
-1.3029,-7.0126,-5.7480,0.0461,0.0498,-0.0376
-1.3795,-7.1659,-5.5564,0.1032,0.0219,-0.0449
-1.4562,-7.3575,-5.2116,0.1785,-0.0146,-0.0643
-1.5328,-7.7407,-5.1349,0.2380,-0.0255,-0.0826
-1.4945,-8.2005,-4.8284,0.3072,-0.0340,-0.0923
-1.5711,-8.8520,-5.0200,0.3740,-0.0304,-0.1056
-1.6478,-9.4268,-5.0200,0.3691,-0.0121,-0.1117
-1.7244,-9.5034,-5.3648,0.3630,-0.0158,-0.1129
-1.5711,-9.0053,-5.4032,0.3691,-0.0109,-0.1129
-1.5711,-8.0473,-5.5181,0.3509,0.0000,-0.1153
-1.4562,-7.6641,-5.2116,0.3120,-0.0146,-0.1105
-1.4179,-7.4725,-5.2116,0.2586,-0.0316,-0.1190
-1.4945,-7.5108,-5.0200,0.1700,-0.0389,-0.1372
-1.3029,-7.7790,-5.0200,0.1153,-0.0401,-0.1554
-1.2263,-8.2389,-5.2116,0.0826,-0.0643,-0.1627
-1.3412,-8.5071,-5.4798,0.0668,-0.0741,-0.1591
-1.5711,-8.5838,-5.4798,0.0583,-0.0777,-0.1542
-1.5711,-8.6221,-5.4415,0.0316,-0.1020,-0.1566
-1.4179,-8.6987,-5.2882,0.0000,-0.1408,-0.1530
-1.3029,-8.1622,-5.2499,-0.0328,-0.1457,-0.1481
-1.1496,-8.0856,-5.2116,-0.0559,-0.1202,-0.1542
-1.1496,-8.3155,-4.7134,-0.0631,-0.0850,-0.1506

