-.-.-
1.3029,-11.3428,-0.7664,-0.1894,0.7588,-0.1736
0.5748,-12.4158,-1.7627,-0.1991,0.6775,-0.0449
0.5748,-13.3738,-2.4525,-0.2210,0.6010,0.1093
0.1150,-12.9523,-3.5638,0.1663,0.5731,0.1991
-1.3029,-11.2662,-5.5181,0.0486,0.2076,0.2865
-1.9927,-10.3082,-4.9050,0.0437,-0.1081,0.2295
-0.6131,-9.8483,-5.9013,-0.1578,-0.1712,0.2598
1.5328,-9.1586,-5.0966,0.0668,0.2683,0.1129
3.5255,-7.5874,-5.6331,0.0668,0.5184,0.0231
3.2189,-7.7024,-5.3265,-0.1724,0.7224,-0.0486
1.9543,-8.3538,-4.4835,-0.3837,0.7333,-0.1202
0.7664,-9.7717,-2.6441,-0.3618,0.6022,-0.1943
0.0383,-10.1932,-2.8740,0.0364,0.3084,-0.1627
-0.2682,-9.3118,-4.9816,0.2331,0.0801,-0.1761
-0.0383,-9.3502,-3.6021,0.0061,-0.0182,-0.1724
0.0383,-9.3885,-3.3339,0.0983,-0.1081,-0.2610
0.4598,-9.0436,-4.0620,0.1384,-0.0801,-0.3727
1.4179,-9.2352,-3.1423,0.0461,-0.0267,-0.3327
2.2226,-9.3118,-2.8740,0.1748,-0.0826,-0.2780
2.6441,-9.0053,-2.8740,0.1906,-0.1226,-0.1979
2.4908,-9.0436,-2.6058,0.0789,-0.0486,-0.1591
2.1076,-9.1202,-2.5291,0.0911,0.0449,-0.1651
1.6478,-9.3502,-1.9927,0.0559,0.1093,-0.1433
1.6861,-9.6567,-1.8777,0.0534,0.0959,-0.0619
1.9160,-9.5418,-1.6478,0.1530,0.0716,0.0049
2.0310,-9.0053,-1.3412,0.2368,0.0911,0.0777
1.9543,-8.6604,-0.9963,0.2222,0.1457,0.1408
2.1843,-8.7370,-0.8047,0.2270,0.2100,0.1894
1.8777,-9.0819,-1.1879,0.1918,0.2125,0.2380
1.4562,-9.6950,-1.3412,0.0923,0.1421,0.2623
1.4945,-10.3848,-1.4562,0.1008,0.0182,0.2477
1.8777,-10.9979,-1.9543,0.1591,-0.0219,0.1882
1.8394,-11.0363,-1.7627,0.2125,0.0498,0.1008
2.0310,-11.3811,-0.7664,0.1481,0.0728,0.0291
2.1843,-11.0746,0.1916,0.1967,0.1603,-0.0146
2.1843,-11.3045,0.1150,0.1214,0.1360,-0.0255
1.6478,-12.2625,-1.3795,-0.1785,-0.0777,-0.0801
2.0693,-13.2205,-2.5291,-0.4942,-0.1469,-0.1724
1.9927,-12.9906,-3.5255,-0.4820,-0.1166,-0.2708
2.5675,-12.3775,-4.8667,-0.6144,0.0231,-0.3254
2.6824,-10.1549,-5.5948,-0.4674,0.2963,-0.3193
-0.3066,-7.9706,-5.9780,-0.4735,0.0850,-0.2902
-3.0273,-7.9706,-5.1349,-0.5197,-0.6180,-0.0134
-2.8357,-8.1239,-4.9050,-0.2283,-0.9276,0.0170
-0.3832,-9.3885,-4.7134,-0.1348,-0.7248,-0.0231
2.1459,-10.9213,-3.5638,-0.1311,-0.2926,0.0024
3.5255,-11.7260,-3.9470,0.0364,0.1311,0.0668
3.5255,-10.9596,-3.6404,0.2598,0.3922,0.0886
2.3375,-9.4268,-3.1423,0.3764,0.5439,0.1736
0.9963,-8.5838,-2.9890,0.3302,0.5221,0.3205
0.1916,-8.0856,-2.7591,0.2732,0.3995,0.3424
-0.3832,-7.7790,-2.7591,0.2392,0.2586,0.3436
-0.9963,-7.9323,-2.3375,0.0340,0.1384,0.3315
-0.9197,-8.6604,-2.3759,-0.0461,-0.0474,0.3132
-0.7664,-9.4651,-1.8011,-0.0352,-0.1748,0.2890
-0.4598,-9.4651,-1.4562,0.0376,-0.2331,0.2501
0.0000,-9.1202,-1.6478,0.0996,-0.2865,0.2283
0.1150,-8.5838,-1.6095,0.0097,-0.3217,0.1396
0.2682,-8.3921,-1.6478,-0.0158,-0.3412,0.0607
0.1150,-8.1622,-1.5711,-0.0765,-0.3788,-0.0182
-0.1150,-8.6987,-1.6095,-0.1797,-0.4383,-0.1020
0.0766,-9.6184,-1.4945,-0.2064,-0.4444,-0.1676
0.2682,-10.2315,-1.9160,-0.2003,-0.4189,-0.2222
0.4215,-10.8446,-2.3759,-0.1238,-0.3740,-0.2817
0.5365,-11.7643,-2.3375,-0.1178,-0.2319,-0.3327
0.7281,-12.3775,-2.4142,-0.0413,-0.1748,-0.3193
0.5748,-12.3008,-1.3029,0.0753,-0.0206,-0.2635
0.9580,-11.4961,0.1533,0.2137,0.1129,-0.1918
1.4562,-10.8830,1.0346,0.3157,0.2659,-0.1639
1.9927,-10.8830,0.4598,0.2440,0.3448,-0.1129
1.5711,-12.3391,-1.8777,-0.1081,0.4274,-0.0206
0.3832,-13.4121,-2.4142,-0.2938,0.5221,0.0813
0.1150,-12.6457,-2.8357,-0.0219,0.6836,0.0316
-0.9197,-10.7297,-4.9050,-0.2100,0.4152,0.0279
-2.0310,-10.8063,-5.1732,-0.3230,-0.0510,0.1081
-0.8047,-9.6184,-5.4798,-0.4165,-0.0534,0.3703
2.1843,-8.7754,-4.2536,-0.1481,0.2987,0.2950
3.8704,-7.4725,-4.6368,-0.0971,0.4723,0.1141
3.4871,-8.4305,-4.9433,-0.2720,0.5124,0.0219
1.7244,-10.0782,-3.4871,-0.3387,0.5282,-0.1748
0.2299,-10.4998,-3.0656,-0.1639,0.4262,-0.3132
0.0383,-10.0016,-3.4871,-0.0231,0.2647,-0.3011
-0.3449,-8.6604,-3.3722,0.0449,0.0813,-0.2853
0.1533,-8.1239,-3.1806,-0.0935,-0.0704,-0.2963
0.7281,-8.6221,-3.0656,-0.2319,-0.1299,-0.2865
1.4179,-9.0436,-3.2572,-0.2234,-0.1724,-0.2647
1.9927,-9.5801,-2.9507,-0.2028,-0.1493,-0.2598
2.4525,-9.2352,-2.6441,-0.1214,-0.1506,-0.2355
2.5675,-9.1969,-2.6441,-0.1421,-0.1044,-0.2100
2.3759,-9.1202,-2.5291,-0.1263,-0.0328,-0.1821
1.9927,-9.2735,-2.2226,-0.1044,0.0170,-0.1384
1.7627,-9.4268,-2.1843,-0.0874,0.0182,-0.0692
1.9160,-9.6950,-2.0693,-0.0983,0.0121,-0.0109
2.1076,-9.2735,-1.9543,-0.0024,0.0534,0.0534
2.1076,-8.5454,-1.7627,0.0510,0.1190,0.1129
1.9927,-8.8137,-1.7244,0.0012,0.1603,0.1821
1.6095,-9.1202,-1.4562,-0.0425,0.1445,0.2185
1.6861,-9.7334,-1.5711,-0.0461,0.1275,0.2513
1.5711,-9.8866,-1.8777,0.0619,0.0789,0.2525
0.9963,-10.0016,-1.8777,-0.0182,-0.1615,0.2817
1.0346,-10.5764,-2.1076,-0.0559,-0.2064,0.2647
1.3795,-11.1512,-1.8394,-0.0243,-0.2465,0.2052
1.4945,-11.4961,-0.9963,0.0498,-0.3120,0.1299
1.2263,-11.4195,0.0766,0.1214,-0.3861,0.0850
1.7627,-11.6111,0.0383,0.1603,-0.4626,0.0425
1.3412,-11.9559,-1.4179,-0.0194,-0.6241,-0.0024
1.5328,-12.3775,-3.0273,-0.2331,-0.7467,-0.0328
2.2992,-12.9906,-3.9470,-0.3047,-0.7673,-0.1105
2.6824,-12.4924,-5.5948,-0.3715,-0.5318,-0.1967
3.8320,-11.4961,-5.7864,-0.2805,-0.0607,-0.3060
2.0310,-8.9286,-6.4378,-0.0753,0.1457,-0.4286
-0.6514,-7.7790,-5.0200,-0.0583,-0.2768,-0.3472
-2.5675,-7.3192,-4.2536,0.0777,-0.6508,-0.1603
-1.7627,-8.3921,-4.3302,-0.1408,-0.6301,-0.0692
0.6514,-10.1166,-3.7171,-0.3047,-0.4334,0.0231
2.6058,-11.0746,-3.4488,-0.3023,-0.2100,0.1384
2.8357,-11.1129,-3.6787,0.0158,0.0571,0.2028
2.4908,-9.6950,-4.0620,0.1396,0.2853,0.2501
1.7627,-9.0436,-3.1806,0.0862,0.4322,0.2890
0.8814,-8.3921,-3.1806,0.1044,0.4687,0.3436
0.2682,-8.5838,-2.7591,0.0376,0.4262,0.3715
-0.1533,-8.6221,-2.7974,-0.0194,0.3485,0.3873
-0.4982,-8.9670,-2.6441,-0.1433,0.2720,0.3764
-0.7664,-9.4268,-2.2226,-0.1530,0.1700,0.3472
-0.7281,-9.4651,-2.4142,-0.0801,0.0959,0.3023
-0.3832,-9.4268,-2.2992,-0.0850,0.0546,0.2222
0.3066,-9.0436,-2.3759,-0.0765,0.0206,0.1336
0.3066,-9.3118,-2.1843,-0.0959,0.0461,0.0085

