-.-.-
2.2226,-6.7061,-3.7171,0.5488,0.3254,-0.6520
3.1423,-6.0163,-0.9963,-0.4334,0.4577,-0.4067
2.8357,-6.1696,-0.1150,-0.8365,0.7358,-0.4480
1.5711,-6.2462,0.4215,-0.9288,1.1182,-0.5099
1.4562,-5.2882,0.4215,-0.4444,1.2166,-0.5330
0.3832,-2.8357,0.6131,0.3011,0.9130,-0.3497
0.3449,-0.9580,0.4598,0.7054,0.6484,-0.1129
-0.1150,0.6514,0.2299,0.7103,0.4359,0.0680
0.4982,1.6478,-4.6368,0.4334,0.5609,0.0826
1.4945,1.3795,-10.4231,0.0146,1.1182,0.1542
-0.9580,-8.7754,-4.8284,0.2562,-0.1311,-0.0813
-5.0583,-15.8646,-8.8903,0.3934,-0.0109,-0.1603
1.2263,-23.9885,-12.3008,-1.7909,-0.6775,-0.4929
3.1806,-29.6216,-2.3375,-1.2324,0.5318,-1.0915
1.8394,-22.1491,-2.8740,0.2671,0.1724,0.2343
-0.7664,-14.5617,-6.2845,1.3611,-0.2598,0.9118
0.8814,-9.4268,-5.8247,1.3428,-0.6241,0.9883
-0.2682,-6.2462,-3.2955,0.4456,-0.2574,0.7928
-0.9197,-3.9087,0.1916,-0.2513,0.0194,0.6241
-1.6478,-3.6404,0.0000,-0.9434,0.0085,0.5257
-1.3412,-5.2499,0.9580,-1.8406,-0.0935,0.4140
-0.9963,-5.7480,0.4982,-1.5747,-0.4080,0.3096
0.0000,-5.8247,-0.1150,-0.5719,-0.4432,0.0753
-0.2682,-4.2152,-0.4982,0.6763,-0.2100,-0.2878
-1.3412,-1.4179,-0.9963,1.7666,-0.1906,-0.3509
-1.1496,-0.0383,-4.7517,1.8188,-0.0352,-0.4747
-0.5748,2.7591,-14.3701,0.4043,0.2938,-0.4529
-1.5328,-9.4651,-4.1386,0.1906,-0.0304,-0.0643
2.9123,-12.9523,-4.2536,0.5233,-0.8062,0.7564
2.8357,-18.7386,-9.4268,-1.3477,-1.4473,1.3489
0.6898,-30.9628,-5.4415,-2.5388,-0.5634,0.6884
-1.1879,-26.7093,-5.9780,-0.5731,0.9810,-0.6593
-0.3449,-15.7113,-5.0583,1.6209,0.4092,-1.0175
1.8011,-7.8557,-4.0620,1.4679,0.1238,-0.9871
3.4105,-6.9360,-3.6021,0.0194,0.1615,-0.5791
3.4871,-8.2005,-0.5748,-0.9895,0.2550,-0.4626
2.6824,-7.5108,-0.0766,-0.7552,0.5379,-0.3436
0.7281,-5.0966,0.1533,-0.6314,0.8657,-0.3011
0.4215,-3.1039,-0.2682,-0.5027,0.8803,-0.1518
0.7281,-1.5711,-0.1533,-0.1773,0.7771,0.0340
0.5365,-0.8430,0.1533,0.4043,0.4492,0.3072
-0.4982,0.9580,-0.7281,0.8353,0.0486,0.3266
-0.1916,0.1916,-5.9013,0.9240,0.3691,0.2610
1.3029,0.7281,-10.2698,0.7309,0.9628,0.1372
-0.3449,-9.3118,-6.9743,0.2708,-0.0983,-0.1736
-2.1459,-17.2058,-9.3118,0.0194,-0.1153,-0.6860
3.6021,-22.7623,-12.6457,-1.2251,-0.0316,-1.0260
4.0620,-29.3917,0.1150,-1.6537,0.7540,-1.2166
1.9927,-21.1528,-4.0236,0.2052,0.0911,0.5148
0.0383,-14.7916,-6.6294,0.8390,-0.4383,1.0769
-0.8047,-10.0782,-5.3648,0.8888,-0.4104,0.9155
-0.7664,-6.9743,-2.7207,0.5767,-0.0668,0.6738
-1.8011,-4.7134,0.1916,-0.0340,0.1396,0.7006
-1.8394,-4.5984,0.6131,-0.6908,-0.0595,0.5889
-0.9580,-5.4798,0.3066,-1.3720,-0.2865,0.3521
-1.1496,-4.7900,-0.4215,-1.3696,-0.4759,0.1785
-0.9963,-4.5218,-0.9580,-0.7261,-0.4808,-0.0583
-0.6514,-3.3722,-1.6861,0.6714,-0.3788,-0.3642
-0.5748,-1.2646,-1.9543,1.9633,-0.2270,-0.5282
-0.5365,0.7281,-4.8667,1.9960,-0.1311,-0.5512
0.1916,2.7974,-14.6000,0.0765,0.0194,-0.4954
-0.0383,-8.7754,-2.5675,0.0437,-0.4577,0.0437
4.0236,-12.2242,-2.4525,0.4104,-0.8960,1.0320
1.6861,-19.3518,-10.7297,-1.6039,-1.1012,1.8042
1.1496,-30.5413,-4.5601,-2.8022,-0.4334,0.8280
-1.5711,-26.9775,-7.1659,-0.7588,1.1158,-0.6763
-0.4982,-16.2095,-5.4415,1.6585,0.5051,-0.9337
1.5711,-7.7407,-3.2955,1.4497,0.1360,-0.9750
2.7974,-6.4761,-3.5255,-0.0546,0.1457,-0.6277
3.2189,-7.2809,-1.6478,-1.0284,0.2465,-0.4966
2.9890,-7.0126,-0.4598,-1.1037,0.7649,-0.3545
1.8011,-5.9396,0.5748,-1.0357,1.1984,-0.3485
0.9963,-4.8667,0.3066,-0.5451,1.2020,-0.2805
1.2263,-2.5675,0.3066,0.3655,0.8353,-0.1518
0.5748,-0.7664,-0.1916,0.9482,0.4832,0.0692
-0.3832,0.6898,-0.3066,0.9252,0.1348,0.1336
0.4215,0.8814,-5.9396,0.7649,0.5014,0.1615
1.8011,-0.2299,-10.1932,0.4577,0.9555,0.1044
-0.6131,-10.3465,-3.7937,0.8657,-0.0364,-0.3108
-4.3302,-15.0982,-10.4998,0.7637,0.0474,-0.4468
2.3759,-27.6673,-12.5691,-1.2591,-0.4104,-0.4784
4.0236,-30.1964,0.3832,-1.3343,0.4152,-1.0138
0.5748,-23.4137,-4.0620,0.4881,-0.1044,0.7358
0.9197,-15.2515,-6.0163,1.6367,-0.6690,1.0029
-0.1150,-8.3155,-4.7517,1.6998,-0.4007,0.6326
-1.1113,-4.9433,-2.6058,0.3169,-0.2149,0.5840
-1.6861,-2.6058,-0.7281,-0.1445,-0.3145,0.7042
-1.6861,-3.7171,-0.4598,-1.4752,-0.3254,0.6046
-1.0346,-6.0546,0.9580,-2.2607,-0.4905,0.6046
0.0000,-6.3995,0.5748,-1.4764,-0.8232,0.4772
0.0383,-5.6714,-0.8814,-0.0765,-0.7698,0.0886
-0.3449,-2.9890,-1.8011,1.3550,-0.5476,-0.3509
-0.6131,-0.1533,-2.2992,2.0519,-0.2003,-0.4577
-1.1496,1.4562,-5.5181,1.5772,0.0279,-0.5634
-0.1916,0.8430,-12.6457,0.2319,0.3776,-0.4929
-0.9197,-8.5454,-1.1879,0.3290,0.0838,-0.1263
3.3722,-12.1859,-6.2079,-0.2732,-1.1364,0.7855
5.0966,-21.6510,-7.8557,-2.4174,-1.3623,1.5796
-0.5365,-31.1927,-4.0236,-2.4696,-0.0728,0.8402
-1.8394,-26.7476,-7.1276,-0.8062,0.8851,-0.6496
-0.0383,-15.3664,-4.4835,1.6112,0.4419,-1.0636
1.9927,-7.8173,-3.4488,1.2166,0.2453,-0.9567
3.0273,-6.5528,-2.7974,-0.0279,0.2283,-0.6265
3.0656,-6.8977,-0.5365,-0.7625,0.5087,-0.5099
2.4525,-6.7444,-0.3832,-0.9907,0.8123,-0.5027
1.2646,-6.6294,0.5365,-0.9543,1.2251,-0.5172
0.6898,-4.6368,0.1150,-0.1020,1.1571,-0.4067
1.0730,-1.8394,0.2299,0.9264,0.7807,-0.1251
0.9580,0.0000,0.3449,1.2591,0.5476,0.1384
0.5365,1.4179,-1.6478,0.8268,0.4152,0.1833
1.3795,1.6478,-7.4341,0.3885,0.8815,0.2744
0.1533,-4.4452,-9.4651,-0.2088,0.2975,0.0255
-2.7591,-13.2205,-5.2116,0.8548,-0.0668,-0.1190
-4.9816,-15.3664,-10.8063,-1.4497,-0.2331,-0.3800
3.6787,-29.3150,-4.1769,-1.2311,-0.0668,-0.8948
2.6824,-25.7513,-0.1533,-0.7091,0.3290,-0.1433
1.0346,-17.4741,-4.7900,1.1109,0.0158,0.8875
1.3029,-11.1512,-5.2882,1.4740,-0.2817,1.0660
-0.2682,-6.8593,-3.3722,1.0952,-0.1421,0.8244
-1.3029,-4.0236,-1.1113,0.1408,0.0571,0.8025
-2.1076,-2.6824,-0.3449,-0.8038,0.1578,0.6411
-2.4525,-4.9816,0.7281,-2.1587,0.0923,0.3375
-1.8777,-5.9013,0.6131,-1.8795,-0.3363,0.2793
-0.6131,-6.1313,0.0383,-0.7564,-0.5634,0.1384
-0.6898,-4.3302,-0.9197,0.5039,-0.4225,-0.2938
-1.3029,-1.7627,-0.9963,1.6877,-0.3582,-0.4128
-1.5328,-0.1916,-3.3722,1.8406,-0.1785,-0.5099
-1.3795,3.2572,-11.7643,0.7795,-0.1299,-0.4772

