-.-.-
-0.6514,-12.0326,0.6898,1.4788,0.1542,-0.2489
-0.3066,-11.1129,0.6514,1.3659,0.1457,-0.3375
0.0000,-10.9979,1.6095,1.2603,-0.0316,-0.3946
0.1533,-10.8446,2.5291,1.2287,-0.0583,-0.3667
-0.0383,-9.6184,3.0656,1.0733,0.0546,-0.3727
-0.1916,-7.7407,3.6787,0.6265,0.2137,-0.3642
0.1150,-7.1276,3.9853,0.0619,0.4019,-0.2805
0.1533,-7.7790,5.2499,-0.1943,0.3472,-0.2343
0.1533,-8.7754,5.5564,-0.0826,0.1615,-0.2003
0.1533,-9.2352,4.6368,0.0340,0.0571,-0.1724
0.3449,-9.3502,3.5255,0.0425,0.1105,-0.1299
0.4215,-9.8483,3.0656,0.0376,0.2198,-0.0947
0.2682,-10.2698,3.5255,0.0947,0.3132,-0.0498
0.0383,-10.6530,3.3722,0.2149,0.3448,0.0316
-0.4982,-9.8866,3.3722,0.2708,0.2671,0.1032
-0.4982,-9.6184,3.5638,0.3242,0.0741,0.1627
-0.3832,-9.0819,3.2955,0.3995,0.0170,0.1445
-0.6514,-8.8903,3.4871,0.3072,0.0134,0.0643
-0.5748,-9.5418,3.5255,0.1105,-0.0474,-0.0146
-0.2299,-10.1166,3.9853,0.0376,-0.0486,-0.0704
-0.2299,-10.0782,3.7171,0.0631,-0.0643,-0.0813
-0.3832,-9.8100,3.4871,0.0546,-0.0765,-0.0376
-0.3066,-9.7717,3.4488,0.0486,-0.1056,0.0401
-0.1916,-9.6567,3.3722,0.0668,-0.1421,0.0935
0.0000,-9.5034,3.3722,0.0801,-0.1433,0.0959
0.1533,-9.3502,3.6021,0.0704,-0.0777,0.0728
0.3066,-9.5801,3.5255,0.0777,-0.0279,0.0291
0.4598,-9.7717,3.9470,0.1068,0.0510,0.0036
0.3066,-9.6950,4.1769,0.2052,0.0668,0.0073
0.5748,-9.5801,3.8704,0.2525,0.0279,0.0243
0.1916,-9.3118,3.9853,0.2258,0.0401,0.0486
0.1533,-9.0436,3.9470,0.2295,0.0716,0.0692
-0.1150,-9.0436,4.0236,0.1967,0.1178,0.0534
-0.3449,-9.5034,3.7554,0.0862,0.1360,0.0510
-0.3066,-9.5801,3.7937,-0.0813,0.1263,0.0413
-0.3066,-9.3885,3.9087,-0.1542,0.1141,0.0206
-0.1533,-9.5034,3.8704,-0.1421,0.1275,-0.0061
0.1533,-9.5034,4.2152,-0.0328,0.1408,-0.0194
-0.0766,-9.5418,4.5218,0.1020,0.1639,-0.0182
-0.4598,-9.3502,4.5218,0.1918,0.1105,-0.0049
-0.7281,-9.0436,4.5984,0.2149,0.0631,0.0024
-0.6898,-9.0819,4.0236,0.1724,0.0546,0.0279
-0.3832,-9.5034,3.7554,0.1153,0.0777,0.0461
0.0000,-10.0016,3.7937,0.1421,0.1457,0.0158
-0.3832,-9.8483,4.1003,0.1591,0.1238,-0.0097
-0.3449,-9.4651,3.6787,0.1008,-0.0085,-0.0036
-0.1533,-9.5418,3.9853,0.1141,-0.0777,0.0146
0.0383,-9.1202,4.2152,0.2258,-0.0522,0.0049
0.0383,-8.9670,4.3302,0.2598,0.0012,-0.0231
-0.0383,-9.1969,4.6368,0.1663,0.0425,-0.0571
-0.2299,-9.4268,4.9050,0.0935,0.0449,-0.0716
0.0383,-9.4268,4.8284,0.0765,0.0425,-0.0631
0.0383,-9.3118,4.7900,0.0983,0.0619,-0.0425
0.0000,-9.2352,4.7134,0.1166,0.0668,-0.0158
0.0000,-9.1969,4.6368,0.1372,0.0486,0.0085
-0.0383,-8.9670,4.4452,0.1214,0.0583,0.0182
-0.0766,-9.0819,4.5218,0.0923,0.0886,0.0121
-0.0383,-9.1586,4.5601,0.0862,0.1044,0.0000
-0.1150,-9.2735,4.7517,0.0996,0.0923,0.0024
0.0766,-9.1969,4.5218,0.0680,0.0741,0.0146
0.1150,-9.2352,4.4835,0.0170,0.0619,0.0231
0.0000,-9.1586,4.4068,0.0024,0.0656,0.0085
0.0383,-9.1969,4.6751,0.0012,0.0789,-0.0012
-0.0766,-9.0819,4.6368,0.0024,0.0801,-0.0073
-0.2682,-9.1202,4.7134,0.0012,0.0656,-0.0012
-0.2299,-9.0819,4.5984,-0.0024,0.0559,0.0049
-0.1533,-9.1202,4.7134,-0.0061,0.0692,-0.0012
-0.1150,-9.1586,4.7134,0.0061,0.0789,-0.0036
0.0766,-9.1969,4.6368,0.0109,0.0862,-0.0109
-0.0766,-9.1586,4.7517,0.0024,0.0874,-0.0170
-0.1150,-9.2352,4.6368,-0.0061,0.0838,-0.0109
-0.2682,-9.2735,4.7134,-0.0012,0.0741,-0.0085
-0.0766,-9.1586,4.5984,0.0121,0.0789,-0.0024
0.0383,-9.3502,4.4835,0.0206,0.0959,0.0024
-0.0766,-9.0819,4.5984,0.0097,0.1008,0.0012
0.0383,-9.1969,4.6368,-0.0012,0.0911,0.0024
0.1150,-9.2352,4.7900,0.0061,0.0850,0.0000
-0.0383,-9.0819,4.6368,0.0255,0.0813,-0.0024
0.0383,-9.1202,4.6751,0.0194,0.0838,-0.0049
-0.0383,-9.0819,4.6368,0.0012,0.0971,-0.0061
0.0000,-9.2352,4.6751,-0.0049,0.0996,-0.0061
-0.0383,-9.1586,4.5601,0.0024,0.0838,0.0000
-0.0766,-9.1586,4.7517,0.0121,0.0765,0.0061
-0.1533,-9.2352,4.6751,0.0134,0.0838,0.0097
-0.2299,-9.0436,4.8284,0.0146,0.0813,0.0073
-0.2682,-9.1969,4.6751,0.0158,0.0692,0.0049
-0.1533,-9.1586,4.7900,0.0049,0.0789,0.0012
-0.1150,-9.1202,4.6751,0.0194,0.0935,-0.0036
-0.0766,-9.1586,4.7900,0.0219,0.0947,-0.0061
-0.0383,-9.1202,4.7517,0.0194,0.0971,-0.0073
-0.0766,-9.0819,4.6751,0.0024,0.0862,-0.0085
-0.1150,-9.2735,4.6368,-0.0073,0.0753,-0.0097
0.0766,-9.1586,4.8667,-0.0061,0.0704,-0.0085
-0.1150,-9.1586,4.8284,-0.0049,0.0728,-0.0073
-0.0766,-9.1202,4.7900,-0.0049,0.0838,-0.0073
0.0383,-9.0819,4.7900,-0.0170,0.0923,-0.0097
0.0383,-9.0053,4.6368,-0.0279,0.0862,-0.0121
-0.0383,-9.2352,4.7517,-0.0316,0.0826,-0.0085
-0.0766,-9.0436,4.6751,-0.0376,0.0680,-0.0073
0.0000,-9.2735,4.7134,-0.0571,0.0668,-0.0024
-0.1150,-9.1969,4.6368,-0.0461,0.0753,-0.0012
0.0000,-9.3118,4.7517,-0.0243,0.0826,-0.0061
0.0383,-9.1202,4.7900,-0.0194,0.0886,-0.0109
-0.0383,-9.0436,4.6751,-0.0279,0.0850,-0.0097
-0.1150,-9.1969,4.5601,-0.0291,0.0850,-0.0073
-0.0383,-9.2352,4.6751,-0.0146,0.0826,-0.0036
-0.0383,-9.1202,4.7134,-0.0012,0.0728,-0.0024
-0.1150,-9.0053,4.5601,-0.0073,0.0692,-0.0049
-0.0766,-9.1202,4.7517,-0.0121,0.0850,-0.0061
0.0000,-9.1202,4.7900,0.0012,0.0959,-0.0097
-0.0383,-9.1202,4.6368,0.0024,0.0971,-0.0121
-0.1150,-9.0819,4.7900,-0.0061,0.0850,-0.0073
-0.0383,-9.1969,4.6368,-0.0024,0.0728,-0.0024
-0.1150,-9.0819,4.6368,0.0024,0.0728,-0.0024
-0.1150,-9.0819,4.7134,0.0000,0.0838,-0.0024
0.0000,-9.1202,4.7134,0.0012,0.0826,-0.0049
-0.0766,-9.0819,4.7134,-0.0049,0.0838,-0.0073
0.0383,-9.1969,4.6751,-0.0097,0.0862,-0.0049
0.0000,-9.1969,4.7517,0.0000,0.0838,-0.0049
-0.0766,-9.1969,4.6368,-0.0012,0.0850,-0.0036
-0.1150,-9.0436,4.7517,-0.0085,0.0850,-0.0061
0.0383,-9.1969,4.7134,-0.0097,0.0850,-0.0061
0.1150,-9.1202,4.7134,-0.0085,0.0862,-0.0049
-0.0766,-9.1586,4.7134,-0.0134,0.0874,-0.0085
-0.0383,-9.0819,4.6368,-0.0158,0.0874,-0.0085
-0.0766,-9.1969,4.7517,-0.0134,0.0826,-0.0073
-0.0383,-9.1202,4.6751,-0.0121,0.0801,-0.0024
0.0766,-9.3502,4.7900,-0.0109,0.0850,-0.0012

