-.-.-
4.1386,-30.0048,-6.6294,1.3210,-1.1061,-0.4662
4.9433,-17.4357,-2.2992,-1.2967,-0.8754,-2.3724
-6.6294,-16.1712,0.9963,-1.6658,0.1700,-2.1090
-5.5181,-13.4121,-0.4982,-0.1275,-0.6471,-1.2542
2.9507,-15.0216,2.6058,-0.6872,-0.4031,-1.5359
4.5218,-12.1859,1.1879,-0.3934,-0.3132,-1.6124
2.2226,-4.8284,1.3029,-0.6131,-0.0486,-1.2445
1.2646,-1.7244,1.8011,-0.2780,0.9774,-0.9191
-0.5365,0.6514,-0.1916,0.2720,1.2809,-0.0741
-2.1843,-0.8047,-2.2226,0.7297,1.1267,0.4650
-0.9963,-2.5675,0.3449,1.0745,0.6010,0.9361
0.0766,0.5365,-2.3759,1.6233,0.5427,0.7418
0.8047,1.4945,-0.0383,1.7168,0.5099,0.4565
0.1150,-2.5291,1.8777,0.9677,0.5354,-0.3740
6.5145,-0.1150,-16.9759,-0.7176,0.6678,-1.2785
5.4032,-25.9812,-5.5948,-4.3685,1.4108,-2.3372
5.5948,-25.5980,-5.2116,-0.1202,1.2141,-1.7034
-16.8609,-24.1418,-5.0966,-0.5949,1.3841,0.7358
-0.8814,-21.9959,-3.4105,0.0206,-0.2198,1.7629
6.3229,-21.6127,-0.5748,0.0607,0.3108,1.4230
2.9890,-12.7990,-2.0693,0.3011,0.7722,1.1122
-6.7444,-14.8683,0.9963,-0.4189,0.8353,1.8928
-5.5948,-13.4888,1.7244,0.0182,0.3302,1.9317
-3.2572,-8.1239,0.8430,0.5464,-0.0765,1.2239
-2.4142,1.8777,-0.8430,0.4007,-0.6556,0.8608
-0.4598,5.3265,-1.2263,-0.7576,-0.9264,0.7358
-0.1150,0.4215,-0.7281,-0.5634,-1.0102,-0.2028
1.9927,-2.1459,0.4982,0.2756,-0.6617,-1.0429
-0.1150,-1.8777,-0.9963,1.0029,-0.5464,-1.2870
-2.0310,0.5365,-1.0730,1.4400,-0.3995,-1.2129
0.0383,-1.5328,0.7664,1.0381,-0.2477,-0.8390
2.2226,-4.1386,1.7627,0.9252,-0.0036,-0.2878
-5.1732,-2.7591,-13.5271,0.3825,-0.9167,0.4869
-6.7827,-22.2641,-18.5854,-2.4926,-0.0741,2.6371
-8.0089,-19.7350,5.0966,-0.5221,-0.9142,2.3700
9.2735,-18.5854,-10.1932,0.5549,-0.8463,-1.1122
0.7664,-18.2405,-4.1003,-1.1000,0.0012,-2.2207
-11.9559,-28.7402,2.2609,-2.1685,0.0959,-1.7520
-3.7554,-23.6820,0.3449,0.5087,-1.2384,-1.3186
7.0893,-15.0216,0.7664,0.1166,-1.0952,-1.2712
6.1696,-11.0746,-0.7281,-0.1360,-0.6556,-1.7581
1.7627,-7.8557,0.0766,-0.5136,-0.1481,-1.4023
-7.8173,-2.4525,3.1806,-0.0971,0.8159,-0.4929
-0.3449,0.5365,3.2572,0.4723,1.3538,0.6253
3.8704,2.9890,0.7281,1.6087,1.0709,0.3812
4.6368,1.4179,-3.9853,1.1267,0.3217,0.5257
0.6898,-0.5365,-3.9470,0.7528,0.2513,1.3113
0.1150,1.1879,-3.1423,1.3623,0.5937,1.1146
-3.4488,-5.4415,1.0346,1.0660,0.9118,0.7467
-0.8430,-5.3265,2.0693,1.4145,-0.0571,-0.3315
6.5145,3.2955,-12.3008,0.5634,-0.0109,-1.0575
-0.1916,-13.8336,-23.8352,-5.1419,0.6338,-0.9543
3.8704,-25.1381,12.1475,0.7103,0.6192,-1.6986
-7.0126,-18.4321,-11.7260,-0.1202,1.7277,0.1858
-2.9890,-18.3554,-2.0310,-0.8244,0.4432,1.4691
5.6331,-22.5323,-0.9963,-0.7977,0.4602,1.8479
2.7591,-22.6090,-0.2299,-0.1894,1.4266,1.4048
-5.2499,-17.9722,1.5328,0.0340,1.1850,1.4898
-7.5491,-15.1365,2.1843,-0.2003,0.5852,1.9111
-4.4068,-13.1439,2.1459,-0.1882,0.1044,1.4679
-0.7664,-4.8284,-0.7281,0.0255,-0.2975,0.4796
5.6331,2.5675,-2.9507,-0.2392,-0.0680,0.0109
0.0000,2.2609,1.9927,-0.2513,-0.6726,-0.5124
-7.3192,-0.3066,2.0310,0.8293,-1.1522,-0.1688
-4.9433,1.4179,-5.9396,1.1243,-1.0782,-0.3837
-2.4908,-0.4215,-5.7480,0.7613,-0.3302,-1.0648
-0.1916,-0.1916,-2.9123,1.5711,-0.2015,-1.1474
2.8740,-4.2919,3.5638,0.9385,-0.2295,-0.3327
-2.0693,-6.2079,-7.2809,0.5937,-0.8948,0.6811
-1.1113,-16.7077,-16.7843,-1.1680,-0.2501,2.1284
-5.8247,-12.6840,6.3612,1.4205,-0.2137,1.3319
-0.6898,-16.0562,-9.8100,-0.1336,-0.8268,-0.3302
0.0383,-17.5507,-1.4179,-0.7564,-0.2926,-1.4096
-9.1586,-26.0961,0.6131,-2.5048,-0.3837,-1.8151
-4.4835,-25.8662,2.7591,-0.4395,-1.0199,-1.5128
5.6714,-17.6273,1.4179,-0.0012,-1.3623,-1.3817
6.6294,-11.0363,0.2682,-0.1141,-0.8766,-1.5954
5.0200,-9.5418,-0.9197,-0.8669,-0.3727,-1.2809
2.2609,-5.1349,0.5748,-0.6532,0.5197,-0.5743
-0.1533,0.4598,0.9963,-0.2756,1.6622,-0.1748
3.4871,0.6514,-2.1076,0.2392,1.6573,-0.1578
-1.0730,-1.8777,-2.1459,0.4565,1.0709,0.0753
-1.7627,-3.4488,-0.8430,1.2943,0.7613,0.8912
0.3449,1.4562,-4.0620,2.1005,0.7686,0.9312
-1.1113,1.4945,-2.1459,1.6100,0.4674,0.8074
-3.5255,-5.0583,2.2226,1.0903,-0.0073,0.1311
1.5711,-1.8394,-0.4982,1.2821,-0.2817,-0.6933
5.3265,3.2955,-25.6363,-1.1449,0.1287,-1.2372
-1.5328,-37.6689,15.9413,-4.9586,0.3181,-1.7848
-1.8777,-24.0652,-4.7900,0.6083,1.0005,-0.8450
-11.4195,-18.2788,-10.3465,-0.8985,0.2355,1.6051
4.9050,-20.8463,0.3449,-0.8256,-0.6799,2.0580
8.5454,-22.1108,-1.6095,-0.3946,0.5840,1.6403
0.2682,-18.2405,-0.1916,-0.2489,1.4497,1.6634
-7.1276,-14.8683,2.3759,-0.1518,0.8681,2.2328
-5.2116,-11.1512,0.8047,-0.0619,0.4759,1.8601
-3.6404,-5.3648,1.3412,-0.4128,-0.1360,1.2348
-0.8814,4.1003,-0.5365,-0.3145,-0.7333,0.4602
-2.2609,3.5255,1.3029,-0.0959,-1.0005,-0.1153
2.3375,-1.8011,-0.2682,0.4687,-0.9130,-0.7358
-1.3795,-1.9543,-3.9853,1.2372,-1.1571,-1.1595
-5.7097,1.4562,-4.0620,1.3562,-1.2008,-1.1559
-3.3722,-0.6514,-3.8704,1.0065,-1.2615,-0.9215
2.6824,-6.3995,0.2682,1.2736,-1.2676,0.0559
-1.1113,-3.6021,-9.0436,0.8560,-1.5262,0.6399
-1.6861,-13.6420,-20.0032,-0.2780,-1.3586,1.8091
-2.5291,-14.9449,6.6294,0.1918,-0.7236,1.5104
3.6787,-21.9192,-4.5601,0.2987,-0.2428,-0.3727
2.6441,-20.1948,-1.7627,-1.0527,-0.2950,-1.6573
-5.3265,-23.0305,2.2609,-1.6452,0.4092,-1.9026
-3.3339,-19.1985,2.0693,-0.6508,-0.0631,-1.3574
3.5638,-19.0069,2.7207,-0.9810,0.2331,-1.2773
5.4032,-17.4357,2.2609,-0.3752,0.4650,-1.5687
1.1496,-8.3921,-0.5748,-0.3242,0.5901,-1.6124
-1.3795,-0.9197,0.3066,-0.1093,1.2469,-0.9531
2.2226,2.4525,-0.3066,-0.0085,1.7447,0.0449
-0.1533,2.0310,-2.0693,0.6496,1.3416,-0.0158
-2.0693,-3.0656,-1.1496,0.3873,0.7783,0.6921
-0.3449,-1.9543,-3.1806,1.4679,0.6872,0.9118
-0.7664,0.8047,-2.3759,1.5007,0.7564,0.6666
-0.0383,-1.2263,1.1113,2.0118,0.5949,0.4602
0.0000,-3.6404,1.0730,0.8572,0.3691,-0.8220
5.9013,-1.3412,-23.2988,-1.4303,0.8147,-1.7083
-0.5748,-26.6326,7.2809,-2.7306,0.8900,-2.3469
4.1769,-15.9029,-3.6404,0.8353,1.1316,-0.6168
-16.9759,-20.0032,-6.6294,-0.5027,0.9883,0.8293
-2.3375,-22.2641,0.3449,-0.1676,-0.6338,1.8236
6.8593,-22.6856,-0.9197,-0.0109,-0.1542,1.6561

