-.-.-
8.1239,-1.2263,5.7097,-0.2064,-0.8888,-0.0935
6.4378,0.3066,5.8630,0.0510,-0.8183,-0.0158
8.8137,0.1533,5.0200,0.0862,-0.8718,0.0631
9.1586,-1.7627,6.2079,-0.5330,-0.7819,-0.0546
7.5874,-1.9160,5.6331,-0.3557,-0.9470,-0.0425
7.1276,-1.4179,4.4068,-0.1008,-1.0478,-0.1141
7.4341,-1.1879,4.4068,-0.1530,-1.1753,-0.0437
6.6677,-1.2263,4.4452,-0.4893,-1.3137,-0.0619
7.0126,-2.2609,4.6368,-0.2683,-1.2821,-0.0789
7.5874,-1.3795,4.0236,-0.0449,-1.2773,-0.1166
7.3192,-0.4982,3.5255,-0.0085,-1.3064,-0.1688
8.2389,-0.6131,3.9087,-0.1578,-1.1886,-0.1469
7.3192,-1.7627,5.4032,-0.4347,-0.9397,-0.1845
9.7717,-2.0310,5.1732,-0.2015,-0.9810,-0.2283
10.2315,-1.3029,5.4798,0.1688,-0.7176,-0.3108
8.0089,-0.0766,5.9013,0.1129,-0.1190,-0.2902
7.2425,-0.4215,7.9706,-0.0595,0.1238,-0.1821
7.2425,0.1150,6.7444,0.3679,-0.1930,-0.1044
7.2042,1.1496,5.8630,0.6289,-0.4347,-0.0255
8.2772,1.5711,5.2116,0.3897,-0.5451,0.0971
8.6987,0.5365,4.3302,-0.0461,-0.5925,0.2477
8.8903,0.0383,3.7171,-0.1833,-0.7358,0.2793
9.1202,-0.3832,3.1806,-0.1809,-0.8050,0.3157
9.4268,-0.6514,3.1806,-0.2671,-0.8062,0.3181
9.5034,-1.1113,2.8740,-0.3205,-0.7758,0.3096
9.2352,-1.1113,2.3375,-0.1032,-0.8147,0.2975
8.8903,-2.3375,2.8357,-0.0437,-0.9337,0.4189
9.1969,-1.8394,3.0273,0.2270,-1.1073,0.4334
8.3155,0.0000,1.6478,0.2780,-1.1207,0.3788
9.6950,0.3832,0.5365,-0.1348,-1.0575,0.3072
9.8866,-2.0310,0.6131,-0.4638,-1.1073,0.3339
9.8100,-4.1769,1.5328,-0.2538,-1.1971,0.3897
8.9286,-3.6404,1.0730,0.2465,-1.3683,0.4784
8.7370,-2.3375,0.7281,0.4419,-1.4825,0.6544
9.4268,-1.8394,0.3449,0.4565,-1.5347,0.7977
10.3465,-2.2226,0.7281,0.3424,-1.4800,0.8378
9.0819,-3.0273,0.1916,0.3703,-1.4473,0.7588
8.1622,-3.3722,-0.0383,0.4844,-1.3295,0.7188
9.0053,-2.9890,-0.3449,0.5415,-1.0745,0.7030
10.1166,-3.2189,-0.9963,0.4444,-1.0077,0.6678
11.4578,-2.7207,-1.9160,0.5160,-1.0502,0.4929
10.1932,-2.0693,-2.9507,0.5731,-1.0369,0.2319
9.8100,-2.4908,-3.0273,0.5087,-0.7880,0.0304
9.8100,-2.6824,-2.5675,0.3521,-0.4371,-0.1797
10.1166,-2.7974,-2.1076,0.3096,-0.1591,-0.2865
9.7717,-2.6824,-1.3029,0.2987,-0.0036,-0.3230
9.2735,-2.1843,-1.8011,0.1615,0.0231,-0.3594
8.9670,-2.2226,-1.9543,0.0486,0.0219,-0.3691
8.9670,-2.6441,-1.3795,-0.0583,0.0316,-0.3849
9.5034,-3.3339,-0.8047,-0.0559,-0.0109,-0.4055
9.3885,-3.0656,-1.1879,0.0571,0.0219,-0.4274
9.3885,-3.2572,-0.9963,0.1263,-0.0328,-0.4468
9.5034,-2.9123,-1.3029,0.1870,-0.0571,-0.4541
9.7334,-2.4908,-1.1879,0.3254,-0.0364,-0.4395
9.7334,-1.9927,-1.3412,0.4541,0.0680,-0.3861
9.8866,-1.6478,-1.3029,0.5014,0.2015,-0.3315
9.9250,-1.6861,-1.1113,0.3800,0.2550,-0.3266
9.8483,-1.3795,-1.1113,0.1870,0.2865,-0.3181
9.8866,-1.4562,-1.4945,0.0498,0.2841,-0.2647
9.9250,-1.4945,-1.2263,0.0352,0.2853,-0.1979
9.7717,-1.3795,-1.1113,0.0486,0.3145,-0.1396
9.8100,-1.2646,-0.8814,0.0461,0.2853,-0.0680
10.0782,-1.3029,-0.4982,0.0437,0.2453,-0.0206
9.5418,-1.3412,-0.7281,0.1056,0.2210,-0.0182
9.6567,-1.3412,-0.4982,0.0935,0.1955,-0.0158
9.5034,-1.1879,-0.5748,0.0510,0.1396,-0.0049
9.6184,-1.4562,-0.6898,0.0182,0.0813,0.0121
9.7334,-1.7244,-0.7664,0.0486,0.0413,0.0170
9.6950,-1.6861,-0.6898,0.0716,0.0194,0.0170
9.5418,-1.5711,-0.7281,0.0631,0.0121,0.0219
9.6184,-1.7627,-0.9197,0.0425,0.0194,0.0279
9.6950,-1.9160,-0.8047,0.0158,0.0194,0.0376
9.7334,-2.0693,-0.8047,0.0219,0.0024,0.0328
9.7334,-1.9927,-0.8814,0.0425,0.0024,0.0304
9.6950,-2.0693,-1.1113,0.0680,0.0170,0.0170
9.6950,-2.0310,-0.9580,0.1044,0.0461,-0.0012
9.6184,-1.9160,-1.0346,0.1008,0.0826,-0.0097
9.6950,-1.8394,-1.0346,0.1068,0.0801,-0.0049
9.5801,-1.8011,-0.7664,0.0801,0.0789,-0.0085
9.5418,-1.8011,-0.8430,0.0364,0.0898,-0.0352
9.6567,-1.8394,-0.6898,-0.0146,0.0923,-0.0583
9.5801,-1.9543,-0.2299,-0.0765,0.1323,-0.0571
9.5801,-1.8394,-0.6514,-0.1178,0.1226,-0.0449
9.7334,-1.8394,-0.8047,-0.0959,0.0595,-0.0267
9.7334,-1.6095,-0.9580,0.0097,0.0231,-0.0061
9.7334,-1.4945,-0.9963,0.0631,0.0279,-0.0036
9.6950,-1.6095,-0.8430,0.0401,0.0401,-0.0012
9.6950,-1.5328,-1.0346,-0.0012,0.0474,-0.0049
9.7717,-1.6478,-0.9963,-0.0401,0.0559,0.0012
9.5034,-1.7244,-0.8047,-0.0510,0.0607,0.0036
9.6950,-1.8777,-0.8047,-0.0486,0.0631,0.0073
9.6184,-1.7627,-0.7664,-0.0522,0.0571,0.0085
9.7334,-1.9160,-0.9197,-0.0401,0.0668,0.0085
9.6567,-1.8394,-0.9197,-0.0182,0.0704,0.0061
9.6567,-1.9160,-1.0346,-0.0182,0.0801,0.0036
9.6950,-1.7244,-0.6898,-0.0170,0.0911,0.0085
9.3118,-1.8011,-1.3412,-0.0049,0.0971,0.0073
9.7717,-1.9160,-0.8814,0.0000,0.1020,0.0012
9.6950,-1.8777,-0.8430,0.0000,0.1008,-0.0097
9.3885,-1.8394,-0.6514,-0.0097,0.1068,-0.0134
9.5418,-1.8777,-1.0730,-0.0231,0.1056,-0.0158
9.6950,-1.8011,-0.8430,-0.0206,0.1044,-0.0109
9.6950,-1.7244,-0.7664,-0.0109,0.1068,-0.0097
9.6950,-1.8011,-0.6514,-0.0182,0.1117,-0.0085
9.8866,-1.4945,-1.3412,-0.0352,0.1105,-0.0061
9.4651,-1.3029,-1.3795,-0.0389,0.1044,-0.0085
9.6567,-1.8011,-0.7664,-0.0279,0.1032,-0.0024
10.2315,-1.5328,-0.5365,-0.0352,0.1020,0.0012
9.8100,-2.7591,-0.5365,-0.0461,0.1056,-0.0012
9.7334,-1.6861,-0.8814,-0.0595,0.1081,0.0024
9.8483,-1.6095,-0.9580,-0.0595,0.1068,-0.0012
9.6184,-1.9160,-0.6131,-0.0607,0.1044,-0.0049
9.6950,-1.8011,-1.0730,-0.0559,0.0923,-0.0097
9.6184,-1.8394,-0.9197,-0.0571,0.0935,-0.0012
9.5034,-1.8394,-0.7281,-0.0692,0.0923,0.0049
9.6950,-1.8777,-0.8430,-0.0862,0.0777,0.0012
9.6950,-1.4945,-0.9963,-0.0911,0.0692,-0.0085
9.7334,-1.6478,-0.8430,-0.0874,0.0643,-0.0024
9.6950,-1.7244,-0.5748,-0.0850,0.0534,0.0012
9.6184,-1.6861,-0.8430,-0.0971,0.0559,0.0049
9.7334,-1.8394,-0.8814,-0.1044,0.0595,0.0061
9.5418,-0.8047,-1.2646,-0.1263,0.0510,0.0061
9.6184,-1.8011,-0.7664,-0.1445,0.0510,0.0121
9.6567,-1.8394,-0.8047,-0.1348,0.0461,0.0109
9.6567,-1.8777,-0.9197,-0.1226,0.0510,0.0134
9.6950,-1.9160,-1.0730,-0.1226,0.0559,0.0097
9.7334,-1.9160,-1.0346,-0.1202,0.0704,0.0036
9.6950,-1.8777,-1.1879,-0.1008,0.0716,-0.0036

