-.-.-
9.6184,1.6478,1.2646,-0.0097,0.1129,0.0461
9.5801,1.5328,1.0346,0.0097,0.1020,0.0364
9.6184,1.6478,1.0346,0.0243,0.1166,0.0401
9.6184,1.7244,0.8430,0.0109,0.1433,0.0486
9.7334,1.7244,0.8047,-0.0206,0.1773,0.0559
9.7334,1.7244,0.9197,-0.0486,0.2040,0.0643
9.7717,1.6478,0.8814,-0.0668,0.2270,0.0619
9.7334,1.5711,0.9963,-0.0838,0.2404,0.0534
9.6950,1.3412,1.1879,-0.0741,0.2489,0.0449
9.5801,1.3795,1.1879,-0.0352,0.2465,0.0413
9.5418,1.4179,1.1879,0.0073,0.2404,0.0328
9.5418,1.4945,1.4945,0.0279,0.2198,0.0291
9.4651,1.5711,1.5711,0.0304,0.2015,0.0206
9.5034,1.5711,1.3412,0.0146,0.1821,0.0085
9.5034,1.6861,1.5328,-0.0158,0.1676,0.0000
9.5418,1.6095,1.5328,-0.0437,0.1554,0.0000
9.5034,1.4945,1.4179,-0.0401,0.1445,0.0012
9.5801,1.4945,1.4562,-0.0255,0.1384,0.0000
9.6184,1.6095,1.4945,-0.0243,0.1348,0.0012
9.6184,1.6095,1.4562,-0.0364,0.1360,-0.0012
9.4268,1.7244,1.4562,-0.0619,0.1323,0.0000
9.6184,1.4945,1.4945,-0.0813,0.1251,0.0012
9.5034,1.5711,1.5328,-0.0850,0.1129,0.0000
9.5801,1.6095,1.4945,-0.0741,0.1032,0.0036
9.5034,1.5328,1.5711,-0.0571,0.0959,0.0024
9.5418,1.6478,1.5711,-0.0486,0.0923,-0.0024
9.5418,1.6095,1.6095,-0.0510,0.0898,-0.0049
9.6950,1.5328,1.5711,-0.0607,0.0765,-0.0036
9.6184,1.3412,1.4562,-0.0741,0.0753,-0.0073
9.5418,1.5328,1.4945,-0.0801,0.0826,-0.0085
9.5034,1.5328,1.4945,-0.0765,0.0874,-0.0085
9.4268,1.4945,1.5711,-0.0692,0.0850,-0.0097
9.4651,1.6095,1.6095,-0.0753,0.0898,-0.0109
9.5801,1.6095,1.2646,-0.1056,0.0947,-0.0109
9.6184,1.6095,1.5711,-0.1323,0.0911,-0.0049
9.5801,1.5328,1.5711,-0.1348,0.0898,-0.0024
9.5034,1.3795,1.5328,-0.1093,0.0935,-0.0049
9.5418,1.4179,1.6861,-0.0850,0.0983,-0.0121
9.6184,1.4179,1.6095,-0.0643,0.0996,-0.0158
9.5418,1.4945,1.6478,-0.0437,0.0886,-0.0170
9.5418,1.6861,1.6478,-0.0571,0.0728,-0.0146
9.6567,1.5328,1.6478,-0.0959,0.0559,-0.0049
9.5418,1.5328,1.4562,-0.1251,0.0376,0.0024
9.5034,1.5328,1.5711,-0.1311,0.0291,0.0024
9.6184,1.4179,1.4945,-0.1068,0.0304,-0.0049
9.6184,1.4562,1.5328,-0.0838,0.0413,-0.0097
9.5034,1.4562,1.6478,-0.0753,0.0474,-0.0134
9.5418,1.5711,1.4945,-0.0983,0.0413,-0.0109
9.5801,1.5711,1.4945,-0.1360,0.0255,-0.0061
9.6184,1.5711,1.7627,-0.1712,0.0182,-0.0012
9.5418,1.4179,1.4945,-0.1991,0.0170,-0.0036
9.6184,1.3795,1.5711,-0.2113,0.0134,-0.0061
9.5801,1.3795,1.5328,-0.2076,0.0049,-0.0134
9.6567,1.4945,1.4562,-0.2015,-0.0085,-0.0146
9.6567,1.6095,1.3412,-0.1651,-0.0073,-0.0206
9.5801,1.3795,1.3412,-0.1190,0.0206,-0.0328
9.5418,1.4179,1.3029,-0.0898,0.0449,-0.0340
9.5801,1.4945,1.5711,-0.0789,0.0437,-0.0243
9.5418,1.5711,1.7244,-0.0874,0.0389,-0.0231
9.5801,1.5328,1.5328,-0.1153,0.0291,-0.0109
9.5418,1.4562,1.5328,-0.1493,0.0219,-0.0024
9.6184,1.4945,1.5711,-0.1578,0.0243,0.0000
9.6184,1.4945,1.3029,-0.1129,0.0243,-0.0012
9.6184,1.4179,1.2263,-0.0522,0.0534,-0.0073
9.6184,1.3412,1.1496,0.0158,0.1068,-0.0134
9.6184,1.5328,1.2263,0.0753,0.1445,-0.0109
9.5801,1.6095,1.2646,0.0996,0.1797,-0.0024
9.5418,1.5328,1.4562,0.0947,0.2076,0.0012
9.6184,1.6095,1.5328,0.0789,0.2113,0.0036
9.6184,1.4945,1.6095,0.0680,0.1967,0.0061
9.6184,1.4562,1.4945,0.0571,0.1712,0.0073
9.6184,1.3412,1.8011,0.0364,0.1457,0.0109
9.6184,1.4179,1.8011,-0.0024,0.1202,0.0109
9.6567,1.4179,1.6478,-0.0267,0.0983,0.0085
9.4651,1.4179,1.6861,-0.0316,0.0874,0.0061
9.4268,1.4562,1.4945,-0.0267,0.0789,0.0049
9.4651,1.3795,1.5711,-0.0170,0.0838,0.0036
9.4651,1.4945,1.7244,-0.0085,0.0838,0.0012
9.5418,1.3795,1.5328,-0.0073,0.0826,0.0036
9.6950,1.3795,1.5328,-0.0121,0.0862,0.0036
9.4651,1.3795,1.5328,-0.0073,0.0911,0.0024
9.5801,1.4179,1.6861,-0.0049,0.0898,0.0012
9.5801,1.3795,1.6478,-0.0097,0.0874,-0.0036
9.5034,1.4179,1.6478,-0.0255,0.0838,-0.0061
9.5418,1.4562,1.5328,-0.0267,0.0801,-0.0073
9.5418,1.3795,1.5711,-0.0146,0.0826,-0.0061
9.4651,1.4562,1.6095,0.0012,0.0826,-0.0024
9.5034,1.4562,1.6861,0.0049,0.0789,0.0012
9.3885,1.6095,1.6478,-0.0073,0.0753,0.0012
9.5034,1.4562,1.6478,-0.0243,0.0704,0.0024
9.6567,1.3795,1.5328,-0.0328,0.0656,0.0000
9.5801,1.5328,1.6478,-0.0352,0.0595,-0.0024
9.5801,1.3795,1.6478,-0.0304,0.0546,-0.0012
9.4651,1.4562,1.5711,-0.0206,0.0522,-0.0012
9.6184,1.4562,1.7244,-0.0158,0.0534,-0.0024
9.5801,1.3795,1.4179,-0.0267,0.0583,-0.0012
9.6184,1.4562,1.6478,-0.0304,0.0631,-0.0012
9.5034,1.3412,1.6095,-0.0243,0.0607,-0.0024
9.5418,1.4562,1.5711,-0.0243,0.0498,0.0000
9.4651,1.4562,1.5711,-0.0134,0.0522,-0.0036
9.5801,1.4179,1.3412,0.0097,0.0704,-0.0085
9.5418,1.3412,1.4945,0.0255,0.0801,-0.0061
9.6184,1.4945,1.5711,0.0243,0.0826,-0.0024
9.6184,1.5711,1.6861,0.0085,0.0789,-0.0012
9.5801,1.5711,1.5328,-0.0206,0.0692,-0.0012
9.6567,1.4179,1.5711,-0.0413,0.0619,0.0000
9.6567,1.4945,1.6861,-0.0401,0.0571,0.0012
9.4268,1.4179,1.4945,-0.0182,0.0571,0.0000
9.5034,1.4562,1.5711,0.0000,0.0656,-0.0012
9.5801,1.5328,1.4945,0.0134,0.0716,-0.0024
9.5418,1.4562,1.5328,0.0243,0.0789,-0.0012
9.6184,1.4562,1.4945,0.0316,0.0765,-0.0024
9.6184,1.3412,1.4562,0.0328,0.0862,0.0000
9.5418,1.3412,1.5328,0.0449,0.0947,-0.0012
9.5418,1.4562,1.6478,0.0656,0.1068,-0.0024
9.4651,1.4945,1.4945,0.0789,0.1166,-0.0049
9.6567,1.5328,1.4945,0.0838,0.1190,-0.0049
9.6567,1.5328,1.7627,0.0643,0.1093,-0.0036
9.5034,1.6095,1.6861,0.0304,0.0923,0.0012
9.5801,1.4562,1.6478,0.0012,0.0813,0.0012
9.5418,1.4562,1.4945,-0.0024,0.0826,0.0024
9.5801,1.4945,1.4562,0.0267,0.0813,0.0036
9.6184,1.3795,1.5328,0.0813,0.0874,-0.0036
9.5801,1.4562,1.5328,0.1105,0.0947,-0.0061
9.6184,1.4179,1.6095,0.1117,0.0983,-0.0073
9.5034,1.6095,1.6095,0.0923,0.0923,-0.0049
9.3885,1.4945,1.5711,0.0692,0.0850,-0.0012
9.4651,1.5328,1.5328,0.0425,0.0850,-0.0012

