-.-.-
8.013735,0.241897,-5.728887,0.006000,-0.112765,0.014317
8.085586,0.210762,-5.216353,0.004091,-0.147399,0.005727
8.047266,0.189207,-5.362449,0.005181,-0.057132,-0.040497
8.020920,0.150886,-5.292993,-0.037906,-0.019635,0.011317
7.338340,0.158071,-5.228328,-0.047587,-0.049633,0.017317
8.008945,0.177231,-5.257068,-0.029725,-0.025089,-0.017453
7.992180,0.220342,-5.384004,-0.022907,-0.039134,-0.015544
7.333550,0.273032,-5.309758,-0.017590,-0.024544,0.013090
7.343130,0.256267,-5.374424,-0.047860,0.007909,-0.013908
7.340735,0.268242,-5.340894,-0.048133,0.015544,-0.013635
7.340735,0.277822,-5.424719,-0.043088,-0.008181,0.013635
7.319180,0.258662,-5.410349,-0.048815,0.035861,0.008318
7.304810,0.258662,-5.321733,-0.048133,-0.012135,0.009545
7.314390,0.239502,-5.345684,-0.041452,0.035179,0.006545
7.302415,0.275427,-5.292993,-0.045269,0.015135,0.006409
7.331155,0.251477,-5.400769,-0.050451,-0.011045,0.008318
7.292834,0.201182,-5.338499,-0.046633,-0.003136,0.000545
7.345525,0.213157,-5.357659,-0.022089,-0.002182,0.007090
7.292834,0.225132,-5.328918,-0.023317,0.009136,0.011181
7.328760,0.189207,-5.340894,-0.025771,-0.038997,-0.014454
7.355105,0.229922,-5.233118,-0.030407,0.011999,0.016635
7.340735,0.210762,-5.276228,-0.028498,-0.005727,-0.017181
7.350315,0.246687,-5.364844,-0.070086,0.015544,-0.013772
8.006550,0.237107,-5.300178,-0.021135,-0.007227,0.013226
7.357500,0.217947,-5.309758,-0.048406,-0.002045,0.011181
7.340735,0.239502,-5.283413,-0.049087,-0.003682,0.013363
7.977810,0.193997,-5.374424,-0.046088,0.018271,0.010772
7.984995,0.237107,-5.328918,-0.018271,-0.002454,0.015544
7.982600,0.225132,-5.319338,-0.050860,0.045815,0.016635
7.323970,0.210762,-5.324128,-0.020180,-0.000273,0.015817
7.345525,0.246687,-5.336104,-0.020862,-0.014181,0.011999
7.350315,0.232317,-5.350474,-0.050451,0.015272,0.005045
7.297625,0.225132,-5.386399,-0.045406,-0.002727,0.007090
7.982600,0.217947,-5.307363,-0.048951,-0.038724,0.012954
7.347920,0.246687,-5.254673,-0.018680,0.003409,0.007909
7.352710,0.258662,-5.345684,-0.019499,-0.038724,-0.016908
7.338340,0.251477,-5.345684,-0.022226,-0.029589,0.014726
7.326365,0.251477,-5.355264,-0.021544,0.005863,0.013499
7.300020,0.225132,-5.345684,-0.019908,-0.043497,0.014454
7.285649,0.225132,-5.376819,-0.017726,-0.024544,0.013772
7.295229,0.217947,-5.417534,-0.020726,-0.022907,0.011726
7.326365,0.256267,-5.417534,-0.047724,-0.038588,0.011590
7.278464,0.249082,-5.419929,-0.019226,0.015135,-0.015544
7.295229,0.220342,-5.422324,-0.023726,-0.047042,0.014317
7.271279,0.241897,-5.446274,-0.028089,-0.011590,-0.016635
7.283254,0.268242,-5.506150,-0.028225,-0.051678,-0.010227
7.256909,0.191602,-5.460645,-0.024407,0.011863,0.010090
7.218589,0.239502,-5.465435,-0.049633,0.015953,0.014454
7.204219,0.227527,-5.434299,-0.052360,-0.035725,0.006000
7.280859,0.215552,-5.467830,-0.052224,0.000273,0.011045
7.252119,0.241897,-5.472620,-0.045542,0.006136,0.012817
7.235354,0.244292,-5.465435,-0.049360,0.009545,0.015817
7.213799,0.241897,-5.465435,-0.017726,0.008999,0.010636
7.220984,0.249082,-5.446274,-0.048406,0.011045,0.007909
7.259304,0.277822,-5.467830,-0.040497,0.014181,0.011726
7.244934,0.234712,-5.501360,-0.045815,0.009817,0.007090
7.247329,0.222737,-5.424719,-0.041315,0.009408,0.006954
7.297625,0.244292,-5.403164,-0.041861,0.011454,0.006000
7.268884,0.198787,-5.455854,-0.040088,-0.015135,0.007772
7.232959,0.191602,-5.479805,-0.039952,-0.015272,0.015817
7.177874,0.170046,-5.453459,-0.045406,-0.055769,0.013772
7.254514,0.170046,-5.489385,-0.018817,-0.078131,-0.011726
7.168293,0.222737,-5.451064,-0.029452,0.041179,0.015408
7.187454,0.198787,-5.489385,-0.021680,-0.042270,0.008999
7.235354,0.251477,-6.200706,-0.051814,0.004363,0.014863
7.170688,0.191602,-6.136040,-0.019908,-0.008590,-0.010908
7.209009,0.189207,-5.494175,-0.029180,-0.004772,-0.009954
7.213799,0.296982,-5.508545,-0.070222,-0.011181,-0.008045
7.204219,-0.282612,-5.475015,-0.022635,0.004772,0.012681
7.173083,-0.273032,-5.498965,-0.039679,-0.036270,0.005454
7.180269,0.289797,-5.515730,0.007636,-0.038861,0.003000
7.161108,0.134121,-6.179150,0.006818,-0.026998,0.005045
7.149133,0.098196,-6.164780,-0.020453,-0.081131,0.047587
7.149133,0.182021,-6.143225,-0.076085,-0.058223,0.024271
7.144343,0.258662,-6.212681,-0.063405,-0.076495,0.021544
7.125183,-0.268242,-6.200706,-0.054132,-0.080176,0.018544
7.115603,-0.296982,-6.205496,-0.073358,-0.081812,0.046906
7.125183,0.222737,-6.239026,-0.023589,-0.059041,0.037634
7.060518,0.186812,-6.320457,-0.082630,-0.023453,0.041043
7.635322,0.138911,-6.301296,-0.106765,-0.073495,0.022498
7.058123,0.079036,-6.349197,-0.099675,-0.119037,0.076085
7.058123,-0.282612,-5.872588,-0.125036,-0.133627,0.057269
7.635322,-0.170046,-5.961204,-0.175487,-0.172351,-0.006681
6.660549,0.668210,-5.987549,-0.106220,0.021135,-0.110038
6.533613,0.673000,-6.040239,0.032725,0.096129,-0.145762
6.708450,-0.095801,-6.057004,0.133627,0.053587,-0.174942
7.558682,0.301772,-5.920488,0.164306,-0.080040,-0.149989
7.417375,-0.816702,-5.946833,0.123946,-0.116173,-0.111265
7.592212,-0.802332,-6.370752,0.021817,-0.027134,-0.019226
7.276069,0.184417,-6.344407,0.040088,0.055087,-0.121900
6.720425,0.095801,-5.264253,-0.074995,-0.160625,-0.085085
7.522756,0.234712,-6.435417,-0.079222,0.093266,-0.038588
7.462881,0.040715,-6.284531,-0.085085,-0.045951,0.027407
7.503596,-0.689766,-5.901328,-0.180805,0.028498,0.110174
7.498806,-0.627495,-5.841453,-0.198258,0.047451,0.154898
7.491621,0.270637,-5.946833,-0.207667,0.036406,0.177533
7.505991,-0.160466,-6.377937,-0.209712,0.044451,0.098175
7.474856,-0.093406,-6.404282,-0.145217,0.032861,0.070631
7.529941,-0.201182,-6.368357,-0.032998,0.085221,-0.047451
7.553892,0.225132,-6.385122,-0.000682,-0.016362,-0.075404
7.613767,0.134121,-6.334827,-0.011590,0.001773,-0.034634
7.582632,0.143701,-6.363567,0.016226,-0.038997,-0.034907
7.541917,0.263452,-6.349197,-0.004772,-0.034225,-0.033952
7.618557,-0.282612,-6.291716,0.024680,-0.049496,-0.057950
7.580237,0.285007,-6.325247,0.055496,-0.045815,-0.119037
7.508386,0.170046,-5.843848,0.107038,-0.055905,-0.090675
7.486831,0.038320,-5.908513,0.066541,-0.083721,-0.055360
7.060518,-0.689766,-6.421047,0.018135,-0.046224,-0.000273
6.689290,-0.783171,-6.753955,-0.016090,-0.131172,0.020317
6.627019,0.265847,-6.126460,0.001364,-0.102947,0.040497
6.624624,-0.263452,-6.794670,0.002318,-0.103220,0.011726
6.607859,0.241897,-6.804250,0.035588,-0.190486,-0.014590
6.456973,0.040715,-6.842571,0.007227,-0.251982,0.059996
7.026987,0.091011,-6.854546,-0.101993,-0.220757,0.142899
6.873706,-0.102986,-6.813831,-0.141808,-0.307614,0.160761
5.975574,-0.268242,-6.842571,-0.169351,-0.229211,0.097493
6.785090,-0.220342,-6.998247,-0.220621,-0.323159,0.120673
6.799460,-0.196392,-7.525151,-0.087539,-0.292343,0.156943
6.730005,-0.696951,-7.462881,0.003136,-0.314705,0.092584
6.018684,-0.768801,-6.593489,-0.068450,-0.211212,-0.010227
6.883286,-0.007185,-7.498806,-0.036816,-0.115901,0.008454
6.064189,0.244292,-6.682104,0.001909,0.033270,-0.015817
5.970784,0.191602,-6.504873,-0.065313,-0.066677,0.054132
6.045029,0.131726,-7.381450,-0.056587,-0.210121,0.107174
6.049819,0.148491,-7.369475,-0.119446,-0.087539,0.138808
5.913303,0.706531,-6.708450,-0.089994,-0.043088,0.090675
5.872588,-0.052690,-6.631809,-0.105538,-0.041043,0.043224
5.894143,0.682581,-7.438931,-0.023453,0.043224,0.008863

