-.-.-
10.442285,0.227527,1.041833,-0.182851,-0.171397,0.035452
10.447075,0.395178,1.152004,-0.075676,-0.065723,-0.068313
9.656719,-0.622705,1.415457,0.071858,-0.119855,-0.014999
9.604028,0.210762,0.974773,0.121900,-0.027407,0.041043
9.668694,0.069456,1.094524,-0.088903,-0.016090,-0.005591
9.781260,0.304167,1.470542,-0.060677,-0.042951,-0.022226
10.547666,0.043110,0.950823,-0.325340,-0.020180,0.035588
10.214758,1.516047,0.998723,-0.122991,-0.009954,-0.100084
9.829160,-0.397573,1.513652,0.085903,0.027407,0.005318
10.554851,-0.828677,1.470542,0.051542,-0.007227,0.038179
9.759705,-0.366438,1.472937,-0.240528,0.101311,-0.051269
9.989626,-0.469424,1.243015,-0.433605,0.089721,-0.031089
9.661509,0.088616,0.929268,-0.633227,0.080585,0.011999
9.690249,0.874182,1.116079,-0.443286,0.022635,-0.081267
9.841135,-0.064666,1.094524,-0.234120,-0.030543,-0.002318
10.585986,0.730481,1.372346,-0.052905,0.034907,0.070495
9.563313,-0.117356,0.958008,-0.079767,0.036543,0.085630
10.449470,0.237107,1.111289,0.021817,-0.039134,0.025089
9.582473,-0.749641,1.245410,-0.157080,0.076495,0.061496
10.585986,0.593965,1.207090,-0.139763,-0.117537,-0.112219
9.953701,0.828677,1.377136,0.152716,0.106356,-0.017590
9.771680,0.728086,1.049019,0.242573,0.004500,0.023726
9.718989,-0.007185,2.076482,0.222120,0.046224,0.039543
9.623188,0.146096,0.974773,0.197849,0.044997,-0.002727
9.807605,-0.366438,1.398691,0.021135,0.051269,0.085767
9.802815,0.692161,1.851350,-0.020862,-0.037634,-0.032998
9.651929,0.728086,0.946033,0.119173,0.073495,-0.026044
9.668694,-0.191602,1.039438,0.148217,0.059996,0.026180
9.580078,-0.196392,1.968706,0.115355,0.026044,0.027134
9.735754,-0.435894,1.195115,0.050996,0.034088,0.022226
9.565708,-0.445474,1.477727,-0.343884,0.026862,0.051814
10.504556,1.437012,1.207090,-0.343884,-0.119173,-0.177260
10.087822,-0.007185,1.022673,-0.155443,0.056178,-0.085221
9.699829,0.146096,1.065784,0.122855,-0.083176,0.112083
9.750125,-0.035925,1.983076,-0.008045,0.049224,-0.003000
9.642349,-1.293311,0.929268,-0.075267,-0.010363,0.034907
9.680669,-0.773591,1.128054,-0.379882,-0.032861,0.042133
10.437495,0.593965,1.880090,-0.329295,-0.071858,-0.091902
10.116563,0.634680,1.525627,-0.108674,0.080040,-0.034088
9.738149,-0.069456,1.520837,0.129536,-0.041997,0.030816
10.444680,-0.067061,1.858535,0.025225,-0.007636,0.016090
9.644744,-0.522114,1.087339,0.040633,-0.005727,0.018135
9.568103,-0.845442,0.522114,-0.202895,0.071177,0.021680
10.574011,1.319656,1.882485,-0.260845,-0.058905,-0.093675
9.568103,-0.091011,0.960403,0.121082,0.011045,0.032043
9.568103,-0.091011,0.960403,0.121082,0.011045,0.032043
10.566826,-0.138911,1.884880,0.157080,0.038861,0.023044
9.733359,-1.293311,1.080154,0.069131,0.011999,0.059723
9.857900,-0.783171,2.040557,-0.376200,-0.101856,0.022635
10.717712,1.453777,0.996328,-0.177669,-0.112219,-0.129263
9.608818,-0.277822,1.049019,0.029452,0.029725,-0.008863
9.620793,-0.038320,1.511257,0.214621,0.005863,0.071858
10.490186,0.213157,1.207090,0.223757,0.076631,0.049224
9.649534,-1.480122,1.159189,0.099947,0.053042,0.085085
10.097402,-0.895737,0.953218,-0.288252,0.021271,0.044042
10.576406,1.286125,1.082549,-0.097766,-0.018544,-0.154080
9.975256,0.775986,1.120869,0.062995,0.062586,-0.049769
9.589658,-0.170046,1.025068,0.270390,0.068450,0.060132
10.499766,-0.273032,1.932781,0.284298,0.184623,0.061087
9.529783,-0.704136,1.207090,0.098857,0.153125,0.091630
9.965676,-0.009580,2.112407,-0.091902,0.126536,0.025771
10.533296,1.942361,1.135239,0.109901,0.001500,-0.019635
9.637559,0.893342,0.922083,0.267254,0.094357,0.083585
9.632769,0.680186,1.171165,0.366383,0.151080,0.178624
9.759705,0.845442,2.071692,0.365156,0.126127,0.215166
9.541758,0.304167,1.932781,0.165125,0.087266,0.259618
8.935818,1.245410,2.543511,-0.150535,0.079085,0.164306
9.182505,1.453777,1.786685,0.001773,-0.049360,0.067359
10.461445,0.371228,1.827400,-0.265208,-0.061087,-0.039815
9.635164,0.586780,1.666934,-0.447786,-0.043906,-0.052905
9.714199,1.398691,2.129172,-0.490737,0.052360,-0.082085
9.896221,2.035767,2.141147,-0.449286,0.140035,-0.098311
9.824370,2.110012,1.547183,-0.432514,0.010636,-0.214894
9.845925,1.628613,1.726809,-0.160216,-0.077722,-0.235074
9.992021,0.517324,1.877695,-0.227847,-0.122991,-0.267663
9.661509,0.883762,1.487307,-0.362429,-0.233847,-0.270390
10.602751,-0.205972,0.641865,-0.623273,-0.268208,-0.277480
9.699829,0.838257,0.871787,-0.611820,-0.165806,-0.204122
9.639954,0.764011,0.811912,-0.552097,-0.100220,-0.145626
9.826765,-0.102986,0.749641,-0.575959,-0.180532,-0.077858
11.177556,-0.428708,0.546064,-0.738356,-0.354111,0.026180
8.983718,0.720901,-0.081431,-0.293024,-0.450104,0.256345
11.232642,0.217947,1.571133,-0.236165,-0.273799,0.003682
11.110496,-0.378413,1.877695,-0.293433,-0.148080,-0.135399
10.574011,-0.419128,1.178350,-0.139354,-0.048815,-0.265345
9.055569,-1.379531,1.152004,-0.223757,-0.005318,-0.242301
9.570498,-0.526904,1.104104,-0.091084,0.043770,-0.197440
9.936936,-0.371228,1.896855,-0.184896,0.049906,-0.124218
9.766890,-0.419128,1.084944,-0.049087,0.039815,-0.109083
9.683064,-1.353186,1.386716,-0.112083,0.057950,-0.107038
9.556128,-1.532813,1.243015,-0.287434,0.057678,-0.069268
9.570498,-1.099314,0.337698,-0.410152,0.077585,-0.084539
9.769285,-1.310076,0.522114,-0.458013,0.025498,-0.026180
10.473420,-0.910107,1.278940,-0.231392,0.076495,0.011454
9.517808,-0.536484,1.324446,-0.057678,0.094630,0.027271
10.032737,-1.504072,1.384321,-0.047315,0.120537,0.112765
9.558523,-0.938848,1.336421,-0.045815,0.093130,0.149035
10.035132,-1.104104,0.608335,-0.085903,0.152035,0.190214
9.524993,-0.946033,0.490979,-0.023998,0.114674,0.223211
10.454260,-0.395178,0.431104,0.053723,0.048951,0.206031
10.459050,-0.646655,0.323328,0.224029,0.078267,0.167170
10.530901,0.246687,0.419128,0.391881,0.017999,0.112901
10.686577,0.534089,0.838257,0.620955,0.092721,0.047451
8.907078,-0.055085,0.593965,0.607320,0.100493,-0.049769
10.063872,0.809517,1.583108,0.651635,-0.049224,0.021680
9.810000,1.307681,1.748364,0.810078,-0.021135,0.178487
9.831555,0.447869,2.086062,0.617547,-0.151489,0.256482
11.076965,-0.038320,0.991538,0.310887,-0.265481,0.187623
11.086545,0.431104,0.989143,-0.033407,0.065723,0.087403
10.020762,0.498164,1.645378,-0.015817,0.209576,0.150262
9.872271,0.840652,2.459685,-0.070631,0.215984,0.098720
9.886641,0.359253,1.719624,-0.123809,0.106356,0.034634
10.092612,0.318538,2.126777,-0.279798,0.035725,0.014044
9.608818,1.360371,1.853745,-0.282389,-0.010908,0.002182
9.678274,1.049019,1.207090,-0.212848,-0.016772,0.013499
9.594448,1.355581,1.199905,-0.172488,0.035452,-0.038588
9.522598,1.425037,1.156794,-0.151489,0.006000,-0.051269
9.546548,1.484912,1.001118,-0.068586,-0.052224,-0.079631
9.697434,1.254990,1.072969,-0.113719,-0.051678,-0.109765
9.762100,0.385598,1.123264,-0.098720,-0.052224,-0.107720
9.587263,0.878972,1.468147,-0.087403,-0.074040,-0.077858
9.513018,0.764011,1.463357,-0.088903,-0.036406,-0.080040
9.592053,0.625100,1.374741,-0.183532,-0.053860,-0.062314
9.958491,-0.040715,1.372346,-0.167306,-0.059996,-0.110174
10.478210,0.184417,1.228645,-0.317432,-0.126127,-0.088630
10.528506,0.143701,1.233435,-0.275707,-0.092721,-0.049633
9.599238,0.253872,0.378413,-0.266844,-0.107856,0.014863
9.752520,-0.198787,0.538879,-0.273526,-0.075131,-0.038997

