-.-.-
7.352710,0.387993,6.938372,0.048951,0.204258,0.230574
8.188572,0.601150,6.835386,0.049633,0.006681,0.261254
7.666458,0.404758,7.398215,0.075404,0.133627,0.095175
8.231682,1.355581,7.127578,-0.030134,0.238892,0.104992
8.622070,1.144819,7.620952,-0.107310,0.229074,0.094630
8.052056,0.972378,7.513176,-0.083449,0.603638,0.060677
6.607859,1.319656,7.343130,-0.144126,0.443286,0.003682
6.504873,1.360371,8.114326,-0.063405,0.355202,0.083176
6.627019,1.403481,8.111931,-0.086994,0.338430,0.070768
6.550378,1.425037,7.915540,-0.032452,0.335840,0.029998
6.497688,1.398691,7.829319,-0.084948,0.195940,0.020998
6.600674,1.005908,7.704778,-0.024135,0.147262,-0.000273
6.468948,1.082549,8.250842,-0.076495,0.095175,0.007090
6.993457,1.020278,7.709568,-0.044860,0.155989,-0.004909
6.935977,0.984353,7.903564,-0.046088,0.091902,-0.001227
6.993457,1.523232,8.614885,-0.078676,0.147808,-0.016772
6.832991,0.953218,8.717871,-0.050587,0.131718,-0.005318
6.777905,1.496887,8.665181,-0.044724,0.053723,0.015681
6.775510,1.482517,8.749006,0.000818,0.079903,0.015135
6.859336,0.934058,8.617280,-0.019226,0.044724,0.013363
6.768325,0.993933,8.619675,-0.029452,0.072949,0.013772
6.768325,1.005908,8.705896,-0.032589,0.040770,-0.036952
6.746770,1.013093,8.674761,-0.030543,0.041588,0.010636
6.758745,0.979563,8.672366,-0.027407,-0.017453,0.001773
6.844966,1.513652,8.715476,-0.023453,0.040633,0.013772
6.109695,0.977168,8.782537,-0.021271,-0.013635,0.006681
6.057004,0.955613,8.662786,-0.026180,-0.035588,0.006409
6.876101,1.499282,8.660391,-0.043224,0.045951,-0.015272
6.770720,1.520837,8.624465,-0.045951,0.018135,0.035861
6.131250,0.977168,8.780142,-0.018817,0.055496,-0.013635
6.109695,0.998723,8.753796,-0.026998,-0.006000,0.014590
6.064189,1.013093,8.734636,-0.029998,-0.051814,0.011454
6.061794,0.984353,8.799302,-0.033134,-0.021817,0.006818
6.804250,0.950823,8.746611,-0.026862,-0.023862,0.006681
6.083350,0.972378,8.703501,-0.051678,-0.071995,0.011590
6.785090,0.977168,8.710686,-0.025635,-0.079494,0.010090
6.828201,0.984353,8.605305,-0.030407,-0.068586,0.009681
6.892866,0.962798,8.629255,-0.025635,-0.080449,0.001909
6.864126,0.989143,8.588540,-0.023726,-0.077722,-0.037497
6.864126,0.962798,8.643625,-0.052087,-0.020998,-0.036134
6.919211,0.943638,8.617280,-0.037225,-0.105674,-0.037225
6.955137,0.958008,7.812554,-0.029316,-0.092584,-0.043497
7.010222,0.958008,7.925120,-0.017999,0.014454,0.007227
7.005432,1.518442,7.927515,-0.047315,-0.050860,0.007090
7.048542,0.934058,7.898774,-0.031498,-0.042133,-0.042270
7.000642,1.516047,7.913145,-0.072268,-0.079494,0.010908
7.022197,0.958008,7.819739,-0.040770,-0.059996,-0.044179
7.043752,1.017883,7.850874,-0.031907,-0.089584,-0.027134
6.971902,0.946033,7.893984,-0.026862,-0.185987,-0.056996
6.536008,1.010698,7.673643,-0.117946,-0.237937,-0.033952
6.567144,0.922083,8.174202,-0.126127,-0.199486,-0.031634
6.634204,1.429827,7.173083,-0.050042,-0.244755,-0.082630
6.792275,1.070574,8.190967,0.080858,-0.164034,-0.162806
6.627019,1.264570,7.671248,-0.145353,-0.690496,-0.166488
7.568262,1.381926,7.170688,-0.015544,-0.895027,-0.141399
7.192244,1.496887,7.417375,0.009272,-1.135009,-0.197168
7.848479,0.558040,6.809041,0.149171,-1.465122,-0.254164
8.411309,0.378413,6.286926,0.143990,-1.757056,-0.259072
10.590776,0.881367,4.984036,0.092584,-1.990766,-0.316614
9.915381,0.634680,4.021238,0.222939,-1.494984,-0.332022
9.891431,-0.038320,4.315825,0.186259,-1.638973,-0.349475
9.915381,-0.076641,3.065625,0.174124,-1.282408,-0.250073
10.071057,0.167651,2.541116,0.093948,-1.783236,-0.233438
18.432070,-1.501677,-2.498005,0.074995,-2.330151,0.109219
10.669812,-0.205972,1.290916,0.092857,-1.842686,-0.029861
9.656719,0.251477,0.201182,-0.041043,-2.097804,-0.023453
10.684182,0.225132,-1.817820,-0.003136,-2.448779,0.030271
9.271121,-0.629890,-1.619033,-0.022907,-2.066579,-0.056860
10.025552,-0.670605,-3.592529,0.010363,-1.830550,-0.057814
8.555010,0.064666,-3.913462,-0.144535,-0.986247,-0.053451
8.840017,-0.687371,-3.499124,-0.126536,-0.962249,-0.120946
8.753796,0.141306,-4.294270,-0.119446,-1.102966,-0.142217
8.849597,-0.215552,-4.028423,-0.071313,-0.980521,-0.092857
7.745493,0.124541,-4.148174,-0.293979,0.365837,-0.236710
8.782537,0.016765,-4.974456,-0.231529,-0.070495,-0.240937
7.884404,-0.761616,-5.077441,-0.059587,-0.681087,-0.218712
8.768167,-0.773591,-5.518125,0.018408,-0.905799,-0.125036
8.732241,-1.274150,-5.266648,0.008727,-1.451487,-0.139081
7.482041,-1.233435,-6.045029,-0.018953,-2.058670,-0.092721
7.024592,-0.502954,-8.823252,0.150262,-2.674853,-0.084130
4.878655,-1.063389,-9.855505,0.241483,-2.167753,-0.021408
4.406836,-1.439407,-9.625583,0.074040,-2.101213,-0.100356
3.786526,-0.462239,-9.795630,0.111265,-1.666789,-0.069268
2.165098,-0.917292,-9.560918,0.029180,-1.309133,-0.109628
2.007026,-0.735271,-10.030342,0.049633,-1.036971,-0.019771
1.341211,-0.917292,-11.122471,0.490192,-0.692541,0.034634
1.317261,0.907712,-10.528506,0.577049,-0.473284,0.089039
0.962798,-0.117356,-11.218271,0.617410,-0.268344,0.211212
1.422642,0.713716,-10.614727,0.348384,0.399926,0.116446
0.567620,-0.296982,-9.002878,0.335567,0.154080,0.364201
1.379531,0.268242,-8.643625,0.571459,0.089857,0.765763
1.662144,0.366438,-8.478369,-0.329022,0.771626,1.161053
3.099155,0.476609,-9.992021,0.169079,4.131794,0.615638
4.972061,1.616638,-7.400610,0.993747,4.433000,0.221575
6.128855,1.949546,-5.096602,0.256891,4.433000,-0.842803
6.926396,1.259780,-4.675078,0.003136,2.669263,-0.425424
8.756191,1.075364,-3.844006,0.296297,2.425599,-0.472330
9.096284,0.946033,-2.406995,0.305433,2.496230,-0.676588
8.286768,1.281335,-2.533931,0.507918,2.357831,-0.612638
7.132368,0.565225,-1.427432,0.544870,2.011765,-0.359565
7.973020,0.366438,0.179626,0.447241,1.662699,-0.127354
8.315508,0.419128,0.632285,0.305433,0.963476,0.003682
9.249565,1.032253,-0.804727,0.312796,-0.178351,0.072813
9.357341,0.821492,-0.344883,0.108401,-0.382882,-0.055087
9.251960,-0.249082,-0.759221,-0.053587,-0.294388,-0.182851
9.946516,-0.119751,-0.764011,-0.159807,-0.220348,-0.104856
9.762100,0.718506,-0.476609,-0.174533,-0.357383,0.060405
8.981323,0.661025,-0.114961,-0.533553,-0.478602,0.171942
9.738149,1.369951,-0.158071,-0.290570,-0.506418,0.142899
11.177556,0.605940,-1.135239,-0.470012,-0.885346,0.020044
9.795630,-0.028740,-1.015488,-0.311841,0.092448,-0.116037
9.965676,0.900527,-1.312471,-0.260436,-0.048542,-0.059859
9.139395,0.361648,-0.704136,-0.102538,0.021135,0.021544
9.527388,0.713716,-0.495769,-0.086039,-0.024953,0.006409
9.692644,0.661025,-1.240620,-0.099811,-0.075404,0.011726
9.560918,0.780776,-0.505349,-0.140990,-0.042406,0.017726
9.551338,0.866997,-0.519719,-0.031089,-0.057269,0.011454
9.618398,0.811912,-1.276545,-0.070631,-0.084539,-0.010090
9.577683,0.778381,-0.529299,-0.051133,0.015544,-0.007090
9.508228,0.857417,-1.286125,0.004500,-0.018953,0.037634
9.709409,0.816702,-1.274150,0.011045,0.010908,0.040906
9.589658,0.809517,-0.550854,-0.049769,-0.003682,-0.003000
9.627979,0.864602,-0.534089,-0.071449,0.025362,0.049633
9.522598,0.347278,-0.514929,-0.081131,0.027680,-0.006954
10.102192,0.416733,-1.374741,0.009272,0.003000,0.000136
9.589658,0.354463,-1.377136,-0.012408,-0.041043,-0.016908
9.560918,0.905317,-1.336421,0.031089,-0.008727,0.006954
10.102192,0.404758,-1.283730,0.070768,-0.014999,-0.014044

