-.-.-
3.405718,4.952900,8.286768,0.129263,-0.277616,0.404016
3.403323,5.034331,8.279583,0.149035,-0.220211,0.358883
3.518284,5.046306,8.863967,0.059723,-0.098038,0.234120
4.299060,4.275110,8.883127,0.078540,-0.107310,0.173033
3.640430,4.287085,8.293953,0.047042,-0.079631,0.143581
3.659590,4.248765,8.281978,0.041997,-0.059723,0.065995
3.592529,4.222419,8.339458,0.039679,-0.031634,-0.002318
3.568579,4.152964,8.308323,0.014999,0.014590,-0.013772
3.606899,4.136199,8.440049,0.015272,0.010227,0.010363
3.628455,4.126619,8.411309,0.008727,0.008181,-0.020180
3.621270,4.083508,8.466394,-0.040361,-0.036270,-0.027953
3.523074,4.140989,8.468789,-0.044315,-0.046224,-0.082630
3.585344,4.145779,8.454419,-0.047451,0.012817,-0.059723
3.484753,4.105063,8.363408,-0.037497,-0.007227,-0.064768
3.467988,4.155359,8.416099,-0.036134,0.042406,-0.111947
4.311035,4.241580,8.502319,-0.042542,0.050724,-0.116037
4.026028,4.924160,8.952583,-0.005727,-0.148080,-0.246800
3.721860,4.332590,8.255632,0.037497,-0.074176,-0.221575
3.470383,4.385281,8.717871,-0.034498,0.052360,-0.001773
4.026028,4.536167,9.237590,-0.078131,0.035861,0.082767
4.569697,4.217629,8.514294,0.002045,-0.068041,-0.006681
4.459526,4.576882,8.871152,-0.042542,-0.093811,0.005727
4.512217,4.502637,8.296348,-0.019908,-0.091084,0.040633
4.517007,4.509822,8.430469,0.005454,-0.101175,0.048815
4.538562,4.057163,8.861572,0.004909,-0.112083,0.049769
4.533772,4.061953,8.281978,-0.044724,-0.065859,-0.016499
4.526587,4.033213,8.286768,-0.072404,-0.083449,-0.035179
4.418811,4.018843,8.816067,-0.074995,-0.050178,-0.071177
4.337380,4.076323,8.281978,-0.056996,-0.003682,-0.082494
4.459526,4.059558,8.293953,-0.092857,0.072813,-0.104856
4.473896,4.100273,8.851992,-0.150398,0.111537,-0.146717
4.449946,4.574487,8.818462,-0.130218,0.149717,-0.138536
4.502637,4.545747,8.830437,-0.136081,0.171124,-0.181351
4.507427,4.557722,8.492739,-0.152853,0.218030,-0.178078
3.994893,4.428391,8.389753,-0.149307,0.185850,-0.132945
4.090693,4.033213,8.437654,-0.149580,0.100765,-0.127218
4.002078,4.052373,8.411309,-0.154762,0.024816,-0.138536
4.488267,4.452341,8.868757,-0.122855,-0.044860,-0.151216
4.361331,4.473896,8.624465,-0.107856,0.020589,-0.067632
4.536167,4.136199,8.279583,-0.153398,0.098584,-0.052496
4.030818,5.003196,8.416099,-0.123400,0.152853,-0.190759
4.445156,4.162544,8.775352,-0.134990,0.104311,-0.280207
3.642825,4.071533,8.710686,-0.174260,0.174397,-0.233847
4.026028,4.160149,8.780142,-0.210258,0.231256,-0.258663
4.042793,4.164939,8.301138,-0.158307,0.225257,-0.292479
4.332590,4.143384,8.849597,-0.172760,0.218984,-0.272162
4.545747,4.196074,8.293953,-0.201667,0.173169,-0.278435
4.440366,4.208049,8.784932,-0.200986,0.223484,-0.312796
4.476292,4.167334,8.768167,-0.217075,0.201804,-0.366519
4.502637,4.255950,8.873547,-0.207803,0.194986,-0.377564
4.464316,4.289480,8.784932,-0.237256,0.215575,-0.427742
4.581672,4.270320,8.758586,-0.234120,0.207394,-0.414379
4.512217,4.279900,8.794512,-0.236438,0.209712,-0.439059
4.485872,4.174519,8.830437,-0.231529,0.210530,-0.436605
4.466711,4.181704,8.717871,-0.236029,0.171942,-0.436605
4.476292,4.246370,8.710686,-0.284707,0.196486,-0.408380
4.581672,4.203259,8.744216,-0.286616,0.192668,-0.400062
4.066743,4.205654,8.648416,-0.228802,0.174397,-0.347430
4.021238,4.028423,8.734636,-0.226756,0.160352,-0.364337
4.064348,4.061953,8.789722,-0.179851,0.167170,-0.329158
4.112249,4.102668,8.729846,-0.130491,0.136354,-0.249255
4.217629,4.222419,8.691526,-0.150262,0.105674,-0.204122
4.193679,4.126619,8.679551,-0.141808,0.062177,-0.168806
4.220024,4.196074,8.674761,-0.101311,0.019226,-0.135672
4.277505,4.117039,8.691526,-0.112219,-0.007090,-0.125991
4.179309,4.081113,8.653206,-0.086585,-0.038452,-0.107310
4.121829,4.145779,8.626860,-0.033543,-0.045542,-0.026725
4.239185,4.145779,8.648416,-0.046497,-0.038315,-0.037497
4.181704,4.174519,8.636440,0.000682,-0.038997,0.015681
4.229604,4.085903,8.593330,-0.036543,-0.052087,0.025362
4.909790,4.061953,8.612490,-0.015544,-0.022635,0.055632
4.916975,4.107458,8.607700,-0.001909,-0.022089,0.112083
4.232000,4.181704,8.734636,-0.002727,-0.074313,0.112765
4.909790,4.140989,8.619675,0.050996,-0.084403,0.115219
4.162544,4.215234,8.674761,0.051542,-0.085630,0.069131
4.107458,4.267925,8.610095,0.044997,-0.084403,0.090948
4.076323,4.203259,8.588540,0.042679,-0.078267,0.094902
4.038003,4.267925,8.665181,-0.003545,-0.019226,0.096539
4.162544,4.909790,8.590935,0.036952,-0.070495,0.107038
4.593647,4.179309,8.684341,-0.017044,-0.023317,0.085085
4.576882,4.215234,8.689131,0.015135,0.016226,0.084676
4.047583,4.253555,8.655601,0.014863,-0.003409,0.070495
4.038003,4.287085,8.737031,0.000545,0.037361,0.050996
4.054768,4.179309,8.686736,-0.043906,-0.000954,0.038452
4.042793,4.229604,8.715476,-0.019090,-0.001500,-0.000136
4.061953,4.255950,8.701106,-0.048406,-0.005181,-0.003545
4.045188,4.265530,8.672366,-0.019226,-0.000682,0.011863
4.059558,4.284690,8.689131,-0.026725,0.036406,-0.041315
4.002078,4.246370,8.717871,-0.025771,0.041997,0.003954
4.028423,4.263135,8.720266,-0.025635,0.018680,0.003954
4.047583,4.200864,8.657996,-0.027271,0.020862,0.010908
4.119434,4.227209,8.677156,-0.033543,0.019362,0.015681
4.026028,4.907395,8.734636,-0.026725,0.045951,0.006545
4.081113,4.224814,8.753796,-0.033816,-0.007772,0.006818
4.016448,4.251160,8.686736,-0.021135,-0.004636,0.007499
3.987708,4.277505,8.701106,-0.020453,-0.009681,-0.012408
4.011658,4.203259,8.691526,-0.052087,-0.013499,-0.015135
4.011658,4.222419,8.727451,-0.050587,0.016908,-0.011863
4.038003,4.224814,8.737031,0.003545,0.000409,0.015953
4.035608,4.258345,8.732241,0.004363,-0.039679,-0.011181
4.014053,4.263135,8.760981,0.008181,-0.042679,-0.011317
3.994893,4.243975,8.720266,0.007909,-0.017590,-0.012681
4.021238,4.205654,8.725056,0.011863,-0.019226,-0.007227
4.042793,4.253555,8.744216,-0.016772,-0.031770,-0.008590
4.078718,4.263135,8.756191,-0.015817,-0.072949,-0.011726
4.576882,4.196074,8.701106,0.016362,-0.080312,-0.008045
4.581672,4.260740,8.698711,0.015544,-0.018817,0.037634
4.069138,4.174519,8.751401,-0.016362,-0.024544,-0.010227
4.533772,4.272715,8.619675,0.011863,-0.046906,0.013772
4.581672,4.246370,8.629255,-0.035861,0.004909,-0.010363
4.045188,4.179309,8.696316,-0.042133,-0.009817,-0.007363
4.033213,4.222419,8.677156,-0.050451,0.036952,-0.005318
4.114644,4.191284,8.698711,-0.022498,0.039270,0.037770
4.071533,4.217629,8.696316,-0.033134,0.042679,0.037088
4.105063,4.229604,8.725056,-0.025362,0.043361,-0.009545
4.119434,4.232000,8.679551,-0.023998,-0.006000,-0.014863
4.143384,4.198469,8.701106,-0.019908,-0.009681,-0.007636
4.033213,4.931345,8.720266,-0.032725,-0.042951,-0.014044
4.212839,4.179309,7.949070,-0.024816,-0.024271,0.016226
4.524192,4.179309,8.804092,-0.041724,-0.005591,-0.040906
4.035608,4.921765,8.650811,-0.045542,0.040770,-0.010090
4.167334,4.198469,8.667576,-0.018817,-0.043224,-0.009954
4.109854,4.148174,8.729846,-0.043088,0.012135,0.011181
4.112249,4.169729,8.679551,0.003272,0.000409,-0.007909
4.081113,4.243975,8.655601,0.000409,0.001227,-0.007363
4.059558,4.224814,8.696316,-0.042679,-0.035997,-0.017317
4.129014,4.275110,8.770562,-0.036270,0.013363,0.009681
4.066743,4.172124,8.648416,-0.048269,-0.037497,0.013635

