-.-.-
8.971743,0.304167,-1.733994,0.029589,0.127764,-0.146308
9.472302,0.141306,-2.277664,-0.049087,0.272980,-0.124764
9.386082,-0.215552,-1.745969,-0.074858,0.298206,-0.027816
9.237590,-0.086221,-2.071692,-0.160488,0.232211,0.063268
8.974138,0.651445,-1.963916,-0.260845,0.293706,0.141263
8.998088,1.226250,-1.944756,-0.202622,0.197304,0.111265
9.448352,1.288521,-1.856140,-0.096266,0.120128,0.043361
9.062754,0.495769,-1.202300,-0.088494,0.074858,-0.012545
9.079519,0.328118,-1.472937,-0.074040,-0.005591,0.007772
9.881851,0.354463,-1.096919,-0.058632,-0.012135,0.005318
9.951306,0.498164,-1.863325,-0.040633,-0.084948,-0.035588
9.589658,1.276545,-1.918411,-0.003409,-0.142217,-0.018817
9.946516,0.414338,-1.839375,0.079494,-0.175351,-0.020180
9.829160,0.356858,-1.060994,0.061768,-0.132400,-0.041997
10.068662,0.843047,-1.096919,0.057678,-0.106083,0.000682
9.601633,0.332908,-1.185535,0.086585,-0.077994,0.001773
10.109377,0.349673,-1.175955,0.063132,0.003818,-0.040497
10.071057,0.756826,-1.937571,0.066268,0.016226,0.004636
9.989626,0.332908,-1.214275,0.033407,0.011181,-0.045269
9.963281,0.871787,-1.954336,0.030271,0.042542,-0.035997
8.897498,0.799937,-0.931663,0.040633,-0.003136,0.016226
9.510623,-0.076641,-1.099314,-0.003954,0.057269,-0.008999
10.011182,0.634680,-0.941243,-0.025635,0.057269,-0.005318
9.819580,0.773591,-1.408271,-0.119582,0.117401,-0.006681
9.793235,0.706531,-2.529141,-0.122582,0.080994,0.026453
9.510623,0.493374,-1.947151,-0.226893,-0.084267,0.073904
9.872271,1.245410,-1.128054,-0.134309,-0.052224,-0.001227
9.182505,0.502954,-1.015488,-0.094902,-0.051133,0.005181
9.077124,0.325723,-0.977168,-0.094766,-0.045951,-0.047724
9.105864,0.443079,-1.142424,-0.118901,0.001091,-0.077040
8.847202,0.452659,-0.984353,-0.058087,-0.063405,-0.072813
9.465117,0.759221,-1.786685,-0.012817,-0.112765,-0.057678
9.510623,1.300496,-3.173401,-0.192123,-0.319750,-0.191032
9.477092,0.665815,-2.342329,-0.019226,-0.602411,-0.282525
8.638835,-0.306563,-2.354304,-0.102674,-0.648226,-0.265890
8.607700,-0.462239,-3.257227,-0.155852,-0.840621,-0.194577
8.983718,-0.740061,-2.196233,-0.216394,-0.828622,-0.200304
11.848162,-0.059875,-3.130291,0.161716,-0.660498,-0.101993
10.942844,0.850232,-3.005750,0.538052,-0.373746,-0.179442
9.491462,-0.926873,-3.264412,0.645499,0.001636,-0.251846
8.811277,-1.504072,-2.885999,0.344157,0.000136,-0.254982
8.672366,-0.392783,-4.320615,0.344430,-0.022089,-0.212712
7.975415,-0.668210,-4.540957,0.505055,-0.151762,-0.140444
7.383845,-1.269360,-5.731282,0.588230,-0.350702,-0.059587
8.418494,-0.067061,-5.489385,0.681633,-0.573641,-0.270253
7.767048,2.203418,-3.326682,1.100103,-0.469466,-0.408652
10.574011,1.125659,-3.812871,1.177006,-0.258391,-0.505055
11.156001,0.567620,-3.812871,0.974248,-0.382882,-0.667725
8.210127,2.119592,-4.227209,1.214504,-0.415197,-0.601730
8.270002,0.471819,-4.497847,1.355221,-0.490874,-0.531916
10.454260,1.063389,-4.457131,1.352494,-0.232483,-0.582367
9.204060,0.591570,-3.985313,1.402127,-0.176442,-0.717221
7.668853,0.802332,-4.033213,1.303815,-0.200713,-0.790716
8.820857,0.677791,-4.119434,1.150281,-0.137854,-0.753219
8.471184,0.881367,-4.253555,1.022518,-0.056587,-0.778035
8.636440,1.262175,-4.112249,0.856848,-0.034770,-0.726902
7.829319,1.887275,-4.215234,0.823986,-0.074858,-0.711222
7.767048,1.187930,-4.157754,0.762218,-0.110856,-0.665134
8.226892,1.029858,-4.267925,0.656407,-0.110174,-0.627773
8.246052,0.502954,-5.197192,0.437287,-0.098720,-0.613183
8.705896,0.371228,-6.198311,0.354520,-0.237665,-0.612638
8.250842,0.098196,-4.205654,0.501237,-0.387518,-0.524008
7.812554,-0.387993,-3.585344,0.523599,-0.064632,-0.455422
8.468789,-0.414338,-4.667893,0.514736,0.013772,-0.455967
9.304651,-0.464634,-4.861890,0.562732,-0.007499,-0.468785
8.751401,-0.998723,-4.660708,0.568050,0.020998,-0.536552
8.715476,-1.156794,-5.142107,0.540234,0.067086,-0.554278
8.696316,-1.398691,-4.986431,0.560278,0.154625,-0.561096
7.836504,-1.362766,-4.081113,0.561505,0.176987,-0.499464
7.692803,-0.380808,-4.054768,0.567505,0.179305,-0.419288
9.307046,-0.661025,-4.251160,0.657771,0.214621,-0.323159
9.422007,-0.902922,-4.246370,0.661862,0.255800,-0.187623
8.344248,-0.766406,-5.132527,0.523599,0.183805,-0.154216
8.085586,0.129331,-4.002078,0.439741,0.058769,-0.123946
8.186177,0.251477,-4.323010,0.416561,0.083449,-0.210394
8.452024,0.696951,-4.390071,0.480375,0.096948,-0.162534
8.550220,-0.253872,-4.239185,0.393790,0.044724,-0.067086
8.880732,-0.086221,-4.356541,0.177124,0.047178,-0.043361
8.394543,0.740061,-4.342170,0.099129,0.003818,-0.013908
8.394543,0.740061,-4.342170,0.099129,0.003818,-0.013908
8.543035,0.680186,-3.568579,0.033134,-0.017181,0.011181
8.499924,0.749641,-4.323010,0.006272,0.013772,-0.009272
8.320298,0.859812,-4.361331,-0.019499,0.009408,0.038452
8.444839,0.831072,-3.645220,-0.082221,0.003272,0.047724
8.372988,0.308958,-4.358936,-0.069404,0.001091,0.036406
8.502319,0.402363,-4.356541,-0.069404,0.004772,-0.003545
8.502319,0.402363,-4.356541,-0.069404,0.004772,-0.003545
8.387358,0.399968,-4.361331,-0.057678,0.013499,-0.016908
8.413704,0.368833,-4.342170,-0.082221,-0.013363,-0.012135
8.440049,0.361648,-4.346960,-0.078813,-0.001909,0.010908
8.317903,0.349673,-4.356541,-0.029998,0.037634,0.010363
8.351433,0.344883,-4.344565,-0.025362,-0.002182,0.005727
8.358618,0.332908,-3.669170,-0.046497,-0.010772,0.002045
8.346643,0.320933,-4.387676,-0.046497,0.015135,0.001773
8.463999,0.340093,-4.375701,-0.017862,0.010636,0.003272
8.463999,0.340093,-4.375701,-0.017862,0.010636,0.003272
8.447234,0.337698,-4.373306,-0.041588,-0.015681,0.006000
8.327483,0.318538,-3.659590,-0.044724,0.006954,0.013635
8.471184,0.318538,-4.299060,-0.018135,0.017044,0.011999
8.452024,0.912502,-4.385281,-0.044997,0.014863,0.012135
8.473579,0.840652,-4.308640,-0.049496,-0.003409,0.009272
8.440049,0.833467,-4.325405,-0.030680,0.035588,0.010908
8.440049,0.833467,-4.325405,-0.030680,0.035588,0.010908
8.370593,0.795146,-4.356541,-0.072404,0.038043,0.014863
8.416099,0.787961,-4.337380,-0.078540,0.039815,-0.008863
8.416099,0.787961,-4.337380,-0.078540,0.039815,-0.008863
8.380173,0.840652,-4.346960,-0.084676,-0.002045,-0.008999
8.377778,0.852627,-4.394861,-0.052905,-0.010636,-0.013635
8.370593,0.847837,-4.315825,-0.053723,0.012817,-0.015272
8.466394,0.833467,-4.351750,-0.056178,0.014181,-0.014863
8.440049,0.823887,-4.294270,-0.086721,-0.013772,-0.013226
8.463999,0.795146,-3.638035,-0.075676,-0.007909,-0.009545
8.456814,0.871787,-4.315825,-0.071040,-0.005863,-0.011045
8.437654,0.797542,-4.363726,-0.029180,-0.000409,-0.015817
8.411309,0.780776,-3.585344,-0.020453,-0.009954,-0.010363
8.428074,0.881367,-4.380491,-0.020726,0.035043,-0.014999
8.468789,0.809517,-4.330195,-0.044588,-0.014726,0.016499
8.394543,0.838257,-3.599714,-0.041588,-0.012954,0.010227
8.396938,0.828677,-4.378096,-0.047587,0.016226,0.004091
8.447234,0.797542,-4.299060,-0.036952,-0.016226,0.003136
8.372988,0.816702,-4.308640,-0.042815,0.011454,0.003272
8.420889,0.771196,-4.375701,-0.049087,0.003136,0.007363
8.363408,0.773591,-4.346960,-0.018544,-0.043906,0.010227
8.404124,0.795146,-3.669170,-0.052087,-0.043906,0.006272
8.396938,0.809517,-4.311035,-0.020726,-0.018271,0.006409
8.425679,0.771196,-4.306245,-0.021544,-0.046360,0.004909
8.428074,0.749641,-4.361331,-0.022226,-0.041724,0.001773
8.396938,0.711321,-4.330195,-0.070359,-0.041724,0.005318

