-.-.-
9.695039,-0.943638,0.313748,0.013226,0.088221,-0.014590
9.867480,-1.211880,1.513652,0.002727,0.043361,-0.018817
10.571616,-1.985471,0.634680,-0.059859,0.040633,0.039679
9.680669,-1.492097,0.570015,0.047724,0.058087,0.036952
9.553733,-1.331631,1.324446,-0.043497,0.082630,-0.048678
9.805210,-1.001118,0.450264,0.004909,0.101584,-0.041315
9.754915,-1.089734,0.526904,0.081267,0.107174,-0.003954
9.922566,-1.872905,1.034648,-0.023453,0.049769,-0.045815
10.466235,-2.014211,-0.134121,0.109492,-0.116583,0.014863
9.587263,-0.931663,0.924478,0.108810,-0.039270,-0.000409
9.668694,-1.487307,0.567620,-0.082085,0.053587,-0.034498
10.430310,-1.008303,0.452659,-0.117401,0.097766,0.006545
9.685459,-1.049019,1.494492,-0.059041,0.069404,0.036679
10.085427,-1.128054,1.453777,-0.108129,0.057405,-0.005318
9.740544,-2.138752,0.498164,-0.139217,0.109219,-0.013226
9.742939,-1.046624,1.384321,0.062586,-0.000273,0.014454
9.594448,-1.429827,1.025068,-0.145353,0.064904,-0.007909
9.745334,-1.494492,1.472937,-0.076631,0.090675,-0.026180
9.680669,-1.513652,1.027463,0.007909,0.114128,0.018680
10.099797,-0.938848,1.032253,0.029316,0.075949,0.008181
9.611213,-2.124382,1.425037,-0.024271,0.020589,0.006954
10.473420,-1.214275,1.432222,0.153943,0.041724,-0.012272
9.515413,-1.484912,1.120869,-0.083176,-0.010908,-0.007772
9.642349,-0.986748,1.506467,-0.088903,0.054132,-0.072813
9.625583,-0.953218,1.216670,-0.107038,0.033407,0.047178
10.490186,-1.041833,0.984353,-0.154898,0.261527,-0.002591
10.013577,-1.904041,1.195115,-0.143581,0.057814,-0.015953
9.632769,-1.049019,1.918411,0.078676,-0.070631,0.001091
9.948911,-1.300496,1.975891,-0.047860,-0.136627,0.004500
9.683064,-0.965193,1.161584,0.027407,-0.247482,-0.029043
10.430310,-1.101709,1.020278,-0.080040,-0.108947,0.038315
10.480605,-1.472937,0.998723,0.000954,-0.030271,-0.000545
9.709409,-1.939966,1.523232,-0.035179,0.089857,-0.014863
9.965676,-1.920806,1.460962,0.198258,-0.134309,-0.003682
9.565708,-1.013093,1.077759,-0.067222,-0.289207,0.044860
10.523716,-1.482517,0.562830,-0.060677,-0.146580,-0.027680
9.776470,-1.001118,0.565225,-0.190759,0.049633,0.040906
10.047107,-1.307681,1.530417,-0.058905,-0.064086,-0.006000
9.754915,-1.894460,1.312471,-0.135263,-0.031634,-0.017317
9.627979,-1.887275,0.538879,0.019771,-0.096129,-0.000273
9.616003,-1.427432,1.408271,-0.032043,-0.108810,0.012681
9.766890,-1.458567,0.411943,0.011045,-0.113310,-0.076222
9.639954,-1.075364,0.512534,-0.071449,0.029725,-0.011317
9.604028,-0.991538,0.581990,-0.018680,-0.031634,-0.013772
9.556128,-2.066902,0.601150,-0.095720,-0.080449,0.006681
9.793235,-1.209485,0.308958,0.025089,-0.031907,0.029998
9.529783,-1.410667,0.596360,-0.105129,-0.078403,0.004227
9.771680,-0.974773,0.320933,-0.032180,-0.025362,-0.077176
9.651929,-0.936453,0.359253,0.011863,0.017317,0.030543
9.647139,-1.492097,0.562830,-0.000818,0.076767,-0.036679
9.539363,-1.918411,1.278940,-0.113992,0.041724,-0.038997
10.425520,-1.968706,0.759221,-0.000682,0.018135,0.073222
10.097402,-1.458567,0.598755,-0.026589,-0.047997,0.010227
10.430310,-1.496887,0.399968,-0.069131,0.077040,-0.034498
9.807605,-0.929268,0.481399,-0.041724,0.091493,-0.004363
9.553733,-1.329236,1.233435,-0.003272,0.032589,0.003545
10.102192,-1.180745,1.470542,0.012272,0.074858,0.003136
10.547666,-2.054927,0.725691,-0.039679,0.028225,0.029725
9.544153,-1.008303,1.350791,-0.042542,0.063268,0.045269
9.618398,-1.511257,1.434617,-0.069540,0.025771,-0.022362
10.459050,-0.965193,1.307681,-0.076358,0.103629,-0.012954
9.675879,-1.408271,1.432222,0.011181,0.191850,0.042815
9.618398,-1.072969,1.068179,-0.013090,0.192395,0.006000
9.654324,-1.992656,1.259780,-0.055632,0.197031,0.007636
9.596843,-1.020278,1.065784,-0.021680,0.074722,0.029452
10.051897,-1.458567,1.171165,-0.070359,-0.004091,-0.042951
9.678274,-0.972378,1.022673,-0.023589,0.011590,0.009545
9.594448,-0.989143,1.037043,-0.013908,-0.074586,0.017453
9.647139,-0.946033,1.156794,-0.003545,-0.011045,-0.017317
9.742939,-1.880090,1.142424,0.036679,0.045815,-0.046906
9.709409,-1.178350,1.410667,-0.047042,0.046360,0.038179
9.551338,-0.948428,1.178350,-0.091084,-0.012408,0.010772
9.714199,-1.465752,1.029858,-0.066541,0.011726,-0.034088
9.774075,-0.946033,0.989143,-0.053587,0.038452,-0.000409
9.524993,-1.417852,1.168770,-0.015135,0.005318,-0.003409
9.556128,-1.111289,1.159189,0.039679,-0.007772,-0.040633
10.432705,-1.971101,1.422642,-0.017181,0.016090,0.036952
9.520203,-1.104104,1.130449,-0.060677,0.026862,-0.002727
9.613608,-1.432222,1.154399,-0.044997,0.002863,-0.044860
9.747729,-0.989143,1.065784,-0.083312,0.048542,-0.016362
9.618398,-1.401086,1.968706,-0.011999,0.042815,0.044042
9.522598,-0.993933,1.851350,0.039543,0.013908,-0.042270
9.781260,-2.002236,1.429827,0.042679,0.000136,0.036406
9.541758,-1.063389,1.049019,-0.042542,-0.022226,0.041588
9.558523,-1.410667,1.178350,-0.046360,-0.087403,-0.049769
9.795630,-0.986748,1.518442,-0.018135,-0.041179,0.005045
9.623188,-0.926873,1.096919,-0.036952,-0.060132,-0.005318
9.647139,-0.993933,1.039438,-0.044860,-0.091221,-0.039815
9.769285,-1.971101,1.465752,-0.043224,0.014454,-0.036406
9.616003,-1.072969,0.953218,-0.047587,-0.055905,0.038179
10.114167,-1.434617,1.084944,-0.082630,-0.101038,0.001909
10.473420,-0.993933,1.362766,-0.075540,-0.050724,-0.044451
9.659114,-1.465752,1.453777,0.001227,-0.080585,0.051405
10.111772,-0.941243,0.962798,-0.035997,-0.094630,-0.041724
9.673484,-1.920806,1.269360,-0.028362,-0.138399,-0.051269
10.530901,-1.178350,0.443079,0.002318,-0.065041,0.020317
10.095007,-1.458567,1.384321,-0.068041,-0.065723,0.003545
9.750125,-0.967588,0.608335,-0.080176,-0.068995,-0.045815
9.764495,-1.506467,0.464634,0.011863,0.011181,-0.000409
9.527388,-1.508862,1.243015,-0.006409,0.010363,0.001500
9.599238,-1.851350,1.305286,0.009954,0.085494,0.008590
9.766890,-1.918411,0.886157,0.001364,0.019635,0.049496
9.651929,-1.032253,1.401086,-0.105402,0.107038,0.017317
9.702224,-0.967588,1.434617,-0.094221,0.249800,-0.037497
10.538086,-1.487307,1.288521,-0.078813,0.174533,0.008590
9.596843,-1.374741,0.991538,0.009817,0.176987,0.006545
9.881851,-1.137634,1.037043,-0.008727,0.031770,0.002318
9.740544,-1.896855,1.405876,-0.028634,0.018544,0.040497
9.726174,-1.075364,0.998723,-0.032180,0.071858,0.035179
9.584868,-0.950823,1.087339,-0.111947,-0.026316,-0.021408
9.752520,-1.094524,0.977168,-0.115219,0.051133,0.036134
9.632769,-1.420247,1.154399,0.007636,0.085903,0.051269
10.001602,-1.089734,1.096919,-0.039134,-0.038861,-0.031907
10.585986,-1.068179,1.484912,0.030816,0.006409,0.050724
10.071057,-0.941243,1.154399,0.016362,-0.018135,0.013090
9.735754,-1.005908,0.931663,-0.026589,0.086585,-0.023317
10.439890,-0.943638,1.020278,-0.036270,0.071995,-0.000545
10.056687,-1.005908,1.877695,0.006272,0.065586,0.004091
9.678274,-1.930386,1.415457,0.036406,-0.031089,0.002045
9.766890,-1.046624,1.013093,-0.045133,0.098311,0.017590
10.073452,-1.518442,1.978286,-0.119582,-0.005591,-0.040224
9.697434,-0.984353,1.025068,-0.097902,0.051133,-0.023180
9.778865,-0.948428,1.183140,-0.022635,0.051951,0.043088
10.109377,-1.417852,1.927991,-0.020862,0.055769,0.008045
9.556128,-1.920806,1.166375,0.017317,-0.006681,-0.041315
10.468630,-1.120869,1.084944,-0.015681,0.047042,0.035316
10.073452,-0.922083,1.983076,-0.085767,-0.002863,0.001091
9.632769,-0.938848,1.175955,-0.082630,0.027816,-0.045133

