-.-.-
10.013577,-0.756826,-1.575923,-0.058223,-0.013499,-0.014863
10.013577,-0.756826,-1.575923,-0.058223,-0.013499,-0.014863
10.027947,-0.747246,-2.071692,-0.064495,-0.009408,-0.017044
10.039922,-0.754431,-2.126777,-0.064495,-0.011726,-0.006818
10.006392,-0.720901,-2.110012,-0.067495,0.035179,-0.016908
10.013577,-0.790356,-1.532813,-0.065450,-0.000682,-0.011181
10.003997,-0.716111,-2.026187,-0.087130,-0.003818,0.017317
10.027947,-0.673000,-2.074087,-0.084676,0.042406,0.011045
10.015972,-0.809517,-2.066902,-0.029180,0.019226,0.009408
10.025552,-0.759221,-1.544788,-0.034498,0.041179,-0.017453
10.071057,-0.802332,-1.607058,-0.072677,0.051542,0.013090
10.078242,-0.728086,-1.592688,-0.062723,0.086039,0.009954
10.011182,-0.725691,-1.987866,-0.080176,0.055905,-0.013363
9.996812,-0.826282,-2.088457,-0.057814,0.026589,-0.007090
9.999207,-0.720901,-1.968706,-0.113174,0.040906,-0.009408
10.078242,-0.775986,-1.983076,-0.108810,-0.006681,-0.013363
9.539363,-0.752036,-2.071692,-0.060541,0.041043,-0.005591
9.601633,-0.826282,-2.076482,-0.140444,0.051133,0.048678
10.006392,-0.450264,-2.521956,-0.224438,0.066813,-0.014863
9.958491,-1.472937,-1.717229,-0.391336,0.249937,-0.012954
9.932146,-1.417852,-1.710044,-0.444241,0.135808,0.081267
9.036409,-1.046624,-2.078877,-0.596003,0.213939,0.110583
9.096284,-1.927991,-0.989143,-0.558233,0.032043,0.129945
9.965676,-0.979563,-0.593965,-0.372246,0.125173,0.212030
9.912986,-1.173560,-0.601150,-0.256073,0.041452,0.134445
8.887917,-2.117197,-2.026187,-0.184487,-0.148217,0.071722
8.195757,0.184417,-2.004631,0.291115,-0.586594,-0.331203
9.278306,-0.112566,-3.072810,0.357520,-0.467148,-0.500282
10.109377,-0.174836,-1.791475,0.477238,0.060814,-0.180942
8.150251,0.186812,-0.713716,0.629137,0.000818,-0.214212
9.630374,-1.386716,-1.836980,0.304614,-0.021953,-0.440696
9.235195,-1.743574,-0.431104,0.447513,0.202076,-0.559596
10.475815,-1.384321,-2.474055,0.536007,0.360520,-0.989111
8.674761,-2.624941,-0.474214,0.899799,0.521963,-0.904571
8.638835,-3.211721,-1.180745,1.030971,0.025771,-0.697450
9.096284,-1.559158,-1.022673,0.530689,0.444104,-0.426242
7.824529,-2.045347,-0.483794,0.474648,0.818396,-0.326840
9.862690,-1.051414,0.004787,0.609638,1.360539,-0.079631
9.862690,-1.051414,0.004787,0.609638,1.360539,-0.079631
10.186018,-2.943479,0.658630,0.447513,1.659426,0.137581
10.348879,-0.438289,2.356699,0.217621,1.590295,0.678769
11.009905,-0.732876,3.439248,-0.130218,1.496893,0.751991
11.563154,0.637075,5.182822,-0.053723,1.430761,0.807078
10.861414,-0.031135,4.802014,-0.165806,0.753355,0.619592
11.594290,-0.479004,5.151687,-0.116310,0.098175,0.693768
10.236313,-0.833467,4.248765,-0.077040,0.718176,0.932115
10.142908,-0.524509,4.761299,-0.086721,0.712858,0.974521
9.790840,-0.878972,4.085903,-0.066541,1.298770,0.958431
8.442444,-0.239502,4.373306,-0.283889,1.583750,0.758127
8.686736,0.009584,3.848796,-0.744356,1.495938,0.560551
7.769443,3.108735,4.572092,-0.745174,1.426261,0.686269
7.549102,3.209326,6.217471,-0.349884,1.298907,0.730311
7.779023,3.259622,6.962322,-0.318114,1.116874,0.520463
7.304810,3.908672,8.418494,-0.187077,0.972339,0.549642
7.529941,3.685935,9.347761,-0.251436,0.716949,0.448741
5.501360,2.921924,8.298743,-0.443559,0.546643,0.243937
4.608018,3.309917,8.626860,-0.726902,0.617410,0.095175
4.979246,2.272874,7.350315,-0.945205,0.649726,-0.078949
4.229604,3.558999,8.116721,-1.048697,0.596139,-0.216257
4.579277,4.157754,8.222102,-1.007246,0.688451,-0.211348
4.416416,4.967271,8.164622,-1.042698,0.616592,-0.295070
4.928950,4.921765,7.264094,-1.233866,0.659680,-0.377427
4.833149,5.532495,7.517966,-1.405808,0.850439,-0.544325
4.617598,5.398374,7.510781,-1.603930,0.789352,-0.651635
4.452341,6.586304,7.494016,-1.393809,0.704677,-0.768899
4.928950,6.605464,5.388794,-1.173189,0.500691,-0.768627
4.023633,6.531218,6.255791,-0.745992,0.272026,-0.568323
5.570815,7.110813,4.833149,-0.487192,0.244346,-0.440014
4.648733,5.858218,5.285808,-0.499464,-0.101447,-0.378518
6.725215,6.988667,5.841453,-0.326704,0.157625,-0.561369
5.501360,6.011499,6.952742,0.008045,0.406607,-0.509963
6.219866,5.324128,5.767207,0.111128,0.345521,-0.173851
5.233118,5.613926,5.257068,0.150398,0.590276,-0.087539
5.860613,5.657036,6.435417,0.207121,0.918889,-0.080721
5.252278,5.839058,6.713240,0.382336,1.199232,-0.002591
5.585186,4.871470,8.212522,0.004772,1.256637,0.015408
4.505032,6.318062,8.679551,-0.042951,1.538753,-0.100765
3.194956,4.859495,7.668853,-0.066541,1.418080,-0.050587
4.998406,9.759705,13.699512,0.623955,1.949042,-0.431015
0.404758,5.733677,7.692803,2.686989,2.021037,-0.359156
0.431104,3.642825,6.581514,3.554608,2.010265,-0.356974
-1.985471,0.684976,4.766089,2.986286,0.761673,-0.188577
-0.797542,-2.593806,6.928792,0.593821,-0.764263,-0.254573
1.712439,3.518284,8.947793,0.000818,-0.982157,-0.050724
4.085903,1.880090,14.219231,-0.380291,-0.446422,0.302160
3.262017,0.768801,14.889836,0.293433,-0.334612,0.164579
2.715952,-0.457449,12.090059,0.025089,-0.309523,-0.043497
2.699187,-0.821492,10.085427,0.156943,-0.468921,-0.148353
2.335144,0.785566,8.540640,-0.068313,-0.583322,0.013499
3.774551,1.281335,9.984836,-0.397608,-0.250073,0.169488
3.319497,1.343606,11.287727,-0.058087,-0.101038,0.168670
2.246528,0.519719,10.415940,-0.018680,-0.090266,0.019362
3.772156,1.123264,10.135723,0.011045,-0.100902,-0.031498
3.398533,1.163979,9.754915,0.044042,0.153262,-0.061087
2.349514,0.929268,10.595566,-0.047587,0.120128,-0.023317
3.199746,0.335303,10.593171,-0.036816,0.045542,-0.052087
3.199746,0.335303,10.593171,-0.036816,0.045542,-0.052087
3.199746,0.335303,10.593171,-0.036816,0.045542,-0.052087
3.199746,0.335303,10.593171,-0.036816,0.045542,-0.052087
3.139871,0.514929,10.504556,-0.074313,0.015817,0.002045
3.139871,0.514929,10.504556,-0.074313,0.015817,0.002045
3.190166,1.492097,10.600356,-0.040906,-0.013772,0.006818
3.190166,1.492097,10.600356,-0.040906,-0.013772,0.006818
3.182981,1.420247,10.672207,-0.047451,-0.002318,0.002591
2.447710,1.288521,10.657837,-0.052087,0.035452,0.015135
3.137476,0.543669,10.698552,-0.045951,0.017044,0.009272
3.216511,0.572410,10.526111,-0.048815,0.075131,0.009681
3.142266,0.538879,10.605146,-0.023726,0.043906,0.007772
3.218906,1.235830,10.145303,-0.046224,-0.006272,0.007772
3.070415,1.276545,10.629097,-0.045406,0.047178,0.016908
3.197351,1.384321,10.226733,-0.059041,0.055223,-0.017453
2.433340,0.431104,10.545271,0.024816,0.048951,0.025498
3.194956,1.504072,9.364526,0.054678,-0.120264,-0.007090
2.660867,0.387993,9.101074,0.148626,-0.124355,-0.001091
2.426155,0.910107,10.152488,0.076222,-0.254982,-0.072677
2.708767,-0.071851,10.391990,-0.034088,-0.320022,0.034907
3.348237,0.699346,10.686577,-0.169897,-0.456785,-0.024816
3.408113,1.310076,10.727292,-0.269435,-0.438923,-0.000954
3.465593,1.250200,9.620793,-0.304478,-0.404426,0.082358
4.392466,0.428708,10.071057,-0.385881,-0.427742,0.119173
3.987708,1.020278,10.454260,-0.346339,-0.447241,0.175896
4.437971,1.717229,9.915381,-0.296297,-0.455831,0.182578
4.061953,1.029858,9.053174,-0.220211,-0.529053,0.157898
4.981641,1.906436,9.309441,-0.135945,-0.506282,0.224984
4.840334,2.347119,8.916658,-0.246937,-0.515418,0.114128
5.542075,2.632126,9.244775,-0.104311,-0.609638,0.137717
5.182822,1.551973,9.002878,0.047315,-0.701541,0.092175
5.067861,0.922083,8.739426,0.017044,-0.660498,0.073222

