-.-.-
9.580078,0.972378,0.107776,-0.332022,-0.058087,-0.002727
9.580078,0.972378,0.107776,-0.332022,-0.058087,-0.002727
9.680669,1.137634,0.019160,-0.391745,-0.034225,-0.002727
9.680669,1.137634,0.019160,-0.391745,-0.034225,-0.002727
9.668694,1.113684,0.043110,-0.378518,-0.018817,-0.001636
9.556128,1.096919,-0.735271,-0.372110,-0.056450,0.045542
9.529783,1.060994,-0.816702,-0.333522,0.000409,0.041452
10.102192,1.022673,-0.342488,-0.359429,-0.078540,-0.043770
10.051897,1.353186,-0.538879,-0.359429,-0.042406,-0.043770
9.718989,1.494492,-0.471819,-0.340612,0.012272,0.002454
10.494976,0.962798,-0.349673,-0.303387,0.062859,-0.000954
9.534573,1.504072,-0.866997,-0.233438,0.188032,0.045951
9.594448,1.008303,-0.747246,-0.131854,0.182851,0.075949
9.747729,0.948428,-0.313748,-0.027816,0.097629,0.103629
10.102192,1.882485,-0.378413,-0.003272,0.113992,0.125718
10.059082,1.997446,0.282612,0.161307,0.128718,0.068177
9.730964,1.015488,0.514929,0.081267,0.060541,0.120946
9.920171,1.968706,0.761616,0.024135,-0.036406,0.052769
9.984836,1.633403,0.416733,0.097629,-0.044315,0.073358
9.941726,1.039438,0.756826,0.350975,0.067086,-0.075267
10.097402,1.381926,0.474214,0.544734,0.196077,-0.159670
9.132209,1.283730,1.082549,0.655453,0.493737,-0.030952
8.411309,1.094524,-0.074246,0.774899,0.405653,0.070631
10.641072,1.525627,-3.266807,0.749401,0.344566,0.200440
11.237432,1.944756,-2.114802,0.937705,0.551551,0.114946
8.198152,-0.855022,-0.028740,1.007382,-0.408652,-0.215575
12.449312,1.427432,0.874182,1.706877,-0.399789,-0.584276
8.339458,0.778381,1.283730,1.504528,-0.230847,-0.390245
9.841135,0.651445,0.153281,1.694469,-0.461285,-0.173988
9.113049,-1.408271,0.809517,1.496620,-0.838849,-0.225666
8.483159,0.699346,-0.117356,1.420398,-0.363928,-0.059314
10.176438,0.167651,0.325723,1.031790,-0.642363,0.132672
9.407637,2.924319,0.222737,1.038062,-0.381927,0.025498
9.738149,0.826282,0.433499,0.935387,-0.324522,-0.010363
9.132209,0.998723,1.298101,0.987202,0.120400,0.025498
9.493857,2.428550,0.304167,0.765081,0.457876,0.121082
10.300979,1.015488,-0.007185,0.706449,0.293297,-0.040633
11.206296,1.209485,0.689766,0.284980,0.514327,-0.134172
8.883127,1.082549,0.958008,0.608002,0.502328,-0.226893
8.538245,1.329236,2.706372,0.565050,0.727311,-0.334476
7.604187,0.847837,1.755549,0.475739,0.756764,-0.297933
7.446116,0.308958,2.181863,0.505055,1.083059,-0.334203
7.666458,0.687371,3.767366,0.506418,1.910317,-0.371428
9.527388,1.408271,5.031936,0.674406,1.648791,-0.336385
12.154724,-0.076641,7.393425,0.560960,1.708514,-0.514599
14.367722,-1.997446,9.010063,0.224029,1.241502,-0.629137
13.004956,-2.045347,9.072334,-0.106765,0.441786,-0.846485
9.980046,-1.247805,9.338181,-0.068859,-0.142490,-0.508736
8.274792,-1.353186,6.514453,0.156943,-0.221302,-0.495374
7.484436,-1.494492,4.775669,0.129945,-0.243119,-0.571732
7.810159,-0.926873,4.349355,0.107038,-0.123264,-0.773808
8.837622,-1.429827,3.532654,-0.167988,0.442877,-0.763172
8.279583,-1.199905,4.428391,-0.071586,0.646590,-1.061787
9.333391,-2.179468,5.573210,-0.143172,0.815123,-1.260182
7.862849,-2.955454,6.524033,-0.167170,0.549915,-1.468258
7.311995,-2.828518,6.945557,0.004772,0.154489,-1.518300
6.562354,-3.685935,6.277346,0.131854,0.231392,-1.315678
6.777905,-4.909790,6.437813,-0.028771,0.345521,-1.179733
5.781577,-6.864126,6.114485,0.008590,0.452149,-1.084968
4.976851,-7.098838,6.696475,-0.251573,0.606502,-1.077059
4.976851,-7.098838,6.696475,-0.251573,0.606502,-1.077059
3.379373,-7.367080,7.106023,-0.533689,0.450240,-0.944250
3.379373,-7.367080,7.106023,-0.533689,0.450240,-0.944250
3.295547,-7.038962,7.168293,-0.738629,0.492510,-0.772854
3.719465,-6.837781,7.098838,-0.950386,0.487192,-0.635000
2.977009,-6.756350,7.170688,-1.094376,0.486374,-0.579095
2.239343,-5.446274,7.802974,-1.170870,0.489238,-0.528644
1.753154,-4.823569,8.665181,-1.305588,0.384791,-0.390517
2.600991,-4.097878,9.410032,-1.407717,0.400062,-0.202622
1.944756,-4.524192,10.650652,-1.451487,0.462512,-0.154898
1.702859,-3.460803,10.688972,-1.517891,0.488556,-0.237256
1.300496,-1.470542,9.721384,-1.259637,0.263708,-0.243392
1.142424,-1.159189,9.956096,-1.122329,0.171669,-0.140172
0.522114,0.744851,9.721384,-0.781989,0.094084,0.021953
2.462080,-0.766406,11.076965,-0.606911,0.057405,0.199077
2.715952,-1.868115,10.880574,-0.394335,0.156943,0.279798
1.429827,-0.768801,10.423125,-0.541870,0.206712,0.154080
2.078877,-0.330513,10.303374,-0.482556,0.241210,0.110992
0.620310,-0.062271,11.108101,-0.415743,0.288388,0.017317
1.575923,0.728086,10.942844,-0.340339,0.395835,0.105674
2.509980,0.110171,11.603870,-0.078676,0.760718,0.080176
0.129331,-0.112566,10.619517,-0.111128,0.574731,-0.037497
1.611848,0.055085,10.423125,0.172897,0.673179,-0.022089
-0.538879,-0.855022,10.061477,0.064086,0.547052,-0.048951
-0.809517,0.122146,10.547666,-0.119037,0.216394,0.061768
-0.656235,-0.699346,11.709250,-0.132945,-0.177260,-0.042679
-0.656235,-0.699346,11.709250,-0.132945,-0.177260,-0.042679
0.079036,-0.716111,10.272239,-0.222939,-0.255254,-0.033407
0.754431,-0.191602,10.289004,-0.129400,-0.159943,-0.080449
-0.021555,0.639470,10.202783,-0.184078,-0.100356,0.015817
0.658630,-0.117356,10.327324,-0.068586,-0.114674,0.014726
-0.031135,0.198787,11.067385,-0.100084,-0.145217,-0.001909
-0.237107,0.162861,11.088940,-0.066813,0.006000,-0.006000
-0.215552,-0.251477,11.153606,-0.053314,0.041452,0.006545
-0.193997,0.622705,10.399175,-0.086176,-0.074176,-0.035452
-0.055085,-0.052690,11.139236,-0.053042,-0.081949,-0.010090
-0.055085,-0.136516,10.329719,-0.025089,-0.033270,-0.013908
-0.033530,0.299377,10.396780,-0.027543,0.005318,0.013363
-0.035925,0.234712,10.286609,-0.111128,0.049360,-0.011590
-0.007185,-0.148491,10.389595,-0.086585,0.003818,0.012681
-0.081431,-0.055085,11.064990,-0.032043,0.012681,0.010363
-0.110171,0.613125,11.060200,-0.025771,-0.003409,0.007090
-0.076641,-0.122146,11.093730,-0.023453,0.035861,0.013908
-0.076641,-0.122146,11.093730,-0.023453,0.035861,0.013908
-0.081431,-0.136516,11.062595,-0.047587,-0.004636,0.007909
-0.055085,-0.138911,11.043435,0.015681,0.042951,0.006681
-0.134121,-0.119751,10.329719,-0.025362,0.056178,0.000273
-0.201182,-0.179626,11.129656,-0.024544,0.045133,0.014454
-0.208367,-0.124541,11.072175,-0.027953,0.035725,0.011863
-0.158071,-0.126936,10.344089,-0.025225,-0.009954,0.012817
-0.153281,-0.122146,11.127261,-0.030816,-0.016772,0.017181
-0.174836,-0.112566,11.055410,-0.023044,0.012545,0.008318
-0.174836,-0.095801,11.081755,-0.049224,-0.016499,0.010499
-0.179626,-0.124541,11.081755,-0.027953,-0.013908,0.015135
-0.172441,-0.083826,10.377620,-0.032043,0.007499,0.011181
-0.172441,-0.083826,10.377620,-0.032043,0.007499,0.011181
-0.160466,-0.059875,11.144026,-0.029180,-0.040497,0.009136
-0.098196,-0.088616,11.050620,-0.046769,-0.035179,0.009817
-0.148491,-0.114961,10.406360,-0.021271,-0.015135,0.011317
-0.098196,-0.122146,11.093730,-0.023726,0.007090,0.014454
-0.081431,-0.079036,10.411150,-0.037361,0.035452,0.012681
-0.174836,-0.146096,10.415940,-0.020453,-0.002045,0.014590
-0.222737,-0.146096,11.134446,-0.022089,0.010499,0.009408
-0.134121,-0.057480,11.045830,-0.049360,-0.043633,0.007090
-0.148491,-0.093406,11.053015,-0.031361,-0.071858,0.006954
-0.081431,-0.026345,11.050620,-0.017181,-0.050451,0.005318
-0.016765,-0.057480,11.297307,-0.028089,-0.014317,0.008454
-0.062271,-0.158071,11.055410,-0.071586,0.077722,0.013772

