-.-.-
9.984836,0.141306,3.551814,0.173306,-0.043906,0.057814
9.917776,0.105381,3.614084,0.101993,-0.038997,0.075267
9.917776,0.105381,3.614084,0.101993,-0.038997,0.075267
9.901011,0.237107,3.673960,0.071858,-0.042951,0.022771
9.898616,0.273032,3.642825,0.037770,-0.049769,-0.004909
9.924961,-0.294587,3.661985,-0.003954,-0.039679,-0.006954
9.929751,-0.294587,3.642825,-0.012817,-0.047587,0.038724
9.963281,-0.265847,3.544629,0.015953,-0.070086,-0.005181
9.862690,0.285007,3.609294,0.011181,-0.080176,-0.005318
9.968071,0.282612,3.535049,-0.040770,-0.025362,0.010499
10.003997,0.289797,3.472778,-0.076085,-0.019771,-0.040906
9.984836,0.263452,3.506309,-0.064904,-0.044315,-0.026862
10.013577,0.270637,3.467988,-0.117264,-0.052769,-0.022089
10.111772,0.249082,3.398533,-0.122446,-0.032316,-0.051542
10.027947,0.225132,3.970942,-0.158307,-0.040770,-0.033134
10.003997,0.299377,3.432063,-0.218984,0.040224,-0.086448
9.994417,0.289797,3.405718,-0.195668,0.023453,-0.057814
9.975256,0.275427,3.393743,-0.224302,0.021817,-0.056314
9.996812,0.225132,3.432063,-0.200440,0.047724,-0.110038
9.877061,0.213157,3.424878,-0.203985,0.014726,-0.053314
9.941726,0.201182,3.968547,-0.226484,-0.049769,-0.085767
10.011182,0.186812,3.400928,-0.167715,-0.083585,-0.023998
9.992021,0.186812,3.966152,-0.171942,-0.065450,-0.021817
10.001602,0.220342,3.793711,-0.174397,-0.089994,-0.023862
9.912986,0.225132,3.803291,-0.221302,-0.167306,-0.032316
10.025552,0.208367,3.017725,-0.217212,-0.254436,-0.021271
9.908196,0.150886,2.818938,-0.191032,-0.351929,-0.047860
9.577683,0.225132,3.245251,-0.135399,-0.423651,-0.038043
10.035132,0.251477,2.313589,-0.110310,-0.422697,-0.006136
9.948911,-0.150886,2.727927,-0.175487,-0.588912,0.020180
9.690249,-0.050295,2.584226,0.011590,-0.538325,0.074858
9.611213,0.759221,2.040557,0.029180,-0.565868,0.030680
9.896221,-0.141306,1.575923,0.210939,-0.428833,-0.042133
10.468630,0.390388,1.417852,0.399517,-0.593821,0.066813
8.708291,0.201182,0.550854,0.389836,-0.297797,0.287979
9.812395,-0.737666,1.480122,0.367201,-1.026199,0.247073
7.886799,-0.201182,0.380808,-0.001091,-0.503282,-0.143308
9.910591,0.124541,0.493374,-0.065586,-0.704404,0.053723
8.442444,0.895737,0.814307,-0.462512,0.233438,-0.435378
10.636282,0.581990,1.310076,-0.127354,-0.787580,-0.111128
10.461445,-0.150886,0.720901,-0.194441,-0.367065,0.097629
8.384963,-0.129331,-0.091011,-0.108674,0.297660,0.004636
9.886641,-0.009580,0.730481,-0.108401,0.572823,-0.008590
8.947793,-0.428708,-0.356858,-0.123946,0.337339,0.361747
11.287727,-1.262175,0.299377,-0.348384,0.130082,-0.385336
9.711804,-0.019160,0.395178,-0.173578,0.383563,-0.709040
10.811118,0.577200,-0.050295,0.097357,0.176033,-0.288797
10.418335,-0.306563,0.541274,0.378927,0.793443,0.003409
9.548943,-1.427432,0.706531,0.256754,0.491965,0.050724
9.304651,-0.431104,0.993933,0.212712,0.884664,-0.118628
9.508228,0.246687,1.539998,0.211212,0.965249,0.080449
9.778865,-0.744851,1.190325,0.055632,1.577341,0.060268
9.010063,-0.787961,2.272874,-0.102811,1.529481,-0.166352
8.885522,-1.293311,3.796106,0.019499,1.484348,-0.251982
8.820857,-0.572410,5.070256,0.029452,1.684652,-0.395017
9.201665,-0.979563,6.138435,0.028362,1.262364,-0.227847
11.551179,-0.946033,10.059082,0.026862,1.314178,-0.290570
15.771204,-1.475332,11.520044,-0.317568,2.159027,-0.373337
6.598279,-0.958008,9.120234,-0.510918,0.162806,0.282525
5.187612,-0.313748,6.722820,-0.179305,0.218848,0.625591
5.930068,0.000000,6.514453,-0.223075,-0.124082,0.095448
5.510940,-0.361648,7.300020,-0.223075,1.100512,-0.434287
7.616162,-0.773591,8.847202,-0.029316,0.783898,-0.006818
7.120393,0.112566,8.332273,-0.244210,1.113193,-0.154762
8.090376,0.052690,8.993298,-0.019499,0.364883,0.152580
6.801855,-0.890947,7.786208,-0.033407,0.906208,-0.088630
5.609136,-0.907712,8.684341,0.099538,0.677815,-0.065041
6.394702,-0.395178,8.432864,0.079085,0.464967,-0.183396
5.714517,-0.747246,9.153765,0.036406,0.666498,-0.150126
5.137317,-0.263452,9.045989,0.148626,0.597639,-0.029452
5.283413,-0.814307,9.929751,0.091493,0.446013,-0.043224
5.625901,-0.378413,9.175320,0.067495,0.575550,-0.083176
4.984036,-1.518442,9.893826,0.044997,0.419015,-0.034498
4.270320,-1.144819,9.862690,0.143308,0.406880,-0.055905
4.394861,-1.219065,9.613608,-0.007636,0.167170,-0.087403
4.088298,-1.008303,9.989626,-0.173715,0.138808,-0.047451
5.012776,-1.516047,9.922566,-0.265754,0.137036,0.030543
4.026028,-1.317261,10.083032,-0.049087,0.204258,0.129673
4.418811,-0.349673,10.468630,-0.050724,0.249664,-0.086176
3.597319,-0.459844,9.728569,-0.028907,0.041179,-0.081131
4.334985,-0.459844,10.114167,-0.122173,0.106765,-0.008999
5.096602,-0.838257,10.494976,-0.208349,0.472875,-0.119719
4.323010,-0.704136,10.660232,-0.053314,0.543234,-0.093539
3.384163,-0.591570,10.633887,0.105402,0.551824,-0.011863
3.214116,-1.286125,9.671089,0.007909,0.385200,0.050042
2.931504,-0.613125,10.188413,0.023998,0.338021,-0.067904
2.816543,-1.228645,10.676997,0.080040,0.330385,-0.072131
2.402205,-1.305286,10.715317,0.058496,0.238892,0.015135
2.565066,-1.410667,10.130933,0.074449,0.094084,-0.045269
2.395020,-0.934058,10.176438,0.009681,0.009545,-0.020726
3.365002,-1.381926,10.655442,-0.077585,-0.012954,0.000000
3.269202,-0.553250,10.145303,-0.085358,0.069950,-0.049906
2.356699,-1.250200,10.722502,-0.057541,0.075404,0.014044
2.289639,-1.386716,10.126143,-0.035043,-0.006000,0.023589
2.406995,-1.381926,10.123748,-0.059587,0.086312,0.015817
2.301614,-0.548459,10.217153,-0.053451,-0.043224,-0.050315
2.404600,-1.295706,10.703342,0.010772,0.010090,0.001636
3.180586,-1.437012,10.686577,-0.038315,0.023180,-0.015135
3.072810,-1.245410,10.655442,0.010227,0.104038,-0.016635
2.311194,-1.278940,10.720107,0.004227,0.142626,0.007636
2.205813,-1.290916,10.250684,-0.040224,0.026453,0.008590
2.186653,-1.271755,10.236313,0.007499,0.041724,0.010499
2.241738,-1.302891,10.200388,-0.013908,-0.016090,-0.014317
2.260898,-1.401086,10.209968,0.011181,-0.003545,0.014863
2.320774,-1.341211,10.243499,-0.038452,0.050042,0.009817
2.265688,-1.357976,10.147698,-0.051542,0.046906,-0.037770
2.347119,-1.367556,10.118958,-0.031907,0.065450,-0.035452
2.153123,-1.336421,10.200388,-0.033407,0.080040,-0.036952
2.744692,-1.374741,10.181228,-0.028225,-0.021817,0.016499
2.196233,-1.336421,10.138118,0.005863,0.047997,-0.015544
2.167493,-1.300496,10.193203,-0.019090,0.047178,0.005727
2.189048,-1.324446,10.183623,-0.035043,0.047724,-0.015817
2.742297,-1.348396,10.253079,-0.037770,0.021680,-0.013908
2.718347,-1.389111,10.303374,-0.039543,0.019771,0.015544
2.692002,-1.379531,10.253079,-0.045133,-0.014181,0.016226
2.715952,-1.350791,10.214758,-0.037906,0.037088,0.013090
2.694397,-1.353186,10.255474,0.001091,0.044860,0.009545
2.668052,-1.350791,10.219548,0.002454,0.049633,0.009408
2.677632,-1.432222,10.248289,0.012817,0.026316,0.009817
2.572251,-1.384321,10.219548,0.035588,0.052087,-0.010363
2.201023,-1.506467,10.310559,0.070495,0.019226,0.043497
2.555486,-1.480122,10.277029,0.011181,0.044588,0.010772
2.541116,-1.501677,11.060200,-0.071177,-0.041861,0.015135
2.548301,-1.489702,10.281819,-0.018135,-0.079222,-0.010227
2.684817,-1.465752,10.241104,-0.017862,-0.113037,-0.003818
2.723137,-1.446592,10.224338,-0.031361,-0.111810,-0.008863
2.169888,-1.453777,10.200388,-0.032180,-0.121491,-0.008318
2.189048,-1.484912,10.169253,-0.030816,-0.105402,-0.009408

