-.-.-
9.668694,0.117356,0.744851,0.028771,0.009817,0.041861
9.668694,0.117356,0.744851,0.028771,0.009817,0.041861
9.668694,0.117356,0.744851,0.028771,0.009817,0.041861
10.427915,0.126936,0.620310,-0.001500,-0.046224,-0.013772
9.769285,0.196392,-0.035925,0.060814,-0.000545,-0.004091
9.627979,0.093406,-0.028740,0.058905,0.024544,-0.005045
9.683064,-0.656235,0.735271,0.051133,0.040633,0.000545
9.663904,0.019160,0.663420,0.043770,0.017999,-0.041997
9.560918,0.229922,0.639470,0.070904,0.049360,-0.015408
9.508228,0.296982,-0.134121,0.078131,0.046633,0.036952
9.616003,0.198787,-0.057480,0.074995,0.010636,-0.003136
9.683064,0.277822,-0.148491,0.081403,0.035452,0.038179
9.663904,0.296982,-0.074246,0.083994,0.036816,-0.007363
9.702224,-0.050295,0.716111,0.058359,-0.012954,0.047997
9.582473,0.737666,0.826282,0.146580,-0.017317,0.035452
9.656719,0.684976,0.661025,0.093130,-0.080994,0.036406
9.666299,-0.055085,-0.112566,0.017726,-0.105265,0.036952
10.466235,0.682581,0.864602,-0.083858,-0.028771,0.000818
9.642349,0.411943,0.392783,-0.024135,0.011181,-0.031907
9.687854,0.831072,0.797542,-0.020453,0.050178,-0.083994
9.568103,-0.251477,-0.210762,-0.028089,0.017999,-0.065995
10.063872,-0.517324,0.153281,-0.315386,-0.030407,-0.138126
8.926238,-1.817820,0.110171,-0.829577,-0.130900,-0.170442
11.213481,-1.360371,1.262175,-0.758673,-0.197713,-0.136217
10.720107,0.170046,1.075364,-0.518145,-0.089175,-0.164715
9.857900,-0.452659,1.101709,-0.287979,-0.248573,-0.215848
9.826765,-1.051414,1.405876,-0.327931,-0.275707,-0.218030
9.975256,-0.601150,0.998723,-0.264254,-0.208485,-0.102129
9.862690,-1.439407,0.998723,-0.216257,-0.179851,-0.070495
10.051897,-0.991538,0.943638,-0.087403,-0.125718,0.022771
10.538086,-1.027463,1.008303,-0.035179,-0.088766,0.078813
10.492581,-1.001118,0.986748,0.177942,-0.029861,0.065859
11.838582,-2.265688,1.908831,0.214348,-0.068041,0.106901
12.662468,-1.987866,-0.129331,0.355202,-0.043497,0.023589
10.789563,-1.566343,-0.512534,0.115219,0.302978,0.135672
9.108259,0.620310,-1.736389,0.464830,0.418197,0.259481
8.425679,0.495769,-0.639470,-0.147944,0.541325,0.104720
11.096125,-0.668210,0.079036,-0.544461,0.308160,0.007090
8.911868,-0.292192,-0.828677,-0.461012,0.203167,0.151080
8.729846,0.294587,-0.038320,-0.550870,0.196759,0.063405
8.437654,-0.100591,-0.083826,-0.709313,0.078267,0.089994
8.485554,0.411943,0.431104,-0.641545,0.034498,0.046633
9.163345,0.718506,1.125659,-0.568459,-0.096948,-0.062041
9.611213,-0.397573,0.953218,-0.597366,-0.061496,-0.167988
10.487791,0.165256,2.004631,-0.665543,-0.110583,-0.167852
10.545271,0.754431,1.513652,-0.569414,0.043224,-0.163897
11.730806,0.411943,2.617756,-0.681633,-0.018817,-0.110856
13.558206,0.186812,-2.100432,-0.207531,-0.236710,0.006272
10.763218,-1.264570,-1.638193,0.022635,0.180123,0.359838
7.678433,-1.578318,-1.161584,-0.184078,-0.135399,0.033270
9.189690,0.059875,-2.069297,-0.263163,-0.242573,-0.088221
9.314231,-1.300496,-1.336421,-0.014317,-0.292752,0.030680
9.414822,-3.089575,-1.152004,-0.706722,-0.197713,-0.177260
10.174043,-2.042952,-1.300496,-1.072150,-0.303524,-0.045679
9.697434,-0.720901,-0.354463,-1.036835,-0.119719,0.109356
9.280701,-0.522114,-0.855022,-1.035744,-0.067632,0.113719
9.134604,-0.440684,-0.852627,-0.879482,-0.092448,0.131036
9.687854,-0.883762,0.026345,-0.664180,0.005181,0.273662
10.499766,0.081431,-0.150886,-0.520735,0.107447,0.253073
9.395662,1.240620,-0.256267,-0.116719,0.301615,0.353838
9.594448,0.833467,-0.914897,0.531098,0.321659,0.168533
12.444521,-1.262175,-1.477727,0.197849,0.033543,-0.102265
8.459209,0.289797,0.308958,-0.067222,0.406062,-0.031634
10.779983,-0.809517,0.241897,-0.219530,0.133899,0.153262
8.904683,-0.184417,-0.117356,-0.255800,0.135808,0.206985
9.901011,-0.387993,-0.153281,-0.470421,0.049496,0.237256
8.492739,-0.347278,0.886157,-0.654226,-0.003409,0.203031
9.922566,0.023950,1.360371,-0.926661,-0.041315,0.067359
9.079519,-0.780776,1.226250,-1.326587,-0.032043,-0.017453
9.017249,0.792751,1.132844,-1.509573,-0.309523,-0.119037
10.554851,0.838257,1.401086,-1.630247,-0.257163,-0.131581
11.314072,3.381768,1.295706,-1.255683,-0.013090,0.020726
11.807446,2.498005,0.265847,-0.819350,-0.121764,0.310478
14.113850,-0.505349,-0.878972,-0.636636,0.411652,0.090266
8.468789,-3.139871,-1.420247,-1.803552,0.639227,-0.245164
8.895103,1.971101,0.773591,-0.975612,-0.044588,0.115628
10.542876,0.802332,0.076641,-0.184078,-0.176578,-0.051542
9.338181,0.720901,0.304167,0.141126,-0.101175,-0.022089
8.408914,1.089734,0.191602,0.979430,0.080585,-0.067222
8.859177,0.124541,-0.141306,1.531935,0.084267,-0.030952
9.371711,0.773591,0.251477,1.747647,-0.128309,0.149035
10.468630,1.403481,0.328118,1.839550,-0.136081,0.256754
9.920171,1.427432,0.785566,1.959405,0.167988,0.094493
10.700947,2.112407,1.374741,2.118393,0.013090,0.024271
12.992981,2.411785,-1.887275,2.853886,-0.312250,-0.117128
12.427756,1.899250,-5.501360,2.656037,-0.011999,-0.504918
7.568262,1.738784,-3.276387,3.057053,-0.390245,-0.404153
10.368040,-0.677791,-2.098037,2.775619,-0.903753,-0.158989
9.472302,1.599873,-2.579436,2.291972,-0.239710,-0.002318
8.267607,2.105222,0.016765,2.649355,-0.053178,-0.084403
8.648416,0.404758,0.265847,2.441143,-0.575822,-0.221166
9.441167,1.152004,-0.670605,2.091123,-0.426106,-0.332567
9.843530,1.659749,0.694556,1.785281,-0.081676,-0.362565
9.412427,1.111289,-0.213157,1.494302,-0.213939,-0.374428
10.923684,0.366438,1.231040,0.830531,-0.285934,-0.479966
12.324771,1.683699,1.180745,0.534916,-0.048133,-0.526189
13.232483,2.538721,-1.413062,0.460740,0.172079,-0.189123
8.322693,-0.225132,-1.985471,0.628591,0.638000,-0.191168
8.193362,1.266965,-0.546064,0.445741,0.082767,-0.078131
11.235037,1.369951,0.124541,1.266455,0.226484,-0.151353
8.928633,0.356858,-0.337698,1.317315,0.387927,-0.206440
8.691526,-0.126936,-0.268242,1.362993,0.010090,-0.282798
9.180110,0.131726,0.869392,1.405808,0.017317,-0.220211
8.926238,-0.883762,1.310076,1.242865,0.187350,-0.182441
8.715476,-0.560435,1.104104,0.943705,0.073631,-0.109083
10.097402,0.170046,1.168770,0.823032,-0.092175,-0.002727
10.885364,-0.134121,1.652563,0.827395,0.058087,0.020317
11.603870,-0.828677,1.784290,1.332859,0.237392,0.150398
16.858542,-0.694556,-4.380491,0.870619,-0.444241,0.048678
7.058123,2.133962,-1.163979,0.947523,1.142918,-0.102674
9.601633,-0.241897,0.354463,0.972748,-0.228802,-0.162125
8.998088,-0.397573,-0.186812,0.317023,0.167715,0.122582
7.522756,-0.320933,0.878972,0.083858,0.286343,0.172624
8.380173,0.076641,1.063389,-0.389427,0.029725,0.126400
8.305928,0.665815,0.953218,-0.592185,0.095584,0.019090
7.529941,0.864602,1.616638,-0.346475,0.033134,-0.188441
11.258987,0.476609,1.827400,-0.703450,-0.374700,-0.388881
12.540322,2.574646,1.142424,-0.290161,-0.216394,-0.108265
11.285332,-0.802332,3.772156,-0.077449,0.118491,-0.045269
12.003838,0.711321,-0.907712,-0.854530,-0.025635,0.150807
11.302097,0.572410,-3.427273,-0.886982,-0.037088,0.432651
8.006550,-0.275427,-0.943638,-0.196213,-0.033134,0.348793
11.153606,2.818938,-0.095801,0.226893,0.050724,-0.058087
9.280701,1.228645,0.668210,0.981475,0.006409,-0.191168
8.703501,0.158071,0.725691,1.007246,-0.297660,-0.308296
9.134604,0.313748,0.785566,1.233730,-0.354247,-0.238210
9.249565,-0.938848,0.538879,1.150963,-0.118082,-0.129127
8.461604,0.261057,2.038162,0.915480,-0.152035,0.018408

