-.-.-
9.580078,0.653840,1.096919,-0.217075,0.154898,-0.035043
9.702224,0.682581,1.175955,-0.249391,0.124764,-0.041997
9.623188,0.668210,1.096919,-0.261118,0.177533,-0.048951
9.625583,0.687371,1.204695,-0.231802,0.133490,-0.020453
9.548943,-0.009580,1.877695,-0.254300,0.094221,-0.074040
9.625583,0.646655,1.925596,-0.210121,0.109356,-0.031907
9.616003,-0.014370,1.906436,-0.136217,0.068586,-0.027816
9.546548,0.613125,2.002236,-0.145353,0.021680,-0.020862
9.539363,-0.100591,2.011816,-0.069813,-0.009136,-0.018135
9.639954,-0.119751,2.076482,-0.066541,0.004636,-0.046497
9.584868,-0.143701,2.107617,-0.079085,0.005181,-0.044860
9.584868,-0.213157,1.647773,-0.047997,0.004772,-0.035861
9.642349,-0.241897,2.098037,0.008181,0.009681,-0.015135
9.630374,-0.205972,2.136357,0.008863,0.010363,-0.008863
9.644744,-0.210762,2.083667,0.004227,-0.003682,-0.004636
9.613608,-0.160466,2.129172,0.017044,-0.003136,-0.003000
9.577683,-0.213157,2.076482,0.017317,-0.008454,-0.011454
9.616003,-0.174836,2.105222,-0.040224,-0.017453,0.016499
9.608818,-0.174836,1.551973,-0.036543,0.015681,0.014590
9.654324,-0.158071,2.045347,-0.043224,0.005591,0.016635
9.613608,-0.174836,2.062112,0.012545,0.008454,-0.012272
9.668694,-0.155676,2.095642,0.013090,-0.041452,-0.015135
9.625583,-0.131726,2.038162,-0.000545,-0.044315,-0.011590
9.604028,-0.112566,2.078877,-0.005045,-0.037634,0.017181
9.608818,-0.155676,2.066902,-0.007772,-0.036543,0.013226
9.601633,-0.112566,2.050137,-0.014454,-0.044042,0.012135
9.627979,-0.189207,2.102827,-0.010227,-0.047451,0.011999
9.584868,-0.184417,2.057322,-0.035588,-0.035043,0.006954
9.632769,-0.222737,2.014211,-0.039406,0.000409,0.013772
9.601633,-0.177231,1.949546,-0.040770,-0.048815,0.008863
9.616003,-0.193997,1.939966,-0.024816,-0.042406,0.011590
9.661509,-0.107776,1.954336,-0.027407,0.003409,0.005454
9.620793,-0.153281,1.913621,-0.020317,0.007909,0.006272
9.627979,-0.112566,1.951941,-0.020453,0.008045,0.008181
9.635164,-0.102986,1.983076,-0.022226,-0.036679,0.011726
9.616003,-0.134121,1.954336,-0.031634,0.013499,0.010499
9.618398,-0.086221,1.920806,-0.022226,0.015953,0.007090
9.625583,-0.155676,1.961521,-0.023453,0.014590,0.013499
9.635164,-0.114961,1.896855,-0.020317,0.013499,0.007363
9.644744,-0.189207,1.963916,-0.028225,0.006681,0.013499
9.668694,-0.143701,1.927991,-0.049224,0.009136,0.011590
9.627979,-0.136516,1.899250,-0.022362,-0.038724,-0.016090
9.627979,-0.100591,1.920806,-0.023862,0.013635,0.011045
9.661509,-0.141306,1.892065,-0.017590,-0.016499,0.016090
9.661509,-0.098196,1.904041,-0.049906,0.035588,0.014181
9.625583,-0.150886,1.868115,-0.020453,-0.004909,0.011181
9.642349,-0.100591,1.911226,-0.050315,0.037634,0.011999
9.627979,-0.148491,1.990261,-0.028907,0.042542,0.009954
9.659114,-0.138911,1.947151,-0.026725,0.044588,0.010772
9.647139,-0.122146,1.975891,-0.024953,0.043906,0.009408
9.616003,-0.100591,1.999841,-0.048406,0.040770,0.015135
9.632769,-0.138911,1.942361,-0.052087,0.045951,-0.016772
9.594448,-0.112566,1.997446,-0.018135,-0.006545,0.014454
9.572893,-0.131726,1.997446,0.004091,0.036543,0.016499
9.632769,-0.033530,1.942361,0.000409,-0.005863,-0.014726
9.572893,-0.143701,1.997446,-0.041179,0.043906,-0.015272
9.623188,-0.043110,2.016606,-0.042133,0.043361,0.013090
9.587263,-0.122146,2.014211,0.006000,-0.004227,0.017044
9.623188,-0.086221,1.992656,-0.045542,0.035452,0.009272
9.616003,-0.112566,2.007026,-0.050724,-0.003954,0.008590
9.647139,-0.119751,1.985471,-0.035861,0.037361,0.012135
9.604028,-0.083826,2.078877,-0.047997,-0.012545,0.004772
9.649534,-0.086221,2.038162,-0.049224,-0.010227,0.005318
9.596843,-0.114961,2.057322,-0.045679,-0.008454,0.003000
9.637559,-0.146096,2.011816,-0.050315,-0.007363,0.003818
9.637559,-0.129331,1.985471,-0.052087,-0.010636,-0.035588
9.601633,-0.114961,1.999841,-0.047860,-0.007636,0.003272
9.606423,-0.126936,2.004631,-0.023180,0.035043,-0.036952
9.611213,-0.086221,2.045347,-0.018680,-0.003682,0.002454
9.601633,-0.083826,2.030977,-0.018135,-0.006272,0.001500
9.637559,-0.134121,2.019001,-0.028225,-0.007909,0.008045
9.618398,-0.093406,2.057322,-0.021271,-0.007499,0.004500
9.627979,-0.131726,2.038162,-0.051133,-0.013363,0.004500
9.608818,-0.131726,2.033372,-0.048542,0.015408,0.007499
9.647139,-0.117356,2.066902,-0.042679,0.016226,0.006954
9.601633,-0.148491,2.117197,-0.042542,-0.011317,0.014317
9.683064,-0.091011,2.119592,-0.024135,-0.013090,0.005591
9.663904,-0.165256,2.110012,-0.043633,-0.006136,0.006818
9.649534,-0.153281,2.052532,-0.048269,0.040633,0.005727
9.606423,-0.131726,2.074087,-0.027134,0.036406,0.013090
9.649534,-0.150886,2.047742,-0.018544,-0.002318,0.011181
9.584868,-0.100591,2.071692,-0.024407,0.016635,0.008590
9.618398,-0.138911,2.033372,-0.029180,-0.017181,0.008181
9.618398,-0.119751,2.007026,-0.020453,-0.017453,0.010363
9.613608,-0.131726,2.069297,-0.020998,-0.013499,0.010772
9.647139,-0.110171,2.009421,-0.025498,-0.014726,0.012408
9.623188,-0.165256,2.083667,-0.028771,0.010772,0.010772
9.613608,-0.134121,2.040557,-0.018953,0.008045,0.017044
9.630374,-0.146096,2.078877,-0.044997,-0.044042,0.015681
9.639954,-0.172441,1.992656,-0.024544,-0.049087,0.011045
9.623188,-0.136516,1.978286,-0.027134,-0.052360,0.009408
9.630374,-0.138911,2.100432,-0.049496,-0.041315,0.013908
9.635164,-0.138911,2.093247,-0.042270,0.015817,0.011181
9.580078,-0.196392,2.045347,-0.019226,-0.048133,0.014181
9.683064,-0.124541,1.908831,-0.041452,0.005591,-0.016908
9.654324,-0.165256,1.908831,0.000136,0.010227,0.011317
9.604028,-0.124541,1.992656,0.000409,0.014181,0.015817
9.661509,-0.141306,1.884880,-0.042542,-0.004500,0.007090
9.618398,-0.153281,1.944756,0.001227,0.045133,0.013499
9.625583,-0.136516,1.961521,-0.043497,0.044179,0.008454
9.654324,-0.105381,1.947151,-0.052224,0.047587,0.013226
9.618398,-0.184417,2.028582,-0.038179,0.020862,0.016226
9.632769,-0.148491,2.004631,-0.022089,0.027543,0.009817
9.639954,-0.100591,2.083667,-0.048951,0.075131,0.017317
9.620793,-0.095801,2.023792,-0.038315,0.027953,0.012545
9.613608,-0.129331,2.117197,0.000954,0.027816,0.016226
9.616003,-0.158071,2.090852,0.008454,0.023453,0.011726
9.639954,-0.172441,2.112407,0.002182,0.043770,0.016499
9.623188,-0.143701,2.066902,-0.043224,0.042815,-0.015953
9.589658,-0.155676,2.131567,-0.035725,0.043088,0.013772
9.553733,-0.112566,2.100432,-0.037088,0.037225,-0.016772
9.613608,-0.131726,1.556763,-0.037361,-0.004909,0.009272
9.639954,-0.095801,2.119592,-0.039952,-0.013499,0.014590
9.577683,-0.141306,1.580713,0.003682,-0.008318,0.012681
9.575288,-0.102986,1.640588,-0.042406,0.014317,0.017181
9.625583,-0.069456,1.544788,0.001500,-0.015544,-0.013499
9.513018,-0.093406,1.575923,-0.017590,-0.013908,-0.015135
9.601633,-0.076641,1.566343,-0.021544,-0.006545,0.016499
9.611213,-0.112566,1.609453,-0.020589,-0.010227,0.014044
9.637559,-0.098196,2.054927,-0.027543,0.035043,-0.015272
9.589658,-0.083826,1.573528,-0.033543,0.017044,0.015817
9.594448,-0.114961,1.568738,-0.023317,-0.015681,-0.012817
9.599238,-0.081431,1.578318,-0.029316,-0.016908,0.013908
9.594448,-0.088616,2.124382,-0.027134,0.014999,0.014317
9.616003,-0.055085,2.136357,-0.023589,0.012272,0.015544
9.613608,-0.023950,1.616638,-0.019635,0.011863,0.016635
9.611213,-0.057480,1.535208,-0.017862,0.012408,0.015272
9.623188,-0.052690,1.537603,-0.018953,0.004363,0.014863

