-.-.-
7.297625,-0.136516,-4.579277,-0.159670,0.057814,0.006136
7.297625,-0.136516,-4.579277,-0.159670,0.057814,0.006136
8.720266,-0.330513,-4.778064,-0.126945,-0.542143,-0.116037
8.720266,-0.330513,-4.778064,-0.126945,-0.542143,-0.116037
8.720266,-0.330513,-4.778064,-0.126945,-0.542143,-0.116037
7.678433,-0.531694,-5.094207,0.119037,-0.143308,0.050996
8.691526,-0.869392,-5.053491,0.008863,-0.006136,0.063950
7.870034,-0.493374,-4.964875,0.031498,0.128582,0.076767
7.764653,-1.190325,-4.260740,-0.076631,-0.200713,0.268208
7.714358,-0.704136,-4.835544,-0.599139,-0.673997,-0.049906
9.388477,0.028740,-5.276228,-0.261936,0.123946,0.284980
8.772957,-1.259780,-5.743257,-0.075131,0.123673,0.218712
8.650811,-0.704136,-5.197192,-0.264526,-1.005337,0.725266
6.679709,-0.651445,-6.346802,0.126536,-0.978203,0.109083
6.540798,-0.438289,-5.333708,0.075676,0.805442,-0.234120
7.769443,-0.826282,-5.228328,0.324113,0.974248,-0.513509
8.468789,-1.326841,-4.299060,0.111947,0.065586,-0.348793
9.228010,-0.852627,-6.337222,-0.427742,-0.063268,-0.396926
4.790039,-1.851350,-3.664380,0.261936,0.282662,-0.084403
7.060518,-0.483794,-6.035449,0.212576,0.685860,-0.069813
7.585027,-1.017883,-5.209167,-0.024407,0.532598,-0.116583
8.811277,-1.341211,-5.669011,-0.106220,0.630227,0.136081
9.929751,-1.305286,-5.415139,-0.269162,-0.256073,0.912753
8.032896,-0.541274,-4.895420,-0.009545,0.071995,-0.043770
8.066426,-0.878972,-4.160149,-0.309660,0.407562,-0.300797
9.386082,-1.422642,-4.509822,0.266981,-0.404153,0.278707
8.703501,-1.312471,-4.852310,0.391745,0.110719,0.165534
8.212522,-0.876577,-4.109854,0.029316,0.341566,-0.069950
7.874824,-1.334026,-5.067861,0.073767,-0.364474,0.047860
7.802974,-1.118474,-4.706213,0.035316,-0.027271,0.072131
8.236472,-0.438289,-5.166057,0.052496,-0.106083,0.134990
9.994417,-1.264570,-5.795947,-0.573232,-0.226211,-0.014863
7.654482,-0.440684,-4.830754,-0.286752,0.099811,0.225393
9.364526,0.198787,-5.118157,-0.132672,-0.256891,-0.062314
7.812554,-1.235830,-4.605623,0.036270,-0.031770,0.050724
8.164622,-0.481399,-4.605623,0.153943,-0.105811,0.110992
7.896379,0.263452,-4.799619,0.010499,-0.074722,0.107310
8.035291,-0.459844,-4.780459,-0.002318,0.460876,-0.119173
7.961045,-1.300496,-5.285808,-0.255118,-0.374973,0.085767
7.714358,-0.579595,-4.629573,-0.035043,0.219530,-0.075949
8.243657,-0.689766,-4.828359,0.054814,-0.069813,-0.125446
7.963440,-1.317261,-4.816384,0.121764,-0.309387,-0.075267
8.140671,-0.354463,-5.611531,0.053860,-0.167852,-0.004909
8.013735,-0.874182,-5.601951,0.113992,-0.371155,-0.020998
7.771838,-0.517324,-5.822292,0.028362,-0.262754,-0.038588
8.126301,-0.464634,-5.714517,0.040497,-0.070222,-0.008590
8.099956,-0.610730,-5.295388,-0.084948,0.024544,0.009408
7.767048,-0.799937,-5.783972,-0.088766,-0.136081,0.030680
8.011340,-0.766406,-5.374424,-0.015135,-0.188577,0.055905
7.211404,-0.821492,-5.422324,-0.073086,-0.330658,0.019362
7.994575,0.160466,-5.321733,-0.086448,0.104311,-0.072540
7.232959,-0.483794,-5.429509,0.017453,-0.037088,-0.181487
8.143066,-1.302891,-5.714517,-0.139626,-0.005318,-0.011726
8.162227,-0.464634,-6.327642,0.043497,-0.527008,0.081676
7.489226,0.038320,-5.704937,-0.024953,0.911798,-0.059723
7.082073,-0.229922,-5.994734,0.068586,-0.752537,-0.005045
7.458091,-0.740061,-4.792434,-0.106083,0.689814,-0.146853
7.848479,-0.785566,-6.291716,0.016362,-0.055496,-0.111810
8.001760,-0.857417,-5.822292,0.017999,0.221166,-0.044588
7.235354,-0.538879,-5.745652,0.073086,0.043088,-0.284707
8.047266,-0.646655,-5.477410,-0.037497,-0.307751,0.025362
7.177874,-0.495769,-5.599556,-0.047724,0.122855,-0.016362
7.886799,-0.838257,-6.191125,-0.081540,0.003272,0.023180
7.321575,-0.488584,-5.791157,-0.045133,0.087676,-0.115083
8.159832,-0.948428,-6.382727,0.039406,-0.514190,0.011317
7.980205,-0.522114,-6.404282,0.079903,-0.764536,0.209167
6.536008,-0.316143,-6.397097,0.012272,-0.512690,0.212030
6.464158,-0.292192,-6.346802,-0.002727,-0.058087,0.104856
7.424561,0.055085,-5.973179,-0.009545,-0.040224,-0.068722
6.550378,0.158071,-5.891748,0.017590,-0.021271,-0.025362
6.497688,-0.816702,-5.973179,-0.081676,0.017999,-0.156125
7.156318,-0.900527,-7.038962,0.008863,-0.050451,-0.038588
6.562354,-0.823887,-5.927673,-0.117128,0.145353,-0.030543
7.374265,-0.730481,-5.944438,-0.076085,0.049224,-0.043497
7.398215,-0.809517,-6.083350,-0.050451,0.118764,-0.006818
6.674919,-0.723296,-5.903723,-0.051269,0.186123,0.010772
7.539521,-0.859812,-5.891748,-0.020044,0.025771,-0.018271
7.431746,-0.766406,-5.930068,-0.043770,0.245846,-0.051133
7.494016,-0.716111,-6.433022,0.005863,0.117673,-0.073904
7.575447,-0.838257,-6.387517,-0.009954,0.145762,-0.029998
7.637717,-0.840652,-6.262976,-0.001364,0.098857,-0.048406
7.110813,-0.895737,-6.229446,0.011317,0.091221,-0.043497
7.134763,-0.888552,-6.174360,-0.042542,0.118901,-0.036270
7.165898,-0.835862,-6.157595,-0.019908,0.139354,-0.045406
7.086863,-0.804727,-5.510940,-0.023589,0.043633,0.013499
7.165898,-0.876577,-6.186335,-0.077722,-0.009817,0.022498
7.141948,-0.838257,-6.231841,-0.108674,-0.003818,0.028498
7.096443,-0.840652,-6.148015,-0.111810,0.008863,0.018680
7.211404,-0.768801,-6.212681,-0.095584,0.025089,0.077449
7.125183,-0.716111,-6.219866,-0.064223,0.095311,-0.008727
7.091653,-0.651445,-6.133645,0.008590,0.062859,-0.021680
7.129973,-0.308958,-5.436694,0.070495,0.025089,-0.032725
7.173083,-0.423918,-6.152805,-0.001091,0.046633,-0.046633
7.201824,-0.390388,-6.167175,-0.042815,0.044179,0.006000
7.240144,-0.914897,-5.484595,-0.033134,-0.009272,0.006000
7.259304,-0.732876,-5.436694,-0.047042,0.046360,0.006000
7.288044,-0.747246,-5.362449,0.008590,-0.000409,-0.007363
7.278464,-0.814307,-5.384004,-0.009681,-0.050996,-0.011454
7.311995,-0.864602,-5.427114,0.007227,0.015408,-0.012272
7.249724,-0.311353,-5.484595,-0.042815,0.002727,-0.005045
7.292834,-0.869392,-5.460645,-0.073358,-0.091902,-0.003545
8.018525,-0.804727,-5.439089,-0.079222,-0.072268,0.029589
7.158713,-0.840652,-6.301296,-0.062041,0.120946,0.074586
7.546707,-0.775986,-5.506150,-0.119173,-0.252800,0.026998
7.108418,-0.888552,-5.771997,-0.121900,-0.537916,0.075949
7.290439,-0.701741,-5.934858,-0.105402,-0.058496,0.021680
7.539521,-0.438289,-6.435417,-0.120946,0.012272,0.066404
7.079678,-0.344883,-5.345684,-0.140854,-0.295751,0.067086
7.625742,-0.898132,-5.985154,-0.136081,0.130900,0.066268
7.058123,-0.692161,-6.315667,-0.127764,-0.032589,0.067222
7.656877,0.244292,-6.136040,-0.040770,-0.003682,0.021271
7.129973,-0.670605,-6.334827,0.018135,0.153262,-0.048269
7.592212,-0.883762,-6.212681,0.026316,0.112901,-0.007909
7.642507,-0.869392,-6.133645,0.034225,0.007636,-0.051133
7.209009,-0.680186,-6.267766,0.047178,0.260572,0.015817
7.070098,0.002395,-5.362449,0.071313,0.355611,0.063132
8.202942,0.000000,-6.330037,0.029998,-0.176715,0.013908
7.151528,-0.807122,-5.513335,-0.022498,0.029043,-0.092175
7.611372,-0.634680,-5.463040,-0.020862,-0.102538,-0.058359
7.117998,0.002395,-5.415139,0.010227,0.073495,-0.005181
7.189849,0.002395,-6.145620,-0.003818,0.042133,0.049224
7.213799,-0.677791,-6.258186,0.001364,-0.031634,-0.039679
7.175479,-0.663420,-6.210286,-0.076495,0.008590,-0.014317
7.175479,-0.663420,-6.210286,-0.076495,0.008590,-0.014317
7.185059,-0.617915,-6.136040,-0.078267,-0.011590,0.023998
7.192244,0.000000,-6.205496,-0.076358,-0.038997,0.037497
7.127578,0.014370,-6.224656,-0.078267,0.013908,-0.016908
7.103628,0.059875,-6.188730,-0.028089,0.007909,-0.010363

