-.-.-
-1,-240,81,-31,72,0
1,-242,83,-31,69,0
-1,-239,82,-32,71,0
0,-239,83,-32,70,0
1,-240,82,-33,69,0
6,-237,81,-33,67,-1
2,-240,83,-34,65,0
-2,-237,79,-34,63,-1
0,-239,83,-36,62,-2
0,-238,81,-36,62,-2
-2,-241,83,-38,62,-1
2,-240,84,-40,63,-2
1,-239,82,-41,61,-1
0,-240,81,-40,62,0
-2,-239,78,-40,61,-2
1,-241,81,-40,60,-1
0,-241,82,-42,61,-2
0,-241,81,-45,61,0
0,-237,82,-48,62,0
0,-236,79,-52,62,1
0,-239,79,-52,67,2
0,-241,84,-56,67,0
-1,-243,78,-57,67,-1
-1,-241,84,-54,70,-2
1,-243,83,-54,68,-2
1,-244,82,-52,66,-1
-6,-242,86,-49,65,-2
2,-242,82,-45,64,-3
-2,-241,78,-40,62,-1
2,-240,80,-37,61,-2
0,-243,81,-35,61,-2
1,-242,78,-32,60,-3
1,-241,81,-28,62,-2
-1,-239,81,-25,62,-2
0,-242,83,-22,63,-3
-2,-244,78,-20,65,-4
0,-238,81,-19,66,-3
0,-240,82,-18,66,-3
0,-241,83,-20,65,-3
-1,-240,81,-21,66,-3
0,-244,82,-21,67,-2
1,-241,79,-21,66,-1
0,-242,80,-21,66,-2
0,-239,83,-20,68,-3
0,-243,80,-19,69,-3
0,-243,83,-17,68,-3
1,-244,82,-12,67,-6
0,-241,78,-9,68,-6
2,-242,83,-8,69,-6
4,-244,83,-6,71,-7
2,-242,79,-5,73,-6
1,-243,78,-5,73,-6
1,-243,82,-5,74,-6
0,-244,81,-3,75,-6
1,-242,80,-4,72,-3
0,-239,78,-3,72,-2
0,-239,81,-3,71,-1
0,-244,78,0,69,0
0,-241,78,2,67,-2
0,-244,79,2,67,0
-1,-241,78,5,68,0
0,-240,78,7,68,1
0,-239,80,8,68,2
0,-240,79,6,70,0
2,-242,78,6,71,0
0,-240,81,5,71,-1
1,-240,78,2,73,0
1,-242,78,1,73,-2
1,-238,81,-1,72,-1
0,-240,82,-1,72,-2
0,-242,82,0,71,-3
0,-242,82,1,72,-3
1,-240,82,2,71,-4
0,-242,81,2,69,-4
0,-240,79,2,68,-4
0,-240,79,3,67,-5
0,-241,80,3,66,-5
0,-242,81,3,65,-4
0,-242,81,3,66,-3
0,-239,80,3,66,-2
0,-240,80,3,66,-1
1,-240,77,3,66,-2
1,-245,81,2,67,-2
-3,-239,81,4,68,-2
1,-243,81,4,69,-1
-1,-242,83,3,68,-1
-2,-239,83,3,68,-2
0,-242,83,6,68,-2
-1,-239,84,7,66,-3
0,-241,83,8,69,-3
1,-242,83,10,67,-2
1,-241,81,11,67,-5
1,-241,80,9,68,-5
2,-240,83,7,69,-6
2,-242,85,5,70,-7
2,-238,84,3,70,-7
0,-239,84,1,69,-9
1,-242,83,-1,71,-9
-1,-238,82,-6,71,-10
0,-240,85,-7,70,-9
1,-244,84,-6,70,-8
1,-237,83,-5,68,-8
0,-244,85,-1,66,-7
0,-244,77,4,67,-8
2,-239,83,12,66,-7
2,-242,80,15,66,-5
0,-242,82,21,67,-5
0,-241,80,21,67,-5
0,-240,85,23,67,-6
0,-239,83,19,66,-6
0,-241,81,15,66,-7
1,-237,83,9,66,-9
1,-239,86,4,67,-7
0,-241,83,1,68,-7
0,-238,83,-1,70,-7
1,-241,79,-2,69,-5
0,-240,83,-1,69,-4
1,-245,82,3,69,-4
1,-241,86,6,70,-4
0,-242,82,9,70,-5
3,-243,81,11,71,-4
1,-242,84,12,71,-3
1,-238,82,12,72,-4
2,-239,82,10,72,-4
1,-238,77,9,70,-4
3,-241,83,5,70,-5
2,-241,84,3,69,-5
0,-241,82,2,68,-5
2,-240,80,4,67,-7
3,-240,88,4,68,-5
0,-242,84,4,67,-4
1,-241,84,6,66,-3
0,-242,83,6,67,-2
-3,-242,86,6,68,-2
1,-242,83,6,68,-2
-5,-239,77,5,67,-3
1,-239,83,3,69,-4
0,-239,80,2,70,-2
0,-238,82,0,72,-1
1,-240,80,-2,74,-1
1,-243,83,-1,73,-2
2,-243,83,-2,72,-3
0,-243,84,-1,72,-3
0,-242,84,-1,70,-2
2,-243,81,0,70,-5
1,-242,78,0,70,-5
0,-240,79,0,71,-5
0,-239,85,-1,69,-6
3,-241,81,-1,68,-5
0,-238,84,0,67,-7
2,-237,81,2,68,-7
0,-240,83,4,68,-7
0,-237,82,6,67,-7
0,-239,84,6,67,-7
1,-241,87,9,69,-6
1,-240,82,11,69,-6
0,-242,83,12,68,-5
-2,-237,87,12,70,-6
0,-239,82,10,71,-4
-2,-239,88,8,71,-2
0,-237,83,5,73,-3
1,-241,82,3,71,-2
0,-242,81,3,70,-2
1,-240,85,3,70,-2
2,-239,87,4,69,-2
0,-241,87,5,69,-1
0,-242,85,7,71,-2
2,-241,86,10,70,-4
0,-242,90,13,70,-3
2,-242,84,12,71,-4
1,-241,86,14,70,-5
1,-240,85,14,69,-5
-1,-237,83,12,67,-4
0,-239,84,9,66,-4
0,-240,85,7,66,-5
1,-236,83,6,65,-4
0,-238,82,2,64,-5
0,-240,88,3,65,-3
0,-238,84,1,63,-5
-1,-235,95,1,65,-4
1,-238,84,0,65,-4
1,-240,84,-1,67,-4
0,-236,85,-2,68,-3
1,-241,85,-3,69,-3
1,-239,87,-3,70,-3
1,-241,86,-2,70,-3
1,-239,84,-2,71,-3
1,-238,85,-1,71,-3
2,-241,85,-1,71,-4
0,-243,89,-1,71,-4
1,-239,87,0,71,-5
1,-241,84,-1,70,-5
1,-240,82,-1,70,-4
1,-239,84,-3,70,-5
1,-240,79,-3,68,-5
2,-240,83,-4,70,-4
0,-241,87,-2,68,-6
1,-238,86,-1,67,-4
2,-241,86,-2,66,-4
0,-239,84,-1,66,-4
1,-242,80,-1,69,-4
2,-242,89,-1,68,-4
1,-239,85,-2,69,-3
0,-235,83,-3,68,-4
1,-239,85,-4,66,-4
2,-241,86,-6,68,-4
0,-239,82,-7,67,-3
1,-242,85,-2,67,-2
1,-238,85,0,66,-3
1,-240,83,6,67,-4
2,-241,86,11,67,-2
0,-240,86,15,68,-2
0,-240,87,18,68,-3
2,-240,85,18,68,-2
0,-239,87,17,67,-2
0,-240,84,15,67,-2
1,-240,83,13,69,-4
0,-240,81,11,69,-3
1,-240,84,10,69,-5
1,-239,84,9,69,-4
0,-240,83,10,68,-5
1,-235,85,13,67,-4
1,-238,84,14,65,-4
0,-236,82,14,63,-5
1,-239,82,14,61,-6
1,-238,82,15,61,-6
1,-237,85,16,61,-6
1,-241,87,16,63,-6
0,-238,86,15,62,-4
0,-240,84,14,64,-5
-1,-238,87,13,66,-4
1,-238,86,12,68,-4
0,-238,89,10,69,-1
1,-237,86,7,69,-1
0,-237,89,3,69,0
1,-238,84,0,68,1
2,-240,87,-3,68,0
1,-237,84,-5,68,-1
1,-238,87,-8,68,-2
2,-240,90,-11,68,-3
0,-239,85,-12,66,-4
4,-239,88,-13,66,-4
1,-240,88,-13,66,-5
2,-234,90,-12,67,-5
2,-239,86,-14,67,-5
2,-239,89,-14,69,-6
1,-239,86,-15,70,-6
1,-240,87,-15,71,-5
-1,-240,86,-17,71,-5
2,-238,88,-18,70,-4
0,-240,85,-19,70,-4
0,-237,84,-21,69,-4
0,-237,87,-21,68,-3
0,-238,85,-21,65,-2
0,-240,86,-22,65,-3
2,-241,87,-24,64,-2
1,-240,84,-24,63,-1
0,-239,85,-24,63,0
1,-241,87,-26,63,-1
0,-244,84,-26,64,-1
1,-241,82,-25,64,-2
1,-242,82,-25,65,-3
2,-240,84,-25,66,-2
1,-241,84,-24,67,-4
0,-242,84,-24,66,-4
2,-240,79,-22,66,-6
2,-246,84,-21,68,-6
2,-237,85,-21,69,-7
1,-239,85,-19,70,-11
0,-238,86,-19,70,-10
-1,-235,86,-19,71,-13
0,-240,82,-21,72,-12
0,-240,82,-23,74,-13
0,-240,84,-26,74,-13
1,-238,83,-29,75,-14
0,-235,88,-30,76,-14
0,-234,88,-30,77,-13
2,-236,86,-31,80,-13
0,-237,88,-32,80,-10
0,-235,92,-34,81,-8
2,-238,87,-36,81,-9
2,-234,87,-37,81,-10
3,-237,88,-41,81,-9
2,-235,88,-45,80,-8
1,-236,91,-47,78,-6
2,-237,88,-47,77,-6
3,-237,88,-44,74,-6
0,-238,88,-44,72,-7
5,-238,85,-42,73,-6
0,-237,84,-42,72,-6
2,-238,88,-44,71,-6
2,-236,88,-46,71,-6
1,-237,87,-50,70,-8
0,-235,85,-51,70,-8
0,-237,86,-52,69,-8
4,-240,87,-54,69,-8
0,-240,84,-55,70,-10
0,-240,87,-56,72,-12
0,-238,86,-59,74,-9
0,-238,82,-61,74,-9
0,-237,86,-64,74,-8
-1,-237,87,-65,75,-5
-1,-238,89,-62,77,-4
2,-243,83,-58,75,-3
0,-239,83,-56,75,0
0,-243,86,-53,74,1
0,-238,83,-51,74,4
1,-242,80,-50,71,1
2,-242,84,-51,70,0
0,-236,83,-53,69,0
2,-244,92,-55,69,-1
1,-239,84,-58,66,-2
0,-239,80,-60,65,-2
-1,-238,82,-60,63,-3
0,-242,83,-61,63,-2
-1,-239,79,-63,62,-1
-1,-241,81,-63,62,0
0,-241,78,-62,61,3
2,-241,83,-61,59,3
1,-240,81,-61,57,3
1,-241,77,-62,56,5
-1,-241,80,-63,55,5
0,-241,78,-63,54,5
1,-242,79,-67,53,6
1,-242,81,-70,54,6
2,-241,81,-72,56,5
1,-239,78,-74,53,6
1,-238,83,-74,53,3
2,-239,83,-75,52,4
1,-239,84,-75,51,3
2,-242,83,-74,49,4
5,-242,84,-74,47,5
1,-239,86,-74,48,4
2,-241,79,-75,48,4
2,-241,82,-76,46,4
0,-239,82,-79,46,4
-1,-240,81,-82,47,5
1,-237,82,-85,48,4
1,-237,87,-88,50,4
0,-239,84,-90,51,5
0,-241,80,-91,52,6
1,-240,79,-91,52,6
0,-240,80,-90,52,6
1,-240,76,-87,51,8
1,-240,83,-85,52,6
1,-241,78,-84,51,7
1,-241,80,-83,49,6
0,-240,77,-82,48,5
0,-240,80,-80,50,3
1,-238,77,-79,49,4
0,-240,79,-79,50,3
2,-243,82,-79,51,4
1,-240,80,-80,55,2
-1,-240,81,-80,57,1
-2,-238,80,-81,61,2
0,-240,78,-81,64,2
0,-236,79,-81,67,-1
0,-242,82,-81,68,-2
1,-243,78,-82,70,0
1,-242,78,-84,69,-1
0,-240,81,-87,73,-1
0,-242,78,-90,75,-1
0,-240,76,-94,74,-2
-1,-239,78,-97,74,-4
2,-246,79,-99,75,-4
2,-242,79,-101,75,-4
2,-242,76,-102,74,-3
1,-242,78,-103,73,-4
1,-240,74,-105,74,-3
2,-243,76,-106,73,-2
-1,-243,77,-108,74,-3
2,-244,75,-109,75,-3
3,-245,76,-108,78,-4
1,-242,77,-103,79,-2
2,-246,78,-99,80,-1
2,-243,77,-96,82,-2
1,-244,74,-96,85,-1
4,-246,75,-94,86,-2
2,-244,70,-89,87,-2
1,-247,76,-85,86,-3
3,-244,74,-83,85,-3
0,-246,73,-83,84,-2
1,-242,73,-81,85,-2
0,-241,73,-81,84,0
2,-242,72,-80,85,2
3,-245,73,-79,83,1
1,-243,75,-76,81,1
2,-245,74,-75,81,1
2,-245,73,-74,80,1
2,-244,76,-71,79,0
4,-248,70,-70,79,1
1,-246,74,-67,80,1
3,-245,72,-65,79,0
4,-247,76,-61,82,0
1,-245,73,-57,80,1
1,-247,74,-53,81,0
1,-247,76,-47,81,-2
1,-246,73,-41,80,-1
0,-243,71,-35,81,0
0,-244,74,-28,79,0
0,-246,76,-23,79,0
2,-242,76,-21,77,0
-2,-237,72,-21,76,0
0,-242,75,-22,76,0
-1,-241,79,-25,75,1
1,-240,75,-29,73,1
0,-242,78,-33,75,0
-1,-238,76,-36,75,1
-2,-241,75,-38,76,1
-2,-240,77,-42,77,1
1,-242,73,-44,78,0
-1,-241,72,-44,78,1
0,-244,78,-46,78,1
-2,-245,76,-44,79,-1
0,-244,74,-42,77,0
-2,-243,78,-40,76,-2
0,-244,77,-37,75,-2
2,-244,76,-35,73,0
2,-243,69,-34,73,-1
1,-245,73,-33,72,-2
0,-242,75,-32,71,-3
2,-245,73,-32,72,-4
1,-242,78,-30,71,-3
1,-243,70,-28,71,-3
1,-246,74,-26,69,-3
1,-241,77,-24,68,-2
1,-245,75,-21,66,-1
1,-244,73,-17,67,-1
1,-243,79,-13,68,0
-1,-241,76,-12,68,2
1,-243,71,-12,66,2
1,-242,74,-12,66,1
0,-241,74,-14,68,0
1,-244,73,-19,69,-2
0,-244,72,-21,68,-2
1,-245,72,-25,67,1
2,-241,78,-25,68,-1
3,-245,69,-27,68,-1
2,-245,76,-26,67,-3
0,-243,73,-26,66,-1
1,-245,71,-25,66,-2
1,-245,75,-24,64,-2
1,-246,73,-21,62,-2
2,-243,72,-16,61,-1
0,-245,74,-15,59,-1
0,-244,74,-10,58,0
-2,-245,77,-6,60,0
-1,-246,74,-3,60,0
0,-244,73,-1,63,0
0,-241,73,1,63,1
2,-245,76,0,64,0
-1,-243,74,1,63,0
0,-242,71,-3,64,0
0,-242,72,-6,65,-1
1,-243,77,-10,66,-1
1,-244,75,-12,67,0
0,-241,74,-16,68,-2
1,-243,77,-17,69,-4
1,-242,74,-18,70,-5
1,-242,74,-19,68,-5
1,-243,80,-19,68,-6
0,-243,72,-21,67,-6
3,-241,74,-23,68,-4
0,-243,75,-25,68,-4
1,-247,76,-25,69,-4
1,-244,76,-23,67,-3
0,-247,73,-20,67,-4
0,-245,73,-14,66,-3
3,-246,76,-9,65,-2
1,-245,71,-2,64,-3
1,-243,72,2,64,-4
1,-242,72,4,64,-3
0,-243,74,3,64,-4
1,-242,73,2,65,-4
0,-242,73,0,67,-5
0,-241,75,-3,71,-3
3,-241,75,-7,74,-4
3,-244,75,-9,74,-3
1,-246,74,-13,75,-2
2,-243,75,-13,77,-1
1,-243,74,-12,77,-1
1,-244,76,-10,77,-2
0,-244,77,-11,78,-2
1,-242,77,-10,77,-1
5,-245,86,-9,76,-2
1,-246,75,-8,75,-2
1,-241,73,-10,74,-3
2,-242,73,-13,75,-4
1,-246,73,-18,75,-4
3,-245,71,-22,73,-4
1,-241,73,-26,75,-4
2,-244,71,-26,73,-4
2,-246,71,-23,71,-3
0,-244,69,-20,72,-1
0,-244,72,-16,70,0
2,-244,77,-13,69,-1
0,-244,71,-10,69,-1
0,-243,73,-8,70,-1
0,-242,74,-6,68,1
-4,-244,71,-3,68,1
-1,-239,73,-4,71,2
0,-244,75,-5,70,0
-1,-243,71,-8,72,0
0,-244,70,-10,71,-1
-1,-244,75,-13,72,0
-3,-243,75,-15,72,-1
0,-242,75,-17,71,-2
-2,-244,77,-18,72,-2
0,-246,74,-14,73,-4
1,-247,76,-11,71,-5
3,-246,76,-7,70,-4
1,-244,73,-3,71,-4
0,-243,74,1,71,-4
0,-244,73,3,70,-4
1,-243,78,3,70,-4
1,-240,74,3,70,-4
0,-244,74,4,69,-6
0,-244,73,4,68,-6
-2,-242,73,3,70,-6
-1,-246,73,0,70,-5
-1,-244,74,1,70,-5
0,-246,75,3,71,-4
0,-243,77,6,70,-3
0,-243,75,6,70,-3
1,-243,74,8,71,-2
0,-246,77,9,70,-1
-1,-246,75,10,70,-2
2,-242,69,10,71,-3
-1,-243,75,9,69,-3
1,-243,75,9,69,-3
2,-244,76,6,67,-3
2,-242,74,5,67,-4
1,-243,77,4,68,-5
3,-245,76,3,66,-6
3,-244,76,2,66,-7
0,-241,72,1,66,-8
1,-244,74,0,64,-7
1,-245,79,1,63,-7
0,-243,76,-1,65,-6
0,-244,74,0,66,-7
0,-243,76,1,68,-6
0,-243,75,1,69,-5
1,-244,73,4,68,-5
0,-243,72,4,68,-5
0,-242,73,5,68,-6
-1,-241,73,4,69,-4
0,-242,71,2,68,-5
1,-242,77,1,66,-3
1,-242,76,2,64,-3
5,-244,81,3,64,-3
0,-245,75,4,63,-1
0,-243,75,5,62,-1
0,-241,71,6,61,-1
0,-243,74,7,61,-2
1,-244,76,8,62,-4
-1,-244,77,9,61,-3
0,-242,74,9,62,-3
1,-240,80,8,63,-5
1,-240,73,6,66,-5
4,-241,75,5,68,-7
0,-242,76,4,66,-6
0,-245,72,2,66,-6
1,-241,74,3,67,-6
1,-242,74,5,67,-6
0,-245,76,6,67,-4
1,-244,76,7,69,-4
3,-243,76,10,69,-4
-1,-243,72,11,69,-5
0,-243,74,12,69,-3
0,-242,75,14,68,-3
0,-241,76,13,68,-2
-7,-244,73,11,69,-3
0,-244,74,9,71,-3
2,-242,79,7,71,-3
1,-243,73,7,73,-3
0,-241,75,8,72,-3
3,-243,78,8,72,-5
1,-241,72,7,72,-6
0,-245,80,6,72,-5
2,-242,77,5,73,-6
1,-242,74,4,72,-6
1,-243,83,1,72,-5
0,-243,79,-1,72,-5
0,-243,74,0,71,-4
2,-246,75,2,71,-4
1,-246,75,10,70,-3
0,-247,76,18,68,-2
1,-244,74,28,67,-4
0,-243,74,34,67,-4
-1,-239,76,37,66,-4
0,-239,74,38,66,-5
0,-241,76,36,67,-5
0,-240,74,34,67,-6
-2,-238,76,29,68,-6
0,-240,73,25,68,-5
2,-242,75,23,70,-4
-4,-240,77,20,71,-4
0,-242,74,17,73,-4
1,-244,79,17,74,-5
2,-243,79,18,75,-6
1,-244,78,18,74,-4
1,-242,79,19,72,-5
0,-245,77,19,73,-5
0,-243,78,17,71,-5
0,-243,80,15,69,-5
2,-245,75,13,69,-5
1,-241,78,11,70,-5
0,-243,78,8,70,-5
0,-241,76,7,71,-4
-1,-244,77,5,72,-5
1,-243,80,4,73,-4
0,-240,80,3,74,-4
0,-241,77,5,72,-4
0,-242,77,7,71,-4
-2,-241,79,7,68,-4
-1,-244,76,9,67,-5
0,-241,78,8,66,-4
0,-240,76,7,63,-3
1,-239,78,4,64,-3
3,-241,78,3,65,-2
1,-242,77,0,66,-2
0,-240,75,-1,68,-3
1,-240,81,-3,69,-2
1,-240,78,-6,71,-3
1,-244,78,-9,71,-3
1,-244,78,-10,73,-2
1,-241,75,-12,72,-2
0,-242,76,-13,73,-2
3,-243,81,-12,72,-2
4,-240,77,-9,71,-3
1,-242,76,-5,69,-3
0,-241,76,-2,68,-3
3,-245,78,1,66,-4
0,-240,77,3,64,-4
1,-243,84,4,65,-4
-2,-243,77,3,65,-5
-1,-246,78,4,66,-5
0,-240,74,4,68,-4
-2,-240,77,3,69,-4
0,-243,78,4,70,-3
0,-243,77,5,72,-3
0,-245,77,4,72,-3
0,-242,81,4,72,-3
-2,-238,76,4,73,-3
1,-242,80,4,72,-1
0,-243,80,3,73,0
-1,-241,79,4,73,0
1,-241,83,2,74,-1
2,-241,78,2,72,-1
1,-241,77,1,71,-2
1,-241,77,-1,72,-1
3,-242,77,-1,71,-3
0,-241,79,-3,71,-4
1,-242,82,-3,72,-6
1,-243,77,-4,70,-7
1,-241,77,-1,70,-6
1,-243,78,1,69,-4
1,-242,75,2,69,-3
-1,-241,79,4,70,-4
0,-242,76,5,69,-3
-2,-242,79,7,69,-3
-3,-241,78,5,69,-3
1,-244,79,6,70,-2
0,-244,78,6,69,-2
2,-244,79,5,70,-2
0,-245,79,5,70,-1
0,-242,78,3,71,-2
0,-242,81,2,73,-2
1,-243,79,0,72,-2
-1,-243,80,0,74,-2
2,-242,81,1,72,-1
-1,-243,82,1,73,-3
1,-239,80,1,74,-3
1,-243,78,3,74,-4
1,-243,78,6,72,-2
0,-240,78,9,71,-1
1,-242,78,10,70,-2
0,-240,78,11,68,-2
0,-241,79,11,69,-3
0,-241,77,11,68,-4
-1,-243,70,10,67,-3
1,-241,77,10,66,-4
0,-243,77,8,66,-3
4,-241,79,6,66,-3
1,-241,78,3,65,-3
4,-242,81,2,66,-2
2,-240,78,1,69,-2
0,-243,78,0,68,-1
1,-241,81,0,68,-1
2,-241,80,0,69,-1
0,-243,78,-1,69,-1
2,-243,77,-2,65,-2
-1,-240,81,-4,66,-1
0,-238,78,-5,66,-2
1,-245,78,-5,65,-3
0,-242,79,-5,65,-3
1,-243,76,-5,67,-2
1,-243,79,-4,66,-2
0,-239,80,-5,68,-3
0,-241,77,-6,67,-2
2,-240,75,-8,66,-1
-1,-241,78,-11,67,-2
1,-242,79,-13,66,-3
0,-241,82,-16,68,-3
-1,-242,82,-17,67,-2
1,-245,80,-15,68,-2
1,-239,76,-13,67,-2
2,-243,77,-7,66,0
0,-247,76,-1,66,0
1,-244,77,5,66,2
2,-243,79,9,67,1
0,-242,80,12,66,1
1,-242,78,13,66,-1
1,-239,76,11,66,-2
0,-241,78,11,64,-4
0,-239,80,10,66,-5
0,-243,82,11,66,-5
2,-242,82,9,67,-5
-1,-243,79,9,68,-5
-2,-240,83,8,71,-4
0,-240,83,9,71,-3
-1,-240,81,11,70,-1
0,-240,78,12,71,-1
0,-242,82,10,71,0
0,-242,79,9,70,1
2,-241,85,9,70,-1
0,-238,79,6,68,0
0,-242,78,3,69,1
1,-243,80,0,69,-1
1,-244,81,1,70,-3
1,-241,79,1,71,-3
1,-242,78,1,69,-3
1,-243,85,3,68,-5
1,-240,80,3,68,-5
0,-241,79,5,67,-4
0,-240,79,8,65,-2
1,-242,82,9,65,-2
0,-241,81,11,65,-2
0,-241,79,10,65,-2
-3,-239,80,10,64,-1
0,-241,77,9,65,0
0,-240,82,10,66,0
0,-237,79,10,66,-1
1,-239,78,8,65,0
0,-241,81,7,65,1
-2,-240,79,7,66,1
1,-242,82,9,65,1
0,-243,83,8,66,-1
-1,-240,82,10,65,-1
0,-241,75,11,65,-1
1,-242,80,10,67,-2
0,-242,81,10,66,-3
2,-244,76,9,67,-4
0,-243,79,7,68,-3
1,-240,79,5,69,-5
1,-241,78,4,68,-6
-1,-238,80,4,69,-6
0,-242,77,3,70,-5
0,-240,80,3,70,-4
1,-243,83,5,70,-4
0,-241,82,6,72,-4
1,-240,78,9,71,-3
0,-244,81,10,70,-1
0,-239,85,10,70,0
-1,-240,82,10,68,1
0,-241,81,10,70,0
1,-237,82,10,71,0
2,-240,85,8,71,0
1,-241,78,7,74,0
3,-241,82,5,74,0
0,-238,83,4,73,-3
1,-240,81,2,72,-2
-1,-241,81,1,71,-4
0,-238,82,1,70,-3
1,-241,82,3,68,-2
1,-241,82,3,69,-3
0,-239,85,3,68,-3
-1,-239,81,2,67,-2
1,-240,85,3,67,-2
0,-240,83,2,68,-2
1,-241,87,1,71,-3
1,-239,83,2,71,-3
-1,-239,80,0,73,-2
2,-241,84,-1,73,-2
1,-242,81,-3,75,-2
0,-238,81,-4,75,-2
1,-243,80,-5,76,0
1,-244,83,-4,74,0
3,-242,80,-3,71,1
0,-240,79,-1,70,2
0,-240,76,2,67,2
0,-241,83,3,67,2
0,-242,81,2,66,2
1,-241,81,3,66,1
0,-240,84,1,66,0
-1,-238,78,-1,67,1
1,-243,85,-2,68,0
1,-239,81,-4,69,1
1,-242,82,-5,70,-1
2,-242,81,-7,71,-1
0,-241,82,-8,73,-1
-2,-242,81,-7,74,-1
-1,-238,83,-7,74,-2
-1,-239,83,-6,75,0
0,-242,79,-5,75,1
0,-243,81,-3,74,0
1,-240,85,-2,73,1
1,-242,79,2,72,1
0,-241,79,4,69,2
1,-240,81,4,68,1
-2,-240,80,4,66,0
0,-239,84,5,67,1
0,-240,81,2,65,0
0,-245,78,-1,68,-1
0,-242,79,-3,66,1
0,-240,84,-6,65,2
-1,-239,78,-7,65,1
1,-238,80,-7,65,1
0,-241,83,-6,64,1
0,-241,79,-5,65,3
0,-241,83,-2,65,1
-2,-241,82,-1,67,-1
-1,-243,83,-1,67,-1
1,-239,83,0,67,-3
-1,-243,81,-2,69,-3
0,-242,80,-4,68,-2
2,-240,82,-6,67,-1
1,-239,85,-8,67,0
2,-242,85,-12,67,-1
2,-245,81,-12,67,-1
0,-241,80,-11,65,-1
3,-242,80,-9,65,-1
4,-248,81,-4,64,-2
0,-239,83,3,64,-1
0,-242,81,8,63,-2
2,-243,81,13,63,-1
-2,-241,86,17,62,-2
1,-239,83,20,61,-3
0,-238,80,21,61,-3
0,-238,80,18,62,-3
-1,-235,83,16,64,-3
0,-239,86,12,64,-3
-3,-236,84,7,64,-3
0,-239,82,3,64,-2
0,-239,82,-1,65,-2
0,-241,81,-2,66,-1
0,-238,86,-5,66,1
0,-238,83,-5,67,1
0,-239,82,-8,65,0
0,-241,83,-8,66,0
1,-240,85,-10,65,0
0,-240,82,-12,65,-1
-1,-240,82,-13,67,-2
0,-240,82,-15,66,-2
1,-239,75,-15,66,-3
0,-242,80,-16,67,-4
0,-241,79,-16,66,-3
0,-242,82,-16,67,-3
0,-239,81,-16,65,-3
-1,-241,81,-16,67,-3
-1,-239,81,-17,67,-3
0,-238,84,-17,67,-2
0,-240,84,-18,68,0
0,-241,83,-17,68,-1
0,-241,82,-20,67,-1
-2,-240,80,-23,67,1
0,-240,81,-25,69,-1
1,-241,83,-31,72,0
0,-240,83,-36,71,0
-1,-240,82,-41,71,-1
1,-240,83,-45,71,-2
4,-243,84,-47,73,-3
1,-240,83,-49,73,-3
1,-243,83,-49,74,-3
0,-239,84,-50,75,-2
2,-242,80,-48,73,-2
-3,-244,84,-46,73,-4
2,-242,82,-45,71,-4
-1,-241,78,-43,71,-4
2,-242,81,-42,70,-4
1,-241,82,-42,70,-4
0,-237,81,-41,71,-4
0,-239,84,-41,70,-3
1,-242,79,-44,71,-3
-1,-240,83,-47,71,-3
0,-239,85,-53,71,-3
0,-238,83,-58,70,-3
-3,-235,82,-66,72,-1
1,-237,81,-74,70,-1
-1,-238,80,-84,69,-1
0,-238,81,-93,70,1
0,-236,80,-102,70,1
0,-240,81,-108,70,3
0,-243,84,-113,70,4
0,-245,83,-114,71,5
0,-244,82,-111,72,7
1,-244,84,-106,74,6
0,-245,82,-99,73,6
5,-246,81,-89,73,6
1,-249,81,-78,75,3
2,-244,78,-66,77,0
-1,-246,81,-51,77,0
2,-244,81,-35,76,-3
0,-244,79,-21,76,-5
5,-244,80,-9,76,-7
0,-242,80,0,76,-7
1,-240,79,4,76,-6
1,-240,80,6,75,-6
2,-239,81,-2,76,-4
-1,-238,77,-9,73,-4
0,-239,83,-19,72,-1
0,-239,81,-31,69,2
-1,-240,81,-42,68,3
-1,-237,82,-52,68,4
0,-241,79,-60,66,5
1,-241,78,-64,68,5
0,-243,83,-68,67,6
0,-239,83,-69,67,5
0,-243,79,-69,69,5
-2,-241,78,-68,70,3
0,-245,74,-64,70,2
1,-246,77,-61,69,1
-1,-242,77,-58,68,1
1,-245,80,-53,68,-2
0,-245,78,-49,66,-1
0,-246,81,-44,67,-1
1,-244,78,-39,66,-2
1,-243,78,-35,66,-2
0,-242,79,-31,65,-2
-1,-243,78,-28,64,-1
1,-241,78,-24,65,-2
0,-242,78,-23,66,-2
1,-239,79,-23,66,-3
0,-240,76,-26,68,-1
0,-242,79,-30,67,-2
0,-240,77,-34,68,-2
1,-239,77,-40,69,-2
-1,-241,82,-46,70,-1
0,-239,76,-50,69,0
0,-241,73,-53,70,-1
5,-240,71,-56,69,-1
-2,-241,79,-57,68,-1
0,-242,80,-53,67,0
0,-246,80,-50,66,0
2,-244,77,-44,67,0
-1,-240,77,-39,67,-2
4,-244,76,-33,69,1
1,-243,80,-30,71,-1
0,-243,76,-30,73,-1
0,-241,78,-28,74,-2
0,-241,78,-30,75,-3
0,-245,80,-33,75,-5
1,-247,78,-35,74,-4
0,-245,78,-34,73,-5
0,-248,80,-32,72,-6
0,-238,77,-26,70,-5
0,-241,78,-21,71,-6
1,-242,80,-18,68,-3
0,-239,75,-14,69,-2
0,-238,73,-13,68,-3
0,-239,75,-14,68,-3
0,-240,78,-18,67,-2
-1,-242,78,-22,69,-3
-6,-241,69,-26,71,-2
0,-239,78,-32,72,-2
0,-242,79,-38,74,-2
0,-242,80,-41,77,0
-1,-242,76,-43,80,0
2,-244,79,-42,80,0
0,-243,79,-41,81,-1
0,-244,76,-38,80,-1
2,-245,78,-34,79,-1
2,-243,78,-30,75,-1
1,-246,76,-27,73,-1
0,-244,72,-25,71,-3
1,-244,78,-23,70,-4
0,-242,73,-24,68,-3
1,-242,77,-22,66,-3
0,-241,76,-23,66,-4
0,-240,72,-24,67,-3
0,-240,78,-22,69,-2
0,-239,76,-23,68,-2
-2,-243,76,-24,67,-1
1,-240,74,-24,68,-1
0,-243,77,-24,69,1
1,-239,84,-25,71,-1
-1,-242,78,-24,70,0
0,-246,74,-23,71,1
0,-242,75,-24,72,1
0,-243,79,-25,72,1
0,-241,80,-23,74,0
-1,-241,78,-20,74,1
1,-242,79,-19,74,2
1,-247,77,-19,73,2
0,-242,78,-19,74,0
0,-241,77,-20,72,1
0,-241,79,-21,71,1
1,-244,75,-23,69,-2
-1,-242,74,-22,69,-2
1,-244,79,-22,66,-2
0,-242,75,-24,64,-3
0,-242,77,-22,66,-2
0,-242,78,-23,67,-2
1,-240,73,-22,68,0
0,-242,78,-22,70,-1
0,-241,78,-23,71,-1
-1,-242,75,-24,72,0
2,-243,73,-24,72,1
1,-239,76,-26,74,1
-1,-238,78,-27,75,0
2,-244,77,-25,75,0
0,-241,75,-25,73,0
0,-243,80,-24,71,2
0,-244,77,-22,69,0
-2,-244,76,-21,66,0
0,-244,78,-20,65,0
-1,-244,78,-19,65,-1
5,-241,76,-18,64,-1
0,-242,77,-19,64,0
0,-240,74,-18,63,0
0,-241,75,-18,63,-1
-2,-242,76,-20,65,-1
1,-242,76,-23,65,-2
0,-241,76,-23,65,-2
-2,-243,79,-28,67,-3
-1,-242,75,-30,67,-1
1,-242,74,-33,66,0
-2,-240,74,-35,67,0
0,-240,77,-35,68,-1
0,-242,74,-33,68,-2
2,-245,75,-31,67,-1
0,-241,76,-30,67,-3
0,-244,76,-26,66,-3
0,-246,79,-25,67,-4
1,-246,75,-25,69,-5
0,-243,77,-25,69,-5
-2,-242,77,-27,67,-4
1,-245,79,-29,67,-5
1,-241,76,-34,66,-4
0,-242,75,-39,65,-4
-1,-241,75,-42,65,-3
0,-243,75,-45,65,-3
-1,-239,76,-48,66,-4
1,-241,76,-48,67,-2
1,-242,76,-51,69,-2
1,-243,77,-53,70,-1
0,-242,74,-57,69,-2
-2,-244,79,-59,68,-3
1,-242,75,-62,67,-3
0,-241,76,-64,67,-4
0,-242,75,-65,69,-6
1,-242,77,-68,70,-8
-1,-239,79,-72,75,-11
0,-243,75,-77,77,-10
0,-242,74,-80,76,-12
-4,-237,77,-83,75,-12
0,-241,76,-86,74,-12
2,-240,78,-91,72,-11
0,-245,75,-97,72,-12
0,-243,75,-105,73,-12
1,-245,73,-111,74,-12
1,-244,73,-118,76,-11
0,-242,76,-121,77,-10
0,-245,73,-125,78,-9
-1,-242,76,-127,79,-9
-2,-239,75,-129,79,-8
0,-240,77,-134,78,-8
0,-243,78,-138,77,-8
-1,-240,81,-146,79,-9
-1,-241,77,-157,82,-8
-1,-240,80,-168,85,-11
-1,-241,83,-178,85,-9
-6,-239,80,-188,82,-8
0,-238,77,-197,80,-7
1,-237,79,-205,78,-7
0,-243,78,-213,74,-7
1,-241,78,-226,72,-8
0,-240,75,-242,66,-12
-2,-234,73,-259,58,-12
0,-236,76,-281,50,-15
0,-236,74,-305,41,-15
0,-234,73,-331,35,-15
2,-238,71,-358,31,-13
0,-234,69,-380,30,-12
2,-236,71,-405,35,-12
4,-235,69,-427,44,-11
5,-237,71,-446,55,-11
4,-236,68,-470,64,-13
7,-237,67,-499,69,-14
8,-238,64,-531,70,-16
5,-235,68,-565,69,-20
7,-239,68,-601,72,-22
5,-239,69,-637,77,-24
4,-239,64,-672,84,-25
10,-242,57,-705,92,-25
5,-238,57,-737,95,-27
2,-237,60,-765,98,-27
0,-236,60,-788,95,-29
0,-233,60,-809,94,-29
1,-233,57,-830,93,-32
0,-234,58,-847,92,-33
0,-231,59,-862,92,-34
-2,-229,56,-875,92,-36
0,-234,57,-889,94,-40
-1,-230,53,-903,97,-45
0,-235,57,-922,99,-45
0,-233,55,-940,103,-48
-1,-238,51,-956,103,-48
0,-238,52,-971,106,-49
-3,-238,50,-980,107,-49
-6,-238,55,-983,107,-47
-5,-241,52,-987,106,-42
-2,-242,46,-987,104,-35
-1,-245,47,-984,101,-27
-3,-241,50,-983,101,-18
-1,-245,47,-978,98,-9
-3,-243,51,-975,96,-3
0,-245,43,-978,91,1
-2,-242,42,-987,87,1
-1,-242,44,-1001,80,1
-1,-240,44,-1023,72,3
0,-239,44,-1051,66,4
1,-238,39,-1079,63,3
0,-239,39,-1123,62,0
4,-242,38,-1168,64,-4
3,-241,37,-1212,63,-9
4,-244,37,-1255,62,-15
2,-241,41,-1293,59,-17
0,-244,38,-1328,58,-21
4,-245,38,-1355,57,-23
2,-244,42,-1375,59,-28
3,-244,38,-1390,62,-33
5,-244,34,-1405,66,-34
9,-247,33,-1417,73,-34
9,-250,35,-1428,82,-31
6,-252,35,-1425,87,-26
8,-255,34,-1410,83,-20
6,-262,38,-1386,77,-13
4,-270,42,-1353,69,-6
2,-281,43,-1308,57,5
2,-298,45,-1250,44,23
0,-310,41,-1179,30,51
-1,-322,32,-1105,7,82
-2,-335,21,-1034,-16,118
-2,-343,3,-976,-35,152
-3,-348,-8,-940,-49,186
-5,-349,-28,-937,-56,214
-8,-347,-42,-975,-60,235
-9,-342,-52,-1050,-60,249
-14,-337,-55,-1142,-59,253
-18,-335,-55,-1236,-55,247
-22,-332,-51,-1326,-43,239
-25,-330,-42,-1400,-24,238
-25,-328,-30,-1445,1,236
-24,-330,-23,-1447,28,230
-21,-325,-20,-1403,53,229
-13,-326,-19,-1322,71,221
-6,-325,-22,-1218,83,210
4,-322,-29,-1104,92,188
12,-326,-35,-999,101,160
17,-324,-47,-918,109,126
17,-317,-58,-872,107,91
20,-318,-69,-854,98,58
15,-318,-75,-853,75,29
16,-315,-79,-851,52,10
17,-316,-80,-829,25,-2
14,-316,-78,-786,3,-7
7,-310,-75,-717,-9,-13
0,-307,-68,-626,-19,-22
-8,-297,-71,-525,-25,-30
-13,-292,-70,-428,-31,-27
-13,-286,-69,-343,-38,-15
-17,-286,-70,-270,-43,-1
-20,-283,-66,-220,-51,14
-24,-275,-71,-193,-62,26
-22,-274,-71,-184,-76,36
-20,-272,-73,-183,-89,37
-21,-270,-69,-186,-98,36
-11,-269,-69,-195,-102,30
-10,-270,-69,-202,-100,25
-6,-265,-68,-199,-91,18
0,-266,-65,-196,-79,11
0,-265,-71,-191,-63,1
0,-264,-67,-184,-48,-8
1,-268,-71,-175,-39,-17
2,-265,-72,-172,-33,-26
3,-261,-76,-175,-32,-34
1,-263,-77,-191,-33,-39
1,-262,-82,-211,-34,-42
0,-265,-86,-233,-32,-42
-3,-267,-87,-256,-27,-41
0,-266,-91,-275,-22,-42
-2,-268,-91,-291,-16,-42
-1,-268,-93,-303,-10,-44
-7,-268,-90,-308,-5,-46
-6,-269,-86,-307,-1,-48
-8,-268,-87,-300,3,-50
-7,-266,-86,-290,7,-55
-8,-269,-84,-278,9,-56
-7,-269,-84,-262,10,-55
-8,-264,-80,-246,10,-55
-6,-264,-84,-224,9,-55
-6,-263,-79,-202,6,-60
-4,-261,-83,-186,0,-60
-7,-262,-76,-171,-8,-60
-2,-258,-80,-159,-14,-61
-5,-251,-84,-162,-16,-61
0,-250,-87,-174,-19,-63
0,-250,-85,-188,-20,-64
2,-249,-86,-202,-18,-66
0,-248,-83,-214,-17,-67
-1,-252,-82,-218,-18,-67
-2,-251,-85,-217,-17,-67
-1,-251,-81,-216,-14,-66
-6,-248,-80,-211,-10,-66
-6,-249,-78,-206,-6,-63
-7,-250,-80,-200,-3,-63
-8,-245,-76,-188,3,-65
-8,-248,-73,-173,5,-67
-8,-247,-76,-151,6,-68
-8,-244,-73,-122,6,-70
-7,-238,-75,-89,5,-74
-4,-230,-72,-55,6,-79
-10,-233,-77,-27,8,-85
-8,-231,-80,-13,14,-93
-12,-223,-83,-9,21,-98
-10,-224,-79,-15,29,-105
-10,-222,-82,-25,38,-108
-8,-223,-81,-37,45,-113
-9,-220,-78,-50,52,-118
-10,-219,-78,-61,56,-119
-5,-220,-82,-66,55,-120
-8,-221,-77,-69,58,-118
-10,-222,-76,-65,61,-112
-6,-225,-76,-58,62,-108
-9,-224,-72,-50,64,-103
-4,-225,-72,-36,66,-99
-4,-224,-72,-18,65,-96
-5,-222,-72,3,64,-91
-4,-224,-72,25,61,-89
-2,-221,-75,46,55,-86
0,-216,-73,65,49,-82
0,-211,-81,79,43,-80
0,-210,-82,87,43,-77
-12,-205,-91,86,43,-76
-4,-204,-85,75,48,-77
-1,-200,-87,59,57,-84
-3,-197,-97,37,67,-92
-1,-197,-98,14,79,-98
0,-194,-95,-11,90,-107
0,-192,-97,-32,98,-118
-1,-193,-99,-53,108,-127
-3,-194,-99,-68,115,-135
-4,-195,-97,-77,122,-146
1,-195,-100,-77,133,-153
-6,-195,-89,-69,145,-160
-5,-193,-88,-52,155,-164
-3,-192,-84,-32,165,-167
-1,-195,-87,-9,175,-170
-4,-187,-87,13,181,-175
-3,-184,-91,31,181,-181
-5,-182,-93,45,178,-188
0,-177,-95,49,174,-194
-1,-169,-98,46,176,-201
1,-168,-100,34,183,-212
0,-163,-103,12,194,-224
-1,-167,-105,-14,207,-237
0,-159,-108,-43,224,-252
2,-159,-108,-72,237,-266
1,-160,-108,-95,252,-279
3,-163,-108,-112,263,-293
0,-167,-106,-120,269,-304
3,-169,-106,-120,274,-315
2,-171,-105,-120,275,-321
3,-174,-103,-118,277,-325
0,-176,-109,-117,278,-325
0,-174,-104,-120,272,-323
-2,-177,-103,-129,259,-318
-4,-175,-105,-142,235,-313
-7,-174,-104,-159,205,-307
-6,-168,-107,-174,172,-298
-9,-167,-110,-186,137,-292
-7,-164,-110,-198,108,-284
-10,-160,-113,-209,84,-276
-7,-162,-115,-225,68,-270
-5,-158,-123,-241,59,-260
-10,-158,-124,-258,53,-251
-7,-162,-127,-268,50,-240
-8,-171,-128,-277,45,-228
-9,-170,-127,-279,42,-214
-4,-177,-126,-280,36,-198
-1,-184,-122,-277,32,-181
1,-189,-119,-268,29,-159
0,-195,-116,-253,28,-134
4,-201,-108,-227,29,-107
8,-207,-109,-188,32,-82
12,-210,-104,-136,37,-57
14,-215,-100,-73,41,-34
20,-212,-99,-5,43,-15
22,-212,-95,60,44,-1
24,-205,-101,116,43,8
27,-201,-100,160,36,14
29,-195,-100,189,30,15
27,-186,-103,204,27,12
25,-177,-101,205,25,6
21,-170,-105,196,32,-2
20,-168,-104,184,40,-6
17,-168,-100,170,50,-9
12,-169,-101,155,61,-8
8,-173,-102,141,73,-4
8,-179,-102,129,89,4
6,-181,-104,120,104,16
3,-181,-102,114,119,31
2,-187,-98,112,132,51
5,-192,-96,111,140,74
9,-194,-93,115,143,98
5,-198,-86,125,141,118
7,-201,-84,139,136,135
10,-202,-82,160,128,146
8,-202,-82,184,120,154
8,-201,-82,210,113,156
7,-203,-77,236,113,153
4,-195,-82,258,116,143
4,-194,-83,273,120,131
4,-191,-85,282,129,119
7,-194,-92,287,142,107
8,-194,-95,294,154,98
7,-192,-96,311,167,89
8,-194,-99,324,180,87
9,-195,-96,334,188,86
9,-197,-94,341,190,87
16,-201,-91,351,188,90
14,-203,-88,366,188,94
14,-209,-84,387,185,98
18,-208,-83,417,179,103
24,-214,-75,451,178,110
21,-214,-73,488,178,116
19,-218,-68,518,177,120
20,-222,-71,545,173,124
19,-227,-65,567,171,125
21,-228,-66,585,171,121
18,-230,-66,604,175,113
19,-227,-67,623,183,103
20,-229,-74,640,196,93
20,-234,-74,654,209,84
18,-237,-78,668,225,76
14,-239,-79,685,241,71
15,-243,-82,706,257,67
13,-247,-80,736,269,67
16,-252,-82,775,285,66
14,-254,-81,823,301,67
13,-260,-82,877,313,70
15,-262,-78,940,319,74
14,-276,-64,1007,319,77
16,-275,-77,1076,314,77
14,-272,-72,1142,307,78
12,-274,-69,1208,300,81
17,-273,-63,1279,289,84
11,-268,-49,1353,280,92
10,-263,-41,1432,276,103
10,-259,-31,1519,270,114
9,-251,-22,1618,266,128
7,-253,-6,1724,259,145
7,-256,6,1835,255,165
0,-272,34,1947,256,192
-7,-299,103,2077,260,228
-6,-364,213,2313,252,275
1,-448,259,2751,230,335
11,-544,265,3269,211,399
11,-617,233,3676,230,479
8,-704,168,3808,328,576
19,-808,131,3626,457,656
52,-890,61,3224,507,684
116,-903,-132,2527,403,600
180,-842,-282,1360,217,385
218,-805,-284,15,66,86
103,-696,-184,-826,-19,-209
80,-694,-57,-890,-75,-233
78,-687,25,-479,-106,-224
77,-609,71,66,-22,-266
54,-469,112,584,132,-284
10,-310,141,1006,224,-215
-2,-168,149,1294,189,-83
-39,-39,147,1440,82,-9
-62,74,132,1459,-2,1
-79,173,107,1337,-65,-8
-75,209,70,1100,-142,-56
-71,242,30,730,-198,-157
-66,261,13,182,-192,-235
-58,238,38,-493,-138,-238
-38,186,56,-1102,-64,-197
-33,119,65,-1522,40,-181
-35,38,74,-1749,178,-183
-39,-16,39,-1791,309,-195
-27,-131,75,-1714,398,-141
-18,-240,106,-1522,418,-76
-16,-327,120,-1174,362,-62
-17,-395,132,-761,280,-64
-17,-438,133,-361,218,-51
-5,-480,134,-14,170,-28
-9,-490,109,268,114,-20
-17,-483,76,476,90,-12
-18,-473,38,622,101,16
-19,-445,-2,737,120,48
-24,-404,-28,820,124,86
-19,-363,-26,890,104,124
-8,-327,-18,989,82,162
-2,-301,0,1119,78,192
0,-279,18,1240,92,209
1,-263,45,1322,104,209
-3,-250,68,1361,91,191
-2,-240,84,1368,58,164
-2,-223,102,1361,17,144
-5,-215,108,1348,-26,130
-4,-208,102,1332,-58,121
4,-206,91,1309,-74,122
6,-197,83,1265,-68,122
6,-188,74,1200,-42,112
9,-177,68,1106,-4,92
12,-166,66,986,32,73
18,-165,64,852,55,56
22,-158,64,713,62,45
23,-160,70,579,57,39
26,-172,72,459,45,37
24,-185,78,362,30,40
21,-202,80,293,17,43
19,-220,79,248,8,47
17,-240,72,224,2,55
13,-252,70,221,-3,66
11,-263,63,236,-3,79
6,-271,60,266,0,93
3,-274,58,306,2,106
2,-279,57,347,3,113
1,-277,50,381,4,118
1,-278,45,406,5,121
4,-283,45,425,8,122
3,-278,46,436,13,120
4,-276,45,441,21,113
6,-271,39,445,34,100
6,-271,49,443,48,82
1,-263,51,439,59,65
-1,-260,56,432,64,46
0,-254,60,423,69,33
-1,-249,59,411,69,20
-6,-245,59,394,69,12
-9,-240,63,376,63,11
-12,-240,63,353,53,12
-15,-233,61,332,40,18
-16,-233,59,312,28,27
-17,-230,55,294,15,35
-17,-231,57,278,3,41
-14,-226,51,265,-8,46
-10,-231,52,253,-17,50
-12,-231,50,245,-22,50
-7,-233,47,233,-28,48
-1,-236,44,218,-30,43
-3,-241,45,201,-30,38
-1,-244,44,184,-27,32
1,-247,45,164,-25,29
1,-251,50,151,-21,27
2,-254,45,143,-13,24
10,-258,51,139,-2,23
6,-263,48,138,12,21
4,-262,49,141,28,19
6,-266,47,148,43,17
5,-262,51,161,55,17
4,-259,57,176,65,14
6,-259,50,194,71,9
5,-256,58,212,77,3
6,-250,60,227,81,-2
6,-247,62,238,85,-8
3,-246,62,239,84,-14
4,-242,62,232,85,-19
3,-241,66,216,85,-24
2,-238,65,199,83,-27
0,-235,74,184,79,-27
-1,-235,76,168,78,-24
0,-234,76,152,78,-19
0,-230,77,136,79,-15
0,-229,77,118,81,-11
0,-230,77,97,80,-8
-2,-232,80,77,77,-5
-5,-235,79,58,74,-2
-5,-234,80,37,72,1
-3,-234,77,16,74,1
-4,-236,83,-7,77,2
-1,-238,80,-28,78,2
-1,-243,81,-48,80,-1
-2,-241,79,-66,81,-2
-2,-243,80,-79,80,-4
1,-242,76,-89,81,-6
2,-245,83,-96,83,-8
8,-248,80,-100,83,-8
4,-246,82,-102,83,-10
5,-248,82,-102,83,-11
5,-248,89,-97,76,-13
2,-246,83,-91,72,-14
3,-246,82,-85,70,-16
3,-246,83,-78,67,-15
3,-243,83,-73,67,-16
0,-241,82,-67,66,-17
2,-238,81,-64,70,-18
1,-237,83,-64,70,-18
1,-237,81,-65,72,-19
0,-239,75,-71,74,-19
1,-234,76,-78,73,-22
-1,-239,73,-86,74,-23
0,-239,77,-94,75,-24
0,-237,73,-102,76,-23
-3,-238,70,-108,78,-25
0,-243,73,-110,79,-26
0,-244,71,-111,82,-24
0,-244,65,-110,83,-23
0,-246,64,-110,86,-22
0,-246,69,-107,87,-23
1,-247,67,-105,89,-22
0,-248,69,-104,91,-26
-1,-248,64,-104,89,-28
-2,-248,66,-107,85,-30
0,-247,65,-108,83,-31
0,-248,64,-108,80,-30
0,-247,59,-111,78,-30
0,-248,61,-114,76,-27
0,-248,63,-117,75,-24
1,-250,61,-118,72,-23
2,-247,61,-116,75,-21
0,-249,60,-111,74,-21
2,-247,59,-104,75,-18
0,-248,59,-96,75,-18
4,-249,59,-85,78,-15
5,-244,64,-76,81,-15
5,-247,62,-67,83,-16
6,-248,62,-58,86,-17
10,-248,62,-50,89,-18
11,-248,61,-46,92,-21
9,-248,62,-42,94,-22
9,-249,66,-39,94,-25
8,-247,61,-39,95,-26
5,-245,60,-37,96,-28
4,-247,64,-37,96,-29
7,-246,63,-40,93,-30
6,-248,61,-41,90,-28
3,-247,60,-43,88,-27
0,-247,60,-45,86,-26
2,-249,61,-45,85,-25
1,-249,60,-47,84,-22
-4,-247,65,-45,84,-19
-3,-247,61,-43,84,-15
-1,-246,64,-40,85,-12
0,-248,65,-36,85,-6
0,-251,69,-28,86,-1
1,-248,67,-16,85,4
-1,-250,67,2,83,9
1,-252,65,20,79,14
2,-251,63,40,73,16
2,-251,67,61,64,21
3,-249,66,82,55,24
7,-249,60,100,47,28
4,-248,60,110,36,28
3,-245,57,117,28,27
1,-245,60,119,22,27
4,-247,59,118,19,24
1,-245,60,114,20,21
3,-245,61,105,23,16
5,-243,64,91,30,11
3,-243,61,72,34,6
2,-244,64,52,37,1
0,-241,64,35,44,-2
1,-241,67,20,47,-6
1,-243,66,9,50,-7
0,-243,65,1,55,-6
0,-245,70,-6,57,-4
2,-242,64,-11,57,-3
2,-245,63,-15,58,1
3,-246,64,-18,56,1
1,-246,65,-20,55,3
4,-246,64,-20,54,4
3,-247,68,-21,52,5
5,-247,69,-18,50,4
2,-248,68,-16,50,6
3,-250,64,-14,50,8
0,-248,68,-12,51,7
1,-247,67,-10,52,6
2,-248,66,-9,52,6
0,-248,68,-8,52,5
0,-247,67,-7,54,2
0,-246,67,-8,57,1
1,-247,64,-7,58,1
0,-246,67,-10,60,0
0,-247,67,-12,63,-1
-3,-246,63,-17,65,-3
-2,-250,56,-21,64,-4
0,-246,64,-27,61,-5
0,-243,68,-31,58,-5
-3,-244,67,-36,54,-3
-1,-246,64,-38,51,-4
0,-247,66,-37,50,-1
-3,-246,69,-32,48,0
0,-248,66,-26,48,3
5,-247,67,-20,50,5
3,-245,68,-14,52,6
5,-246,66,-11,55,6
5,-247,64,-8,57,5
6,-246,67,-9,59,6
3,-246,70,-10,59,3
10,-246,68,-10,61,0
7,-247,67,-11,62,-2
7,-245,68,-12,64,-3
7,-247,66,-12,67,-6
7,-243,67,-12,67,-7
5,-247,68,-12,70,-9
2,-247,71,-9,71,-9
3,-248,73,-5,73,-12
-1,-242,61,2,72,-13
1,-248,70,9,71,-13
0,-250,70,16,70,-14
0,-250,67,22,67,-13
0,-249,66,25,66,-12
0,-247,66,25,63,-9
0,-248,64,23,63,-8
0,-243,62,20,61,-3
0,-245,62,17,61,0
0,-247,63,13,61,5
4,-241,61,9,63,6
1,-242,67,5,63,7
1,-244,67,1,64,7
-2,-243,65,-4,64,5
0,-244,72,-4,62,5
1,-245,70,-4,62,2
2,-246,69,-3,61,2
2,-245,73,0,61,1
2,-244,70,2,62,-2
4,-247,70,3,60,-1
3,-248,70,4,61,-2
5,-247,67,4,64,-1
4,-237,67,3,65,-1
6,-245,64,0,67,0
6,-245,66,-4,70,-1
2,-243,68,-6,69,-3
5,-245,70,-8,69,-2
4,-243,67,-10,66,-3
1,-242,67,-12,63,-3
1,-245,65,-14,61,-3
2,-245,67,-13,62,-3
4,-245,68,-14,62,-3
1,-246,64,-13,61,-3
1,-247,67,-13,60,-2
3,-247,66,-11,61,0
3,-247,67,-7,62,5
0,-248,68,-3,62,4
2,-246,68,1,62,5
2,-247,67,4,65,6
2,-248,68,9,64,7
2,-248,68,13,63,7
3,-247,66,14,61,8
2,-246,67,13,60,7
2,-244,67,11,59,6
5,-243,65,5,58,6
4,-245,65,-1,57,4
4,-247,67,-5,57,2
2,-244,65,-9,58,0
1,-244,66,-12,57,-2
-2,-245,66,-16,57,0
1,-247,67,-16,58,0
1,-246,72,-14,57,0
0,-247,69,-14,59,0
1,-247,66,-11,60,1
1,-246,67,-9,58,1
0,-245,68,-9,62,3
-2,-244,65,-9,62,3
1,-247,64,-10,63,3
0,-243,63,-10,62,4
2,-243,64,-11,62,4
0,-244,66,-12,63,3
1,-244,68,-12,65,5
1,-247,69,-10,66,4
1,-246,68,-9,66,5
4,-245,60,-6,66,8
2,-244,70,-3,66,7
5,-245,67,0,65,6
0,-246,68,2,63,7
1,-246,69,5,60,6
1,-246,66,8,59,5
3,-246,68,11,57,3
2,-245,69,11,54,2
2,-246,70,11,54,3
1,-244,65,11,54,1
2,-244,66,11,55,0
1,-246,72,9,56,0
2,-245,65,5,58,-1
1,-243,70,3,59,2
2,-247,70,1,62,2
1,-246,70,0,62,3
0,-247,66,-2,63,1
2,-249,63,-3,65,2
0,-246,68,-3,67,0
1,-243,65,-3,69,0
0,-243,67,-3,71,1
0,-244,66,-2,72,-1
1,-246,67,-3,72,-2
2,-244,74,-2,73,-3
0,-246,65,-3,74,-4
1,-246,64,-4,73,-6
1,-244,66,-5,73,-5
3,-246,69,-8,73,-6
2,-247,66,-11,71,-6
0,-241,67,-16,70,-6
0,-246,67,-18,68,-5
-1,-246,71,-21,67,-5
1,-248,67,-22,66,-4
1,-247,67,-22,65,-4
0,-245,66,-21,65,-3
4,-247,70,-21,65,-2
3,-245,68,-20,63,-2
1,-245,69,-18,62,-1
3,-244,66,-15,62,0
4,-247,66,-15,64,1
2,-247,68,-16,69,0
3,-247,68,-17,70,-1
1,-245,65,-17,71,-3
2,-246,69,-18,71,-3
0,-244,67,-18,69,-2
-1,-244,70,-18,67,-4
3,-245,69,-15,66,-6
1,-248,69,-13,66,-7
1,-247,65,-8,67,-8
0,-246,65,-3,67,-8
2,-247,71,1,67,-8
1,-246,67,6,68,-7
2,-242,67,10,68,-8
0,-243,71,9,69,-8
0,-246,71,8,69,-8
0,-242,66,4,69,-8
-2,-241,70,0,68,-7
1,-244,68,-6,67,-6
2,-242,68,-10,68,-5
1,-243,69,-14,69,-5
2,-245,70,-16,72,-5
0,-244,74,-14,73,-4
1,-246,68,-11,73,-6
0,-244,67,-6,73,-5
0,-244,69,-2,72,-3
0,-245,66,0,70,-3
1,-246,68,1,68,-4
5,-247,67,1,70,-4
0,-243,69,-2,70,-5
1,-248,67,-5,71,-6
3,-247,70,-7,69,-6
1,-247,66,-9,70,-7
2,-247,65,-10,71,-6
1,-244,66,-10,71,-4
4,-246,68,-11,72,-6
2,-244,68,-12,72,-6
1,-246,69,-15,71,-6
3,-243,72,-17,73,-6
2,-244,65,-20,73,-7
1,-244,68,-23,72,-5
1,-247,68,-23,72,-5
3,-245,68,-25,72,-5
2,-246,63,-27,73,-4
2,-242,63,-30,74,-5
1,-243,69,-30,71,-4
0,-245,66,-30,70,-1
1,-246,68,-28,70,-1
1,-245,66,-27,70,-1
0,-246,65,-27,70,-1
3,-245,64,-29,70,-1
5,-247,68,-30,71,-2
3,-248,69,-31,72,-2
0,-245,69,-32,71,-2
1,-247,69,-32,71,-2
3,-247,70,-30,68,-1
3,-249,68,-30,68,-1
1,-244,70,-30,69,-1
5,-247,67,-28,69,-2
3,-248,66,-27,69,-3
3,-247,68,-27,69,-2
0,-244,64,-26,69,-1
2,-246,69,-25,68,-3
1,-247,67,-26,67,-2
1,-245,69,-28,69,-3
2,-246,66,-29,70,-6
0,-245,66,-31,70,-6
0,-243,66,-30,70,-6
1,-245,67,-27,71,-7
1,-247,67,-23,71,-4
1,-246,67,-16,72,-4
3,-245,69,-10,71,-2
1,-247,70,-6,73,-1
3,-246,68,-3,71,0
4,-246,70,0,74,1
2,-244,67,-1,75,1
0,-247,65,-3,75,-1
1,-247,69,-8,75,-2
1,-244,68,-11,74,-4
2,-244,68,-15,75,-4
2,-242,66,-18,75,-5
3,-242,72,-20,73,-7
3,-243,68,-24,73,-8
1,-243,69,-26,76,-10
1,-243,70,-27,76,-11
2,-245,68,-27,76,-11
1,-246,69,-24,78,-12
0,-247,65,-22,76,-11
1,-246,70,-20,75,-7
2,-246,67,-16,74,-8
0,-246,69,-10,74,-6
2,-247,66,-3,73,-5
2,-244,68,4,72,-3
-2,-247,67,12,71,-4
1,-250,66,16,68,-2
0,-246,68,21,67,-2
0,-244,71,24,66,-1
0,-243,69,24,64,1
-1,-244,68,23,64,2
1,-244,68,21,64,0
0,-245,67,17,64,-1
2,-245,71,12,63,-3
0,-245,67,6,64,-2
2,-244,70,2,63,-3
3,-244,71,-2,63,-4
2,-244,70,-5,64,-5
1,-243,68,-9,64,-6
3,-241,67,-10,64,-7
4,-244,65,-13,62,-6
0,-244,66,-16,59,-6
1,-242,66,-17,57,-6
4,-245,71,-17,56,-6
2,-245,67,-18,54,-6
2,-246,69,-18,56,-6
2,-246,69,-18,56,-7
0,-238,60,-17,57,-6
0,-246,73,-18,55,-5
1,-246,68,-19,54,-3
0,-248,68,-19,52,-1
1,-248,69,-18,53,1
1,-247,66,-13,52,0
2,-247,66,-10,52,1
2,-247,66,-3,53,3
2,-246,65,2,54,3
2,-247,67,10,56,2
0,-243,67,14,57,2
2,-244,68,19,59,-1
0,-243,70,19,60,-1
2,-242,69,18,61,-2
2,-240,71,16,66,-3
3,-244,68,11,68,-6
3,-245,69,4,69,-6
1,-241,68,-3,71,-7
1,-245,70,-7,70,-7
2,-246,69,-12,68,-6
4,-246,69,-14,66,-6
2,-247,70,-14,66,-4
3,-252,71,-12,67,-4
1,-247,70,-9,69,-4
3,-246,69,-5,69,-3
3,-246,71,-1,71,-3
5,-248,64,3,72,-4
4,-247,68,5,72,-4
1,-241,69,5,72,-4
1,-246,61,6,71,-5
3,-244,67,7,71,-5
3,-247,64,7,70,-2
1,-246,71,9,70,0
0,-246,68,11,70,0
0,-245,68,14,70,2
0,-244,70,17,71,4
0,-245,68,19,72,3
0,-244,67,20,72,3
0,-247,67,20,71,3
0,-246,67,18,73,4
2,-242,71,15,71,4
0,-243,68,11,73,2
1,-244,65,9,72,0
1,-243,66,6,72,0
4,-247,70,2,74,-2
0,-246,69,2,75,-2
1,-247,71,0,75,-3
2,-246,69,1,73,-4
1,-245,69,4,71,-3
1,-247,66,8,70,-2
0,-247,72,14,70,-2
0,-246,73,19,71,0
2,-246,76,23,70,-2
0,-244,76,26,72,-3
3,-247,68,27,74,-3
0,-243,69,28,76,-3
1,-245,69,29,75,-4
2,-242,68,27,76,-4
1,-242,69,24,76,-5
0,-243,73,22,78,-6
2,-244,68,21,76,-5
0,-245,70,18,75,-4
4,-246,69,15,74,-3
0,-245,70,16,75,-1
2,-246,72,18,73,-3
2,-243,72,21,71,-2
0,-244,70,24,71,-1
1,-245,71,27,68,-2
1,-242,70,27,66,-2
0,-246,68,27,67,-2
3,-245,73,26,69,-3
0,-243,76,25,71,-3
0,-245,69,23,71,-3
0,-245,70,22,71,-3
0,-242,67,21,71,-5
2,-245,67,20,72,-6
3,-247,73,18,71,-6
5,-247,75,18,70,-7
1,-244,70,18,69,-6
1,-245,74,20,70,-5
1,-245,71,21,70,-5
1,-244,70,21,69,-1
0,-245,72,21,69,-3
0,-244,71,21,70,-2
1,-245,68,18,71,-4
1,-239,72,16,71,-5
2,-242,73,16,70,-3
1,-241,67,15,71,-3
3,-247,70,12,70,-3
1,-245,72,11,69,-4
3,-246,71,10,69,-4
1,-244,68,10,71,-4
1,-242,72,11,71,-3
2,-247,74,11,72,-1
1,-243,72,11,72,-3
1,-245,74,11,71,-3
1,-246,71,11,70,-3
1,-244,71,13,70,-3
0,-244,71,15,70,-2
1,-244,73,13,69,1
2,-244,69,15,70,0
1,-245,72,15,71,0
1,-241,73,12,71,0
2,-240,70,9,72,-1
0,-244,69,7,73,-1
0,-247,73,8,71,0
1,-242,70,7,70,-1
3,-245,74,8,70,-2
0,-241,72,7,70,-2
0,-243,73,6,73,-3
0,-245,76,5,73,-3
2,-245,75,4,74,-2
0,-241,74,2,73,-3
1,-243,73,-3,74,-1
0,-245,74,-5,72,-1
1,-244,77,-7,72,-1
1,-244,74,-7,73,0
2,-247,72,-4,73,2
-2,-243,71,1,71,3
1,-246,70,7,70,3
3,-246,72,14,68,2
3,-244,68,19,67,2
1,-242,70,23,67,-2
1,-244,71,24,69,-1
3,-241,73,23,71,-1
1,-243,72,19,72,-3
2,-243,76,17,71,-4
1,-242,75,14,71,-3
2,-242,71,10,73,-3
2,-242,76,6,74,-4
0,-241,74,2,74,-3
-1,-245,71,1,75,-3
0,-244,74,-1,76,-4
0,-242,72,-1,77,-3
-2,-246,75,-2,75,-1
0,-244,70,1,73,-2
1,-245,74,1,72,-2
1,-243,72,2,71,-1
1,-245,74,2,70,1
0,-245,71,1,70,3
1,-245,73,0,71,2
2,-243,72,0,71,2
1,-245,71,2,70,0
2,-242,71,4,70,-1
2,-243,75,5,71,-2
2,-244,68,8,71,-2
2,-245,74,10,69,-2
4,-246,73,12,69,-2
1,-244,73,13,71,-4
3,-244,70,13,71,-3
2,-244,72,11,71,-3
1,-243,73,9,71,-2
-1,-241,65,11,70,-2
2,-244,71,9,69,-1
0,-241,75,9,68,-1
3,-246,74,10,68,-1
0,-244,75,8,68,0
0,-242,74,8,69,2
1,-245,71,10,71,2
0,-244,76,10,72,3
1,-245,74,11,71,2
2,-246,75,11,71,3
0,-245,75,12,70,3
1,-242,72,12,70,2
0,-244,75,11,68,1
0,-240,74,11,67,1
0,-242,75,11,66,0
1,-243,71,10,66,-1
1,-243,73,9,65,-2
3,-243,74,8,67,-3
2,-246,72,6,68,-2
0,-238,76,3,69,-1
2,-243,73,1,69,-1
1,-243,77,0,68,0
-7,-244,69,1,69,-3
0,-243,74,1,67,-2
2,-241,78,0,67,-2
1,-243,74,-1,68,-1
2,-244,72,-1,69,-2
2,-245,76,0,69,-1
1,-242,73,-1,71,1
0,-244,81,-1,70,0
1,-242,73,-1,71,0
0,-246,74,0,71,2
1,-246,74,1,71,2
3,-246,74,1,72,2
1,-242,75,1,73,3
1,-246,74,3,71,4
2,-244,74,5,70,3
1,-243,75,8,69,4
1,-242,73,11,68,4
2,-245,73,13,68,4
1,-242,74,15,69,3
2,-243,75,15,70,1
1,-243,72,15,69,1
3,-242,72,14,70,0
-2,-241,74,12,70,-2
2,-245,71,10,69,-2
1,-243,74,8,70,-4
1,-242,74,5,68,-4
1,-245,76,4,70,-4
0,-241,75,5,72,-3
0,-242,74,6,71,-1
1,-246,79,4,72,-3
1,-242,71,5,73,-3
2,-243,76,5,74,-3
3,-241,73,5,75,-2
2,-243,77,4,76,-2
1,-241,78,4,75,-2
2,-241,75,2,74,-2
2,-241,76,-1,73,0
3,-242,76,-5,70,1
0,-243,78,-8,69,0
0,-240,72,-12,67,-1
1,-244,73,-14,68,-2
3,-245,76,-17,68,-3
0,-241,77,-18,69,-3
1,-245,76,-18,69,-2
2,-249,77,-19,71,-2
1,-245,74,-16,69,-2
1,-241,76,-11,68,-3
1,-246,77,-7,67,-3
1,-243,77,-1,67,-5
-1,-243,75,0,68,-5
0,-241,78,0,68,-4
0,-244,70,-2,66,-4
0,-242,72,-4,67,-5
-2,-242,74,-10,68,-5
1,-244,74,-15,68,-3
0,-240,74,-18,69,-3
1,-242,72,-19,68,-3
2,-246,76,-15,68,-1
2,-246,75,-9,68,-1
3,-246,75,-2,68,-2
2,-244,76,6,69,-1
3,-242,74,11,69,-5
1,-245,72,14,71,-5
2,-241,73,14,72,-7
1,-241,74,12,72,-8
1,-242,76,8,72,-11
2,-239,75,1,72,-11
1,-238,79,-6,73,-12
2,-237,78,-10,72,-12
2,-248,77,-14,69,-10
1,-238,77,-15,70,-8
-4,-240,75,-15,70,-7
3,-244,66,-16,70,-4
-4,-245,73,-14,71,-4
1,-245,74,-12,70,-3
6,-257,80,-10,71,-4
7,-244,76,-10,72,-4
4,-244,80,-8,72,-4
4,-245,78,-9,72,-7
2,-241,78,-10,73,-6
2,-245,76,-8,72,-5
0,-246,72,-8,71,-3
2,-247,72,-10,68,-5
3,-243,81,-9,68,-3
-1,-244,75,-10,67,-3
4,-236,69,-10,66,-1
4,-240,79,-11,66,-2
5,-238,71,-11,66,-1
0,-233,88,-9,66,-3
8,-242,89,-9,67,-2
0,-236,83,-9,67,-2
2,-249,83,-10,67,-3
2,-242,75,-10,69,-4
2,-243,76,-12,70,-6
1,-245,78,-13,70,-5
2,-245,76,-18,72,-6
6,-243,62,-21,71,-7
-9,-242,75,-23,71,-6
-4,-246,80,-26,70,-5
4,-241,76,-26,71,-5
3,-245,63,-29,72,-3
3,-249,71,-30,70,-2
2,-247,78,-28,70,-2
1,-240,77,-25,70,-1
1,-248,78,-24,70,-3
2,-245,79,-21,69,-3
9,-241,68,-17,69,-4
2,-245,79,-15,68,-4
1,-243,79,-15,68,-5
5,-241,74,-16,68,-4
2,-243,75,-15,69,-5
3,-239,82,-15,68,-3
2,-242,70,-14,69,-4
1,-245,73,-13,69,-5
-4,-244,75,-11,69,-3
0,-246,81,-10,70,-3
-1,-246,78,-10,70,-2
0,-240,74,-9,71,-1
4,-241,73,-10,71,-2
1,-235,68,-11,70,-3
0,-238,78,-14,70,-4
1,-244,75,-16,71,-5
2,-243,76,-17,71,-5
0,-243,73,-18,70,-6
1,-243,79,-18,68,-5
0,-243,75,-17,67,-4
1,-238,72,-17,66,-4
-1,-247,75,-14,66,-2
6,-247,79,-13,66,-3
16,-243,72,-12,69,-2
14,-246,80,-7,70,-2
-7,-240,59,-5,72,-3
1,-236,65,-1,72,-4
6,-246,84,2,72,-3
20,-241,59,2,72,-3
-2,-240,84,1,72,-4
3,-237,76,0,74,-5
1,-247,74,0,74,-5
1,-244,76,-1,73,-5
2,-243,75,-3,74,-6
1,-243,76,-5,73,-5
12,-225,67,-6,72,-4
-11,-242,90,-6,69,-4
0,-238,82,-4,69,-3
-3,-241,74,-3,67,-3
7,-235,72,-4,69,-2
6,-247,74,-5,70,-2
7,-248,80,-5,71,-1
6,-252,84,-4,72,-1
11,-242,82,-6,71,-2
16,-254,72,-7,71,-3
0,-240,71,-8,70,-3
1,-240,76,-9,69,-4
1,-241,78,-10,68,-4
1,-244,79,-11,69,-3
5,-244,80,-12,68,-4
9,-238,78,-13,69,-3
1,-254,80,-14,68,-3
4,-245,82,-15,68,-3
1,-242,73,-17,68,-3
-3,-240,73,-18,69,-3
-2,-244,78,-19,71,-2
0,-244,74,-19,73,-1
1,-246,74,-20,74,-3
2,-242,76,-18,74,-3
1,-242,77,-13,72,-3
0,-245,74,-9,71,-2
1,-243,79,-5,71,-3
1,-242,77,-2,70,-3
0,-244,75,-2,71,-4
0,-242,76,-4,70,-5
0,-244,79,-7,70,-6
0,-241,77,-11,69,-5
0,-241,78,-16,69,-6
0,-242,78,-20,66,-5
1,-244,77,-23,66,-6
0,-243,71,-22,66,-4
1,-245,73,-18,67,-3
1,-245,76,-11,67,-3
4,-244,73,-3,68,-2
1,-244,74,6,67,-2
3,-245,78,16,68,-1
2,-246,73,22,68,-2
2,-243,71,24,69,-3
0,-241,75,23,71,-4
0,-231,70,20,71,-4
0,-240,74,14,69,-7
0,-239,73,10,68,-7
1,-243,76,3,69,-6
0,-241,78,-2,70,-7
-1,-244,78,-6,70,-5
0,-240,78,-7,71,-5
0,-243,79,-6,74,-3
0,-241,76,-4,74,-3
2,-246,78,-1,74,-4
2,-242,78,0,74,-4
7,-242,74,0,72,-4
4,-243,75,-1,70,-2
1,-244,75,-2,70,-3
2,-242,72,-2,71,-3
2,-242,75,-2,70,-3
3,-241,74,-5,68,-3
2,-243,75,-6,68,-4
0,-242,74,-9,66,-2
2,-241,75,-11,68,-2
2,-242,72,-11,68,-2
0,-241,76,-10,67,-2
1,-245,73,-10,68,-3
2,-243,73,-8,69,-3
0,-240,75,-9,70,-3
0,-242,79,-10,71,-3
2,-244,73,-11,71,-2
2,-240,74,-10,70,-2
2,-241,78,-10,72,-2
0,-242,75,-12,71,-2
1,-244,77,-12,71,-2
3,-242,79,-15,71,-2
2,-245,77,-14,71,-2
2,-235,77,-14,70,-2
-1,-241,78,-16,68,-1
1,-243,75,-16,67,-1
3,-245,80,-15,69,-2
1,-244,76,-14,70,-1
2,-242,75,-11,69,-3
2,-245,77,-11,68,-3
1,-241,73,-11,69,-3
3,-242,78,-10,69,-4
1,-245,78,-11,69,-4
1,-240,77,-13,69,-5
1,-239,72,-15,69,-4
2,-242,78,-18,69,-4
3,-243,74,-20,71,-5
0,-243,78,-22,71,-5
2,-239,77,-26,71,-5
1,-240,74,-29,71,-5
0,-242,76,-31,72,-4
2,-242,81,-31,73,-3
1,-242,78,-31,73,-3
1,-242,74,-31,73,-3
1,-245,74,-32,73,-2
0,-242,84,-32,73,-3
0,-243,78,-32,73,-2
1,-246,76,-32,72,-3
1,-247,79,-34,70,-5
1,-244,79,-32,69,-2
0,-242,76,-32,68,-3
1,-243,77,-30,69,-3
2,-243,77,-29,69,-2
4,-246,79,-29,69,-2
0,-244,77,-27,69,-4
2,-244,77,-27,69,-3
1,-244,74,-26,68,-3
2,-244,76,-27,68,-3
4,-242,77,-28,68,-3
3,-242,74,-29,68,-2
0,-245,79,-33,70,-2
1,-240,74,-35,70,-3
0,-242,77,-36,69,-2
1,-243,75,-38,68,-3
2,-243,73,-40,67,-3
1,-243,78,-41,69,-3
0,-242,77,-42,69,-3
2,-245,73,-42,69,-3
1,-243,73,-41,67,-2
1,-245,77,-40,67,-2
2,-246,74,-39,67,-2
1,-242,78,-35,67,-2
2,-243,74,-33,68,-3
-1,-244,75,-32,68,-2
1,-242,73,-31,69,-1
1,-243,75,-31,69,-1
0,-244,73,-34,68,-1
1,-243,78,-36,68,0
2,-245,75,-40,67,2
2,-243,71,-45,66,1
2,-242,75,-50,65,2
3,-240,73,-54,65,2
1,-243,76,-57,64,0
-5,-237,75,-62,64,-1
2,-240,77,-66,63,-2
3,-241,75,-69,62,-3
1,-242,76,-75,63,-3
1,-240,80,-79,62,-3
1,-242,76,-85,65,-4
0,-240,73,-90,65,-5
2,-242,77,-91,65,-6
2,-241,74,-95,64,-6
1,-243,73,-97,63,-5
0,-244,70,-98,63,-5
-2,-245,74,-98,64,-4
1,-245,74,-93,63,-4
1,-246,75,-88,64,-1
2,-248,70,-79,65,0
1,-248,73,-68,65,1
1,-248,71,-56,63,3
1,-247,73,-44,63,4
3,-248,74,-34,64,5
3,-248,72,-25,62,5
3,-245,72,-21,65,2
0,-246,74,-19,64,2
0,-245,73,-17,63,3
1,-244,72,-18,64,0
2,-245,73,-20,66,0
0,-240,72,-23,66,0
0,-243,70,-28,66,-1
-1,-244,72,-31,67,-1
1,-242,69,-35,63,-3
-1,-242,71,-37,63,-4
-1,-243,73,-40,64,-5
0,-244,74,-41,64,-6
1,-243,75,-39,64,-6
0,-242,72,-38,65,-5
0,-245,74,-36,66,-6
0,-246,74,-34,66,-5
-1,-241,70,-31,68,-6
1,-247,73,-30,70,-4
0,-244,75,-29,69,-4
1,-246,71,-28,71,-3
1,-243,72,-29,72,-3
4,-246,75,-29,70,-3
2,-246,74,-30,70,-3
3,-243,73,-30,70,-2
1,-245,72,-28,69,-2
4,-243,73,-27,69,-2
2,-244,75,-25,67,-3
0,-244,73,-24,68,-3
1,-245,75,-23,69,-3
6,-243,63,-22,67,-3
2,-242,72,-22,69,-3
1,-245,73,-24,69,-5
0,-243,70,-25,70,-5
0,-241,69,-26,71,-4
1,-243,72,-28,70,-5
0,-246,71,-28,71,-4
1,-244,69,-31,72,-4
2,-245,71,-33,72,-4
1,-242,68,-34,72,-3
3,-243,70,-35,74,-5
0,-247,70,-38,76,-3
3,-244,72,-39,76,-4
2,-244,73,-40,78,-2
2,-243,72,-40,77,-2
3,-243,70,-42,78,-2
4,-246,72,-45,77,-2
1,-244,70,-46,77,-3
2,-244,69,-48,75,-4
3,-242,75,-53,74,-4
1,-241,71,-56,74,-5
3,-242,71,-60,74,-7
7,-243,71,-62,74,-9
2,-244,72,-64,72,-9
1,-245,73,-66,69,-10
1,-246,75,-66,67,-9
0,-246,69,-65,65,-9
0,-245,73,-63,63,-8
-2,-245,71,-58,63,-8
-2,-244,73,-52,62,-5
-3,-245,74,-44,63,-5
0,-247,76,-35,64,-3
0,-246,73,-27,66,-3
0,-246,69,-18,66,-1
1,-246,74,-11,68,-2
0,-245,66,-7,66,0
1,-245,70,-4,67,-1
0,-243,74,-5,66,-3
1,-246,70,-6,68,-4
3,-246,69,-6,67,-4
2,-242,70,-8,67,-6
2,-245,72,-8,67,-6
1,-246,68,-9,68,-5
2,-242,70,-11,69,-7
9,-241,72,-10,69,-10
1,-246,72,-11,69,-10
1,-243,74,-11,69,-10
1,-245,72,-11,68,-11
2,-247,67,-11,66,-12
0,-247,72,-11,66,-14
0,-244,70,-12,66,-16
1,-244,72,-13,66,-13
0,-244,70,-13,67,-13
2,-246,70,-12,67,-12
1,-243,70,-13,66,-10
0,-246,70,-12,67,-9
5,-247,69,-9,68,-8
2,-244,75,-7,68,-5
0,-243,70,-4,69,-5
2,-245,70,-2,69,-4
1,-244,69,0,69,-4
2,-243,69,3,67,-5
2,-242,70,5,68,-5
4,-244,70,7,69,-4
2,-243,72,7,68,-7
7,-241,73,9,69,-7
1,-243,73,10,70,-8
2,-243,68,8,70,-8

