-.-.-
-25,-241,-3,-50,-101,-66
-22,-246,-3,-51,-87,-75
-29,-242,2,-54,-75,-84
-28,-244,-4,-59,-64,-90
-34,-249,3,-61,-55,-93
-37,-250,0,-61,-47,-97
-35,-249,2,-59,-39,-98
-38,-253,3,-53,-31,-96
-41,-253,2,-45,-22,-93
-43,-252,3,-36,-11,-93
-46,-254,3,-29,-1,-91
-47,-251,4,-23,5,-89
-47,-250,0,-17,11,-87
-48,-250,4,-14,18,-84
-50,-240,0,-14,22,-83
-48,-247,1,-15,29,-81
-49,-249,6,-17,34,-80
-44,-246,3,-18,38,-81
-47,-248,6,-16,43,-84
-49,-250,3,-12,47,-92
-43,-252,0,-5,50,-100
-44,-251,6,0,53,-113
-43,-248,4,6,56,-128
-48,-250,2,9,59,-141
-49,-249,-1,11,58,-153
-49,-249,-5,12,54,-163
-50,-249,-6,10,47,-172
-47,-247,-4,6,41,-179
-52,-246,-6,-1,38,-185
-51,-248,-4,-12,38,-189
-52,-249,-2,-26,39,-191
-49,-248,0,-39,36,-190
-51,-249,0,-49,36,-189
-48,-252,6,-53,34,-183
-45,-255,7,-50,32,-179
-48,-256,11,-38,29,-174
-45,-255,6,-26,27,-169
-46,-255,8,-17,22,-163
-44,-254,8,-8,20,-155
-47,-254,8,-3,18,-149
-45,-253,6,1,15,-142
-46,-254,9,6,12,-137
-46,-253,14,12,10,-134
-48,-247,11,18,8,-130
-48,-253,11,21,6,-127
-51,-249,11,18,3,-124
-50,-249,11,9,0,-118
-51,-250,7,-5,-2,-112
-55,-253,10,-20,0,-105
-59,-255,14,-30,0,-93
-58,-259,13,-34,-4,-82
-55,-264,20,-34,-10,-72
-56,-264,15,-32,-17,-62
-54,-266,14,-26,-20,-53
-56,-268,19,-13,-24,-45
-57,-268,15,9,-30,-39
-54,-267,23,38,-38,-35
-43,-261,19,68,-46,-35
-52,-264,19,97,-54,-37
-50,-260,21,120,-62,-35
-48,-259,15,138,-66,-35
-48,-255,17,149,-68,-34
-47,-255,12,154,-70,-30
-48,-251,10,156,-71,-27
-47,-255,12,156,-73,-20
-46,-255,10,156,-74,-14
-46,-256,11,156,-78,-9
-45,-261,9,156,-86,-3
-44,-263,10,156,-93,8
-46,-261,9,156,-104,22
-50,-268,8,162,-117,37
-48,-269,5,176,-130,53
-49,-270,3,195,-142,69
-52,-269,0,220,-158,83
-55,-266,2,243,-171,94
-52,-266,-2,260,-181,106
-58,-264,-8,267,-187,113
-55,-265,-17,271,-192,118
-57,-260,-20,272,-202,124
-55,-256,-29,274,-213,130
-53,-251,-43,266,-216,137
-50,-250,-42,246,-209,140
-45,-251,-39,222,-198,141
-43,-246,-39,212,-197,143
-34,-242,-38,211,-197,145
-24,-238,-35,218,-197,140
-18,-235,-38,228,-195,133
-12,-229,-41,237,-192,126
-10,-224,-37,245,-194,116
-4,-221,-39,250,-197,104
-1,-220,-42,250,-203,94
3,-220,-37,241,-208,81
2,-220,-36,227,-216,70
5,-222,-32,204,-228,61
4,-228,-36,174,-235,48
-4,-233,-34,145,-242,35
-4,-242,-27,123,-255,15
-10,-251,-28,101,-276,1
-16,-258,-26,87,-301,-11
-23,-262,-23,83,-333,-21
-21,-265,-24,89,-366,-30
-23,-269,-18,104,-395,-40
-23,-269,-16,123,-419,-52
-21,-272,-10,143,-439,-61
-19,-272,-14,162,-458,-76
-15,-275,-11,184,-475,-93
-18,-269,-8,200,-494,-115
-15,-272,-14,215,-511,-138
-11,-270,-11,227,-533,-163
-11,-267,-17,234,-556,-193
-13,-264,-21,239,-576,-226
-16,-257,-24,242,-596,-254
-21,-257,-24,241,-617,-276
-23,-253,-24,233,-639,-298
-33,-249,-20,218,-665,-308
-34,-252,-20,201,-695,-314
-42,-250,-21,180,-729,-316
-45,-249,-24,157,-765,-314
-48,-251,-22,139,-801,-308
-49,-252,-17,122,-833,-296
-50,-252,-22,105,-863,-286
-47,-253,-16,93,-892,-275
-43,-251,-12,85,-918,-265
-38,-255,-13,77,-940,-254
-34,-251,-14,71,-960,-244
-32,-249,-15,66,-977,-233
-25,-246,-14,55,-986,-223
-17,-245,-15,40,-993,-215
-17,-241,-14,26,-997,-210
-9,-235,-16,11,-998,-206
-4,-229,-19,-1,-999,-204
3,-225,-15,-9,-998,-201
6,-221,-13,-17,-994,-197
10,-222,-10,-27,-986,-191
14,-224,-14,-38,-975,-186
12,-225,-14,-57,-963,-177
12,-226,-13,-73,-951,-168
12,-231,-11,-86,-938,-165
9,-231,-9,-92,-925,-164
12,-233,-10,-93,-908,-167
9,-234,-8,-92,-887,-168
7,-235,-14,-90,-863,-170
10,-240,-9,-88,-842,-170
0,-246,-17,-90,-822,-174
-1,-243,-7,-96,-806,-172
-2,-242,-6,-102,-794,-170
-2,-243,-5,-104,-784,-168
-4,-241,-2,-99,-776,-165
-3,-245,-4,-88,-772,-162
-4,-246,-3,-76,-770,-159
-10,-242,-1,-69,-767,-150
-11,-237,3,-68,-768,-142
-9,-243,-1,-67,-770,-135
-15,-237,-1,-64,-771,-127
-15,-238,4,-77,-774,-120
-12,-241,0,-92,-779,-111
-13,-240,5,-105,-783,-104
-15,-244,5,-107,-787,-96
-9,-242,3,-100,-794,-91
-12,-243,2,-90,-796,-84
-10,-240,3,-82,-799,-76
-8,-239,5,-78,-804,-64
-10,-243,3,-73,-806,-53
-9,-245,7,-72,-805,-42
-7,-238,8,-72,-804,-34
-8,-237,7,-75,-801,-26
-4,-237,7,-78,-793,-21
-4,-234,3,-86,-782,-11
-4,-236,8,-94,-771,1
-3,-239,11,-104,-759,12
-2,-240,10,-109,-749,21
-4,-238,13,-111,-740,31
-4,-240,13,-107,-729,41
0,-240,11,-105,-722,52
1,-239,13,-103,-715,60
-2,-236,14,-102,-706,67
2,-238,12,-102,-697,77
6,-242,12,-104,-687,82
10,-238,14,-112,-677,89
11,-238,15,-124,-662,95
16,-238,14,-136,-643,97
19,-240,16,-148,-623,98
22,-239,16,-155,-602,101
21,-242,14,-164,-582,105
20,-245,17,-175,-569,107
19,-251,16,-186,-562,108
16,-250,18,-196,-560,107
15,-255,19,-202,-563,104
14,-259,18,-202,-568,99
13,-262,15,-198,-568,93
12,-261,11,-188,-563,89
8,-263,10,-180,-553,83
0,-262,8,-172,-546,77
-3,-262,8,-167,-550,75
-8,-263,9,-163,-559,78
-10,-261,8,-160,-568,84
-15,-258,4,-157,-565,91
-22,-261,6,-159,-555,99
-19,-262,0,-167,-542,105
-18,-266,3,-175,-532,109
-13,-273,2,-179,-531,107
-5,-281,6,-180,-530,90
-1,-287,11,-175,-533,64
1,-297,21,-158,-540,33
4,-306,33,-127,-553,-8
3,-312,39,-81,-576,-59
1,-309,50,-24,-606,-110
-2,-311,61,40,-640,-160
-4,-306,63,100,-670,-204
-6,-301,69,153,-696,-247
-14,-294,69,190,-714,-281
-18,-284,67,208,-728,-305
-17,-274,62,206,-734,-318
-23,-259,49,184,-727,-329
-24,-253,37,134,-717,-331
-28,-248,33,68,-709,-328
-30,-243,19,2,-711,-315
-24,-244,16,-56,-711,-298
-17,-248,12,-106,-712,-288
-15,-259,16,-153,-709,-282
-11,-264,19,-189,-701,-282
-6,-276,25,-202,-692,-281
-9,-283,26,-192,-689,-274
-4,-288,24,-141,-685,-264
1,-285,20,-84,-678,-251
9,-284,11,-30,-660,-235
16,-276,-1,10,-638,-221
14,-275,-13,28,-613,-212
13,-274,-19,21,-592,-211
11,-277,-19,3,-572,-212
14,-281,-24,-20,-545,-226
16,-291,-20,-42,-507,-247
21,-299,-19,-64,-452,-279
29,-303,-19,-71,-385,-314
32,-302,-28,-74,-317,-348
31,-299,-35,-86,-256,-383
30,-297,-40,-112,-206,-413
28,-289,-42,-143,-171,-434
27,-282,-45,-169,-153,-444
21,-276,-42,-176,-152,-443
22,-262,-43,-171,-166,-427
17,-249,-51,-156,-189,-404
13,-231,-59,-135,-216,-372
-2,-221,-68,-116,-247,-329
-9,-215,-69,-104,-270,-278
-22,-210,-68,-85,-285,-223
-33,-206,-65,-67,-287,-158
-41,-203,-69,-51,-284,-94
-46,-201,-64,-40,-277,-37
-55,-206,-64,-41,-265,16
-55,-216,-67,-61,-249,56
-55,-222,-63,-91,-234,84
-62,-237,-53,-125,-225,94
-61,-248,-45,-149,-228,91
-63,-260,-35,-153,-248,71
-61,-267,-25,-126,-281,43
-57,-277,-16,-73,-319,15
-56,-279,-11,6,-351,2
-53,-279,-12,105,-373,-2
-50,-270,-18,211,-387,5
-44,-262,-26,293,-398,21
-41,-250,-33,336,-401,42
-39,-237,-43,340,-399,64
-35,-229,-49,309,-394,86
-27,-223,-49,256,-381,107
-26,-216,-53,195,-365,123
-21,-214,-54,133,-342,136
-16,-220,-51,73,-314,146
-11,-225,-39,26,-284,151
-5,-234,-29,2,-255,151
-5,-238,-17,-3,-224,150
-5,-243,-15,8,-200,147
-4,-246,-14,28,-177,145
-1,-253,-15,50,-162,143
1,-254,-19,73,-151,143
4,-255,-22,98,-138,151
6,-258,-28,122,-126,161
4,-257,-25,150,-108,179
1,-256,-24,185,-86,196
-3,-252,-20,213,-66,209
-6,-253,-23,230,-52,219
-16,-245,-19,229,-49,231
-26,-242,-14,217,-59,242
-34,-240,-14,204,-81,254
-43,-236,-12,193,-109,271
-49,-232,-15,187,-136,285
-55,-231,-9,174,-161,293
-61,-232,-12,151,-187,295
-68,-232,-5,128,-207,280
-71,-233,-6,99,-225,279
-72,-241,-7,66,-241,278
-71,-242,-4,57,-260,265
-71,-244,-3,63,-274,254
-68,-241,0,75,-290,244
-63,-238,-13,91,-308,235
-58,-234,-10,99,-324,231
-56,-232,-14,97,-341,228
-52,-227,-15,88,-353,224
-45,-225,-12,80,-366,224
-38,-221,-13,67,-375,220
-33,-220,-11,51,-382,213
-29,-219,-13,34,-387,202
-26,-224,-6,21,-387,190
-23,-221,-7,12,-389,179
-24,-223,-6,6,-393,166
-23,-224,-4,-1,-396,157
-24,-227,-5,-10,-398,149
-22,-227,-4,-12,-397,142
-23,-228,0,-12,-399,131
-27,-227,-5,-12,-395,117
-24,-227,-3,-14,-389,102
-28,-225,-3,-9,-376,94
-27,-227,-7,-12,-362,87
-25,-226,-8,-26,-347,77
-27,-229,-2,-51,-331,64
-31,-229,-5,-75,-312,54
-35,-228,0,-87,-295,45
-34,-229,2,-94,-275,36
-33,-236,3,-95,-257,29
-29,-234,0,-91,-238,19
-32,-232,8,-86,-216,13
-31,-238,7,-77,-197,2
-26,-241,9,-64,-181,-10
-28,-242,9,-47,-165,-21
-26,-242,14,-27,-148,-36
-21,-246,11,-9,-130,-50
-20,-244,16,9,-114,-60
-19,-244,20,28,-95,-70
-21,-249,22,48,-78,-79
-22,-249,24,73,-59,-86
-23,-252,27,99,-43,-91
-23,-250,26,126,-28,-93
-27,-251,26,156,-13,-94
-28,-254,31,190,5,-95
-30,-248,24,223,21,-92
-30,-249,25,248,37,-89
-37,-250,14,262,43,-82
-43,-244,9,267,40,-69
-45,-245,4,262,35,-51
-46,-247,-5,247,40,-37
-45,-251,-3,229,57,-27
-45,-254,5,208,85,-18
-45,-256,11,189,110,-13
-43,-260,13,173,124,-9
-39,-261,10,164,128,-10
-38,-265,9,158,127,-14
-36,-266,5,149,127,-26
-34,-268,7,138,140,-37
-39,-275,8,120,170,-47
-47,-283,21,105,197,-47
-51,-290,20,100,203,-28
-56,-294,23,107,192,9
-61,-300,21,119,177,56
-66,-302,21,140,162,102
-71,-302,25,169,156,151
-76,-302,26,200,152,201
-82,-296,34,234,141,245
-81,-293,35,257,124,281
-74,-291,31,268,100,310
-72,-289,21,259,75,337
-71,-291,10,233,46,363
-64,-296,5,191,21,381
-55,-299,9,143,7,393
-56,-307,7,102,-1,401
-62,-307,-4,72,-11,406
-69,-306,-11,46,-29,406
-80,-308,-20,27,-55,399
-88,-309,-36,14,-83,384
-88,-309,-49,7,-103,361
-98,-307,-55,-1,-117,338
-94,-302,-58,-8,-133,316
-92,-297,-57,-2,-153,297
-84,-294,-56,18,-166,278
-77,-284,-53,55,-170,254
-70,-274,-52,100,-176,225
-61,-260,-54,149,-185,189
-48,-247,-61,189,-195,151
-41,-234,-61,211,-201,117
-26,-217,-65,215,-196,82
-12,-205,-63,205,-183,48
-1,-196,-58,180,-164,13
8,-190,-56,150,-137,-20
17,-190,-53,120,-107,-50
22,-189,-39,91,-82,-84
17,-193,-37,67,-70,-117
17,-195,-29,45,-65,-146
15,-198,-23,32,-69,-167
12,-211,-22,30,-76,-178
6,-222,-19,31,-81,-181
0,-232,-17,32,-84,-177
-4,-242,-18,41,-92,-175
-3,-249,-15,63,-99,-173
-4,-246,-13,98,-108,-174
-3,-248,-18,145,-111,-178
-5,-248,-21,184,-117,-185
-9,-246,-22,201,-123,-188
-8,-242,-28,198,-135,-186
-12,-239,-23,185,-150,-186
-17,-232,-27,158,-165,-186
-19,-235,-26,130,-176,-188
-22,-239,-25,105,-191,-189
-21,-240,-19,97,-208,-190
-26,-242,-17,122,-230,-192
-31,-245,-19,152,-252,-193
-37,-244,-25,157,-282,-189
-36,-246,-27,140,-313,-190
-34,-248,-34,135,-345,-194
-38,-245,-39,123,-370,-203
-39,-241,-38,98,-391,-205
-41,-243,-34,75,-410,-210
-37,-246,-34,50,-422,-219
-39,-247,-32,25,-421,-226
-33,-249,-24,10,-424,-229
-33,-254,-19,2,-428,-233
-30,-255,-19,0,-439,-234
-23,-258,-20,-1,-452,-236
-19,-257,-20,5,-465,-244
-17,-257,-17,15,-472,-247
-13,-257,-15,22,-480,-245
-10,-253,-12,33,-488,-246
-10,-249,-6,47,-492,-247
-7,-245,-6,55,-491,-242
-4,-245,-8,54,-489,-238
-1,-242,-3,53,-485,-235
1,-241,-3,54,-477,-231
1,-240,-4,63,-467,-232
-1,-239,-3,74,-455,-237
1,-238,-5,84,-448,-235
2,-234,-2,95,-441,-235
2,-234,-1,108,-434,-233
-1,-231,-1,115,-424,-232
3,-228,2,116,-413,-225
2,-227,3,117,-395,-221
2,-223,5,113,-375,-222
2,-222,7,106,-352,-220
0,-224,2,88,-330,-215
-2,-224,9,51,-311,-201
2,-226,9,19,-299,-186
-2,-230,8,4,-288,-173
-1,-230,13,-4,-276,-166
-2,-230,17,-3,-266,-163
-2,-230,14,8,-259,-153
-2,-227,14,18,-247,-145
-2,-228,12,24,-237,-132
-3,-226,7,17,-226,-118
-4,-225,10,0,-217,-100
0,-224,7,-21,-207,-78
-1,-218,11,-45,-198,-63
2,-220,15,-57,-190,-50
3,-218,14,-58,-184,-37
3,-217,11,-62,-177,-22
3,-220,11,-77,-173,-8
1,-222,15,-100,-170,8
4,-223,14,-126,-171,22
4,-229,15,-146,-173,34
1,-227,18,-160,-178,45
1,-232,21,-165,-183,56
0,-236,23,-163,-191,65
-3,-238,22,-153,-202,71
-5,-242,25,-145,-214,74
-4,-243,25,-129,-227,79
-9,-249,25,-111,-244,82
-13,-252,30,-90,-261,81
-17,-252,28,-68,-283,79
-21,-256,29,-52,-309,80
-25,-257,29,-37,-338,78
-26,-257,27,-28,-369,79
-31,-257,29,-25,-397,78
-25,-260,23,-27,-419,72
-19,-260,17,-32,-431,61
-16,-261,11,-38,-437,48
-8,-261,4,-49,-441,37
-4,-260,-3,-63,-445,25
-2,-262,-6,-78,-448,16
-1,-264,-10,-90,-456,14
2,-262,-6,-106,-466,13
3,-263,-5,-115,-469,23
0,-267,-4,-118,-461,32
6,-268,5,-120,-450,40
11,-271,16,-121,-454,36
22,-287,32,-123,-474,18
29,-289,39,-114,-504,-15
29,-306,52,-81,-541,-59
29,-314,63,-51,-576,-114
22,-321,72,-17,-611,-174
19,-331,74,21,-646,-236
18,-331,73,51,-675,-291
15,-328,66,83,-693,-337
12,-325,52,111,-706,-370
1,-318,37,136,-707,-388
-4,-310,19,156,-692,-393
-15,-301,16,168,-667,-379
-19,-286,19,184,-640,-352
-21,-271,16,201,-615,-321
-16,-260,15,206,-596,-292
-8,-249,11,189,-581,-271
-2,-245,8,158,-576,-248
4,-246,-4,109,-572,-221
10,-252,-21,49,-561,-199
22,-263,-32,-11,-543,-184
22,-268,-35,-59,-519,-184
22,-283,-44,-94,-495,-192
21,-296,-43,-115,-472,-209
25,-308,-46,-116,-444,-237
33,-318,-56,-100,-400,-268
43,-317,-58,-76,-335,-302
64,-319,-71,-58,-250,-345
75,-313,-96,-67,-144,-394
77,-310,-124,-116,-37,-454
55,-304,-121,-199,50,-514
27,-290,-129,-273,102,-577
-6,-281,-114,-308,108,-604
-31,-267,-82,-300,65,-596
-38,-248,-54,-253,-6,-562
-44,-224,-27,-180,-82,-501
-53,-207,-9,-88,-147,-417
-65,-192,-5,16,-199,-303
-77,-177,-20,103,-236,-171
-94,-170,-35,154,-246,-34
-104,-176,-50,154,-228,97
-112,-187,-53,111,-202,214
-115,-203,-53,39,-176,309
-113,-221,-41,-26,-159,367
-107,-244,-29,-57,-147,398
-94,-259,-21,-47,-140,405
-76,-275,-18,-8,-130,376
-64,-292,-17,32,-118,313
-54,-304,-23,43,-107,226
-38,-313,-15,38,-100,141
-31,-309,-10,65,-99,93
-14,-309,-17,147,-102,77
1,-298,-19,263,-96,79
12,-279,-27,379,-76,91
23,-261,-27,464,-45,113
22,-244,-33,502,-13,141
17,-222,-28,484,19,165
10,-203,-27,428,48,193
2,-196,-25,337,73,226
-4,-195,-20,226,96,261
-14,-195,-17,116,113,290
-23,-197,-22,33,127,316
-31,-205,-18,-30,140,327
-34,-216,-11,-63,147,334
-32,-226,-22,-65,157,342
-27,-232,-21,-24,172,346
-21,-237,-18,38,194,344
-22,-241,-22,99,212,329
-27,-234,-25,140,223,310
-21,-234,-24,152,222,299
-22,-231,-23,152,212,289
-21,-222,-25,158,203,269
-19,-219,-25,152,199,262
-27,-218,-22,123,201,262
-31,-218,-19,94,198,259
-40,-217,-16,72,188,256
-44,-223,-12,58,171,255
-53,-223,-9,44,151,254
-57,-229,-3,38,127,256
-60,-234,-1,40,102,253
-59,-235,-1,41,81,249
-63,-236,-2,40,63,241
-62,-233,5,46,56,236
-63,-237,0,61,57,234
-62,-230,-2,64,53,235
-59,-230,0,55,44,240
-56,-225,-4,40,34,242
-53,-223,0,25,22,242
-51,-226,-2,9,9,237
-47,-227,-3,-4,-6,229
-45,-226,-2,-13,-19,220
-43,-229,2,-17,-32,211
-41,-225,-1,-19,-46,205
-38,-230,2,-20,-56,197
-33,-229,7,-18,-65,186
-31,-229,4,-8,-65,175
-30,-232,0,2,-62,161
-30,-234,7,7,-55,148
-28,-231,7,9,-43,134
-29,-228,3,12,-31,124
-26,-231,5,11,-14,112
-27,-231,3,14,4,100
-25,-225,5,15,25,87
-24,-229,2,2,46,75
-25,-227,7,-10,69,62
-25,-224,8,-22,90,43
-14,-218,6,-34,117,25
-20,-228,8,-43,145,6
-21,-228,12,-52,176,-14
-21,-231,14,-55,206,-37
-22,-236,19,-55,234,-55
-21,-239,23,-50,260,-72
-24,-241,30,-39,288,-88
-23,-248,27,-25,314,-100
-22,-255,32,-6,339,-113
-25,-257,37,17,362,-122
-24,-257,37,49,382,-128
-27,-256,41,87,401,-130
-32,-258,35,133,412,-131
-43,-257,29,172,419,-126
-54,-254,20,194,411,-115
-64,-253,12,202,390,-99
-64,-250,13,202,366,-85
-60,-249,7,197,360,-79
-59,-245,9,188,366,-76
-57,-243,11,172,376,-78
-54,-243,7,147,379,-85
-54,-245,3,110,368,-98
-49,-251,1,65,351,-111
-42,-255,5,19,348,-129
-50,-264,18,-16,367,-144
-57,-270,31,-24,384,-150
-64,-277,42,-5,378,-143
-70,-285,46,34,356,-121
-76,-291,58,83,336,-89
-84,-295,55,136,326,-43
-89,-300,66,191,324,13
-83,-301,60,245,324,71
-81,-294,69,295,325,118
-71,-294,73,359,323,151
-65,-289,77,428,331,171
-61,-279,80,479,345,172
-50,-271,78,497,356,161
-48,-265,68,477,359,152
-42,-258,53,421,357,149
-43,-258,42,331,357,141
-37,-260,32,241,364,128
-36,-260,30,173,378,121
-30,-266,21,141,406,120
-18,-263,13,129,443,118
-23,-265,19,126,473,100
-20,-267,12,133,496,75
-26,-266,1,136,510,47
-29,-262,-18,124,512,18
-36,-260,-35,92,508,-14
-40,-261,-51,33,505,-37
-46,-270,-59,-48,505,-45
-65,-276,-75,-126,500,-29
-90,-282,-82,-190,476,18
-107,-290,-88,-224,422,97
-118,-297,-108,-232,343,202
-121,-302,-125,-242,257,321
-111,-308,-130,-264,178,447
-92,-312,-121,-278,113,564
-75,-316,-102,-258,60,651
-58,-309,-73,-183,23,692
-46,-296,-54,-61,2,686
-34,-282,-42,79,-13,645
-28,-261,-39,219,-37,581
-13,-253,-42,339,-63,510
2,-245,-46,420,-79,422
14,-247,-40,451,-73,323
36,-251,-31,468,-56,222
42,-254,-21,506,-52,103
35,-247,-24,592,-78,-32
25,-234,-44,711,-139,-170
12,-227,-69,788,-224,-282
9,-215,-83,765,-302,-349
8,-211,-79,664,-354,-381
0,-209,-70,553,-380,-401
-7,-217,-55,446,-386,-415
-19,-221,-48,346,-380,-422
-38,-230,-38,268,-369,-433
-55,-232,-36,198,-368,-449
-75,-240,-28,143,-382,-470
-86,-243,-27,105,-409,-488
-93,-241,-20,51,-441,-497
-95,-245,-18,-1,-477,-496
-92,-243,-22,-65,-516,-484
-81,-243,-12,-111,-564,-461
-68,-238,-13,-108,-629,-442
-48,-234,-17,-57,-696,-431
-35,-223,-17,-5,-751,-420
-29,-226,-32,9,-790,-406
-19,-222,-28,-17,-821,-390
-11,-219,-25,-53,-847,-368
-5,-222,-20,-74,-869,-343
-3,-220,-21,-98,-879,-318
1,-225,-14,-132,-882,-299
3,-229,-12,-159,-884,-292
13,-238,-11,-175,-887,-284
10,-243,-9,-189,-887,-280
15,-248,-6,-189,-880,-276
21,-259,-2,-175,-868,-277
22,-259,-2,-142,-848,-285
21,-260,-2,-90,-827,-295
26,-256,-5,-44,-802,-305
24,-252,-4,-8,-775,-314
20,-245,-7,16,-744,-319
18,-237,-12,22,-708,-324
15,-230,-4,9,-672,-324
12,-224,-2,-5,-639,-317
12,-220,-7,-10,-617,-314
9,-215,-10,-23,-597,-314
8,-216,-12,-44,-580,-310
3,-213,-14,-82,-560,-298
4,-216,-7,-125,-541,-281
5,-216,-4,-159,-523,-258
2,-223,-1,-186,-509,-231
2,-224,1,-214,-493,-206
4,-222,10,-229,-482,-187
1,-221,10,-221,-473,-176
3,-218,10,-198,-469,-161
1,-221,9,-174,-465,-148
0,-229,4,-189,-457,-137
-3,-223,-7,-260,-451,-116
-1,-239,9,-339,-458,-74
-1,-237,11,-374,-466,-52
1,-231,15,-362,-467,-50
-2,-231,14,-328,-459,-43
-4,-227,12,-289,-453,-26
-3,-223,10,-265,-448,-7
-2,-222,8,-264,-441,16
-4,-220,8,-287,-438,43
-4,-224,11,-320,-436,76
-4,-223,14,-345,-437,103
-10,-226,28,-351,-444,129
-12,-229,27,-331,-454,151
-15,-230,31,-301,-470,178
-18,-232,33,-272,-490,203
-20,-232,33,-247,-513,224
-18,-238,34,-223,-536,234
-20,-239,33,-201,-559,240
-23,-239,32,-182,-579,243
-24,-246,36,-163,-589,240
-27,-247,34,-149,-601,236
-21,-251,29,-139,-614,233
-2,-251,21,-142,-616,222
11,-258,12,-153,-590,192
15,-260,-6,-164,-545,162
19,-258,-13,-181,-508,134
25,-257,-33,-201,-476,117
18,-258,-31,-223,-453,111
-3,-255,-27,-246,-450,120
-18,-262,-13,-268,-475,138
-25,-268,-7,-282,-501,153
-31,-273,2,-275,-493,168
-26,-282,11,-238,-464,188
-15,-289,31,-184,-449,207
-4,-298,38,-130,-468,211
21,-317,54,-91,-517,181
33,-332,65,-63,-577,110
45,-347,77,-32,-631,4
54,-352,81,16,-667,-115
49,-354,75,80,-681,-236
41,-353,64,142,-676,-343
28,-351,48,188,-660,-428
13,-344,40,206,-636,-488
5,-340,31,213,-602,-522
-2,-323,10,212,-555,-526
-12,-296,-1,206,-490,-501
-15,-269,-9,190,-422,-446
-22,-243,-20,153,-368,-374
-29,-228,-17,86,-350,-297
-44,-223,-16,-8,-370,-226
-44,-223,-15,-105,-426,-157
-38,-234,-18,-175,-500,-89
-10,-251,-31,-215,-565,-35
7,-267,-51,-245,-595,1
27,-293,-63,-271,-585,3
32,-312,-73,-284,-540,-26
37,-326,-85,-279,-478,-63
57,-339,-94,-256,-401,-112
67,-341,-106,-219,-305,-177
66,-330,-120,-175,-188,-240
64,-324,-139,-154,-71,-287
56,-310,-142,-172,25,-323
32,-297,-141,-224,83,-358
14,-279,-130,-294,99,-385
-8,-262,-102,-356,76,-402
-34,-248,-69,-384,21,-405
-57,-231,-46,-376,-60,-390
-68,-220,-30,-336,-155,-348
-78,-210,-14,-257,-239,-286
-87,-201,-9,-133,-288,-210
-101,-195,-18,12,-306,-118
-104,-194,-27,139,-305,-12
-107,-199,-27,226,-298,97
-96,-210,-43,275,-286,190
-87,-212,-39,308,-266,277
-71,-221,-49,346,-232,338
-53,-228,-52,378,-183,386
-38,-228,-62,383,-118,415
-17,-240,-67,335,-67,423
-8,-250,-68,237,-27,408
-1,-265,-55,79,-6,385
5,-282,-38,-33,-10,346
4,-291,-19,-85,-24,300
15,-298,-4,-58,-37,265
25,-296,4,50,-33,241
33,-289,6,205,-9,223
38,-281,-1,362,33,220
30,-266,-10,474,93,233
23,-249,-28,531,153,260
15,-227,-44,530,211,287
6,-212,-47,482,264,321
-3,-200,-54,417,312,357
-8,-192,-49,338,357,400
-8,-187,-50,264,397,441
-8,-186,-49,197,428,469
-13,-188,-50,130,450,479
-20,-189,-42,66,468,472
-21,-199,-37,17,481,460
-22,-205,-29,-5,494,443
-22,-219,-30,4,515,417
-18,-225,-18,24,543,399
-18,-231,-15,62,572,371
-19,-229,-18,111,598,344
-21,-229,-25,161,621,324
-28,-226,-29,193,639,318
-28,-227,-31,205,648,320
-31,-225,-33,195,652,322
-39,-219,-32,170,649,325
-42,-219,-30,134,634,330
-51,-213,-25,99,614,331
-54,-216,-24,67,592,332
-61,-215,-18,42,571,335
-63,-212,-17,28,554,333
-66,-218,-16,22,541,329
-65,-208,-17,19,530,320
-67,-210,-12,20,519,309
-66,-210,-17,26,512,298
-61,-215,-13,30,506,284
-63,-213,-11,29,499,268
-55,-219,-13,23,492,257
-56,-219,-9,16,482,247
-55,-223,-8,7,467,238
-48,-230,-9,-8,449,219
-44,-233,0,-26,428,193
-36,-230,4,-20,411,167
-35,-229,7,9,399,142
-33,-227,1,41,392,115
-30,-224,0,62,389,90
-31,-220,-3,67,389,68
-33,-225,-3,56,392,46
-35,-221,-2,36,394,30
-33,-223,-3,13,398,15
-32,-223,-2,-8,398,5
-33,-225,-5,-26,401,-8
-33,-228,-4,-41,401,-18
-32,-229,-2,-54,404,-25
-30,-230,2,-67,406,-36
-33,-228,4,-79,409,-46
-37,-227,5,-83,413,-55
-38,-229,6,-88,413,-64
-39,-232,4,-92,413,-72
-44,-229,8,-93,411,-83
-45,-232,11,-92,406,-90
-48,-232,9,-87,400,-92
-51,-236,13,-81,394,-93
-53,-239,13,-77,386,-91
-60,-240,14,-77,379,-90
-62,-241,15,-83,373,-86
-66,-243,14,-89,365,-82
-67,-247,18,-91,355,-75
-66,-244,9,-94,341,-71
-68,-244,8,-99,327,-65
-70,-246,6,-104,314,-59
-67,-246,6,-110,304,-58
-63,-248,3,-114,299,-65
-64,-249,-5,-117,293,-74
-63,-250,-13,-124,282,-84
-56,-249,-17,-144,273,-99
-52,-256,-11,-176,282,-117
-45,-257,1,-210,304,-131
-43,-263,5,-235,322,-138
-49,-269,8,-246,320,-136
-51,-275,-4,-247,300,-129
-49,-276,7,-243,274,-114
-52,-284,8,-240,252,-92
-59,-283,8,-236,235,-70
-62,-285,10,-232,225,-42
-62,-297,15,-222,218,-15
-66,-301,23,-205,217,10
-63,-305,31,-169,224,33
-64,-310,36,-118,239,53
-57,-312,44,-59,259,72
-54,-308,48,6,284,90
-46,-316,52,67,315,107
-41,-311,45,113,341,120
-39,-306,48,139,366,135
-37,-305,34,137,380,153
-32,-300,31,107,385,177
-30,-297,29,55,396,196
-27,-296,26,0,417,213
-36,-290,28,-36,439,225
-40,-289,37,-43,447,233
-50,-290,28,-38,438,241
-58,-289,23,-39,416,250
-67,-287,13,-43,388,263
-75,-290,5,-53,361,284
-83,-291,1,-72,327,310
-92,-292,-11,-80,288,338
-99,-287,-16,-69,251,367
-108,-283,-21,-36,215,390
-111,-270,-39,8,174,409
-112,-262,-53,29,135,418
-111,-250,-70,26,103,419
-97,-246,-87,-5,82,416
-87,-245,-96,-50,69,406
-81,-243,-109,-122,58,386
-79,-249,-113,-190,44,364
-78,-248,-120,-250,14,344
-80,-259,-119,-287,-37,323
-81,-261,-111,-291,-104,298
-81,-262,-111,-259,-174,277
-77,-260,-112,-198,-224,257
-63,-261,-103,-130,-235,231
-48,-258,-86,-61,-212,195
-26,-255,-73,7,-176,149
-14,-248,-62,70,-141,98
-3,-231,-60,130,-113,27
3,-219,-56,169,-100,-55
9,-206,-55,175,-110,-139
18,-199,-63,153,-143,-215
20,-201,-74,119,-187,-286
15,-206,-88,73,-230,-344
4,-215,-86,13,-267,-392
-5,-229,-85,-43,-294,-411
-21,-241,-77,-101,-308,-405
-37,-255,-71,-149,-317,-377
-51,-277,-60,-175,-330,-329
-61,-293,-46,-168,-358,-269
-67,-306,-36,-125,-398,-217
-61,-306,-31,-47,-437,-193
-56,-304,-26,76,-460,-198
-47,-286,-33,222,-468,-215
-41,-269,-42,346,-467,-247
-33,-253,-47,408,-463,-306
-25,-238,-53,413,-457,-373
-16,-223,-55,383,-447,-433
-11,-206,-61,326,-439,-481
-9,-196,-61,248,-433,-519
-6,-193,-61,163,-433,-544
-6,-191,-52,88,-442,-562
-12,-195,-51,28,-456,-576
-14,-201,-46,-23,-473,-581
-16,-209,-33,-61,-487,-575
-13,-216,-26,-75,-491,-552
-13,-221,-23,-62,-491,-519
-9,-230,-14,-29,-485,-484
-9,-236,-9,20,-470,-449
-9,-242,-16,75,-456,-412
-8,-248,-12,130,-444,-382
-5,-250,-13,181,-430,-353
-4,-250,-14,227,-419,-330
-3,-246,-15,270,-410,-308
2,-249,-22,300,-400,-288
-3,-248,-20,311,-387,-265
-2,-249,-18,310,-382,-241
2,-246,-20,302,-381,-223
3,-249,-15,295,-380,-212
6,-251,-16,287,-377,-203
-3,-253,-15,289,-371,-198
-4,-259,-10,303,-366,-193
-3,-262,-3,340,-365,-194
10,-266,-11,387,-349,-207
-18,-269,11,447,-335,-223
0,-262,48,534,-370,-202
18,-258,76,624,-506,-191
-9,-244,83,721,-623,-187
-54,-224,81,807,-717,-168
-81,-195,50,859,-781,-126
-107,-181,9,819,-802,-72
-127,-171,-40,688,-795,-29
-145,-166,-55,507,-818,-8
-132,-180,-49,357,-895,-9
-96,-195,-40,254,-958,-34
-38,-211,-24,183,-939,-82
-1,-217,-14,147,-851,-144
16,-213,-5,149,-753,-206
17,-204,0,189,-692,-244
21,-197,10,265,-673,-258
19,-190,23,357,-668,-259
21,-182,34,454,-666,-250
22,-167,36,561,-660,-246
13,-154,21,675,-642,-241
8,-143,12,758,-609,-229
0,-133,4,779,-556,-205
-5,-130,-5,747,-486,-178
-3,-130,-26,686,-401,-157
-3,-131,-50,622,-304,-154
-4,-131,-63,582,-193,-167
-5,-132,-82,580,-105,-184
-2,-132,-109,638,-54,-198
7,-120,-125,740,-34,-211
13,-106,-136,838,-40,-229
12,-90,-148,883,-69,-258
17,-70,-157,827,-106,-293
8,-58,-164,652,-152,-329
-4,-67,-141,380,-236,-360
-14,-79,-114,52,-370,-399
-31,-99,-70,-276,-514,-449
-47,-128,-65,-562,-601,-496
-70,-166,-59,-807,-615,-541
-106,-201,-60,-992,-606,-578
-128,-233,-56,-1106,-602,-602
-153,-277,-43,-1186,-618,-596
-161,-323,-19,-1257,-682,-566
-168,-362,-12,-1315,-807,-515
-142,-402,18,-1361,-957,-435
-90,-430,54,-1406,-1022,-348
10,-471,82,-1435,-988,-282
105,-515,89,-1413,-939,-255
132,-541,63,-1355,-895,-271
146,-567,46,-1311,-819,-260
165,-591,72,-1270,-656,-210
155,-603,113,-1141,-434,-189
112,-594,121,-901,-249,-226
71,-587,111,-692,-116,-291
59,-585,108,-604,-11,-324
40,-580,120,-600,76,-342
7,-570,126,-582,140,-369
-19,-546,129,-491,194,-400
-35,-513,119,-331,237,-419
-55,-475,116,-158,264,-445
-76,-426,98,3,256,-462
-94,-379,84,88,217,-485
-99,-333,61,60,153,-490
-93,-292,43,-60,63,-486
-97,-255,36,-211,-64,-510
-81,-209,23,-353,-195,-509
-59,-177,10,-488,-344,-481
-28,-153,15,-665,-487,-451
0,-132,20,-802,-606,-424
20,-127,24,-882,-709,-394
46,-111,15,-851,-814,-404
48,-100,-20,-713,-918,-453
57,-81,-49,-606,-984,-436
43,-69,-62,-576,-983,-366
40,-76,-79,-612,-923,-252
13,-97,-89,-791,-895,-73
1,-137,-97,-1065,-979,244
9,-112,-21,-1307,-1125,525
0,-89,6,-1268,-1180,533
-5,-87,13,-1047,-1109,375
-30,-110,9,-842,-1020,197
-40,-135,3,-725,-960,103
-19,-146,0,-643,-930,83
12,-151,-17,-542,-900,60
66,-152,-29,-418,-851,13
103,-150,-41,-261,-788,-45
126,-134,-58,-68,-722,-101
129,-120,-65,124,-672,-142
127,-112,-69,289,-647,-176
104,-95,-56,422,-651,-182
83,-88,-28,544,-673,-144
72,-83,7,681,-694,-71
68,-82,29,859,-698,8
63,-75,50,1057,-691,96
61,-75,71,1229,-705,196
65,-72,90,1357,-737,308
64,-72,119,1459,-767,422
67,-68,122,1546,-787,533
88,-58,-17,1612,-744,653
99,-15,-269,1584,-447,776
29,58,-578,1293,116,848
-73,98,-851,550,754,861
-88,65,-983,-534,1133,862
43,-102,-758,-1622,992,878
272,-423,-19,-2322,313,628
455,-692,469,-2160,-542,-305
415,-918,753,-1570,-769,-1738
184,-1042,706,-690,-457,-3202
-214,-1061,197,448,42,-4322
-388,-793,-318,1299,614,-4613
-189,-297,-643,1852,1517,-3756
-85,-119,-653,2206,2182,-2256
-202,32,-521,2284,1736,-1288
-379,138,-404,1968,617,-674
-464,148,-264,1128,-46,77
-392,86,-67,32,-75,925
-298,5,23,-830,47,1482
-170,-122,19,-1201,34,1586
-27,-254,-64,-1194,-86,1417
61,-440,-101,-1212,-290,1103
-29,-608,-82,-1416,-615,553
-99,-697,-50,-1649,-866,-88
-64,-765,-6,-1664,-865,-470
21,-761,1,-1326,-655,-607
57,-656,-2,-725,-352,-607
65,-454,-32,-74,-19,-392
76,-314,-50,372,188,7
60,-181,-62,468,284,355
33,-104,-101,216,289,614
18,-65,-140,-267,275,810
19,-74,-119,-893,273,977
31,-119,-79,-1440,289,1116
46,-198,-35,-1784,291,1180
60,-292,5,-1952,248,1182
83,-390,45,-1984,172,1154
82,-450,75,-1847,123,1115
83,-512,87,-1533,162,1079
75,-527,58,-1156,231,1031
53,-509,28,-835,306,1001
34,-483,12,-611,395,1000
22,-461,6,-460,498,1010
0,-433,1,-368,586,1019
-34,-393,-8,-337,655,1023
-66,-355,-12,-380,690,1035
-86,-318,-7,-463,701,1060
-93,-293,-8,-539,699,1091
-90,-264,-14,-597,685,1111
-78,-239,-6,-640,671,1117
-62,-229,3,-648,669,1105
-45,-223,15,-596,694,1083
-30,-222,18,-494,739,1040
-30,-218,23,-370,798,971
-27,-210,20,-234,844,888
-24,-204,11,-114,864,799
-22,-197,6,-15,866,714
-28,-198,-2,44,857,645
-35,-194,1,63,852,607
-25,-197,13,68,856,596
-17,-194,34,92,871,595
-1,-199,58,155,885,577
7,-197,85,246,893,529
10,-193,116,363,902,452
3,-189,146,503,909,348
-13,-184,182,668,908,243
-19,-187,187,860,886,160
-25,-186,186,1072,850,95
-23,-195,177,1289,814,60
-28,-175,116,1491,798,36
-45,-151,54,1654,787,1
-48,-134,-1,1753,732,-69
-39,-106,-85,1758,615,-148
-22,-72,-177,1662,467,-215
3,-42,-271,1482,342,-264
28,-20,-338,1211,265,-291
56,-9,-385,853,277,-334
26,-46,-359,464,458,-363
-55,-169,-240,164,863,-270
-181,-317,-77,-10,1272,19
-239,-433,23,-70,1378,490
-195,-523,48,11,978,1035
-118,-496,-35,166,203,1435
-131,-407,-187,311,-577,1545
-199,-314,-332,463,-1126,1273
-237,-262,-361,662,-1254,902
-194,-240,-295,960,-911,562
-121,-232,-263,1321,-471,250
-35,-228,-267,1509,-126,-1
26,-241,-276,1309,-17,-199
48,-258,-258,836,-66,-345
51,-293,-224,270,-128,-433
19,-334,-190,-200,-171,-467
-37,-389,-161,-444,-176,-413
-68,-438,-151,-431,-133,-267
-61,-468,-169,-254,-144,-114
-36,-477,-202,-85,-284,-48
-42,-447,-216,69,-447,-103
-46,-401,-202,266,-515,-230
-43,-371,-184,503,-467,-363
-34,-328,-156,715,-364,-450
-19,-291,-142,857,-276,-482
6,-260,-133,900,-241,-479
22,-244,-132,861,-256,-471
25,-229,-144,746,-269,-465
32,-222,-162,546,-262,-461
25,-218,-168,264,-254,-482
7,-223,-153,-66,-261,-525
-15,-237,-121,-377,-271,-568
-43,-256,-93,-625,-263,-606
-68,-289,-51,-793,-242,-639
-94,-324,-12,-838,-234,-655
-107,-357,17,-734,-243,-652
-107,-382,24,-498,-256,-633
-104,-382,9,-180,-276,-607
-103,-358,-12,148,-311,-581
-91,-328,-30,434,-369,-545
-67,-292,-47,646,-445,-503
-45,-265,-57,767,-520,-466
-19,-237,-59,790,-581,-433
10,-214,-62,738,-617,-398
28,-200,-54,642,-633,-368
48,-191,-51,528,-620,-327
54,-184,-52,412,-589,-283
62,-185,-37,306,-546,-242
59,-183,-31,222,-500,-214
58,-188,-22,162,-459,-193
55,-191,-16,131,-431,-181
46,-189,-16,125,-414,-180
40,-191,-14,134,-405,-180
32,-189,-5,152,-395,-174
18,-187,-4,179,-388,-164
6,-182,4,204,-382,-146
1,-184,10,230,-374,-121
-7,-180,27,279,-373,-93
-18,-185,29,371,-380,-65
-28,-181,28,451,-388,-46
-36,-179,36,497,-391,-29
-41,-179,47,532,-401,-9
-48,-179,52,573,-428,14
-49,-180,57,611,-463,38
-44,-175,63,653,-502,61
-45,-181,61,699,-535,87
-42,-182,68,754,-558,109
-34,-187,65,821,-565,127
-27,-191,68,893,-554,144
-23,-196,68,976,-532,158
-20,-194,62,1075,-504,168
-24,-190,60,1158,-481,181
-31,-179,54,1243,-459,194
-23,-173,52,1320,-437,223
-8,-168,44,1396,-404,254
9,-160,37,1461,-355,263
40,-156,20,1491,-280,237
65,-152,6,1449,-188,190
69,-141,8,1335,-98,145
67,-147,15,1200,-35,114
53,-152,27,1076,-15,99
44,-168,39,976,-24,88
42,-183,48,893,-47,72
37,-191,65,839,-68,41
41,-200,59,861,-74,-3
43,-213,55,926,-66,-53
38,-220,47,999,-42,-105
32,-220,31,1067,0,-148
25,-215,16,1114,36,-175
27,-207,-5,1122,58,-177
29,-196,-50,1067,73,-159
31,-180,-100,925,93,-125
18,-162,-149,667,114,-92
5,-151,-192,304,129,-53
9,-154,-223,-123,151,-3
27,-178,-251,-578,195,35
42,-222,-258,-990,270,46
59,-292,-246,-1265,387,49
70,-357,-218,-1334,535,38
72,-437,-165,-1203,703,-26
60,-497,-110,-953,853,-144
32,-529,-57,-655,930,-276
5,-540,-24,-359,939,-398
-21,-536,-1,-72,903,-492
-47,-527,6,212,835,-556
-76,-512,-3,483,770,-613
-108,-476,-19,746,716,-646
-132,-433,-38,1010,633,-639
-146,-397,-43,1233,508,-584
-150,-349,-48,1376,378,-482
-143,-304,-51,1420,277,-354
-138,-262,-57,1370,213,-221
-128,-235,-77,1238,172,-92
-128,-206,-81,1023,144,42
-114,-183,-89,774,108,187
-92,-161,-91,541,56,334
-65,-151,-100,352,-3,458
-36,-147,-96,201,-48,540
-10,-144,-100,64,-67,581
16,-150,-96,-63,-63,595
36,-169,-92,-194,-46,574
46,-197,-79,-337,-23,509
50,-218,-64,-469,-2,418
50,-249,-42,-542,13,354
43,-277,-32,-508,44,292
30,-298,-30,-385,95,244
14,-305,-24,-221,166,213
-4,-298,-34,-3,232,201
-22,-285,-40,145,286,217
-36,-263,-48,230,332,258
-50,-236,-56,257,373,307
-53,-212,-55,214,396,346
-60,-200,-55,128,396,373
-64,-186,-51,18,397,397
-66,-188,-47,-91,389,413
-64,-187,-38,-188,361,414
-55,-192,-29,-241,338,422
-54,-194,-29,-247,325,413
-50,-198,-22,-228,321,401
-47,-203,-16,-203,326,385
-48,-208,-10,-165,332,365
-46,-205,-5,-106,337,349
-39,-208,-1,-29,346,339
-39,-208,-6,49,355,326
-38,-210,-6,109,365,321
-39,-204,-13,137,377,314
-43,-205,-21,133,395,299
-44,-196,-18,111,407,295
-43,-192,-14,89,401,304
-47,-180,-18,68,380,317
-44,-172,-14,47,352,327
-45,-169,-14,19,321,333
-50,-168,-3,-18,288,329
-47,-169,9,-56,265,308
-46,-177,16,-67,239,286
-46,-192,19,-60,222,259
-48,-186,21,-38,215,234
-43,-193,20,-19,221,207
-39,-194,17,-14,237,175
-39,-194,18,-15,262,146
-35,-199,15,-17,289,122
-33,-204,12,-27,310,95
-29,-206,8,-54,325,68
-31,-208,10,-89,333,44
-24,-212,1,-127,341,20
-23,-215,4,-166,353,-2
-20,-220,0,-202,373,-17
-16,-227,1,-233,402,-27
-16,-234,-7,-248,436,-28
-16,-239,-2,-249,472,-30
-15,-243,-2,-246,505,-32
-21,-251,5,-235,534,-34
-26,-257,9,-214,558,-39
-26,-262,15,-188,577,-50
-25,-271,20,-155,591,-63
-23,-276,22,-114,601,-75
-24,-286,29,-70,614,-94
-31,-287,30,-26,622,-121
-38,-292,31,19,623,-147
-52,-290,32,71,610,-169
-64,-292,29,123,578,-187
-75,-294,25,172,538,-195
-88,-290,26,211,504,-196
-87,-285,27,237,498,-198
-81,-280,30,252,505,-202
-76,-275,33,255,519,-209
-83,-270,29,245,512,-213
-91,-265,26,225,473,-218
-88,-262,21,194,426,-218
-90,-269,23,147,396,-220
-99,-269,34,104,373,-210
-106,-275,39,89,324,-176
-120,-282,47,90,245,-129
-127,-287,52,94,173,-75
-124,-288,57,102,129,-9
-120,-295,62,120,110,62
-115,-296,69,153,103,130
-103,-298,71,199,99,187
-95,-296,60,242,89,232
-85,-293,53,278,71,270
-66,-291,36,292,43,300
-40,-284,21,285,19,313
-12,-286,9,262,14,311
11,-285,-4,221,30,293
29,-277,-14,172,69,259
17,-264,-30,118,118,217
-10,-257,-47,48,162,187
-28,-258,-68,-54,185,170
-38,-265,-80,-186,202,184
-48,-283,-97,-326,229,223
-56,-302,-101,-435,270,270
-61,-322,-98,-475,307,322
-69,-326,-80,-430,326,371
-69,-322,-71,-309,319,392
-62,-303,-70,-145,288,389
-53,-280,-69,11,250,375
-48,-255,-73,115,220,353
-38,-243,-75,159,201,328
-35,-225,-74,155,192,296
-23,-215,-63,123,186,259
-15,-211,-50,82,184,215
-3,-212,-44,45,191,166
-2,-213,-28,27,207,103
1,-218,-17,37,221,31
6,-223,-11,82,218,-45
7,-229,-13,154,203,-117
5,-229,-22,227,174,-174
-3,-230,-31,277,137,-222
-4,-230,-45,294,96,-261
-10,-226,-46,285,58,-296
-18,-223,-57,268,21,-321
-22,-230,-75,237,-11,-336
-34,-227,-55,183,-36,-344
-48,-230,-54,113,-64,-338
-57,-232,-47,31,-96,-324
-61,-235,-34,-41,-124,-311
-66,-237,-28,-84,-154,-303
-71,-236,-23,-107,-183,-308
-72,-249,-19,-124,-214,-310
-70,-251,-18,-142,-252,-311
-66,-256,-15,-151,-292,-312
-61,-259,-14,-135,-339,-320
-56,-256,-13,-98,-381,-326
-43,-258,-13,-50,-424,-333
-34,-255,-16,4,-466,-338
-22,-255,-19,34,-499,-342
-20,-251,-23,47,-522,-339
-13,-254,-27,44,-536,-332
-6,-255,-20,36,-546,-322
-3,-252,-21,31,-553,-311
-1,-253,-24,30,-555,-306
-1,-256,-17,29,-547,-303
3,-248,-15,25,-532,-302
11,-249,-9,37,-516,-306
7,-247,-13,52,-496,-308
9,-248,-15,60,-474,-311
17,-247,-13,69,-454,-316
13,-245,-14,76,-433,-321
12,-238,-9,75,-408,-330
8,-237,-14,76,-382,-340
10,-232,-13,73,-353,-341
9,-228,-7,78,-326,-340
10,-224,-9,74,-295,-341
3,-216,-15,64,-266,-335
1,-212,-14,42,-239,-324
1,-214,-10,21,-220,-315
-2,-214,-11,-4,-208,-303
-3,-219,-11,-31,-196,-281
-4,-219,-9,-56,-183,-260
-4,-225,-2,-75,-172,-238
-6,-228,4,-85,-165,-224
-9,-230,2,-83,-160,-213
-4,-229,7,-76,-151,-198
-4,-231,4,-75,-138,-181
-2,-229,6,-80,-127,-163
-3,-229,6,-78,-119,-148
-4,-227,8,-67,-111,-135
-1,-228,8,-61,-105,-123
-3,-229,5,-60,-100,-109
-2,-228,6,-61,-98,-91
-4,-226,4,-61,-97,-73
-4,-224,1,-67,-95,-51
-5,-220,1,-82,-92,-27
-6,-223,4,-96,-90,-2
-4,-221,7,-110,-88,21
-4,-227,11,-122,-86,45
-7,-225,15,-135,-87,63
-7,-231,17,-147,-93,82
-8,-232,25,-148,-105,99
-5,-233,32,-131,-118,111
-6,-243,29,-102,-133,120
-12,-239,32,-64,-146,129
-16,-245,31,-24,-154,137
-14,-245,33,18,-165,142
-13,-249,39,49,-173,147
-16,-252,44,68,-178,146
-14,-258,44,78,-181,147
-11,-256,44,83,-187,145
-6,-259,45,87,-193,137
0,-262,40,93,-198,124
1,-266,37,99,-199,107
0,-265,27,105,-202,91
4,-266,25,109,-205,76
2,-266,19,109,-212,65
-1,-262,10,102,-216,58
-2,-260,4,84,-216,58
-4,-257,0,54,-206,58
-14,-257,-7,19,-197,68
-17,-257,3,-13,-201,92
-16,-262,5,-39,-215,113
-12,-268,10,-58,-221,129
-6,-278,20,-64,-219,142
-2,-287,27,-56,-221,142
3,-296,41,-41,-240,123
12,-308,55,-15,-274,84
18,-314,70,22,-314,30
25,-318,74,70,-351,-31
26,-316,72,119,-384,-98
29,-317,71,153,-406,-162
25,-316,59,170,-416,-221
14,-312,45,165,-412,-267
7,-307,40,150,-397,-300
-2,-301,36,147,-372,-315
-11,-302,28,160,-344,-318
-25,-288,21,166,-319,-305
-37,-282,22,152,-306,-279
-46,-268,23,128,-306,-247
-46,-263,26,112,-323,-208
-41,-255,22,103,-354,-174
-30,-243,7,84,-387,-143
-11,-237,-7,63,-417,-106
4,-238,-28,35,-438,-75
23,-247,-43,-11,-433,-51
27,-249,-59,-72,-402,-44
29,-266,-67,-145,-351,-53
24,-287,-69,-222,-292,-72
32,-306,-71,-287,-234,-99
47,-322,-78,-324,-173,-139
60,-324,-98,-347,-97,-195
67,-322,-111,-360,-5,-259
61,-314,-121,-361,99,-337
44,-304,-118,-361,184,-407
14,-286,-100,-364,224,-473
-10,-276,-79,-369,211,-513
-37,-258,-53,-360,164,-523
-46,-246,-33,-323,111,-491
-51,-235,-22,-256,63,-427
-57,-230,-23,-167,33,-333
-66,-223,-27,-73,27,-231
-83,-220,-42,11,38,-128
-94,-217,-45,78,63,-33
-105,-216,-44,133,86,55
-100,-224,-50,173,104,137
-88,-228,-54,206,122,209
-71,-234,-56,230,148,280
-59,-240,-56,246,178,314
-43,-244,-54,251,215,326
-36,-252,-48,226,252,323
-29,-260,-41,187,265,307
-25,-264,-29,151,258,286
-22,-267,-26,129,235,266
-12,-269,-21,147,212,254
-6,-264,-21,195,200,250
0,-259,-22,257,207,249
3,-247,-24,319,231,246
6,-239,-30,362,267,248
5,-225,-37,374,309,259
3,-212,-43,349,357,278
4,-204,-45,294,409,298
2,-199,-46,227,461,316
0,-198,-51,153,510,334
-8,-194,-53,70,546,356
-9,-196,-55,-1,570,372
-12,-205,-42,-56,586,382
-12,-211,-41,-83,603,385
-14,-224,-34,-89,619,379
-15,-234,-28,-78,635,364
-18,-241,-24,-56,648,344
-22,-245,-21,-19,658,321
-24,-249,-22,25,664,303
-27,-248,-16,67,673,289
-31,-248,-19,101,677,281
-37,-243,-17,126,677,282
-41,-247,-13,140,672,289
-45,-242,-16,147,661,296
-53,-242,-11,148,642,303
-58,-242,-11,146,618,308
-61,-239,-12,141,592,311
-63,-235,-10,132,564,307
-64,-232,-9,126,537,304
-68,-230,-15,117,515,302
-70,-225,-18,105,497,294
-70,-221,-8,92,485,281
-70,-217,-14,80,474,267
-72,-219,-15,67,466,250
-69,-218,-16,52,454,239
-68,-212,-5,46,438,229
-65,-212,-8,59,413,221
-65,-215,-13,73,385,206
-65,-216,-12,55,361,185
-61,-222,-12,13,340,163
-62,-223,-6,-26,318,146
-60,-222,-3,-45,293,132
-57,-222,-2,-47,267,120
-57,-222,-2,-41,248,104
-53,-221,-2,-40,237,84
-50,-217,-5,-42,231,68
-49,-217,0,-45,229,50
-45,-216,-6,-57,229,35
-46,-216,-6,-84,233,19
-44,-215,-1,-122,235,3
-41,-219,1,-157,240,-15
-40,-221,4,-184,247,-30
-39,-227,6,-201,253,-48
-37,-232,8,-211,257,-61
-42,-235,8,-209,267,-75
-36,-240,10,-202,277,-89
-35,-245,15,-193,289,-101
-34,-250,25,-177,302,-112
-36,-252,32,-151,316,-122
-37,-256,34,-115,325,-131
-38,-258,41,-72,332,-138
-39,-260,40,-25,338,-144
-39,-259,39,21,341,-147
-44,-261,37,68,345,-150
-42,-260,36,114,349,-152
-46,-259,36,156,350,-149
-49,-257,32,193,353,-152
-54,-252,26,218,346,-154
-69,-245,17,234,322,-146
-80,-242,10,241,271,-129
-82,-238,-2,242,207,-113
-83,-239,-15,238,165,-107
-76,-236,-23,224,163,-115
-68,-237,-7,203,198,-134
-59,-241,2,175,249,-161
-47,-244,7,144,290,-191
-34,-252,11,110,313,-217
-24,-257,18,80,335,-241
-15,-266,25,67,362,-256
-18,-277,26,75,391,-263
-25,-287,25,95,405,-253
-29,-294,26,115,404,-221
-46,-304,31,126,401,-160
-60,-310,41,141,393,-83
-71,-317,49,181,374,13
-74,-316,55,257,347,122
-71,-314,61,351,342,207
-72,-307,66,443,346,260
-64,-303,72,532,354,314
-61,-296,72,615,349,355
-52,-287,66,669,325,382
-41,-269,43,689,293,394
-27,-264,27,669,274,390
-20,-260,8,602,280,377
-11,-261,-7,496,312,364
-10,-268,-19,374,357,357
-13,-275,-20,264,399,355
-24,-288,-26,188,432,351
-36,-296,-35,147,451,340
-52,-301,-44,122,459,321
-71,-303,-57,108,451,302
-97,-302,-70,99,419,283
-117,-306,-82,85,362,277
-137,-308,-96,63,287,291
-146,-306,-110,41,216,326
-159,-309,-109,24,159,363
-158,-301,-104,26,97,390
-140,-285,-96,62,22,404
-121,-269,-91,112,-51,398
-93,-253,-86,156,-96,374
-71,-233,-80,174,-106,331
-60,-222,-71,162,-99,267
-47,-209,-60,143,-99,206
-37,-209,-51,136,-134,139
-15,-208,-39,143,-180,81
10,-214,-34,163,-224,16
29,-224,-25,188,-250,-57
39,-234,-11,218,-259,-141
36,-238,-17,267,-265,-223
32,-235,-19,325,-274,-295
25,-242,-26,377,-292,-349
19,-233,-39,401,-318,-389
11,-227,-46,387,-334,-416
4,-222,-49,342,-333,-433
-1,-223,-51,274,-318,-437
-11,-222,-50,189,-306,-432
-15,-223,-46,99,-294,-418
-22,-225,-40,11,-283,-400
-31,-226,-31,-59,-274,-383
-43,-224,-26,-102,-274,-375
-50,-222,-17,-128,-284,-378
-51,-226,-15,-128,-301,-385
-47,-224,-10,-117,-325,-389
-46,-224,-10,-102,-349,-391
-43,-225,-8,-86,-377,-390
-37,-219,-12,-73,-410,-392
-30,-225,-12,-60,-444,-392
-27,-222,-14,-58,-472,-389
-22,-225,-14,-79,-491,-378
-13,-231,-13,-111,-501,-358
-2,-235,-11,-141,-499,-339
4,-245,-15,-159,-487,-317
7,-250,-7,-168,-468,-293
9,-257,-7,-167,-446,-272
11,-261,-2,-156,-426,-256
12,-266,0,-137,-411,-248
14,-270,-2,-108,-396,-247
9,-266,-7,-74,-380,-249
7,-267,-7,-36,-364,-252
5,-263,-12,-5,-352,-256
1,-257,-3,11,-339,-257
3,-245,-7,44,-329,-265
0,-238,-10,107,-313,-270
-2,-234,-20,135,-290,-273
-4,-227,-23,107,-265,-268
-5,-218,-22,55,-242,-261
-5,-216,-22,5,-223,-252
-4,-219,-16,-26,-204,-249
-5,-221,-15,-48,-186,-250
-7,-222,-10,-65,-165,-251
-9,-224,-8,-70,-150,-250
-15,-227,-6,-73,-144,-241
-13,-232,-6,-80,-141,-227
-8,-235,-3,-77,-139,-211
-14,-233,-3,-58,-134,-197
-17,-233,-2,-36,-126,-184
-17,-231,-8,-27,-121,-169
-17,-230,-4,-28,-122,-153
-17,-230,-6,-35,-124,-145
-14,-233,-4,-47,-125,-130
-15,-231,-1,-59,-123,-113
-14,-235,-3,-81,-121,-98
-11,-229,1,-98,-123,-86
-7,-231,3,-105,-125,-74
-8,-229,1,-106,-126,-59
-9,-226,1,-107,-128,-42
-7,-223,0,-115,-131,-27
-7,-222,1,-117,-136,-11
-5,-222,3,-115,-140,0
-4,-222,-1,-113,-142,11
-4,-223,8,-118,-143,24
-5,-223,6,-128,-147,41
-5,-228,9,-135,-156,59
-6,-228,10,-140,-172,79
-3,-231,10,-136,-189,95
-3,-231,13,-125,-204,108
-9,-233,14,-114,-215,118
-11,-238,18,-101,-227,131
-18,-238,18,-99,-244,139
-16,-242,25,-97,-267,148
-19,-248,32,-90,-296,155
-20,-253,30,-74,-325,158
-23,-259,33,-51,-356,161
-23,-263,39,-24,-384,157
-25,-267,40,8,-409,150
-28,-271,39,41,-433,143
-29,-274,31,76,-462,137
-34,-275,32,110,-491,133
-33,-268,32,143,-515,134
-35,-266,22,170,-533,136
-27,-260,14,178,-539,141
-22,-259,2,168,-523,150
-20,-257,-4,131,-492,152
-14,-260,-4,79,-472,159
-13,-264,-2,23,-472,163
-1,-273,8,-15,-468,164
9,-279,17,-25,-448,156
18,-283,27,-6,-419,138
25,-290,40,27,-403,108
41,-297,53,65,-408,62
52,-302,65,97,-425,4
61,-309,64,120,-442,-67
56,-316,64,131,-454,-148
42,-322,62,129,-465,-230
27,-332,54,107,-478,-311
9,-343,48,89,-484,-381
-4,-348,49,80,-479,-424
-18,-352,28,87,-459,-456
-26,-354,21,110,-430,-472
-34,-351,12,138,-396,-475
-37,-341,13,175,-361,-458
-38,-320,11,229,-330,-419
-29,-292,5,287,-314,-372
-26,-269,0,335,-316,-333
-15,-249,-20,370,-334,-295
-5,-238,-38,366,-365,-268
0,-237,-53,319,-389,-248
6,-241,-58,235,-399,-237
8,-256,-59,152,-392,-243
8,-274,-59,94,-364,-271
5,-296,-61,69,-316,-305
7,-305,-57,66,-253,-344
14,-313,-62,91,-160,-371
32,-313,-85,116,-77,-387
41,-302,-98,109,-1,-402
39,-286,-105,80,55,-420
28,-280,-92,45,83,-438
14,-261,-89,17,81,-453
-14,-242,-64,2,49,-459
-35,-226,-47,12,-14,-438
-47,-211,-22,25,-99,-380
-54,-198,-15,50,-190,-300
-53,-191,-13,90,-257,-220
-60,-185,-13,124,-279,-134
-67,-184,-12,152,-258,-46
-84,-193,-13,172,-207,38
-86,-196,-19,183,-155,111
-89,-206,-20,184,-120,174
-82,-227,-22,172,-101,223
-68,-244,-23,142,-81,257
-55,-261,-28,111,-46,270
-46,-274,-28,85,-5,269
-32,-283,-19,67,31,257
-26,-290,-17,60,47,240
-24,-291,-5,73,41,219
-16,-290,7,115,22,201
-7,-288,7,177,2,191
-3,-276,-1,246,1,191
1,-265,-5,304,28,197
4,-252,-7,350,79,210
10,-240,-17,384,139,223
9,-227,-25,380,190,244
11,-215,-34,335,235,266
17,-206,-40,266,281,294
19,-200,-48,188,326,325
18,-198,-54,110,371,355
13,-198,-54,31,414,377
8,-206,-49,-39,454,392
1,-217,-37,-87,491,400
1,-227,-17,-103,527,397
1,-230,-19,-95,558,381
-2,-234,-14,-62,584,358
-3,-237,-6,-15,608,340
-8,-242,-7,28,632,328
-16,-241,-11,62,652,319
-21,-238,-12,87,672,313
-28,-232,-11,109,691,310
-30,-229,-20,134,705,307
-37,-222,-15,150,712,305
-41,-221,-14,165,708,313
-48,-219,-16,153,696,320
-49,-220,-16,108,683,316
-57,-222,-12,49,670,304
-59,-230,-6,-2,652,292
-66,-231,-6,-38,630,281
-67,-232,-7,-56,604,269
-70,-228,1,-49,579,251
-68,-230,1,-20,556,245
-69,-221,-2,22,535,245
-67,-219,-5,58,520,245
-66,-214,-8,74,509,240
-66,-211,-13,63,502,229
-65,-210,-9,32,490,217
-61,-210,-7,-6,475,209
-60,-209,-10,-45,455,196
-58,-211,-9,-79,430,188
-54,-219,-1,-108,408,175
-49,-217,3,-129,389,159
-47,-223,5,-135,372,141
-45,-225,3,-130,359,120
-41,-227,3,-115,351,98
-42,-224,0,-96,341,75
-39,-224,0,-79,337,48
-42,-219,-4,-70,339,26
-42,-217,1,-68,343,9
-37,-223,5,-71,345,-10
-37,-219,9,-88,345,-31
-41,-221,8,-109,347,-50
-42,-223,12,-124,352,-64
-40,-227,18,-131,359,-76
-39,-231,27,-126,368,-89
-39,-236,24,-108,382,-101
-30,-240,43,-85,399,-110
-35,-249,39,-54,416,-125
-35,-255,38,-19,430,-139
-33,-258,47,16,439,-151
-34,-260,46,53,444,-157
-32,-264,47,88,446,-161
-33,-266,46,121,449,-160
-32,-268,47,154,451,-159
-34,-265,46,190,454,-153
-42,-258,47,226,451,-148
-65,-256,39,254,432,-135
-81,-254,28,274,382,-110
-99,-250,15,281,292,-75
-107,-248,3,280,195,-43
-111,-242,-3,271,127,-28
-106,-239,-7,251,104,-29
-98,-245,-4,223,120,-45
-81,-247,8,185,150,-69
-66,-247,20,146,179,-96
-47,-260,36,111,208,-130
-41,-266,44,81,236,-159
-43,-270,54,65,249,-177
-46,-278,54,61,240,-181
-51,-287,55,63,224,-173
-64,-291,58,60,215,-143
-69,-293,59,53,216,-97
-80,-296,64,46,216,-34
-85,-291,63,54,214,40
-71,-296,65,76,213,113
-60,-293,66,104,220,164
-47,-291,70,136,236,197
-41,-288,72,166,247,213
-35,-286,71,191,236,221
-25,-284,57,195,200,222
-19,-281,40,168,159,210
-19,-272,21,111,135,204
-7,-276,9,45,139,201
-11,-280,-4,-11,161,206
-15,-284,-11,-39,198,213
-31,-288,-25,-54,230,219
-51,-295,-33,-68,243,221
-66,-296,-49,-82,236,221
-78,-303,-56,-101,217,228
-71,-312,-46,-117,191,238
-106,-317,-63,-106,145,248
-120,-316,-65,-77,79,262
-131,-310,-74,-30,2,277
-133,-300,-87,19,-75,297
-140,-281,-98,59,-145,320
-132,-270,-106,77,-197,354
-121,-255,-115,70,-237,396
-96,-249,-109,39,-251,432
-69,-242,-95,7,-233,457
-48,-238,-74,-6,-193,461
-25,-236,-51,7,-157,437
-5,-239,-37,39,-135,385
14,-242,-29,81,-128,310
33,-247,-31,132,-135,216
41,-249,-36,183,-151,113
47,-256,-42,228,-169,9
56,-259,-44,277,-179,-89
56,-263,-40,336,-181,-172
52,-262,-38,401,-172,-245
45,-258,-39,456,-159,-294
40,-254,-40,509,-148,-321
26,-250,-47,526,-145,-329
6,-242,-49,489,-142,-325
-15,-235,-53,421,-147,-308
-24,-229,-45,340,-159,-288
-38,-223,-44,270,-179,-272
-48,-216,-44,213,-195,-274
-58,-213,-41,163,-204,-285
-65,-207,-38,116,-205,-294
-74,-205,-30,67,-215,-298
-72,-209,-27,18,-237,-300
-73,-207,-17,-20,-270,-300
-67,-214,-9,-40,-306,-299
-55,-212,-6,-42,-340,-295
-46,-213,-4,-26,-372,-292
-40,-215,-4,3,-395,-290
-30,-222,-6,27,-415,-287
-28,-227,-9,47,-433,-281
-25,-228,-10,57,-453,-273
-15,-238,-11,55,-473,-270
-11,-238,-14,45,-490,-267
-4,-243,-12,28,-503,-272
-6,-251,-10,12,-509,-276
-3,-251,-14,-4,-513,-280
-2,-249,-12,-10,-511,-278
-3,-249,-5,-13,-501,-277
-3,-251,-7,-8,-486,-269
-2,-250,6,8,-467,-262
-1,-244,14,39,-444,-259
0,-238,17,124,-432,-258
-3,-241,6,218,-418,-248
-1,-238,-7,233,-404,-225
1,-237,-9,181,-388,-213
3,-234,-4,137,-363,-208
6,-232,1,126,-341,-205
5,-231,6,139,-321,-204
3,-230,-1,160,-306,-194
1,-227,-3,160,-291,-181
0,-220,-1,146,-272,-171
-2,-221,9,130,-256,-166
-2,-215,8,139,-242,-165
-6,-208,8,139,-227,-163
-6,-208,1,129,-210,-158
-3,-208,0,100,-195,-155
-3,-211,-2,39,-180,-149
-6,-213,0,-41,-165,-135
-4,-218,6,-113,-156,-120
-6,-219,4,-166,-152,-108
-7,-221,11,-189,-149,-97
-4,-214,8,-163,-148,-93
-5,-209,10,-136,-145,-84
-5,-207,9,-125,-138,-74
-6,-201,10,-140,-138,-65
-6,-205,9,-175,-138,-54
-4,-205,10,-217,-141,-39
-8,-208,4,-249,-153,-19
-12,-212,15,-270,-170,3
-12,-221,21,-273,-191,27
-17,-227,25,-267,-215,51
-17,-235,24,-251,-242,74
-20,-240,30,-226,-273,98
-21,-243,27,-189,-305,114
-24,-250,34,-140,-337,129
-27,-254,37,-87,-368,138
-31,-257,38,-31,-398,142
-32,-258,40,12,-426,144
-33,-262,38,41,-449,144
-26,-263,34,51,-465,141
-16,-266,40,57,-476,136
-6,-271,30,60,-474,127
-1,-272,28,60,-466,109
-5,-273,25,60,-462,91
-4,-270,23,62,-470,76
-4,-271,17,59,-483,72
-2,-266,10,55,-495,71
2,-262,7,53,-497,75
-3,-260,-2,33,-478,87
-11,-261,-7,-8,-454,106
-5,-266,8,-68,-453,137
-1,-273,20,-105,-460,162
5,-276,25,-114,-452,176
22,-284,37,-105,-433,178
37,-292,40,-83,-417,165
49,-299,40,-66,-417,127
57,-307,47,-76,-435,72
61,-320,47,-104,-458,-1
60,-326,53,-141,-476,-91
57,-341,53,-154,-475,-189
45,-355,46,-148,-455,-293
30,-365,38,-144,-416,-388
9,-371,23,-142,-356,-466
-6,-379,10,-140,-279,-529
-18,-379,13,-133,-195,-568
-29,-367,21,-90,-117,-587
-23,-348,20,-1,-51,-580
-19,-319,9,93,-2,-561
-9,-293,1,150,28,-535
-3,-261,-16,150,37,-505
4,-245,-42,97,30,-473
14,-244,-42,9,20,-448
16,-247,-44,-82,20,-429
19,-260,-40,-158,27,-412
19,-274,-34,-195,54,-409
24,-290,-33,-200,89,-398
29,-295,-38,-166,127,-375
27,-293,-52,-112,165,-345
26,-289,-68,-53,213,-310
26,-282,-90,-12,278,-271
15,-270,-108,-10,342,-239
11,-259,-101,-48,380,-221
-11,-238,-95,-114,379,-206
-36,-233,-73,-183,338,-188
-53,-225,-51,-237,264,-148
-54,-218,-38,-256,169,-95
-50,-219,-28,-239,72,-50
-48,-215,-24,-197,9,-5
-54,-218,-26,-131,-3,48
-64,-218,-29,-54,28,102
-70,-214,-30,21,71,141
-76,-222,-30,79,102,168
-74,-227,-28,115,116,186
-72,-236,-30,130,121,195
-67,-243,-32,137,125,194
-63,-253,-32,148,134,182
-59,-252,-34,154,148,170
-55,-256,-29,159,159,157
-49,-258,-29,162,163,148
-45,-259,-24,157,153,139
-45,-260,-21,151,133,134
-40,-255,-15,160,106,138
-33,-249,-17,196,83,150
-28,-239,-19,244,78,167
-19,-233,-26,278,88,185
-13,-228,-31,286,109,200
-7,-219,-35,269,136,213
-6,-213,-41,232,162,231
-3,-204,-43,177,187,258
1,-205,-39,119,211,274
1,-203,-45,72,234,285
-1,-208,-41,33,264,291
-4,-217,-38,-7,287,292
-2,-218,-42,-39,308,285
-8,-225,-23,-46,325,271
-12,-234,-18,-25,341,248
-18,-236,-12,9,357,223
-21,-243,-12,53,371,201
-27,-243,-9,92,390,183
-28,-247,-11,128,409,171
-35,-243,-10,157,429,165
-40,-243,-14,179,446,166
-47,-239,-13,189,456,169
-50,-238,-14,192,459,175
-58,-239,-16,187,452,182
-54,-239,-12,176,438,192
-58,-235,-13,167,418,197
-61,-230,-13,152,389,200
-63,-228,-6,141,361,199
-67,-225,-9,139,336,194
-68,-222,-6,136,317,196
-70,-220,-9,130,298,199
-73,-215,-9,122,279,202
-70,-211,-8,115,255,206
-65,-212,-8,102,233,209
-64,-211,-6,80,215,209
-61,-209,-8,53,198,210
-55,-211,0,19,184,212
-53,-207,-3,-10,172,212
-49,-214,-4,-32,163,208
-46,-215,-8,-51,155,202
-44,-220,-10,-67,149,191
-42,-222,-15,-82,143,177
-38,-221,-10,-91,140,168
-36,-224,-5,-97,137,161
-39,-225,-1,-98,138,153
-37,-223,5,-93,139,137
-35,-222,-1,-88,143,117
-37,-224,4,-84,148,100
-40,-223,-2,-84,151,85
-38,-220,3,-93,157,70
-40,-219,1,-105,165,59
-40,-222,0,-118,175,46
-44,-221,5,-127,186,35
-40,-226,8,-132,193,22
-42,-231,11,-132,198,8
-32,-232,14,-122,207,-9
-44,-237,16,-99,217,-25
-44,-243,21,-72,227,-41
-42,-250,30,-38,236,-58
-44,-251,30,1,241,-73
-42,-255,36,45,246,-87
-42,-259,37,91,248,-96
-42,-262,39,140,250,-102
-43,-264,36,192,253,-102
-44,-263,33,243,256,-100
-44,-264,37,293,265,-95
-50,-258,32,337,274,-88
-61,-257,20,368,264,-73
-71,-254,11,386,232,-51
-73,-249,6,385,191,-27
-70,-249,-1,369,172,-11
-66,-249,-1,338,187,-5
-58,-253,8,310,225,-6
-48,-249,13,285,266,-17
-39,-248,13,262,286,-29
-29,-253,17,232,289,-43
-24,-254,14,192,298,-63
-21,-264,23,150,325,-77
-32,-272,28,122,350,-77
-44,-276,31,109,353,-65
-61,-283,37,104,329,-31
-71,-288,37,100,303,21
-81,-292,45,100,288,89
-83,-296,49,115,290,163
-90,-295,56,146,296,236
-91,-296,62,187,300,295
-91,-295,63,227,296,339
-88,-295,62,262,281,368
-80,-295,53,278,259,388
-72,-295,38,269,236,400
-56,-304,21,228,220,401
-43,-311,10,171,217,395
-33,-318,6,122,228,381
-32,-323,-1,90,241,370
-36,-321,-11,77,241,362
-43,-315,-29,78,234,346
-54,-305,-48,80,230,327
-66,-303,-55,75,225,302
-73,-301,-64,58,211,275
-82,-305,-62,35,187,248
-97,-303,-64,18,145,222
-107,-298,-74,22,94,203
-116,-292,-81,39,40,189
-123,-282,-89,55,-14,186
-117,-271,-100,63,-72,192
-102,-264,-103,72,-122,208
-81,-259,-101,82,-159,228
-62,-258,-93,87,-177,248
-49,-249,-78,89,-182,254
-29,-248,-57,97,-176,250
-6,-242,-39,110,-159,232
3,-243,-30,128,-138,191
17,-242,-26,151,-120,131
21,-240,-11,184,-117,54
29,-239,-16,232,-127,-28
38,-241,-27,286,-136,-110
43,-238,-28,320,-135,-201
40,-239,-27,333,-119,-261
36,-239,-30,338,-99,-304
24,-236,-28,339,-91,-331
18,-238,-36,341,-92,-349
5,-232,-31,324,-96,-356
5,-234,-35,298,-101,-357
-12,-229,-32,266,-104,-357
-23,-228,-30,224,-112,-355
-36,-225,-33,174,-119,-352
-37,-224,-26,121,-129,-347
-43,-222,-24,77,-139,-347
-39,-223,-16,50,-147,-347
-48,-221,-11,42,-160,-352
-50,-218,-9,46,-174,-354
-50,-215,-6,53,-203,-353
-45,-218,-6,61,-241,-353
-41,-219,-14,59,-276,-355
-38,-221,-14,43,-303,-355
-37,-219,-13,17,-326,-347
-29,-229,-14,-1,-350,-336
-24,-228,-14,-20,-368,-326
-17,-232,-13,-34,-378,-307
-14,-235,-12,-38,-385,-291
-10,-238,-6,-29,-386,-281
-6,-242,-8,-14,-384,-271
-9,-243,-8,3,-381,-267
-4,-242,-8,16,-377,-258
-9,-240,-6,22,-373,-249
-7,-240,-8,23,-368,-235
-6,-238,-3,25,-362,-227
-4,-233,-2,28,-359,-224
-8,-229,-2,33,-354,-221
-4,-225,2,32,-348,-217
-4,-228,-1,27,-346,-214
-3,-228,-1,12,-339,-217
-4,-228,5,-3,-328,-216
-2,-228,1,-7,-318,-217
-2,-228,1,-5,-309,-220
-2,-228,1,1,-298,-220
-2,-225,2,10,-289,-212
0,-225,3,10,-277,-200
1,-220,6,-2,-260,-188
-2,-224,6,-9,-245,-178
-1,-219,3,-18,-230,-169
5,-221,3,-27,-216,-159
0,-219,4,-33,-201,-151
-1,-222,-3,-35,-185,-143
-2,-223,-3,-43,-170,-135
-4,-225,-3,-63,-154,-124
-2,-223,8,-106,-137,-112
-3,-228,8,-123,-126,-94
-4,-232,8,-140,-117,-66
-4,-236,13,-162,-114,-42
-6,-234,17,-156,-121,-23
-5,-235,20,-112,-131,-4
-4,-234,17,-67,-136,9
-4,-227,13,-35,-141,22
-13,-228,20,-12,-148,36
-9,-223,10,6,-158,52
-5,-220,9,14,-167,70
-8,-216,13,7,-176,85
-10,-219,9,-3,-184,100
-8,-225,14,-14,-195,114
-7,-225,19,-21,-206,130
-8,-225,20,-18,-218,146
-12,-231,32,-5,-230,163
-15,-235,29,17,-244,177
-18,-242,34,41,-263,186
-22,-246,38,62,-291,193
-22,-248,39,83,-317,195
-24,-251,42,103,-343,199
-22,-257,38,130,-368,198
-24,-256,36,158,-390,195
-17,-260,38,182,-411,191
-10,-263,31,197,-422,184
-7,-267,21,208,-424,174
-4,-274,18,205,-422,163
-6,-272,20,192,-418,149
-7,-274,23,176,-417,137
-4,-272,18,175,-419,130
-3,-273,17,193,-419,116
-6,-270,15,213,-413,103
-9,-266,12,215,-405,98
-10,-271,9,193,-405,98
-5,-277,19,153,-409,97
0,-282,23,117,-408,92
5,-287,29,98,-399,73
17,-296,39,94,-394,44
33,-301,43,96,-392,1
42,-306,42,98,-394,-53
48,-320,41,93,-405,-107
44,-324,31,80,-417,-168
40,-331,37,71,-423,-229
29,-347,28,69,-421,-285
5,-356,23,64,-416,-340
-10,-375,11,43,-405,-383
-27,-385,13,-2,-383,-420
-39,-385,32,-7,-356,-446
-46,-378,39,84,-330,-447
-42,-356,26,224,-300,-434
-39,-334,15,342,-273,-410
-24,-301,3,398,-257,-382
1,-278,-11,386,-249,-349
18,-259,-25,326,-244,-318
33,-250,-39,249,-233,-288
31,-241,-43,178,-207,-262
27,-243,-41,125,-174,-235
23,-242,-38,90,-134,-216
21,-239,-36,83,-97,-204
21,-237,-39,98,-62,-187
15,-231,-39,120,-30,-172
16,-227,-43,126,8,-155
9,-216,-54,103,37,-149
5,-217,-52,43,59,-146
-3,-214,-53,-62,71,-144
-12,-216,-49,-153,73,-142
-23,-218,-38,-228,60,-131
-34,-224,-32,-274,39,-104
-46,-235,-28,-285,13,-63
-56,-245,-23,-273,-10,-17
-63,-260,-12,-243,-28,21
-70,-267,-6,-204,-36,59
-73,-276,-1,-155,-31,96
-77,-282,6,-98,-20,133
-73,-287,4,-28,-2,169
-76,-288,2,46,13,199
-74,-292,-4,114,27,224
-73,-284,-6,169,32,241
-72,-282,-8,206,35,246
-71,-278,-8,237,37,239
-67,-278,-14,263,39,231
-57,-270,-12,288,45,227
-53,-263,-6,305,51,230
-40,-260,-9,325,54,237
-37,-250,-9,340,58,247
-25,-245,-12,336,64,261
-12,-234,-13,320,74,271
-25,-226,-10,303,94,280
4,-213,-20,284,122,288
10,-210,-20,252,155,291
10,-207,-23,210,183,290
12,-211,-28,162,203,290
11,-215,-20,119,221,295
9,-215,-18,78,242,299
2,-216,-4,60,276,297
-2,-219,0,62,315,284
-8,-219,9,77,348,267
-9,-219,8,105,369,249
-14,-219,2,130,385,229
-20,-223,-2,137,405,212
-22,-216,0,135,427,192
-27,-219,-3,125,451,168
-29,-222,-5,112,475,150
-35,-217,-7,98,492,135
-38,-221,-3,89,505,127
-41,-219,-2,78,512,124
-45,-220,-9,65,515,125
-50,-219,-5,52,510,120
-51,-225,-5,45,500,119
-58,-226,3,41,486,113
-59,-229,-2,46,467,110
-62,-229,2,58,450,106
-63,-224,-3,73,432,100
-66,-228,2,83,413,99
-67,-222,3,85,391,97
-66,-221,0,86,372,92
-68,-221,-3,91,351,88
-67,-219,-1,94,335,84
-71,-215,-10,95,319,80
-67,-212,-5,96,306,75
-65,-208,-5,90,296,70
-60,-210,2,80,288,66
-60,-208,3,62,281,58
-53,-214,-3,38,275,49
-49,-209,1,15,269,39
-46,-215,7,-9,265,32
-43,-216,8,-25,261,24
-38,-223,8,-35,258,16
-36,-225,11,-47,260,4
-34,-226,9,-55,263,-6
-32,-231,9,-59,271,-17
-32,-232,10,-61,278,-27
-35,-233,12,-60,289,-36
-34,-233,17,-58,298,-42
-36,-236,18,-55,306,-45
-34,-233,20,-53,314,-44
-37,-235,21,-53,318,-42
-43,-235,22,-56,321,-37
-44,-235,28,-60,324,-35
-49,-239,29,-63,325,-35
-51,-240,32,-65,327,-40
-53,-243,36,-62,328,-48
-56,-243,40,-54,328,-51
-56,-247,37,-43,326,-53
-57,-250,39,-27,324,-53
-58,-248,38,-11,323,-51
-55,-249,36,2,325,-49
-57,-244,40,14,328,-45
-54,-242,34,22,329,-39
-51,-247,34,25,331,-36
-51,-242,32,27,329,-38
-48,-242,31,32,326,-41
-49,-240,29,33,322,-51
-54,-241,28,36,318,-60
-60,-240,24,40,310,-66
-53,-243,18,42,296,-71
-57,-244,17,41,281,-79
-55,-245,14,30,280,-92
-43,-248,12,13,294,-105
-33,-251,13,-14,321,-116
-36,-252,17,-41,354,-122
-33,-261,26,-63,376,-118
-35,-265,28,-74,380,-107
-37,-273,31,-72,369,-86
-43,-281,37,-60,357,-57
-47,-284,39,-46,349,-24
-61,-286,45,-30,347,17
-68,-290,50,-12,346,63
-74,-289,52,9,348,113
-76,-291,66,38,354,164
-71,-299,69,83,361,202
-66,-289,76,146,375,230
-60,-281,80,215,386,250
-55,-277,73,273,395,259
-52,-273,68,308,400,266
-47,-276,60,296,408,270
-39,-277,46,259,424,269
-38,-279,43,219,446,266
-32,-284,39,194,461,259
-34,-284,38,192,473,246
-35,-279,28,213,483,225
-39,-276,23,232,495,204
-47,-272,16,236,503,188
-48,-271,11,229,502,173
-54,-268,7,214,489,160
-60,-266,0,195,465,140
-68,-263,0,175,432,122
-79,-265,-18,155,396,111
-86,-263,-24,132,357,104
-101,-262,-35,113,313,105
-107,-264,-47,96,269,111
-112,-267,-51,86,223,129
-111,-273,-52,79,172,156
-116,-274,-60,62,118,195
-112,-276,-68,39,58,238
-105,-279,-66,20,2,282
-100,-277,-64,2,-43,321
-93,-277,-64,-10,-81,359
-76,-278,-55,-11,-108,389
-57,-276,-50,-6,-124,406
-33,-273,-44,15,-120,402
-18,-268,-39,53,-94,372
0,-268,-41,99,-54,321
8,-266,-33,136,-22,250
15,-262,-25,166,-18,171
25,-258,-28,188,-39,94
34,-252,-37,198,-67,26
39,-247,-41,189,-84,-39
37,-248,-40,166,-86,-96
33,-249,-35,131,-75,-139
29,-256,-27,99,-53,-165
26,-265,-16,82,-29,-181
18,-268,-14,78,-2,-189
6,-272,-4,89,24,-199
-3,-276,-5,113,41,-212
-13,-271,-2,151,48,-235
-30,-256,-5,191,43,-268
-37,-249,-14,218,27,-303
-45,-233,-18,213,4,-339
-51,-216,-17,179,-18,-368
-56,-203,-24,126,-42,-388
-55,-196,-26,57,-67,-407
-53,-195,-23,-28,-87,-416
-50,-195,-20,-111,-109,-412
-50,-198,-15,-177,-133,-405
-38,-205,-10,-221,-154,-399
-34,-216,-13,-244,-167,-390
-28,-227,-6,-248,-173,-379
-25,-238,-3,-234,-174,-367
-20,-249,-3,-204,-174,-361
-13,-254,1,-155,-176,-360
-14,-256,4,-112,-186,-362
-10,-256,3,-71,-201,-367
-12,-257,1,-31,-217,-372
-8,-249,-2,4,-229,-372
-9,-241,-4,25,-234,-367
-4,-236,-4,28,-237,-358

