-.-.-
4,-233,-73,38,20,-11
1,-234,-73,41,19,-12
3,-237,-72,43,19,-12
4,-238,-73,47,19,-14
2,-235,-74,48,19,-13
1,-229,-80,47,20,-11
2,-233,-76,45,22,-12
6,-234,-75,45,21,-12
4,-233,-79,42,21,-12
4,-234,-71,41,20,-11
5,-235,-71,41,20,-12
4,-238,-76,42,18,-11
4,-240,-71,43,16,-10
5,-236,-72,43,16,-10
5,-237,-72,45,17,-9
4,-242,-75,47,17,-7
0,-238,-65,46,17,-8
3,-238,-70,46,17,-8
2,-233,-75,46,19,-7
2,-237,-73,45,20,-11
1,-235,-73,43,18,-9
5,-237,-72,42,18,-11
3,-237,-72,41,17,-11
6,-236,-72,42,18,-12
2,-238,-72,43,16,-13
1,-240,-70,44,14,-13
2,-232,-74,45,13,-13
2,-237,-75,45,12,-13
3,-237,-71,46,10,-14
2,-240,-75,45,8,-14
3,-238,-73,45,9,-13
3,-235,-73,45,9,-14
5,-238,-73,45,8,-13
5,-237,-75,44,10,-13
3,-233,-77,46,9,-12
4,-235,-78,48,9,-12
5,-238,-71,47,10,-11
2,-239,-80,51,11,-11
4,-238,-73,50,11,-11
4,-237,-71,50,12,-10
4,-235,-75,50,12,-9
4,-238,-75,52,12,-8
4,-236,-72,50,12,-8
2,-237,-73,48,13,-8
7,-236,-73,48,12,-7
5,-238,-69,47,12,-8
2,-236,-78,47,14,-8
4,-237,-73,46,12,-10
2,-235,-75,46,13,-10
6,-235,-74,46,12,-10
4,-239,-74,46,10,-12
7,-234,-73,46,10,-13
7,-239,-74,44,9,-12
2,-235,-73,45,8,-11
3,-235,-74,45,7,-13
3,-237,-77,43,7,-12
3,-235,-73,44,7,-11
4,-237,-75,43,5,-10
6,-238,-76,42,4,-10
10,-234,-80,44,4,-9
1,-235,-75,46,4,-9
4,-237,-74,50,2,-9
3,-238,-71,52,1,-9
5,-235,-75,57,2,-8
4,-238,-73,58,3,-8
4,-233,-73,58,5,-7
5,-237,-74,57,8,-7
5,-235,-77,54,10,-6
3,-237,-73,51,14,-5
4,-235,-71,49,16,-4
1,-243,-75,46,17,-3
8,-234,-73,45,20,-1
6,-229,-73,44,20,2
9,-234,-72,42,19,4
10,-236,-73,43,17,9
8,-235,-66,42,12,10
7,-234,-67,44,5,15
3,-238,-64,46,-4,16
2,-236,-70,50,-11,19
4,-239,-66,53,-17,19
3,-242,-67,56,-23,21
4,-242,-68,56,-28,21
4,-238,-68,57,-28,20
6,-239,-68,57,-27,18
6,-238,-66,56,-28,18
4,-238,-68,55,-25,16
6,-236,-66,55,-21,12
5,-235,-71,56,-17,13
6,-237,-66,57,-15,16
6,-232,-68,57,-13,17
6,-234,-69,57,-15,21
12,-239,-69,59,-16,27
7,-226,-68,60,-20,30
10,-236,-65,62,-24,34
7,-236,-67,65,-32,35
11,-240,-66,70,-43,35
9,-242,-64,71,-52,33
11,-248,-69,70,-55,28
7,-246,-73,66,-56,21
6,-247,-72,61,-49,14
6,-252,-71,55,-42,4
4,-250,-72,50,-34,-6
3,-251,-73,48,-24,-15
7,-252,-69,46,-16,-22
1,-246,-69,46,-10,-27
2,-245,-71,45,-6,-30
6,-249,-69,46,-5,-30
6,-247,-69,49,-7,-28
4,-243,-68,53,-6,-23
4,-245,-68,61,-10,-19
6,-239,-66,71,-13,-17
9,-238,-68,80,-17,-13
11,-235,-66,88,-20,-6
10,-232,-64,89,-22,-5
11,-229,-64,91,-22,-5
15,-228,-71,91,-22,-4
15,-224,-71,81,-19,-3
12,-219,-69,67,-18,-4
13,-217,-65,43,-12,-7
16,-220,-69,17,-7,-11
14,-219,-66,2,-8,-12
16,-219,-66,-14,-7,-10
19,-223,-71,-35,-3,-11
13,-225,-70,-66,2,-12
16,-219,-66,-92,9,-10
16,-227,-69,-98,11,-8
14,-226,-73,-104,14,-7
16,-227,-76,-115,21,-2
14,-229,-79,-135,28,0
14,-229,-73,-152,29,2
18,-231,-72,-148,30,6
14,-235,-74,-142,27,10
16,-232,-79,-143,28,13
15,-234,-78,-144,27,18
13,-232,-76,-136,25,22
16,-238,-76,-129,24,27
17,-234,-73,-123,23,32
13,-232,-78,-124,23,38
14,-236,-75,-115,23,46
13,-237,-80,-107,22,51
14,-239,-81,-100,20,53
14,-237,-78,-91,19,56
15,-240,-79,-85,19,58
13,-237,-78,-83,19,56
10,-239,-76,-70,16,54
12,-236,-75,-53,8,49
9,-232,-78,-45,4,45
12,-237,-81,-53,-2,40
8,-237,-79,-64,-5,39
7,-233,-77,-78,-8,34
2,-236,-74,-95,-14,30
2,-237,-77,-110,-21,28
4,-236,-79,-125,-28,26
5,-236,-74,-136,-37,23
6,-237,-81,-147,-45,22
1,-235,-84,-157,-56,26
0,-233,-83,-171,-72,30
-1,-235,-90,-188,-91,33
-1,-228,-87,-206,-115,39
-2,-225,-88,-228,-141,44
-5,-226,-89,-250,-170,54
-9,-221,-93,-274,-204,62
-10,-218,-94,-299,-237,69
-13,-217,-98,-323,-272,74
-16,-215,-96,-344,-304,77
-18,-212,-97,-357,-333,77
-18,-211,-98,-365,-356,74
-21,-210,-95,-362,-374,69
-28,-213,-97,-352,-382,59
-30,-210,-85,-333,-386,48
-35,-210,-84,-311,-389,33
-37,-215,-68,-286,-390,13
-42,-217,-61,-258,-389,-7
-45,-220,-53,-239,-385,-31
-48,-226,-43,-218,-377,-53
-50,-229,-35,-186,-365,-67
-35,-238,-36,-168,-351,-83
-24,-249,-45,-161,-330,-97
-15,-248,-48,-181,-300,-105
-11,-266,-52,-199,-268,-112
-1,-264,-54,-211,-241,-114
2,-270,-57,-223,-218,-114
7,-274,-64,-230,-197,-111
13,-280,-65,-247,-172,-108
19,-281,-62,-276,-145,-98
22,-283,-62,-278,-122,-81
21,-286,-61,-253,-108,-61
20,-288,-55,-233,-98,-42
24,-290,-55,-208,-91,-19
30,-288,-58,-185,-85,2
31,-287,-64,-177,-76,20
29,-282,-62,-184,-65,41
25,-281,-60,-177,-59,66
26,-275,-65,-152,-52,87
25,-275,-64,-130,-45,108
19,-270,-67,-113,-33,127
14,-267,-68,-104,-22,146
9,-260,-62,-80,-13,163
7,-257,-66,-43,-14,180
-2,-249,-67,-7,-20,196
-3,-243,-71,17,-24,212
-8,-238,-70,22,-31,226
-11,-233,-67,19,-37,240
-18,-225,-69,13,-46,248
-17,-223,-65,3,-57,252
-21,-216,-62,-9,-67,252
-26,-215,-61,-22,-80,249
-29,-215,-57,-32,-91,243
-31,-213,-52,-37,-99,234
-31,-209,-62,-38,-103,223
-35,-207,-56,-38,-104,214
-33,-211,-53,-36,-102,200
-35,-204,-55,-34,-97,190
-34,-205,-57,-32,-91,179
-36,-204,-62,-32,-83,168
-36,-206,-59,-31,-76,159
-36,-209,-61,-33,-70,149
-35,-208,-57,-34,-64,141
-32,-211,-56,-37,-61,133
-34,-215,-60,-39,-59,125
-29,-219,-58,-36,-59,119
-24,-224,-57,-32,-63,113
-33,-222,-63,-31,-67,105
-27,-227,-61,-26,-73,98
-24,-235,-61,-17,-78,89
-20,-237,-64,-9,-80,78
-17,-240,-60,-6,-81,70
-17,-240,-58,-5,-78,59
-16,-241,-59,-1,-74,48
-11,-246,-61,-1,-69,36
-10,-245,-57,3,-64,28
-7,-248,-58,9,-59,21
-7,-242,-56,16,-52,13
-9,-247,-47,40,-45,5
-5,-241,-53,68,-39,-1
-3,-239,-48,92,-31,-9
-6,-237,-51,113,-21,-19
-6,-233,-50,131,-13,-27
-6,-235,-51,139,-6,-39
-5,-231,-53,134,5,-47
-8,-230,-55,126,13,-53
-12,-225,-47,111,16,-62
-14,-225,-56,89,16,-72
-14,-224,-59,62,12,-81
-15,-231,-57,25,7,-92
-14,-235,-52,-20,4,-103
-16,-233,-45,-44,2,-108
-16,-240,-43,-55,-4,-106
-12,-249,-46,-62,-2,-105
-12,-254,-45,-74,3,-100
-10,-254,-42,-85,12,-93
-5,-260,-42,-75,16,-85
-8,-259,-43,-55,21,-78
-4,-263,-37,-44,30,-68
-6,-268,-39,-31,41,-62
-5,-264,-41,-9,46,-53
-7,-267,-35,12,47,-47
-7,-268,-40,44,41,-41
-11,-268,-45,59,32,-38
-18,-263,-46,68,17,-33
-26,-265,-49,103,-7,-28
-38,-265,-61,136,-37,-22
-43,-269,-67,148,-66,-17
-42,-268,-77,129,-100,-11
-48,-277,-88,101,-137,5
-30,-288,-111,56,-185,31
-31,-289,-115,-10,-230,63
-28,-307,-112,-67,-265,103
-30,-321,-99,-81,-292,145
-31,-332,-82,-50,-320,187
-35,-344,-66,23,-358,236
-32,-354,-65,102,-411,282
-32,-349,-65,155,-476,317
-32,-347,-74,185,-542,338
-33,-345,-75,181,-578,356
-32,-333,-83,164,-567,363
-35,-322,-105,170,-507,352
-42,-304,-112,192,-419,307
-43,-286,-127,235,-320,230
-46,-268,-138,292,-212,124
-50,-245,-151,331,-95,8
-53,-227,-155,336,30,-90
-47,-217,-154,291,146,-158
-41,-214,-147,204,241,-208
-36,-216,-149,93,318,-246
-32,-206,-138,-27,371,-269
-23,-208,-133,-134,395,-275
-17,-201,-133,-229,399,-263
-1,-200,-133,-315,399,-232
10,-192,-129,-391,403,-200
21,-192,-127,-446,410,-162
27,-191,-124,-476,419,-117
26,-187,-125,-482,421,-68
25,-191,-125,-469,405,-20
23,-192,-125,-440,365,23
23,-192,-122,-395,308,66
23,-195,-126,-336,246,91
22,-200,-123,-260,191,106
20,-197,-118,-168,151,114
15,-198,-118,-69,145,110
10,-204,-112,31,158,101
2,-205,-105,143,175,84
-2,-205,-103,220,194,66
-11,-204,-109,275,214,47
-16,-205,-104,304,234,24
-17,-203,-109,306,256,-1
-14,-206,-116,291,281,-28
-14,-203,-115,259,307,-55
-19,-206,-123,213,329,-86
-9,-212,-116,164,349,-117
-1,-213,-122,114,367,-151
-2,-213,-122,61,390,-180
4,-212,-124,11,415,-208
8,-218,-123,-31,438,-230
12,-212,-122,-69,462,-249
17,-214,-120,-100,488,-260
22,-209,-114,-121,512,-262
25,-211,-112,-134,535,-262
21,-215,-108,-146,550,-254
26,-212,-104,-155,555,-249
23,-213,-95,-162,548,-241
22,-212,-89,-162,534,-232
22,-212,-89,-159,517,-223
19,-212,-90,-148,497,-213
16,-214,-83,-130,476,-202
11,-208,-80,-108,459,-190
7,-209,-81,-82,446,-179
6,-204,-82,-53,438,-170
8,-198,-84,-21,432,-159
3,-194,-81,12,428,-150
5,-194,-81,43,423,-143
3,-191,-86,70,413,-142
5,-184,-82,93,401,-136
6,-183,-81,107,390,-129
7,-182,-79,121,381,-118
10,-176,-78,126,370,-105
10,-178,-78,127,363,-91
16,-180,-81,121,356,-74
16,-177,-78,105,353,-58
20,-184,-73,85,349,-44
22,-187,-76,61,342,-31
22,-179,-77,37,335,-20
22,-191,-74,15,325,-8
23,-192,-82,-9,311,6
21,-194,-83,-38,297,17
25,-198,-79,-69,282,31
21,-201,-83,-97,269,42
17,-204,-82,-123,254,52
15,-207,-76,-139,239,60
15,-211,-81,-146,222,68
16,-212,-76,-144,202,71
13,-211,-74,-140,178,69
10,-214,-71,-135,152,67
9,-218,-65,-125,120,60
7,-222,-59,-110,84,52
2,-227,-49,-89,43,45
0,-230,-46,-64,1,35
-1,-237,-42,-28,-43,26
-7,-239,-31,16,-87,14
-5,-245,-23,71,-134,13
-4,-252,-18,138,-176,11
-11,-252,-22,216,-212,16
-10,-257,-17,302,-237,22
-11,-253,-27,385,-257,27
-7,-257,-31,461,-276,36
1,-254,-38,523,-289,46
7,-256,-42,565,-291,59
20,-260,-49,585,-274,65
24,-258,-58,587,-232,76
26,-257,-66,573,-159,83
34,-250,-78,536,-67,90
51,-242,-90,476,34,100
65,-233,-94,385,131,103
78,-234,-93,270,221,103
88,-243,-71,153,291,90
87,-257,-49,71,324,62
81,-269,-33,33,322,27
72,-283,-18,38,294,-3
62,-294,-6,64,250,-35
45,-304,-3,101,186,-66
36,-311,-15,143,131,-92
25,-316,-28,192,72,-115
8,-324,-64,240,14,-136
-1,-326,-102,258,-35,-163
-14,-324,-172,207,-68,-184
-19,-322,-217,91,-22,-225
-16,-333,-243,-46,135,-270
5,-341,-223,-132,376,-334
14,-339,-205,-113,606,-402
27,-337,-186,-27,776,-454
39,-334,-167,62,889,-497
41,-337,-146,113,951,-514
48,-334,-137,120,975,-524
46,-324,-136,102,953,-533
50,-318,-142,77,890,-528
47,-310,-148,66,796,-505
39,-284,-151,93,677,-460
31,-271,-156,173,515,-404
18,-253,-177,272,307,-351
1,-233,-188,353,74,-301
-27,-215,-189,408,-159,-247
-64,-210,-189,452,-369,-188
-86,-209,-193,481,-542,-120
-106,-218,-185,495,-667,-50
-104,-227,-177,497,-735,1
-101,-234,-169,501,-749,34
-92,-240,-157,501,-704,47
-80,-243,-147,503,-612,47
-66,-238,-135,497,-499,34
-53,-235,-126,488,-392,8
-39,-223,-124,470,-308,-30
-32,-214,-122,445,-249,-76
-9,-207,-129,406,-202,-122
3,-200,-133,343,-154,-166
10,-198,-131,270,-104,-198
26,-196,-124,196,-66,-214
29,-195,-123,131,-53,-220
45,-198,-116,90,-64,-215
56,-196,-109,72,-90,-193
63,-202,-104,78,-125,-148
69,-202,-107,99,-161,-85
72,-201,-104,121,-194,-12
76,-202,-106,139,-218,68
74,-200,-114,148,-237,142
68,-202,-111,149,-250,206
63,-199,-112,151,-255,253
55,-201,-115,151,-253,291
49,-191,-120,147,-245,321
26,-190,-113,134,-224,348
13,-187,-112,119,-189,373
7,-185,-109,100,-150,395
-2,-178,-100,81,-109,407
-6,-180,-95,61,-70,411
-13,-172,-88,46,-37,406
-16,-165,-82,38,-13,394
-17,-166,-76,38,4,377
-18,-164,-75,50,20,355
-25,-162,-74,72,30,334
-26,-151,-73,104,42,314
-26,-149,-65,143,55,287
-26,-147,-69,182,75,261
-27,-143,-74,217,96,234
-26,-143,-77,241,118,206
-27,-142,-72,250,142,179
-26,-146,-72,248,162,153
-25,-149,-77,241,180,131
-25,-151,-77,229,192,113
-25,-157,-72,209,199,99
-23,-162,-77,190,196,92
-24,-172,-68,173,186,85
-19,-176,-73,153,174,80
-17,-180,-71,134,159,75
-18,-185,-72,107,148,63
-18,-192,-68,81,140,50
-12,-195,-63,71,137,35
-11,-203,-61,72,136,16
-2,-207,-52,80,139,-4
0,-214,-51,95,148,-23
3,-220,-42,128,156,-43
4,-226,-45,161,164,-65
2,-227,-42,197,169,-90
6,-230,-37,232,172,-114
7,-239,-36,269,173,-135
6,-238,-39,306,178,-157
9,-242,-35,341,185,-173
4,-245,-37,374,193,-186
0,-243,-37,403,199,-189
2,-245,-46,427,207,-189
4,-241,-48,443,214,-185
2,-237,-46,454,223,-177
2,-234,-49,455,230,-168
6,-229,-48,454,236,-156
6,-229,-46,450,241,-144
7,-225,-45,438,250,-132
12,-224,-41,418,260,-119
15,-222,-44,393,271,-104
19,-218,-43,352,287,-83
24,-218,-41,297,305,-62
26,-221,-35,226,323,-40
29,-228,-40,148,339,-16
35,-236,-38,63,349,6
32,-240,-33,-11,351,31
40,-252,-30,-71,344,56
31,-260,-40,-121,330,81
19,-270,-43,-144,299,104
4,-277,-43,-147,249,128
-6,-287,-46,-129,185,162
-17,-290,-39,-91,130,208
-21,-299,-38,-32,105,254
-23,-305,-24,42,113,295
-25,-307,-14,110,150,326
-22,-314,7,177,205,347
-19,-317,7,238,269,358
-15,-320,15,286,333,364
-7,-318,23,313,396,365
-1,-322,24,323,450,363
0,-318,24,313,495,361
10,-316,18,289,532,357
18,-312,1,252,556,350
16,-302,-14,197,566,339
14,-290,-52,119,554,298
11,-283,-84,5,504,257
2,-273,-151,-135,417,236
-12,-272,-218,-304,288,226
-39,-273,-257,-471,115,277
-63,-296,-246,-566,-51,377
-73,-320,-212,-545,-160,471
-89,-345,-153,-406,-226,548
-95,-352,-117,-205,-286,592
-107,-351,-101,-21,-358,625
-116,-342,-108,90,-439,657
-130,-328,-132,132,-517,685
-138,-314,-157,125,-575,719
-126,-295,-178,108,-597,752
-106,-274,-190,119,-552,766
-82,-257,-192,155,-421,739
-48,-234,-187,214,-219,659
-38,-207,-184,268,-2,549
-39,-190,-183,287,178,441
-36,-182,-182,266,300,339
-23,-177,-183,199,359,256
-4,-176,-183,88,379,201
27,-181,-170,-41,387,171
55,-190,-158,-158,400,155
64,-203,-135,-249,408,143
68,-214,-129,-305,388,124
68,-225,-119,-328,337,106
65,-239,-108,-316,266,93
59,-243,-108,-271,202,89
55,-244,-109,-192,156,90
54,-251,-114,-94,140,94
42,-249,-114,13,152,97
31,-249,-113,124,184,91
17,-249,-113,230,234,73
8,-244,-111,326,273,42
9,-237,-113,410,305,-2
-6,-240,-107,475,334,-59
-13,-233,-106,505,364,-128
-13,-228,-101,481,396,-211
-13,-224,-95,418,421,-297
-12,-221,-99,332,444,-377
-16,-213,-87,226,462,-445
-19,-205,-86,117,468,-497
-14,-193,-81,16,456,-531
-15,-189,-79,-76,435,-555
-10,-177,-76,-155,411,-566
-15,-172,-73,-230,385,-570
-16,-166,-68,-301,360,-570
-18,-161,-66,-365,333,-565
-23,-160,-65,-420,303,-554
-32,-156,-58,-460,262,-540
-35,-160,-58,-477,207,-521
-42,-158,-56,-467,143,-496
-47,-156,-55,-429,66,-464
-46,-153,-55,-366,-14,-426
-43,-156,-54,-286,-95,-385
-38,-155,-54,-199,-165,-339
-28,-161,-57,-116,-222,-294
-25,-155,-54,-41,-271,-250
-15,-153,-60,23,-316,-210
-12,-154,-61,74,-358,-169
-5,-153,-62,110,-403,-125
5,-156,-65,127,-441,-81
12,-155,-67,130,-466,-46
25,-160,-70,116,-476,-13
33,-163,-73,86,-472,8
39,-169,-79,41,-461,24
42,-176,-79,-14,-446,30
43,-180,-84,-75,-428,31
48,-193,-84,-128,-410,27
49,-204,-76,-170,-391,30
46,-217,-76,-199,-374,33
45,-224,-72,-212,-355,36
45,-237,-63,-206,-336,35
42,-243,-60,-176,-318,33
41,-248,-58,-136,-308,29
36,-253,-54,-81,-307,23
35,-254,-47,-7,-319,20
32,-255,-39,79,-335,17
23,-249,-51,161,-359,16
22,-252,-38,232,-378,16
18,-252,-33,288,-399,22
8,-252,-31,336,-414,33
4,-256,-21,381,-431,46
-1,-257,-16,426,-448,55
-12,-259,-15,473,-466,69
-19,-259,-6,520,-490,80
-27,-264,-5,570,-520,83
-32,-268,-3,629,-550,88
-35,-260,-1,690,-571,81
-27,-260,-5,748,-574,86
-21,-261,-11,803,-537,85
-9,-260,-19,841,-460,75
-2,-254,-26,846,-357,47
6,-246,-44,807,-253,19
9,-235,-62,721,-149,-12
14,-225,-75,591,-48,-38
25,-215,-93,438,51,-60
42,-207,-98,275,133,-77
60,-203,-89,111,199,-92
64,-212,-80,-37,241,-106
66,-221,-54,-143,249,-120
63,-235,-17,-189,219,-139
52,-252,10,-179,157,-157
40,-262,30,-138,84,-171
30,-272,40,-88,18,-177
15,-285,43,-45,-33,-182
1,-295,47,-19,-67,-184
-2,-313,43,-8,-94,-188
-20,-321,29,-12,-114,-193
-27,-333,20,-38,-143,-200
-35,-345,2,-84,-183,-227
-41,-343,-50,-143,-249,-238
-51,-346,-120,-243,-314,-255
-51,-340,-178,-367,-339,-280
-32,-341,-249,-498,-260,-327
15,-342,-272,-570,-66,-405
65,-344,-269,-511,193,-490
92,-336,-267,-323,452,-543
102,-327,-262,-106,679,-574
102,-307,-247,59,837,-597
87,-292,-211,143,926,-607
73,-282,-172,165,952,-604
66,-270,-151,161,910,-585
64,-265,-142,142,816,-561
57,-257,-142,100,710,-534
43,-246,-137,34,615,-509
26,-242,-136,-33,518,-496
-2,-240,-131,-79,389,-508
-25,-241,-144,-112,212,-545
-56,-243,-160,-153,7,-574
-62,-245,-168,-194,-184,-565
-65,-250,-185,-223,-311,-525
-63,-245,-179,-220,-361,-471
-58,-233,-187,-183,-354,-409
-52,-222,-185,-127,-313,-342
-49,-217,-172,-66,-263,-281
-38,-216,-151,-8,-217,-223
-27,-217,-139,47,-170,-184
-11,-226,-114,99,-121,-153
-2,-227,-101,146,-74,-134
7,-229,-93,186,-44,-122
22,-230,-83,225,-33,-110
27,-230,-84,257,-33,-95
39,-226,-96,274,-31,-72
52,-224,-101,264,-20,-44
60,-219,-106,226,-1,-13
66,-215,-109,165,21,20
66,-220,-111,90,44,65
72,-213,-114,7,66,118
72,-216,-118,-95,83,174
73,-222,-111,-212,98,231
69,-219,-108,-322,108,281
61,-226,-99,-401,111,327
57,-232,-94,-447,116,359
44,-226,-94,-456,123,384
35,-218,-91,-434,139,412
30,-209,-91,-391,171,445
23,-193,-90,-340,211,477
17,-182,-84,-285,251,503
11,-168,-80,-228,277,525
3,-151,-74,-186,287,537
0,-141,-73,-164,284,540
-4,-128,-70,-157,275,530
-8,-119,-68,-159,263,510
-13,-111,-61,-166,253,480
-14,-111,-60,-167,248,449
-21,-108,-60,-161,244,410
-25,-103,-66,-145,246,366
-28,-104,-66,-129,251,320
-29,-109,-65,-114,263,273
-31,-113,-65,-98,280,221
-40,-121,-68,-82,293,173
-43,-128,-73,-76,300,126
-48,-142,-64,-79,307,82
-52,-161,-69,-81,307,44
-53,-161,-67,-92,307,11
-56,-185,-65,-107,301,-20
-57,-194,-66,-124,291,-50
-57,-205,-64,-141,280,-83
-50,-218,-59,-155,268,-105
-48,-225,-63,-156,255,-128
-41,-229,-60,-145,238,-147
-29,-240,-60,-124,217,-157
-17,-246,-52,-84,201,-162
-7,-249,-53,-23,191,-163
1,-248,-53,66,188,-165
4,-253,-48,147,187,-168
16,-248,-48,229,186,-169
19,-248,-52,311,186,-167
23,-247,-51,385,181,-164
27,-245,-46,445,174,-171
33,-249,-44,493,160,-176
30,-247,-46,527,142,-178
31,-244,-43,548,117,-178
32,-244,-41,558,86,-177
31,-246,-36,552,48,-175
23,-241,-44,535,1,-171
19,-244,-44,507,-55,-164
19,-243,-44,472,-113,-152
15,-242,-46,429,-165,-134
10,-243,-44,369,-213,-113
2,-247,-44,311,-266,-89
-16,-252,-47,261,-327,-63
-30,-256,-52,229,-407,-28
-45,-258,-54,212,-502,15
-53,-259,-55,217,-596,66
-59,-261,-59,229,-654,118
-54,-267,-42,249,-659,160
-54,-272,-50,273,-615,187
-38,-278,-33,292,-540,197
-34,-285,-23,302,-444,188
-21,-291,-9,301,-345,172
-10,-299,-4,287,-250,151
-5,-308,4,265,-163,122
1,-316,3,230,-97,92
1,-321,-5,179,-64,61
6,-327,-24,108,-62,35
16,-331,-53,19,-92,19
26,-329,-83,-98,-150,9
47,-324,-145,-249,-228,17
66,-320,-202,-444,-325,34
76,-309,-228,-638,-435,92
76,-317,-230,-763,-502,186
53,-324,-195,-793,-543,269
25,-341,-171,-715,-559,396
-7,-345,-148,-576,-549,522
-22,-352,-142,-441,-551,596
-38,-351,-151,-313,-548,651
-54,-335,-165,-201,-526,685
-64,-305,-182,-100,-496,689
-56,-270,-183,4,-440,667
-39,-243,-183,111,-313,617
-33,-220,-182,202,-93,541
-37,-189,-178,248,186,450
-55,-160,-172,236,448,362
-61,-146,-168,162,634,287
-59,-134,-153,37,718,235
-31,-134,-139,-115,716,201
-1,-134,-132,-269,666,190
30,-145,-130,-407,610,198
40,-156,-126,-512,552,210
43,-163,-121,-579,475,221
38,-171,-117,-611,371,230
36,-175,-118,-611,242,246
31,-181,-115,-589,109,272
32,-189,-119,-548,-4,298
25,-195,-122,-490,-90,319
22,-201,-122,-420,-145,334
14,-212,-122,-341,-168,340
5,-225,-122,-255,-161,336
-3,-224,-116,-160,-129,316
-8,-238,-112,-51,-71,265
-18,-242,-110,66,1,209
-26,-249,-108,180,82,140
-31,-248,-113,278,183,61
-32,-243,-117,340,261,-23
-27,-240,-119,346,332,-111
-24,-236,-114,290,386,-201
-22,-230,-114,199,414,-279
-25,-224,-107,71,422,-352
-19,-220,-95,-72,408,-409
-15,-215,-88,-202,387,-449
-10,-209,-79,-304,362,-469
-5,-201,-76,-382,332,-476
-3,-192,-72,-438,298,-472
-3,-187,-68,-479,258,-465
0,-185,-63,-496,212,-453
0,-178,-60,-483,159,-436
1,-170,-56,-442,97,-418
1,-165,-60,-385,26,-398
3,-152,-57,-318,-48,-373
8,-149,-60,-250,-118,-345
9,-137,-63,-187,-177,-316
14,-136,-62,-132,-223,-285
14,-129,-66,-89,-256,-253
19,-130,-66,-55,-275,-216
22,-128,-65,-32,-283,-182
31,-129,-66,-16,-284,-146
31,-132,-69,-5,-278,-115
31,-136,-68,2,-272,-81
39,-144,-66,4,-268,-50
39,-147,-69,-3,-262,-25
40,-156,-70,-14,-253,-3
37,-170,-76,-36,-245,10
38,-178,-67,-64,-244,17
37,-191,-68,-92,-250,18
34,-207,-64,-117,-263,12
26,-229,-61,-129,-285,5
21,-238,-56,-123,-314,-3
12,-257,-51,-92,-351,-11
4,-274,-41,-39,-394,-21
-4,-286,-36,35,-439,-27
-11,-294,-26,127,-489,-31
-9,-304,-32,240,-532,-25
-13,-301,-45,352,-535,-10
-14,-291,-54,442,-491,-6
-12,-281,-63,498,-424,-8
-2,-275,-73,521,-346,-11
0,-270,-72,521,-267,-19
0,-265,-73,504,-193,-41
0,-266,-73,471,-133,-73
-1,-265,-74,434,-81,-108
1,-255,-77,398,-36,-134
13,-249,-77,354,11,-150
17,-235,-82,291,67,-160
30,-227,-72,206,122,-171
34,-232,-57,109,161,-184
30,-236,-45,20,164,-197
22,-248,-23,-45,124,-212
12,-257,-8,-83,53,-223
5,-266,-4,-98,-31,-228
1,-278,-4,-95,-103,-226
0,-283,-13,-86,-147,-225
-2,-291,-28,-82,-171,-228
-10,-290,-58,-100,-184,-236
-18,-289,-102,-153,-201,-246
-29,-285,-175,-238,-218,-254
-31,-275,-240,-353,-221,-282
-17,-280,-313,-494,-183,-316
2,-282,-345,-618,-73,-382
26,-280,-335,-663,53,-456
41,-273,-323,-596,146,-522
40,-260,-306,-458,205,-550
36,-247,-285,-317,256,-557
25,-236,-260,-233,346,-539
26,-221,-220,-225,456,-516
16,-220,-174,-241,571,-493
1,-221,-128,-231,659,-474
-4,-226,-110,-169,695,-461
3,-227,-116,-111,676,-464
16,-223,-138,-99,623,-479
11,-217,-149,-129,573,-495
2,-208,-168,-173,530,-508
-25,-209,-176,-207,475,-521
-47,-207,-181,-231,402,-526
-52,-209,-185,-251,324,-513
-48,-222,-179,-255,259,-480
-22,-222,-172,-242,228,-420
1,-222,-167,-204,236,-336
28,-221,-159,-144,272,-229
49,-223,-158,-79,319,-107
72,-221,-146,-30,362,13
89,-222,-136,-10,378,120
99,-224,-127,-10,363,207
98,-220,-122,-28,322,279
92,-213,-116,-61,275,344
80,-204,-110,-104,246,401
68,-201,-101,-145,248,460
61,-194,-101,-174,277,518
52,-188,-93,-190,314,567
46,-184,-100,-208,350,603
42,-178,-101,-249,379,621
35,-179,-96,-320,389,618
27,-177,-104,-407,385,592
22,-180,-102,-496,369,548
14,-182,-95,-554,340,497
1,-179,-86,-560,302,443
-15,-174,-83,-515,260,391
-34,-172,-84,-444,220,344
-44,-158,-87,-359,180,313
-52,-146,-90,-277,146,311
-62,-127,-91,-208,111,338
-67,-107,-93,-160,86,385
-82,-99,-72,-131,68,435
-88,-98,-57,-126,50,493
-87,-99,-43,-139,31,539
-76,-100,-25,-156,9,564
-65,-100,-5,-145,21,590
-49,-92,0,-114,65,625
-26,-96,-3,-108,107,654
17,-100,12,-141,113,657
63,-106,6,-216,90,650
85,-108,-9,-326,65,657
89,-116,-32,-471,41,684
81,-127,-69,-617,10,698
61,-132,-130,-716,-20,636
48,-127,-214,-745,-30,509
36,-109,-290,-718,22,346
32,-93,-325,-673,142,204
29,-90,-317,-620,329,156
19,-136,-257,-563,501,203
10,-196,-197,-506,547,301
19,-236,-171,-446,476,423
22,-248,-170,-430,334,504
19,-254,-189,-503,188,567
27,-259,-211,-660,94,639
39,-273,-222,-831,72,726
62,-302,-227,-956,96,818
61,-320,-219,-1013,122,888
69,-354,-208,-998,107,928
69,-399,-201,-931,56,961
56,-443,-208,-843,-23,1005
39,-475,-212,-765,-104,1082
1,-510,-239,-702,-179,1137
-37,-530,-266,-656,-241,1188
-82,-546,-291,-641,-276,1158
-119,-552,-295,-638,-307,1069
-136,-553,-293,-623,-326,949
-135,-547,-283,-594,-334,842
-114,-541,-269,-599,-316,752
-108,-523,-245,-631,-275,660
-93,-503,-218,-672,-237,561
-87,-484,-198,-699,-198,461
-74,-454,-172,-716,-160,368
-57,-418,-142,-714,-116,269
-43,-380,-117,-686,-70,166
-29,-343,-88,-638,-28,76
-25,-316,-71,-589,5,-22
-27,-280,-55,-570,22,-127
-40,-240,-34,-593,33,-237
-50,-191,-21,-671,37,-334
-54,-152,-8,-821,58,-408
-58,-105,1,-1060,115,-441
-63,-80,16,-1397,194,-432
-56,-90,19,-1790,254,-402
-51,-122,18,-2138,262,-386
-47,-152,18,-2303,256,-386
-39,-178,15,-2176,299,-377
-33,-178,8,-1764,400,-363
-24,-149,0,-1179,507,-344
-19,-118,-3,-589,549,-319
-11,-105,6,-135,485,-307
7,-99,30,135,341,-302
28,-92,61,285,191,-283
49,-90,80,380,95,-245
63,-78,100,470,82,-203
72,-62,116,574,141,-184
79,-39,118,683,242,-197
78,-6,117,774,344,-237
81,19,103,830,421,-293
80,30,88,850,472,-364
76,52,63,851,513,-457
63,69,26,844,556,-546
36,77,4,834,601,-621
0,97,-23,845,635,-678
-27,105,-35,895,651,-669
-56,99,-51,972,659,-604
-77,92,-63,1032,673,-551
-87,86,-84,1063,680,-521
-93,86,-125,1078,658,-501
-79,83,-159,1085,591,-503
-103,84,-250,1085,468,-523
-226,91,-364,1049,283,-504
-411,85,-527,910,-30,-404
-505,56,-596,640,-636,-245
-419,-34,-573,358,-1510,-73
-172,-191,-376,250,-2147,219
-30,-358,-214,476,-2112,656
8,-494,-141,847,-1818,1112
6,-554,-130,1073,-1757,1485
20,-557,-181,1056,-1962,1721
55,-501,-263,827,-2224,1785
130,-448,-339,474,-2344,1739
184,-423,-398,101,-2246,1491
165,-413,-429,-222,-1976,1020
88,-439,-448,-405,-1561,520
11,-503,-412,-454,-1034,158
-55,-548,-376,-373,-521,-81
-87,-549,-349,-183,-113,-306
-114,-515,-310,16,153,-529
-121,-467,-294,159,262,-710
-117,-419,-274,246,236,-825
-114,-366,-258,344,130,-871
-106,-318,-243,493,14,-869
-103,-255,-215,693,-84,-829
-94,-197,-197,893,-173,-779
-92,-167,-168,1039,-255,-715
-83,-146,-139,1115,-355,-639
-72,-131,-126,1120,-441,-563
-48,-125,-115,1046,-510,-507
-23,-114,-124,838,-536,-485
-5,-100,-143,552,-516,-515
-3,-91,-166,153,-462,-583
-9,-88,-166,-337,-394,-666
0,-102,-163,-849,-316,-743
6,-131,-147,-1303,-217,-798
4,-171,-125,-1645,-95,-838
10,-206,-114,-1863,42,-862
10,-256,-102,-1960,176,-879
16,-301,-100,-1957,287,-904
21,-334,-113,-1873,363,-938
23,-358,-121,-1728,413,-973
27,-367,-135,-1525,435,-1008
24,-376,-144,-1277,434,-1041
17,-369,-146,-1016,429,-1054
9,-362,-143,-743,419,-1048
8,-351,-136,-455,402,-1021
10,-335,-128,-155,375,-961
9,-304,-116,148,340,-889
8,-268,-106,429,298,-788
16,-232,-92,667,255,-679
29,-194,-83,839,207,-592
34,-169,-77,930,166,-532
38,-144,-67,938,150,-501
51,-115,-65,876,164,-499
55,-95,-54,733,203,-498
65,-84,-49,537,276,-503
70,-64,-37,326,375,-521
74,-55,-29,132,488,-541
71,-48,-20,-33,604,-546
64,-46,-8,-152,712,-540
53,-51,-3,-222,798,-513
42,-54,1,-250,850,-468
27,-63,10,-241,866,-394
14,-72,26,-190,847,-293
-4,-80,27,-97,799,-179
-15,-88,36,17,729,-56
-29,-95,39,142,634,65
-38,-106,39,279,516,181
-38,-116,44,431,379,278
-40,-122,41,595,241,356
-32,-126,37,789,137,430
-27,-124,43,1009,75,483
-23,-117,40,1246,54,514
-10,-111,41,1482,51,525
0,-103,42,1681,44,513
10,-96,28,1821,14,482
16,-87,8,1878,-37,440
23,-66,-39,1868,-100,413
19,-25,-151,1796,-168,407
9,9,-213,1663,-224,468
27,43,-369,1518,-266,571
90,75,-600,1293,-276,589
186,116,-850,778,-68,456
223,119,-913,-76,475,188
180,58,-740,-967,1096,-111
109,-185,-320,-1433,1538,-299
94,-488,100,-1278,1690,-376
90,-679,240,-529,1576,-474
58,-718,191,407,1501,-602
11,-679,10,1101,1710,-695
-54,-565,-212,1312,1919,-877
-207,-449,-377,985,1799,-1205
-336,-384,-388,339,1346,-1442
-276,-335,-344,-198,801,-1362
-119,-293,-322,-321,440,-1058
-50,-315,-310,-154,348,-573
-16,-354,-285,38,289,-221
11,-385,-247,215,97,8
26,-383,-240,471,-276,162
50,-367,-241,797,-621,282
83,-334,-257,1139,-871,356
99,-300,-278,1508,-961,370
93,-268,-282,1726,-904,334
81,-249,-273,1808,-746,271
55,-226,-238,1774,-554,187
17,-211,-191,1660,-401,109
-19,-213,-161,1490,-327,52
-39,-218,-147,1256,-322,11
-46,-228,-141,965,-343,-21
-31,-229,-153,641,-343,-39
-15,-241,-166,300,-309,-39
-2,-257,-171,-65,-249,-46
-4,-267,-172,-447,-187,-55
-1,-258,-181,-778,-126,-23
8,-240,-191,-1010,-71,88
21,-249,-177,-1150,-65,220
26,-272,-159,-1201,-135,322
29,-294,-144,-1184,-229,398
31,-320,-132,-1141,-288,442
30,-347,-127,-1074,-312,453
29,-361,-126,-952,-335,457
29,-367,-134,-764,-376,457
28,-365,-136,-521,-428,450
34,-356,-136,-252,-470,423
35,-336,-131,14,-498,370
33,-313,-118,249,-517,297
31,-286,-110,440,-524,207
24,-250,-89,579,-526,109
17,-213,-76,660,-516,16
2,-176,-64,689,-490,-57
-9,-145,-46,666,-453,-101
-15,-128,-30,598,-412,-122
-33,-106,-16,493,-377,-122
-48,-91,-7,368,-357,-105
-57,-85,4,231,-351,-83
-60,-88,16,108,-352,-53
-58,-89,15,17,-349,-18
-53,-87,17,-44,-333,20
-43,-86,21,-77,-305,63
-33,-82,15,-86,-268,116
-16,-80,11,-89,-222,171
3,-74,9,-94,-163,229
20,-72,12,-106,-90,287
43,-82,13,-102,-8,318
57,-97,22,-58,67,321
65,-103,28,41,128,297
69,-110,30,183,170,257
67,-113,24,355,186,211
66,-107,11,530,164,158
58,-98,0,679,105,103
45,-87,-19,795,15,56
29,-74,-40,858,-91,13
21,-68,-67,866,-180,-13
13,-68,-86,833,-214,-30
1,-73,-110,774,-172,-32
0,-83,-123,705,-73,-26
6,-90,-151,655,54,-31
15,-91,-190,638,188,-61
10,-99,-254,643,315,-114
-13,-102,-316,628,416,-148
-62,-89,-406,547,423,-125
-126,-84,-465,367,252,-29
-205,-119,-472,76,-113,174
-221,-212,-386,-250,-565,487
-143,-310,-283,-420,-907,821
-7,-423,-183,-327,-1020,1087
58,-468,-172,-84,-1013,1242
78,-437,-204,145,-1047,1310
65,-371,-253,275,-1080,1391
70,-336,-293,317,-1023,1561
80,-310,-327,295,-861,1631
67,-311,-341,278,-652,1584
55,-333,-341,295,-426,1434
23,-353,-327,367,-264,1216
-29,-373,-281,514,-122,964
-73,-385,-233,723,1,708
-103,-381,-196,967,128,485
-123,-372,-180,1078,225,299
-127,-349,-165,1081,248,120
-131,-323,-169,981,192,-48
-133,-295,-172,809,87,-183
-121,-268,-170,608,-15,-278
-105,-249,-171,405,-83,-324
-92,-242,-162,219,-105,-333
-81,-229,-152,59,-110,-311
-57,-228,-133,-64,-118,-275
-38,-219,-125,-157,-142,-243
-14,-218,-121,-237,-173,-228
-3,-206,-118,-313,-193,-230
9,-199,-116,-397,-198,-244
18,-194,-109,-498,-192,-270
16,-189,-105,-615,-185,-300
29,-189,-107,-745,-175,-336
29,-187,-107,-885,-160,-375
32,-184,-114,-1036,-138,-410
35,-184,-108,-1188,-104,-443
36,-189,-105,-1321,-60,-471
33,-184,-103,-1411,-22,-496
33,-195,-98,-1454,6,-514
34,-204,-93,-1447,27,-534
38,-216,-87,-1392,43,-556
39,-220,-83,-1294,55,-574
41,-224,-83,-1161,66,-590
39,-224,-82,-1004,72,-603
34,-216,-83,-836,71,-608
30,-205,-87,-672,63,-606
30,-198,-82,-517,52,-597
24,-185,-80,-379,43,-577
17,-172,-75,-268,33,-551
15,-156,-71,-181,22,-518
12,-146,-65,-123,10,-485
12,-136,-62,-78,-9,-449
9,-129,-52,-49,-35,-416
10,-123,-46,-30,-67,-391
10,-125,-40,-27,-101,-374
11,-125,-33,-33,-137,-367
9,-130,-32,-54,-172,-368
5,-128,-22,-80,-203,-370
11,-148,-14,-106,-229,-373
14,-165,-6,-124,-249,-379
13,-182,-3,-122,-262,-381
12,-191,1,-89,-265,-377
7,-202,5,-24,-262,-370
2,-210,5,72,-258,-358
1,-214,9,202,-252,-338
3,-211,11,363,-249,-309
3,-205,10,536,-243,-272
5,-194,1,705,-222,-228
2,-183,-14,849,-182,-182
2,-167,-19,957,-133,-138
0,-163,-25,1026,-93,-97
-3,-151,-34,1063,-77,-53
1,-151,-40,1080,-88,2
14,-144,-47,1082,-113,71
35,-151,-47,1084,-124,142
43,-153,-49,1103,-111,209
55,-158,-48,1127,-72,270
58,-167,-50,1152,-31,314
55,-169,-50,1174,-9,339
55,-175,-40,1186,-23,352
41,-173,-52,1178,-78,353
25,-175,-76,1144,-161,354
5,-157,-131,1069,-257,366
6,-148,-217,929,-330,405
18,-134,-306,743,-350,429
39,-118,-482,497,-323,361
59,-108,-672,125,-187,115
58,-145,-689,-414,174,-143
49,-239,-479,-937,659,-331
48,-326,-279,-1127,1026,-441
33,-433,-64,-903,1225,-505
7,-488,26,-418,1206,-571
-28,-495,17,94,1038,-681
-82,-456,-63,548,848,-797
-124,-424,-131,721,737,-854
-179,-391,-192,743,643,-865
-207,-374,-216,742,506,-858
-198,-359,-223,790,340,-820
-169,-354,-222,862,206,-747
-115,-360,-228,907,121,-631
-80,-368,-235,900,60,-540
-46,-363,-234,845,-2,-508
-12,-358,-238,767,-77,-522
10,-345,-240,700,-155,-549
43,-331,-236,661,-205,-575
68,-322,-216,667,-207,-586
80,-315,-187,728,-164,-575
84,-303,-170,829,-102,-536
86,-277,-160,947,-45,-480
87,-246,-148,1052,1,-410
94,-205,-140,1103,35,-324
96,-172,-140,1076,60,-218
98,-159,-133,964,82,-99
91,-151,-136,784,102,26
82,-154,-135,559,126,146
67,-159,-135,316,153,255
67,-172,-143,62,184,349
65,-184,-141,-192,218,416
56,-196,-130,-420,260,451
46,-211,-123,-602,297,459
43,-228,-106,-720,323,450
30,-236,-98,-767,340,435
23,-247,-99,-750,347,427
24,-241,-92,-678,350,425
17,-238,-86,-560,355,426
12,-224,-83,-410,363,425
7,-216,-84,-246,372,420
3,-201,-80,-73,376,408
0,-182,-77,94,370,401
-13,-163,-73,244,355,396
-17,-142,-67,367,331,396
-21,-128,-67,449,300,396
-32,-107,-63,492,266,395
-37,-92,-56,493,233,395
-45,-73,-60,457,204,389
-51,-65,-62,387,182,383
-51,-64,-60,293,170,379
-59,-64,-63,175,164,376
-59,-70,-64,40,165,365
-61,-80,-63,-96,173,350
-61,-92,-58,-224,182,324
-58,-103,-52,-331,188,288
-57,-124,-46,-399,188,249
-56,-135,-39,-431,183,208
-51,-161,-39,-431,171,174
-43,-166,-33,-414,156,148
-39,-177,-24,-367,141,128
-29,-188,-26,-288,128,113
-18,-195,-26,-191,114,104
-8,-196,-29,-97,106,94
-3,-199,-27,-15,99,81
2,-199,-34,59,87,66
1,-201,-33,130,75,49
9,-205,-29,202,60,29
14,-207,-27,277,56,6
17,-210,-23,355,63,-16
22,-213,-13,444,76,-37
21,-212,-10,536,87,-56
22,-216,-10,627,96,-78
21,-214,-7,703,94,-96
17,-215,-8,758,80,-110
23,-217,-15,785,53,-117
21,-219,-22,781,14,-125
15,-221,-29,742,-26,-130
18,-220,-32,673,-62,-128
21,-226,-41,582,-90,-117
23,-232,-33,482,-105,-99
17,-234,-35,399,-104,-68
6,-247,-37,338,-97,-24
3,-253,-35,293,-97,29
-5,-260,-32,259,-100,82
-13,-270,-34,247,-108,130
-19,-280,-51,229,-110,174
-20,-296,-70,193,-95,214
-29,-307,-92,151,-77,245
-35,-328,-136,110,-83,275
-52,-348,-184,66,-150,310
-75,-358,-232,34,-294,369
-59,-376,-253,18,-465,483
-44,-387,-249,7,-636,616
-3,-404,-234,11,-726,762
25,-414,-219,16,-726,883
-10,-408,-208,15,-687,968
-31,-392,-221,17,-635,1042
-41,-370,-248,32,-573,1082
-41,-343,-279,60,-480,1085
-14,-326,-286,111,-319,1044
3,-317,-278,183,-86,949
20,-310,-261,258,187,820
29,-307,-250,313,436,678
33,-302,-248,333,610,538
22,-288,-245,310,723,420
19,-272,-234,262,797,337
30,-256,-216,213,833,279
46,-235,-197,169,831,227
54,-228,-186,132,796,184
50,-212,-158,106,734,159
31,-219,-154,92,653,158
16,-217,-140,94,567,180
-5,-223,-131,114,487,210
-31,-226,-127,151,418,234
-53,-235,-122,207,359,242
-62,-239,-112,280,307,238
-71,-234,-111,360,263,219
-81,-232,-104,428,229,181
-86,-228,-101,477,200,126
-90,-217,-102,502,170,53
-89,-216,-102,484,145,-35
-86,-207,-110,435,126,-134
-75,-197,-100,357,118,-238
-63,-192,-107,263,117,-336
-59,-191,-101,153,125,-425
-46,-189,-98,39,134,-496
-33,-191,-89,-72,143,-551
-23,-190,-86,-174,150,-596
-10,-191,-82,-268,154,-632
-5,-188,-83,-345,148,-660
1,-191,-78,-407,132,-677
7,-187,-80,-457,107,-685
9,-189,-77,-499,78,-679
7,-185,-76,-525,44,-662
7,-184,-72,-529,1,-631
8,-180,-68,-506,-52,-600
11,-177,-69,-453,-114,-566
19,-173,-66,-379,-174,-528
21,-166,-66,-288,-231,-485
25,-158,-63,-188,-278,-442
27,-152,-66,-92,-317,-397
28,-147,-63,-4,-344,-354
33,-138,-61,72,-360,-316
40,-137,-54,131,-368,-282
36,-134,-64,173,-373,-252
35,-130,-65,195,-372,-226
38,-134,-63,191,-360,-202
39,-139,-64,177,-345,-181
39,-142,-68,155,-323,-164
43,-150,-64,128,-296,-151
41,-156,-67,96,-265,-140
45,-168,-65,64,-234,-135
44,-176,-73,29,-207,-130
41,-176,-73,-9,-185,-124
43,-183,-72,-48,-169,-117
34,-188,-73,-79,-158,-106
29,-193,-70,-107,-150,-88
29,-199,-68,-127,-146,-70
25,-209,-62,-132,-142,-53
21,-214,-60,-117,-141,-36
18,-219,-53,-89,-141,-20
14,-223,-45,-44,-143,-5
13,-225,-48,11,-146,9
14,-231,-33,73,-149,19
9,-233,-27,152,-153,27
3,-236,-30,217,-157,35
3,-238,-24,280,-167,41
0,-242,-22,335,-185,44
-3,-247,-28,384,-211,49
-15,-248,-18,427,-238,57
-16,-253,-17,466,-265,67
-18,-256,-16,505,-290,78
-17,-262,-17,549,-305,84
-13,-263,-19,597,-302,88
-4,-261,-25,643,-278,86
3,-259,-24,680,-237,84
18,-258,-31,700,-175,77
18,-254,-43,702,-98,65
24,-251,-56,684,-21,44
26,-245,-67,645,48,23
30,-234,-86,581,114,12
38,-223,-95,497,183,15
48,-210,-104,397,247,22
66,-205,-101,285,300,31
72,-207,-88,182,331,38
74,-211,-63,110,336,47
65,-232,-34,84,306,55
51,-244,-5,105,240,61
30,-256,10,151,153,65
15,-272,23,192,57,65
3,-281,22,223,-27,61
-11,-294,5,236,-93,57
-25,-298,-30,221,-141,52
-42,-306,-82,160,-184,31
-60,-315,-148,49,-228,-8
-60,-322,-193,-83,-229,-70
-39,-339,-228,-199,-110,-150
3,-357,-233,-261,141,-267
31,-365,-220,-255,441,-412
54,-365,-212,-201,703,-575
60,-363,-201,-154,881,-690
62,-360,-181,-140,1004,-754
59,-365,-152,-140,1091,-795
56,-371,-126,-135,1130,-818
48,-367,-119,-100,1110,-832
26,-354,-119,-39,1029,-829
4,-331,-122,49,890,-803
-11,-306,-138,163,694,-754
-17,-268,-156,283,452,-691
-45,-251,-167,377,188,-621
-55,-223,-176,425,-79,-549
-79,-203,-183,431,-327,-480
-106,-192,-187,406,-549,-415
-128,-191,-190,353,-734,-353
-134,-189,-186,283,-869,-286
-134,-193,-180,215,-942,-217
-123,-202,-173,158,-947,-154
-105,-210,-161,102,-891,-115
-84,-216,-156,50,-801,-105
-65,-225,-128,20,-705,-118
-39,-231,-116,20,-615,-144
-13,-237,-110,44,-530,-180
4,-231,-113,80,-441,-223
12,-220,-113,108,-345,-263
21,-212,-116,115,-247,-292
33,-203,-118,102,-157,-304
40,-198,-115,79,-91,-300
52,-192,-107,53,-48,-284
56,-189,-99,29,-29,-252
65,-192,-99,9,-23,-210
73,-200,-101,-7,-24,-155
76,-206,-106,-22,-26,-98
81,-217,-107,-41,-30,-41
79,-226,-106,-63,-37,4
72,-227,-104,-77,-42,42
67,-233,-106,-70,-45,86
64,-238,-104,-50,-36,119
57,-233,-109,-30,-19,151
46,-231,-104,-10,5,183
39,-224,-100,14,28,212
30,-213,-103,33,50,237
24,-207,-94,42,71,255
17,-206,-91,53,91,270
10,-199,-87,69,104,279
1,-191,-83,93,112,285
-4,-186,-82,121,117,288
-6,-176,-74,153,120,291
-10,-169,-70,183,125,293
-11,-160,-65,210,134,293
-17,-155,-68,231,147,287
-18,-148,-71,246,159,277
-20,-143,-70,249,175,263
-18,-142,-73,234,195,240
-19,-144,-78,205,219,214
-23,-147,-76,156,239,182
-26,-151,-80,107,256,149
-27,-155,-78,58,266,116
-31,-163,-79,12,269,90
-35,-170,-84,-36,268,68
-36,-175,-76,-87,259,52
-39,-185,-75,-126,245,40
-41,-189,-75,-152,222,27
-42,-194,-80,-169,192,14
-36,-205,-71,-177,162,4
-39,-207,-67,-177,130,-8
-36,-217,-66,-170,100,-21
-32,-222,-64,-158,72,-33
-31,-227,-65,-143,48,-42
-27,-233,-65,-124,32,-53
-22,-238,-63,-98,20,-66
-19,-248,-62,-72,12,-78
-16,-250,-51,-33,11,-92
-9,-249,-56,22,15,-108
-4,-254,-48,79,24,-123
0,-254,-50,142,37,-141
-2,-251,-52,209,50,-156
1,-247,-49,266,57,-168
2,-244,-43,311,64,-181
6,-246,-45,351,69,-195
10,-240,-40,379,70,-203
8,-238,-44,394,67,-210
11,-231,-43,391,63,-217
7,-230,-41,374,57,-223
6,-226,-42,354,46,-228
5,-216,-49,341,28,-235
0,-224,-45,331,11,-235
1,-219,-48,321,-3,-235
2,-216,-42,306,-13,-233
4,-215,-40,292,-19,-226
7,-213,-42,274,-21,-217
8,-220,-44,245,-15,-210
11,-217,-39,212,-9,-203
12,-216,-38,175,-1,-194
11,-221,-38,142,3,-183
17,-225,-36,107,6,-170
20,-231,-43,70,8,-154
22,-229,-38,40,5,-138
24,-235,-36,14,1,-116
26,-239,-37,6,-3,-89
24,-240,-34,2,-4,-61
24,-245,-38,3,-1,-36
17,-248,-30,5,3,-12
15,-250,-32,26,8,11
11,-247,-32,50,8,32
12,-251,-29,71,13,56
9,-255,-23,98,27,76
7,-258,-21,127,53,97
11,-261,-16,150,90,114
9,-265,-13,169,138,132
17,-268,-14,181,189,138
17,-268,-13,191,244,142
21,-271,-16,198,302,146
21,-270,-22,195,364,151
23,-277,-26,175,407,159
20,-271,-39,144,438,161
15,-275,-55,90,446,160
20,-283,-93,25,423,152
32,-286,-118,-71,361,144
37,-287,-163,-182,255,153
29,-290,-198,-282,113,187
10,-305,-206,-348,-45,270
-23,-322,-182,-339,-174,355
-54,-340,-149,-246,-284,436
-89,-364,-118,-95,-402,512
-116,-376,-102,61,-542,591
-124,-380,-97,173,-688,672
-113,-377,-96,233,-803,752
-110,-375,-107,264,-861,820
-87,-368,-122,272,-849,861
-73,-349,-129,279,-775,871
-61,-331,-140,297,-663,842
-51,-314,-148,320,-537,780
-46,-299,-153,327,-418,692
-32,-278,-149,321,-310,590
-15,-256,-149,297,-210,496
-5,-239,-143,274,-113,417
3,-225,-144,249,-22,352
19,-205,-143,223,67,307
30,-192,-128,182,146,278
44,-178,-129,129,218,263
58,-163,-126,60,274,254
68,-159,-127,-20,316,252
81,-152,-127,-105,343,261
89,-152,-125,-197,360,265
90,-150,-125,-278,369,265
91,-160,-123,-336,373,256
81,-165,-134,-363,379,237
76,-171,-130,-361,380,211
65,-183,-125,-328,381,181
57,-190,-124,-265,378,148
45,-196,-120,-175,373,111
34,-204,-113,-76,360,78
23,-209,-107,16,336,48
9,-215,-105,92,306,19
1,-219,-102,144,270,-6
-6,-221,-97,161,239,-29
-14,-226,-94,139,215,-56
-12,-230,-91,105,200,-83
-19,-234,-85,73,199,-110
-21,-238,-87,51,206,-132
-15,-237,-85,51,214,-153
-11,-241,-90,61,222,-171
-11,-239,-93,71,224,-187
-9,-237,-100,80,226,-202
-8,-236,-105,86,227,-209
-3,-227,-103,89,233,-216
0,-225,-106,85,237,-217
2,-220,-104,71,248,-213
3,-217,-99,48,260,-207
3,-218,-98,21,265,-199
0,-222,-86,-8,263,-190
1,-220,-85,-43,253,-183
-1,-218,-78,-76,238,-175
0,-219,-76,-104,215,-166
0,-218,-72,-116,186,-156
1,-215,-68,-115,155,-149
1,-215,-69,-96,125,-134
2,-213,-70,-70,99,-120
3,-212,-68,-38,78,-106
4,-202,-69,-7,64,-92
7,-197,-72,20,52,-76
8,-193,-76,42,41,-63
11,-189,-73,52,28,-52
13,-190,-76,54,12,-36
15,-185,-79,44,2,-27
20,-181,-73,29,-5,-14
19,-187,-75,6,-8,-1
21,-185,-72,-20,-9,9
23,-191,-68,-46,-8,15
24,-191,-67,-71,-12,22
28,-193,-72,-98,-14,26
29,-199,-71,-121,-13,29
24,-197,-72,-145,-4,34
28,-205,-72,-165,10,37
24,-209,-70,-178,26,40
24,-210,-70,-183,42,40
23,-216,-67,-182,55,43
21,-221,-66,-176,66,42
22,-225,-68,-175,75,39
18,-227,-62,-171,80,37
16,-233,-64,-168,80,36
15,-239,-59,-160,77,37
15,-247,-61,-149,71,40
16,-250,-59,-130,64,43
18,-248,-59,-102,55,48
16,-249,-59,-71,45,54
17,-247,-61,-33,32,59
17,-246,-62,8,20,67
19,-245,-59,43,9,77
21,-246,-57,71,2,87
20,-246,-52,98,-6,97
15,-241,-48,122,-14,105
21,-241,-45,143,-27,114
16,-239,-40,161,-42,121
19,-235,-48,177,-59,126
12,-237,-38,188,-78,131
11,-239,-37,199,-97,134
4,-240,-37,214,-117,139
-2,-242,-32,233,-136,142
-3,-243,-31,256,-160,144
-6,-243,-32,280,-184,147
-2,-244,-29,306,-206,147
-6,-247,-36,326,-213,150
-8,-241,-38,341,-207,148
-3,-244,-48,341,-185,139
1,-237,-64,320,-153,131
8,-235,-75,279,-110,116
25,-232,-85,221,-56,99
35,-225,-93,152,9,78
49,-219,-94,85,80,59
61,-222,-95,27,141,41
64,-222,-85,-15,185,27
67,-225,-79,-21,202,18
74,-230,-64,4,194,13
68,-236,-57,40,172,16
58,-245,-51,75,145,11
54,-251,-50,106,112,7
45,-257,-57,136,77,-1
40,-264,-69,165,47,-16
31,-270,-89,185,29,-33
30,-275,-108,192,42,-53
28,-288,-119,189,95,-85
35,-300,-127,188,192,-130
42,-310,-135,205,335,-200
35,-315,-142,233,496,-290
27,-314,-148,244,638,-395
15,-312,-150,213,733,-499
6,-309,-130,147,776,-575
1,-315,-106,72,802,-618
-3,-316,-83,18,826,-641
-13,-322,-65,2,820,-641
-26,-327,-56,21,768,-618
-41,-324,-64,70,667,-583
-50,-320,-73,134,536,-537
-51,-315,-84,206,359,-478
-53,-308,-103,282,216,-414
-57,-290,-113,360,88,-350
-54,-269,-126,463,-22,-295
-51,-252,-131,534,-108,-244
-47,-241,-134,575,-177,-198
-36,-219,-143,576,-227,-161
-32,-205,-140,544,-263,-126
-25,-196,-146,487,-284,-99
-23,-188,-136,412,-294,-79
-18,-186,-140,328,-299,-67
-11,-184,-139,236,-299,-65
-6,-178,-133,146,-294,-73
-9,-174,-137,56,-281,-85
-4,-175,-136,-29,-259,-100
-14,-172,-135,-115,-234,-118
-13,-172,-133,-199,-213,-134
-18,-171,-132,-276,-197,-146
-18,-172,-129,-339,-187,-154
-17,-173,-129,-397,-185,-154
-22,-177,-128,-446,-190,-147
-25,-185,-124,-478,-200,-135
-27,-189,-119,-485,-216,-115
-24,-192,-122,-468,-234,-90
-26,-198,-119,-430,-247,-59
-24,-207,-113,-373,-259,-28
-19,-207,-113,-303,-273,3
-15,-215,-112,-232,-283,28
-13,-219,-107,-163,-288,49
-18,-217,-110,-102,-288,61
-14,-223,-107,-58,-285,70
-20,-222,-108,-29,-278,71
-20,-228,-100,-8,-276,72
-19,-228,-109,-2,-276,66
-24,-233,-112,-11,-276,60
-22,-232,-109,-25,-274,57
-20,-237,-108,-39,-268,54
-16,-236,-108,-50,-256,56
-17,-236,-106,-58,-240,62
-13,-239,-109,-61,-222,66
-16,-240,-110,-68,-206,68
-12,-238,-107,-70,-192,66
-12,-238,-112,-67,-182,63
-9,-236,-110,-62,-172,57
-2,-239,-100,-49,-159,52
-2,-234,-100,-35,-145,43
-3,-239,-98,-16,-138,37
1,-231,-88,5,-131,28
0,-231,-86,30,-128,17
1,-227,-83,53,-129,8
1,-229,-80,74,-129,0
1,-226,-80,91,-132,-8
0,-223,-78,102,-134,-16
0,-224,-79,110,-135,-26
0,-225,-77,113,-133,-34
2,-221,-75,117,-126,-40
3,-220,-74,120,-117,-45
1,-222,-70,123,-107,-50
2,-218,-77,124,-96,-52
1,-219,-77,128,-83,-55
2,-219,-75,131,-70,-59
0,-221,-75,139,-57,-63
-1,-219,-75,148,-45,-68
-7,-222,-70,158,-35,-70
-4,-228,-73,168,-25,-78
-5,-228,-70,177,-17,-85
-8,-228,-67,183,-11,-91
-11,-231,-74,188,-6,-98
-8,-236,-73,191,-3,-106
-16,-233,-78,191,-2,-110
-19,-236,-76,194,0,-114
-19,-235,-73,200,1,-116
-19,-236,-75,204,2,-115
-18,-236,-74,207,5,-115
-17,-236,-76,208,12,-114
-15,-237,-74,209,22,-113
-10,-240,-78,211,34,-112
-9,-240,-79,213,46,-110
-7,-241,-81,220,53,-111
-10,-237,-82,231,58,-112
-7,-236,-82,240,63,-115
-3,-238,-84,252,64,-115
-3,-233,-85,261,66,-115
-3,-229,-88,268,66,-115
-4,-228,-85,272,67,-116
0,-233,-83,273,64,-117
-4,-235,-81,268,64,-117
2,-238,-85,266,65,-119
8,-242,-97,264,63,-117
20,-249,-102,253,60,-117
23,-253,-113,234,47,-111
15,-250,-115,216,20,-96
-3,-244,-103,213,-17,-72
-17,-237,-84,237,-57,-40
-19,-234,-76,275,-91,-11
-19,-228,-66,306,-114,12
-9,-233,-59,313,-117,26
-7,-234,-55,302,-106,37
2,-240,-55,278,-92,45
8,-246,-62,251,-77,49
12,-249,-74,237,-60,48
15,-254,-73,242,-44,45
15,-247,-82,266,-31,44
12,-241,-86,302,-16,43
10,-235,-89,335,-1,42
5,-222,-95,358,15,41
5,-219,-97,360,30,41
1,-214,-95,344,36,38
-7,-210,-95,312,35,37
-10,-207,-94,271,29,39
-8,-212,-91,221,19,45
-15,-220,-84,167,8,54
-16,-220,-86,110,-3,63
-16,-228,-87,61,-13,73
-17,-226,-81,26,-20,83
-16,-231,-80,2,-32,92
-19,-232,-77,-11,-40,100
-13,-238,-75,-16,-49,105
-16,-236,-78,-12,-53,109
-13,-236,-75,-3,-55,109
-9,-238,-79,15,-56,109
-7,-240,-74,38,-53,103
-6,-235,-73,67,-49,95
0,-236,-70,101,-43,89
1,-235,-75,135,-35,81
4,-237,-69,168,-26,69
11,-233,-71,197,-19,62
13,-234,-71,220,-15,54
9,-228,-72,231,-14,46
15,-230,-74,233,-12,39
16,-227,-75,226,-9,30
14,-225,-74,213,-8,18
18,-222,-75,196,-5,12
16,-223,-80,177,0,4
17,-226,-77,155,6,-4
13,-227,-78,134,14,-10
14,-229,-81,112,19,-17
13,-229,-74,88,26,-23
11,-230,-76,66,32,-26
14,-232,-73,49,38,-30
12,-235,-74,36,44,-32
7,-237,-72,29,48,-35
6,-234,-77,26,50,-37
10,-236,-68,30,54,-36
9,-240,-75,36,54,-37
5,-239,-75,45,55,-36
6,-236,-73,55,56,-31
5,-235,-71,64,56,-27
2,-236,-73,70,55,-19
2,-241,-71,73,53,-11
2,-241,-70,74,48,-3
1,-237,-75,73,42,5
2,-239,-75,68,36,11
0,-243,-72,67,34,19
1,-244,-74,69,30,25
1,-247,-76,67,28,29
1,-243,-71,68,27,31
1,-241,-71,71,29,30
1,-239,-71,78,33,29
0,-239,-73,84,37,27
3,-235,-70,91,41,21
4,-236,-72,95,46,18
1,-234,-70,97,49,12
7,-235,-69,100,51,8
3,-229,-73,101,54,5
2,-234,-74,101,59,3
7,-235,-78,99,61,0
2,-230,-73,95,65,-2
7,-231,-76,89,67,-4
7,-231,-76,79,69,-6
7,-235,-68,71,69,-6
10,-231,-70,60,69,-6
11,-236,-67,50,69,-5
13,-236,-70,40,67,-5
15,-239,-67,29,67,-5
12,-241,-70,18,66,-2
11,-241,-70,10,65,3
7,-243,-71,6,62,7
9,-242,-75,4,60,13
10,-242,-71,6,57,18
7,-242,-74,13,56,22
6,-242,-73,20,56,26
6,-240,-69,30,54,30
8,-243,-71,41,54,32
8,-237,-74,51,53,33
6,-241,-67,59,54,32
5,-237,-69,62,55,33
4,-234,-67,61,56,31
1,-235,-75,60,54,31
2,-235,-73,56,52,29
1,-237,-69,52,52,27
1,-233,-72,49,51,28
2,-238,-69,48,51,25
2,-233,-70,45,54,24
4,-238,-75,41,56,22
1,-233,-69,38,59,19
5,-230,-71,34,63,18
3,-235,-72,28,66,14
5,-237,-71,20,67,14
6,-238,-69,17,68,10
9,-236,-70,12,71,11
7,-239,-71,9,71,10
8,-240,-67,8,75,10
8,-240,-65,7,76,10
6,-239,-69,8,76,11
7,-243,-66,10,78,10
8,-240,-66,9,79,8
8,-245,-66,11,80,10
6,-239,-70,12,80,10
7,-234,-67,13,78,7
6,-240,-66,15,79,7
7,-241,-68,15,76,9
5,-241,-69,15,73,6
4,-238,-67,15,72,7
4,-242,-68,13,70,9
7,-241,-65,11,67,10
2,-239,-66,9,66,12
6,-237,-67,5,62,10
4,-239,-62,3,60,10
1,-239,-67,-1,58,11
2,-236,-70,-4,57,9
3,-237,-65,-6,55,8
2,-238,-64,-10,53,7
2,-238,-69,-12,51,7
2,-238,-66,-15,50,5
3,-238,-64,-17,48,3
1,-232,-68,-20,47,2
4,-237,-63,-23,46,1
4,-239,-70,-26,45,2
3,-235,-65,-32,45,2
3,-240,-67,-34,44,2
4,-243,-65,-36,42,0
-1,-240,-66,-35,44,0
5,-240,-65,-36,42,0
2,-240,-64,-31,41,0
5,-240,-66,-29,40,-1
4,-241,-66,-24,38,-2
4,-241,-67,-18,37,-2
2,-244,-65,-15,37,-4
5,-241,-67,-12,37,-7
2,-240,-72,-9,35,-6
9,-239,-64,-10,34,-6
4,-240,-57,-10,33,-7
5,-242,-67,-10,33,-10
1,-241,-69,-9,32,-11
1,-243,-68,-6,29,-11
5,-245,-70,-3,28,-11
2,-242,-67,-1,27,-12
4,-242,-63,1,28,-10
3,-239,-64,2,27,-9
2,-239,-69,4,29,-9
2,-239,-63,4,29,-8
2,-241,-70,5,31,-8
10,-246,-69,5,33,-10
1,-239,-67,6,37,-7
2,-241,-68,9,39,-7
3,-241,-66,11,39,-6
6,-241,-68,13,40,-8
5,-239,-67,16,40,-6
6,-238,-65,18,41,-7
5,-242,-65,19,41,-6
0,-239,-69,22,41,-6
4,-239,-66,22,41,-5
5,-238,-68,24,41,-6
7,-242,-67,27,43,-5
3,-241,-66,28,43,-6
5,-239,-63,30,44,-8
3,-237,-65,33,47,-9
6,-240,-65,36,47,-8
4,-242,-68,37,47,-10
2,-239,-65,42,46,-9
2,-238,-67,45,43,-9
3,-241,-71,48,40,-9
4,-242,-66,49,38,-9
0,-237,-66,50,36,-9
5,-243,-63,49,32,-11
1,-238,-65,50,31,-10
1,-238,-67,51,29,-10
1,-238,-69,49,29,-7
2,-240,-67,47,26,-9
4,-239,-67,46,26,-8
4,-238,-68,44,26,-8
7,-238,-65,43,26,-9
1,-240,-67,42,25,-9
3,-239,-69,42,25,-7
7,-241,-64,42,24,-9
6,-243,-72,45,26,-9
4,-240,-65,47,27,-9
2,-239,-67,50,27,-9
4,-238,-69,55,28,-8
4,-241,-67,57,28,-7
4,-239,-72,59,28,-7
0,-237,-71,59,28,-8
2,-239,-67,59,31,-9
2,-242,-71,59,31,-8
2,-238,-70,60,32,-10
6,-242,-69,60,34,-9
3,-240,-66,60,35,-8
2,-237,-64,61,36,-9
3,-237,-66,62,35,-8
5,-239,-70,64,36,-8
3,-240,-68,64,36,-8
3,-239,-68,65,34,-9
2,-235,-66,63,34,-9
3,-238,-66,60,34,-10
2,-239,-67,59,34,-11
0,-236,-66,55,31,-12
3,-236,-69,53,28,-15
3,-241,-64,51,26,-14
3,-239,-65,53,24,-15
3,-236,-70,55,21,-12
1,-236,-69,57,20,-12
2,-236,-71,59,17,-11
2,-236,-71,61,17,-12
2,-239,-70,60,17,-9
2,-239,-68,60,18,-8
3,-235,-67,56,20,-6
3,-237,-68,54,21,-5
5,-237,-68,51,23,-4
5,-235,-64,47,23,-2
5,-239,-67,44,23,-2
4,-242,-66,41,24,-3
2,-239,-67,39,23,-3
5,-240,-68,38,24,-6
4,-241,-65,37,22,-5
3,-239,-71,38,21,-5
1,-238,-69,36,20,-5
1,-237,-66,35,17,-6
2,-238,-69,34,16,-6
4,-241,-70,33,15,-8
2,-238,-64,34,15,-7
4,-239,-66,33,14,-9
1,-240,-66,33,12,-9
1,-240,-66,28,12,-10
3,-237,-67,25,12,-11
1,-240,-66,21,12,-10
3,-239,-66,17,14,-10
6,-241,-66,14,16,-11
5,-240,-71,12,17,-14
6,-236,-66,11,20,-12
12,-239,-64,12,21,-12
5,-238,-68,12,23,-13
6,-241,-67,12,23,-13
6,-241,-66,14,25,-13
6,-243,-65,17,25,-13
6,-239,-67,17,27,-12
6,-239,-66,19,28,-12
4,-240,-67,22,28,-11
5,-241,-64,24,30,-11
5,-239,-67,25,31,-11
7,-238,-64,27,32,-11
6,-234,-71,26,34,-12
5,-242,-65,27,35,-12
4,-239,-66,29,38,-11
4,-237,-66,29,37,-10
4,-238,-66,28,37,-11
2,-236,-66,31,36,-10
1,-238,-67,30,33,-10
1,-239,-67,30,34,-9
1,-242,-68,30,33,-7
3,-237,-66,30,31,-7
4,-238,-70,29,28,-7
0,-236,-64,30,26,-7
1,-238,-68,30,23,-7
2,-236,-64,28,23,-9
2,-238,-66,28,21,-8
2,-237,-65,27,19,-10
1,-237,-70,25,17,-9
2,-237,-66,26,16,-9
2,-240,-64,23,15,-9
4,-241,-69,23,13,-8
4,-237,-64,24,11,-9
0,-236,-69,22,9,-9
3,-238,-73,21,7,-8
1,-240,-64,20,6,-9
2,-241,-69,20,8,-10
4,-240,-66,22,7,-10
4,-238,-66,22,7,-9
1,-239,-67,24,6,-10
2,-240,-66,25,6,-10
2,-241,-66,26,7,-11
1,-240,-73,27,6,-11
4,-242,-66,27,5,-10
4,-238,-66,28,5,-12
3,-242,-68,30,5,-13
2,-241,-68,31,5,-10
2,-240,-63,32,5,-11
4,-237,-69,34,5,-10
3,-237,-68,37,7,-12
5,-239,-69,37,6,-12
2,-239,-68,38,8,-12
4,-237,-69,36,10,-10
6,-240,-69,34,8,-11
5,-238,-66,32,8,-13
4,-239,-71,29,8,-14
2,-240,-66,27,8,-13
4,-242,-66,26,7,-13
5,-239,-70,24,8,-16
3,-239,-69,24,9,-18
5,-239,-69,22,9,-16
3,-242,-66,20,11,-18
6,-238,-71,18,12,-18
8,-241,-72,18,13,-18
5,-242,-69,19,15,-18
2,-236,-66,19,15,-18
10,-242,-69,21,16,-16
5,-240,-67,25,17,-16
3,-241,-67,26,19,-15
6,-243,-70,28,20,-16
6,-242,-69,30,21,-15
4,-241,-67,30,23,-16
3,-238,-68,33,25,-17
3,-239,-73,36,26,-18
3,-237,-71,38,25,-17
5,-239,-71,40,25,-16
3,-238,-69,40,26,-17
1,-233,-72,40,26,-17
6,-241,-70,39,26,-16
3,-238,-68,38,25,-14
5,-237,-68,40,26,-16
2,-241,-66,43,26,-16
3,-237,-67,45,26,-15
2,-239,-72,48,26,-16
2,-239,-73,50,25,-14
3,-238,-67,50,23,-13
1,-237,-67,50,22,-14
1,-238,-69,47,20,-13
1,-241,-70,44,17,-15
1,-239,-68,42,14,-17
3,-241,-68,40,12,-17
2,-238,-70,39,11,-16
1,-241,-71,40,9,-18
3,-239,-74,45,8,-15
2,-234,-72,47,8,-15
2,-235,-72,47,8,-14
3,-236,-68,47,8,-13
2,-236,-73,45,11,-11
2,-235,-67,40,12,-11
2,-233,-71,35,12,-11
4,-235,-71,31,13,-11
4,-235,-66,27,17,-11
4,-235,-72,24,18,-14
6,-237,-71,22,20,-13
5,-237,-68,21,23,-13
5,-239,-73,24,27,-11
6,-238,-69,26,29,-10
6,-241,-70,28,30,-9
6,-242,-72,31,31,-8
2,-235,-69,33,31,-8
6,-242,-71,35,32,-9
1,-240,-73,36,33,-8
11,-244,-67,36,32,-7
7,-242,-65,35,32,-7
4,-231,-67,34,33,-8
0,-234,-69,33,33,-9
3,-243,-78,30,36,-9
5,-239,-69,31,39,-10
1,-241,-78,31,40,-10
1,-243,-71,28,41,-10
4,-236,-75,28,44,-11
8,-240,-69,29,46,-10
8,-243,-70,30,46,-9
1,-242,-74,30,47,-9
1,-241,-73,32,47,-8
4,-246,-72,34,47,-7
4,-234,-75,38,47,-7
7,-236,-68,39,45,-4
4,-233,-70,39,42,-5
4,-237,-66,41,41,-6
1,-241,-64,43,40,-6
0,-239,-71,44,39,-8
1,-244,-65,44,40,-11
0,-235,-71,43,41,-10
4,-240,-71,43,41,-10
0,-237,-76,39,42,-13
3,-229,-70,37,41,-13
10,-239,-63,34,41,-15
1,-229,-77,31,40,-16
0,-239,-67,30,38,-15
2,-236,-69,27,35,-14
4,-241,-68,30,34,-14
4,-238,-76,32,30,-13
5,-239,-70,36,26,-13
4,-238,-77,40,24,-11
2,-235,-73,45,21,-10
3,-239,-74,46,18,-9
1,-236,-68,47,17,-6
6,-233,-68,47,14,-4
3,-235,-74,44,15,-5
2,-236,-71,41,15,-5
3,-234,-73,38,16,-6
6,-238,-72,34,17,-5
4,-239,-70,31,21,-6
5,-236,-72,30,24,-7
4,-239,-74,30,25,-9
6,-237,-72,31,28,-9
4,-236,-72,32,30,-9
8,-240,-67,32,31,-11
4,-239,-74,31,32,-11
4,-239,-76,32,32,-10
2,-237,-72,33,32,-10
4,-238,-70,34,30,-9
5,-238,-73,33,29,-10
9,-242,-71,36,28,-9
5,-241,-74,38,26,-7
1,-238,-72,39,27,-9
4,-238,-73,41,28,-8
3,-236,-70,41,28,-10
3,-238,-72,41,30,-9
3,-238,-73,41,31,-10
4,-238,-75,42,32,-10
1,-234,-68,41,32,-9
3,-232,-72,41,33,-9
5,-237,-74,40,34,-10
2,-230,-67,39,33,-9
2,-238,-74,36,31,-11
2,-238,-72,36,30,-9
2,-240,-70,34,29,-6
4,-238,-69,34,27,-6
3,-238,-74,34,25,-6
2,-236,-72,34,22,-9
4,-240,-71,36,21,-9
2,-236,-70,37,20,-11
3,-238,-75,38,20,-9
4,-241,-73,40,20,-8
1,-240,-80,42,21,-9
2,-237,-73,43,22,-10
3,-238,-73,44,23,-11
4,-239,-75,47,25,-10
4,-237,-76,48,26,-12
7,-240,-73,48,25,-14
3,-239,-69,48,25,-17
4,-239,-71,49,23,-15
2,-237,-74,50,21,-16
6,-241,-72,50,21,-15
4,-239,-71,50,20,-12
9,-242,-74,49,19,-11
5,-236,-71,50,21,-13
7,-237,-70,50,21,-12
5,-235,-75,50,23,-13
4,-236,-69,50,23,-12
5,-239,-71,50,25,-11
4,-239,-71,50,25,-12
6,-240,-68,52,25,-12
3,-238,-74,54,27,-11
4,-237,-71,55,26,-12
3,-241,-69,54,25,-12
3,-236,-73,53,25,-12
5,-238,-71,52,24,-14
3,-238,-74,49,22,-13
1,-236,-72,48,20,-12
1,-236,-74,47,18,-14
2,-237,-71,48,17,-15
5,-238,-74,51,14,-13
6,-238,-74,54,13,-13
3,-238,-73,57,12,-13
5,-238,-77,61,13,-13
4,-233,-75,64,15,-12
3,-240,-69,64,15,-10
2,-232,-78,63,18,-9
1,-232,-74,60,19,-10
5,-235,-72,56,21,-11
6,-236,-71,51,23,-11
4,-237,-73,47,23,-10
6,-239,-69,44,22,-10
8,-237,-72,44,20,-10
2,-236,-69,46,21,-11
7,-239,-69,48,23,-12
5,-239,-74,53,23,-11
2,-232,-75,56,22,-11
5,-238,-73,58,24,-10
5,-234,-70,61,25,-9
4,-235,-72,61,26,-9
4,-234,-70,62,26,-9
4,-238,-73,63,24,-9
5,-236,-71,63,26,-9
6,-236,-76,62,25,-9
1,-236,-72,61,24,-8
5,-240,-71,60,23,-7
1,-239,-76,60,22,-7
5,-237,-70,60,22,-7
6,-235,-73,59,22,-6
2,-237,-71,59,23,-6
4,-238,-74,56,23,-4
5,-237,-72,54,24,-6
3,-236,-72,53,24,-3
2,-239,-74,54,24,-3
3,-238,-68,53,24,-3
5,-238,-74,53,24,-4
4,-239,-78,55,23,-4
2,-238,-76,54,23,-4
8,-239,-71,55,23,-4
5,-240,-73,59,24,-6
6,-239,-72,62,25,-7
1,-235,-72,62,24,-5
3,-241,-75,65,25,-6
1,-235,-75,67,22,-7
3,-241,-70,67,21,-8
3,-237,-76,68,21,-8
3,-238,-70,69,19,-9
4,-235,-69,69,18,-9
5,-236,-68,69,16,-10
0,-237,-75,68,14,-9
3,-237,-73,65,12,-10
2,-235,-71,64,9,-9
3,-238,-70,62,7,-8
2,-235,-75,58,4,-8
3,-235,-74,56,1,-11
3,-237,-70,54,-1,-11
5,-239,-74,53,0,-13
4,-237,-70,53,1,-12
4,-238,-67,53,2,-11
9,-233,-83,54,4,-13
5,-237,-73,54,6,-14
4,-235,-71,55,7,-13
6,-237,-76,54,9,-13
6,-238,-69,56,9,-13
4,-237,-72,56,11,-13
4,-239,-72,58,12,-13
8,-243,-69,61,12,-14
7,-237,-76,62,11,-14
8,-236,-75,60,11,-12
7,-236,-71,60,11,-11
6,-236,-71,58,10,-12
6,-237,-69,56,11,-13
7,-238,-74,55,10,-12
1,-237,-68,55,12,-14
5,-236,-70,56,12,-12
3,-236,-73,57,12,-12
5,-237,-69,58,15,-11
3,-231,-69,58,14,-12
3,-237,-71,56,15,-14
6,-237,-70,53,13,-13
1,-234,-75,50,12,-14
3,-239,-79,48,13,-13
5,-237,-67,47,12,-13
6,-237,-72,48,10,-11
8,-240,-71,49,13,-11
5,-237,-71,50,13,-12
4,-240,-74,50,12,-12
5,-239,-72,53,11,-10
7,-240,-71,54,12,-10
10,-238,-70,54,11,-11
4,-239,-74,53,11,-11
1,-238,-66,54,11,-11
5,-238,-73,55,8,-11
7,-238,-75,56,8,-12
6,-238,-69,56,8,-14
6,-238,-71,56,8,-14
5,-240,-72,56,8,-15
5,-236,-70,56,9,-15
4,-237,-68,56,8,-13
5,-235,-72,57,8,-14
4,-235,-70,57,9,-14
7,-234,-74,57,10,-13
5,-241,-70,56,10,-13
1,-241,-71,56,8,-13
4,-238,-69,58,8,-13
5,-236,-68,58,9,-11
7,-239,-71,60,9,-11
4,-237,-71,62,10,-13
4,-237,-73,64,9,-12
6,-240,-68,66,10,-12
6,-244,-72,66,9,-12
5,-235,-75,66,11,-14
6,-239,-72,66,12,-15
4,-237,-74,67,14,-17
6,-245,-69,66,14,-16
5,-237,-71,63,16,-17
2,-235,-73,62,14,-14
6,-239,-72,62,15,-14
7,-238,-69,61,16,-13
3,-237,-71,62,15,-13
3,-237,-68,61,15,-12
3,-238,-68,60,14,-13
6,-239,-70,60,13,-14
5,-240,-71,61,11,-14
2,-239,-70,62,10,-13
2,-245,-72,64,8,-14
5,-239,-70,66,3,-13
2,-235,-72,69,2,-15
5,-238,-72,72,4,-15
5,-237,-72,74,2,-13
6,-236,-72,73,4,-13
3,-235,-72,69,5,-13
5,-236,-69,66,8,-13
7,-238,-73,64,10,-13
5,-236,-71,61,10,-13
5,-238,-74,58,10,-13
8,-241,-73,56,9,-14
3,-239,-73,54,8,-13
6,-239,-72,54,9,-12
6,-240,-70,58,10,-12
6,-240,-69,63,10,-11
2,-238,-74,67,10,-10
3,-238,-70,69,10,-9
5,-238,-73,72,12,-9
6,-241,-68,72,12,-10
6,-237,-69,73,12,-10
3,-236,-70,73,11,-10
4,-232,-70,73,11,-11
3,-239,-67,71,10,-11
5,-237,-69,70,11,-10
6,-239,-69,69,9,-12
3,-239,-73,67,8,-12
5,-239,-74,66,6,-10
3,-235,-72,67,6,-12
4,-237,-71,65,6,-13
3,-238,-73,66,7,-12
3,-237,-72,66,6,-11
2,-238,-73,66,9,-10
5,-239,-73,65,7,-10
7,-239,-73,65,6,-9
3,-236,-69,64,6,-9
3,-241,-71,63,6,-9
3,-242,-70,64,6,-9
3,-235,-66,64,5,-9
6,-239,-71,66,5,-8
6,-243,-72,67,6,-9
3,-235,-71,68,7,-9
6,-238,-68,69,6,-10
9,-232,-69,71,6,-8
5,-240,-69,72,5,-10
5,-237,-69,72,4,-10
5,-239,-72,71,4,-11
4,-235,-69,72,4,-11
7,-238,-72,74,2,-10
4,-239,-69,72,0,-11
7,-238,-66,73,-1,-13
2,-237,-67,73,-2,-13
5,-237,-72,72,-3,-13
4,-237,-71,73,-4,-12
1,-234,-71,72,-5,-12
5,-238,-67,72,-6,-11
3,-236,-72,71,-8,-12
6,-238,-69,69,-6,-12
6,-239,-75,69,-7,-13
5,-239,-69,68,-6,-12
3,-239,-68,68,-7,-13
3,-241,-68,69,-7,-10
8,-242,-69,69,-5,-12
7,-240,-68,70,-4,-14
5,-239,-72,71,-3,-13
8,-238,-73,72,-2,-14
3,-238,-69,71,-2,-13
6,-237,-69,71,-1,-12
5,-239,-69,71,-2,-10
4,-239,-70,70,-2,-11
4,-238,-70,69,-2,-11
4,-240,-72,67,-1,-11
4,-238,-71,66,0,-12
4,-241,-69,66,1,-12
7,-240,-76,67,2,-13
4,-241,-66,68,4,-12
3,-236,-72,70,6,-11
7,-241,-67,71,7,-12
2,-238,-69,72,9,-12

