-.-.-
-9,-248,-64,12,58,-6
-10,-246,-62,10,59,-8
-11,-249,-63,9,62,-6
-10,-249,-65,7,62,-8
-12,-244,-61,7,64,-7
-12,-247,-61,4,66,-9
-5,-267,-51,1,65,-8
-2,-246,-71,-3,67,-7
-8,-249,-66,-6,69,-9
-7,-250,-66,-9,69,-9
-9,-251,-64,-11,70,-11
-8,-248,-64,-11,70,-10
-8,-254,-66,-11,71,-10
-5,-250,-66,-12,71,-11
-11,-249,-66,-12,74,-11
-9,-248,-63,-11,78,-11
-9,-248,-63,-9,79,-12
-7,-249,-62,-9,81,-11
-8,-250,-61,-9,81,-11
-8,-253,-65,-9,82,-9
-10,-251,-62,-8,81,-10
-11,-251,-64,-8,80,-8
-10,-248,-62,-7,79,-9
-10,-249,-64,-7,79,-8
-9,-252,-65,-6,78,-8
-12,-250,-61,-6,78,-6
-11,-251,-61,-4,78,-6
-11,-248,-64,-5,77,-4
-11,-248,-64,-5,79,-5
-12,-247,-60,-4,79,-4
-9,-251,-63,-5,80,-5
-12,-251,-61,-4,82,-5
-8,-254,-64,-4,84,-6
-9,-248,-61,-5,85,-4
-9,-250,-64,-6,86,-7
-7,-248,-63,-4,88,-6
-5,-245,-62,-6,90,-9
-7,-249,-63,-6,95,-7
-10,-251,-61,-6,96,-10
-5,-251,-61,-6,98,-8
-7,-249,-61,-7,98,-11
-9,-247,-57,-6,98,-10
-9,-246,-65,-8,98,-13
-11,-247,-64,-7,95,-11
-11,-245,-60,-10,95,-12
-10,-248,-60,-14,93,-9
-12,-246,-58,-19,90,-12
-10,-249,-60,-25,87,-9
-12,-250,-62,-31,84,-12
-12,-247,-61,-38,82,-9
-11,-251,-62,-44,80,-11
-9,-249,-59,-47,79,-9
-11,-253,-60,-48,76,-12
-8,-253,-59,-46,75,-10
-10,-254,-57,-44,74,-12
-9,-252,-58,-42,71,-9
-8,-255,-61,-41,70,-13
-6,-254,-59,-38,70,-10
-6,-253,-60,-37,67,-13
-8,-253,-59,-38,68,-11
-7,-249,-57,-39,67,-11
-7,-252,-58,-39,64,-10
-4,-252,-59,-38,65,-14
-9,-249,-61,-34,64,-12
-6,-251,-54,-31,63,-17
-8,-249,-56,-30,62,-18
-9,-246,-57,-31,61,-23
-6,-250,-55,-33,61,-24
-9,-247,-57,-37,59,-28
-8,-250,-58,-40,55,-26
-11,-248,-56,-48,52,-28
-10,-248,-57,-57,49,-25
-6,-251,-58,-64,46,-24
-5,-251,-58,-69,41,-21
-4,-252,-59,-69,38,-22
-4,-254,-55,-68,37,-19
-5,-250,-56,-65,36,-21
-4,-249,-57,-64,35,-20
1,-253,-58,-60,34,-21
-2,-250,-56,-59,31,-20
-3,-253,-56,-56,29,-20
-4,-252,-50,-55,29,-18
-4,-254,-52,-53,28,-19
-3,-250,-52,-53,29,-19
-3,-251,-50,-51,30,-20
-1,-254,-51,-51,33,-22
-2,-253,-45,-50,34,-23
3,-255,-46,-48,39,-24
1,-253,-48,-43,42,-24
-2,-252,-41,-35,45,-22
1,-254,-44,-29,47,-21
3,-252,-42,-23,48,-19
4,-252,-45,-20,47,-17
2,-251,-44,-19,44,-17
0,-251,-42,-18,40,-13
-2,-253,-44,-18,35,-10
0,-253,-50,-18,29,-5
0,-252,-45,-17,27,-1
2,-250,-45,-17,25,6
4,-251,-42,-16,28,9
4,-253,-51,-14,33,14
6,-250,-45,-8,38,15
4,-250,-49,-3,44,16
4,-251,-50,-2,48,14
4,-250,-46,-1,50,14
3,-252,-46,-2,50,12
4,-253,-50,-1,47,12
4,-248,-51,-2,43,10
3,-249,-53,-4,40,13
1,-247,-51,-7,37,12
2,-247,-53,-10,37,17
-1,-246,-55,-14,35,17
2,-249,-56,-19,34,19
-1,-249,-56,-22,34,18
4,-248,-56,-23,34,20
2,-248,-58,-23,32,18
3,-249,-61,-24,34,19
2,-251,-63,-26,34,15
4,-250,-59,-27,34,15
3,-254,-60,-25,35,12
6,-251,-65,-26,38,13
3,-254,-66,-20,37,11
1,-255,-60,-13,36,15
1,-257,-63,-8,35,14
0,-257,-61,-2,32,19
-2,-257,-62,8,29,21
-1,-256,-62,19,25,27
-4,-255,-64,30,21,29
-3,-253,-65,37,19,35
-6,-248,-65,39,15,33
-7,-244,-65,38,12,37
-4,-242,-70,31,6,32
-5,-241,-70,21,-1,33
-9,-240,-70,11,-7,29
-11,-239,-68,0,-13,30
-15,-233,-66,-11,-20,25
-18,-238,-65,-22,-29,28
-20,-240,-61,-32,-40,26
-23,-239,-64,-50,-51,29
-23,-242,-62,-71,-65,26
-24,-244,-66,-96,-83,30
-25,-244,-70,-121,-102,32
-27,-251,-68,-149,-121,42
-33,-254,-73,-176,-141,48
-34,-255,-69,-197,-159,61
-32,-259,-70,-217,-179,69
-37,-259,-70,-232,-200,83
-33,-261,-64,-238,-218,91
-37,-261,-62,-235,-234,103
-37,-263,-56,-221,-246,111
-37,-260,-54,-192,-251,119
-32,-260,-52,-166,-252,119
-33,-257,-52,-141,-248,118
-29,-257,-47,-121,-242,112
-23,-256,-48,-103,-232,109
-16,-254,-39,-84,-213,101
-15,-252,-40,-72,-185,95
-10,-252,-34,-69,-150,89
-3,-255,-38,-73,-117,87
1,-252,-34,-81,-80,86
4,-256,-32,-92,-44,89
6,-255,-30,-104,-10,92
4,-255,-29,-113,23,98
6,-260,-30,-121,48,104
4,-257,-32,-125,72,112
6,-260,-31,-130,98,118
5,-260,-36,-136,124,129
-4,-260,-41,-142,152,140
-8,-260,-42,-151,171,153
-12,-260,-41,-160,188,166
-21,-259,-45,-166,203,183
-28,-254,-43,-165,211,195
-33,-251,-40,-158,217,207
-40,-245,-38,-146,216,217
-40,-243,-36,-135,212,221
-46,-242,-32,-124,209,225
-45,-244,-36,-115,205,227
-50,-242,-30,-107,203,229
-50,-243,-34,-99,198,225
-50,-244,-31,-89,193,222
-51,-242,-35,-81,186,213
-46,-243,-36,-77,177,208
-42,-244,-41,-77,166,198
-37,-242,-39,-81,158,192
-35,-239,-36,-85,147,182
-29,-244,-34,-85,142,174
-30,-244,-33,-81,140,162
-23,-244,-29,-74,142,154
-20,-240,-30,-65,147,147
-19,-240,-32,-61,153,142
-15,-241,-26,-54,158,135
-18,-238,-26,-52,164,127
-17,-239,-19,-51,169,118
-16,-238,-24,-51,172,112
-22,-234,-19,-55,178,99
-24,-238,-21,-59,182,89
-24,-236,-22,-60,186,77
-25,-237,-20,-60,193,69
-24,-236,-18,-58,202,59
-24,-236,-15,-55,208,53
-25,-239,-16,-49,216,43
-27,-240,-13,-43,221,38
-25,-239,-12,-37,222,26
-28,-241,-17,-32,218,19
-30,-239,-17,-25,213,8
-36,-238,-16,-20,207,2
-35,-239,-21,-14,198,-3
-34,-240,-25,-8,191,-4
-35,-238,-24,-4,184,-10
-39,-234,-31,0,178,-10
-39,-237,-23,-1,170,-15
-40,-233,-33,-4,164,-13
-41,-232,-28,-6,154,-16
-42,-235,-25,-10,146,-12
-45,-236,-30,-15,141,-13
-44,-235,-28,-21,135,-8
-46,-238,-32,-30,126,-9
-46,-240,-34,-39,118,-4
-42,-242,-35,-49,111,-6
-39,-244,-33,-54,107,-4
-38,-248,-32,-55,106,-6
-39,-250,-38,-52,107,-5
-35,-255,-35,-53,110,-8
-35,-259,-39,-56,111,-5
-33,-259,-40,-61,110,-6
-35,-260,-41,-72,110,-1
-33,-259,-42,-79,105,2
-33,-260,-41,-79,99,8
-39,-259,-45,-78,95,7
-42,-260,-47,-81,98,9
-45,-260,-42,-86,103,9
-45,-265,-40,-90,120,16
-49,-269,-38,-96,134,17
-49,-275,-32,-95,143,17
-38,-281,-25,-91,151,8
-49,-283,-21,-89,163,-1
-48,-288,-17,-87,172,-15
-43,-295,-12,-84,181,-28
-45,-299,-14,-79,184,-42
-54,-306,-20,-74,178,-49
-55,-317,-39,-85,158,-52
-55,-325,-52,-122,137,-45
-51,-340,-68,-173,130,-36
-48,-361,-76,-231,148,-26
-55,-380,-79,-286,176,-22
-64,-388,-68,-312,189,-23
-81,-391,-48,-262,166,-20
-87,-389,-34,-142,118,-12
-91,-375,-34,-17,69,-13
-87,-359,-42,73,22,-21
-87,-344,-51,130,-18,-35
-88,-325,-52,140,-62,-46
-91,-310,-50,137,-105,-58
-87,-295,-44,137,-142,-60
-85,-283,-46,139,-165,-59
-77,-282,-49,143,-172,-53
-73,-272,-50,145,-161,-51
-62,-268,-48,136,-140,-52
-51,-259,-46,128,-112,-56
-40,-258,-52,119,-81,-70
-24,-252,-57,106,-47,-88
-12,-245,-67,90,2,-110
-10,-246,-72,59,47,-126
-2,-247,-82,22,98,-138
-4,-247,-95,-19,147,-149
-2,-245,-105,-63,193,-161
-3,-247,-116,-104,226,-172
-4,-238,-124,-139,251,-182
-1,-237,-130,-161,271,-187
6,-226,-133,-167,287,-192
6,-222,-128,-151,302,-191
10,-217,-124,-116,316,-189
14,-209,-123,-66,322,-176
16,-208,-116,-7,320,-156
22,-205,-116,66,309,-131
18,-206,-115,121,294,-103
17,-201,-111,160,275,-70
14,-210,-116,183,247,-36
11,-211,-120,173,214,-5
11,-212,-118,135,178,15
15,-211,-116,85,145,33
15,-213,-113,42,117,36
13,-217,-106,12,98,37
8,-218,-96,2,88,29
2,-223,-98,9,85,21
0,-228,-89,24,88,8
-5,-229,-95,37,92,-3
-5,-228,-91,38,103,-16
-7,-229,-90,28,118,-25
-10,-236,-88,11,127,-40
-8,-237,-84,-8,133,-50
-12,-240,-79,-21,134,-67
-12,-247,-77,-34,128,-77
-11,-252,-74,-43,117,-95
-11,-253,-73,-52,105,-110
-10,-251,-66,-54,88,-130
-10,-254,-68,-53,66,-146
-12,-245,-72,-43,42,-166
-7,-243,-81,-34,24,-177
-11,-238,-82,-24,7,-190
-11,-231,-76,-12,-6,-195
-9,-221,-74,3,-19,-202
-12,-211,-73,19,-38,-201
-11,-208,-70,35,-56,-203
-12,-202,-67,42,-73,-199
-14,-200,-68,45,-96,-201
-12,-196,-69,38,-111,-197
-12,-196,-61,25,-116,-189
-12,-197,-61,5,-124,-178
-12,-194,-63,-11,-132,-179
-11,-198,-63,-26,-143,-183
-9,-199,-61,-35,-148,-195
-7,-204,-61,-47,-148,-197
-3,-207,-61,-58,-149,-205
1,-210,-61,-68,-147,-208
6,-213,-57,-84,-143,-214
7,-216,-57,-101,-139,-218
14,-220,-60,-114,-132,-225
15,-223,-56,-125,-127,-228
18,-227,-57,-134,-121,-230
19,-235,-58,-137,-117,-232
19,-230,-57,-136,-113,-232
16,-236,-57,-123,-114,-225
17,-236,-58,-109,-116,-221
16,-239,-56,-97,-117,-210
19,-240,-56,-87,-123,-203
16,-237,-56,-72,-125,-193
12,-236,-51,-56,-127,-183
13,-228,-55,-41,-125,-175
19,-231,-52,-22,-121,-161
16,-230,-50,5,-113,-145
18,-230,-50,34,-105,-136
20,-228,-50,59,-96,-121
22,-228,-49,79,-93,-109
21,-223,-47,97,-93,-100
22,-223,-49,109,-95,-95
22,-224,-47,116,-98,-90
21,-223,-42,119,-102,-87
23,-223,-46,122,-105,-85
18,-224,-39,124,-107,-82
16,-228,-38,126,-114,-75
9,-228,-36,134,-120,-68
5,-236,-33,150,-125,-57
1,-237,-27,170,-131,-44
0,-243,-36,190,-141,-33
-3,-246,-27,210,-155,-17
-3,-250,-32,237,-169,-3
-6,-252,-31,258,-181,8
-7,-253,-28,282,-196,25
-8,-254,-26,303,-212,39
-4,-253,-26,324,-229,53
-2,-256,-23,344,-243,63
0,-251,-30,359,-251,71
3,-248,-42,360,-252,80
11,-246,-52,340,-241,83
13,-249,-59,298,-226,82
17,-253,-72,243,-213,73
10,-259,-74,175,-209,71
9,-274,-69,103,-221,77
11,-280,-54,74,-227,89
16,-295,-43,81,-215,99
25,-307,-41,111,-194,110
34,-314,-44,149,-166,112
37,-321,-47,183,-140,107
48,-322,-35,205,-121,88
53,-326,-35,220,-114,68
56,-331,-28,235,-115,41
52,-331,-18,253,-119,24
42,-329,-6,269,-128,3
32,-328,0,289,-138,-8
17,-323,9,319,-148,-12
6,-318,8,349,-158,-9
-8,-312,7,371,-172,-6
-11,-306,-8,368,-185,2
-15,-306,-42,298,-186,-4
-58,-308,-79,153,-199,-13
-77,-322,-110,-44,-222,-1
-50,-351,-94,-250,-232,16
-12,-382,-42,-342,-207,-15
9,-392,-16,-245,-151,-85
36,-393,-19,-72,-102,-192
57,-390,-30,120,-25,-253
78,-374,-51,311,5,-266
92,-351,-56,379,27,-284
103,-321,-57,399,79,-310
112,-290,-58,387,152,-331
97,-259,-70,363,222,-340
86,-243,-93,323,273,-326
69,-230,-107,266,304,-310
46,-220,-121,198,324,-286
27,-218,-120,138,338,-265
10,-215,-117,98,342,-237
-8,-216,-115,78,326,-208
-23,-218,-113,77,277,-173
-45,-218,-118,75,217,-151
-72,-215,-125,61,150,-126
-89,-218,-129,29,73,-105
-98,-218,-127,-8,-9,-82
-115,-210,-123,-39,-94,-70
-126,-209,-120,-53,-178,-58
-130,-206,-121,-59,-245,-60
-129,-203,-120,-63,-290,-63
-121,-204,-113,-69,-312,-72
-113,-208,-102,-75,-314,-82
-96,-220,-91,-71,-295,-95
-80,-227,-84,-62,-263,-111
-52,-241,-69,-54,-238,-124
-31,-250,-64,-37,-210,-119
-11,-254,-67,-28,-177,-110
10,-259,-70,-34,-136,-92
33,-260,-86,-53,-90,-70
45,-261,-86,-94,-39,-48
52,-258,-90,-140,14,-26
58,-258,-91,-172,65,4
57,-251,-92,-187,112,45
58,-246,-82,-190,152,90
54,-241,-82,-182,187,137
51,-234,-81,-163,215,188
44,-227,-79,-139,239,221
31,-216,-80,-123,246,243
21,-209,-71,-109,251,258
16,-212,-65,-88,256,277
8,-204,-63,-62,259,287
1,-207,-59,-43,258,290
-5,-205,-58,-35,259,288
-12,-203,-56,-38,262,282
-19,-200,-52,-48,262,277
-24,-198,-54,-59,259,265
-30,-200,-51,-68,267,258
-32,-199,-51,-75,268,245
-36,-199,-51,-78,272,235
-32,-199,-48,-77,274,229
-34,-198,-49,-72,276,224
-27,-198,-44,-71,284,223
-25,-203,-46,-75,293,222
-26,-200,-45,-76,298,219
-23,-202,-41,-75,309,216
-21,-199,-42,-73,320,216
-20,-205,-41,-62,329,212
-21,-205,-36,-54,342,207
-25,-209,-38,-50,349,205
-26,-217,-31,-51,356,207
-31,-221,-38,-51,357,208
-30,-227,-35,-46,352,204
-30,-229,-36,-37,346,200
-34,-232,-35,-33,338,196
-31,-235,-35,-25,321,186
-31,-235,-37,-14,303,167
-29,-237,-33,-2,290,150
-28,-233,-34,4,275,129
-28,-231,-37,7,262,112
-24,-228,-35,14,249,90
-21,-227,-35,23,241,72
-19,-218,-33,32,236,46
-18,-215,-28,42,239,34
-20,-215,-29,50,243,19
-16,-213,-32,57,244,7
-18,-208,-30,57,246,-7
-14,-207,-27,58,248,-17
-17,-206,-27,55,250,-26
-15,-207,-20,50,248,-30
-21,-222,-20,45,248,-37
-13,-221,-16,45,250,-38
-7,-220,1,47,261,-45
-19,-230,-20,53,277,-47
-11,-237,17,61,303,-58
-10,-240,-13,80,326,-67
-8,-246,-28,96,351,-83
-2,-249,-16,112,377,-98
-1,-255,-14,125,403,-121
3,-257,-17,142,431,-142
3,-262,-13,156,461,-170
-4,-266,-15,175,484,-198
-5,-270,-11,195,504,-230
-8,-275,-11,215,511,-255
-16,-274,-11,239,504,-282
-28,-275,-36,255,491,-297
-39,-274,-41,245,460,-302
-46,-278,-51,210,443,-283
-47,-285,-67,165,446,-259
-53,-294,-73,102,467,-235
-54,-295,-63,38,479,-226
-63,-286,-56,5,453,-221
-72,-281,-51,8,388,-227
-76,-281,-38,34,304,-234
-85,-286,-26,65,240,-239
-86,-296,-2,98,206,-234
-84,-301,21,132,204,-222
-80,-313,53,156,218,-192
-72,-317,66,176,226,-156
-61,-324,72,186,221,-120
-47,-322,70,187,197,-98
-39,-323,65,180,178,-73
-23,-324,46,171,154,-57
-24,-322,31,150,125,-35
-17,-323,-13,99,56,-4
7,-329,-47,-13,-11,37
10,-342,-72,-165,3,79
5,-379,-108,-348,58,140
-15,-412,-82,-523,98,188
-37,-426,-37,-532,85,205
-51,-427,-10,-337,2,215
-63,-414,-7,-36,-36,245
-70,-395,-12,154,-40,277
-76,-364,-20,276,-48,290
-94,-323,-22,369,-76,283
-107,-290,-35,455,-147,260
-116,-251,-59,512,-240,235
-109,-221,-89,521,-317,223
-92,-198,-123,467,-361,208
-72,-191,-147,353,-377,189
-57,-196,-152,210,-371,162
-42,-211,-150,86,-360,132
-25,-225,-150,9,-324,112
-12,-236,-148,-37,-271,99
5,-247,-145,-62,-204,97
31,-253,-159,-85,-127,102
54,-251,-164,-103,-46,107
71,-251,-159,-96,28,118
81,-242,-157,-67,81,138
82,-234,-162,-24,117,170
82,-222,-166,9,135,211
76,-215,-162,32,145,257
75,-215,-151,49,147,307
66,-216,-136,69,151,352
54,-219,-120,91,150,382
49,-226,-107,102,144,399
36,-228,-100,93,137,396
27,-234,-103,61,130,374
11,-236,-94,11,124,337
-2,-237,-95,-42,113,288
-11,-234,-92,-89,98,228
-24,-234,-89,-128,77,163
-41,-237,-88,-155,51,99
-49,-237,-77,-177,29,34
-58,-237,-70,-199,15,-28
-60,-236,-65,-218,-2,-99
-58,-239,-56,-237,-24,-153
-65,-239,-62,-252,-50,-203
-59,-233,-59,-261,-89,-248
-65,-228,-66,-279,-100,-273
-61,-227,-60,-296,-121,-279
-55,-225,-61,-309,-142,-286
-46,-226,-66,-318,-162,-287
-37,-222,-60,-317,-177,-287
-36,-216,-60,-310,-182,-274
-24,-208,-60,-293,-188,-256
-18,-208,-61,-272,-201,-239
-11,-204,-60,-244,-225,-245
-5,-200,-59,-238,-224,-235
2,-197,-59,-250,-227,-228
12,-198,-57,-267,-221,-217
16,-198,-55,-279,-217,-214
21,-202,-53,-292,-217,-211
23,-200,-52,-308,-218,-216
28,-204,-50,-321,-216,-216
29,-205,-49,-331,-210,-218
22,-203,-48,-339,-210,-217
26,-206,-43,-341,-212,-224
23,-207,-42,-343,-215,-228
18,-207,-43,-340,-218,-241
20,-210,-41,-329,-221,-250
17,-211,-47,-317,-217,-258
10,-210,-43,-306,-216,-259
14,-212,-46,-298,-216,-265
11,-217,-43,-288,-208,-255
12,-216,-45,-283,-202,-246
13,-212,-46,-278,-195,-231
9,-212,-47,-274,-187,-222
6,-208,-46,-276,-177,-208
5,-208,-46,-277,-163,-194
6,-206,-49,-280,-145,-174
8,-206,-43,-287,-127,-150
7,-203,-44,-288,-106,-125
8,-204,-39,-282,-93,-105
8,-206,-36,-273,-86,-83
8,-210,-34,-260,-85,-67
11,-212,-32,-242,-88,-50
14,-215,-35,-224,-94,-40
12,-217,-32,-203,-102,-28
10,-219,-37,-177,-109,-24
11,-222,-30,-145,-119,-18
12,-226,-30,-109,-131,-15
11,-230,-27,-72,-147,-10
10,-237,-23,-37,-164,-7
10,-239,-27,-4,-184,-3
8,-243,-29,19,-204,-2
3,-245,-29,32,-221,14
5,-248,-29,40,-237,26
0,-251,-29,46,-251,46
-4,-256,-30,51,-267,64
-2,-259,-25,60,-277,83
0,-261,-26,71,-286,101
3,-267,-32,82,-293,116
8,-272,-50,91,-294,125
16,-271,-67,93,-287,136
22,-272,-80,75,-261,139
18,-277,-96,32,-244,137
6,-282,-105,-22,-238,131
-6,-301,-94,-73,-252,139
-7,-314,-71,-82,-273,156
5,-315,-56,-40,-271,175
25,-316,-51,26,-229,183
45,-322,-54,83,-159,174
64,-323,-51,125,-90,147
83,-325,-42,159,-35,102
98,-332,-27,186,-11,46
105,-337,-14,203,-10,-13
101,-344,6,194,-17,-81
86,-347,11,182,-10,-117
71,-344,19,154,-4,-146
48,-339,23,147,25,-153
15,-327,26,163,52,-134
-8,-319,28,192,59,-108
-36,-312,32,225,57,-79
-48,-302,32,247,30,-55
-51,-292,-1,257,3,-29
-66,-283,-44,193,-12,-36
-111,-285,-93,46,-52,-62
-127,-316,-136,-181,-135,-64
-80,-367,-106,-413,-205,-67
-31,-396,-40,-388,-184,-103
14,-407,-12,-136,-124,-138
46,-396,-12,131,-83,-190
79,-376,-39,288,-70,-243
103,-350,-60,339,-60,-272
106,-321,-81,351,-28,-260
111,-284,-88,369,30,-235
108,-248,-114,383,110,-210
93,-211,-150,343,176,-203
69,-186,-195,217,220,-199
43,-180,-225,29,264,-194
21,-185,-221,-154,322,-165
-3,-199,-191,-260,374,-137
-20,-218,-168,-252,373,-118
-43,-225,-148,-213,340,-115
-67,-239,-134,-166,284,-120
-93,-244,-143,-123,218,-133
-118,-249,-147,-97,144,-143
-136,-243,-148,-91,62,-154
-136,-238,-142,-98,-11,-164
-138,-232,-138,-104,-58,-183
-137,-223,-130,-105,-82,-206
-130,-221,-118,-100,-86,-237
-120,-220,-110,-104,-90,-262
-102,-226,-98,-126,-104,-268
-83,-228,-92,-143,-122,-251
-55,-231,-84,-169,-137,-225
-21,-233,-84,-200,-143,-179
-8,-232,-87,-241,-126,-132
17,-234,-89,-284,-94,-69
36,-234,-92,-324,-46,-1
51,-237,-99,-362,9,76
57,-238,-95,-395,63,145
63,-238,-101,-406,121,216
62,-240,-95,-405,181,273
55,-234,-94,-401,251,328
50,-230,-93,-384,305,358
47,-223,-97,-369,353,386
38,-213,-93,-354,388,396
29,-206,-96,-327,418,400
19,-203,-91,-306,437,398
10,-199,-94,-282,451,408
-1,-194,-92,-269,457,415
-9,-196,-83,-267,454,414
-12,-195,-79,-267,441,398
-20,-196,-78,-265,420,379
-32,-197,-69,-266,402,365
-41,-197,-66,-265,374,357
-42,-197,-60,-258,351,348
-48,-200,-59,-236,339,355
-43,-204,-59,-224,325,338
-29,-204,-55,-226,341,337
-40,-210,-46,-226,380,356
-37,-206,-52,-191,387,365
-43,-208,-52,-163,409,365
-41,-211,-50,-148,426,364
-38,-215,-51,-146,440,358
-40,-214,-49,-155,440,355
-42,-212,-50,-162,434,343
-44,-206,-47,-163,425,337
-41,-209,-47,-146,417,338
-35,-203,-47,-135,406,341
-40,-204,-45,-129,398,351
-40,-203,-49,-109,370,339
-40,-199,-47,-89,349,314
-37,-201,-47,-77,330,286
-39,-201,-45,-74,313,255
-37,-203,-40,-73,299,224
-34,-202,-41,-72,291,198
-34,-204,-39,-71,282,171
-30,-205,-37,-68,275,142
-27,-209,-32,-62,267,111
-23,-213,-32,-42,263,86
-19,-220,-30,-12,261,65
-15,-223,-27,20,259,49
-16,-230,-33,51,263,42
-14,-235,-33,77,268,37
-12,-235,-31,104,275,34
-12,-236,-33,131,285,33
-12,-238,-39,157,296,29
-9,-242,-40,172,314,18
-9,-241,-41,183,330,4
-10,-246,-45,200,341,-16
-10,-249,-50,220,360,-38
-10,-251,-50,241,364,-57
-18,-254,-51,257,368,-80
-22,-255,-52,269,361,-101
-27,-257,-54,273,349,-123
-32,-255,-55,276,332,-142
-34,-255,-60,276,320,-160
-36,-254,-67,264,312,-170
-30,-258,-74,232,309,-177
-31,-266,-70,182,311,-178
-21,-281,-67,139,313,-178
-15,-296,-54,96,328,-176
-13,-302,-43,72,339,-174
-19,-315,-23,83,332,-171
-30,-322,-11,117,301,-158
-40,-326,-8,147,259,-136
-50,-331,-2,163,221,-114
-54,-339,-7,168,188,-84
-51,-342,-5,165,169,-55
-52,-336,-6,161,166,-32
-48,-330,-6,157,172,-24
-44,-322,-5,157,178,-22
-32,-318,-9,154,184,-29
-27,-313,-11,144,193,-37
-21,-312,-11,138,207,-48
-19,-316,-13,125,226,-45
-19,-328,-21,107,239,-40
-21,-332,-27,83,244,-34
-24,-341,-30,56,233,-24
-32,-350,-37,36,207,-4
-43,-356,-46,19,165,18
-57,-362,-55,10,121,49
-70,-366,-66,12,79,81
-87,-364,-73,19,39,113
-93,-365,-75,29,-7,134
-98,-354,-76,46,-55,151
-103,-340,-69,79,-115,147
-103,-326,-76,140,-163,136
-108,-300,-83,200,-207,113
-107,-276,-87,251,-247,96
-101,-251,-92,282,-280,82
-93,-232,-105,286,-302,79
-79,-217,-108,270,-307,79
-64,-201,-123,235,-301,79
-47,-195,-134,180,-281,63
-32,-192,-139,115,-242,48
-16,-186,-155,52,-187,35
11,-179,-159,2,-119,30
39,-175,-160,-26,-40,23
52,-184,-166,-13,13,25
63,-194,-165,14,54,33
75,-203,-174,39,82,51
79,-220,-172,52,99,69
77,-237,-174,58,112,95
73,-249,-173,67,124,119
69,-265,-160,73,134,143
54,-272,-150,85,129,155
43,-283,-138,108,119,165
29,-283,-132,132,104,163
10,-282,-126,152,92,155
-6,-279,-111,174,70,137
-15,-270,-109,201,41,116
-26,-265,-104,213,13,85
-44,-256,-102,215,-24,51
-54,-251,-103,198,-61,7
-62,-243,-100,158,-90,-32
-63,-236,-95,115,-107,-80
-62,-226,-91,82,-115,-133
-67,-218,-90,58,-107,-181
-74,-215,-82,43,-93,-221
-67,-218,-76,31,-82,-254
-64,-217,-77,26,-75,-294
-59,-218,-77,27,-70,-329
-56,-212,-72,24,-62,-350
-39,-214,-72,20,-55,-366
-31,-209,-73,13,-54,-377
-18,-212,-73,5,-59,-390
-12,-209,-68,-1,-76,-403
-5,-204,-68,-2,-106,-413
1,-204,-64,1,-140,-411
2,-202,-66,-3,-170,-405
3,-201,-69,-7,-205,-394
13,-201,-68,-15,-232,-373
12,-196,-67,-19,-256,-362
11,-196,-60,-25,-268,-351
8,-194,-57,-24,-275,-339
3,-193,-58,-25,-278,-330
1,-195,-61,-42,-273,-323
1,-196,-59,-70,-279,-324
2,-199,-61,-89,-284,-331
4,-198,-56,-99,-284,-321
2,-199,-52,-101,-298,-310
-1,-200,-53,-103,-319,-300
1,-203,-51,-110,-342,-299
0,-204,-52,-131,-373,-317
4,-209,-52,-155,-377,-320
2,-209,-55,-158,-371,-315
1,-210,-52,-151,-359,-302
-2,-211,-51,-138,-352,-291
3,-207,-51,-124,-349,-282
1,-207,-50,-114,-345,-277
3,-209,-45,-108,-346,-272
5,-209,-44,-96,-339,-262
5,-208,-40,-84,-334,-248
6,-203,-44,-74,-330,-231
6,-203,-40,-63,-328,-218
5,-203,-41,-51,-324,-198
7,-202,-40,-43,-316,-173
5,-200,-41,-41,-307,-145
10,-199,-44,-39,-303,-124
12,-197,-38,-46,-296,-104
12,-195,-43,-49,-292,-88
14,-196,-42,-52,-289,-66
13,-194,-41,-51,-285,-53
14,-197,-41,-47,-281,-38
14,-200,-39,-42,-276,-30
16,-203,-39,-39,-275,-19
15,-206,-40,-41,-276,-14
15,-212,-41,-42,-277,-3
14,-216,-33,-48,-279,4
16,-221,-38,-55,-285,14
8,-229,-31,-60,-301,22
5,-230,-28,-57,-320,33
6,-238,-28,-44,-340,43
3,-244,-16,-21,-360,54
4,-247,-12,16,-378,63
5,-250,-9,59,-397,75
5,-256,-4,104,-413,83
9,-258,-9,143,-424,96
14,-259,-17,174,-426,104
21,-261,-12,194,-420,115
24,-261,-19,211,-407,118
29,-263,-23,219,-393,124
27,-257,-32,218,-380,127
31,-257,-42,201,-366,132
27,-257,-49,173,-358,132
21,-257,-54,142,-356,137
8,-260,-54,119,-361,142
-5,-264,-48,106,-365,166
-9,-265,-57,96,-360,194
-7,-266,-58,80,-331,229
9,-265,-63,58,-285,255
33,-270,-61,27,-220,265
58,-277,-52,17,-175,251
80,-295,-29,28,-149,222
98,-312,-11,56,-136,173
91,-323,15,90,-136,123
85,-329,24,119,-136,62
76,-344,35,129,-132,4
58,-350,37,126,-125,-59
32,-355,42,119,-120,-108
7,-354,51,124,-124,-142
-12,-351,54,137,-134,-159
-22,-353,61,155,-154,-170
-29,-348,57,167,-192,-176
-32,-344,55,185,-225,-184
-34,-340,44,206,-253,-189
-28,-337,31,204,-290,-202
-14,-336,12,199,-323,-200
-4,-332,0,193,-355,-206
14,-327,-16,180,-390,-210
39,-325,-33,168,-417,-221
54,-325,-49,154,-425,-235
68,-326,-54,146,-403,-245
80,-325,-59,152,-355,-250
88,-323,-70,170,-283,-254
91,-319,-82,184,-177,-254
90,-312,-91,178,-83,-252
92,-309,-104,158,18,-243
88,-298,-120,138,119,-234
83,-290,-141,117,208,-219
84,-286,-166,91,290,-204
82,-281,-193,40,372,-194
70,-276,-223,-33,450,-191
49,-276,-246,-128,523,-203
20,-279,-247,-213,583,-231
-7,-289,-227,-252,624,-271
-32,-294,-201,-232,629,-324
-60,-297,-177,-158,606,-361
-86,-293,-153,-76,571,-384
-106,-287,-139,22,527,-395
-125,-274,-126,116,479,-402
-139,-265,-122,193,429,-407
-148,-250,-126,222,376,-400
-153,-231,-129,213,330,-385
-158,-214,-124,176,287,-367
-158,-203,-116,128,243,-341
-146,-194,-113,78,197,-304
-139,-194,-102,27,150,-261
-120,-193,-97,-19,90,-193
-94,-193,-93,-59,45,-123
-69,-195,-92,-73,11,-48
-37,-203,-87,-75,-6,29
-11,-213,-87,-76,-6,109
16,-223,-88,-78,10,180
41,-229,-91,-83,40,245
59,-241,-93,-101,82,290
68,-252,-98,-128,137,326
74,-254,-102,-158,196,353
75,-253,-104,-196,261,379
77,-244,-102,-225,325,404
74,-231,-99,-225,411,410
65,-222,-89,-197,482,406
59,-207,-84,-162,543,404
50,-199,-77,-126,598,399
36,-196,-75,-99,640,401
26,-186,-73,-86,671,407
17,-182,-73,-100,689,411
9,-172,-68,-124,700,405
-4,-165,-69,-143,706,401
-13,-168,-59,-165,711,395
-25,-168,-58,-184,706,390
-31,-174,-58,-205,703,375
-35,-180,-59,-229,701,365
-40,-183,-55,-245,707,351
-42,-194,-47,-245,720,350
-46,-202,-45,-229,724,339
-42,-211,-46,-217,733,331
-38,-221,-45,-210,738,318
-37,-230,-45,-208,748,316
-30,-238,-44,-218,753,319
-32,-241,-41,-231,747,324
-27,-245,-43,-230,735,323
-29,-242,-36,-222,720,326
-27,-239,-32,-197,700,320
-29,-237,-33,-154,680,324
-32,-232,-31,-118,662,323
-35,-223,-28,-84,628,307
-35,-226,-33,-59,599,286
-34,-223,-33,-46,574,280
-38,-219,-35,-39,555,267
-38,-221,-34,-44,542,262
-41,-213,-39,-51,530,253
-39,-205,-44,-58,522,246
-31,-206,-41,-61,515,228
-27,-207,-43,-55,509,209
-21,-209,-44,-44,499,177
-19,-213,-42,-30,490,152
-12,-212,-41,-22,481,122
-8,-216,-41,-16,472,98
-10,-216,-40,-20,465,75
-8,-217,-48,-26,461,58
-8,-217,-46,-31,457,38
-10,-220,-38,-34,450,24
-12,-219,-39,-33,448,12
-12,-224,-31,-30,447,5
-10,-228,-33,-23,438,-9
-7,-225,-30,-15,436,-19
-9,-230,-28,-10,436,-35
-11,-230,-27,-11,440,-44
-10,-232,-26,-18,450,-59
-8,-234,-31,-28,460,-72
-7,-235,-25,-39,469,-89
-6,-234,-27,-46,480,-103
-7,-234,-29,-49,486,-124
-11,-231,-29,-51,488,-140
-12,-229,-34,-50,488,-160
-17,-230,-36,-47,482,-174
-25,-228,-41,-46,476,-185
-29,-230,-47,-52,471,-188
-30,-232,-45,-69,477,-181
-29,-242,-44,-91,491,-170
-23,-251,-41,-107,506,-164
-17,-257,-39,-120,516,-160
-14,-260,-39,-131,513,-165
-13,-265,-35,-142,498,-172
-9,-267,-44,-147,470,-180
-23,-268,-47,-153,435,-187
-21,-280,-39,-166,396,-194
-23,-263,-42,-181,362,-201
-26,-267,-47,-188,338,-202
-38,-268,-29,-181,331,-198
-38,-277,-43,-161,346,-185
-33,-290,-4,-130,372,-165
-39,-292,3,-100,399,-140
-37,-302,11,-74,427,-111
-27,-312,17,-57,456,-83
-16,-313,16,-51,481,-54
-7,-325,19,-59,504,-29
4,-339,25,-76,518,-5
14,-348,23,-96,525,13
20,-359,22,-119,534,21
21,-365,21,-138,535,30
23,-368,23,-122,531,30
25,-369,25,-85,545,31
21,-365,16,-28,569,32
14,-356,18,27,613,41
4,-342,19,102,646,47
-8,-329,23,186,681,49
-19,-323,24,267,715,45
-24,-311,25,328,748,50
-36,-301,28,374,773,54
-45,-294,30,401,786,62
-52,-286,24,407,790,69
-55,-278,15,388,784,81
-62,-277,5,356,767,92
-76,-277,-4,311,723,112
-84,-278,-21,258,670,130
-97,-279,-33,207,609,150
-106,-285,-52,146,541,167
-120,-285,-73,81,469,190
-127,-286,-93,7,391,207
-138,-289,-110,-65,309,229
-138,-295,-121,-131,235,244
-135,-304,-133,-191,163,268
-139,-313,-128,-253,87,290
-142,-315,-134,-304,3,323
-141,-315,-141,-347,-89,359
-140,-303,-140,-385,-211,402
-118,-300,-159,-418,-323,445
-81,-285,-168,-444,-429,480
-40,-273,-172,-433,-513,502
7,-269,-181,-374,-564,509
50,-260,-181,-276,-573,493
76,-251,-191,-148,-558,467
87,-240,-193,-20,-522,430
105,-228,-192,88,-480,395
112,-212,-184,176,-430,354
114,-209,-179,253,-366,314
116,-210,-169,308,-273,270
112,-219,-165,324,-184,241
109,-224,-156,287,-93,207
93,-226,-146,225,-2,175
81,-223,-133,167,76,139
59,-225,-120,131,142,100
38,-225,-115,117,182,43
14,-228,-107,118,189,-23
-7,-228,-101,125,180,-99
-26,-229,-98,131,154,-166
-45,-236,-92,132,109,-232
-72,-235,-89,119,61,-275
-82,-242,-85,98,-11,-308
-101,-240,-78,75,-85,-323
-109,-237,-71,57,-163,-338
-108,-235,-69,44,-242,-349
-100,-220,-67,35,-327,-366
-90,-214,-65,29,-398,-379
-80,-202,-68,28,-463,-394
-69,-189,-70,31,-520,-404
-52,-182,-71,38,-570,-415
-39,-167,-79,42,-616,-426
-26,-161,-75,42,-649,-437
-16,-155,-81,41,-678,-438
-5,-155,-81,24,-701,-446
-1,-154,-72,6,-702,-440
-7,-159,-67,-4,-694,-426
-9,-170,-63,1,-692,-402
-12,-179,-59,6,-691,-384
-12,-176,-59,10,-704,-372
-12,-185,-55,11,-725,-362
-5,-191,-56,7,-750,-353
-4,-199,-52,-3,-777,-347
-2,-205,-37,-17,-814,-349
1,-211,-53,-38,-837,-351
-3,-218,-54,-57,-862,-343
-7,-226,-51,-72,-888,-338
-12,-231,-49,-74,-914,-333
-11,-235,-46,-69,-931,-332
-9,-245,-46,-66,-943,-333
-7,-243,-46,-57,-952,-340
1,-246,-47,-47,-959,-344
2,-240,-52,-34,-959,-347
9,-242,-52,-17,-953,-342
13,-235,-59,-5,-941,-337
14,-236,-64,2,-929,-330
16,-230,-63,-2,-914,-322
13,-231,-65,-7,-898,-311
19,-230,-65,-19,-883,-302
21,-229,-57,-32,-869,-292
31,-231,-54,-46,-852,-281
28,-230,-50,-64,-830,-267
32,-231,-55,-83,-800,-252
35,-231,-56,-106,-762,-236
32,-230,-62,-130,-714,-223
32,-230,-59,-150,-664,-209
30,-234,-56,-163,-621,-197
36,-231,-55,-176,-586,-192
37,-239,-54,-187,-563,-189
35,-243,-52,-193,-543,-192
36,-247,-47,-189,-531,-196
38,-251,-41,-177,-523,-200
29,-256,-44,-167,-520,-199
26,-258,-49,-162,-514,-194
29,-260,-50,-163,-507,-183
27,-259,-53,-171,-497,-175
25,-259,-51,-181,-487,-163
23,-259,-49,-183,-485,-153
26,-255,-51,-182,-486,-134
25,-254,-50,-178,-491,-118
21,-252,-49,-178,-502,-97
21,-251,-52,-178,-527,-76
29,-245,-58,-185,-548,-59
29,-239,-64,-209,-569,-48
23,-243,-72,-242,-582,-34
15,-244,-72,-272,-588,-20
15,-244,-77,-285,-582,-2
13,-244,-77,-297,-568,7
14,-248,-87,-323,-558,17
12,-255,-92,-352,-544,20
3,-256,-97,-371,-532,26
2,-257,-101,-369,-525,32
-1,-259,-100,-350,-518,39
1,-258,-108,-329,-507,39
-5,-256,-103,-325,-500,38
-12,-255,-105,-338,-507,33
-21,-258,-97,-356,-515,33
-27,-258,-81,-374,-531,26
-34,-260,-76,-387,-549,19
-35,-261,-60,-399,-567,3
-32,-270,-54,-399,-593,-15
-26,-281,-52,-398,-633,-49
-15,-282,-47,-405,-677,-82
-12,-288,-58,-411,-718,-126
-1,-284,-57,-414,-727,-167
19,-284,-51,-420,-683,-200
41,-288,-32,-424,-621,-214
40,-287,-16,-440,-599,-277
77,-293,-9,-428,-579,-363
87,-293,-3,-345,-455,-331
86,-281,5,-297,-381,-275
75,-259,2,-274,-360,-250
55,-227,1,-276,-354,-226
38,-202,-3,-313,-360,-198
8,-177,0,-381,-368,-145
-14,-165,-1,-469,-379,-91
-39,-152,9,-554,-402,-19
-50,-152,18,-643,-436,14
-49,-149,18,-713,-490,27
-55,-148,16,-788,-552,38
-42,-159,9,-862,-625,57
-20,-171,-1,-928,-699,59
-9,-180,-7,-1000,-756,53
11,-190,-12,-1055,-821,53
23,-194,-17,-1092,-891,59
34,-193,-29,-1131,-956,68
28,-192,-33,-1168,-1027,87
23,-183,-44,-1207,-1106,116
18,-176,-55,-1247,-1184,172
11,-167,-59,-1278,-1222,235
3,-160,-55,-1293,-1256,305
-3,-153,-47,-1302,-1296,352
-11,-141,-37,-1298,-1350,382
-16,-131,-41,-1282,-1403,389
-21,-117,-39,-1286,-1443,401
-34,-105,-34,-1316,-1474,408
-42,-98,-31,-1343,-1509,420
-46,-96,-40,-1350,-1534,433
-42,-99,-50,-1330,-1548,446
-37,-115,-53,-1276,-1565,450
-32,-127,-55,-1183,-1627,454
-28,-134,-60,-1092,-1705,447
-31,-138,-75,-1007,-1783,459
-36,-143,-76,-942,-1844,498
-44,-148,-76,-897,-1891,560
-52,-160,-86,-875,-1941,626
-75,-137,-56,-929,-2018,706
-82,-139,-75,-879,-2090,783
-90,-134,-82,-800,-2178,834
-94,-126,-88,-756,-2274,887
-99,-115,-87,-730,-2360,945
-102,-100,-89,-715,-2438,1006
-86,-88,-100,-718,-2519,1063
-73,-81,-99,-736,-2569,1104
-58,-82,-102,-754,-2607,1137
-41,-89,-112,-771,-2637,1170
-28,-89,-119,-784,-2660,1211
-9,-97,-120,-795,-2661,1253
13,-98,-105,-798,-2642,1283
29,-101,-104,-771,-2617,1298
42,-107,-97,-713,-2587,1296
59,-112,-102,-632,-2536,1285
72,-117,-103,-531,-2479,1262
90,-118,-108,-410,-2422,1229
111,-116,-119,-261,-2351,1190
123,-114,-120,-149,-2274,1146
131,-101,-123,-53,-2188,1102
137,-79,-123,-3,-2102,1058
133,-61,-122,-17,-2018,1022
134,-41,-120,-83,-1910,986
129,-22,-103,-159,-1763,957
115,2,-82,-227,-1587,936
153,-71,-125,-324,-1427,894
128,46,-52,-538,-1250,844
131,64,-55,-580,-1067,882
147,59,-52,-546,-841,962
146,57,-34,-659,-642,978
140,45,-28,-766,-536,997
120,21,-37,-857,-443,1014
114,-1,-46,-905,-339,1028
111,-10,-67,-910,-226,1026
76,-16,-74,-899,-118,986
66,-41,-59,-915,-52,925
51,-75,-37,-860,30,924
36,-105,-12,-723,83,925
26,-117,10,-571,92,879
12,-117,26,-432,95,793
-22,-117,59,-348,74,706
-78,-101,86,-294,34,649
-144,-51,86,-269,-10,635
-192,21,46,-275,7,680
-212,75,3,-372,108,791
-210,120,-53,-584,240,928
-177,126,-105,-839,369,1071
-130,116,-153,-1083,477,1200
-83,81,-202,-1307,561,1321
-68,40,-300,-1522,665,1431
-99,12,-514,-1758,836,1555
-176,56,-985,-2131,1092,1685
-209,170,-1523,-3015,1663,1833
-224,322,-2121,-5583,2592,1974
-245,172,-2032,-8738,3531,2105
20,-175,-1146,-9725,3533,2082
465,-772,-484,-7216,2916,1746
408,-1138,-318,-4221,2803,1047
108,-1344,-602,-2487,3592,601
-387,-1372,-427,-2110,5261,1036
-663,-1439,-240,-2545,6137,1725
-934,-1368,-151,-2897,5745,2047
-1028,-1052,-146,-2602,5012,2279
-1039,-702,-83,-1851,4125,2580
-963,-390,24,-864,2685,2783
-833,-157,203,317,1716,2631
-682,18,291,970,1146,2371
-474,126,252,750,819,2073
-230,189,192,-349,609,1754
-58,232,154,-1617,517,1488
101,277,126,-2445,395,1287
191,280,69,-2868,154,1041
142,212,45,-3284,-79,773
72,66,33,-3764,-279,659
-14,-71,0,-4126,-510,639
-145,-155,-18,-4250,-844,586
-297,-207,-28,-4114,-1363,574
-401,-232,-30,-3674,-1834,629
-500,-267,-43,-3168,-2294,732
-537,-321,-66,-2602,-2694,771
-532,-345,-105,-2014,-3047,686
-475,-292,-109,-1496,-3326,530
-417,-169,-68,-1121,-3512,390
-381,-39,-40,-919,-3676,317
-320,51,-40,-899,-3921,310
-258,145,-67,-965,-4127,279
-212,189,-59,-1059,-4226,286
-175,215,-60,-1016,-4311,412
-123,273,-99,-774,-4405,493
-120,266,-115,-640,-4362,626
-99,200,-116,-503,-4302,832
-70,117,-123,-312,-4148,964
-27,57,-131,-128,-3896,1018
18,26,-169,-35,-3625,1061
58,25,-176,-135,-3322,1064
88,45,-158,-334,-3029,1029
73,181,-135,-451,-2823,1015
87,311,-186,-484,-2533,1319
136,434,-330,-697,-1903,1466
-169,685,-503,-1177,-903,1244
-609,1086,-351,-1325,581,1662
-898,1354,-307,-1162,1140,2981
-1171,1518,-345,-1346,1213,4441
-980,924,-140,-1641,1466,5252
-1036,824,-292,-850,2079,4325
-1029,451,-648,-269,2703,3376
-959,102,-653,-943,2927,2491
-1004,33,-689,-1643,2702,2410
-1038,202,-717,-1912,2228,3095
-1076,299,-668,-1940,1629,4135
-411,-168,-443,-1757,1027,5348
-138,-163,-405,-1068,1144,5479
-332,220,-418,-395,1359,4701
-279,131,-281,-581,1383,4425
-188,251,-267,-397,1449,4136
-122,233,-272,-259,1386,3572
-94,160,-192,-131,1325,2907
97,152,-181,69,1345,2214
40,180,-168,134,1492,1448
-144,310,-190,73,1593,911
-93,266,-172,78,1645,731
-13,213,-179,69,1741,640
-125,353,-249,101,1846,411
-180,405,-294,67,1793,190
-99,275,-246,50,1704,-29
-91,168,-219,-53,1652,-96
-160,207,-251,-161,1588,-147
-135,117,-213,-282,1606,-96
-174,149,-206,-310,1697,-78
-138,124,-174,-337,1790,-4
-134,112,-148,-299,1931,67
-174,171,-167,-245,2044,113
-158,176,-163,-187,2140,133
-128,165,-160,-124,2192,140
-149,177,-162,-104,2232,113
-148,172,-174,-122,2150,86
-158,178,-190,-181,2059,43
-119,140,-199,-283,1934,71
-128,117,-197,-370,1790,91
-130,126,-178,-391,1663,163
-129,129,-153,-369,1529,223
-131,171,-155,-217,1419,241
-134,174,-165,-45,1291,296
-122,158,-169,131,1176,314
-136,173,-187,309,1074,312
-124,161,-188,411,1006,344
-124,163,-189,456,997,378
-124,166,-193,506,981,407
-128,137,-183,534,976,442
-119,114,-181,589,970,472
-124,86,-180,670,944,500
-117,82,-179,715,908,522
-110,99,-185,717,912,541
-87,117,-194,715,940,571
-73,112,-185,697,955,573
-65,132,-191,713,932,575
-54,163,-196,722,879,596
-58,166,-201,747,816,611
-40,135,-201,803,760,582
-65,102,-188,915,737,536
-84,118,-188,1011,716,502
-103,153,-209,1072,686,494
-88,169,-207,1082,681,490
-73,167,-208,1044,717,499
-78,144,-198,965,757,486
-77,126,-200,946,776,458
-63,60,-194,1013,805,456
-99,62,-213,1145,847,444
-84,88,-232,1227,851,412
-49,82,-233,1197,878,409
-43,75,-229,1159,934,415
-58,86,-230,1121,1002,416
-65,90,-250,1111,997,400
-57,97,-238,1011,1022,376
-66,136,-232,881,1090,347
-75,129,-205,850,1102,326
-95,107,-193,955,1104,296
-113,91,-210,1157,1083,275
-54,55,-211,1343,1028,260
-54,113,-236,1477,1003,247
-50,100,-244,1513,960,233
-56,113,-258,1488,929,203
-44,81,-263,1384,831,137
-36,73,-278,1340,711,85
-16,62,-288,1291,580,37
-35,47,-272,1167,466,8
-59,52,-288,1073,290,-55
-89,145,-327,982,50,-106
-73,96,-332,977,-124,-155
-74,135,-349,938,-180,-166
-90,124,-346,778,-238,-165
-133,139,-394,731,-342,-185
-143,149,-303,613,-419,-205
-19,-119,-238,696,-346,-269
-86,-21,-325,723,-630,-512
-170,115,-340,350,-819,-467
-143,0,-216,369,-523,-323
-137,57,-282,413,-417,-238
-122,82,-281,417,-303,-166
-106,40,-285,445,-171,-97
-113,33,-254,323,-232,-136
-79,3,-254,200,-269,-143
-58,-7,-254,146,-266,-141
-42,32,-265,58,-277,-108
0,75,-253,-51,-259,-62
25,93,-245,-127,-203,-16
10,61,-242,-118,-164,51
61,59,-229,-99,-185,35
54,48,-235,-58,-164,32
103,21,-227,-31,-162,-18
103,-1,-228,73,-42,-4
122,-28,-225,181,88,13
-4,47,-251,260,195,42
-73,86,-232,209,185,47
-38,44,-245,263,159,53
-31,46,-235,295,155,27
-50,78,-244,289,146,8
-68,26,-228,293,113,-28
-51,58,-250,288,73,-45
-62,36,-245,246,48,-65
-54,61,-261,215,15,-100
-53,70,-259,149,7,-127
-52,45,-270,92,-22,-157
-36,43,-305,50,-34,-212
-53,41,-302,-47,-62,-240
-64,145,-338,-187,-127,-211
-101,120,-285,-318,-168,-128
-61,114,-289,-283,-140,-100
-10,-66,-288,-214,-200,-163
-142,39,-323,-104,-339,-411
-32,-100,-238,-354,-585,-254
-172,56,-147,-299,-589,-137
-101,66,-233,-120,-477,-58
-84,12,-231,-38,-436,-51
-122,8,-209,-27,-437,-42
-99,20,-227,25,-379,-18
-95,43,-250,69,-287,4
-88,59,-255,74,-211,17
-72,70,-263,62,-147,28
-55,67,-271,47,-105,30
-49,66,-273,28,-87,21
-62,45,-269,11,-64,-22
-63,48,-265,-2,-74,-24
-63,53,-259,-25,-79,-22
-72,47,-250,-41,-92,-32
-79,51,-251,-43,-117,-45
-80,48,-252,-38,-118,-35
-82,58,-250,-38,-109,-28
-69,62,-245,-33,-85,-26
-46,64,-243,-40,-44,-59
-84,42,-226,-66,4,-135
-95,33,-236,-45,17,-143
-80,42,-236,-33,10,-82
-76,49,-238,-42,13,-39
-78,45,-235,-52,21,-25
-79,46,-243,-56,28,-25
-79,44,-239,-63,34,-23
-23,62,-253,-68,44,-38
-111,34,-229,-92,84,-130
-91,38,-246,-40,74,-94
-82,52,-245,-37,70,-40
-80,45,-246,-38,74,-26
-80,50,-248,-36,84,-21
-77,53,-249,-40,90,-24
-78,52,-249,-41,95,-22
-79,52,-250,-39,99,-23
-77,48,-249,-39,101,-18
-77,47,-249,-33,103,-18
-77,49,-247,-29,111,-10
-78,52,-248,-25,121,-9
-83,52,-250,-22,131,-4
-77,51,-250,-16,141,-4
-78,53,-250,-18,150,1
-77,57,-254,-21,156,2
-76,55,-258,-24,161,4
-81,56,-257,-28,165,3
-74,57,-257,-32,168,7
-77,53,-260,-40,171,3
-77,54,-259,-46,171,9
-74,52,-260,-56,172,9
-76,54,-258,-68,167,12
-72,55,-255,-72,163,12
-70,53,-253,-73,159,16
-68,52,-252,-71,155,15
-72,54,-247,-67,149,15
-72,54,-246,-60,144,12
-69,51,-246,-53,140,12
-70,51,-246,-42,136,9
-72,51,-245,-31,134,7
-72,54,-247,-20,136,3
-71,52,-243,-8,140,4
-72,51,-246,4,144,-2
-69,49,-245,15,147,-2
-68,49,-247,23,147,-5
-72,53,-246,27,147,-7
-71,51,-250,29,148,-9
-70,49,-245,31,150,-11
-72,49,-245,33,151,-13
-72,48,-249,33,152,-12
-73,49,-248,33,151,-15
-71,50,-249,34,149,-14
-72,52,-252,31,150,-14
-72,50,-251,30,154,-13
-66,56,-250,28,156,-13
-67,48,-249,26,152,-11
-61,54,-249,26,146,-13
-72,39,-247,24,140,-13
-73,33,-241,24,134,-12
-63,50,-246,23,132,-10
-77,40,-255,25,131,-9
-61,46,-247,22,128,-9
-67,57,-253,19,115,-10
-71,49,-252,16,104,-8
-67,46,-258,12,98,-7
-68,46,-257,11,90,-8
-70,52,-256,9,83,-7
-64,46,-255,8,78,-8
-69,49,-259,6,73,-7
-66,49,-256,5,70,-7
-68,49,-256,5,67,-7
-73,50,-255,5,63,-7
-66,50,-255,5,61,-6
-71,51,-256,1,57,-8
-69,51,-252,-2,53,-7
-74,49,-255,-7,49,-7
-72,50,-256,-11,45,-7
-70,50,-255,-15,44,-8
-71,49,-250,-17,43,-5
-72,51,-250,-20,40,-6
-71,49,-252,-20,39,-6
-70,48,-250,-21,40,-8
-72,49,-251,-20,41,-7
-70,48,-252,-23,41,-9
-71,49,-249,-25,41,-7
-69,48,-247,-28,41,-8
-70,50,-247,-26,39,-7
-72,47,-253,-27,36,-8
-74,48,-249,-27,34,-6
-72,51,-246,-27,34,-9
-74,47,-247,-25,36,-7
-71,50,-251,-23,39,-11
-73,49,-249,-23,43,-8
-72,50,-248,-24,47,-10
-72,49,-249,-23,50,-8
-75,52,-248,-23,49,-10
-67,49,-249,-23,49,-6
-71,47,-249,-24,49,-9
-71,50,-250,-22,51,-6
-72,50,-249,-20,56,-7
-70,50,-250,-21,60,-5
-72,50,-247,-22,64,-7
-70,48,-246,-26,69,-5
-72,49,-247,-29,72,-6
-74,49,-252,-27,72,-5
-74,49,-255,-21,74,-6
-74,53,-256,-15,74,-4
-73,51,-256,-11,75,-7
-70,44,-254,-13,75,-3
-71,50,-253,-17,77,-5
-72,49,-251,-21,80,-2
-73,49,-254,-24,83,-4
-74,48,-249,-27,87,-2
-71,51,-252,-28,88,-4
-71,55,-250,-28,89,-2
-70,49,-251,-26,92,-4
-73,51,-248,-25,92,-2
-70,51,-247,-22,93,-5
-71,49,-254,-19,92,-2
-69,49,-250,-18,91,-5
-73,52,-248,-18,90,-1
-72,49,-251,-17,87,-4
-70,51,-250,-18,87,-2
-73,48,-249,-19,87,-4
-73,47,-251,-19,88,0
-68,48,-252,-21,89,-1
-73,51,-250,-22,88,-1
-71,50,-250,-23,88,-2
-70,50,-251,-23,86,0
-68,51,-253,-23,87,-2
-68,51,-252,-23,89,-1
-69,51,-249,-20,89,-3
-67,52,-252,-19,89,-1
-67,52,-249,-17,90,-3
-70,49,-249,-16,89,-3
-70,49,-252,-14,87,-5
-70,50,-251,-14,87,-3
-69,49,-249,-13,88,-5
-71,50,-249,-13,87,-4
-70,50,-253,-13,84,-5
-70,48,-251,-12,83,-4
-68,49,-250,-13,82,-6
-71,49,-255,-11,80,-2
-70,52,-253,-10,80,-5
-69,49,-250,-10,78,-4
-69,48,-252,-10,77,-6
-71,47,-248,-10,77,-5
-69,49,-250,-11,75,-5
-66,47,-253,-12,76,-4
-69,47,-250,-14,76,-5
-67,51,-255,-14,75,-4
-69,50,-252,-16,73,-6
-71,51,-253,-16,73,-3
-70,51,-249,-15,71,-4
-70,49,-250,-14,71,-5
-70,46,-249,-13,71,-6
-70,48,-251,-12,70,-4
-71,51,-248,-12,71,-4
-66,47,-247,-13,70,-4
-70,50,-253,-12,68,-5
-70,50,-256,-15,66,-4
-70,50,-251,-16,64,-4
-70,51,-251,-19,64,-4
-70,48,-253,-20,64,-5
-69,51,-255,-23,64,-5
-69,49,-253,-24,63,-3
-71,52,-249,-25,65,-3
-68,51,-251,-24,66,-4
-72,49,-251,-23,67,-4
-71,49,-253,-23,65,-3
-71,52,-252,-21,64,-5
-69,50,-252,-19,63,-4
-71,51,-250,-19,62,-6
-70,50,-252,-18,61,-3
-71,50,-248,-18,62,-4
-71,52,-249,-17,63,-3
-71,49,-251,-17,63,-5
-68,50,-250,-17,62,-3
-71,51,-248,-19,61,-5
-68,51,-251,-20,62,-4
-71,52,-251,-20,63,-4
-72,53,-250,-19,64,-4
-68,50,-250,-18,67,-4
-68,47,-252,-17,68,-3
-69,53,-251,-16,69,-4
-71,48,-250,-13,70,-3
-67,50,-250,-13,72,-4
-71,51,-250,-11,73,-3
-68,51,-250,-11,70,-6
-68,51,-250,-11,68,-3
-70,48,-252,-11,68,-6
-71,50,-248,-10,69,-5
-71,50,-250,-11,70,-6
-71,53,-249,-11,68,-4
-70,50,-253,-9,69,-5
-71,53,-251,-7,69,-4
-73,50,-251,-8,70,-6
-70,48,-248,-7,72,-3
-67,50,-249,-10,73,-6
-69,49,-249,-12,72,-3
-68,49,-252,-14,73,-6
-70,50,-251,-14,73,-4
-70,48,-251,-16,73,-5
-69,49,-254,-15,72,-4
-69,50,-252,-13,71,-6
-70,52,-248,-10,71,-5
-67,48,-253,-12,71,-7
-71,50,-251,-12,69,-5
-68,51,-254,-14,69,-7
-69,50,-253,-13,67,-4
-71,53,-252,-15,66,-7
-68,48,-252,-15,64,-5
-71,54,-255,-15,64,-7
-69,50,-248,-14,63,-4
-71,49,-248,-15,64,-7
-69,49,-250,-19,69,-2
-67,47,-248,-21,71,-4
-69,49,-247,-23,73,-3
-71,49,-251,-21,74,-5
-72,49,-253,-14,75,-4
-70,50,-250,-5,73,-5
-69,50,-252,-2,71,-4
-68,50,-252,-6,71,-7
-70,50,-249,-11,70,-5
-69,51,-250,-13,70,-7
-67,51,-250,-17,72,-4
-70,51,-252,-21,75,-6
-70,51,-254,-24,76,-4
-71,52,-253,-26,77,-6
-69,49,-251,-23,79,-4
-68,50,-251,-24,78,-6
-67,50,-252,-21,79,-4
-70,51,-251,-17,77,-7
-67,49,-253,-16,76,-4
-68,49,-254,-16,75,-6
-69,53,-251,-17,73,-4
-68,47,-251,-17,70,-6
-66,50,-254,-18,69,-3
-66,51,-249,-20,66,-6
-71,50,-249,-19,65,-4
-70,51,-250,-22,66,-5
-67,52,-253,-23,68,-3
-67,49,-250,-21,68,-4
-69,48,-250,-22,70,-3
-73,52,-252,-20,69,-4
-72,52,-250,-19,70,-4
-71,50,-250,-17,69,-6
-68,50,-249,-15,68,-4
-67,53,-249,-13,68,-5
-68,49,-252,-13,69,-4
-69,50,-252,-14,69,-5
-67,49,-251,-14,71,-4
-67,52,-254,-16,70,-6
-69,48,-255,-16,69,-4
-69,51,-251,-14,69,-5
-70,51,-248,-15,71,-4
-69,51,-251,-14,70,-5
-68,48,-254,-12,70,-5
-67,49,-254,-13,70,-6
-67,48,-253,-13,69,-4
-69,52,-250,-11,68,-4
-70,49,-253,-12,69,-4
-68,48,-251,-13,69,-7
-67,50,-251,-14,69,-4
-69,52,-251,-15,69,-6
-68,47,-251,-15,69,-5
-69,48,-251,-15,71,-6
-65,49,-252,-16,69,-5
-69,50,-253,-14,70,-6
-69,48,-255,-15,69,-5
-69,51,-252,-15,68,-6
-68,50,-251,-13,67,-7
-69,51,-253,-13,67,-5
-69,48,-251,-14,67,-5
-67,51,-254,-15,67,-7
-68,50,-249,-15,67,-7
-70,49,-250,-14,68,-6
-71,52,-253,-14,67,-5
-70,51,-254,-14,68,-5
-69,52,-249,-14,68,-7
-68,48,-249,-12,68,-6
-69,51,-251,-12,66,-7
-66,49,-252,-11,67,-6
-70,47,-252,-10,67,-8
-68,49,-253,-10,66,-7
-67,50,-252,-11,63,-7
-66,50,-249,-12,65,-6
-67,49,-253,-11,63,-6
-69,51,-252,-10,61,-6
-69,51,-252,-11,61,-6
-70,53,-249,-11,62,-6
-70,50,-248,-12,64,-7
-67,51,-252,-11,65,-6
-70,51,-250,-11,67,-7
-70,51,-247,-12,69,-5
-70,48,-250,-12,70,-7
-67,49,-251,-12,73,-6
-70,52,-250,-12,72,-8
-72,53,-251,-12,73,-6
-67,50,-250,-12,74,-8
-69,51,-250,-13,74,-6
-69,50,-250,-11,71,-8
-67,50,-254,-9,72,-6
-69,50,-250,-8,71,-8
-70,51,-253,-6,71,-5
-71,53,-253,-7,71,-6
-66,47,-255,-9,70,-5
-67,50,-249,-8,70,-8
-71,50,-254,-9,70,-5
-67,52,-251,-9,70,-7
-69,50,-253,-9,69,-4
-68,49,-249,-8,71,-7
-70,53,-256,-10,69,-5
-69,48,-253,-10,69,-6
-67,50,-251,-9,71,-5
-70,51,-249,-9,70,-8
-68,51,-253,-11,69,-5
-66,45,-252,-10,68,-8
-69,49,-251,-10,65,-4
-68,49,-251,-11,65,-7
-68,50,-250,-11,65,-5
-65,49,-250,-12,63,-8
-69,54,-250,-11,64,-6
-70,53,-256,-12,65,-7
-68,49,-250,-12,66,-5
-69,50,-250,-12,66,-6
-68,50,-250,-12,66,-4
-68,48,-249,-11,68,-7
-70,52,-254,-11,68,-5
-68,51,-250,-11,67,-7
-68,50,-251,-12,67,-4
-70,48,-252,-11,67,-7
-66,50,-254,-11,66,-5
-67,49,-252,-12,64,-7
-68,47,-250,-12,65,-6
-66,48,-251,-11,63,-7
-70,51,-248,-12,64,-4
-69,49,-252,-12,63,-6
-72,50,-250,-12,64,-5
-67,49,-249,-12,64,-6
-66,49,-248,-13,64,-4
-70,51,-253,-11,63,-7
-69,49,-250,-11,65,-6
-69,50,-251,-11,65,-7
-66,47,-253,-11,67,-5
-70,50,-250,-14,66,-8
-68,48,-252,-11,68,-4
-72,51,-252,-13,67,-8
-68,49,-253,-14,67,-6
-67,48,-247,-14,63,-8
-67,48,-253,-14,62,-6
-67,46,-252,-15,64,-6
-68,49,-249,-16,64,-5
-68,51,-251,-16,65,-5
-68,49,-248,-14,66,-5
-67,50,-250,-14,64,-7
-68,49,-254,-12,64,-4
-70,50,-249,-11,65,-7
-69,47,-254,-12,64,-5
-67,49,-250,-12,62,-7
-69,52,-253,-14,60,-6
-70,47,-252,-14,60,-7
-69,48,-249,-14,61,-6
-67,49,-251,-15,60,-6
-68,47,-251,-14,60,-5
-68,50,-253,-14,61,-6
-68,52,-250,-12,61,-4
-67,49,-249,-13,61,-7
-68,49,-253,-13,62,-5
-68,50,-248,-14,62,-6
-69,48,-250,-12,63,-5
-70,50,-250,-12,63,-6
-70,48,-250,-13,63,-5
-69,48,-251,-12,62,-6
-68,50,-254,-13,63,-5
-69,49,-249,-11,65,-5
-68,50,-252,-10,67,-6
-68,48,-251,-11,67,-6
-70,48,-251,-10,63,-5
-68,48,-251,-10,63,-6
-67,49,-250,-12,65,-6
-66,51,-252,-12,64,-5
-65,51,-251,-15,63,-6
-68,49,-250,-16,64,-6
-68,49,-253,-17,64,-6
-67,50,-250,-17,63,-5
-71,51,-253,-14,63,-6
-68,50,-253,-12,63,-5
-67,48,-252,-11,63,-7
-67,52,-251,-10,64,-6
-69,51,-251,-12,64,-6
-68,49,-250,-12,61,-6
-68,48,-250,-10,59,-7
-70,50,-251,-9,59,-7
-68,46,-251,-8,57,-8
-71,50,-250,-7,56,-6
-70,49,-248,-9,58,-7
-68,51,-249,-11,59,-4
-66,47,-247,-17,60,-5
-69,49,-247,-22,62,-3
-64,48,-247,-27,63,-5
-71,47,-248,-24,64,-5
-71,49,-250,-11,66,-7
-70,48,-257,2,66,-7
-68,46,-255,6,66,-8
-67,49,-251,6,67,-6
-66,49,-252,4,66,-8
-70,50,-251,-4,62,-5
-69,49,-253,-10,64,-7
-65,48,-249,-17,68,-5
-66,49,-251,-17,68,-7
-68,48,-252,-20,68,-6
-69,47,-250,-22,66,-7
-70,52,-255,-21,65,-5
-69,50,-253,-18,64,-7
-67,48,-252,-14,65,-4
-68,50,-249,-9,65,-7
-73,49,-255,-7,65,-5
-66,49,-252,-8,64,-7
-67,48,-250,-9,61,-4
-67,52,-252,-11,60,-7
-70,51,-252,-9,61,-3
-70,50,-250,-11,63,-7
-70,52,-250,-13,61,-5
-69,49,-251,-13,61,-7
-69,47,-249,-13,60,-4
-69,50,-248,-12,60,-7
-65,47,-254,-11,62,-3
-68,49,-248,-11,63,-6
-69,49,-252,-10,62,-4
-69,47,-249,-9,61,-8
-72,49,-250,-8,62,-6
-68,49,-255,-7,61,-8
-68,49,-250,-6,62,-5
-69,49,-251,-6,63,-7
-69,48,-250,-6,62,-6
-69,48,-251,-6,62,-8
-66,47,-256,-5,62,-6
-69,50,-250,-7,61,-9
-68,49,-249,-8,62,-6
-70,50,-250,-10,61,-7
-70,47,-250,-8,61,-6
-67,48,-253,-7,60,-8
-70,51,-253,-9,61,-5
-67,50,-253,-8,62,-7
-66,47,-253,-8,60,-5
-68,51,-249,-10,61,-6
-66,49,-249,-11,60,-5
-69,47,-251,-12,61,-7
-69,50,-254,-14,61,-4
-71,48,-249,-15,59,-7
-69,50,-253,-14,60,-6
-66,49,-249,-14,63,-6
-67,47,-253,-13,61,-5
-70,52,-250,-10,64,-7
-67,48,-251,-11,65,-6
-67,50,-249,-11,62,-6
-68,48,-250,-11,62,-7
-69,48,-249,-11,61,-7
-68,49,-248,-12,60,-4
-67,50,-254,-13,60,-7
-69,49,-253,-16,59,-6
-69,48,-253,-17,59,-7
-71,48,-252,-17,59,-6
-69,50,-250,-18,60,-5
-68,48,-255,-18,59,-4
-71,50,-252,-16,59,-6
-69,49,-249,-18,58,-5
-66,45,-252,-16,59,-6
-69,49,-251,-16,59,-6
-69,47,-249,-15,60,-7
-70,51,-247,-15,59,-5
-69,52,-256,-11,61,-7
-65,48,-247,-14,63,-5
-70,47,-255,-13,59,-6
-70,49,-249,-11,59,-6
-65,48,-249,-10,57,-6
-71,52,-254,-8,57,-6
-67,49,-250,-9,59,-6
-69,47,-252,-7,59,-5
-78,42,-252,-7,58,-5
-70,49,-251,-7,57,-6
-70,47,-249,-6,58,-7
-69,50,-254,-5,57,-7
-70,51,-255,-5,57,-6
-72,50,-251,-6,56,-6
-67,49,-249,-6,54,-5
-69,49,-250,-7,56,-6
-67,48,-250,-5,55,-5
-70,49,-250,-5,56,-5
-68,47,-253,-7,56,-5
-69,49,-255,-8,56,-9
-68,49,-252,-9,56,-7
-69,48,-254,-8,56,-7
-68,48,-256,-9,56,-6
-68,48,-249,-8,57,-6
-68,49,-249,-8,57,-7
-70,48,-251,-7,58,-7
-69,48,-252,-8,60,-7
-66,46,-253,-8,61,-8
-68,49,-249,-8,61,-6
-68,46,-250,-6,61,-7
-69,48,-251,-9,61,-6
-68,50,-250,-10,61,-7
-71,48,-253,-9,59,-6
-69,46,-252,-10,59,-7
-68,48,-249,-11,62,-6
-71,48,-246,-12,64,-6
-66,48,-249,-8,67,-5
-69,47,-253,-8,67,-8
-69,49,-252,-11,67,-6
-68,50,-251,-11,66,-7
-67,50,-251,-11,65,-5
-70,49,-251,-11,66,-8
-69,48,-252,-13,66,-5
-69,50,-249,-13,64,-8
-69,47,-250,-13,62,-6
-68,50,-254,-14,64,-8
-67,46,-253,-15,64,-5
-71,47,-251,-15,64,-7
-71,49,-249,-16,64,-5
-69,51,-250,-16,64,-8
-69,46,-248,-17,65,-5
-69,50,-251,-18,65,-7
-68,47,-250,-15,67,-4
-69,47,-251,-18,69,-7
-69,47,-250,-20,72,-4
-68,47,-248,-20,71,-5
-69,48,-251,-20,71,-4
-71,51,-248,-22,72,-6
-66,46,-251,-23,74,-3
-68,48,-250,-25,73,-5
-67,48,-250,-24,76,-3
-68,42,-249,-27,76,-6
-71,53,-255,-28,75,-4
-72,53,-245,-29,75,-5
-51,41,-250,-29,75,-3
-71,46,-259,-29,74,-4
-61,53,-254,-28,75,-3
-64,48,-264,-28,73,-5
-64,46,-254,-26,72,-3
-72,47,-252,-26,72,-4
-70,51,-252,-25,73,-2
-66,48,-252,-26,73,-5
-70,49,-257,-27,71,-3
-67,49,-251,-29,69,-6
-70,49,-252,-29,69,-3
-71,48,-253,-28,69,-5
-66,51,-250,-27,68,-1
-67,51,-250,-28,69,-4
-69,48,-252,-26,69,-4
-68,50,-250,-24,69,-6
-67,50,-252,-24,69,-2
-68,48,-254,-23,69,-5
-67,50,-251,-23,67,-3
-69,48,-249,-21,66,-4
-69,50,-254,-21,64,-4
-71,49,-251,-19,62,-5
-65,49,-251,-18,64,-4
-70,49,-248,-17,63,-5
-67,47,-250,-17,63,-3
-65,48,-249,-19,64,-5
-70,48,-247,-22,66,-3
-66,48,-246,-27,64,-5
-69,49,-246,-30,65,-3
-63,49,-251,-25,65,-5
-70,48,-256,-17,67,-4
-68,47,-254,-7,67,-6
-67,50,-253,-4,67,-5
-70,48,-253,-5,68,-6
-68,48,-253,-6,67,-5
-70,48,-251,-11,67,-5
-68,50,-253,-15,68,-5
-65,46,-252,-20,69,-6
-66,46,-255,-24,68,-5
-70,51,-255,-27,67,-5
-68,48,-251,-29,67,-5
-68,49,-251,-27,66,-6
-69,49,-253,-26,68,-5
-66,47,-250,-23,67,-4
-70,49,-253,-21,65,-4
-70,49,-254,-22,64,-4
-67,48,-253,-21,63,-4
-67,48,-256,-20,64,-2
-71,50,-251,-22,63,-4
-68,51,-252,-24,62,-3
-65,47,-247,-24,63,-4
-69,50,-251,-26,63,-3
-69,48,-250,-24,64,-2
-67,51,-249,-24,66,-4
-72,52,-250,-22,67,-4
-69,48,-251,-21,67,-3
-71,51,-252,-20,66,-4
-68,50,-250,-21,66,-3
-70,52,-252,-20,66,-5
-68,50,-249,-18,66,-4
-67,49,-250,-19,66,-6
-69,49,-250,-19,67,-4
-69,52,-249,-17,68,-4
-70,50,-249,-19,69,-4
-69,48,-251,-18,67,-4
-68,48,-251,-19,67,-4
-69,52,-247,-17,68,-4
-67,49,-251,-17,68,-3
-72,51,-249,-19,67,-5
-68,50,-249,-16,67,-4
-71,49,-255,-16,66,-5
-70,49,-253,-16,66,-3
-69,48,-249,-16,65,-6
-67,50,-249,-17,64,-4
-67,46,-250,-17,65,-5
-69,51,-249,-17,67,-4
-69,50,-251,-18,67,-5
-66,52,-252,-18,67,-4
-68,50,-251,-19,65,-5
-70,48,-253,-19,64,-3
-68,51,-251,-19,64,-5
-67,51,-253,-19,64,-5
-67,48,-248,-18,64,-6
-71,50,-250,-17,65,-3
-68,48,-252,-19,64,-5
-69,50,-253,-19,65,-2
-71,51,-250,-20,66,-5
-67,48,-252,-21,65,-4
-71,51,-249,-21,65,-5
-68,49,-249,-22,65,-3
-70,46,-252,-22,66,-6
-66,51,-251,-22,65,-4
-68,50,-252,-24,65,-6
-70,48,-250,-25,64,-4
-69,49,-252,-26,64,-5
-65,47,-256,-25,64,-3
-69,48,-252,-25,63,-4
-67,50,-252,-24,64,-3
-69,46,-252,-21,64,-6
-69,51,-252,-21,64,-4
-70,51,-252,-20,64,-6
-71,49,-253,-19,62,-4
-67,49,-249,-20,62,-6
-70,51,-250,-19,62,-3
-69,51,-252,-20,62,-6
-69,49,-251,-20,61,-3
-68,52,-249,-20,62,-5
-68,52,-249,-20,63,-3
-69,51,-252,-19,64,-5
-69,50,-251,-19,65,-3
-64,49,-251,-19,67,-5
-68,50,-249,-19,67,-3
-68,52,-249,-17,67,-7
-67,49,-253,-17,66,-5
-68,47,-249,-17,67,-5
-69,50,-253,-16,66,-4
-67,51,-253,-17,65,-6
-71,53,-253,-16,64,-4
-70,51,-250,-16,66,-6
-70,50,-249,-17,66,-4
-65,51,-252,-17,65,-5
-70,49,-254,-17,66,-4
-66,48,-252,-17,66,-6
-68,49,-250,-16,67,-3
-68,50,-252,-15,66,-5
-69,51,-254,-16,67,-5
-68,49,-250,-15,66,-6
-69,50,-252,-18,67,-4
-70,52,-253,-17,66,-5
-68,49,-254,-18,65,-5
-70,50,-251,-19,66,-6
-68,51,-252,-18,68,-3
-68,49,-250,-19,67,-6
-70,50,-253,-19,66,-4
-70,51,-252,-18,66,-5
-70,49,-252,-19,64,-4
-66,46,-256,-17,64,-5
-67,46,-252,-19,64,-4
-66,50,-252,-20,64,-5
-70,52,-249,-20,65,-4
-68,50,-250,-21,64,-6
-67,49,-249,-21,65,-4
-66,49,-250,-20,64,-5
-69,49,-250,-20,65,-6
-68,48,-251,-19,66,-5
-71,51,-252,-20,66,-4
-68,50,-252,-20,66,-5
-71,50,-250,-21,66,-5
-69,53,-251,-20,66,-6
-68,51,-251,-20,66,-5
-69,49,-251,-19,67,-5
-70,50,-251,-20,66,-6
-69,53,-250,-19,65,-5
-65,50,-254,-18,67,-5
-70,49,-249,-17,67,-6
-69,50,-253,-17,68,-4
-66,49,-248,-17,68,-3
-67,50,-251,-17,67,-5
-70,50,-251,-16,68,-3
-69,53,-252,-16,70,-4
-68,50,-252,-15,69,-4
-66,50,-254,-16,69,-6
-68,49,-251,-16,67,-4
-68,49,-251,-18,66,-5
-70,51,-253,-18,65,-5
-70,51,-254,-17,62,-6
-69,49,-252,-17,64,-6
-69,50,-250,-15,65,-7
-70,53,-251,-12,68,-5
-66,53,-251,-12,68,-6
-70,49,-248,-12,67,-6
-67,49,-252,-12,67,-7
-69,50,-253,-13,65,-5
-69,49,-251,-12,61,-6
-68,47,-250,-11,60,-5
-69,50,-254,-10,61,-6
-65,49,-247,-10,61,-6
-66,51,-249,-10,62,-6
-66,48,-251,-13,65,-4
-67,49,-248,-18,66,-5
-65,50,-248,-21,66,-3
-69,50,-250,-24,67,-6
-69,49,-250,-20,68,-4
-67,49,-253,-13,68,-7
-66,49,-260,-1,69,-5
-66,50,-254,2,68,-9
-71,49,-254,1,66,-6
-70,50,-250,0,65,-8
-69,49,-250,-5,65,-6
-71,48,-254,-10,66,-7
-68,49,-254,-15,66,-5
-65,50,-254,-17,65,-8
-68,48,-254,-20,65,-5
-68,49,-252,-21,65,-7
-70,52,-254,-22,64,-5
-70,51,-253,-21,65,-7
-69,52,-249,-19,63,-4
-69,50,-250,-17,63,-7
-69,52,-252,-15,64,-4
-67,51,-252,-14,64,-7
-67,51,-251,-14,62,-3
-70,51,-253,-17,61,-6
-69,48,-250,-17,62,-5
-68,51,-253,-17,62,-6
-68,50,-249,-16,63,-4
-68,51,-248,-14,64,-6
-69,49,-250,-14,65,-3
-69,52,-253,-13,64,-6
-67,48,-249,-13,65,-4
-69,48,-252,-12,64,-5
-67,47,-252,-11,65,-4
-68,49,-255,-9,66,-7
-66,48,-252,-10,65,-5
-72,50,-252,-10,65,-7
-68,52,-254,-9,65,-4
-69,51,-253,-10,65,-7
-69,52,-250,-10,64,-5
-69,51,-253,-10,64,-7
-67,47,-252,-9,63,-5
-68,50,-252,-9,63,-7
-66,46,-251,-8,62,-5
-68,48,-252,-9,59,-8
-70,52,-250,-8,61,-5
-66,50,-253,-8,59,-8
-68,49,-250,-9,59,-5
-68,46,-252,-10,58,-8
-67,50,-254,-9,59,-5
-69,53,-251,-10,60,-7
-66,48,-250,-11,62,-4
-65,50,-253,-13,61,-6
-69,49,-248,-14,60,-5
-67,47,-251,-13,62,-6
-68,50,-250,-15,60,-6
-70,51,-251,-13,60,-7
-66,50,-251,-12,60,-5
-68,49,-255,-11,62,-7
-68,50,-251,-11,61,-6
-68,49,-252,-12,61,-7
-67,50,-249,-13,61,-6
-70,53,-253,-13,59,-7
-68,48,-249,-13,59,-6
-71,49,-250,-13,61,-8
-66,46,-250,-14,60,-6
-68,50,-249,-15,60,-7
-67,50,-252,-15,59,-6
-67,48,-252,-15,58,-5
-71,52,-252,-15,58,-5
-66,49,-251,-15,58,-6
-69,47,-253,-16,59,-5
-70,50,-253,-16,58,-6
-69,49,-253,-15,58,-5
-71,50,-251,-14,57,-7
-69,50,-251,-15,58,-6
-68,52,-249,-14,58,-6
-64,45,-250,-14,59,-5
-66,47,-249,-14,59,-6
-70,51,-253,-14,61,-7
-69,49,-249,-15,62,-6
-67,47,-250,-14,61,-6
-68,51,-254,-14,62,-5
-67,51,-252,-12,62,-5
-68,47,-255,-11,63,-6
-69,48,-253,-10,62,-5
-69,49,-251,-10,63,-6
-68,49,-249,-11,61,-7
-67,48,-252,-11,61,-4
-70,50,-251,-10,61,-5
-67,50,-250,-9,60,-5
-69,53,-254,-9,61,-7
-68,48,-251,-10,61,-5
-69,50,-251,-8,62,-6
-67,50,-252,-8,63,-5
-69,50,-252,-8,64,-6
-67,51,-252,-8,62,-5
-67,49,-250,-9,61,-5
-70,50,-252,-10,61,-5
-69,49,-252,-9,62,-7
-67,50,-251,-9,62,-6
-69,48,-249,-7,60,-8
-70,50,-248,-8,60,-5
-68,51,-250,-8,59,-7
-69,48,-250,-7,59,-4
-70,49,-252,-8,58,-5
-71,50,-254,-9,59,-6
-71,49,-251,-11,60,-7
-69,50,-254,-10,61,-5
-69,48,-255,-10,61,-7
-69,51,-248,-10,60,-5
-69,50,-254,-11,61,-7
-68,48,-250,-13,60,-5
-71,49,-248,-12,60,-7
-70,50,-249,-12,59,-5
-69,48,-251,-11,59,-7
-68,51,-250,-12,59,-5
-67,49,-251,-12,60,-7
-70,50,-252,-10,60,-6
-70,47,-252,-11,59,-8
-70,52,-251,-10,61,-6
-65,48,-251,-10,60,-7
-67,49,-252,-10,61,-5
-67,48,-250,-10,61,-6
-70,48,-251,-10,62,-5
-70,50,-251,-12,62,-8
-69,49,-248,-12,63,-4
-69,50,-251,-12,63,-7
-68,49,-249,-13,62,-5
-67,52,-256,-15,62,-6
-69,49,-254,-15,63,-4
-70,50,-254,-12,62,-7
-71,49,-253,-12,62,-5
-67,50,-251,-11,63,-8
-70,50,-250,-11,62,-5
-67,51,-250,-10,63,-6
-67,50,-249,-11,63,-5
-65,49,-253,-12,63,-6
-67,47,-253,-12,63,-4
-68,50,-252,-11,60,-8
-67,48,-250,-10,57,-6
-67,48,-249,-11,59,-7
-70,47,-250,-10,59,-5
-70,51,-251,-7,60,-8
-68,47,-248,-8,62,-4
-68,51,-248,-13,62,-7
-67,48,-250,-17,63,-4
-71,51,-247,-20,62,-6
-68,47,-249,-21,64,-3
-68,47,-251,-16,64,-7
-67,50,-257,-8,66,-4
-71,50,-254,0,66,-8
-67,48,-255,1,66,-7
-69,50,-252,-1,67,-10
-69,50,-253,-5,64,-6
-68,49,-252,-11,64,-7
-68,47,-249,-15,65,-5
-69,49,-250,-19,65,-6
-68,47,-255,-20,65,-5
-71,50,-251,-21,63,-6
-68,51,-251,-21,61,-4
-69,51,-251,-19,63,-6
-71,50,-253,-16,62,-4
-67,53,-253,-13,63,-6
-69,49,-249,-11,63,-4
-69,48,-250,-12,63,-6
-70,51,-251,-14,61,-4
-69,50,-253,-17,62,-5
-68,48,-251,-17,61,-5
-68,47,-253,-17,61,-6
-68,51,-248,-17,63,-4
-68,49,-248,-16,62,-5
-68,50,-249,-16,63,-4
-68,47,-251,-15,63,-5
-69,48,-249,-14,63,-4
-71,50,-249,-11,63,-7
-69,50,-251,-10,64,-4
-69,51,-248,-12,64,-6
-66,49,-253,-11,62,-5
-65,47,-255,-9,63,-7
-68,48,-251,-9,63,-6
-67,49,-248,-7,64,-5
-69,46,-251,-7,65,-5
-69,47,-247,-8,65,-6
-69,50,-250,-8,64,-6
-67,48,-249,-8,65,-6
-68,49,-252,-8,64,-6
-68,48,-254,-10,63,-7
-67,48,-254,-10,62,-6
-68,47,-257,-10,62,-6
-70,50,-250,-12,61,-6
-69,47,-251,-12,62,-7
-70,49,-255,-11,62,-7
-67,49,-250,-13,62,-7
-68,47,-249,-13,62,-7
-66,48,-251,-14,63,-6
-70,50,-252,-15,64,-7
-69,48,-251,-17,64,-5
-70,48,-256,-17,63,-5
-68,50,-251,-17,62,-4
-67,48,-255,-16,62,-5
-68,50,-250,-15,63,-5
-68,47,-254,-15,62,-6
-69,47,-251,-13,63,-6
-67,46,-251,-12,63,-6
-66,50,-251,-13,62,-5
-68,48,-252,-12,62,-6
-68,48,-253,-13,61,-5
-68,49,-250,-14,61,-7
-68,51,-253,-15,61,-5
-68,50,-253,-17,59,-6
-69,51,-252,-17,60,-5
-67,50,-252,-19,60,-6
-68,48,-252,-17,59,-5
-70,52,-251,-17,61,-7
-68,49,-253,-17,61,-6
-65,49,-251,-16,60,-6
-68,49,-249,-16,62,-2
-70,49,-253,-13,62,-6
-70,48,-252,-14,62,-4
-69,50,-250,-13,61,-6
-71,50,-250,-13,59,-5
-71,49,-250,-12,60,-7
-68,50,-250,-13,61,-4
-70,47,-253,-13,61,-6
-72,50,-255,-13,61,-4
-69,46,-249,-12,61,-6
-67,48,-251,-13,63,-4
-70,49,-252,-12,62,-6
-70,50,-250,-12,63,-3
-68,48,-250,-11,63,-6
-64,45,-249,-12,62,-3
-70,50,-253,-12,62,-6
-67,46,-251,-12,64,-4
-67,49,-250,-12,64,-7
-68,50,-249,-12,65,-5
-65,47,-251,-10,65,-7
-72,47,-253,-10,65,-5
-68,51,-250,-10,64,-7
-67,45,-252,-9,63,-4
-70,48,-252,-9,64,-8
-69,49,-251,-10,63,-5
-68,47,-250,-9,61,-7
-67,51,-252,-10,62,-5
-72,46,-251,-10,62,-7
-70,48,-251,-10,61,-5
-66,47,-249,-11,61,-8
-69,49,-251,-12,61,-4
-70,49,-251,-11,62,-8
-71,47,-252,-12,61,-4
-69,49,-252,-12,62,-7
-69,47,-249,-12,62,-5
-68,49,-251,-12,61,-7
-66,48,-250,-12,61,-6
-67,48,-251,-12,59,-6
-70,46,-251,-12,58,-5
-69,49,-249,-12,57,-7
-67,47,-253,-11,57,-5
-70,49,-252,-10,58,-6
-67,48,-252,-10,57,-3
-68,49,-256,-11,57,-5
-70,45,-252,-11,58,-4
-68,47,-255,-10,58,-6
-69,46,-250,-11,56,-5
-71,49,-253,-11,58,-5
-68,48,-253,-12,58,-4
-69,48,-251,-12,59,-5
-68,49,-249,-13,59,-4
-69,49,-250,-14,59,-6
-69,47,-252,-14,58,-4
-68,47,-254,-14,59,-5
-68,48,-253,-13,60,-4
-71,48,-251,-12,62,-6
-68,50,-252,-12,61,-5
-67,49,-252,-11,63,-6
-67,51,-251,-12,62,-6
-67,46,-249,-13,62,-6
-70,48,-249,-14,62,-5
-68,49,-249,-15,60,-6
-69,48,-253,-15,61,-5
-69,49,-250,-15,63,-7
-68,49,-252,-14,63,-5
-67,46,-253,-14,65,-6
-69,48,-249,-12,67,-5
-70,50,-249,-15,67,-5
-69,49,-249,-19,69,-6
-68,48,-249,-23,70,-4
-71,49,-248,-25,71,-4
-73,51,-238,-26,71,-6
-64,43,-244,-23,70,-7
-78,46,-260,-16,72,-7
-70,60,-253,-7,72,-5
-80,44,-251,-7,72,-5
-82,42,-258,-8,72,-4
-62,54,-257,-12,70,-4
-74,46,-261,-16,69,-5
-76,56,-264,-21,67,-4
-68,48,-256,-25,67,-4
-65,48,-251,-28,65,-5
-70,51,-252,-29,65,-4
-69,49,-252,-28,63,-4
-69,46,-251,-26,63,-4
-67,47,-251,-25,63,-5
-70,48,-250,-21,64,-4
-70,48,-250,-22,64,-4
-69,46,-252,-22,63,-4
-68,49,-249,-23,61,-4
-69,51,-248,-23,62,-5
-68,49,-249,-24,64,-5
-70,48,-250,-23,65,-6
-69,48,-253,-23,67,-5
-70,48,-248,-21,66,-7
-69,51,-250,-20,68,-5
-69,50,-254,-19,70,-6
-70,51,-251,-16,70,-5
-67,48,-253,-16,72,-6
-67,49,-254,-12,73,-6
-68,49,-250,-12,72,-6
-70,50,-250,-10,71,-6
-71,46,-252,-10,71,-8
-65,46,-249,-9,70,-6
-70,49,-249,-9,71,-8
-65,48,-253,-10,70,-5
-68,47,-249,-10,70,-8
-70,50,-252,-11,70,-5
-70,48,-250,-12,70,-7
-69,51,-256,-12,70,-5
-66,48,-252,-11,69,-7
-68,49,-248,-13,68,-5
-70,50,-255,-16,66,-7
-69,46,-250,-15,66,-5
-63,52,-250,-15,65,-8
-69,48,-258,-15,65,-6
-67,47,-251,-14,64,-8
-70,48,-253,-15,64,-4
-69,49,-249,-17,66,-6
-69,48,-250,-21,65,-5
-69,48,-250,-22,68,-6
-68,49,-252,-21,67,-4
-68,47,-249,-21,69,-7
-68,51,-250,-21,67,-4
-67,47,-251,-21,66,-6
-70,48,-254,-18,66,-4
-72,49,-250,-19,65,-5
-69,49,-250,-20,64,-3
-67,50,-256,-20,65,-5
-68,48,-252,-20,64,-2
-70,48,-251,-21,65,-4
-71,50,-250,-23,65,-3
-69,49,-253,-24,65,-5
-69,49,-253,-25,67,-3
-70,47,-252,-26,67,-5
-68,48,-251,-25,67,-2
-68,47,-254,-26,68,-6
-67,49,-252,-27,68,-4
-68,47,-250,-26,69,-6
-67,50,-255,-27,68,-2
-69,51,-249,-25,67,-5
-68,50,-252,-24,69,-4
-68,50,-251,-24,68,-5
-68,49,-252,-23,69,-3
-70,51,-252,-21,68,-6
-66,48,-253,-21,68,-2
-69,49,-250,-22,70,-5
-69,48,-250,-21,70,-3
-67,46,-250,-22,70,-5
-68,51,-252,-22,70,-4
-70,49,-251,-22,71,-6
-69,48,-249,-21,74,-3
-66,45,-250,-20,73,-6
-68,49,-248,-20,71,-4
-69,51,-252,-20,71,-5
-68,48,-249,-18,70,-3
-67,50,-250,-16,71,-5
-71,50,-251,-16,70,-3
-72,51,-253,-17,71,-5
-69,48,-248,-18,70,-4
-70,48,-252,-17,71,-5
-70,46,-250,-17,71,-4
-68,50,-254,-17,69,-4
-69,50,-251,-18,68,-5
-68,49,-249,-18,66,-6
-67,50,-252,-17,65,-5
-69,48,-254,-17,66,-6
-67,49,-250,-17,65,-5
-70,51,-252,-18,65,-5
-71,49,-253,-17,65,-4
-68,49,-251,-18,66,-5
-69,50,-249,-18,67,-3
-67,48,-253,-20,66,-6
-67,47,-251,-19,65,-5
-67,49,-252,-19,67,-4
-70,51,-249,-19,66,-4
-68,50,-255,-18,65,-5
-68,49,-253,-19,66,-4
-71,51,-256,-19,66,-5
-68,48,-250,-19,66,-5
-69,50,-251,-20,66,-6
-67,47,-251,-21,66,-5
-69,48,-251,-21,66,-4
-65,52,-251,-21,65,-6
-67,48,-247,-20,67,-5
-67,49,-253,-21,68,-5
-67,48,-254,-19,66,-4
-69,50,-254,-19,66,-5
-67,49,-251,-18,67,-4
-68,50,-250,-17,68,-3
-68,50,-257,-18,68,-3
-68,51,-249,-19,68,-4
-66,48,-250,-21,68,-3
-68,51,-252,-21,67,-3
-68,48,-250,-21,68,-4
-68,50,-252,-22,67,-6
-70,48,-252,-21,66,-5
-69,50,-251,-20,67,-6
-69,49,-251,-18,68,-4
-67,51,-254,-15,67,-6
-67,49,-253,-16,68,-6
-68,48,-251,-15,68,-7
-66,52,-253,-15,65,-4
-65,49,-256,-14,63,-7
-68,49,-250,-14,63,-5
-68,49,-251,-13,63,-6
-69,50,-247,-13,61,-5
-67,51,-254,-11,62,-6
-67,48,-249,-11,64,-4
-67,50,-247,-14,66,-5
-67,47,-250,-17,68,-4
-66,49,-249,-21,70,-5
-66,47,-245,-24,70,-4
-67,46,-250,-22,72,-6
-68,48,-253,-16,73,-5
-65,49,-254,-9,73,-7
-69,49,-252,-6,74,-5
-66,51,-251,-6,74,-8
-67,51,-251,-8,72,-6
-65,51,-249,-11,73,-8
-68,50,-251,-15,72,-6
-67,49,-255,-18,71,-8
-68,47,-254,-21,72,-5
-66,51,-259,-25,70,-6
-68,51,-255,-26,71,-5
-67,48,-249,-24,69,-6
-65,45,-252,-23,70,-4
-70,51,-256,-23,71,-7
-69,50,-254,-22,70,-4
-68,48,-252,-22,67,-6
-68,50,-249,-22,66,-2
-67,49,-251,-22,65,-4
-69,49,-255,-23,65,-2
-67,50,-250,-25,65,-4
-67,51,-256,-24,66,-3
-66,49,-250,-23,67,-5
-67,48,-249,-22,68,-2
-67,49,-251,-22,69,-5
-67,52,-254,-22,69,-2
-66,52,-249,-21,70,-6
-68,50,-251,-21,70,-3
-69,53,-249,-21,69,-5
-68,52,-249,-19,70,-3
-66,47,-250,-17,70,-6
-70,51,-249,-16,69,-4
-67,50,-249,-18,70,-7
-69,50,-249,-15,70,-6
-69,47,-250,-17,70,-7
-65,47,-251,-16,70,-5
-68,48,-254,-17,71,-7
-68,51,-250,-16,70,-4
-69,48,-251,-17,68,-6
-68,52,-250,-18,69,-4
-68,52,-251,-17,69,-6
-69,49,-253,-16,68,-4
-69,50,-253,-17,67,-6
-66,48,-255,-16,67,-5
-67,49,-250,-15,66,-7
-68,48,-253,-15,66,-4
-67,51,-252,-17,64,-6
-68,51,-250,-18,64,-4
-69,47,-250,-19,66,-6
-67,50,-251,-19,67,-3
-66,48,-254,-19,65,-6
-67,50,-253,-20,65,-3
-67,49,-250,-20,64,-6
-68,50,-249,-21,64,-4
-66,49,-250,-20,63,-7
-67,49,-255,-20,63,-5
-68,53,-254,-18,63,-6
-68,47,-252,-18,63,-4
-70,51,-254,-18,64,-6
-66,48,-255,-17,62,-5
-66,50,-249,-15,63,-6
-64,49,-253,-18,63,-5
-69,51,-252,-16,62,-5
-68,53,-250,-17,60,-4
-66,49,-250,-17,60,-6
-66,51,-253,-18,60,-5
-68,53,-252,-17,57,-4
-68,49,-253,-17,58,-5
-69,53,-255,-14,57,-5
-71,53,-249,-14,56,-5
-67,49,-248,-13,57,-6
-67,50,-252,-12,59,-5
-65,46,-250,-11,58,-5
-67,48,-252,-11,60,-4
-69,49,-250,-12,60,-5
-66,49,-251,-12,63,-5
-69,51,-250,-12,64,-5
-65,51,-250,-12,64,-7
-66,49,-248,-13,66,-6
-67,51,-250,-12,66,-4
-65,49,-248,-11,66,-5
-67,49,-252,-10,63,-6
-67,49,-253,-10,64,-6
-67,52,-252,-10,65,-6
-68,47,-252,-10,64,-5
-67,48,-251,-9,64,-5
-64,46,-248,-8,64,-5
-69,49,-250,-8,64,-6
-70,50,-249,-8,64,-4
-66,49,-250,-8,63,-6
-70,49,-252,-8,63,-6
-67,50,-252,-7,61,-7
-70,51,-250,-8,62,-7
-68,49,-252,-10,61,-6
-69,51,-251,-10,61,-5
-68,51,-249,-10,60,-7
-68,52,-254,-10,59,-4
-67,50,-248,-10,57,-6
-67,50,-254,-11,57,-5
-66,49,-252,-10,57,-7
-67,50,-251,-11,56,-4
-68,49,-251,-11,57,-5
-70,51,-253,-10,56,-4
-69,51,-254,-10,57,-6
-68,48,-251,-9,57,-6
-68,52,-249,-9,57,-7
-68,51,-250,-8,57,-6
-67,48,-249,-7,58,-7
-66,51,-250,-6,57,-5
-67,47,-248,-6,57,-7
-67,50,-253,-7,57,-5
-68,50,-253,-7,57,-7
-64,49,-249,-8,56,-4
-67,48,-253,-9,55,-6
-68,49,-249,-9,56,-5
-67,48,-252,-10,56,-7
-68,51,-251,-9,57,-6
-67,49,-248,-9,58,-7
-67,49,-250,-9,58,-5
-66,45,-248,-9,60,-7
-66,54,-253,-8,59,-4
-71,52,-251,-8,61,-8
-66,51,-250,-8,62,-5
-66,50,-250,-9,62,-8
-69,50,-250,-10,62,-5
-69,49,-254,-11,60,-7
-68,48,-251,-12,59,-6
-67,49,-254,-10,57,-7
-68,49,-252,-8,58,-5
-71,51,-251,-6,57,-8
-69,49,-255,-7,58,-5
-68,51,-252,-7,57,-7
-68,49,-251,-9,56,-5
-68,50,-255,-10,55,-8
-70,50,-256,-11,54,-5
-68,50,-252,-11,54,-7
-68,50,-253,-10,52,-5
-66,48,-251,-8,54,-7
-68,48,-252,-8,55,-4
-67,51,-251,-9,58,-7
-68,50,-250,-10,59,-5
-65,48,-248,-11,59,-6
-68,46,-249,-14,60,-4
-67,49,-247,-17,63,-6
-71,47,-249,-14,65,-5
-69,50,-253,-7,66,-7
-69,48,-251,2,64,-6
-71,49,-255,4,64,-8
-67,50,-254,4,62,-5
-69,47,-256,-1,61,-8
-68,49,-254,-5,62,-5
-68,48,-254,-10,61,-7
-69,48,-252,-13,62,-7
-68,46,-252,-15,63,-8
-67,49,-249,-16,64,-6
-67,48,-252,-15,61,-5
-68,49,-256,-13,60,-4
-67,48,-253,-12,60,-7
-67,49,-253,-10,61,-5
-68,49,-252,-9,58,-6
-68,51,-250,-9,59,-5
-69,49,-250,-10,58,-6
-68,48,-251,-11,57,-5
-67,50,-248,-11,58,-7
-64,54,-253,-14,56,-4
-66,51,-250,-13,57,-5
-70,49,-253,-12,58,-3
-70,50,-249,-12,59,-4
-68,49,-251,-11,60,-4
-69,48,-250,-10,61,-5
-65,48,-253,-9,62,-5
-68,51,-252,-8,61,-7
-69,48,-253,-7,61,-5
-69,48,-249,-7,61,-6
-67,49,-250,-8,61,-6
-69,48,-250,-7,62,-6
-67,50,-249,-7,61,-5
-67,49,-251,-7,60,-6
-66,50,-250,-8,60,-6
-68,50,-252,-8,59,-6
-67,49,-252,-9,60,-6
-70,49,-249,-8,61,-5
-68,48,-251,-8,60,-6
-70,52,-251,-9,60,-7
-68,46,-250,-10,59,-7
-71,48,-252,-8,59,-6
-65,48,-254,-9,60,-6
-68,49,-252,-9,60,-6
-69,47,-252,-7,57,-7
-68,48,-252,-7,58,-6
-66,47,-250,-8,57,-7
-70,50,-251,-9,58,-6
-68,47,-248,-10,59,-6
-68,50,-251,-11,57,-5
-70,48,-253,-12,56,-6
-69,50,-255,-13,57,-5
-70,51,-253,-13,57,-6
-67,47,-253,-12,58,-6
-68,48,-252,-10,57,-7
-70,48,-252,-11,59,-5
-70,47,-248,-10,59,-6
-69,48,-250,-10,58,-6
-69,47,-256,-12,58,-7
-67,49,-249,-13,59,-5
-66,48,-253,-12,60,-6
-68,47,-251,-14,60,-5
-69,47,-250,-14,59,-7
-72,48,-251,-14,58,-5
-72,49,-254,-15,60,-7
-71,49,-252,-15,58,-4
-68,49,-254,-14,59,-6
-69,48,-250,-14,61,-4
-70,47,-249,-14,60,-6
-68,48,-250,-14,60,-3
-69,52,-253,-13,61,-8
-69,50,-257,-12,60,-5
-69,48,-250,-11,59,-7
-68,49,-254,-12,58,-5
-72,49,-253,-12,59,-7
-68,50,-249,-13,58,-5
-69,48,-250,-11,59,-7
-71,50,-249,-12,61,-5
-68,50,-249,-13,61,-8
-70,51,-254,-12,60,-5
-67,46,-252,-12,61,-7
-67,49,-252,-11,61,-5
-67,50,-250,-11,60,-6
-68,47,-249,-10,61,-4
-71,53,-250,-9,61,-8
-68,48,-252,-8,60,-4
-66,46,-253,-8,60,-7
-71,51,-250,-10,61,-5
-68,47,-249,-10,60,-7
-67,50,-252,-9,62,-3
-67,51,-252,-9,61,-7
-69,48,-252,-9,62,-5
-71,47,-253,-9,61,-8
-68,48,-251,-8,61,-7
-68,46,-252,-9,60,-7
-69,48,-255,-8,62,-5
-69,49,-252,-9,63,-8
-67,45,-251,-10,64,-5
-66,47,-252,-7,63,-7
-69,50,-252,-7,63,-4
-71,51,-249,-9,63,-6
-70,47,-254,-9,63,-5
-67,48,-256,-9,60,-6
-69,48,-252,-10,60,-5
-68,47,-250,-11,60,-7
-68,49,-248,-12,59,-6
-69,47,-251,-11,59,-8
-65,44,-248,-11,59,-5
-68,47,-252,-11,59,-8
-66,44,-250,-12,59,-5
-66,46,-252,-12,61,-8
-71,48,-248,-12,59,-5
-68,47,-250,-13,62,-6
-68,47,-250,-11,62,-4
-66,46,-251,-10,62,-7
-68,50,-250,-12,61,-5
-69,48,-250,-13,58,-6
-72,49,-251,-12,58,-4
-70,47,-251,-14,59,-6
-68,47,-250,-14,58,-4
-70,50,-252,-13,59,-5
-67,49,-252,-13,61,-5
-69,47,-247,-12,61,-8
-69,48,-254,-11,60,-5
-71,49,-251,-10,59,-6
-70,49,-250,-9,61,-6
-66,47,-251,-9,61,-6
-68,47,-254,-10,60,-5
-68,46,-251,-10,59,-7
-68,48,-252,-10,58,-5
-69,47,-249,-11,59,-7
-71,47,-253,-11,62,-5
-67,48,-251,-12,62,-7
-71,49,-253,-13,63,-5
-70,47,-252,-13,64,-6
-68,47,-249,-14,64,-6
-68,47,-249,-14,65,-6
-71,49,-252,-13,63,-6
-66,50,-251,-12,63,-6
-71,50,-252,-10,63,-7
-69,48,-254,-8,64,-7
-68,49,-256,-8,63,-6
-70,48,-255,-10,62,-7
-69,50,-252,-9,62,-7
-69,49,-250,-10,60,-8
-69,48,-248,-11,60,-7
-70,48,-251,-10,58,-8
-70,49,-255,-8,61,-7
-72,48,-252,-9,62,-6
-69,44,-250,-7,61,-7
-69,48,-249,-8,61,-6
-69,47,-246,-10,62,-6
-68,49,-250,-15,61,-7
-69,44,-246,-19,60,-6
-69,48,-248,-20,61,-5
-69,50,-254,-15,62,-7
-68,46,-255,-6,63,-6
-69,48,-255,-1,63,-8
-68,47,-254,-1,63,-5
-71,48,-250,-2,64,-8
-68,51,-250,-5,63,-6
-65,47,-250,-9,65,-7
-70,49,-252,-15,66,-5
-72,49,-254,-18,65,-5
-68,47,-250,-21,66,-4
-69,48,-255,-18,63,-7
-69,49,-251,-17,65,-6
-66,47,-248,-17,64,-7
-68,47,-249,-16,60,-5
-68,49,-252,-14,60,-6
-66,47,-252,-15,61,-5
-67,49,-250,-14,61,-7
-74,46,-247,-13,61,-3
-71,51,-251,-14,60,-5
-66,45,-272,-14,59,-3
-74,55,-256,-15,61,-5
-67,39,-253,-17,63,-3
-61,57,-251,-13,63,-6
-75,41,-252,-15,67,-4
-68,49,-244,-17,67,-5
-81,40,-247,-17,64,-3
-64,52,-255,-15,65,-6
-71,49,-249,-16,66,-3
-68,47,-249,-17,67,-7
-70,49,-251,-17,68,-4
-67,55,-250,-16,68,-7
-66,49,-250,-16,71,-5
-68,48,-254,-16,71,-7
-70,44,-250,-16,70,-5
-68,49,-251,-16,72,-7
-68,49,-254,-17,71,-5
-69,48,-249,-18,70,-7
-70,46,-252,-21,71,-4
-71,47,-250,-21,72,-7
-69,49,-252,-21,72,-4
-68,45,-251,-21,73,-7
-70,47,-255,-22,73,-4
-70,47,-254,-21,73,-6
-70,50,-255,-21,73,-5
-70,49,-254,-21,70,-7
-67,48,-252,-23,70,-4
-70,47,-250,-23,69,-6
-71,47,-253,-25,68,-3
-68,47,-251,-25,67,-5
-67,47,-254,-25,67,-3
-68,46,-249,-26,66,-5
-68,50,-249,-26,63,-3
-71,49,-249,-26,63,-5
-67,50,-253,-24,65,-3
-68,47,-251,-24,63,-5
-68,48,-249,-21,64,-3
-70,48,-251,-20,63,-5
-68,50,-252,-20,62,-3
-68,47,-255,-19,61,-6
-70,47,-250,-19,61,-2
-71,49,-251,-20,59,-6
-71,47,-254,-22,60,-3
-67,47,-251,-22,59,-5
-68,48,-251,-21,58,-4
-69,47,-250,-23,58,-5
-68,47,-252,-22,60,-2
-67,48,-251,-21,62,-5
-69,48,-250,-21,62,-3
-70,48,-251,-19,61,-5
-70,49,-252,-19,61,-4
-66,48,-252,-19,61,-6
-66,47,-250,-19,60,-4
-68,50,-253,-18,61,-6
-70,51,-254,-16,60,-5
-69,46,-253,-16,61,-6
-69,51,-250,-17,59,-4
-69,49,-250,-17,60,-4
-69,48,-250,-16,62,-4
-67,46,-253,-17,62,-5
-67,47,-250,-17,63,-4
-67,46,-248,-17,62,-6
-72,49,-249,-16,63,-3
-68,48,-251,-17,64,-4
-70,47,-250,-17,63,-3
-70,50,-253,-18,64,-5
-69,50,-252,-17,65,-4
-67,45,-250,-16,65,-4
-67,47,-252,-17,65,-4
-70,48,-249,-17,64,-5
-70,50,-249,-17,64,-3
-71,45,-249,-17,65,-5
-70,50,-253,-17,66,-4
-69,48,-252,-18,66,-7
-70,49,-249,-19,68,-5
-70,48,-251,-19,68,-4
-70,50,-252,-19,68,-3
-68,49,-252,-20,68,-3
-67,47,-253,-20,68,-5
-67,49,-254,-20,68,-4
-70,47,-250,-19,68,-4
-67,47,-249,-19,67,-4
-70,49,-251,-20,68,-4
-72,51,-251,-20,67,-5
-69,49,-252,-21,67,-4
-65,47,-253,-22,67,-5
-67,48,-251,-22,67,-4
-71,48,-255,-22,66,-3
-70,49,-251,-22,66,-4
-70,48,-250,-22,66,-3
-68,49,-252,-22,67,-4
-67,48,-251,-23,66,-4
-68,48,-252,-22,68,-4
-68,48,-249,-23,66,-4
-70,50,-253,-23,69,-5
-70,45,-252,-22,68,-4
-66,47,-251,-22,68,-5
-69,46,-252,-22,68,-4
-67,49,-249,-23,68,-6
-66,48,-251,-21,67,-4
-71,48,-253,-22,66,-4
-71,49,-254,-21,66,-2
-69,49,-250,-20,64,-4
-67,50,-251,-19,65,-5
-69,51,-251,-20,64,-6
-68,46,-251,-19,64,-4
-71,51,-250,-21,65,-5
-67,49,-253,-21,64,-3
-67,49,-251,-20,64,-5
-69,49,-248,-21,65,-4
-69,47,-249,-21,66,-6
-68,50,-252,-22,67,-3
-66,47,-253,-21,67,-5
-68,49,-250,-22,66,-4
-70,49,-254,-22,66,-6
-65,47,-256,-21,65,-3
-68,47,-253,-20,66,-5
-71,49,-252,-20,66,-2
-70,50,-251,-19,66,-5
-67,48,-248,-21,66,-2
-68,48,-249,-22,68,-5
-70,48,-250,-20,67,-3
-70,50,-251,-21,67,-6
-67,48,-250,-20,68,-3
-66,46,-249,-19,67,-6
-67,45,-251,-19,66,-3
-70,50,-255,-20,66,-5
-67,50,-253,-21,66,-3
-68,51,-251,-21,65,-5
-68,48,-251,-22,65,-3

