-.-.-
4,-254,-29,1,87,-3
3,-256,-30,-1,87,-5
3,-254,-25,0,88,-5
4,-253,-27,0,89,-6
3,-256,-28,0,87,-6
5,-255,-21,-1,87,-8
3,-255,-32,-4,89,-7
1,-255,-30,-3,90,-11
4,-256,-34,-5,87,-9
6,-257,-24,-3,83,-13
4,-254,-28,0,85,-11
5,-258,-29,2,90,-14
4,-257,-29,5,91,-13
6,-259,-32,10,89,-17
6,-257,-34,18,87,-14
5,-256,-33,23,90,-17
5,-255,-34,25,90,-16
6,-252,-29,24,88,-19
4,-255,-37,18,79,-18
9,-254,-35,11,66,-24
11,-257,-34,3,61,-25
13,-257,-31,-3,65,-32
9,-257,-33,-2,74,-36
6,-253,-37,-4,84,-43
12,-259,-39,-8,93,-46
21,-260,-34,-15,97,-54
15,-255,-30,-21,109,-61
15,-261,-31,-24,125,-64
11,-259,-29,-19,144,-66
13,-260,-31,-10,152,-65
9,-261,-29,-2,149,-68
14,-261,-30,-4,140,-71
16,-261,-32,-7,133,-78
17,-263,-31,-12,137,-84
13,-262,-27,-15,145,-94
10,-260,-28,-15,151,-99
11,-258,-28,-15,154,-105
15,-260,-27,-8,153,-105
15,-259,-29,0,157,-103
15,-259,-29,8,164,-95
17,-261,-24,10,167,-89
15,-259,-26,6,166,-77
17,-262,-26,2,162,-71
17,-264,-29,-2,159,-63
17,-263,-25,1,160,-59
14,-263,-24,12,164,-50
12,-260,-21,29,167,-46
15,-259,-18,46,168,-39
12,-254,-13,59,169,-39
13,-251,-15,69,164,-33
12,-246,-18,71,160,-33
11,-244,-15,70,155,-29
10,-243,-17,69,149,-28
15,-242,-13,69,142,-23
16,-245,-13,70,138,-22
15,-243,-10,70,135,-19
14,-244,-3,70,128,-20
14,-245,-8,69,120,-19
15,-246,-7,66,115,-17
16,-246,-2,65,108,-16
17,-247,-6,65,102,-15
16,-245,-7,67,99,-13
18,-246,-2,68,95,-10
20,-246,-2,71,89,-5
19,-247,-7,72,84,-2
19,-246,-8,69,82,0
19,-245,-3,63,84,3
16,-246,-4,56,86,4
20,-242,-9,47,91,7
18,-243,-8,36,91,6
17,-245,-6,24,92,9
19,-246,-5,8,89,11
16,-247,-8,-5,87,12
16,-251,-6,-18,91,13
16,-254,-4,-28,95,18
15,-253,-9,-29,97,18
15,-252,-6,-24,92,26
17,-252,-12,-21,82,30
20,-251,-9,-24,77,39
21,-250,-15,-34,80,44
22,-256,-19,-43,84,54
22,-257,-26,-46,89,61
20,-260,-23,-45,99,71
20,-265,-24,-38,111,74
19,-264,-21,-22,121,84
15,-266,-24,-4,123,87
15,-263,-25,16,117,94
15,-260,-28,26,106,93
14,-258,-37,22,92,96
17,-258,-40,4,72,93
13,-259,-45,-6,58,88
21,-251,-48,-10,50,85
18,-256,-43,-2,39,82
13,-252,-41,3,29,73
15,-250,-37,12,19,64
16,-249,-32,30,10,55
14,-246,-31,43,1,44
8,-240,-26,48,-7,29
11,-238,-22,53,-18,15
6,-238,-21,52,-28,0
5,-236,-26,44,-29,-17
2,-237,-21,27,-21,-36
-7,-237,-17,5,-14,-50
-8,-242,-9,-15,-7,-59
-11,-249,-6,-32,-5,-65
-12,-255,5,-45,-3,-62
-12,-260,-1,-60,1,-57
-12,-269,4,-71,11,-45
-14,-274,0,-78,28,-31
-12,-281,0,-72,48,-4
-15,-287,7,-52,62,21
-11,-293,9,-21,77,54
-9,-293,12,14,91,83
-3,-285,14,50,99,117
1,-284,12,99,110,144
5,-278,9,136,126,173
2,-268,6,163,147,196
4,-261,6,180,162,222
7,-256,4,185,172,240
3,-250,5,177,185,260
5,-247,5,158,201,273
-4,-246,4,134,216,287
-8,-240,3,106,225,294
-11,-246,-1,74,225,300
-11,-251,-1,42,225,300
-12,-251,0,17,224,301
-12,-255,-4,1,225,295
-20,-254,-9,-5,225,293
-20,-256,-7,-1,223,290
-20,-250,-15,9,218,290
-22,-247,-12,21,211,290
-20,-240,-16,30,206,291
-17,-232,-12,31,207,290
-15,-227,-13,19,213,287
-22,-225,-11,-3,216,280
-16,-221,-13,-31,219,269
-14,-223,-11,-67,220,257
-12,-225,-11,-100,223,241
-18,-226,-11,-132,228,221
-13,-233,-12,-159,232,201
-12,-240,-8,-170,231,186
-12,-244,-8,-170,229,167
-12,-245,-6,-161,222,156
-11,-250,-1,-144,215,140
-12,-251,-8,-122,214,130
-9,-252,-13,-104,221,119
-12,-253,-7,-88,230,110
-10,-254,-7,-76,237,100
-11,-253,-12,-68,242,94
-12,-253,-7,-59,247,83
-11,-252,-11,-52,249,80
-14,-251,-10,-45,253,72
-18,-250,-1,-31,255,70
-21,-250,1,-16,258,66
-23,-251,-2,-3,256,66
-25,-251,2,6,253,63
-30,-242,3,3,246,63
-27,-253,0,-11,231,60
-22,-258,3,-28,210,61
-19,-258,-3,-38,194,59
-15,-259,1,-32,182,61
-12,-260,7,-11,178,64
-12,-258,8,17,177,67
-11,-252,10,42,181,72
-11,-247,13,61,183,72
-12,-241,14,62,183,73
-10,-241,11,54,185,72
-12,-239,14,41,184,73
-16,-238,11,25,181,70
-21,-238,10,6,178,72
-21,-238,8,-7,175,70
-26,-240,7,-19,173,69
-24,-243,7,-26,174,67
-23,-246,6,-31,175,65
-22,-247,8,-32,180,62
-26,-245,9,-30,182,62
-22,-248,8,-32,183,58
-23,-248,7,-33,185,57
-20,-251,9,-38,187,53
-18,-250,8,-40,193,54
-21,-247,9,-46,197,49
-22,-246,7,-54,203,46
-25,-249,7,-66,212,38
-21,-253,4,-77,221,34
-19,-260,8,-86,229,24
-21,-260,10,-93,237,21
-23,-261,5,-88,246,15
-24,-263,9,-76,259,13
-24,-265,10,-57,271,12
-28,-262,9,-31,279,15
-27,-259,8,-14,285,14
-32,-248,8,-4,286,17
-32,-245,8,0,285,15
-33,-242,5,-6,281,12
-32,-240,3,-17,276,8
-33,-240,9,-30,275,6
-38,-243,9,-45,277,-1
-41,-247,10,-60,278,-5
-41,-246,9,-75,273,-12
-43,-256,9,-90,270,-16
-48,-255,8,-105,266,-22
-49,-261,9,-129,262,-28
-56,-265,1,-151,251,-29
-57,-275,2,-171,231,-29
-57,-282,-6,-193,204,-26
-59,-290,-13,-220,171,-28
-57,-302,-16,-246,138,-26
-52,-309,-16,-268,107,-28
-50,-316,-17,-273,81,-23
-46,-321,-13,-259,60,-17
-46,-325,-10,-229,38,0
-49,-328,-13,-191,14,20
-49,-326,-1,-152,-10,54
-54,-325,-4,-109,-31,78
-51,-325,0,-77,-48,105
-53,-318,-5,-45,-65,125
-51,-312,0,-8,-76,143
-48,-304,3,37,-80,156
-48,-292,5,87,-79,174
-46,-285,3,131,-83,178
-43,-275,-2,157,-94,172
-37,-265,-4,164,-105,154
-34,-262,-8,151,-108,134
-32,-262,-4,130,-105,106
-31,-260,-8,109,-102,79
-29,-261,-9,89,-89,48
-28,-267,-12,65,-76,30
-27,-271,-9,41,-65,17
-30,-273,-20,13,-62,10
-28,-275,-20,-19,-62,4
-25,-278,-26,-45,-62,-2
-21,-278,-30,-60,-60,-9
-19,-278,-35,-66,-47,-18
-17,-274,-36,-58,-26,-31
-12,-268,-42,-35,0,-44
-8,-266,-49,-13,30,-60
-6,-260,-52,10,55,-77
-6,-254,-56,29,84,-97
-5,-248,-63,48,103,-117
-7,-234,-68,64,118,-126
-4,-232,-70,80,131,-131
-6,-226,-66,85,137,-129
-4,-209,-70,85,142,-127
1,-215,-66,76,146,-118
5,-209,-62,59,151,-110
10,-207,-55,33,156,-99
18,-206,-52,3,161,-94
26,-206,-49,-26,167,-89
32,-210,-42,-47,178,-88
36,-217,-34,-65,189,-88
36,-221,-25,-84,193,-93
35,-230,-17,-97,181,-102
39,-241,-21,-78,149,-118
36,-243,-10,-66,113,-136
35,-256,-28,-34,86,-159
22,-261,-20,-27,72,-182
13,-274,-26,-22,61,-210
1,-285,-25,-25,44,-234
-1,-287,-30,-31,17,-268
-11,-288,-34,-29,-8,-296
-12,-291,-39,-10,-23,-322
-16,-285,-30,27,-23,-344
-13,-276,-33,75,-17,-358
-20,-264,-36,132,-19,-365
-24,-253,-34,166,-29,-370
-22,-239,-36,180,-45,-374
-19,-225,-39,170,-62,-379
-15,-221,-36,139,-76,-382
-12,-214,-32,93,-86,-385
-11,-213,-30,43,-93,-387
-5,-213,-30,-10,-98,-384
-3,-219,-31,-58,-104,-385
-3,-221,-29,-99,-116,-384
4,-226,-31,-133,-129,-383
4,-235,-21,-154,-146,-384
8,-233,-31,-165,-156,-389
14,-236,-30,-165,-162,-393
18,-239,-28,-158,-163,-400
22,-239,-27,-148,-162,-404
23,-239,-25,-139,-161,-411
25,-236,-21,-139,-163,-414
26,-236,-17,-145,-169,-420
23,-236,-19,-153,-177,-422
24,-239,-19,-161,-193,-427
24,-238,-20,-165,-210,-425
24,-239,-19,-166,-224,-427
27,-236,-8,-162,-232,-425
29,-243,-17,-157,-232,-424
29,-240,-10,-153,-230,-418
29,-241,-10,-150,-232,-415
28,-237,-7,-146,-234,-403
28,-234,-7,-145,-239,-393
30,-237,-8,-143,-243,-379
28,-238,-8,-141,-249,-367
29,-235,-7,-137,-252,-349
30,-238,0,-127,-252,-338
27,-234,-2,-110,-246,-321
24,-236,-3,-87,-238,-310
23,-232,-2,-67,-234,-295
23,-231,-4,-51,-234,-285
27,-232,-4,-44,-239,-276
26,-228,-2,-42,-246,-268
28,-230,2,-43,-248,-263
28,-232,-6,-43,-246,-257
29,-231,-1,-39,-243,-252
32,-231,4,-31,-235,-245
32,-230,-1,-23,-228,-240
31,-234,1,-15,-224,-229
30,-231,0,-10,-220,-219
32,-231,0,-10,-222,-206
29,-235,5,-14,-226,-196
30,-237,3,-16,-229,-179
28,-242,3,-10,-225,-171
26,-240,8,7,-216,-157
25,-243,10,32,-205,-147
29,-243,10,57,-200,-133
25,-244,12,79,-198,-126
28,-236,9,96,-203,-115
28,-240,11,103,-209,-106
30,-240,8,108,-212,-95
29,-238,11,108,-212,-89
28,-240,12,110,-211,-80
27,-240,13,115,-214,-76
31,-243,14,125,-218,-67
29,-245,10,135,-222,-61
27,-246,13,141,-228,-52
24,-244,13,147,-233,-45
24,-244,9,150,-241,-34
20,-246,8,150,-247,-26
15,-249,15,144,-251,-14
17,-247,7,137,-258,-7
19,-249,6,135,-266,0
18,-252,9,132,-274,2
17,-254,9,131,-282,2
22,-253,15,132,-292,-3
24,-249,11,131,-301,-9
25,-248,9,114,-310,-8
27,-243,8,84,-313,-8
34,-244,8,51,-310,-8
39,-240,2,11,-303,-13
39,-240,8,-31,-292,-18
49,-243,8,-72,-277,-20
52,-249,12,-109,-262,-12
56,-245,20,-143,-250,-6
60,-252,18,-174,-239,8
66,-255,23,-199,-229,19
70,-258,26,-217,-217,31
72,-260,29,-221,-205,35
75,-265,36,-216,-191,37
71,-266,35,-204,-177,34
72,-274,37,-190,-168,34
67,-271,32,-169,-156,2
59,-266,37,-158,-172,10
61,-269,43,-149,-192,41
56,-266,44,-133,-200,49
54,-267,55,-119,-205,41
50,-262,61,-103,-211,37
48,-259,69,-82,-227,31
52,-263,61,-64,-246,29
57,-264,55,-68,-267,13
62,-272,39,-98,-288,-2
72,-284,20,-163,-306,-16
81,-296,-17,-306,-314,-50
83,-318,-54,-472,-300,-115
78,-337,-81,-646,-239,-211
89,-369,-93,-781,-144,-264
101,-396,-94,-834,-17,-301
98,-413,-103,-824,140,-355
92,-418,-100,-765,306,-426
87,-414,-94,-667,441,-509
89,-405,-84,-539,532,-607
92,-387,-75,-398,573,-718
88,-364,-64,-253,581,-792
93,-342,-69,-103,582,-816
91,-320,-76,62,548,-773
82,-298,-88,198,490,-720
59,-268,-109,317,427,-690
34,-238,-127,412,362,-649
26,-219,-140,474,301,-589
-5,-197,-144,479,222,-582
-47,-155,-131,443,182,-556
-62,-124,-120,395,148,-377
-20,-135,-115,328,77,-145
-24,-140,-112,187,-40,-55
-18,-163,-93,-14,-111,1
-12,-203,-84,-211,-107,80
-12,-242,-79,-408,-38,123
-11,-277,-76,-522,39,159
-12,-328,-70,-597,111,179
-9,-373,-67,-631,159,188
-1,-421,-57,-614,190,180
0,-458,-43,-539,213,170
12,-489,-25,-402,240,158
23,-485,-6,-183,259,146
33,-441,-8,161,267,143
49,-389,-21,569,291,169
56,-333,-41,930,346,212
61,-258,-67,1190,430,273
57,-195,-89,1277,517,317
52,-130,-100,1176,555,362
49,-87,-110,971,560,413
47,-68,-119,683,552,469
43,-63,-97,327,536,511
36,-82,-73,-8,516,538
36,-110,-57,-245,511,566
36,-149,-40,-391,522,595
28,-187,-22,-443,539,613
24,-221,-13,-429,554,621
22,-247,-15,-370,561,625
24,-266,-16,-283,559,623
25,-274,-24,-182,553,617
27,-280,-30,-49,554,610
25,-270,-34,59,567,605
31,-266,-44,151,590,593
21,-254,-43,222,617,580
25,-231,-45,269,648,564
11,-224,-47,291,675,551
-1,-209,-38,280,698,534
-10,-200,-39,245,710,527
-22,-191,-37,199,715,522
-27,-192,-32,146,708,523
-33,-186,-29,88,685,520
-36,-184,-24,31,644,532
-35,-193,-23,-21,602,517
-36,-197,-20,-52,575,496
-34,-201,-13,-76,548,483
-36,-206,-15,-90,522,483
-37,-214,-12,-97,498,485
-38,-219,-7,-102,473,490
-43,-227,-1,-95,445,492
-44,-229,0,-79,417,487
-47,-229,5,-52,381,479
-45,-238,3,-22,329,507
-48,-236,6,20,302,485
-54,-228,5,69,288,419
-49,-230,1,116,249,390
-47,-226,-4,156,208,367
-45,-221,-3,179,166,345
-43,-217,-10,195,127,320
-43,-213,-11,207,91,298
-39,-211,-9,218,59,273
-35,-204,-4,224,29,250
-31,-206,-6,228,6,225
-25,-203,-3,228,-13,202
-21,-201,-2,223,-28,174
-14,-203,1,210,-41,147
-12,-200,2,193,-53,117
-10,-201,4,175,-63,88
-12,-202,7,148,-70,61
-10,-201,8,122,-74,41
-12,-204,8,103,-78,18
-12,-205,9,88,-76,6
-13,-206,5,73,-68,-12
-22,-206,6,57,-61,-23
-24,-204,-2,30,-64,-39
-22,-203,-8,-15,-78,-48
-20,-206,-13,-76,-99,-61
-11,-212,-15,-145,-112,-65
-9,-221,-15,-211,-106,-70
-4,-230,-10,-256,-75,-66
-5,-238,-5,-274,-45,-62
-1,-245,-2,-270,-23,-53
0,-253,-6,-259,-15,-42
8,-253,-6,-250,-16,-29
9,-256,-12,-246,-22,-16
13,-260,-11,-249,-29,-2
14,-267,-8,-252,-28,11
15,-278,-2,-247,-17,25
11,-289,6,-231,1,36
4,-297,13,-199,22,48
0,-307,23,-154,46,59
-10,-315,32,-104,66,75
-19,-320,34,-47,88,88
-21,-319,38,-14,88,106
-28,-325,37,14,67,154
-32,-324,41,42,76,141
-34,-316,39,81,99,108
-32,-307,39,128,119,107
-31,-299,42,168,139,132
-23,-287,44,197,161,157
-21,-277,38,215,183,178
-15,-261,42,217,216,192
-12,-256,44,207,252,204
-10,-243,53,184,296,210
-11,-232,54,149,347,217
-12,-226,56,112,385,214
-18,-225,56,64,414,216
-25,-225,43,-5,434,211
-40,-240,36,-97,439,201
-65,-257,11,-202,427,192
-80,-269,-4,-342,402,212
-95,-299,-41,-533,361,259
-94,-336,-69,-750,283,314
-92,-365,-67,-910,166,352
-81,-409,-72,-952,40,479
-77,-450,-55,-911,-12,615
-80,-460,-49,-745,-12,674
-81,-449,-45,-561,-19,720
-79,-428,-42,-386,-67,786
-79,-407,-46,-249,-142,892
-80,-387,-54,-127,-196,1000
-67,-375,-62,-12,-183,1041
-58,-349,-74,99,-126,979
-96,-323,-155,190,-76,891
-29,-302,-109,193,-11,899
10,-282,-141,251,23,869
32,-256,-167,272,58,679
22,-223,-177,266,117,413
32,-211,-177,222,267,300
35,-193,-167,195,406,225
41,-181,-149,161,513,146
50,-184,-126,113,567,73
53,-186,-112,52,581,2
64,-196,-98,-24,574,-49
66,-212,-84,-118,550,-95
70,-238,-77,-203,525,-126
70,-259,-71,-279,505,-154
66,-286,-68,-333,500,-176
53,-315,-57,-358,519,-203
38,-339,-54,-325,549,-229
17,-355,-46,-249,572,-260
-2,-364,-39,-110,557,-295
-13,-362,-37,43,514,-338
-25,-344,-29,205,455,-373
-27,-312,-41,412,396,-402
-32,-297,-55,602,360,-423
-45,-264,-54,679,362,-454
-60,-230,-56,692,371,-482
-60,-210,-60,650,356,-513
-63,-192,-55,550,313,-544
-58,-181,-55,417,246,-580
-50,-180,-49,286,175,-614
-39,-183,-50,178,110,-653
-31,-192,-45,97,85,-677
-27,-198,-43,71,75,-693
-22,-203,-36,82,73,-703
-21,-209,-41,112,77,-705
-20,-216,-36,141,75,-704
-19,-223,-36,165,60,-701
-24,-225,-38,182,36,-700
-20,-230,-36,189,5,-686
-13,-226,-36,195,-32,-664
-11,-226,-36,207,-67,-641
-8,-221,-35,228,-94,-620
0,-212,-35,249,-99,-591
11,-203,-28,262,-87,-579
9,-204,-30,255,-74,-564
9,-197,-29,235,-76,-557
16,-196,-29,203,-94,-550
21,-194,-28,160,-121,-557
26,-195,-22,115,-147,-560
32,-192,-22,73,-165,-572
40,-195,-20,36,-171,-579
41,-196,-16,5,-166,-588
47,-199,-19,-20,-156,-594
47,-202,-11,-42,-139,-607
46,-198,-14,-58,-128,-607
50,-208,-14,-78,-131,-589
52,-210,-16,-97,-135,-564
54,-212,-20,-113,-130,-549
51,-216,-16,-125,-123,-532
50,-220,-11,-126,-117,-511
49,-220,-12,-114,-116,-486
49,-220,-13,-94,-118,-454
46,-220,-20,-70,-120,-418
45,-219,-20,-44,-117,-386
43,-220,-19,-22,-107,-353
39,-218,-17,-8,-89,-324
39,-215,-26,4,-70,-294
33,-212,-25,15,-60,-269
31,-208,-23,20,-58,-248
30,-204,-20,17,-64,-223
26,-205,-19,12,-82,-202
21,-207,-15,1,-102,-178
21,-208,-16,-9,-119,-156
21,-210,-10,-19,-131,-132
20,-213,-8,-28,-135,-117
19,-216,5,-33,-130,-99
14,-217,8,-36,-125,-87
7,-225,11,-39,-133,-71
3,-225,18,-37,-150,-53
2,-228,19,-31,-188,-35
0,-228,25,-24,-224,-24
1,-227,22,-15,-258,-10
3,-225,21,-10,-286,8
6,-221,14,-11,-304,34
8,-217,8,-24,-316,55
11,-216,4,-55,-330,79
7,-219,0,-98,-336,95
3,-224,-2,-141,-334,117
8,-226,-3,-175,-331,134
10,-234,-6,-207,-335,159
18,-246,-14,-246,-347,183
21,-257,-16,-297,-354,195
30,-267,-17,-325,-345,172
33,-275,-20,-347,-340,155
43,-286,-22,-360,-347,161
53,-299,-23,-363,-350,178
56,-308,-29,-345,-337,167
63,-308,-27,-312,-314,133
66,-310,-25,-273,-293,94
77,-307,-22,-221,-252,24
80,-300,-14,-187,-215,-49
87,-296,-7,-172,-204,-65
86,-292,8,-162,-199,-51
85,-290,17,-143,-179,-68
78,-289,29,-120,-166,-104
70,-285,45,-98,-173,-149
61,-277,49,-80,-201,-186
53,-278,56,-74,-240,-212
49,-277,56,-75,-279,-224
44,-276,55,-76,-304,-237
40,-276,66,-73,-317,-231
38,-271,70,-50,-322,-218
42,-268,71,-8,-319,-201
40,-263,68,36,-320,-190
47,-263,58,54,-325,-163
58,-266,38,16,-350,-143
72,-268,7,-93,-394,-136
85,-276,-31,-270,-438,-158
98,-300,-62,-476,-432,-220
112,-329,-84,-656,-333,-329
130,-371,-83,-767,-171,-393
133,-399,-75,-796,21,-428
126,-422,-71,-762,207,-451
111,-427,-79,-672,360,-490
101,-424,-80,-550,458,-544
93,-408,-78,-420,502,-604
81,-396,-83,-286,511,-666
79,-380,-80,-145,512,-695
80,-358,-84,41,506,-713
81,-337,-86,212,490,-743
71,-312,-86,377,454,-788
53,-268,-105,516,378,-774
53,-251,-120,623,278,-676
-17,-201,-144,716,205,-675
-65,-161,-156,765,198,-603
-87,-137,-151,744,190,-442
-103,-115,-136,666,133,-255
-72,-116,-132,538,-12,-82
-56,-131,-119,344,-200,1
-40,-159,-107,112,-328,74
-24,-199,-95,-143,-307,132
-22,-242,-84,-303,-215,180
-14,-289,-78,-425,-114,208
-12,-325,-71,-512,-49,225
-4,-367,-61,-554,-29,223
4,-404,-48,-547,-29,217
14,-436,-37,-469,-24,205
18,-452,-35,-294,0,204
27,-467,7,-87,39,206
33,-446,18,171,69,207
46,-405,8,531,98,224
55,-337,-21,899,151,269
58,-281,-42,1233,230,319
58,-212,-68,1348,326,375
56,-155,-87,1307,395,427
51,-106,-99,1139,420,483
46,-76,-110,880,405,531
42,-65,-111,558,383,587
41,-74,-97,218,366,637
42,-102,-66,-73,363,680
38,-126,-48,-267,374,701
36,-157,-39,-349,391,713
33,-194,-26,-359,415,725
31,-220,-25,-340,441,727
27,-249,-17,-289,450,716
27,-264,-19,-226,450,699
28,-275,-17,-150,447,687
34,-280,-18,-61,453,669
31,-277,-23,41,474,652
33,-273,-17,144,512,626
26,-260,-19,237,563,602
18,-242,-22,310,613,578
9,-230,-30,355,654,553
0,-211,-31,366,684,530
-12,-197,-33,343,700,515
-19,-188,-38,293,708,491
-29,-177,-32,204,702,486
-36,-174,-29,130,687,487
-44,-169,-28,64,670,475
-51,-167,-24,3,642,458
-53,-169,-20,-54,598,456
-53,-174,-17,-109,548,451
-53,-180,-14,-153,501,454
-46,-186,-12,-192,460,454
-45,-191,-13,-220,433,460
-43,-202,-13,-231,418,459
-47,-207,-11,-229,407,448
-42,-213,-9,-215,391,422
-38,-220,-11,-185,370,398
-36,-224,-6,-156,349,366
-33,-223,-8,-121,330,334
-26,-219,-11,-89,305,306
-26,-221,-14,-62,271,314
-24,-219,-13,-29,260,269
-24,-211,-15,5,255,196
-22,-207,-13,29,235,151
-14,-202,-15,39,211,121
-14,-203,-13,37,192,94
-13,-199,-18,21,178,74
-12,-202,-21,-3,168,48
-10,-207,-17,-46,165,28
-10,-211,-12,-80,171,12
-7,-218,-9,-105,182,-2
-7,-223,2,-120,194,-14
-9,-227,4,-121,204,-26
-5,-233,7,-109,210,-35
-2,-231,9,-94,209,-48
-2,-231,12,-74,210,-57
-2,-228,13,-57,211,-66
1,-224,9,-45,214,-75
4,-221,11,-40,214,-91
6,-222,10,-44,224,-108
5,-220,11,-63,238,-126
0,-222,11,-82,253,-139
-6,-227,12,-107,266,-158
-10,-236,15,-136,272,-175
-16,-247,13,-167,265,-194
-24,-258,5,-202,245,-209
-29,-272,-3,-245,214,-225
-25,-285,-6,-292,177,-238
-24,-299,-1,-318,138,-250
-23,-302,-3,-304,112,-254
-22,-309,3,-258,100,-251
-23,-309,-1,-203,88,-230
-27,-307,1,-145,67,-202
-29,-302,-6,-113,44,-162
-36,-297,-6,-103,23,-115
-42,-294,-6,-109,15,-62
-45,-290,1,-127,18,-8
-50,-284,3,-146,15,65
-44,-292,13,-165,16,154
-45,-286,21,-172,56,167
-41,-278,28,-162,98,174
-32,-276,36,-143,121,214
-15,-270,38,-132,134,257
-6,-265,44,-131,152,283
4,-258,47,-139,174,288
12,-243,50,-154,202,285
18,-243,54,-171,228,282
26,-236,62,-187,254,271
21,-231,58,-200,279,267
11,-237,64,-219,296,267
-12,-246,50,-254,297,282
-45,-257,33,-312,268,307
-74,-284,-2,-409,214,373
-101,-312,-48,-554,142,454
-99,-324,-65,-725,40,531
-91,-369,-101,-888,-122,676
-68,-413,-102,-972,-263,754
-57,-441,-93,-929,-250,746
-61,-443,-69,-793,-180,763
-62,-433,-65,-617,-147,861
-68,-419,-65,-472,-167,994
-74,-393,-74,-373,-200,1118
-77,-387,-89,-295,-244,1294
-83,-380,-105,-220,-216,1394
-92,-365,-114,-147,-141,1384
-78,-349,-132,-45,-76,1270
-99,-318,-178,70,-51,1115
-11,-298,-160,141,-15,1099
58,-278,-170,285,48,1060
106,-250,-173,371,145,880
116,-209,-189,408,269,613
84,-172,-188,348,443,372
79,-165,-176,209,641,256
77,-178,-146,67,771,159
67,-198,-110,-51,809,42
67,-223,-89,-140,783,-67
62,-255,-77,-202,730,-162
55,-274,-72,-223,685,-237
42,-299,-80,-216,657,-300
25,-323,-74,-197,641,-347
16,-331,-70,-159,619,-375
-8,-341,-68,-100,608,-386
-23,-346,-58,-18,610,-387
-36,-346,-63,94,614,-377
-49,-342,-53,183,605,-385
-67,-329,-54,266,570,-398
-72,-316,-44,363,519,-417
-68,-280,-49,492,457,-425
-66,-260,-65,638,408,-437
-73,-228,-74,678,393,-468
-73,-200,-71,657,393,-507
-71,-179,-79,601,372,-541
-63,-164,-76,472,311,-586
-58,-153,-72,336,239,-633
-44,-155,-63,206,165,-684
-34,-159,-52,102,106,-726
-26,-168,-44,41,74,-764
-20,-181,-43,15,54,-791
-19,-190,-32,11,35,-809
-14,-206,-35,21,11,-818
-15,-218,-33,37,-18,-819
-18,-229,-35,63,-47,-814
-26,-237,-39,90,-83,-810
-24,-240,-38,116,-117,-786
-31,-240,-44,147,-160,-758
-30,-235,-44,170,-195,-732
-22,-224,-66,218,-233,-717
-41,-223,-35,172,-252,-706
-27,-221,-37,172,-261,-652
-19,-210,-41,204,-277,-614
-10,-203,-32,225,-285,-597
-1,-197,-28,230,-288,-594
11,-195,-27,219,-289,-597
20,-184,-20,202,-285,-620
30,-179,-23,183,-298,-615
40,-185,-20,156,-326,-574
46,-190,-18,118,-338,-552
52,-192,-21,81,-330,-560
54,-194,-20,40,-321,-575
57,-205,-29,2,-312,-591
63,-203,-23,-24,-279,-636
65,-207,-24,-50,-268,-647
68,-214,-21,-66,-286,-579
67,-217,-23,-71,-299,-518
65,-225,-22,-62,-290,-495
58,-230,-25,-44,-275,-482
57,-231,-20,-24,-264,-463
49,-229,-26,5,-256,-444
44,-228,-21,46,-243,-423
39,-228,-30,79,-228,-400
36,-225,-30,113,-211,-376
27,-217,-25,131,-193,-351
16,-227,-29,141,-177,-324
20,-215,-26,146,-162,-293
10,-214,-26,148,-147,-260
8,-212,-18,145,-138,-233
1,-217,-16,136,-139,-206
0,-216,-9,123,-148,-182
2,-219,-7,110,-166,-155
1,-218,-3,97,-189,-122
4,-221,2,88,-215,-103
5,-222,2,88,-236,-86
7,-220,5,98,-256,-68
7,-218,6,105,-273,-41
8,-215,7,108,-285,-19
12,-213,8,103,-297,4
11,-207,7,91,-308,17
12,-207,4,73,-321,25
14,-203,-2,47,-338,33
18,-204,0,9,-355,57
22,-210,-4,-32,-371,84
24,-213,-2,-73,-383,122
24,-220,5,-114,-393,151
26,-231,3,-135,-399,188
23,-245,3,-151,-406,214
26,-260,1,-155,-409,226
24,-271,-4,-158,-414,204
27,-277,-10,-177,-440,229
31,-286,-8,-195,-456,281
36,-295,-21,-190,-436,306
39,-299,-21,-167,-383,297
42,-298,-33,-139,-320,282
49,-302,-32,-120,-262,256
46,-297,-28,-107,-217,210
56,-294,-26,-85,-167,122
65,-287,-16,-77,-147,29
76,-280,-15,-98,-159,-7
92,-276,-6,-132,-177,-9
99,-269,-2,-168,-172,0
98,-269,4,-188,-126,-6
92,-271,11,-197,-58,-33
86,-272,23,-196,4,-77
68,-272,36,-194,36,-134
59,-276,51,-195,35,-176
54,-273,60,-195,2,-197
51,-279,55,-189,-33,-204
53,-274,67,-179,-60,-212
46,-268,73,-146,-69,-222
47,-267,72,-109,-74,-218
45,-265,69,-76,-75,-213
47,-271,59,-63,-89,-213
55,-280,29,-95,-113,-221
72,-290,-10,-185,-140,-225
78,-304,-47,-341,-148,-266
86,-318,-77,-544,-107,-339
93,-349,-92,-753,-8,-413
92,-383,-94,-899,134,-485
93,-409,-88,-947,274,-528
91,-431,-87,-905,408,-553
76,-434,-86,-756,494,-586
68,-420,-81,-583,569,-623
59,-406,-78,-407,614,-659
55,-390,-70,-244,618,-684
52,-370,-65,-114,570,-702
41,-340,-65,-6,493,-700
34,-315,-74,93,422,-674
27,-285,-83,198,364,-633
26,-259,-100,294,309,-588
33,-236,-118,362,239,-577
-9,-185,-143,417,175,-657
-39,-135,-150,428,155,-561
-22,-117,-148,403,154,-328
-2,-96,-160,338,99,-155
-5,-89,-158,187,17,-109
-2,-100,-134,-16,-23,-68
1,-129,-114,-206,6,-5
-3,-161,-93,-358,91,48
-7,-201,-77,-480,183,96
-12,-239,-69,-566,242,127
-12,-270,-64,-627,241,143
-5,-319,-62,-692,196,134
-2,-365,-54,-752,144,114
-4,-413,-41,-785,127,75
2,-440,-22,-726,162,53
7,-447,-14,-560,219,43
16,-429,-33,-247,271,49
12,-385,-19,53,339,58
26,-332,-39,416,400,132
22,-290,-59,697,442,198
28,-220,-80,830,463,262
34,-163,-101,799,462,329
34,-125,-111,622,438,393
40,-95,-119,363,403,443
37,-87,-121,79,380,498
42,-102,-100,-205,377,552
37,-121,-90,-461,389,583
37,-145,-69,-588,400,595
34,-176,-54,-638,404,594
31,-198,-43,-616,411,588
31,-218,-39,-554,419,588
30,-238,-34,-478,426,585
21,-248,-31,-397,431,579
21,-251,-33,-309,430,571
18,-249,-38,-222,428,566
20,-241,-35,-138,431,556
17,-230,-40,-67,446,544
14,-218,-42,-15,474,526
9,-209,-47,10,518,508
0,-199,-51,-2,552,491
-11,-190,-57,-39,581,476
-21,-184,-54,-99,600,469
-28,-180,-53,-177,597,462
-35,-177,-52,-262,578,463
-42,-178,-48,-353,542,467
-40,-183,-47,-429,506,470
-44,-190,-36,-483,470,459
-44,-196,-28,-507,441,453
-44,-204,-24,-499,422,446
-41,-214,-19,-472,412,447
-41,-223,-13,-429,406,447
-39,-227,-13,-374,401,451
-37,-230,-13,-323,393,444
-37,-233,-14,-273,382,436
-33,-231,-18,-225,371,419
-29,-228,-25,-177,365,408
-18,-229,-33,-129,365,392
-18,-224,-39,-87,367,375
-16,-222,-43,-53,370,354
-11,-217,-49,-30,367,339
-11,-213,-58,-19,362,324
-8,-213,-66,-19,359,316
-6,-208,-70,-33,361,304
-7,-204,-72,-67,367,299
-15,-207,-74,-103,379,297
-21,-200,-77,-150,396,305
-21,-206,-79,-208,401,319
-24,-204,-75,-276,393,345
-28,-210,-80,-327,392,357
-40,-210,-88,-367,416,331
-45,-208,-97,-423,420,317
-40,-209,-104,-513,388,335
-32,-212,-105,-631,329,370
-19,-215,-116,-722,280,427
22,-248,-83,-851,276,530
24,-271,-47,-912,338,502
3,-282,-16,-871,472,478
-10,-304,11,-801,625,509
-26,-303,28,-735,738,563
-36,-297,34,-692,795,615
-35,-300,24,-700,783,677
-33,-306,21,-791,695,742
-21,-324,44,-914,550,822
-9,-349,74,-984,386,912
6,-365,115,-964,245,1020
3,-388,138,-872,154,1109
-9,-395,144,-758,84,1194
-27,-406,124,-707,16,1223
-38,-423,96,-793,-52,1232
-54,-451,58,-946,-100,1222
-85,-473,29,-1080,-115,1232
-136,-497,17,-1101,-96,1270
-179,-520,8,-1000,-83,1334
-204,-536,13,-835,-94,1365
-222,-537,14,-639,-155,1348
-219,-529,25,-463,-256,1281
-203,-516,31,-325,-393,1170
-166,-474,33,-233,-554,1038
-124,-428,22,-156,-710,959
-93,-374,-1,-53,-819,950
-64,-329,-35,20,-814,990
-17,-302,-53,51,-763,999
3,-268,-69,49,-703,903
15,-240,-90,14,-633,751
32,-228,-89,-61,-538,617
86,-240,-93,-107,-448,515
115,-247,-94,-155,-422,287
90,-250,-67,-209,-392,54
77,-248,-37,-171,-310,-52
50,-217,1,-16,-194,-102
17,-151,23,218,-80,-146
-8,-68,20,489,18,-168
-31,7,19,580,32,-203
-39,57,-10,532,-11,-236
-30,91,-36,344,-101,-256
-24,105,-70,77,-180,-270
12,121,-86,-209,-201,-266
35,118,-103,-318,-177,-306
39,105,-85,-326,-89,-392
32,77,-53,-265,41,-470
-1,18,-36,-190,177,-510
-12,-40,10,-206,292,-484
-26,-70,37,-233,326,-482
-35,-88,55,-187,274,-472
-35,-88,50,-68,214,-451
-35,-77,33,92,195,-420
-37,-60,27,256,227,-385
-35,-56,23,405,283,-348
-40,-44,23,519,327,-320
-28,-44,20,595,350,-294
-18,-43,28,640,364,-273
-8,-41,33,684,395,-246
-28,-58,-4,733,436,-226
-156,-104,-17,847,413,-229
-229,-109,-131,1052,138,-205
-254,-67,-338,902,-664,-155
-218,-85,-586,108,-1505,31
-199,-204,-613,-902,-2024,342
-204,-388,-437,-1295,-1991,636
-212,-504,-230,-1009,-1488,792
-204,-636,36,-438,-746,866
-176,-717,160,78,80,982
-151,-753,191,462,427,1063
-143,-728,107,737,48,1053
-84,-659,-48,969,-695,1038
24,-564,-190,1214,-1343,943
134,-453,-289,1476,-1607,648
180,-346,-325,1634,-1257,372
244,-300,-268,1538,-529,258
308,-273,-168,1376,158,92
157,-239,-133,1098,536,-179
62,-256,-88,685,737,-321
7,-285,-82,327,757,-437
-58,-310,-110,93,642,-624
-109,-337,-141,-14,481,-777
-139,-364,-175,-78,366,-841
-158,-389,-186,-177,338,-861
-188,-423,-166,-345,364,-892
-209,-457,-130,-502,379,-936
-234,-484,-92,-594,337,-976
-227,-525,-62,-634,255,-1006
-213,-554,-31,-653,132,-1040
-174,-582,-24,-635,-11,-1067
-133,-605,-26,-594,-136,-1102
-93,-625,-29,-533,-209,-1158
-69,-629,-40,-407,-232,-1224
-42,-631,-58,-231,-218,-1312
-37,-615,-63,-55,-194,-1418
-33,-586,-54,97,-192,-1474
-22,-548,-49,247,-227,-1467
-7,-505,-37,393,-280,-1444
-3,-459,-28,535,-332,-1448
-5,-408,-15,679,-349,-1499
-6,-354,-21,781,-338,-1583
-11,-312,-25,853,-340,-1703
-12,-263,-37,861,-371,-1779
-3,-232,-52,793,-420,-1812
13,-203,-60,699,-463,-1822
35,-182,-74,611,-490,-1807
44,-162,-79,538,-478,-1762
53,-151,-79,439,-426,-1690
41,-133,-69,328,-348,-1589
39,-117,-65,229,-262,-1463
38,-90,-63,145,-170,-1280
34,-66,-62,68,-116,-1127
40,-53,-60,41,-76,-1003
50,-39,-53,55,-48,-939
54,-24,-46,109,-29,-891
69,-5,-31,199,-15,-838
84,6,-17,316,-32,-756
95,14,-5,442,-61,-667
94,18,-12,573,-73,-588
92,27,-3,689,-60,-537
74,36,-13,778,-29,-497
48,42,-21,833,-6,-468
24,46,-28,868,-18,-456
0,53,-34,863,-71,-451
7,27,-40,801,-153,-485
-15,36,-40,709,-225,-584
-30,29,-38,632,-251,-652
-47,35,-12,613,-227,-641
-58,27,-4,682,-156,-540
-68,13,8,787,-65,-374
-74,-5,13,882,17,-235
-80,-18,22,947,60,-154
-78,-27,28,991,48,-102
-68,-30,15,1058,0,-41
-41,-37,4,1146,-50,23
-13,-49,-8,1162,-80,83
1,-55,-12,1139,-113,103
14,-65,-12,1136,-154,122
29,-71,-8,1192,-214,141
47,-77,-2,1311,-293,180
62,-80,-2,1463,-375,218
87,-72,8,1611,-439,251
128,-88,-3,1726,-480,260
182,-96,-18,1729,-504,223
211,-94,-72,1484,-519,114
196,-70,-178,758,-479,-115
188,-73,-325,-719,-311,-350
283,-191,-465,-2099,-135,-573
311,-392,-626,-3373,33,-1025
349,-681,-687,-4501,391,-1760
363,-934,-579,-5014,965,-2825
200,-1103,-323,-4592,1500,-4032
5,-1223,-68,-3272,1645,-4675
-472,-1565,101,-1660,1059,-4132
-421,-1405,542,-403,463,-1841
-296,-1174,191,2144,-36,343
-262,-892,-31,4090,-533,1044
-197,-585,-147,5214,-668,675
-139,-321,-289,5636,-565,189
-107,-127,-321,4915,-418,161
-112,9,-304,3717,-272,540
-103,55,-270,2539,-176,1126
-53,47,-228,1578,-134,1681
38,-33,-206,795,-190,2006
109,-83,-148,123,-307,2056
216,-165,-109,-325,-384,1865
330,-259,-64,-693,-406,1467
397,-379,-40,-1070,-388,987
427,-488,2,-1480,-277,506
358,-514,23,-1707,-64,37
273,-535,38,-1429,357,-68
204,-542,16,-801,717,13
125,-507,-2,-111,972,111
58,-447,-22,470,1105,183
14,-382,-28,894,1122,256
-11,-315,-28,1167,1068,323
-18,-249,-43,1300,1005,393
-23,-188,-45,1263,972,452
-22,-150,-41,1090,986,512
-33,-105,-36,848,1024,569
-44,-71,-20,593,1077,650
-65,-40,-2,382,1131,780
-82,-14,3,234,1175,917
-86,6,9,184,1174,1063
-87,21,5,176,1116,1195
-76,20,0,177,1015,1303
-65,10,-13,145,910,1376
-35,-5,-20,69,812,1393
-11,-38,-27,-27,733,1360
12,-69,-35,-121,693,1287
24,-104,-33,-191,700,1184
30,-143,-35,-224,747,1054
17,-174,-29,-229,808,896
-1,-195,-23,-210,855,681
-16,-201,-19,-160,874,501
-25,-195,-18,-90,853,328
-23,-173,-33,3,800,159
-14,-141,-44,91,745,26
-4,-119,-56,162,722,-87
4,-106,-56,199,744,-182
-1,-91,-55,191,796,-272
-7,-92,-40,141,845,-349
-19,-101,-27,67,853,-415
-25,-121,-16,-33,821,-455
-28,-142,-1,-144,757,-480
-34,-182,6,-243,689,-481
-32,-221,13,-311,632,-473
-34,-259,21,-311,613,-455
-32,-290,23,-265,613,-432
-37,-312,25,-189,608,-401
-33,-322,30,-99,588,-367
-28,-324,26,-17,546,-315
-24,-322,24,45,496,-264
-20,-306,32,84,454,-204
-18,-290,39,101,430,-149
-27,-271,48,104,416,-84
-36,-253,60,99,404,-17
-48,-239,61,70,383,45
-56,-232,67,-7,334,74
-59,-229,66,-104,268,94
-56,-245,69,-214,196,109
-52,-259,67,-314,141,119
-45,-273,63,-397,111,121
-40,-293,64,-456,99,121
-27,-305,62,-476,100,118
-20,-301,56,-453,113,126
-8,-299,56,-412,137,146
0,-286,55,-362,168,160
4,-270,57,-317,199,156
3,-260,57,-301,223,134
-2,-242,54,-330,241,114
-12,-232,54,-384,257,96
-16,-237,56,-455,285,88
-31,-247,63,-516,316,70
-40,-252,70,-549,339,65
-47,-265,74,-549,345,68
-47,-261,69,-535,358,73
-48,-268,69,-505,358,88
-54,-264,70,-473,363,111
-57,-260,68,-426,371,128
-60,-252,74,-373,374,152
-64,-249,67,-321,366,176
-66,-239,72,-271,345,199
-64,-231,70,-218,325,210
-73,-223,65,-166,314,217
-87,-224,52,-120,317,221
-114,-230,31,-103,309,226
-154,-237,-14,-159,265,242
-164,-241,-58,-326,189,331
-157,-261,-108,-565,81,440
-137,-289,-138,-785,-56,525
-113,-324,-146,-904,-216,592
-106,-367,-141,-909,-377,693
-140,-385,-163,-828,-458,848
-169,-389,-196,-740,-477,1059
-161,-388,-229,-762,-532,1314
-115,-399,-243,-825,-702,1606
-49,-415,-222,-770,-916,1794
-30,-409,-205,-546,-1019,1816
91,-396,-76,-282,-869,1872
177,-384,-56,106,-600,1891
223,-354,-59,386,-287,1764
228,-322,-85,499,-26,1507
188,-311,-151,459,109,1181
129,-299,-173,270,131,810
108,-318,-174,22,114,501
100,-358,-164,-151,73,241
66,-376,-119,-181,55,-22
46,-385,-79,-65,93,-200
27,-376,-58,168,156,-321
3,-353,-53,427,193,-437
-13,-329,-54,628,179,-547
-22,-311,-60,722,123,-658
-33,-294,-68,708,39,-747
-48,-285,-70,604,-34,-819
-71,-280,-71,461,-96,-855
-90,-286,-68,316,-167,-859
-108,-282,-61,190,-255,-821
-120,-283,-56,112,-384,-782
-114,-276,-55,107,-498,-740
-106,-262,-53,146,-587,-702
-98,-252,-53,203,-648,-667
-93,-236,-51,261,-686,-643
-93,-225,-52,311,-723,-618
-88,-214,-44,341,-767,-593
-85,-204,-43,340,-826,-578
-73,-196,-36,313,-908,-582
-65,-192,-23,272,-1009,-600
-50,-190,-15,222,-1113,-636
-37,-186,-10,188,-1210,-694
-21,-185,-15,177,-1302,-744
-11,-188,0,168,-1354,-790
-5,-190,-6,162,-1386,-832
-2,-191,-12,141,-1400,-869
1,-191,-18,104,-1405,-891
2,-196,-16,62,-1411,-905
3,-197,-23,16,-1418,-906
0,-197,-22,-27,-1431,-901
3,-196,-24,-63,-1442,-884
6,-201,-22,-89,-1455,-857
3,-198,-24,-101,-1469,-820
9,-203,-24,-104,-1484,-782
15,-205,-28,-90,-1500,-716
27,-203,-23,-50,-1507,-659
39,-198,-21,-9,-1503,-599
48,-194,-18,36,-1484,-551
58,-190,-10,77,-1450,-504
65,-185,-5,107,-1412,-462
70,-179,-8,124,-1379,-416
76,-172,-2,128,-1347,-383
81,-166,-7,114,-1310,-346
87,-164,-12,96,-1266,-316
93,-167,-5,71,-1213,-284
93,-158,-3,37,-1141,-270
91,-160,-4,-4,-1084,-209
97,-166,0,-61,-1042,-147
92,-164,-7,-115,-995,-105
91,-171,-7,-177,-947,-68
92,-178,-14,-246,-901,-29
91,-191,-21,-311,-858,2
91,-198,-23,-366,-810,30
90,-207,-25,-398,-756,52
89,-217,-30,-394,-690,71
83,-222,-19,-364,-614,94
82,-226,-13,-320,-534,116
72,-223,-3,-269,-470,136
68,-226,7,-220,-415,160
65,-221,13,-173,-381,183
59,-216,22,-143,-347,204
53,-212,24,-120,-305,232
51,-211,27,-100,-259,256
51,-213,21,-96,-211,282
53,-213,9,-125,-163,296
70,-212,-16,-177,-118,303
66,-223,-35,-255,-60,292
70,-237,-48,-357,16,272
72,-252,-55,-451,99,238
72,-264,-46,-489,192,213
74,-274,-35,-470,300,179
78,-275,-35,-420,375,152
81,-274,-26,-395,435,119
80,-271,-23,-397,487,84
77,-272,-20,-417,534,41
73,-277,-20,-447,577,6
65,-283,-15,-472,616,-35
63,-290,-7,-483,653,-67
59,-294,5,-471,682,-92
58,-302,8,-439,695,-106
51,-312,11,-400,697,-121
50,-322,21,-349,706,-165
40,-318,25,-297,693,-203
25,-320,32,-246,646,-185
24,-327,40,-198,606,-149
12,-324,41,-138,577,-151
6,-311,55,-82,540,-170
-6,-301,44,-32,496,-191
-16,-287,42,6,447,-198
-21,-275,37,33,391,-204
-27,-261,42,52,337,-203
-31,-247,43,67,289,-197
-36,-235,51,75,241,-179
-34,-226,61,71,185,-157
-36,-220,67,50,108,-137
-30,-218,74,2,36,-121
-24,-217,70,-46,-32,-103
-14,-219,70,-93,-85,-92
-6,-223,69,-130,-118,-76
1,-225,72,-150,-141,-64
13,-232,72,-163,-158,-43
29,-239,62,-180,-182,-35
57,-247,30,-223,-212,-34
98,-258,-18,-322,-246,-45
131,-286,-76,-496,-265,-78
147,-309,-130,-711,-220,-267
180,-350,-146,-953,-108,-391
201,-386,-148,-1023,53,-470
217,-423,-137,-965,294,-541
210,-433,-119,-877,553,-612
188,-429,-102,-799,759,-674
161,-416,-81,-707,871,-792
139,-395,-74,-590,887,-930
124,-371,-62,-436,837,-1044
108,-341,-71,-232,753,-1135
81,-311,-79,23,663,-1205
89,-306,-91,309,572,-1290
7,-271,-124,584,488,-1542
-51,-216,-115,725,455,-1608
-117,-164,-125,727,421,-1453
-158,-123,-138,645,396,-1088
-121,-102,-136,468,386,-655
-77,-100,-156,199,274,-364
-64,-129,-149,-168,89,-229
-35,-198,-129,-565,-22,-83
-12,-262,-118,-882,-10,66
1,-340,-94,-1062,68,184
15,-407,-75,-1089,170,288
34,-468,-52,-962,261,367
46,-505,-47,-725,337,432
62,-523,-43,-355,381,450
84,-523,-25,-39,419,453
95,-503,-31,317,445,434
106,-473,-33,655,489,417
110,-406,-46,951,557,392
106,-336,-72,1198,651,378
96,-264,-87,1337,749,371
78,-195,-100,1352,816,376
65,-139,-106,1263,841,391
53,-94,-112,1091,837,428
42,-66,-109,857,832,477
28,-57,-97,577,841,557
21,-62,-79,205,850,613
-1,-81,-50,-46,862,663
-17,-109,-35,-201,876,724
-20,-141,-25,-288,888,794
-23,-172,-6,-330,883,845
-12,-202,0,-344,865,871
6,-224,-5,-339,835,882
24,-242,-12,-303,796,889
38,-254,-25,-242,776,886
42,-273,-24,-172,811,872
59,-263,-29,-84,889,837
56,-259,-35,36,916,804
51,-244,-41,168,943,782
38,-230,-46,245,984,753
28,-214,-44,291,1032,738
18,-201,-42,311,1060,727
2,-194,-36,298,1055,712
-12,-188,-31,252,1037,694
-25,-187,-25,189,1014,689
-36,-182,-10,125,988,686
-49,-181,-5,86,957,684
-54,-186,-4,66,923,663
-60,-188,-5,58,892,620
-61,-190,-10,31,844,588
-62,-196,-5,-3,799,572
-58,-198,-7,-34,758,558
-59,-206,-3,-56,718,549
-56,-210,-2,-69,681,531
-56,-218,-4,-73,646,511
-54,-220,-5,-63,614,487
-55,-218,-4,-45,583,463
-51,-222,-7,-18,548,437
-49,-223,-2,13,506,414
-45,-220,-7,44,456,379
-48,-219,-10,69,405,335
-41,-217,-7,95,350,301
-38,-215,-7,110,307,267
-35,-213,-9,121,263,234
-33,-207,-7,131,224,203
-29,-207,-5,133,184,175
-30,-206,0,133,154,149
-22,-208,-1,131,129,125
-27,-211,2,126,106,102
-33,-211,6,117,87,79
-13,-214,15,99,72,49
-29,-208,6,91,13,24
-24,-209,6,83,-6,6
-22,-203,14,53,-16,-19
-23,-195,12,36,-39,-39
-22,-194,11,10,-59,-57
-21,-193,14,-30,-73,-81
-22,-191,17,-79,-86,-104
-26,-195,22,-127,-107,-134
-40,-198,21,-178,-134,-160
-43,-204,19,-243,-166,-189
-49,-214,14,-320,-208,-210
-51,-229,5,-404,-250,-242
-43,-247,2,-484,-284,-274
-41,-263,-5,-533,-316,-305
-38,-280,0,-548,-328,-317
-30,-295,8,-519,-332,-326
-22,-301,9,-454,-336,-322
-13,-302,12,-368,-338,-318
-9,-300,15,-276,-339,-305
-4,-293,20,-187,-342,-291
2,-292,20,-117,-349,-267
7,-288,14,-73,-361,-241
4,-282,8,-62,-378,-207
12,-282,-5,-80,-389,-168
12,-284,-12,-112,-394,-118
11,-285,-16,-142,-375,-63
9,-288,-10,-165,-339,-19
4,-288,7,-164,-288,25
1,-282,24,-143,-229,73
7,-279,45,-117,-164,128
13,-268,64,-97,-96,175
18,-261,72,-91,-31,221
23,-261,75,-109,29,268
22,-259,78,-141,83,313
21,-263,80,-186,122,356
8,-274,68,-249,137,396
-12,-293,41,-328,126,429
-40,-311,2,-439,81,484
-51,-341,-40,-644,11,564
-50,-367,-78,-845,-103,652
-39,-389,-93,-1001,-251,732
-34,-408,-94,-1041,-381,860
-33,-433,-80,-954,-403,985
-59,-437,-69,-806,-321,1077
-80,-426,-66,-685,-230,1163
-103,-415,-73,-623,-225,1282
-110,-406,-81,-563,-302,1407
-107,-395,-92,-477,-381,1477
-118,-382,-98,-321,-416,1441
-116,-369,-104,-60,-321,1306
-113,-339,-104,149,-214,1115
-99,-303,-120,321,-172,966
-126,-265,-173,409,-160,838
-55,-249,-153,381,-105,819
-1,-236,-168,381,-71,719
34,-221,-172,366,-55,464
18,-193,-187,340,-38,148
38,-188,-176,283,45,-32
58,-188,-161,239,145,-145
72,-181,-142,191,225,-265
85,-188,-118,125,286,-384
92,-200,-97,38,332,-458
89,-223,-85,-44,349,-515
72,-243,-73,-127,341,-554
53,-269,-73,-206,317,-557
29,-303,-72,-287,276,-547
1,-324,-67,-334,228,-523
-12,-342,-65,-331,192,-488
-32,-355,-62,-267,180,-448
-55,-357,-49,-154,192,-424
-74,-347,-42,16,210,-403
-82,-337,-24,199,213,-402
-94,-295,-41,419,175,-414
-93,-270,-43,626,109,-431
-101,-231,-50,661,46,-476
-99,-211,-55,618,-29,-516
-91,-190,-71,505,-113,-555
-73,-174,-68,342,-196,-617
-60,-171,-71,193,-280,-679
-52,-177,-70,73,-321,-738
-34,-186,-56,-18,-315,-799
-33,-189,-38,-67,-327,-860
-17,-197,-41,-61,-354,-889
-12,-203,-39,-33,-386,-914
-11,-209,-41,-8,-419,-922
-5,-215,-41,16,-449,-919
-2,-223,-44,32,-468,-911
0,-227,-48,44,-485,-898
2,-228,-51,61,-499,-873
3,-228,-55,82,-508,-848
4,-224,-55,106,-511,-818
7,-219,-54,130,-505,-780
6,-215,-54,150,-501,-740
-1,-212,-49,161,-500,-707
12,-202,-43,161,-505,-676
18,-203,-40,156,-513,-648
20,-194,-40,144,-521,-622
32,-195,-33,127,-523,-606
37,-201,-32,107,-519,-600
45,-195,-26,79,-499,-613
52,-193,-20,57,-490,-613
58,-195,-21,41,-492,-587
58,-197,-20,26,-477,-570
58,-198,-19,8,-451,-556
60,-202,-17,-11,-423,-549
57,-204,-15,-29,-405,-538
58,-213,-12,-43,-397,-527
58,-214,-14,-49,-393,-506
55,-218,-14,-49,-381,-478
56,-221,-10,-44,-363,-452
53,-221,-13,-35,-340,-431
50,-223,-11,-19,-315,-402
50,-224,-17,6,-288,-378
42,-219,-16,28,-267,-352
39,-220,-16,53,-243,-324
38,-214,-17,77,-220,-293
37,-212,-18,103,-195,-266
36,-208,-17,125,-171,-237
34,-205,-8,140,-151,-211
32,-203,-11,152,-132,-179
30,-201,-8,159,-114,-153
32,-197,3,148,-104,-126
25,-198,7,130,-101,-97
21,-196,2,112,-103,-67
18,-196,8,94,-104,-34
12,-193,8,77,-101,-3
13,-195,11,66,-102,27
11,-197,11,60,-104,54
9,-196,13,57,-113,87
18,-195,15,56,-121,125
21,-192,16,51,-127,155
26,-192,19,42,-125,181
33,-192,17,16,-111,207
36,-194,15,-24,-96,219
39,-199,8,-78,-87,229
40,-204,4,-144,-76,236
52,-212,-5,-223,-65,240
57,-218,-7,-299,-57,224
62,-236,-13,-347,-35,181
62,-255,-6,-380,-12,152
65,-274,-1,-393,-10,193
61,-296,0,-367,-4,257
59,-312,2,-297,38,283
54,-324,0,-210,100,278
51,-328,-4,-106,178,268
45,-335,-14,-39,231,247
45,-338,-17,4,268,215
45,-339,-22,26,275,168
49,-334,-23,30,256,118
56,-324,-11,32,232,58
58,-308,3,50,197,-2
56,-291,12,73,166,-60
50,-274,28,94,147,-108
39,-265,38,99,141,-151
28,-253,58,80,138,-186
7,-246,65,36,111,-233
-11,-242,67,-34,44,-272
-31,-241,71,-85,-27,-297
-44,-251,71,-121,-105,-293
-43,-255,93,-138,-175,-256
-37,-265,107,-124,-230,-208
-24,-277,108,-97,-290,-182
-4,-295,84,-96,-365,-188
30,-305,34,-192,-454,-219
55,-311,-41,-449,-545,-284
75,-324,-119,-819,-575,-374
105,-369,-143,-1155,-478,-483
136,-419,-130,-1307,-260,-605
153,-451,-117,-1205,65,-723
144,-464,-106,-1033,274,-784
132,-459,-107,-864,387,-771
129,-461,-101,-699,434,-702
116,-447,-103,-504,473,-701
104,-425,-102,-292,502,-737
106,-403,-95,-68,494,-773
108,-373,-104,154,429,-809
96,-331,-111,375,326,-826
80,-285,-131,598,234,-797
60,-250,-146,816,170,-758
20,-200,-168,986,130,-696
23,-173,-180,1054,99,-659
-53,-115,-180,978,35,-680
-88,-67,-152,813,-12,-554
-68,-61,-135,634,-77,-270
-37,-96,-118,401,-194,-30
-39,-137,-96,95,-309,60
-38,-194,-74,-214,-359,145
-32,-238,-62,-457,-354,241
-26,-298,-62,-612,-325,318
-21,-354,-58,-691,-278,376
-12,-400,-56,-696,-219,412
0,-455,-70,-583,-138,437
3,-475,-34,-464,-90,423
15,-496,-15,-212,-70,406
2,-455,38,89,-57,393
55,-487,-3,409,-14,408
53,-438,10,652,4,373
59,-367,-7,996,42,336
68,-292,-43,1308,140,364
64,-222,-70,1488,272,407
62,-150,-77,1516,377,445
54,-83,-95,1421,410,485
52,-43,-116,1208,390,541
53,-20,-117,882,342,611
55,-14,-117,431,320,666
58,-36,-87,82,324,704
52,-68,-62,-180,347,731
42,-105,-48,-328,379,754
37,-143,-29,-399,407,781
27,-182,-19,-424,419,787
16,-215,-12,-422,414,781
13,-242,-10,-396,406,761
14,-267,-7,-342,396,745
15,-275,-6,-253,391,721
13,-280,-8,-136,398,706
12,-280,-11,1,416,691
11,-273,-14,156,438,674
7,-257,-23,262,466,646
5,-241,-26,332,493,615
-5,-226,-31,357,520,583
-14,-212,-33,344,546,561
-26,-201,-29,305,561,541
-31,-195,-28,253,566,525
-35,-182,-22,209,555,498
-44,-182,-14,175,533,475
-46,-179,-7,156,509,457
-44,-177,-11,142,485,444
-43,-176,-6,120,454,437
-43,-174,-6,96,433,433
-48,-177,-6,58,418,433
-46,-181,-5,13,405,435
-44,-188,7,-18,381,429
-44,-194,-3,-34,353,417
-41,-200,-1,-39,326,404
-35,-204,-2,-38,310,381
-30,-210,-5,-35,300,357
-29,-211,-9,-29,290,322
-28,-214,-7,-19,276,284
-20,-212,-11,0,261,235
-21,-213,-11,34,239,195
-24,-212,-9,66,223,151
-20,-205,-8,98,210,111
-18,-200,-6,122,198,69
-17,-202,-4,136,192,30
-21,-198,2,137,191,-9
-25,-205,10,126,198,-46
-21,-194,12,105,188,-83
-20,-197,8,110,156,-91
-20,-199,7,101,151,-120
-19,-198,9,82,157,-144
-16,-198,10,62,167,-173
-19,-198,14,44,169,-194
-12,-204,19,33,168,-213
-11,-206,17,20,166,-236
-11,-207,24,1,167,-257
-8,-208,21,-20,169,-274
-5,-213,19,-36,169,-294
-10,-222,14,-60,169,-316
-11,-230,8,-102,159,-337
-7,-243,-5,-162,138,-355
-4,-258,-10,-241,113,-368
4,-276,-18,-317,88,-385
15,-294,-19,-359,75,-397
17,-313,-18,-357,67,-400
21,-325,-26,-325,52,-387
24,-335,-30,-282,16,-370
14,-337,-27,-238,-32,-335
14,-340,-38,-194,-72,-287
-1,-334,-27,-154,-89,-224
-11,-327,-7,-112,-61,-147
-22,-324,21,-64,8,-61
-40,-315,51,-11,111,23
-49,-304,73,40,207,118
-60,-295,74,72,277,195
-42,-290,78,69,302,300
-22,-292,68,48,291,361
-9,-296,49,10,291,407
-1,-305,41,-27,312,447
-2,-315,41,-34,339,486
-3,-316,39,-21,357,513
-12,-315,32,4,354,532
-22,-316,8,-1,335,548
-23,-317,-13,-75,308,581
-16,-317,-37,-205,261,610
-7,-326,-43,-317,204,635
2,-334,-25,-350,178,659
-3,-342,0,-301,204,709
-24,-340,19,-190,257,759
-59,-332,21,-116,277,805
-116,-323,-4,-110,256,856
-159,-315,-52,-214,193,970
-188,-327,-134,-463,94,1176
-178,-364,-212,-792,9,1299
-152,-409,-222,-1067,-73,1274
-121,-451,-176,-1057,-151,1136
-77,-449,-109,-722,-201,994
-32,-406,-85,-188,-209,958
19,-358,-84,292,-97,1020
-18,-303,-123,596,110,1077
44,-268,-100,650,406,1178
95,-234,-131,616,511,1154
128,-192,-163,498,516,923
151,-158,-169,330,487,590
121,-135,-179,179,514,284
116,-152,-150,45,664,107
84,-184,-118,-44,826,-29
53,-212,-88,-134,912,-173
33,-248,-60,-234,882,-298
24,-270,-50,-332,766,-406
9,-301,-55,-399,627,-499
-2,-323,-51,-429,538,-567
-11,-347,-59,-375,504,-591
-35,-357,-49,-282,523,-601
-59,-357,-34,-123,554,-591
-74,-371,-34,86,576,-564
-96,-356,-20,256,567,-546
-106,-342,-19,416,509,-530
-105,-325,-25,542,405,-510
-100,-299,-34,622,278,-506
-84,-273,-50,677,158,-511
-75,-244,-52,721,69,-523
-55,-218,-58,754,21,-543
-42,-195,-56,757,-12,-571
-39,-174,-55,711,-41,-598
-27,-160,-54,640,-75,-624
-24,-151,-48,546,-111,-658
-17,-146,-46,442,-148,-692
-12,-141,-39,344,-181,-726
-11,-145,-38,254,-209,-750
-9,-154,-37,180,-236,-773
-7,-164,-40,127,-260,-790
-10,-176,-42,94,-280,-803
-6,-187,-39,76,-298,-805
-9,-193,-41,66,-314,-800
-9,-199,-38,62,-327,-778
-12,-206,-38,64,-333,-757
-17,-210,-32,71,-343,-723
-12,-214,-27,82,-361,-690
-12,-215,-23,89,-393,-654
-6,-214,-25,92,-433,-628
5,-211,-23,92,-468,-598
18,-212,-23,92,-490,-573
27,-210,-21,87,-498,-548
38,-208,-19,81,-474,-557
47,-202,-12,80,-447,-578
55,-200,-11,79,-445,-552
61,-202,-15,71,-444,-495
61,-205,-8,50,-424,-478
58,-206,-3,27,-392,-475
58,-205,-3,1,-369,-474
58,-207,-1,-25,-362,-469
60,-212,1,-48,-358,-454
56,-216,7,-66,-349,-432
62,-215,6,-75,-330,-407
62,-220,8,-76,-301,-384
55,-219,11,-67,-265,-359
57,-217,7,-53,-235,-338
52,-217,6,-44,-213,-311
50,-213,5,-36,-187,-290
47,-212,5,-35,-168,-262
45,-210,2,-30,-149,-238
46,-210,-2,-23,-130,-209
39,-208,1,-14,-110,-183
34,-205,5,-5,-92,-151
35,-204,6,8,-74,-119
30,-204,9,18,-59,-88
24,-202,10,29,-49,-61
21,-203,16,37,-47,-30
17,-198,15,37,-51,-7
20,-197,15,26,-62,27
18,-196,17,7,-80,50
16,-200,16,-16,-87,77
17,-198,13,-44,-94,96
17,-196,14,-75,-100,114
17,-201,9,-113,-112,130
18,-202,9,-155,-124,150
19,-206,5,-194,-135,164
16,-205,8,-225,-144,178
20,-207,8,-248,-151,188
20,-214,9,-269,-156,202
20,-218,1,-291,-163,215
19,-224,-4,-323,-174,232
23,-233,-15,-378,-180,240
24,-247,-20,-426,-182,242
29,-267,-30,-464,-169,238
32,-278,-25,-480,-142,221
38,-298,-31,-478,-97,182
43,-308,-27,-465,-48,129
54,-318,-29,-457,-20,119
66,-329,-28,-443,-9,138
70,-334,-22,-404,12,122
75,-337,-7,-344,36,79
75,-338,8,-264,48,29
77,-333,25,-173,41,-27
68,-328,34,-64,20,-66
63,-322,43,13,-8,-119
55,-311,46,65,-38,-173
43,-303,48,88,-78,-229
26,-287,42,90,-120,-272
14,-277,40,76,-158,-303
3,-261,43,59,-195,-315
-5,-253,46,43,-230,-311
-9,-245,58,34,-261,-296
-13,-238,67,28,-290,-277
-15,-237,74,14,-318,-244
-9,-237,78,-17,-360,-194
11,-241,67,-110,-406,-159
32,-248,35,-248,-465,-159
53,-263,-20,-463,-521,-187
78,-285,-60,-733,-528,-250
103,-324,-97,-972,-448,-371
130,-360,-101,-1138,-311,-451
147,-401,-103,-1171,-138,-502
146,-441,-108,-1121,48,-519
133,-467,-99,-1014,220,-512
105,-474,-99,-841,362,-541
87,-469,-95,-621,436,-595
78,-450,-90,-392,429,-649
80,-428,-75,-121,391,-673
85,-408,-63,81,360,-672
85,-380,-74,254,337,-665
71,-346,-85,413,315,-649
51,-307,-95,572,283,-624
15,-259,-115,740,243,-571
29,-232,-124,901,189,-503
-49,-160,-136,1007,83,-554
-93,-89,-133,1019,16,-489
-79,-49,-121,951,-28,-228
-39,-56,-122,810,-81,85
-38,-64,-102,475,-204,150
-34,-98,-77,130,-274,192
-23,-150,-56,-160,-301,260
-15,-201,-49,-359,-306,317
-9,-253,-55,-478,-304,372
2,-303,-63,-542,-293,408
15,-354,-76,-561,-258,430
25,-403,-79,-518,-194,433
24,-438,-71,-411,-112,423
11,-446,-21,-258,-36,391
6,-530,-33,-39,20,351
-8,-513,27,86,40,250
1,-481,33,438,21,222
18,-425,20,813,2,238
25,-345,-15,1183,19,263
29,-270,-44,1478,92,298
29,-218,-57,1638,196,341
29,-145,-67,1653,279,389
25,-95,-94,1516,328,448
27,-53,-102,1231,335,507
30,-35,-107,844,314,554
32,-40,-102,416,285,591
35,-67,-86,10,274,626
36,-105,-66,-303,278,650
41,-145,-50,-505,301,655
39,-177,-46,-553,328,655
42,-216,-28,-531,358,640
42,-251,-24,-460,380,622
44,-277,-14,-352,389,595
41,-292,-14,-220,395,572
41,-295,-11,-68,408,551
37,-294,-16,96,428,532
36,-278,-21,258,457,510
23,-257,-32,398,492,488
19,-241,-33,501,532,465
7,-215,-41,554,577,449
-7,-194,-41,552,612,429
-14,-179,-46,499,642,416
-24,-168,-43,411,664,403
-36,-163,-35,308,679,394
-46,-163,-31,202,679,377
-50,-166,-22,107,668,367
-50,-170,-16,28,644,357
-55,-173,-7,-28,610,354
-48,-183,1,-66,575,348
-48,-194,6,-91,546,348
-42,-197,7,-101,523,346
-42,-206,8,-105,499,344
-41,-214,7,-105,485,341
-35,-222,4,-105,475,333
-36,-228,2,-107,468,317
-33,-232,0,-105,463,295
-30,-238,2,-97,459,269
-26,-241,7,-79,452,244
-28,-241,2,-50,445,218
-25,-242,1,-12,437,191
-23,-230,1,31,427,165
-22,-225,1,72,413,138
-22,-214,1,107,399,113
-24,-204,7,129,376,84
-21,-199,6,139,355,62
-21,-193,3,130,340,36
-21,-192,8,106,325,16
-20,-187,9,71,316,-10
-19,-188,12,30,314,-32
-14,-193,11,-9,318,-55
-15,-197,11,-46,323,-75
-16,-203,22,-73,327,-100
-14,-204,23,-86,329,-118
-16,-208,26,-89,329,-141
-12,-207,29,-86,324,-160
-12,-207,29,-82,321,-181
-12,-206,26,-86,319,-193
-12,-204,26,-97,316,-214
-12,-205,24,-113,311,-229
-13,-207,23,-131,306,-251
-15,-211,23,-152,300,-268
-17,-214,21,-178,293,-288
-26,-220,13,-214,278,-304
-30,-231,9,-277,251,-320
-23,-249,-2,-365,218,-334
-18,-266,-9,-452,187,-348
-13,-287,-14,-503,166,-363
-10,-306,-14,-500,149,-364
-6,-322,-14,-449,127,-356
1,-330,-13,-373,92,-339
-3,-329,-21,-295,51,-308
-10,-329,-27,-231,13,-259
-17,-328,-18,-186,-17,-202
-27,-325,-5,-149,-26,-132
-35,-322,13,-108,-7,-58
-44,-319,32,-61,47,24
-43,-316,52,-9,123,96
-44,-304,63,41,193,154
-41,-295,67,70,242,216
-24,-290,56,69,260,287
5,-283,56,46,275,344
3,-289,54,19,299,379
11,-291,47,2,325,382
3,-291,47,-6,344,379
-11,-293,39,-9,349,369
-29,-299,21,-24,337,378
-44,-309,-4,-84,299,406
-44,-322,-25,-192,227,445
-38,-344,-44,-324,129,468
-31,-366,-56,-443,48,492
-12,-390,-53,-508,21,544
3,-409,-29,-484,51,622
-4,-411,-18,-395,106,715
-20,-404,-12,-304,173,816
-45,-390,-28,-224,224,905
-56,-375,-36,-160,256,984
-82,-353,-50,-92,240,1065
-100,-340,-69,-9,232,1128
-108,-322,-98,63,268,1076
-99,-293,-113,112,288,925
-80,-266,-131,126,248,798
-35,-255,-141,111,202,721
-36,-248,-193,92,225,675
40,-237,-142,22,341,703
86,-230,-136,52,448,678
130,-213,-119,90,539,503
82,-184,-131,107,634,256
74,-180,-101,66,774,140
68,-192,-94,29,864,82
51,-205,-65,-53,863,-8
37,-231,-62,-152,788,-95
31,-261,-54,-253,689,-168
30,-298,-48,-328,604,-225
19,-318,-51,-361,552,-287
7,-348,-50,-341,524,-335
-12,-363,-46,-269,519,-370
-25,-380,-48,-161,516,-382
-45,-374,-17,-18,497,-386
-50,-370,-24,212,462,-377
-69,-351,-14,402,427,-382
-81,-325,-9,561,382,-388
-86,-300,-14,690,318,-409
-88,-271,-26,750,244,-435
-89,-241,-31,733,166,-475
-78,-220,-41,668,87,-520
-69,-198,-49,577,25,-581
-65,-186,-49,455,-19,-632
-56,-175,-46,350,-48,-682
-45,-171,-44,250,-78,-724
-38,-169,-39,160,-109,-765
-30,-174,-36,88,-138,-798
-24,-178,-30,47,-166,-819
-12,-186,-24,32,-187,-824
-7,-196,-23,33,-205,-823
7,-204,-24,42,-217,-809
7,-205,-24,54,-225,-795
17,-210,-24,69,-223,-777
16,-211,-26,86,-216,-749
13,-212,-27,107,-207,-719
16,-213,-25,119,-204,-687
15,-209,-33,128,-205,-661
13,-205,-26,133,-209,-633
21,-201,-28,138,-209,-606
26,-202,-27,136,-207,-579
37,-201,-25,129,-201,-556
41,-205,-28,118,-197,-536
52,-203,-26,107,-190,-526
57,-202,-23,98,-177,-517
65,-204,-21,95,-156,-513
67,-200,-21,91,-130,-503
70,-204,-14,84,-90,-505
73,-205,-8,79,-53,-516
72,-204,-3,74,-32,-511
71,-202,-5,73,-20,-484
65,-207,-4,69,-7,-471
62,-210,-4,63,7,-460
59,-212,-4,57,16,-452
57,-215,-3,49,16,-438
53,-218,-6,48,13,-425
48,-219,-6,56,11,-405
45,-219,-6,67,13,-387
41,-216,-6,79,21,-359
35,-212,-3,85,25,-340
31,-211,-4,92,25,-321
25,-207,-3,95,23,-299
20,-204,-7,90,18,-277
17,-204,-6,76,4,-255
16,-203,-5,54,-16,-231
7,-205,-7,24,-39,-206
5,-207,-7,-1,-64,-180
3,-207,-3,-18,-89,-155
2,-213,-2,-31,-106,-131
-4,-215,4,-44,-121,-111
-2,-219,4,-57,-140,-90
-1,-220,8,-73,-160,-61
-5,-223,10,-83,-179,-37
-1,-224,16,-84,-202,-9
1,-222,18,-82,-234,12
4,-216,21,-85,-272,32
8,-214,23,-95,-310,51
17,-211,25,-106,-345,74
22,-210,25,-121,-380,94
31,-211,26,-141,-408,115
39,-213,21,-166,-426,134
41,-215,11,-203,-432,157
51,-221,9,-248,-418,182
52,-235,1,-304,-397,200
54,-254,0,-343,-373,206
55,-271,1,-364,-354,216
57,-290,-2,-362,-337,213
57,-303,-1,-348,-312,200
62,-314,-1,-323,-279,175
67,-322,-4,-292,-242,142
73,-327,-9,-257,-200,80
72,-325,-8,-229,-163,-5
84,-325,-18,-218,-148,-61
93,-325,-9,-216,-151,-96
89,-323,-4,-200,-151,-127
85,-313,7,-167,-137,-171
84,-309,16,-115,-126,-215
70,-299,29,-51,-126,-258
54,-287,34,13,-133,-292
37,-272,40,55,-151,-314
22,-262,38,69,-176,-315
8,-258,45,53,-215,-300
-5,-248,48,20,-266,-277
-12,-251,54,-14,-324,-256
-20,-247,66,-36,-379,-217
-19,-245,72,-38,-422,-153
-13,-246,71,-25,-474,-101
3,-248,61,-43,-529,-68
29,-263,28,-132,-608,-50
50,-271,-19,-310,-704,-58
68,-291,-62,-540,-765,-78
93,-332,-86,-741,-732,-124
115,-381,-84,-838,-591,-190
116,-407,-74,-817,-377,-303
99,-436,-63,-760,-198,-372
78,-456,-60,-701,-108,-391
59,-454,-61,-584,-83,-432
60,-442,-72,-423,-102,-521
77,-417,-77,-205,-131,-575
93,-389,-97,-9,-134,-629
114,-361,-110,181,-106,-654
117,-325,-125,337,-57,-664
114,-303,-132,468,0,-682
81,-259,-139,578,34,-711
37,-225,-151,670,-2,-653
25,-208,-142,767,-71,-607
-60,-156,-138,855,-162,-665
-109,-115,-119,867,-221,-570
-115,-88,-89,800,-276,-327
-77,-86,-84,680,-408,-37
-73,-105,-73,409,-591,50
-61,-134,-64,117,-730,114
-42,-186,-56,-128,-781,181
-27,-240,-58,-283,-758,245
-16,-289,-54,-365,-696,296
-11,-335,-62,-387,-620,342
1,-371,-58,-356,-546,378
11,-403,-54,-275,-485,403
21,-424,-37,-156,-439,419
27,-433,-31,21,-413,431
30,-423,-25,246,-394,442
58,-440,17,432,-360,432
54,-405,23,673,-331,374
66,-355,9,919,-264,366
69,-296,-19,1122,-175,379
65,-238,-39,1225,-80,401
54,-185,-57,1230,10,424
49,-144,-65,1142,78,459
47,-121,-66,973,112,491
46,-103,-69,742,117,526
46,-98,-66,479,113,555
42,-107,-56,224,113,589
37,-129,-44,8,122,621
33,-155,-28,-165,142,638
24,-183,-19,-234,158,643
22,-210,-15,-248,171,638
17,-234,-12,-228,178,625
17,-251,-11,-186,180,608
17,-261,-15,-128,183,588
14,-267,-18,-59,189,569
15,-265,-21,17,203,549
19,-263,-17,98,219,531
19,-252,-20,176,244,511
14,-238,-22,239,276,497
2,-225,-23,279,309,482
-1,-216,-26,295,349,466
-12,-200,-23,288,374,453
-22,-195,-22,264,384,440
-32,-187,-19,224,381,431
-40,-183,-15,177,371,412
-45,-181,-15,121,354,401
-48,-185,-11,61,335,389
-50,-188,-7,4,309,384
-49,-193,-4,-47,283,375
-49,-198,0,-93,256,370
-47,-200,5,-121,232,363
-41,-212,8,-137,212,363
-39,-211,11,-137,195,355
-36,-218,8,-131,187,347
-36,-223,9,-123,182,330
-34,-225,12,-112,177,312
-32,-223,9,-100,167,286
-25,-226,7,-85,159,264
-25,-224,6,-70,153,234
-19,-225,4,-53,149,207
-14,-219,4,-34,144,176
-13,-216,0,-14,144,150
-14,-211,-2,0,142,118
-12,-210,-3,11,136,84
-11,-202,1,11,128,52
-11,-202,1,2,120,19
-11,-204,0,-17,115,-16
-10,-202,5,-40,119,-49
-6,-203,4,-60,131,-78
-8,-207,9,-75,148,-106
-11,-208,18,-84,167,-129
-8,-214,20,-89,183,-149
-4,-218,29,-90,199,-168
-4,-222,29,-89,210,-186
-1,-221,31,-85,220,-200
0,-222,32,-78,233,-220
1,-223,35,-70,246,-233
-5,-222,32,-65,250,-250
-9,-221,28,-72,245,-259
-10,-224,18,-95,224,-273
-11,-229,10,-144,194,-278
-12,-239,-1,-221,167,-281
-12,-253,-12,-307,145,-276
-11,-268,-12,-376,130,-274
-12,-284,-19,-419,112,-263
-16,-290,-24,-441,78,-251
-19,-299,-38,-446,26,-220
-29,-303,-46,-435,-48,-192
-36,-310,-41,-411,-104,-146
-46,-305,-35,-377,-142,-99
-61,-303,-12,-329,-152,-42
-68,-298,11,-267,-119,15
-73,-289,27,-200,-61,75
-77,-291,53,-138,-15,164
-75,-295,64,-86,41,187
-68,-292,70,-63,72,186
-47,-296,61,-56,61,229
-21,-302,57,-64,45,285
-6,-311,41,-70,53,340
9,-317,40,-48,86,364
14,-310,47,5,127,370
16,-301,43,85,170,367
24,-284,49,165,210,364
26,-270,53,229,241,345
21,-256,54,262,270,308
5,-247,48,252,303,281
-14,-248,24,173,336,284
-32,-261,-5,8,355,328
-43,-282,-32,-218,345,369
-45,-304,-39,-430,289,401
-40,-332,-45,-545,191,443
-30,-363,-27,-563,126,488
-38,-377,-9,-470,102,542
-32,-381,1,-328,129,622
-41,-372,-6,-191,177,695
-71,-362,-29,-94,224,761
-96,-349,-51,-54,259,825
-109,-334,-75,-52,250,893
-106,-338,-97,-97,159,1006
-89,-352,-111,-143,84,1058
-68,-349,-101,-136,60,946
-39,-334,-103,-46,76,797
-7,-324,-103,83,132,728
-9,-303,-101,196,235,725
49,-285,-116,260,363,774
82,-259,-121,314,451,689
70,-228,-149,330,529,467
55,-196,-144,282,646,293
67,-185,-134,242,768,212
69,-176,-123,199,851,128
66,-178,-103,134,880,35
65,-188,-78,62,856,-43
59,-202,-66,-12,795,-106
58,-221,-50,-83,722,-156
47,-247,-56,-158,636,-189
43,-268,-49,-245,588,-218
34,-300,-49,-288,569,-247
14,-324,-51,-301,568,-285
-3,-351,-49,-288,574,-315
-20,-351,-39,-191,558,-333
-34,-366,-37,-19,527,-339
-57,-357,-24,129,498,-355
-73,-339,-24,290,449,-369
-82,-315,-27,435,390,-386
-85,-293,-27,519,330,-402
-84,-270,-37,546,275,-441
-81,-245,-38,521,213,-482
-71,-230,-37,469,165,-526
-65,-218,-33,399,126,-563
-58,-209,-30,318,84,-604
-48,-208,-28,243,43,-635
-42,-203,-24,175,0,-661
-35,-206,-24,126,-40,-678
-28,-207,-24,99,-75,-695
-25,-209,-25,88,-97,-703
-19,-213,-33,84,-115,-706
-17,-217,-23,86,-134,-695
-11,-220,-27,85,-150,-681
-12,-220,-25,87,-159,-662
-7,-220,-23,92,-166,-643
-5,-215,-24,101,-175,-620
-4,-216,-27,109,-184,-596
5,-213,-25,115,-201,-576
11,-206,-23,115,-224,-562
15,-203,-31,114,-249,-545
21,-196,-34,107,-275,-530
31,-192,-39,93,-297,-517
41,-185,-34,66,-309,-504
50,-184,-37,28,-310,-493
58,-181,-36,-19,-292,-488
59,-183,-34,-72,-267,-489
61,-186,-28,-111,-239,-490
62,-190,-22,-142,-209,-488
61,-196,-19,-166,-189,-479
62,-200,-19,-181,-177,-473
58,-209,-10,-190,-171,-461
59,-211,-11,-190,-168,-448
55,-222,-7,-186,-165,-426
58,-228,-5,-171,-158,-402
54,-232,-4,-153,-148,-374
51,-237,-3,-131,-139,-340
48,-237,-4,-102,-132,-304
43,-238,-13,-81,-133,-278
39,-242,-9,-62,-139,-249
36,-236,-13,-47,-139,-229
35,-237,-15,-32,-137,-204
27,-231,-21,-12,-131,-183
27,-231,-14,6,-118,-161
24,-231,-11,26,-104,-146
20,-224,-13,42,-91,-128
12,-219,-7,52,-84,-116
9,-218,-7,53,-83,-98
8,-218,-4,48,-96,-80
8,-219,2,30,-115,-65
8,-221,8,12,-135,-51
9,-220,8,-3,-151,-36
12,-225,12,-13,-161,-19
11,-225,9,-16,-168,-2
14,-222,9,-20,-177,18
14,-220,12,-24,-189,36
16,-211,14,-33,-202,54
19,-210,10,-49,-211,74
22,-207,9,-73,-220,93
24,-207,5,-101,-232,109
25,-206,5,-133,-256,125
25,-209,6,-175,-280,145
30,-214,6,-209,-306,170
28,-223,5,-242,-328,187
24,-233,0,-269,-350,203
26,-250,-2,-288,-366,214
25,-258,-9,-302,-375,231
24,-267,-14,-310,-376,235
18,-278,-18,-308,-368,240
16,-288,-10,-292,-348,237
15,-292,-11,-265,-323,233
11,-301,-10,-241,-300,216
12,-303,-11,-224,-275,201
12,-308,-13,-221,-265,174
20,-314,-15,-220,-264,144
21,-318,-17,-212,-269,104
27,-321,-8,-198,-278,67
33,-318,-6,-176,-290,31
37,-313,4,-146,-306,2
39,-313,4,-110,-318,-27
38,-307,14,-71,-332,-51
38,-300,21,-29,-351,-81
36,-295,29,11,-375,-109
29,-283,34,41,-406,-149
22,-278,33,57,-431,-171
18,-272,32,56,-462,-181
9,-266,38,48,-498,-185
7,-259,40,37,-534,-184
8,-253,44,29,-569,-178
1,-246,47,30,-596,-165
3,-237,49,36,-619,-152
4,-236,52,38,-641,-131
12,-233,56,44,-662,-107
21,-235,52,45,-692,-82
38,-239,45,35,-725,-54
50,-248,41,9,-765,-17
71,-266,26,-54,-783,-14
80,-273,-2,-134,-770,-95
86,-297,-36,-289,-774,-135
89,-325,-48,-457,-775,-94
92,-357,-48,-525,-704,-86
89,-373,-37,-475,-573,-128
85,-378,-39,-370,-451,-180
82,-376,-41,-284,-379,-228
74,-367,-57,-245,-353,-283
75,-362,-73,-232,-348,-339
80,-352,-89,-212,-334,-403
93,-345,-99,-139,-297,-449
100,-333,-107,-30,-245,-498
97,-317,-104,118,-181,-521
74,-286,-108,295,-126,-526
48,-256,-111,460,-102,-514
29,-233,-114,575,-121,-495
-4,-201,-115,624,-176,-466
-34,-174,-119,626,-251,-443
-56,-148,-119,593,-331,-405
-64,-126,-112,528,-413,-342
-50,-102,-107,434,-510,-258
-31,-97,-109,315,-633,-157
-18,-117,-94,119,-672,-101
-11,-137,-83,-64,-632,-56
2,-178,-74,-226,-552,-18
9,-230,-74,-364,-474,13
15,-278,-78,-485,-417,35
19,-331,-64,-576,-370,51
27,-389,-70,-591,-327,59
30,-450,-53,-562,-280,58
25,-496,-27,-474,-232,46
37,-495,42,-305,-188,42
38,-554,-20,2,-156,33
34,-514,21,261,-116,55
57,-461,-2,804,-65,131
60,-383,-33,1234,29,189
59,-297,-51,1523,148,243
51,-222,-65,1640,255,307
43,-156,-75,1602,321,366
40,-104,-86,1424,341,427
43,-76,-92,1136,335,474
42,-68,-91,773,332,512
45,-75,-83,390,341,532
45,-100,-71,58,364,544
37,-138,-56,-173,396,542
39,-174,-42,-311,439,545
39,-205,-38,-341,470,540
41,-236,-24,-322,492,529
44,-259,-21,-264,508,516
48,-270,-18,-175,531,505
51,-281,-20,-65,564,491
50,-279,-16,51,612,480
45,-277,-15,167,668,467
38,-262,-17,277,723,455
36,-250,-21,364,777,441
24,-229,-22,421,823,431
21,-215,-23,442,867,416
7,-201,-27,417,913,405
-1,-194,-25,360,946,397
-7,-187,-28,282,965,389
-18,-183,-26,196,971,378
-27,-185,-19,108,967,368
-31,-190,-15,26,959,367
-35,-195,-7,-39,940,365
-33,-199,-4,-85,919,362

