-.-.-
0.3832,-10.5381,-0.9580,-0.0704,0.3703,-0.0559
-0.1150,-10.3465,-1.0346,-0.1068,0.2756,-0.0959
-0.1150,-10.4614,-0.7281,-0.1396,0.1263,-0.1773
0.3832,-10.5381,-0.7281,-0.1093,0.0425,-0.2610
0.6131,-9.6950,-0.6514,0.0024,0.0546,-0.3472
0.6898,-9.1969,-0.3449,0.1044,0.0668,-0.3424
0.6898,-9.1969,-0.1533,0.0728,0.0534,-0.3509
0.6514,-8.8520,0.1533,0.0437,0.0352,-0.3800
0.8814,-8.6604,0.2682,-0.0073,0.0437,-0.4140
0.9963,-8.6221,0.3449,-0.0777,0.0559,-0.4067
1.0346,-8.6604,0.3832,-0.1615,0.0291,-0.3642
0.9197,-8.5838,0.1150,-0.2477,0.0049,-0.2902
1.1113,-9.1969,0.4215,-0.2963,-0.0024,-0.2015
1.1496,-10.1932,0.8814,-0.2088,-0.0631,-0.0874
1.0346,-11.0746,0.8430,-0.0801,-0.1117,-0.0073
0.4982,-11.0363,0.5748,-0.0510,-0.1906,0.0498
-0.1916,-11.0746,1.1496,-0.0571,-0.3497,0.0947
0.2682,-12.0709,0.8814,-0.0170,-0.4480,0.0923
1.6095,-12.4158,1.6478,0.0559,-0.4917,-0.0522
1.5328,-11.4961,2.2992,0.2841,-0.4893,-0.1506
2.1843,-13.7953,0.3832,0.1967,-0.6180,-0.3035
3.0273,-14.7533,-0.5365,-0.1748,-0.5014,-0.5864
3.4105,-13.3738,-1.8777,-0.0534,-0.2610,-0.7394
3.1039,-11.4961,-3.6021,-0.0158,-0.0255,-0.7588
2.4908,-9.6950,-3.6404,0.1421,0.1117,-0.6131
-0.0766,-7.7407,-2.9890,0.2671,-0.0413,-0.3776
-0.9963,-8.5838,-2.3759,0.2064,-0.3132,-0.1360
0.1916,-9.6184,-2.1843,0.0340,-0.4031,-0.0182
1.3795,-10.1932,-1.3029,0.0012,-0.2695,0.0826
1.9927,-10.0016,-1.3795,-0.0898,-0.1736,0.2562
2.1843,-9.9250,-1.3412,0.0619,-0.0789,0.4262
2.1076,-9.8866,-1.1879,-0.0874,0.0777,0.4565
1.8394,-9.5418,-1.4945,-0.0692,0.2355,0.4419
1.3029,-8.9670,-1.3795,0.0243,0.3800,0.4213
0.9963,-8.7370,-0.9580,0.0862,0.4905,0.4334
0.7664,-8.6987,-0.9197,0.0692,0.5658,0.4844
-0.1150,-8.9286,-0.4982,0.0073,0.6338,0.4262
-0.4598,-9.0436,-0.0766,-0.0789,0.6253,0.3667
-0.2299,-9.3502,0.0383,-0.1408,0.6241,0.2926
0.0383,-9.1586,0.4598,-0.1421,0.6447,0.2064
0.1150,-8.9286,0.2682,-0.1736,0.6459,0.1226
0.5365,-8.8520,0.4598,-0.2064,0.6277,0.0109
0.6898,-9.8866,0.8047,-0.1821,0.6921,-0.0534
0.8430,-10.8830,0.3832,-0.1093,0.7758,-0.0777
0.5748,-11.2279,0.4598,-0.0376,0.8317,-0.0595
0.8814,-11.0363,0.4982,0.0413,0.9288,-0.0947
0.3832,-11.6494,1.2263,0.0146,1.0017,-0.1323
-1.2263,-11.5344,1.9543,0.1967,0.9883,0.0036
-2.1459,-12.6457,2.0310,0.2453,0.9325,0.2137
-1.1879,-15.8263,-1.0346,-0.3485,0.6823,0.4917
-0.5748,-14.2168,-1.2646,0.1809,0.5294,0.8135
0.6898,-11.9559,-2.8357,0.2550,0.4225,0.8548
1.1879,-10.0782,-4.2152,0.2647,0.5779,0.7297
2.4142,-8.2772,-4.3685,0.2635,0.8244,0.5658
1.6861,-9.0053,-3.5638,0.1761,0.9252,0.4031
-0.5365,-10.4998,-2.2609,0.0898,0.7953,0.3230
-1.6095,-11.4961,-1.0346,0.0304,0.5051,0.2768
-1.5711,-11.1129,-0.9963,-0.0437,0.1481,0.0801
-1.0346,-10.3082,-1.4945,-0.0643,-0.1178,-0.2380
-0.5748,-10.4998,-1.8011,-0.1712,-0.3230,-0.4966
-0.4598,-10.1549,-1.1879,-0.1663,-0.4274,-0.5609
-0.1150,-9.5801,-0.9197,-0.0437,-0.5391,-0.5937
0.5748,-8.8903,-0.4215,0.0911,-0.5767,-0.5694
0.8047,-8.6987,-0.0766,0.1166,-0.6204,-0.5306
1.2263,-8.0473,-0.2682,0.0959,-0.6520,-0.5294
1.1879,-7.8557,-0.0383,-0.0206,-0.5961,-0.5184
1.2646,-7.6641,0.0383,-0.0923,-0.5367,-0.4699
1.0346,-7.7790,0.1533,-0.1906,-0.4881,-0.3424
0.8430,-8.4688,0.5748,-0.2161,-0.4395,-0.1882
0.9963,-9.4651,0.9963,-0.1336,-0.4080,-0.0680
0.9580,-10.2698,1.1113,-0.0304,-0.4322,0.0304
0.6514,-10.6147,0.6514,0.0401,-0.4007,0.0364
0.2682,-10.6530,1.3029,0.1153,-0.4201,0.0389
0.7281,-11.8410,0.4598,0.0631,-0.4201,0.0631
1.6095,-12.4924,2.0693,0.0024,-0.4067,-0.0170
1.6478,-11.6494,2.2226,0.2015,-0.2926,-0.0996
2.4525,-15.2132,-1.0730,-0.0073,-0.3897,-0.2890
3.0656,-16.4394,-0.4982,-0.1882,-0.1263,-0.7686
2.4525,-13.7570,-1.8394,0.1566,0.1651,-1.0126
2.1076,-11.2662,-4.1003,0.2453,0.3266,-0.9883
0.8047,-8.6221,-4.2536,0.3193,0.2623,-0.7977
-0.7281,-7.7407,-2.6824,0.3120,-0.0486,-0.4602
-0.1916,-9.6950,-2.6441,0.1129,-0.2732,-0.1178
1.7244,-11.2279,-0.9197,-0.0085,-0.2125,0.0559
2.6441,-10.2315,-0.8047,0.0304,-0.0510,0.1627
2.2226,-9.4651,-1.0730,0.0486,0.0838,0.3315
1.9927,-9.3502,-1.4562,-0.0340,0.2040,0.4893
1.6095,-9.2352,-1.1113,-0.0631,0.2744,0.5743
0.8047,-8.7370,-0.6131,-0.0510,0.2768,0.5840
0.2299,-8.5454,0.0766,-0.0243,0.2416,0.6411
-0.1533,-8.4688,-0.1533,0.0243,0.3060,0.5536
-0.1533,-8.3155,0.1533,0.0546,0.3132,0.4844
0.1533,-8.1239,-0.1150,-0.0680,0.2914,0.4140
0.5365,-8.0856,-0.2299,-0.1481,0.3035,0.3570
0.6131,-8.3921,0.3832,-0.2222,0.3800,0.2659
0.6131,-8.6221,0.2299,-0.2853,0.3970,0.1530
0.4215,-9.3502,0.8430,-0.2161,0.4796,0.0498
0.7664,-10.4998,0.9963,-0.0619,0.6447,-0.0571
0.8430,-10.5764,0.7664,0.0170,0.7601,-0.1554
0.6514,-10.5764,0.7664,0.0049,0.8110,-0.1955
0.5365,-11.6111,1.1879,0.0219,0.8584,-0.1603
-1.3795,-12.5307,2.0310,0.0668,0.8135,-0.0146
-2.0693,-11.7260,2.2992,0.1785,0.6933,0.1930
-2.2992,-13.0289,2.4525,0.2768,0.5379,0.3278
-0.4598,-15.9796,-1.4562,-0.2598,0.3533,0.5524
0.4215,-14.4468,-0.9580,0.0559,0.2598,0.7698
0.1150,-13.2205,-2.9123,0.0777,0.0583,0.8001
2.2226,-12.0326,-5.1732,0.0534,0.2015,0.6338
4.3302,-9.8100,-5.1349,0.0874,0.4942,0.5027
3.1806,-9.4651,-3.8320,0.1433,0.7394,0.3922
0.7664,-10.1932,-2.3759,0.0631,0.6836,0.3169
-1.0730,-10.6530,-1.9927,-0.1700,0.4687,0.1251
-1.0730,-10.3465,-1.6861,-0.2744,0.2283,-0.1700
-0.5365,-10.1932,-1.5711,-0.2501,0.0983,-0.4541
-0.3832,-9.6184,-2.0310,-0.2720,0.0559,-0.6641
-0.0766,-8.6604,-0.9963,-0.1554,0.0352,-0.6787
0.5365,-8.7754,-0.4215,-0.0206,0.0000,-0.5852
0.7664,-8.5454,0.0383,0.0146,-0.1736,-0.4772
1.0346,-8.5071,0.1916,-0.0935,-0.2890,-0.4966
1.3412,-8.2389,0.1150,-0.1761,-0.2695,-0.5087
1.9543,-8.1239,0.0766,-0.2841,-0.1566,-0.5172
1.6478,-8.5454,0.4215,-0.3460,-0.0777,-0.5197
1.1879,-8.6987,0.0766,-0.2841,-0.0449,-0.5184
0.9580,-8.8903,0.1150,-0.2805,-0.0049,-0.4759
1.1879,-9.4651,0.2299,-0.2865,0.0146,-0.3849
1.3412,-10.2315,0.6898,-0.2307,-0.0304,-0.3290
1.1113,-10.8830,0.8430,-0.1141,-0.0911,-0.2805
0.3832,-11.5344,1.4562,0.0291,-0.1384,-0.1712

