-.-.-
1.4562,-8.6987,-3.6404,-0.0826,0.0474,-0.0376
1.5328,-8.8137,-3.7937,-0.0559,-0.0255,0.0194
1.9543,-9.1969,-3.2572,0.0206,-0.0680,0.0619
2.3759,-9.1969,-3.3722,0.1481,-0.0765,0.1117
2.4908,-9.0819,-3.9853,0.1712,-0.0826,0.1603
2.2226,-9.5418,-3.9470,0.0364,-0.1287,0.2028
1.3412,-10.4998,-3.2572,0.0036,-0.2465,0.2380
1.4945,-11.1512,-3.6021,0.0838,-0.2963,0.2853
2.4525,-11.8027,-3.6404,0.1153,-0.2404,0.2368
3.0273,-11.9943,-2.6058,0.1323,-0.1615,0.0813
2.6824,-11.2279,-2.9123,0.2295,-0.1554,-0.0328
1.4179,-11.7643,-4.8284,0.1518,-0.1979,-0.0571
1.1113,-12.8373,-6.8210,-0.2793,-0.2440,-0.0777
2.1459,-12.3775,-7.4341,-0.1214,-0.1408,-0.2283
3.6404,-9.0053,-8.0473,-0.0546,-0.0959,-0.3060
1.8777,-6.1313,-7.9323,-0.1821,-0.1918,-0.4055
-0.1533,-7.3575,-5.8630,-0.2538,-0.5791,-0.2914
-1.8777,-8.9286,-5.2116,-0.0826,-0.6508,-0.1068
-0.9963,-9.4268,-5.6331,0.1032,-0.6022,0.0996
1.1879,-9.6567,-5.4415,0.0826,-0.5112,0.3254
2.2992,-9.7717,-5.2116,0.0486,-0.4735,0.3873
2.6441,-9.1586,-4.8667,0.1238,-0.3776,0.3400
2.0693,-8.5454,-5.1349,0.1384,-0.1991,0.3667
1.3795,-7.9706,-4.9050,0.0753,-0.0243,0.4031
0.1916,-7.3575,-4.9433,-0.0036,0.0704,0.4201
-0.4982,-7.3958,-4.8667,-0.1809,0.0340,0.4249
-0.5748,-7.9706,-4.7134,-0.2780,0.0255,0.4080
-0.6131,-8.7370,-4.9050,-0.3242,-0.0146,0.3315
-0.5365,-8.9670,-4.8284,-0.2780,-0.0522,0.2841
-0.2299,-8.9670,-4.8667,-0.2173,-0.0680,0.2173
0.1533,-9.1586,-4.6368,-0.2003,-0.0668,0.1044
0.2299,-9.2735,-4.1769,-0.2003,-0.0012,-0.0061
0.4215,-9.6184,-3.6404,-0.1809,0.0449,-0.1202
0.2682,-9.8100,-2.9123,-0.1311,0.0850,-0.2125
0.2682,-9.7717,-2.9507,-0.0279,0.1323,-0.2793
0.1150,-9.5801,-3.2955,0.0061,0.1566,-0.3254
0.0000,-9.8100,-4.0620,-0.0146,0.1275,-0.3764
0.6514,-10.2315,-3.7171,0.0158,0.1833,-0.3400
1.7627,-10.9213,-3.2955,0.0595,0.3594,-0.2950
1.9543,-11.2279,-3.4488,0.1044,0.3351,-0.2756
1.0346,-11.0746,-2.9507,0.1202,0.3120,-0.2295
0.9963,-10.5381,-2.0310,0.2210,0.4043,-0.1591
1.1879,-10.1166,-1.9927,0.2465,0.6326,-0.1263
2.3375,-10.8063,-4.5601,0.0765,0.8839,-0.0643
1.3795,-11.8027,-7.2809,-0.2878,0.9992,-0.0134
-0.4982,-11.0363,-10.3082,-0.3764,0.9337,0.1554
-2.7207,-10.0782,-9.1202,-0.2064,0.4432,0.4844
-1.5328,-9.8100,-7.9323,-0.4007,-0.1591,0.7783
2.0310,-10.6147,-7.1276,-0.2088,-0.2198,0.6860
4.2919,-10.1932,-6.5528,0.0109,-0.0291,0.2550
4.1386,-9.2352,-6.1313,0.0510,0.3035,-0.2355
3.0273,-7.9706,-4.9816,0.1566,0.6678,-0.6399
0.6131,-7.5108,-4.9816,0.1214,0.7965,-0.7236
-1.2263,-7.6641,-4.7900,0.0024,0.5306,-0.6496
-0.8047,-7.8940,-3.7937,0.0279,0.1736,-0.4541
0.4215,-7.5108,-4.5984,0.0522,-0.0801,-0.3060
1.6861,-7.8173,-4.7900,-0.0996,-0.2404,-0.2586
2.7591,-8.3921,-4.4835,-0.2210,-0.2768,-0.2355
2.9890,-9.0053,-4.7517,-0.2295,-0.3132,-0.2210
2.7974,-9.2352,-5.0583,-0.1421,-0.2950,-0.1663
2.1076,-9.0436,-4.8284,-0.1129,-0.2234,-0.1105
1.9160,-9.0053,-4.2536,-0.1032,-0.1251,-0.0279
2.2226,-9.1202,-3.9853,-0.0595,-0.0522,0.0437
2.2609,-8.8903,-3.9470,-0.0401,-0.0619,0.0826
1.8394,-8.5838,-3.6787,-0.0449,-0.1129,0.1178
1.9927,-8.0089,-4.0236,-0.0340,-0.1566,0.1651
1.9927,-8.3921,-3.4105,-0.0935,-0.1323,0.1821
1.8777,-8.7754,-3.4871,-0.1117,-0.1323,0.1748
1.3029,-9.5801,-3.2189,-0.1943,-0.3108,0.1287
0.6898,-10.3082,-3.2955,-0.1603,-0.5063,0.1421
0.9197,-11.3811,-3.5255,-0.0789,-0.6180,0.1700
2.0310,-11.8410,-3.7171,0.0643,-0.6059,0.1591
2.7974,-11.1895,-3.2189,0.1433,-0.5621,0.0838
2.6441,-10.8830,-1.6478,0.2052,-0.5731,-0.0121
2.3759,-10.8063,-2.5675,0.2440,-0.6435,-0.0728
1.3412,-11.1512,-4.7134,0.1967,-0.7018,-0.0826
1.3795,-11.4961,-6.9360,-0.0728,-0.6848,-0.0583
2.3759,-11.3811,-9.1202,-0.2137,-0.5342,-0.1323
3.5255,-9.6567,-9.5801,-0.5136,-0.3035,-0.3752
4.3302,-8.5454,-8.7754,-0.3825,0.0437,-0.5731
0.3449,-8.9670,-6.9743,-0.3072,0.0959,-0.7103
-1.8011,-9.6567,-5.1732,0.1493,-0.0753,-0.4359
-2.1076,-9.3118,-5.5181,0.2950,-0.1724,-0.0425
-0.4215,-9.6950,-5.4032,0.2064,-0.3387,0.3205
1.3412,-9.5418,-5.5564,0.2343,-0.4116,0.5014
2.9123,-9.1586,-5.4415,0.2343,-0.2987,0.4917
2.9507,-8.1239,-4.9050,0.1153,-0.0668,0.3740
2.0693,-7.3192,-4.9816,0.1214,0.1736,0.3460
0.9580,-7.0126,-4.7134,0.0583,0.3703,0.3800
-0.1150,-7.2425,-4.9433,-0.0996,0.4237,0.3655
-0.7281,-8.1239,-4.8284,-0.2598,0.3861,0.3618
-0.8814,-8.8903,-4.6368,-0.2623,0.3011,0.3594
-0.6898,-8.7754,-4.7517,-0.2040,0.1870,0.3290
-0.0383,-8.6221,-4.9433,-0.1421,0.1336,0.2586
0.1916,-8.7754,-4.9433,-0.1554,0.1166,0.1372
0.3832,-9.4268,-4.2152,-0.1761,0.1226,0.0340
0.5748,-9.3118,-3.9853,-0.0680,0.1542,-0.0146
0.5365,-9.0053,-3.9853,-0.0376,0.1603,-0.0631
0.4982,-9.3118,-3.6787,0.0000,0.1615,-0.1105
0.1533,-9.4268,-4.0620,0.0352,0.1396,-0.1736
0.3066,-9.7334,-4.2152,-0.0643,0.1506,-0.2161
0.8430,-10.3465,-3.7937,-0.0898,0.2865,-0.2525
1.2646,-10.6147,-4.2536,-0.0437,0.3679,-0.2878
1.0346,-10.6530,-4.7517,-0.0874,0.3630,-0.2890
0.8047,-10.9213,-3.8704,-0.1178,0.3861,-0.2635
0.8430,-10.6914,-2.9507,-0.0777,0.4395,-0.1773
1.1496,-10.8830,-2.5675,-0.0546,0.5294,-0.0886
2.1459,-11.3811,-2.9890,-0.0267,0.6860,-0.0170
2.4525,-12.0326,-4.4835,-0.0134,0.8268,0.0109
1.6478,-12.1092,-5.9780,-0.0291,0.8778,0.0656
-0.1916,-11.2662,-7.9706,-0.0255,0.7928,0.0777
-2.6441,-10.2315,-7.7024,-0.1967,0.4140,0.1943
-2.1076,-8.2389,-7.8173,-0.1202,0.0279,0.4067
1.6478,-8.4305,-6.0546,-0.1591,0.1008,0.5731
4.6368,-8.0089,-5.9013,-0.0656,0.3351,0.4796
4.6751,-8.2772,-6.1696,-0.1081,0.4553,0.2088
2.9507,-8.9286,-5.8630,-0.1275,0.5901,-0.0522
1.2646,-9.4651,-4.9816,-0.1105,0.6484,-0.2683
-0.4598,-9.3118,-5.0200,0.0109,0.5379,-0.3436
-0.7281,-8.6604,-5.1349,-0.0231,0.2805,-0.3023
0.0000,-7.8173,-5.1732,0.0182,0.0789,-0.2355
1.1879,-7.7790,-4.7134,-0.0109,-0.0267,-0.1991
1.9927,-8.2772,-4.9433,-0.0874,-0.0680,-0.2465
2.2226,-8.7754,-4.6751,-0.1311,-0.0886,-0.2756
2.3375,-8.8903,-4.5601,-0.1396,-0.0947,-0.2853
2.4525,-8.8137,-4.1769,-0.1566,-0.0656,-0.2416
2.2992,-8.7754,-4.2536,-0.1202,0.0049,-0.1761
1.9927,-8.5838,-4.4835,-0.1299,0.0000,-0.1105

