-.-.-
1.6478,-12.6074,2.7207,-0.3387,0.0595,-0.3630
0.2682,-15.4048,3.2572,-0.4274,0.2380,-0.5124
3.0273,-14.6000,0.9197,-0.0498,-0.0097,-0.7698
2.5675,-12.4924,-1.9543,0.3145,0.2234,-0.9883
2.3375,-8.5838,-1.9543,0.9070,0.1882,-1.0757
0.1533,-7.2042,-0.8814,0.7309,0.4929,-0.8329
-1.4179,-11.3811,1.2263,-0.3485,0.5852,-0.3230
-1.9927,-13.4504,1.3412,-0.2793,0.5828,0.3011
-1.4945,-11.4195,0.5365,0.4711,0.5986,0.6678
0.3832,-9.0436,-0.0383,0.7115,0.6326,0.7698
2.2992,-8.4688,0.2299,0.1676,0.7528,0.6386
2.5291,-8.3921,0.4215,-0.2574,0.9810,0.5816
1.1113,-9.0436,1.0730,-0.2647,1.3186,0.6204
-0.3066,-8.6221,1.9927,-0.1457,1.3343,0.5585
-0.6898,-7.5108,1.7627,-0.1748,1.3295,0.4966
-1.3029,-7.4341,1.9160,-0.2161,1.3878,0.5306
-1.6861,-7.2425,2.0310,-0.0595,1.2615,0.5949
-1.4945,-7.9706,2.4525,-0.2343,1.1814,0.4857
-1.1496,-8.8520,3.5255,-0.3570,1.0272,0.2562
-0.8814,-7.8557,3.0273,-0.1287,0.9203,0.0376
-1.3029,-5.9780,2.9890,-0.0376,0.8948,-0.1384
-1.7244,-6.8210,4.1386,-0.3582,0.8985,-0.3060
-1.3029,-10.5764,5.1732,-0.4116,0.8135,-0.4614
-1.3795,-11.2662,2.9507,0.0571,0.7564,-0.4589
-2.2226,-10.8063,0.2682,-0.0498,0.6447,-0.2963
-2.9890,-11.1129,2.4142,-0.1906,0.4504,0.0328
-3.4488,-12.2625,5.6331,-0.2246,0.2963,0.3946
-2.8357,-11.3045,5.2116,-0.2331,0.2513,0.5949
-1.7244,-11.3811,3.0656,-0.6156,0.0850,0.5464
-0.4982,-13.7953,2.4142,-0.9543,0.1044,0.4359
0.4598,-14.9832,0.8430,-0.6933,0.2440,0.4274
-1.3412,-16.0562,-1.6861,-0.5512,0.4310,0.6435
-1.5328,-14.1785,-2.1459,0.2865,0.4189,0.8985
-1.9543,-9.5418,-1.2263,1.1279,0.1081,0.7819
0.3066,-8.0473,-1.0730,0.8608,-0.1068,0.5354
1.0730,-9.1202,0.4982,-0.0134,0.1506,0.0182
0.9580,-11.2279,1.5711,-0.1627,0.0134,-0.5342
0.6131,-11.0746,0.9197,0.3655,-0.1044,-0.8730
-1.3029,-9.5801,0.8430,0.5889,-0.1105,-0.9604
-3.5255,-9.2352,0.9197,0.3278,-0.2489,-0.8523
-2.7591,-8.9670,1.1879,0.0474,-0.6265,-0.6399
-0.5748,-8.2389,1.1879,0.1724,-0.8548,-0.5706
0.9580,-7.3958,0.9197,0.2076,-0.8924,-0.6156
1.3795,-7.3192,1.1879,-0.0461,-0.8730,-0.6216
1.0730,-8.1239,1.9160,-0.1651,-0.8669,-0.5658
0.4215,-8.1622,2.1843,-0.1214,-0.8620,-0.4832
0.2682,-8.4305,1.7627,-0.1068,-0.8560,-0.3412
0.1916,-7.8940,1.5711,-0.1578,-0.8620,-0.2028
0.2682,-7.0126,2.1076,-0.2015,-0.8620,-0.0619
0.6514,-7.1659,3.1423,-0.3934,-0.8803,0.1348
0.6898,-9.2352,5.1349,-0.2708,-0.9482,0.3922
0.3832,-11.1512,5.3648,0.1736,-1.1935,0.5087
0.7664,-11.1895,2.0693,0.2805,-1.1984,0.4577
1.8777,-9.6184,0.7664,0.2100,-0.8220,0.1967
4.7134,-11.2662,2.6058,-0.5731,-0.5245,-0.0231
5.4415,-14.8300,5.9013,-0.5974,-0.2125,-0.3023
2.8740,-13.5271,3.1039,-0.1190,0.0158,-0.4893
1.1113,-14.6000,1.4945,-0.3193,0.2465,-0.6471
1.9927,-15.0982,2.0693,-0.3169,0.2683,-0.8778
3.3339,-14.8683,-1.1496,-0.2416,0.2574,-1.1134
0.8430,-12.4158,-1.4945,0.5549,0.3570,-1.1255
-0.0766,-7.3192,-0.9963,1.3817,0.2562,-0.8317
-1.6095,-8.5454,0.0000,0.5609,0.4626,-0.3157
-2.1076,-11.9943,1.2646,-0.0789,0.4322,0.2283
-1.8011,-11.7643,0.7664,0.2950,0.3897,0.6884
-0.5748,-9.4268,0.4982,0.7576,0.3982,0.8596
1.3412,-8.3155,0.2299,0.5512,0.4310,0.8147
2.2609,-8.2772,0.6131,0.0486,0.5925,0.5791
1.5711,-8.6604,0.9197,-0.1153,0.7989,0.5075
0.1533,-8.6987,1.1113,0.0109,0.9397,0.4942
-0.8430,-7.9706,1.6095,0.0036,0.9531,0.4699
-1.4179,-7.3575,1.8777,-0.0437,0.9337,0.5282
-1.6095,-7.2809,2.0310,-0.0219,0.9094,0.6156
-1.0346,-7.3958,1.8777,-0.1287,0.8803,0.5779
-0.6131,-7.9706,2.4142,-0.3509,0.9021,0.4529
0.0000,-8.3538,2.2609,-0.4116,0.9106,0.2999
-0.3066,-7.1659,2.4525,-0.3497,0.9446,0.0680
-1.1113,-7.4725,3.6021,-0.4589,0.9519,-0.1845
-1.1113,-9.8100,5.3265,-0.3533,0.9847,-0.3873
-0.8430,-11.3428,4.3685,0.1226,1.0466,-0.4893
-0.3449,-10.1549,1.9543,0.5099,0.9932,-0.4602
-2.0310,-9.6950,1.1879,-0.0243,0.9045,-0.2963
-4.3302,-11.5727,2.9890,-0.3873,0.6945,-0.0097
-5.4032,-12.3775,5.9780,-0.3096,0.6435,0.3897
-3.7937,-12.5691,4.7517,-0.2865,0.2586,0.6301
-2.0310,-12.8756,2.7207,-0.4784,-0.0024,0.5889
-0.8814,-14.2552,2.2992,-0.6374,-0.0134,0.5889
-2.0310,-15.2898,-0.0766,-0.5464,0.1396,0.7309
-0.7664,-15.7880,-3.0273,-0.0862,0.0546,0.9689
-0.8047,-10.5764,-1.4179,1.0175,0.0935,0.9762
0.0000,-7.3192,-1.0730,0.9920,-0.2914,0.7989
1.1879,-9.3885,0.2682,0.1773,-0.1251,0.3363
1.0346,-12.1092,1.4179,-0.2234,-0.0498,-0.2817
1.3029,-11.3428,0.6514,0.3424,-0.2890,-0.8329
0.1150,-9.8866,0.7281,0.5282,-0.2040,-0.9798
-2.3375,-9.4651,1.2263,0.3339,-0.1943,-0.8912
-3.1039,-9.2352,1.2263,0.1979,-0.4614,-0.6605
-2.0310,-8.5454,1.0730,0.1906,-0.7503,-0.5828
-0.0383,-7.9706,1.8394,0.2185,-0.8875,-0.5415
1.1496,-7.7790,1.9160,0.2125,-0.8633,-0.4942
1.4562,-7.7790,1.8777,0.1785,-0.8645,-0.4432
1.3029,-7.9706,2.3375,0.0983,-0.8050,-0.4177
1.0346,-8.4688,2.3375,0.0728,-0.7321,-0.3897
0.6514,-8.3921,2.3759,0.0340,-0.6653,-0.2938
0.3449,-7.3958,2.7591,0.0522,-0.6326,-0.1833
0.5365,-6.3229,3.5638,-0.0219,-0.6374,-0.0073
0.4598,-7.1276,4.8284,-0.1008,-0.7030,0.2234
0.0383,-9.3118,5.2882,0.0534,-0.8268,0.4371
0.0000,-10.8063,2.8357,0.0765,-0.9215,0.5597
0.5748,-10.4998,1.1113,0.0668,-0.7771,0.4080
3.0273,-10.9979,-0.0766,-0.4371,-0.4954,0.0813
4.3685,-13.2588,6.2079,-0.4310,-0.2392,-0.1991
3.3339,-11.6494,6.3229,-0.1955,-0.1991,-0.4432
1.4945,-12.9906,3.1806,-0.5063,-0.0352,-0.4772
-0.3832,-14.9066,3.9087,-0.3339,0.0595,-0.5014
1.3412,-14.3318,3.6404,-0.0813,-0.1882,-0.5864
2.1843,-13.4888,0.1916,0.0279,-0.1348,-0.6544
2.5291,-11.3045,-1.5711,0.6034,-0.1323,-0.6690
0.7281,-7.2425,-1.3412,1.0126,0.1032,-0.6751
-1.7627,-6.5911,0.1150,0.4152,0.2513,-0.5573
-1.6861,-11.0746,1.8777,-0.4759,0.2586,-0.1323
-1.0346,-13.4888,1.9160,-0.3060,0.4128,0.4286
-0.2682,-11.3811,0.9580,0.5209,0.3922,0.6046
0.9963,-8.6987,0.6131,0.6374,0.5342,0.5427
1.5711,-7.8557,0.7664,0.0413,0.6787,0.4589
1.3412,-8.4688,0.9580,-0.2756,0.9045,0.5063
0.1916,-8.7370,1.4179,-0.2659,1.0211,0.4589
-0.5748,-8.5454,2.0310,-0.2331,0.9859,0.4189

