-.-.-
0.8047,-8.6604,-1.0346,-0.0874,-0.1955,-0.0267
0.9580,-8.8903,-0.9580,-0.1542,-0.2088,-0.0012
1.1496,-9.1969,-0.8047,-0.1348,-0.2368,-0.0134
1.1113,-9.4268,-0.8047,-0.0838,-0.2938,-0.0134
1.1113,-9.0436,-0.3832,0.0170,-0.2756,0.0231
0.9963,-8.5454,-0.6514,0.0534,-0.3254,0.0753
0.9580,-8.9286,0.0383,0.0340,-0.4092,0.1129
1.5328,-9.3118,-0.4215,0.0619,-0.4201,0.1226
1.6861,-10.5381,-0.4215,-0.0061,-0.3472,0.1372
1.8011,-10.8063,-0.2299,0.0437,-0.3327,0.1724
1.9543,-10.5381,-0.1150,0.1190,-0.2878,0.1542
1.4562,-10.1932,0.4215,0.1275,-0.1967,0.0716
1.3412,-10.2315,1.0730,0.1421,-0.1433,0.0036
1.2646,-10.3465,1.4179,0.1299,-0.1748,-0.0109
1.1113,-10.8063,1.7627,0.0971,-0.2720,0.0049
1.7627,-12.0326,1.1879,0.0704,-0.3278,-0.0085
1.9543,-11.5727,-0.1150,0.0425,-0.2040,-0.0425
1.8777,-11.2279,-1.2646,0.0255,-0.1275,-0.0559
1.4945,-10.5764,-2.5291,-0.0437,-0.0983,-0.0996
0.3066,-9.4651,-3.8320,-0.0559,-0.1421,-0.1870
-0.5748,-8.7754,-3.7171,-0.0061,-0.3982,-0.2222
-1.1113,-9.2735,-3.0273,0.1384,-0.6107,-0.0947
-0.6514,-10.0782,-2.8357,0.1408,-0.6386,0.0996
0.1150,-10.3848,-2.4525,0.0559,-0.4808,0.1761
1.1879,-9.6567,-2.3375,0.1918,-0.2623,0.1773
1.6095,-8.8903,-1.7244,0.1688,-0.0449,0.1323
1.4562,-8.7754,-1.1879,0.1955,0.1894,0.1348
0.5748,-8.7754,-1.1879,0.0996,0.2319,0.2100
-0.5748,-8.6987,-1.0346,-0.0012,0.1530,0.2793
-0.6898,-8.5071,-0.9580,0.0049,0.0983,0.2841
-0.3449,-8.3155,-1.1113,0.0182,0.1238,0.2477
-0.0383,-8.4688,-0.7664,-0.1056,0.1773,0.1943
0.1150,-8.6604,-0.9197,-0.2331,0.2307,0.1761
-0.1150,-8.3921,-1.2263,-0.3096,0.2489,0.1506
0.1150,-8.9286,-0.5748,-0.3982,0.3023,0.1032
-0.6131,-9.0436,-0.9197,-0.3679,0.2975,0.0522
-0.5748,-9.5034,-0.7281,-0.3157,0.2780,-0.0024
-0.7664,-9.3885,-0.6131,-0.2040,0.2586,-0.0546
-0.5365,-8.8137,-0.5365,-0.2125,0.2756,-0.0959
-0.2299,-8.5838,-0.1533,-0.2938,0.2926,-0.1360
0.0766,-8.8137,0.0383,-0.3169,0.3302,-0.1530
0.0766,-9.1969,0.0000,-0.2708,0.4055,-0.2076
-0.1916,-9.5801,0.0000,-0.2003,0.4711,-0.2392
-0.6131,-9.5418,-0.8814,-0.1943,0.4177,-0.2149
-0.5748,-9.9250,-0.9963,-0.2744,0.4517,-0.1967
-0.6131,-10.1932,-1.7627,-0.2938,0.5233,-0.2113
-0.4215,-10.6914,-0.9580,-0.3594,0.4614,-0.1676
0.2682,-11.1895,0.4215,-0.3072,0.3897,-0.1093
0.8430,-10.9979,0.8047,-0.1372,0.3812,-0.0923
1.1879,-10.4998,1.2646,-0.0316,0.5221,-0.0959
0.5748,-10.3465,1.4562,-0.0036,0.7710,-0.0680
0.2299,-11.2279,0.6131,-0.0437,0.9580,-0.0231
-1.5711,-11.9176,-2.4525,-0.1833,0.8633,0.1032
-3.2955,-12.4541,-5.2499,-0.6544,0.3910,0.3217
-2.8740,-12.3008,-5.6331,-0.4177,-0.3205,0.5621
1.6095,-11.0363,-3.8704,0.1469,-0.2295,0.4772
4.1003,-9.0819,-3.8704,0.6836,0.2525,0.1299
2.9507,-7.6257,-4.1003,0.5184,0.5391,-0.1506
0.2299,-8.1239,-2.9890,0.1761,0.5464,-0.2222
-1.0730,-8.8903,-2.2609,0.0158,0.4359,-0.1348
-1.4179,-9.5034,-2.3375,-0.0304,0.1275,-0.0449
-0.4598,-9.4268,-2.8740,-0.0061,-0.2695,-0.0413
0.9963,-9.7334,-2.6058,0.1627,-0.3594,-0.1542
1.6095,-8.8137,-2.4525,0.1712,-0.2695,-0.2829
1.7244,-8.5454,-2.1076,0.2817,-0.1967,-0.2890
1.4945,-8.3155,-2.1843,0.2368,-0.0971,-0.2137
1.4562,-7.8940,-2.1459,0.1493,-0.0194,-0.1506
1.1879,-7.8173,-1.8394,-0.0085,-0.0401,-0.0838
0.8430,-8.3921,-1.6478,-0.2319,-0.1882,-0.0401
0.8430,-8.8520,-1.6861,-0.2343,-0.2671,-0.0255
0.8814,-9.0436,-1.6095,-0.1202,-0.2659,0.0109
1.2646,-9.2352,-1.3029,-0.0486,-0.2841,0.0486
1.9543,-8.8137,-1.3029,0.0983,-0.1955,0.0449
1.3795,-8.6221,-0.8430,0.0158,-0.1299,0.0498
0.9580,-9.0819,-0.4215,0.0971,-0.1263,0.0911
0.4598,-9.1202,0.0000,0.2440,-0.1457,0.1238
0.6514,-9.0053,0.1916,0.3424,-0.1408,0.1785
1.4179,-9.1202,-0.0766,0.2525,-0.0352,0.1676
1.2263,-9.5418,-0.0766,0.0753,-0.0789,0.1056
0.9963,-10.0782,-0.1916,0.0704,-0.1833,0.0838
0.8814,-11.3045,0.1533,0.0304,-0.3230,0.1275
1.1113,-11.7643,0.0766,0.1238,-0.2878,0.1129
1.1113,-11.0746,0.6131,0.1263,-0.2440,0.0534
0.7281,-10.3848,1.8394,0.1360,-0.2562,0.0304
-0.0383,-10.3465,1.8777,0.1421,-0.3084,-0.0182
0.4598,-11.2662,0.6898,-0.0728,-0.3922,-0.0704
1.9927,-12.4541,-1.8011,-0.2853,-0.2210,-0.1421
2.5291,-12.2625,-3.2572,-0.3302,-0.0243,-0.2113
2.8740,-10.4231,-3.9853,-0.0231,-0.0826,-0.2841
0.1916,-8.5071,-3.9853,0.1627,-0.2950,-0.3521
-1.3795,-8.1239,-3.3339,0.2015,-0.5391,-0.1761
-1.3795,-9.0819,-3.4871,0.0352,-0.5075,0.0789
-0.3449,-10.1549,-2.8740,-0.1591,-0.3545,0.1020
0.8814,-9.8866,-2.6824,0.0073,-0.2246,0.0401
1.5711,-8.7754,-2.4525,0.0935,-0.1032,0.0461
1.6095,-8.5454,-1.7627,0.0364,0.0777,0.1129
0.8047,-9.0053,-1.3029,0.0401,0.2586,0.1663
0.0383,-8.6987,-2.0693,-0.0413,0.2501,0.2003
-0.4215,-8.4688,-1.9160,-0.1542,0.1943,0.2246
-0.7281,-9.1586,-0.8430,-0.1214,0.1991,0.1918
-0.4598,-8.3538,-1.3029,-0.0753,0.1955,0.1408
0.0383,-8.6604,-1.0730,-0.1955,0.2161,0.0850
0.0000,-8.7754,-0.9580,-0.2720,0.2404,0.0571
0.0000,-8.6221,-0.9580,-0.2477,0.2550,0.0546
-0.0383,-9.1202,-0.6514,-0.2671,0.2683,0.0243
-0.2682,-9.4268,-0.6514,-0.1967,0.2380,-0.0401
-0.1533,-9.3885,-0.3832,-0.0461,0.2392,-0.0704
-0.0383,-9.3502,-0.7664,0.1287,0.2513,-0.1032
0.0000,-9.1586,0.0000,0.3217,0.2295,-0.1141
0.0383,-8.3155,0.2299,0.3169,0.2793,-0.1178
-0.3066,-8.4305,0.1533,0.2525,0.3557,-0.1396
-0.4215,-9.4651,-0.0766,0.0012,0.3812,-0.1615
-0.4215,-10.5764,-0.3832,-0.3254,0.4249,-0.1008
-0.4215,-11.0746,-0.7664,-0.3861,0.4638,-0.0389
-0.3066,-11.1512,-0.5748,-0.2914,0.3642,0.0231
-0.0383,-10.9596,0.0000,-0.1627,0.3108,0.0389
1.1496,-11.1129,0.8430,0.0583,0.5451,-0.0134
1.4179,-11.7260,0.0383,0.1166,0.9689,-0.0231
-0.5365,-12.1859,-2.5291,-0.1906,0.9288,0.0389
-1.9927,-12.9523,-3.4488,-0.1785,0.6811,0.1360
-1.6478,-11.2662,-5.2882,-0.0061,0.3387,0.1882
0.9580,-9.3118,-3.5638,0.3545,0.5306,-0.0061
2.4525,-6.9360,-3.5255,0.7091,0.7443,-0.0971
2.2992,-6.1313,-2.8357,0.4310,0.7783,-0.1032
0.5365,-8.4305,-1.5328,-0.0510,0.7892,-0.0267
-0.5748,-10.4614,-0.9963,-0.1918,0.5233,0.1299
-0.6131,-10.4231,-1.4945,-0.1153,0.1845,0.1408
0.8814,-10.1166,-2.2226,0.0741,0.1020,-0.0534

