-.-.-
-2.5675,-5.9013,-7.5491,1.3744,-0.2683,0.1845
-3.1806,-3.2189,-23.8736,1.2226,0.1481,0.2950
1.6478,-13.6804,-17.7040,-1.2894,1.1631,-0.5063
6.2462,-31.9975,1.0346,-0.4820,1.0636,-1.1801
-13.2205,-22.0342,-15.0982,0.5197,1.8649,-1.0854
-9.9250,-14.5617,-9.3885,0.0850,-0.5136,0.9616
-0.2682,-4.8667,-9.2352,0.6192,-1.2761,0.7613
8.6221,-2.5675,-8.8903,-1.0745,-0.7054,0.7698
7.2809,-9.1586,-6.6677,-2.2874,0.5476,0.5136
0.4215,-15.5964,-5.5948,-1.8309,1.6646,0.6544
-3.5255,-17.2825,-4.1769,-1.3295,1.7277,0.7928
-4.2152,-9.5801,-2.8357,-0.0777,1.2809,1.0296
-2.9507,-1.7244,-1.9160,0.0109,0.6350,1.0745
-1.6095,-0.1533,-1.8011,-0.4759,0.2173,0.9337
-0.4215,-3.5255,-1.6478,-0.9531,0.0753,0.6860
0.2682,-6.5145,-1.6095,-0.8669,0.2671,0.4262
0.2299,-6.9360,-1.6861,-0.1991,0.4140,0.3594
0.5748,-7.1276,-2.1076,0.2392,0.4577,0.3351
0.4215,-7.3958,-0.6514,0.5197,0.5804,0.2149
0.0383,-7.0893,-0.6131,0.8232,0.5974,0.0376
-1.0346,-6.9360,-1.3029,0.8584,0.4480,-0.0267
-1.2646,-6.9360,-1.2646,1.0077,0.2380,0.0486
-1.1879,-6.7061,-1.3795,1.3926,0.1518,-0.0425
-0.3449,-8.3155,-3.6404,1.4218,0.4274,-0.2307
0.9197,-10.6147,-10.6914,1.3319,0.5743,-0.3108
-9.6950,-13.3738,-23.4520,0.8633,-0.8074,0.2975
-2.0693,-21.4977,9.4651,1.2251,0.0364,0.7358
11.4961,-16.5927,-14.4084,1.3356,-0.4432,0.5937
8.7754,-10.6914,-14.6384,1.4655,0.4371,0.3764
-1.4562,-12.1859,-9.4268,0.1493,1.8018,0.1724
-11.4961,-12.6840,-9.4268,-0.4128,1.3732,-0.0012
-10.1932,-11.6877,-6.8593,-0.3132,-0.1627,0.0474
-3.2955,-10.1166,-6.4378,0.0996,-0.8378,-0.1396
1.2646,-9.7717,-5.2882,-0.0401,-0.9859,-0.4602
2.7591,-8.0856,-3.6404,0.1056,-0.6945,-0.6265
3.0656,-3.6404,-3.6021,0.0643,-0.4456,-0.6993
2.0693,-2.0310,-2.9507,-0.2793,-0.0692,-0.7054
0.7281,-3.8320,-2.6058,-0.5549,0.1020,-0.6144
0.0383,-5.7097,-1.8777,-0.4504,0.2076,-0.5294
-0.4982,-6.3995,-1.5711,-0.0170,0.1894,-0.4905
-0.2682,-5.8630,-1.9927,0.2963,0.1736,-0.3727
0.6131,-5.5564,-2.2226,0.3047,0.1833,-0.2671
0.8430,-6.1696,-2.6441,0.1627,0.2562,-0.1287
0.6514,-7.5108,-2.1076,-0.0036,0.2210,-0.0510
0.0766,-8.8903,-1.1496,0.0983,0.1736,-0.0097
-0.7664,-9.0053,-2.0310,0.1882,-0.0291,-0.0194
-0.3832,-9.7717,-1.6861,0.0898,-0.1226,0.0255
1.1496,-11.2279,-1.9543,0.2295,-0.0595,0.0316
1.7244,-11.6494,-3.5255,0.2295,0.0898,-0.0534
2.0310,-12.2242,-1.7244,0.1797,0.2598,-0.0716
2.1459,-12.1092,-0.3832,0.3812,0.3460,-0.0765
0.9963,-12.3391,0.0000,0.6289,0.3727,-0.1044
-1.1879,-11.6877,-1.4179,0.6544,0.2805,-0.1591
-1.3029,-10.1549,-6.5145,0.5391,0.1748,-0.2513
1.1113,-9.7717,-10.0016,0.1493,0.1724,-0.5379
0.0000,-10.0399,-7.4341,-0.2926,0.2623,-0.8050
-0.5365,-13.9103,-3.9087,0.1785,0.4638,-0.3545
-3.2955,-14.0636,-5.0200,0.4104,0.1481,-0.1433
-2.7591,-10.6914,-4.6368,0.8098,-0.3655,0.1263
-0.4215,-7.5874,-5.3265,0.7273,-0.6629,0.3946
2.4142,-7.5491,-4.5984,0.1263,-0.4237,0.4225
3.7937,-8.7754,-4.4835,-0.3752,0.0741,0.2999
1.9543,-9.4651,-4.0236,-0.5136,0.4504,0.1651
-0.6131,-8.2389,-3.5638,-0.1554,0.5136,0.3387
-1.3029,-6.1313,-3.4105,0.1396,0.4225,0.5646
-1.0346,-5.4798,-3.2572,-0.0121,0.4419,0.5937
-0.9963,-7.0509,-2.9507,-0.3315,0.4759,0.4650
-0.7664,-8.2389,-2.5291,-0.2574,0.4747,0.3363
-0.1533,-8.5454,-2.3759,-0.1724,0.4638,0.2926
-0.2682,-8.3921,-2.1843,-0.0631,0.4796,0.2173
-0.3066,-8.0473,-1.9927,-0.0219,0.4674,0.1141
-0.4215,-7.7024,-1.7627,0.0643,0.4322,0.0243
-0.3449,-8.0089,-1.4945,0.0826,0.4614,-0.0449
0.1533,-8.5071,-0.9197,0.1566,0.5391,-0.0692
0.6131,-8.8520,-1.0346,0.2744,0.6156,-0.1190
0.4215,-9.4268,-1.1496,0.3023,0.6799,-0.1530
-1.9927,-9.1969,-2.7591,0.2780,0.3521,-0.1991
-1.0730,-9.8866,-2.9890,0.0340,0.4286,-0.0146
-1.2646,-10.3848,-1.0730,-0.0474,0.2028,-0.1493
-2.1843,-11.9559,0.9963,0.0206,0.2586,-0.1238
-1.0346,-12.7990,0.5748,0.1445,0.1348,0.0328
0.2299,-13.5654,-1.7244,0.1724,0.0194,0.1603
0.0766,-13.2971,-3.2955,0.0206,-0.0947,0.3630
-1.5328,-11.8410,-3.7937,0.1433,-0.1542,0.4687
-2.7591,-10.3082,-5.7480,0.2720,-0.4492,0.3533
-1.8011,-9.8100,-5.7480,0.0474,-0.5451,0.2732
1.8011,-9.2352,-6.2462,-0.1044,-0.1311,0.3278
2.4525,-9.1202,-7.7024,0.0461,0.3302,0.4432
2.4142,-11.4195,-4.6368,-0.2841,0.2319,0.5330
0.8814,-10.9213,-4.0620,0.2416,0.1141,0.4019
-1.1879,-9.3885,-4.3302,0.0534,-0.0267,0.0425
-2.4142,-8.2389,-3.5255,-0.0449,-0.0486,-0.2963
-2.5675,-7.5108,-3.4871,-0.0862,0.0097,-0.5779
-1.6478,-7.3192,-3.1423,-0.1578,-0.0947,-0.6071
-0.1916,-7.5874,-2.9890,-0.3302,-0.1651,-0.5706
0.8430,-7.2425,-2.6058,-0.3873,-0.2805,-0.5075
1.0346,-6.8593,-2.5675,-0.3849,-0.3934,-0.4747
1.2263,-7.5874,-2.7591,-0.3509,-0.4334,-0.4529
0.4215,-7.9706,-3.0273,-0.3472,-0.3752,-0.4225
0.3066,-8.1239,-2.7207,-0.3946,-0.2999,-0.3436
0.2299,-8.0473,-2.4525,-0.2453,-0.2635,-0.2368
0.4982,-7.8940,-2.5675,-0.2064,-0.2368,-0.1554
1.1496,-8.2389,-2.0310,-0.2513,-0.2295,-0.0741
0.9580,-8.4305,-2.1076,-0.1421,-0.2234,-0.0546
0.3449,-8.6604,-1.9543,-0.1275,-0.2708,-0.0340
0.0383,-9.1202,-1.4179,-0.0753,-0.2853,0.0073
0.5748,-10.0782,-0.7664,0.0947,-0.2793,0.0935
1.9927,-10.7297,-2.2609,0.2647,-0.1955,0.1117
0.7281,-10.3082,-4.2152,0.1651,-0.1566,0.0255
2.0693,-10.4614,-3.9853,-0.0813,0.0352,0.1360
3.3722,-11.4961,-0.6514,0.0146,0.2489,0.0389
1.1879,-12.8373,0.9580,0.3217,0.2671,-0.1591
-2.8357,-12.1092,-1.1113,0.4662,0.2489,-0.3278
-2.7974,-12.5307,-1.9543,0.1603,0.0364,-0.2610
-0.2682,-12.4158,-3.3722,0.3424,-0.2052,-0.3630
2.4525,-10.2315,-4.9433,0.2950,-0.2780,-0.4104
4.0236,-8.8903,-7.0893,0.3642,0.2501,-0.2125
0.8430,-8.2005,-6.2079,-0.0461,0.3120,-0.2720
-2.9507,-10.8830,-4.7900,-0.0401,0.1469,-0.4043
-4.8667,-11.2279,-5.5564,0.0838,-0.1845,-0.3800
-3.1423,-10.3848,-4.4452,0.2210,-0.4553,-0.2003
1.1496,-9.5034,-3.8320,0.1918,-0.4990,0.1068
3.4105,-8.1622,-4.4068,-0.0146,-0.1591,0.2744
3.1039,-7.6641,-3.6787,-0.2477,0.0959,0.4262
1.1113,-7.1276,-3.7937,-0.0898,0.2088,0.4723
-0.4982,-7.2809,-2.8740,-0.1020,0.3084,0.5148
-0.9580,-7.3575,-3.3722,-0.0971,0.3873,0.4456
-1.1113,-7.3958,-2.6824,-0.2246,0.4857,0.3727

