-.-.-
0.1916,-9.6567,-0.0766,0.1226,-0.6641,-0.0619
1.0346,-9.2735,-1.1496,0.0049,-0.4359,-0.0328
0.7281,-10.1932,-1.4945,-0.1918,-0.3825,-0.0595
1.9927,-11.6877,-0.7281,-0.0425,-0.4092,-0.0461
1.8011,-12.4158,0.0000,0.2246,-0.2307,-0.1081
-0.7281,-11.6494,0.8047,0.6775,-0.3776,-0.0643
-1.8011,-13.0289,0.9963,0.8657,-0.6265,-0.0898
-0.0383,-15.9413,-4.1769,0.3946,-0.7443,-0.2598
0.3066,-13.6420,-10.5381,-0.8693,-0.5840,-0.5670
-1.8777,-10.1932,-9.8866,-0.2173,-0.2793,-0.4104
-3.3722,-9.8866,-6.5911,0.0291,-0.8220,-0.4152
-3.8320,-9.6950,-4.3685,0.5488,-1.5237,-0.3970
-1.4562,-9.0053,-3.5638,0.4286,-1.5310,-0.3691
1.7627,-9.8866,-2.7207,-0.1627,-1.3258,-0.3339
3.1806,-10.8063,-3.2572,-0.5342,-1.0308,-0.3072
3.6404,-9.1586,-4.4452,-0.5524,-0.6471,-0.2125
3.1423,-7.2042,-4.2919,-0.3424,-0.2902,-0.1166
2.2992,-6.0546,-3.6404,-0.2173,-0.0668,0.0291
0.9197,-5.7864,-3.0656,-0.2562,0.0219,0.1761
-0.5748,-6.9360,-2.7591,-0.2586,0.0607,0.3363
-0.4982,-7.8173,-2.6058,-0.3072,0.1081,0.3897
0.1533,-7.9323,-2.5291,-0.3812,0.2428,0.3400
0.2299,-8.2772,-2.1843,-0.4225,0.3788,0.3108
0.1916,-8.5838,-1.8777,-0.4140,0.4177,0.2562
0.0766,-9.0819,-1.3029,-0.3315,0.3594,0.1809
0.1533,-9.2735,-0.6131,-0.1433,0.3072,0.1117
0.2299,-9.2352,-0.1533,0.0231,0.3132,0.0753
0.6131,-9.9250,-0.4215,0.0498,0.3642,0.0510
0.9580,-9.7334,-1.2646,-0.0474,0.4966,0.0389
0.7281,-10.2315,-1.8394,-0.0401,0.5913,-0.0267
-0.8814,-10.9979,-1.7244,0.0741,0.4942,-0.0437
-1.7627,-11.6494,-0.7281,0.2950,0.2562,0.0898
-0.5748,-10.3848,0.0000,0.5354,0.1761,0.1336
2.4908,-9.1969,0.8814,0.6338,0.4031,0.0510
3.0656,-12.6840,-1.4562,0.4893,0.8900,0.0437
-1.3029,-14.9066,-8.5838,-0.3861,0.8863,0.1384
-3.1039,-11.6494,-7.7407,-0.6993,0.3946,0.3302
0.4215,-8.3155,-7.3575,0.2149,0.4104,0.4759
4.5601,-10.0782,-5.7480,0.3582,0.7843,0.5391
3.9470,-12.7607,-4.6751,0.3400,0.7904,0.4225
-0.6131,-12.6074,-3.5255,-0.0704,0.5961,0.3715
-3.6787,-11.1895,-2.4142,-0.1858,0.1833,0.2149
-4.1003,-8.9670,-2.6441,-0.1845,-0.3533,0.1360
-2.0693,-7.3958,-3.3339,-0.0279,-0.3873,0.0765
-0.1150,-6.3229,-3.2572,0.1153,-0.1566,-0.0838
1.1496,-5.8630,-2.4525,0.0194,-0.0486,-0.1676
0.7281,-6.0929,-1.8777,-0.1554,-0.2368,-0.1129
-0.1533,-6.2079,-2.0310,-0.2841,-0.5828,-0.1081
-0.1150,-6.6677,-2.1843,-0.3290,-0.8669,-0.1676
0.2299,-7.7407,-2.0693,-0.3230,-0.8365,-0.2392
1.0730,-8.4688,-1.9160,-0.2550,-0.5427,-0.2793
1.2263,-8.2772,-1.5711,-0.2695,-0.2562,-0.3145
1.2646,-8.7370,-1.5711,-0.3060,-0.1712,-0.3132
0.4598,-10.6147,-1.5711,-0.3035,-0.3023,-0.2538
-0.2682,-11.3428,-1.5711,-0.2938,-0.4662,-0.1615
-0.3449,-11.1512,-1.5711,-0.1275,-0.4857,-0.1372
1.2263,-11.1512,-2.0310,-0.0267,-0.3897,-0.1299
2.0310,-11.6877,-1.5711,-0.0352,-0.2732,-0.1202
2.1843,-12.2625,-0.9197,0.0170,-0.1894,-0.1457
2.2609,-13.4504,-3.2955,-0.1311,-0.2610,-0.2307
1.8777,-16.6310,-8.0473,-0.3460,-0.4869,-0.4383
-1.0346,-16.4394,-8.3921,-0.5451,-0.5306,-0.4104
-5.7864,-8.7754,-5.6331,0.5269,-0.4359,-0.2380
-6.3612,-4.3302,-4.0620,0.8572,-0.9750,-0.2975
-1.8777,-5.7864,-4.3302,0.4784,-1.4703,-0.3897
2.0310,-9.3502,-4.4835,-0.5282,-1.4873,-0.3849
3.8320,-11.2662,-3.9470,-0.8936,-0.9482,-0.3254
2.5291,-9.6184,-4.6368,-0.8365,-0.5379,-0.2440
0.2299,-6.8593,-4.7134,-0.6289,-0.4322,-0.1676
-0.1916,-6.6677,-3.4488,-0.3023,-0.5804,-0.0219
0.5365,-7.2042,-2.5675,-0.2003,-0.6908,0.1493
1.4179,-8.2772,-2.3375,-0.2878,-0.5367,0.2064
1.1879,-7.6641,-2.2226,-0.5221,-0.2659,0.2198
0.8047,-7.3958,-2.6441,-0.6046,-0.0085,0.2210
0.3449,-7.8557,-2.9123,-0.5816,0.1336,0.2088
0.1150,-8.4688,-2.9890,-0.5585,0.1542,0.1554
-0.0766,-8.4305,-2.7591,-0.5136,0.1360,0.1251
0.3832,-8.4688,-2.4142,-0.3910,0.2161,0.1263
0.5748,-8.9286,-2.3375,-0.3084,0.3230,0.1226
0.8430,-9.2352,-2.4525,-0.3497,0.4067,0.1299
1.1879,-9.1969,-2.5291,-0.4334,0.4565,0.1238
0.9963,-9.5034,-2.8740,-0.5658,0.5670,0.1141
0.9197,-10.6530,-2.7974,-0.6823,0.8232,0.0911
0.4215,-12.8373,-1.6095,-0.6751,1.0952,0.1991
0.2299,-14.7533,-0.8047,-0.2720,1.0357,0.1979
0.0383,-15.3281,0.3832,0.1748,0.8523,0.2076
-0.5365,-13.7570,0.7281,0.4298,0.7601,0.2234
-1.1879,-11.5344,0.7664,0.3060,0.8123,0.1979
-1.4562,-10.4231,-0.6898,-0.1081,0.8341,0.0911
-2.2226,-9.5801,-5.3265,-0.7006,0.7795,-0.1202
-3.0656,-8.4688,-10.5764,-1.1389,0.5961,-0.2015
-2.7974,-6.9743,-12.1475,-1.1899,0.2732,0.0704
1.2263,-9.1202,-10.7680,-0.6156,0.1275,0.3096
4.5601,-13.3355,-8.9670,0.1700,0.2683,0.2659
4.8667,-11.6877,-8.3155,0.6860,0.1809,0.0656
1.9160,-8.7370,-7.8173,0.5658,-0.0231,0.0061
-1.6861,-8.6987,-6.8210,-0.0923,-0.1129,0.1068
-2.8357,-10.8063,-6.4378,-0.4201,-0.3181,0.1068
-1.2263,-10.8830,-5.7097,-0.0559,-0.4383,0.0668
0.3449,-8.9286,-5.2882,0.4043,-0.3752,0.0170
0.8814,-7.6641,-4.2152,0.6010,-0.2817,-0.0461
0.8047,-7.0126,-3.6021,0.5197,-0.2999,-0.0838
0.1533,-7.2042,-3.3339,0.3351,-0.4699,-0.0522
-0.0766,-6.7827,-3.1423,0.1287,-0.6896,-0.0498
-0.4982,-6.6677,-3.3339,0.1105,-0.7892,-0.0838
-0.0766,-6.5528,-3.5255,0.2392,-0.7236,-0.1068
0.3449,-6.5528,-2.8357,0.3290,-0.5646,-0.1663
0.7281,-6.3229,-2.9507,0.1809,-0.3922,-0.1627
0.8814,-6.8593,-2.6441,-0.0121,-0.4990,-0.0765
0.6898,-7.0893,-2.6441,-0.1591,-0.6131,-0.0656
0.7281,-7.0893,-2.5291,-0.1396,-0.5731,-0.0789
0.5365,-7.6257,-2.3759,-0.1591,-0.4881,-0.0911
-0.1533,-8.4305,-1.9160,-0.1785,-0.4905,-0.0935
-1.0730,-8.2389,-1.9543,-0.1129,-0.6702,-0.1141
-1.9927,-6.8593,-3.4105,-0.1360,-0.8171,-0.1506
0.4598,-7.1659,-3.2955,-0.2841,-0.8608,-0.1360
3.5255,-9.5418,-1.8777,-0.2380,-0.7516,-0.2100
4.7517,-11.2662,-1.3029,-0.1457,-0.4857,-0.3278
1.8394,-10.4231,-1.3412,-0.0170,-0.2368,-0.3922
-1.8011,-9.3502,-0.2299,0.1275,-0.2392,-0.3873
-2.1843,-9.5418,-2.0310,-0.0789,-0.6993,-0.3970
1.9543,-8.8520,-6.8593,-0.7734,-1.0077,-0.3472
7.0126,-8.6221,-9.6184,-1.2955,-0.5087,-0.2477
7.2425,-7.6641,-12.3391,-1.7641,0.9567,-0.4080
-0.4982,-9.5034,-11.2662,-2.1855,2.0665,-0.6180
-5.9013,-10.5381,-9.7334,-1.7277,1.9657,-0.5864
-3.4105,-9.0819,-8.5071,-1.2008,1.3076,-0.5694
1.2646,-8.1622,-8.2389,-1.3878,0.6253,-0.4699

