-.-.-
-0.2299,-9.6567,-3.8704,0.5245,-0.1360,-0.0474
-0.3832,-9.0436,-3.1423,0.6144,-0.1676,0.0194
0.3832,-9.1586,-3.1039,0.4419,-0.3169,0.0741
1.1113,-9.9250,-2.5675,0.2950,-0.2453,0.0898
1.3029,-9.7334,-2.4142,0.3035,-0.1493,0.1311
1.4945,-10.3848,-1.8011,0.2914,-0.0826,0.1821
1.4179,-10.6530,-1.4179,0.3982,0.0134,0.2283
0.8047,-10.3082,-1.1113,0.5124,0.1275,0.3181
0.7281,-9.9250,-1.0730,0.5464,0.1821,0.4140
0.6514,-8.9286,-1.3795,0.5512,0.2586,0.4662
0.5748,-8.2389,-1.8777,0.3667,0.3072,0.4832
0.6514,-8.7370,-2.3759,0.0498,0.3509,0.4407
0.7281,-10.4998,-1.6478,-0.1724,0.4784,0.3157
-0.1533,-11.6877,-0.2299,-0.0898,0.6216,0.1882
-1.2646,-10.9596,-0.0383,0.0607,0.6301,0.1918
-1.8011,-9.7717,-0.4215,0.0328,0.4723,0.2914
-0.9197,-9.2352,-0.5365,-0.0862,0.3120,0.3825
0.0383,-9.3885,-0.6898,-0.2210,0.1858,0.4140
0.7664,-9.5418,-0.5748,-0.1894,0.1506,0.4274
0.8430,-9.4651,-0.6131,-0.1445,0.1882,0.4177
0.6514,-9.5034,-0.0383,-0.1129,0.3485,0.3727
0.3066,-9.2735,0.1150,-0.1651,0.4274,0.2987
-0.2299,-9.0436,0.1150,-0.2125,0.4468,0.2015
-0.2682,-9.7334,0.1533,-0.1991,0.4869,0.1056
-0.1150,-10.4231,0.3066,-0.0862,0.5779,0.0449
0.2682,-10.3082,0.2299,-0.0498,0.6908,-0.0109
0.5365,-10.4614,-0.0383,-0.1032,0.7503,-0.0437
0.1533,-10.8830,0.0000,-0.0971,0.7892,-0.0267
-0.8047,-10.7297,0.0000,-0.0182,0.8208,0.0425
-0.9580,-10.6530,0.2299,0.0461,0.8159,0.1178
-2.9123,-12.2242,-0.1916,-0.0012,0.8147,0.1870
-1.6095,-12.6074,-0.6898,-0.3132,0.7601,0.3424
-2.3375,-13.0289,-0.3066,0.0158,0.6714,0.5755
-2.3759,-12.3008,-1.0730,-0.0316,0.4359,0.6484
-1.5711,-12.2242,-1.6095,0.0024,0.2283,0.7309
-0.5748,-11.9176,-1.6478,0.1578,0.2198,0.7467
-0.4598,-11.1129,-1.9543,0.3181,0.3315,0.5670
0.0383,-10.3082,-2.7207,0.3691,0.4395,0.3606
-0.1150,-9.2735,-2.8740,0.4662,0.5889,0.2331
-0.2682,-9.1202,-2.9123,0.3424,0.6399,0.1214
-0.4598,-9.3502,-2.7974,0.2149,0.6277,0.0401
-1.3795,-10.0399,-2.2609,0.0935,0.5075,-0.0692
-2.4525,-10.8446,-1.8777,-0.0061,0.2853,-0.1906
-2.4525,-11.4195,-1.4179,0.0291,0.0291,-0.2841
-1.7244,-10.9979,-0.9963,0.1943,-0.1287,-0.4007
-0.6131,-10.5381,-0.9580,0.3205,-0.2331,-0.4942
-0.2682,-9.9250,-0.9580,0.2574,-0.2671,-0.5840
-0.1533,-9.3885,-1.0730,0.1700,-0.2768,-0.6617
-0.1150,-8.1622,-1.3795,0.0911,-0.2756,-0.6653
0.0383,-8.1239,-1.2646,-0.2173,-0.2586,-0.6338
0.1916,-9.3885,-1.1113,-0.3655,-0.2610,-0.5901
0.3449,-9.9633,-1.1879,-0.3764,-0.3108,-0.4978
0.3449,-10.3082,-0.8047,-0.3278,-0.3351,-0.4067
0.6514,-10.2698,-0.2299,-0.2574,-0.2975,-0.3570
0.9963,-9.8483,-0.3449,-0.1809,-0.2440,-0.3412
0.8430,-9.1586,-0.1533,-0.2125,-0.1651,-0.3242
0.8430,-9.2352,0.0000,-0.2878,-0.0656,-0.2805
0.7281,-9.6184,0.1916,-0.2793,-0.0049,-0.2355
0.5365,-9.4651,0.3066,-0.2574,-0.0097,-0.1979
-0.2299,-9.2352,0.5748,-0.2999,-0.0886,-0.1093
-0.4598,-9.7334,0.6514,-0.3606,-0.2113,-0.0121
-0.1533,-10.3082,0.9580,-0.3011,-0.3302,0.0498
0.4215,-10.6530,-0.1916,-0.3448,-0.4432,0.0643
0.6131,-11.1895,0.2682,-0.2756,-0.4893,0.0000
0.6898,-11.1512,0.0766,-0.1955,-0.5306,-0.0595
1.4179,-12.1092,0.7281,-0.1833,-0.5488,-0.1311
1.3412,-12.7990,-0.8814,-0.3460,-0.6544,-0.2938
0.9580,-14.2935,-0.4598,-0.2015,-0.4614,-0.4735
1.4562,-13.6804,-2.1459,-0.1542,-0.5512,-0.6508
2.1459,-13.3738,-2.8740,0.0461,-0.3557,-0.8390
1.1879,-11.4961,-2.4908,0.2598,-0.1542,-0.9458
0.3449,-10.3082,-2.8357,0.2950,-0.2234,-0.7928
-0.6898,-9.5034,-3.5638,0.4140,-0.4662,-0.5075
-1.1879,-8.6221,-3.1423,0.6836,-0.7418,-0.2185
-0.7281,-8.5838,-2.3375,0.5682,-0.8232,-0.0559
0.5365,-9.0819,-2.6058,0.3958,-0.9215,0.0838
1.9543,-9.7334,-3.1039,0.2635,-0.7176,0.1493
2.7974,-10.1932,-2.6441,0.1688,-0.4092,0.1724
1.9927,-10.9596,-1.9543,0.1967,-0.1348,0.1748
1.0346,-10.9213,-1.8011,0.2938,-0.0085,0.2501
0.1916,-10.7297,-1.8011,0.3776,0.1153,0.3667
0.0000,-9.7717,-1.8011,0.3812,0.1542,0.4614
0.1533,-8.8520,-1.3412,0.2695,0.0571,0.5124
0.1533,-8.6221,-1.0730,0.1591,0.0364,0.5136
-0.4598,-9.1586,-0.5748,0.0085,0.0656,0.4893
-0.9963,-9.3118,-0.3066,-0.0559,0.0267,0.4954
-0.7664,-9.5418,-0.0766,-0.1506,-0.0571,0.5027
-0.1150,-9.5418,-0.2682,-0.2368,-0.0753,0.4832
0.7664,-9.8100,-0.6514,-0.3181,-0.0668,0.4529
1.1496,-10.0399,-0.6514,-0.2100,0.0886,0.3922
1.1496,-9.4268,-0.2299,-0.1263,0.2586,0.3157
0.8047,-9.4651,0.1533,-0.1651,0.4055,0.2538
0.2299,-9.8866,0.6131,-0.1421,0.5670,0.2368
0.0383,-10.0399,0.3449,-0.1421,0.6811,0.2258
-0.0766,-10.0399,0.3449,-0.1299,0.7722,0.2125
0.3449,-10.4231,0.0766,-0.0983,0.8778,0.1542
-0.2682,-10.7297,-0.2299,-0.1251,0.9616,0.0571
-1.1879,-11.3428,-0.1533,-0.1797,0.9118,0.0546
-2.1843,-10.7297,0.0766,-0.1202,0.8001,0.1566
-2.6441,-10.5764,0.6898,-0.1129,0.7151,0.2914
-2.3375,-12.2625,0.1916,-0.3351,0.6241,0.3606
-0.7664,-14.0252,-0.8430,-0.4626,0.4881,0.5099
-1.6861,-12.9139,-1.1113,0.0085,0.4626,0.5986
-1.9543,-12.3775,-1.8011,-0.1238,0.3169,0.6544
-1.7627,-12.2242,-1.6478,0.0704,0.2125,0.6848
-0.8047,-12.0709,-2.2226,0.1748,0.2841,0.6326
-0.0383,-10.7680,-2.8357,0.4055,0.5148,0.4711
0.3066,-9.5034,-3.5255,0.4699,0.7321,0.2744
0.0766,-8.5071,-3.5255,0.4565,0.8742,0.1591
-0.1150,-8.4688,-3.6404,0.3157,0.9385,0.0826
-0.3066,-9.1969,-3.1039,0.1967,0.8815,0.0425
-1.1113,-9.8483,-2.5291,0.1724,0.6921,-0.0413
-1.9543,-10.8063,-2.1076,0.0522,0.4152,-0.1882
-2.1459,-11.0746,-1.8011,0.1251,0.1566,-0.2756
-1.4179,-11.1512,-1.1113,0.2052,-0.0571,-0.3545
-0.6898,-11.0363,-0.8430,0.2489,-0.2307,-0.4674
-0.1916,-10.0016,-1.4562,0.2477,-0.2975,-0.5342
0.2682,-9.1202,-1.2263,0.1591,-0.2562,-0.5755
0.4215,-8.9670,-1.1879,0.0643,-0.2040,-0.5925
0.6514,-8.5071,-1.4945,-0.0158,-0.1360,-0.5876
0.9580,-9.0436,-1.1879,-0.1615,-0.0413,-0.5621
0.5748,-9.5034,-0.4982,-0.1493,-0.0194,-0.5124
0.2299,-9.5801,-0.2682,-0.1336,-0.0996,-0.4213
0.0383,-9.2735,-0.3449,-0.1930,-0.0959,-0.3521
0.1916,-9.1586,-0.3066,-0.2586,-0.0231,-0.3096
0.3832,-9.5034,-0.1533,-0.2744,0.0085,-0.2598
0.3449,-9.8100,0.2299,-0.2319,-0.0073,-0.2137
0.1916,-9.1586,0.0000,-0.2368,-0.0279,-0.1809

