-.-.-
0.8814,-9.4651,-1.5711,-0.1736,-0.7625,0.0838
1.0346,-10.4614,-1.2646,-0.0559,-0.9567,0.1821
1.6478,-11.9559,-1.1113,0.1445,-0.6569,0.1081
3.0273,-13.5654,-4.5984,0.2283,-0.0692,-0.1906
2.9507,-15.7496,-6.2845,-0.5197,-0.1554,-0.3594
-2.1076,-16.3628,-4.9433,0.1773,-0.4043,-0.2453
-4.6751,-12.9139,-3.8704,0.4589,-1.0927,-0.0267
-5.3265,-9.3502,-3.2955,0.8450,-1.1255,-0.0583
-1.1496,-5.5948,-4.0620,0.8499,-1.3683,-0.2489
2.8357,-6.0163,-4.2536,0.4857,-1.4424,-0.3752
4.1769,-8.2772,-4.1386,-0.0668,-1.4533,-0.1311
3.3722,-10.1932,-3.6787,-0.1906,-1.1377,0.1991
0.8047,-11.0746,-3.8320,-0.1202,-0.5427,0.3047
-0.5748,-10.2315,-3.6404,0.0813,-0.1081,0.2161
-0.3832,-9.0436,-3.4871,0.1785,-0.0036,0.0862
0.4598,-8.1622,-3.0273,0.0474,0.0073,0.0559
1.3795,-7.5491,-3.1423,-0.0376,0.0389,0.0923
0.9963,-6.9743,-3.0273,-0.1591,0.1882,0.1918
-0.1150,-7.7407,-2.7207,-0.2270,0.2938,0.2756
-0.5365,-8.6221,-2.7974,-0.2926,0.3205,0.2574
-0.6514,-9.1586,-2.7207,-0.2440,0.4140,0.1858
-0.6131,-9.4651,-2.1459,-0.2538,0.4298,0.0656
-0.4598,-9.8866,-1.9160,-0.1615,0.3290,-0.0413
-0.5748,-9.4268,-1.7244,-0.0255,0.2185,-0.0741
-0.1150,-9.6567,-1.8011,0.0182,0.1736,-0.0498
0.1533,-9.8100,-1.4945,0.0425,0.2198,-0.0340
0.4598,-9.6567,-1.2646,0.1056,0.3096,-0.0437
0.7664,-9.4651,-1.1879,0.0668,0.3934,-0.1056
1.1113,-9.3885,-1.2263,-0.0389,0.4419,-0.1676
1.0346,-9.3885,-0.6131,0.0376,0.5573,-0.2404
-0.3832,-9.4268,-0.8814,0.1761,0.4043,-0.1736
-0.4598,-9.1586,-0.8047,0.0838,0.2841,-0.1809
0.0000,-9.8100,-0.3449,0.1153,0.4492,-0.2355
0.4215,-10.1549,-0.7281,0.0874,0.5864,-0.2270
0.9197,-10.1549,-0.6131,0.0680,0.6678,-0.2246
1.5328,-9.4268,-0.0383,0.2149,0.7151,-0.2428
1.7244,-8.9286,0.3832,0.2829,0.8475,-0.2319
0.6514,-10.3082,0.2299,0.2076,0.9446,-0.1044
-0.5748,-13.4504,-4.1386,0.0364,0.8013,0.1615
-3.6787,-16.8226,-6.3229,-0.4055,0.6459,0.4541
-3.5255,-14.9832,-5.8630,0.1020,-0.1518,0.6556
-0.5365,-11.2662,-2.6441,0.4043,0.1020,0.2283
4.1003,-7.0893,-3.7937,0.3266,0.4917,-0.0170
3.4105,-6.5145,-4.0236,0.4468,0.9446,0.0838
-0.3066,-8.8137,-4.0236,-0.0231,0.9604,0.1566
-2.4142,-10.6914,-2.5291,-0.1348,0.9337,-0.0304
-2.9507,-10.7297,-2.2992,0.0389,0.3278,-0.1858
-1.6095,-9.9250,-2.6441,0.0668,-0.1991,-0.2501
-0.4598,-8.8903,-2.6824,0.0643,-0.4140,-0.2999
0.0383,-8.3921,-2.9507,0.0923,-0.4978,-0.3096
0.4598,-7.7024,-3.0656,0.0923,-0.4893,-0.3193
0.5748,-7.8173,-2.8357,-0.0983,-0.4444,-0.2963
0.3066,-8.7370,-2.1076,-0.1785,-0.4917,-0.2489
0.1916,-9.2352,-1.5328,-0.2040,-0.6508,-0.2088
0.5365,-9.0819,-1.6861,-0.1870,-0.8001,-0.2028
1.2263,-8.5838,-1.7627,-0.1882,-0.9070,-0.1821
1.0730,-8.4688,-2.0310,-0.2331,-0.9325,-0.1663
0.5748,-8.9670,-2.2226,-0.3363,-0.9397,-0.1226
0.3832,-9.1202,-1.9543,-0.3181,-0.9288,-0.0668
0.2299,-8.8903,-1.6861,-0.2756,-0.8803,-0.0049
0.0766,-9.1969,-1.0730,-0.2137,-0.8608,0.0656
0.3449,-9.6950,-0.9580,-0.1797,-0.8535,0.1044
0.4982,-9.5034,-0.9963,-0.0923,-0.8426,0.1493
1.6095,-9.1586,-1.6861,-0.0777,-0.6884,0.1469
1.1496,-9.5801,-1.9160,-0.1542,-0.5925,0.0947
-0.0383,-10.4614,-1.0730,-0.0389,-0.8475,0.1093
-0.5748,-10.6914,-1.0346,0.1214,-0.9434,0.1615
0.0383,-10.8446,-0.8814,0.1081,-0.8584,0.1129
0.3066,-10.6530,-0.4215,0.1396,-0.7722,-0.0097
0.0383,-10.0782,0.0000,0.1979,-0.7503,-0.0765
-0.6131,-9.3118,0.9197,0.1178,-0.7783,-0.1129
-0.8814,-9.6567,1.8394,0.1166,-0.9252,-0.1117
-1.0346,-11.2279,0.4215,0.1761,-1.0842,-0.1275
0.3066,-12.3008,-3.1039,0.0935,-1.0005,-0.2283
0.0000,-14.4468,-2.9507,0.0073,-1.2918,-0.1348
0.9963,-14.3318,-3.5638,0.5148,-1.2518,-0.0959
0.8430,-11.7260,-4.5984,0.4832,-0.9045,-0.2453
0.2299,-9.5034,-3.6787,0.4371,-1.0490,-0.2137
-0.0383,-7.1276,-3.7554,0.4589,-1.2372,-0.1943
-0.6514,-6.9360,-3.1423,0.2805,-1.3489,-0.0959
-0.4598,-9.3502,-3.1423,-0.0158,-1.5954,-0.0061
0.0000,-10.6530,-3.7937,0.0534,-1.3368,0.0850
-0.1533,-10.7680,-3.4871,-0.0267,-1.0090,0.1044
-0.2682,-10.0016,-2.8357,0.0109,-0.9385,0.1700
0.0766,-9.5034,-2.4142,0.0716,-1.0369,0.2465
0.3449,-8.8137,-2.4908,-0.0304,-1.1364,0.3157
0.3449,-8.7754,-2.7207,-0.0801,-1.1729,0.3922
-0.4215,-8.4688,-2.6441,-0.1408,-1.0879,0.3594
-0.6131,-8.2389,-2.3759,-0.0947,-1.0697,0.3035
-0.7664,-7.8940,-1.9543,-0.1311,-1.0612,0.2343
-0.9963,-8.1239,-1.5711,-0.2088,-1.0697,0.2416
-1.0730,-8.5838,-1.6478,-0.3120,-1.1644,0.2331
-0.6514,-9.3118,-1.8777,-0.3363,-1.1959,0.2610
-0.5748,-9.6184,-1.8011,-0.3193,-1.1619,0.2659
-0.7281,-9.5034,-1.3795,-0.2477,-1.1340,0.2562
-0.6514,-9.2735,-1.1879,-0.2453,-1.0502,0.1991
-0.6514,-9.2352,-1.2263,-0.2440,-0.8171,0.1311
-0.1150,-9.1202,-1.0346,-0.2489,-0.6010,0.0741
0.4982,-9.4268,-0.4598,-0.1129,-0.4067,0.0413
0.0766,-9.2352,-0.7664,-0.0097,-0.2368,0.0000
-0.3832,-9.5034,-0.4982,-0.0510,-0.1141,-0.0583
-1.8011,-10.1549,-0.6131,-0.0049,-0.1785,-0.0716
-2.9123,-10.5381,-0.8047,0.0522,-0.2829,-0.0534
-2.8357,-10.8063,0.1916,0.1967,-0.2404,-0.1129
-1.7627,-10.6530,0.4598,0.3047,-0.1991,-0.2064
-0.3832,-9.8100,0.3832,0.2671,-0.2562,-0.3436
0.8430,-9.9633,0.3832,0.2865,-0.1044,-0.3400
1.0346,-11.4961,-1.8394,0.2137,0.2647,-0.1797
-0.6131,-12.9523,-2.4142,0.0036,0.4334,-0.0534
-3.5638,-14.3701,-4.4835,0.6787,-0.1020,0.2307
-4.7134,-12.4924,-4.3302,0.2878,-0.9786,0.4857
-0.6131,-11.5344,-2.9890,0.3120,-1.0357,0.2914
2.3375,-9.5418,-2.8357,0.3351,-0.5379,0.0206
4.1769,-7.3192,-3.1423,0.3922,-0.0813,-0.2331
3.9087,-6.5911,-2.6058,0.3145,0.1481,-0.2173
1.4562,-8.1622,-2.3759,0.0850,0.0389,-0.0328
-0.7664,-10.4231,-1.5711,-0.1882,-0.2295,0.0631
-1.6478,-10.9979,-1.6861,-0.1153,-0.4808,0.0158
-1.7244,-10.7297,-2.3375,0.0522,-0.6933,-0.1238
-0.5365,-9.5418,-2.5675,0.1214,-0.8584,-0.1858
0.3066,-8.7754,-2.5291,0.0886,-0.8450,-0.1894
1.1113,-8.6221,-2.0310,-0.0219,-0.7637,-0.1797
0.7281,-8.7754,-1.7627,-0.0741,-0.7855,-0.1214
0.2299,-8.8903,-1.3795,-0.1093,-0.8936,-0.0340
0.6898,-8.4688,-1.7627,-0.0983,-1.0005,0.0219
0.6898,-8.9286,-1.6095,-0.1542,-1.0272,0.0304
1.2263,-9.0819,-1.6478,-0.2076,-0.9835,0.0097
1.2263,-9.2352,-1.6095,-0.2902,-0.9045,0.0097

