-.-.-
2.6824,-8.9670,-2.6058,0.1894,1.5529,0.2610
-0.6131,-12.3008,-1.3795,-0.2756,1.2591,0.2999
-2.2992,-11.6494,-1.4562,-0.3278,0.8705,0.2100
-2.3375,-10.2698,-0.8814,-0.1190,0.5536,0.0134
-1.6095,-8.7370,-0.4598,0.1700,0.1894,-0.2647
-1.0730,-7.0126,-0.6131,0.3715,-0.0316,-0.4055
-0.7664,-5.9396,-1.1879,0.2161,-0.1530,-0.4031
-0.3832,-5.5181,-0.8814,-0.0134,-0.2222,-0.4189
-0.1533,-5.2116,-0.9580,-0.2319,-0.2963,-0.3217
0.2299,-5.9396,-0.6898,-0.3897,-0.4711,-0.2453
0.2299,-6.9360,-0.1150,-0.4359,-0.6216,-0.1518
0.7281,-7.8940,0.3066,-0.3825,-0.7758,-0.0559
1.6095,-8.1239,0.8814,-0.2137,-0.7953,-0.0097
1.5711,-7.5874,1.1879,0.0243,-0.7431,0.0121
1.0730,-7.9706,1.5711,0.1105,-0.6423,0.0656
0.7281,-8.9286,1.4179,0.0316,-0.5876,0.1506
0.8814,-10.3082,2.4525,-0.0449,-0.6678,0.2465
0.4215,-11.1129,3.7554,0.2185,-0.7236,0.2950
1.2646,-10.8446,4.2536,0.5439,-0.6605,0.2489
2.6824,-10.4998,4.1386,0.6071,-0.4031,0.0753
2.6058,-12.5307,1.8011,0.4759,-0.3266,-0.0643
3.4871,-16.7077,-2.2226,-0.1360,0.0534,-0.4043
3.3339,-16.8226,-3.9853,-0.3035,0.6034,-0.9519
0.2682,-12.6457,-3.7554,0.3072,0.5901,-1.2239
-3.6021,-8.4305,-3.3722,0.6180,0.0996,-0.7795
-2.9890,-9.4651,-1.6095,0.2525,-0.2125,-0.2647
0.4598,-10.8063,-0.6514,-0.2149,-0.1651,-0.2659
3.7171,-9.8866,-0.7281,-0.3205,0.1445,-0.2744
4.6751,-8.2772,-1.1113,-0.3120,0.5743,-0.1360
3.6021,-7.1659,-1.0730,-0.2100,0.9094,-0.0267
1.3795,-6.3995,-0.8047,-0.1809,1.1316,-0.0376
-0.0383,-5.7480,-0.3832,-0.1894,1.2056,-0.0109
-0.7281,-5.3265,-0.4215,-0.2623,1.0587,0.0631
0.0383,-6.1313,-0.6514,-0.4857,1.0090,0.1323
1.4179,-7.2042,-0.2682,-0.5901,1.0357,0.0886
1.7627,-8.2772,0.6898,-0.4614,1.1219,0.0219
1.1113,-8.3921,1.1496,-0.1870,1.2251,0.0097
0.0000,-7.8557,0.9580,-0.0109,1.2882,0.0109
0.5748,-8.1239,1.4179,-0.0352,1.2882,-0.0243
0.4215,-9.6184,2.4908,-0.0935,1.1959,-0.0886
-0.6898,-10.5381,3.1039,-0.0546,0.9252,-0.0704
-1.0346,-9.9250,3.1806,0.0595,0.7188,0.0085
-0.3066,-9.9633,3.7937,0.0947,0.6823,-0.0364
1.8777,-11.2662,3.4488,0.1360,0.7346,-0.1578
-0.2299,-15.1748,0.1150,-0.1202,0.4820,-0.0801
-1.8011,-19.0069,-2.3375,-0.6775,0.1287,0.5269
1.6095,-16.5927,-3.4488,0.1251,-0.0036,0.7807
4.0620,-8.0473,-4.4068,0.7977,0.1639,0.4504
3.2955,-5.2882,-3.5638,0.3278,0.8912,0.1858
0.3449,-9.6950,-1.2646,-0.4456,1.1850,0.2513
-1.8011,-12.5307,-0.3449,-0.5282,0.8535,0.2744
-2.9507,-11.9176,-0.9580,-0.3217,0.4626,0.0826
-2.5291,-9.6567,-0.6131,-0.0437,0.0886,-0.1773
-1.8011,-6.7444,-0.4598,0.3011,-0.2720,-0.3108
-1.6095,-5.0583,-0.5748,0.2331,-0.5512,-0.3400
-1.0730,-4.7517,-0.8430,-0.2161,-0.6872,-0.2963
-0.1150,-5.2499,-0.8430,-0.5706,-0.7018,-0.2149
0.6514,-6.9360,-0.3832,-0.5597,-0.7552,-0.1967
0.7281,-7.0893,0.1150,-0.4177,-0.7916,-0.1518
0.6898,-7.4341,0.8814,-0.2744,-0.8572,-0.0862
1.5711,-7.0126,1.2646,-0.1566,-0.8548,-0.0716
1.2646,-6.7444,1.0346,-0.1712,-0.8110,-0.0643
0.5365,-8.2389,0.7664,-0.2926,-0.8038,0.0437
1.1113,-11.1129,1.5328,-0.2890,-0.7418,0.1457
1.8394,-11.9176,1.6478,0.0304,-0.5986,0.0923
1.8011,-11.9559,2.4142,0.3387,-0.4116,0.0401
2.8740,-10.9979,3.6404,0.5245,-0.1955,-0.0219
3.4488,-9.5034,5.2499,0.6726,0.0085,-0.1785
-0.4215,-8.4688,4.3302,0.5136,0.0158,-0.1408
0.8430,-14.7150,-0.6514,-0.2028,-0.2015,-0.1323
2.2226,-17.5890,-4.3302,-1.1389,0.2744,-0.6059
1.6861,-16.1329,-5.1349,-0.1578,0.6726,-1.0077
-2.2609,-10.6914,-4.4835,0.6374,0.3873,-0.8256
-4.2152,-7.9706,-3.2189,0.9070,-0.5306,-0.3436
-1.0730,-9.2352,-1.1113,0.3460,-0.7212,-0.1481
1.8011,-10.7680,-0.7664,-0.3351,-0.5961,-0.1676
3.2189,-10.1549,-0.9963,-0.3630,-0.2088,-0.0340
3.6787,-9.0436,-1.1496,-0.3096,0.1396,0.1238
2.7207,-7.6641,-1.1113,-0.1603,0.3108,0.1530
1.3412,-6.7827,-0.5365,-0.0923,0.4614,0.1251
-0.0383,-6.0929,-0.4598,-0.1190,0.5889,0.1651
-0.5748,-6.0929,-0.3066,-0.2270,0.4759,0.2040
-0.3066,-6.6294,0.1916,-0.3327,0.3837,0.2355
0.7281,-6.8210,0.3832,-0.2489,0.3958,0.1930
1.3795,-6.8210,0.5365,-0.1336,0.5087,0.1251
1.2646,-6.6677,0.8814,-0.0692,0.6253,0.0874
0.6898,-7.2809,1.1113,-0.0340,0.6641,0.0886
0.9963,-7.8940,1.1113,0.0061,0.7309,0.1032
1.0730,-8.6604,1.3029,-0.0085,0.7443,0.0583
1.1879,-9.5418,2.0310,0.0364,0.7006,-0.0304
0.1533,-10.4614,2.9507,0.1688,0.6423,-0.1153
-0.6514,-11.0746,4.9816,0.1845,0.6496,-0.0801
0.1533,-11.2279,5.4032,0.3764,0.6338,-0.0486
0.5748,-13.7570,1.8011,0.3363,0.3132,-0.0389
0.0000,-19.6966,-3.4105,-0.3995,-0.0534,0.3400
1.6478,-19.2368,-4.3685,-0.2987,0.0134,0.6071
3.4871,-10.8830,-4.1769,0.6326,0.3812,0.4784
4.0620,-5.4032,-3.5638,0.6593,1.1899,0.1676
1.3795,-8.3921,-0.9197,-0.1044,1.3016,0.0631
-1.6095,-11.2662,0.3449,-0.5840,0.9907,0.1372
-3.3339,-11.4578,-0.0383,-0.5014,0.6484,0.0049
-2.8357,-9.3885,-0.3066,-0.2902,0.2744,-0.2453
-0.9963,-5.6714,-1.3029,-0.0850,0.0510,-0.3545
-0.6898,-4.2152,-1.4562,-0.2538,-0.0971,-0.3339
-0.1916,-4.2919,-1.4945,-0.5221,-0.3217,-0.2805
0.1150,-5.9396,-1.0730,-0.7418,-0.4614,-0.2793
-0.2299,-6.8977,-0.6131,-0.8317,-0.6156,-0.1627
0.2299,-8.0473,-0.0383,-0.7236,-0.7491,-0.0219
0.9580,-8.3538,0.4598,-0.3545,-0.8280,0.0352
1.6478,-8.3921,0.4982,-0.1566,-0.8790,0.0316
1.7244,-8.0856,0.9580,-0.1360,-0.7904,0.0012
1.5711,-8.3538,1.0730,-0.2113,-0.6253,-0.0219
1.5328,-10.2315,0.6898,-0.4165,-0.4990,-0.0255
1.6861,-13.3355,1.3412,-0.6277,-0.4347,-0.0316
0.9580,-14.9066,3.2572,-0.5197,-0.4747,-0.0801
-0.2299,-13.2588,4.9433,0.0595,-0.7054,-0.0947
0.5748,-10.2698,4.6751,0.4929,-0.8426,0.0328
3.0656,-9.1202,2.9890,0.1676,-0.5731,0.0826
4.2536,-11.1512,-0.3832,-0.4626,-0.2865,-0.0862
4.1769,-14.6384,-4.6751,-1.4388,0.2331,-0.4201
0.8047,-16.8993,-6.1696,-1.4242,0.5403,-0.5306
-2.0310,-12.7990,-5.9396,-0.1360,0.3946,-0.3242
-1.6478,-7.9706,-5.0200,0.3800,0.1068,-0.2113
0.6898,-8.6604,-3.3339,0.0267,-0.0061,-0.2865
1.9543,-11.3045,-2.5675,-0.3776,0.2440,-0.3108
1.6861,-12.4541,-2.1076,-0.2768,0.4759,-0.2793
0.8814,-10.3848,-2.1843,0.0461,0.5488,-0.1870
0.1150,-8.0473,-2.0693,0.0206,0.5439,-0.0728

