-.-.-
0.0000,-8.7370,-1.9160,0.0838,-0.4092,0.0073
0.3449,-8.8520,-2.7207,-0.1105,-0.3521,-0.0085
1.1113,-9.1969,-2.7591,-0.2841,-0.3400,-0.0753
1.8011,-10.1166,-2.8357,-0.3497,-0.2902,-0.1469
1.3795,-10.2315,-2.3759,-0.1336,-0.2489,-0.1688
1.0730,-9.5801,-2.2609,-0.0121,-0.2185,-0.1858
0.4982,-9.2735,-1.9927,-0.0255,-0.2343,-0.1639
0.0383,-9.3885,-1.3029,-0.0267,-0.3897,-0.1724
-0.3066,-9.7334,-0.8430,-0.0546,-0.5585,-0.1870
-0.5365,-9.9633,-1.6095,-0.1323,-0.6811,-0.1833
0.3449,-10.0782,-1.5328,-0.1663,-0.7248,-0.1894
0.8814,-9.7334,-1.2263,-0.0656,-0.7698,-0.1542
1.1113,-9.3502,-0.8814,-0.0121,-0.8062,-0.1238
1.2263,-8.8903,-0.9197,0.0024,-0.8390,-0.0862
1.1496,-8.8137,-1.0346,-0.0219,-0.8523,-0.0486
0.9197,-9.0053,-1.2263,-0.0656,-0.8450,-0.0316
0.8430,-9.1969,-1.0346,-0.1141,-0.8232,-0.0267
0.8814,-9.6950,-0.8047,-0.1384,-0.8220,-0.0146
0.7664,-10.0016,-0.7281,-0.1542,-0.8390,-0.0134
0.9580,-9.5801,-0.6514,-0.0656,-0.8293,0.0097
0.9963,-8.6221,-0.5748,0.0401,-0.8062,0.0376
0.9580,-8.3155,-0.0383,-0.0401,-0.8135,0.0923
0.7281,-8.7370,-0.2299,-0.2355,-0.8499,0.1287
0.8047,-9.2735,-0.5365,-0.3120,-0.8341,0.1615
0.8430,-9.5418,-0.3832,-0.2902,-0.7467,0.1688
1.6478,-10.0399,-0.4598,-0.2368,-0.6605,0.1360
1.4945,-10.2698,-0.7664,-0.1761,-0.4759,0.0510
1.0346,-10.1932,-0.5365,-0.1676,-0.6144,0.0583
0.9963,-9.9633,-0.5365,0.0401,-0.6411,0.1068
0.8430,-9.9633,-0.5365,-0.0571,-0.6702,0.1081
0.8430,-10.3848,-0.4215,-0.1360,-0.7297,0.1153
0.6514,-10.5381,-0.3449,-0.1518,-0.8378,0.1093
0.4598,-11.8027,-1.0730,-0.1809,-0.9045,0.0049
1.0730,-12.0709,-2.2609,-0.2440,-0.7977,-0.2015
0.8814,-11.1512,-0.8430,0.1348,-0.7880,-0.2586
0.3066,-9.9633,-1.0730,0.3327,-0.8317,-0.1724
-0.1533,-10.2315,-1.3029,0.2343,-0.9300,-0.0134
0.7664,-11.2279,-1.9160,0.3108,-0.9677,0.1639
0.7664,-10.9213,-2.3759,0.1566,-0.9980,0.2793
0.9197,-10.5764,-2.1459,0.1287,-1.1959,0.3497
0.8047,-9.8483,-2.2992,0.1591,-1.1449,0.3290
0.3832,-8.4305,-2.4908,0.2198,-1.0308,0.3023
0.0000,-7.6641,-2.7207,0.1311,-0.8973,0.2623
-0.4598,-7.7790,-1.9927,0.1093,-0.8438,0.2307
-0.9580,-8.9286,-2.2226,0.0182,-0.8948,0.2161
-1.3029,-10.0399,-2.0693,-0.0898,-0.9106,0.2222
-1.4562,-10.1166,-2.0693,0.0000,-0.8378,0.2598
-1.3029,-9.9250,-1.9927,-0.0231,-0.8074,0.2695
-0.6131,-10.0016,-1.8394,0.0401,-0.7819,0.2465
0.1150,-9.7717,-1.6095,0.1008,-0.7103,0.2125
0.0000,-9.5034,-1.3795,0.0765,-0.6617,0.2052
-0.3449,-9.3885,-1.4179,0.0716,-0.7285,0.2428
-0.8047,-9.0053,-1.2646,0.0971,-0.7613,0.2768
-0.8814,-8.8903,-1.1879,0.0826,-0.7370,0.2647
-0.5748,-8.8903,-1.3412,0.0401,-0.6617,0.2501
-0.4982,-9.3118,-1.0346,-0.1008,-0.5804,0.2137
-0.4215,-9.4651,-0.8430,-0.1396,-0.5112,0.1736
-0.5365,-9.5034,-0.6131,-0.0401,-0.4504,0.1396
-1.0346,-9.3885,-0.5365,0.0413,-0.4298,0.1214
-1.1496,-9.2352,-0.3449,0.0352,-0.3727,0.0862
-0.9197,-9.1969,-0.0766,-0.0340,-0.3108,0.0461
-0.6514,-9.1586,0.1150,-0.0134,-0.1967,0.0061
-0.5365,-9.0819,0.2682,0.0036,-0.0777,-0.0255
-0.4982,-9.1969,0.4215,0.0425,-0.0049,-0.0522
-0.8814,-9.3885,0.5365,0.1263,0.0559,-0.0923
-1.4179,-9.2735,0.6131,0.1639,0.0279,-0.0971
-1.8011,-9.4651,0.4598,0.1020,-0.0474,-0.1008
-1.8777,-9.5418,0.7281,0.0474,-0.0935,-0.1117
-1.6861,-9.3885,1.0346,0.1020,-0.0971,-0.1275
-1.3412,-9.5418,0.6131,0.1554,-0.0255,-0.1226
-0.9580,-11.0746,-0.1916,0.0012,0.1651,-0.0328
-0.6898,-12.0709,-1.4945,-0.2198,0.2355,0.0971
-0.8430,-11.8793,-0.7664,-0.1251,0.1433,0.2598
-1.2646,-10.3082,-1.4179,-0.0631,-0.1457,0.4359
-0.6131,-9.5034,-1.1496,-0.1372,-0.1627,0.3982
-0.4598,-10.1166,-1.3412,0.0971,0.1421,0.2343
-1.1113,-11.3045,-1.8011,-0.0036,0.2185,0.0231
-1.0730,-11.8410,-2.1459,-0.0595,0.2052,-0.1323
-0.7664,-10.9213,-2.1459,0.0704,0.0704,-0.2076
-0.2682,-9.9633,-1.8777,0.0983,-0.0559,-0.2125
0.6898,-8.7754,-1.8777,0.0255,-0.0741,-0.1906
1.2263,-7.9706,-1.4945,-0.0036,-0.1008,-0.1651
1.3029,-8.0089,-1.2646,0.0085,-0.1445,-0.1263
0.5365,-9.1586,-1.1879,-0.1396,-0.2914,-0.0777
-0.2299,-9.8483,-1.1113,-0.1797,-0.5063,-0.0643
-0.2682,-10.1549,-1.5328,-0.2052,-0.5925,-0.1226
0.0383,-10.3465,-1.5328,-0.1736,-0.5731,-0.2003
0.8047,-9.8100,-1.4179,0.0158,-0.5099,-0.2319
1.4179,-9.4651,-1.1113,0.1129,-0.4383,-0.2295
1.4179,-9.0819,-0.8814,0.1202,-0.3375,-0.1979
1.1496,-9.0436,-0.7664,0.0595,-0.2987,-0.1348
0.8430,-9.1586,-0.5365,-0.0085,-0.2708,-0.0777
0.8430,-9.2735,-0.6898,-0.0437,-0.2477,-0.0474
0.6514,-9.3502,-0.4982,-0.0643,-0.2125,-0.0546
0.4982,-9.4268,-0.5748,-0.1093,-0.2477,-0.0413
0.1150,-9.4651,-0.7664,-0.1591,-0.2975,-0.0291
0.0766,-9.5034,-0.5365,-0.1809,-0.2756,-0.0085
0.3449,-9.4651,-0.4598,-0.1396,-0.2865,0.0219
0.2299,-9.5418,-0.2682,-0.1360,-0.3351,0.0255
0.0000,-9.4651,0.0383,-0.1044,-0.3800,0.0401
-0.0766,-9.2352,0.2682,-0.0947,-0.3897,0.0425
0.0766,-9.2352,0.1533,-0.0631,-0.3752,0.0486
0.4215,-9.3118,0.2299,-0.0704,-0.3970,0.0704
0.4982,-9.2735,0.3066,-0.0643,-0.4213,0.1068
0.5748,-9.3885,0.0766,-0.0692,-0.4322,0.1481
0.6131,-9.3885,-0.0766,-0.0401,-0.4092,0.1809
0.6898,-9.5034,-0.0766,-0.0376,-0.3703,0.1809
0.4982,-9.5418,-0.1150,-0.0996,-0.3302,0.1724
0.0383,-9.4651,-0.3832,-0.1384,-0.3400,0.1651
-0.0383,-9.8100,-0.0383,-0.1251,-0.3946,0.1663
-0.1916,-9.7334,0.1916,-0.1032,-0.3497,0.1408
-0.4598,-9.6950,0.3449,-0.1214,-0.4092,0.1190
-0.3832,-9.8100,0.4598,-0.1530,-0.4929,0.0971
-0.1916,-9.7334,0.7281,-0.1445,-0.5536,0.0838
0.1533,-10.0399,0.9197,-0.1226,-0.6253,0.0486
0.4215,-10.4231,0.1533,-0.2331,-0.6314,-0.0498
1.1496,-11.2279,-0.3832,-0.2525,-0.5974,-0.1469
1.1113,-11.1129,0.1150,-0.0935,-0.5354,-0.2222
0.7281,-10.9979,0.0766,0.0595,-0.5682,-0.2428
-0.2299,-11.2662,-0.5365,0.0522,-0.6569,-0.1251
0.4215,-11.9559,-1.3795,0.0959,-0.5634,-0.0886
0.2299,-11.9176,-1.4179,0.0996,-0.3193,-0.1506
0.1533,-10.8063,-1.1496,0.1845,-0.3922,-0.0898
0.2682,-9.3885,-1.1496,0.2028,-0.5779,0.0607
0.0383,-8.0089,-1.4945,0.1311,-0.8195,0.1943
0.1533,-7.8557,-1.7244,0.0449,-0.8912,0.2392
0.3066,-7.6257,-1.9160,0.0559,-0.8778,0.2307
0.2682,-8.2005,-1.4945,-0.0158,-0.8426,0.2137

