-.-.-
-1.7627,-4.1386,-3.7937,0.1384,-0.5585,-0.2963
-1.0730,-4.2919,-3.1423,0.0425,-0.6921,-0.5342
-0.6131,-5.2499,-2.8740,0.3412,-0.7892,-0.7151
-0.2682,-5.9780,-2.9890,0.6156,-0.8718,-0.7443
-0.1916,-6.0546,-3.2955,0.5913,-0.8875,-0.6532
0.1916,-6.0546,-2.7591,0.3035,-0.9397,-0.5634
1.3795,-6.7827,-2.4525,0.2052,-1.0272,-0.3982
2.6441,-8.4305,-2.8357,-0.0073,-0.8244,-0.2538
3.0656,-10.4614,-3.9853,-0.6314,-0.6496,-0.2283
3.0273,-11.1895,-4.3685,-1.2311,-0.5330,-0.2125
2.9123,-12.3775,-3.5255,-0.9227,-0.2003,-0.2028
2.5675,-13.6804,-2.9507,0.0474,-0.0206,-0.2550
1.8777,-12.6074,-2.2609,0.8560,0.2003,-0.3047
2.1459,-10.6530,-3.6021,1.0357,0.3375,-0.2623
0.9963,-9.6950,-5.3265,0.1578,0.5087,-0.1943
1.1879,-10.3848,-7.0509,-0.8414,0.4990,-0.0049
0.8814,-11.3045,-8.3155,-1.2190,0.4650,0.0680
0.7664,-10.0782,-7.2042,-0.4383,0.4031,0.0559
0.0000,-8.1239,-6.9743,0.6629,0.4517,-0.1445
-1.6478,-7.2809,-6.6294,0.7394,0.4480,-0.2538
-2.0310,-8.5071,-5.9396,0.2088,0.4529,-0.1384
-1.4562,-10.2315,-4.7134,-0.0619,0.2963,0.0534
-0.4215,-10.3082,-4.9050,-0.0036,0.2064,0.3157
0.4982,-9.4651,-5.3265,-0.1506,0.1858,0.5391
0.6514,-8.7754,-4.7900,-0.3217,-0.0073,0.6787
0.6131,-8.4688,-4.1769,0.0304,-0.1056,0.7346
-0.1533,-7.4725,-3.9853,0.6241,-0.0389,0.7552
-0.8814,-6.9360,-4.0236,0.8390,0.0194,0.7321
-1.3412,-7.1659,-3.8320,0.4080,0.0206,0.6738
-1.2646,-7.6641,-2.4525,-0.0959,0.1214,0.5755
-0.8430,-8.1239,-2.3759,-0.0704,0.1724,0.5136
-0.7281,-8.1239,-2.5291,-0.1287,0.1724,0.4225
-0.6131,-8.3921,-2.4908,-0.2185,0.2113,0.2853
-0.4215,-9.1586,-1.8777,-0.0279,0.2938,0.1178
-0.3066,-9.3502,-1.6478,0.2647,0.3727,-0.0267
-0.3449,-8.5454,-3.0656,0.2853,0.4104,-0.1530
-1.6095,-7.7790,-3.8704,-0.0559,0.2562,-0.2404
-2.0310,-8.6604,-3.2572,-0.4347,0.1093,-0.1493
-1.7627,-10.6530,-2.5675,-0.5269,0.0826,0.0000
-1.5328,-11.5344,-2.9507,-0.5160,0.0073,0.0947
-0.3066,-11.5727,-2.8357,-0.3472,-0.0401,0.1493
0.9580,-11.4961,-1.9160,0.0656,0.0813,0.1433
0.3832,-10.8830,-2.7207,0.3448,0.1202,0.1202
0.9580,-10.6914,-4.2536,-0.1311,0.2246,0.1663
-0.9197,-12.1859,-4.7134,-0.5876,0.3764,0.2950
-1.9543,-12.6074,-5.7097,-0.3873,0.2416,0.3970
-1.8011,-11.5344,-6.7444,0.1178,0.0923,0.3995
-2.2992,-8.8137,-9.5418,0.4067,0.0571,0.3084
-1.7244,-7.9323,-6.8977,0.4237,0.1554,0.3193
0.3066,-8.3538,-5.9780,0.5172,0.4152,0.3472
1.9160,-8.1622,-4.9433,0.5986,0.5427,0.2028
1.2646,-7.9706,-5.6331,0.2623,0.3946,-0.0376
-0.0383,-8.7370,-5.2116,-0.2732,0.2003,-0.2501
-1.2263,-9.9250,-4.6751,-0.5488,0.1603,-0.3424
-1.8394,-10.1549,-4.4452,-0.3545,0.2173,-0.4201
-1.0346,-9.1969,-4.5601,0.1336,0.2088,-0.5099
-0.1916,-7.8940,-4.2152,0.3825,0.2453,-0.6010
0.5365,-7.2809,-4.0236,0.3096,0.3703,-0.6471
1.1879,-7.0509,-3.3722,0.1518,0.4165,-0.6083
1.1879,-7.3958,-3.3722,0.0134,0.2635,-0.5403
0.9580,-7.7407,-3.7554,-0.1712,0.0474,-0.4432
0.1916,-8.2389,-3.2189,-0.3363,-0.0607,-0.3509
0.2299,-8.2389,-3.4105,-0.5027,-0.0959,-0.2355
0.1533,-8.5838,-2.4142,-0.4007,-0.0716,-0.1117
0.1916,-9.0819,-2.1459,-0.0461,-0.1299,-0.0680
0.2682,-9.5418,-1.8394,0.1930,-0.2671,-0.0376
0.2299,-9.5801,-2.4142,0.2355,-0.3278,0.0401
0.3066,-9.3118,-3.0273,0.0510,-0.3230,0.1214
0.8430,-9.2735,-3.2189,-0.3023,-0.4067,0.0886
1.3029,-9.7717,-2.7974,-0.4905,-0.3752,-0.0219
1.7627,-10.7680,-2.6441,-0.5160,-0.2076,-0.2331
1.8777,-11.5344,-1.9927,-0.3667,-0.1615,-0.4310
1.1879,-11.3428,-1.4945,-0.0437,-0.2222,-0.5379
0.2682,-10.7297,-2.3759,0.1761,-0.2780,-0.5063
-1.1496,-9.9633,-4.6368,-0.3400,-0.3861,-0.3752
1.1113,-10.6914,-6.2845,-1.0915,-0.2513,-0.1506
1.9543,-11.6111,-7.7024,-1.5055,-0.1068,-0.1117
3.6404,-12.5307,-8.5454,-1.3258,0.0182,-0.2598
2.7207,-11.2662,-8.6987,-0.3752,0.3023,-0.4638
-0.1150,-9.1202,-7.1659,0.7236,0.1566,-0.5913
-2.7207,-7.2425,-5.7864,1.3659,0.0668,-0.4589
-4.2152,-6.7827,-4.8667,1.2020,-0.0947,-0.0777
-2.6058,-7.6257,-4.6751,0.5233,-0.4043,0.3266
-0.9580,-8.2389,-4.5601,-0.0486,-0.3897,0.5184
0.4982,-8.3538,-5.0583,-0.4954,-0.3812,0.5658
1.8394,-8.5454,-5.5181,-0.9155,-0.4128,0.4808
1.7244,-9.1586,-4.9816,-0.8123,-0.2635,0.3934
0.7281,-9.4651,-4.4835,-0.0510,-0.0680,0.3703
0.1916,-9.2352,-4.3685,0.6204,0.0243,0.4395
-0.4598,-8.3155,-4.3302,0.7637,0.0510,0.5051
-0.9197,-7.7024,-3.6404,0.5670,0.0607,0.5403
-1.0730,-7.6257,-2.9890,0.3448,0.1506,0.5488
-1.0346,-7.4341,-2.9123,0.2404,0.2732,0.5124
-0.6514,-7.3192,-2.8357,-0.0680,0.3570,0.4055
-0.4598,-7.4341,-2.6058,-0.2270,0.3946,0.2028
-0.0766,-7.7790,-2.2226,-0.1457,0.4589,0.0061
0.1533,-8.2772,-2.4142,-0.0571,0.6131,-0.1433
-0.1150,-8.8520,-2.7591,-0.0959,0.6775,-0.2878
-0.9963,-9.5034,-4.0620,-0.2538,0.5536,-0.3400
-1.6861,-9.7717,-3.9470,-0.4189,0.4553,-0.2525
-2.1459,-10.7297,-3.3722,-0.3752,0.3035,-0.0668
-2.0310,-11.4961,-3.2189,-0.3412,0.1093,0.1797
-0.6898,-11.7643,-2.8740,-0.1481,0.0255,0.3812
0.6898,-11.7643,-1.4945,0.3072,0.0947,0.4007
0.7281,-11.1512,-1.3029,0.7637,0.2137,0.3072
0.3832,-10.1166,-3.4871,0.4808,0.2513,0.2295
-0.7281,-10.9596,-4.1769,-0.4298,0.2793,0.2890
-1.1879,-12.0709,-5.1349,-0.7855,0.2938,0.4165
-1.0730,-12.1475,-6.0163,-0.4662,0.1761,0.4007
-1.8011,-10.1932,-7.8173,0.1833,0.0134,0.2720
-1.5711,-8.0856,-8.3538,0.3970,0.0364,0.2295
-0.4982,-8.2389,-6.8977,0.3072,0.2319,0.2598
1.2263,-8.9670,-4.9433,0.3740,0.4213,0.2319
1.5328,-8.3155,-5.2116,0.4614,0.3885,0.0486
0.4598,-8.1239,-5.3265,0.1056,0.2368,-0.2003
-0.6131,-9.1202,-4.8284,-0.3825,0.0911,-0.3570
-1.7244,-9.6567,-4.4452,-0.5488,0.0728,-0.4602
-1.6095,-9.4268,-4.5601,-0.1930,0.0522,-0.5464
-0.5365,-8.4688,-4.2919,0.3582,0.0498,-0.6241
0.1916,-7.4725,-4.2919,0.5682,0.1008,-0.6908
0.9580,-7.2042,-3.7554,0.3424,0.1360,-0.6884
1.1496,-7.5108,-3.3339,0.1105,0.0826,-0.6301
1.1113,-8.0473,-3.3339,0.0134,-0.0559,-0.5379
1.2646,-8.2772,-3.4105,-0.0097,-0.1457,-0.4492
0.8430,-8.3921,-3.6404,-0.1991,-0.1821,-0.3764
0.5748,-8.9670,-3.1039,-0.3023,-0.2270,-0.2902
0.4215,-9.4268,-2.3759,-0.0194,-0.1833,-0.2125
0.4215,-9.2735,-2.2226,0.4165,-0.2586,-0.1566

